  0.66201964E-001
  0.66198771E-001
  0.66170102E-001
  0.66139973E-001
  0.66112663E-001
  0.66088833E-001
  0.66068301E-001
  0.66050694E-001
  0.66035623E-001
  0.66022725E-001
  0.66011687E-001
  0.66002239E-001
  0.65994149E-001
  0.65987220E-001
  0.65981283E-001
  0.65976195E-001
  0.65971835E-001
  0.65968100E-001
  0.65964899E-001
  0.65962159E-001
  0.65959815E-001
  0.65957813E-001
  0.65956105E-001
  0.65954653E-001
  0.65953422E-001
  0.65952382E-001
  0.65951509E-001
  0.65950781E-001
  0.65950179E-001
  0.65949689E-001
  0.65949295E-001
  0.65948987E-001
  0.65948755E-001
  0.65948589E-001
  0.65948483E-001
  0.65948431E-001
  0.65948426E-001
  0.65948466E-001
  0.65948546E-001
  0.65948663E-001
  0.65948814E-001
  0.65948998E-001
  0.65949212E-001
  0.65949456E-001
  0.65949728E-001
  0.65950028E-001
  0.65950356E-001
  0.65950711E-001
  0.65951093E-001
  0.65951502E-001
  0.65951940E-001
  0.65952406E-001
  0.65952901E-001
  0.65953426E-001
  0.65953982E-001
  0.65954569E-001
  0.65955189E-001
  0.65955841E-001
  0.65956527E-001
  0.65957247E-001
  0.65958000E-001
  0.65958789E-001
  0.65959611E-001
  0.65960467E-001
  0.65961357E-001
  0.65962280E-001
  0.65963235E-001
  0.65964222E-001
  0.65965239E-001
  0.65966285E-001
  0.65967358E-001
  0.65968458E-001
  0.65969583E-001
  0.65970730E-001
  0.65971899E-001
  0.65973086E-001
  0.65974291E-001
  0.65975512E-001
  0.65976746E-001
  0.65977991E-001
  0.65979246E-001
  0.65980509E-001
  0.65981777E-001
  0.65983050E-001
  0.65984326E-001
  0.65985602E-001
  0.65986878E-001
  0.65988152E-001
  0.65989423E-001
  0.65990690E-001
  0.65991952E-001
  0.65993207E-001
  0.65994457E-001
  0.65995698E-001
  0.65996932E-001
  0.65998158E-001
  0.65999376E-001
  0.66000584E-001
  0.66001784E-001
  0.66002976E-001
  0.66004159E-001
  0.66005333E-001
  0.66006500E-001
  0.66007658E-001
  0.66008809E-001
  0.66009953E-001
  0.66011090E-001
  0.66012222E-001
  0.66013347E-001
  0.66014468E-001
  0.66015584E-001
  0.66016696E-001
  0.66017805E-001
  0.66018910E-001
  0.66020014E-001
  0.66021116E-001
  0.66022217E-001
  0.66023317E-001
  0.66024417E-001
  0.66025517E-001
  0.66026618E-001
  0.66027721E-001
  0.66028826E-001
  0.66029933E-001
  0.66031043E-001
  0.66032156E-001
  0.66033272E-001
  0.66034392E-001
  0.66035516E-001
  0.66036644E-001
  0.66037777E-001
  0.66038914E-001
  0.66040057E-001
  0.66041204E-001
  0.66042357E-001
  0.66043514E-001
  0.66044677E-001
  0.66045844E-001
  0.66047017E-001
  0.66048194E-001
  0.66049376E-001
  0.66050563E-001
  0.66051754E-001
  0.66052949E-001
  0.66054148E-001
  0.66055350E-001
  0.66056556E-001
  0.66057764E-001
  0.66058975E-001
  0.66060187E-001
  0.66061401E-001
  0.66062615E-001
  0.66063830E-001
  0.66065045E-001
  0.66066259E-001
  0.66067472E-001
  0.66068683E-001
  0.66069892E-001
  0.66071097E-001
  0.66072299E-001
  0.66073496E-001
  0.66074689E-001
  0.66075876E-001
  0.66077056E-001
  0.66078230E-001
  0.66079397E-001
  0.66080556E-001
  0.66081706E-001
  0.66082846E-001
  0.66083977E-001
  0.66085098E-001
  0.66086208E-001
  0.66087306E-001
  0.66088393E-001
  0.66089467E-001
  0.66090529E-001
  0.66091577E-001
  0.66092612E-001
  0.66093632E-001
  0.66094638E-001
  0.66095629E-001
  0.66096605E-001
  0.66097566E-001
  0.66098511E-001
  0.66099441E-001
  0.66100354E-001
  0.66101251E-001
  0.66102131E-001
  0.66102995E-001
  0.66103842E-001
  0.66104672E-001
  0.66105485E-001
  0.66106281E-001
  0.66107061E-001
  0.66107823E-001
  0.66108568E-001
  0.66109297E-001
  0.66110008E-001
  0.66110703E-001
  0.66111385E-001
