  0.64611636E+000  0.10272705E+000  0.15575716E+000  0.77939574E+000
  0.64349405E+000  0.10470437E+000  0.15550800E+000  0.77865583E+000
  0.64274394E+000  0.10463124E+000  0.15560779E+000  0.77809561E+000
  0.63969754E+000  0.10628414E+000  0.15633840E+000  0.77774642E+000
  0.63895988E+000  0.10631253E+000  0.15602871E+000  0.77797703E+000
  0.63822720E+000  0.10548836E+000  0.15717598E+000  0.77778485E+000
  0.63615616E+000  0.10728082E+000  0.15701957E+000  0.77777390E+000
  0.63514047E+000  0.10744490E+000  0.15760565E+000  0.77772340E+000
  0.63399498E+000  0.10842429E+000  0.15758218E+000  0.77770492E+000
  0.63276258E+000  0.10812958E+000  0.15897378E+000  0.77772190E+000
  0.63140703E+000  0.10941544E+000  0.15898069E+000  0.77774006E+000
  0.62936728E+000  0.11141845E+000  0.15907903E+000  0.77769464E+000
  0.62918168E+000  0.11160011E+000  0.15908547E+000  0.77775812E+000
  0.62910724E+000  0.11168011E+000  0.15910691E+000  0.77783767E+000
  0.62898835E+000  0.11182684E+000  0.15912775E+000  0.77792839E+000
  0.62902895E+000  0.11184698E+000  0.15953951E+000  0.77762168E+000
  0.62909681E+000  0.11183626E+000  0.15964483E+000  0.77764601E+000
  0.62917579E+000  0.11184075E+000  0.15973337E+000  0.77767724E+000
  0.62926354E+000  0.11184957E+000  0.15975572E+000  0.77777425E+000
  0.62804274E+000  0.11316910E+000  0.15982777E+000  0.77782888E+000
  0.62814304E+000  0.11317935E+000  0.15985295E+000  0.77792534E+000
  0.62824756E+000  0.11319014E+000  0.15987886E+000  0.77802085E+000
  0.62835514E+000  0.11277423E+000  0.16036540E+000  0.77808196E+000
  0.62846480E+000  0.11278567E+000  0.16039243E+000  0.77817409E+000
  0.62857559E+000  0.11279743E+000  0.16041961E+000  0.77826415E+000
  0.62868673E+000  0.11280934E+000  0.16047426E+000  0.77832450E+000
  0.62879727E+000  0.11282175E+000  0.16050127E+000  0.77840982E+000
  0.62890708E+000  0.11283326E+000  0.16052877E+000  0.77849250E+000
  0.62901533E+000  0.11284562E+000  0.16055513E+000  0.77857243E+000
  0.62912133E+000  0.11285818E+000  0.16058102E+000  0.77864949E+000
  0.62922494E+000  0.11287048E+000  0.16060647E+000  0.77872358E+000
  0.62932557E+000  0.11288283E+000  0.16063120E+000  0.77879462E+000
  0.62942283E+000  0.11289509E+000  0.16067903E+000  0.77883875E+000
  0.62951640E+000  0.11290722E+000  0.16070230E+000  0.77890350E+000
  0.62960596E+000  0.11291918E+000  0.16072470E+000  0.77896507E+000
  0.62969128E+000  0.11293091E+000  0.16074484E+000  0.77902475E+000
  0.62977213E+000  0.11294238E+000  0.16076545E+000  0.77907975E+000
  0.62984835E+000  0.11295353E+000  0.16078508E+000  0.77913145E+000
  0.62991982E+000  0.11296433E+000  0.16080368E+000  0.77917986E+000
  0.62998647E+000  0.11297473E+000  0.16082123E+000  0.77922499E+000
  0.63004826E+000  0.11298467E+000  0.16083769E+000  0.77926687E+000
  0.63010523E+000  0.11299413E+000  0.16085305E+000  0.77930556E+000
  0.63015745E+000  0.11300307E+000  0.16086732E+000  0.77934111E+000
  0.63020502E+000  0.11301145E+000  0.16088048E+000  0.77937361E+000
  0.63024810E+000  0.11301926E+000  0.16089257E+000  0.77940315E+000
  0.63028690E+000  0.11302647E+000  0.16090360E+000  0.77942987E+000
  0.63032163E+000  0.11303309E+000  0.16091362E+000  0.77945389E+000
  0.63035256E+000  0.11303910E+000  0.16092266E+000  0.77947536E+000
  0.63037996E+000  0.11304452E+000  0.16093077E+000  0.77949446E+000
  0.63040413E+000  0.11304936E+000  0.16093803E+000  0.77951134E+000
  0.63042537E+000  0.11305365E+000  0.16094449E+000  0.77952620E+000
  0.63044398E+000  0.11305742E+000  0.16095023E+000  0.77953923E+000
  0.63046026E+000  0.11306071E+000  0.16095531E+000  0.77955060E+000
  0.63047449E+000  0.11306354E+000  0.16095980E+000  0.77956051E+000
  0.63048694E+000  0.11306597E+000  0.16096377E+000  0.77956912E+000
  0.63049786E+000  0.11306804E+000  0.16096729E+000  0.77957661E+000
  0.63050747E+000  0.11306979E+000  0.16097042E+000  0.77958313E+000
  0.63051597E+000  0.11307126E+000  0.16097320E+000  0.77958881E+000
  0.63052353E+000  0.11307248E+000  0.16097570E+000  0.77959379E+000
  0.63053028E+000  0.11307350E+000  0.16097795E+000  0.77959816E+000
  0.63053636E+000  0.11307434E+000  0.16097999E+000  0.77960202E+000
  0.63054185E+000  0.11307503E+000  0.16098185E+000  0.77960545E+000
  0.63054683E+000  0.11307559E+000  0.16098355E+000  0.77960849E+000
  0.63055137E+000  0.11307605E+000  0.16098512E+000  0.77961121E+000
  0.63055550E+000  0.11307642E+000  0.16098656E+000  0.77961364E+000
  0.63055926E+000  0.11307671E+000  0.16098790E+000  0.77961581E+000
  0.63056267E+000  0.11307693E+000  0.16098913E+000  0.77961774E+000
  0.63056575E+000  0.11307709E+000  0.16099027E+000  0.77961944E+000
  0.63056850E+000  0.11307720E+000  0.16099131E+000  0.77962092E+000
  0.63057092E+000  0.11307726E+000  0.16099226E+000  0.77962220E+000
  0.63057303E+000  0.11307727E+000  0.16099313E+000  0.77962327E+000
  0.63057482E+000  0.11307724E+000  0.16099390E+000  0.77962414E+000
  0.63057630E+000  0.11307717E+000  0.16099459E+000  0.77962481E+000
  0.63057747E+000  0.11307706E+000  0.16099519E+000  0.77962529E+000
  0.63057834E+000  0.11307691E+000  0.16099571E+000  0.77962559E+000
  0.63057890E+000  0.11307673E+000  0.16099615E+000  0.77962570E+000
  0.63057916E+000  0.11307652E+000  0.16099651E+000  0.77962564E+000
  0.63057914E+000  0.11307628E+000  0.16099678E+000  0.77962541E+000
  0.63057884E+000  0.11307601E+000  0.16099698E+000  0.77962502E+000
  0.63057828E+000  0.11307571E+000  0.16099711E+000  0.77962448E+000
  0.63057745E+000  0.11307539E+000  0.16099718E+000  0.77962380E+000
  0.63057639E+000  0.11307504E+000  0.16099718E+000  0.77962300E+000
  0.63057510E+000  0.11307468E+000  0.16099712E+000  0.77962207E+000
  0.63057359E+000  0.11307429E+000  0.16099700E+000  0.77962104E+000
  0.63057188E+000  0.11307389E+000  0.16099684E+000  0.77961991E+000
  0.63056999E+000  0.11307348E+000  0.16099664E+000  0.77961869E+000
  0.63056793E+000  0.11307305E+000  0.16099640E+000  0.77961740E+000
  0.63056572E+000  0.11307261E+000  0.16099612E+000  0.77961605E+000
  0.63056337E+000  0.11307217E+000  0.16099582E+000  0.77961464E+000
  0.63056090E+000  0.11307171E+000  0.16099549E+000  0.77961319E+000
  0.63055832E+000  0.11307125E+000  0.16099515E+000  0.77961170E+000
  0.63055564E+000  0.11307079E+000  0.16099479E+000  0.77961019E+000
  0.63055288E+000  0.11307033E+000  0.16099443E+000  0.77960865E+000
  0.63055005E+000  0.11306986E+000  0.16099406E+000  0.77960710E+000
  0.63054717E+000  0.11306940E+000  0.16099369E+000  0.77960555E+000
  0.63054424E+000  0.11306894E+000  0.16099332E+000  0.77960399E+000
  0.63054127E+000  0.11306848E+000  0.16099295E+000  0.77960244E+000
  0.63053828E+000  0.11306803E+000  0.16099259E+000  0.77960089E+000
  0.63053528E+000  0.11306758E+000  0.16099224E+000  0.77959935E+000
  0.63053226E+000  0.11306713E+000  0.16099190E+000  0.77959783E+000
  0.63052925E+000  0.11306670E+000  0.16099156E+000  0.77959632E+000
  0.63052625E+000  0.11306627E+000  0.16099125E+000  0.77959484E+000
  0.63052326E+000  0.11306585E+000  0.16099094E+000  0.77959337E+000
  0.63052029E+000  0.11306544E+000  0.16099065E+000  0.77959193E+000
  0.63051735E+000  0.11306503E+000  0.16099037E+000  0.77959051E+000
  0.63051443E+000  0.11306464E+000  0.16099010E+000  0.77958912E+000
  0.63051156E+000  0.11306425E+000  0.16098985E+000  0.77958775E+000
  0.63050872E+000  0.11306388E+000  0.16098961E+000  0.77958641E+000
  0.63050593E+000  0.11306351E+000  0.16098939E+000  0.77958509E+000
  0.63050318E+000  0.11306316E+000  0.16098917E+000  0.77958380E+000
  0.63050048E+000  0.11306281E+000  0.16098896E+000  0.77958254E+000
  0.63049784E+000  0.11306248E+000  0.16098877E+000  0.77958130E+000
  0.63049524E+000  0.11306215E+000  0.16098858E+000  0.77958009E+000
  0.63049271E+000  0.11306183E+000  0.16098841E+000  0.77957891E+000
  0.63049022E+000  0.11306152E+000  0.16098824E+000  0.77957776E+000
  0.63048780E+000  0.11306122E+000  0.16098808E+000  0.77957663E+000
  0.63048543E+000  0.11306092E+000  0.16098792E+000  0.77957552E+000
  0.63048313E+000  0.11306064E+000  0.16098778E+000  0.77957444E+000
  0.63048088E+000  0.11306036E+000  0.16098763E+000  0.77957339E+000
  0.63047870E+000  0.11306008E+000  0.16098749E+000  0.77957236E+000
  0.63047657E+000  0.11305982E+000  0.16098736E+000  0.77957136E+000
  0.63047451E+000  0.11305956E+000  0.16098723E+000  0.77957038E+000
  0.63047251E+000  0.11305930E+000  0.16098710E+000  0.77956942E+000
  0.63047056E+000  0.11305905E+000  0.16098697E+000  0.77956849E+000
  0.63046868E+000  0.11305881E+000  0.16098685E+000  0.77956758E+000
  0.63046685E+000  0.11305857E+000  0.16098673E+000  0.77956670E+000
  0.63046509E+000  0.11305834E+000  0.16098661E+000  0.77956584E+000
  0.63046338E+000  0.11305811E+000  0.16098650E+000  0.77956500E+000
  0.63046172E+000  0.11305789E+000  0.16098638E+000  0.77956418E+000
  0.63046013E+000  0.11305767E+000  0.16098627E+000  0.77956338E+000
  0.63045858E+000  0.11305745E+000  0.16098615E+000  0.77956261E+000
  0.63045709E+000  0.11305724E+000  0.16098604E+000  0.77956185E+000
  0.63045566E+000  0.11305703E+000  0.16098593E+000  0.77956112E+000
  0.63045427E+000  0.11305683E+000  0.16098582E+000  0.77956041E+000
  0.63045293E+000  0.11305663E+000  0.16098571E+000  0.77955972E+000
  0.63045164E+000  0.11305643E+000  0.16098560E+000  0.77955904E+000
  0.63045040E+000  0.11305624E+000  0.16098549E+000  0.77955839E+000
  0.63044920E+000  0.11305605E+000  0.16098538E+000  0.77955776E+000
  0.63044805E+000  0.11305587E+000  0.16098527E+000  0.77955715E+000
  0.63044693E+000  0.11305569E+000  0.16098516E+000  0.77955655E+000
  0.63044586E+000  0.11305551E+000  0.16098506E+000  0.77955597E+000
  0.63044483E+000  0.11305534E+000  0.16098495E+000  0.77955542E+000
  0.63044384E+000  0.11305518E+000  0.16098484E+000  0.77955488E+000
  0.63044289E+000  0.11305501E+000  0.16098474E+000  0.77955435E+000
  0.63044197E+000  0.11305485E+000  0.16098464E+000  0.77955385E+000
  0.63044108E+000  0.11305470E+000  0.16098453E+000  0.77955336E+000
  0.63044023E+000  0.11305455E+000  0.16098443E+000  0.77955289E+000
  0.63043941E+000  0.11305440E+000  0.16098433E+000  0.77955244E+000
  0.63043862E+000  0.11305426E+000  0.16098423E+000  0.77955200E+000
  0.63043786E+000  0.11305412E+000  0.16098413E+000  0.77955157E+000
  0.63043712E+000  0.11305398E+000  0.16098404E+000  0.77955116E+000
  0.63043642E+000  0.11305385E+000  0.16098394E+000  0.77955077E+000
  0.63043574E+000  0.11305372E+000  0.16098384E+000  0.77955039E+000
  0.63043509E+000  0.11305360E+000  0.16098375E+000  0.77955003E+000
  0.63043446E+000  0.11305347E+000  0.16098366E+000  0.77954968E+000
  0.63043385E+000  0.11305336E+000  0.16098356E+000  0.77954934E+000
  0.63043327E+000  0.11305324E+000  0.16098347E+000  0.77954902E+000
  0.63043270E+000  0.11305313E+000  0.16098339E+000  0.77954871E+000
  0.63043216E+000  0.11305302E+000  0.16098330E+000  0.77954841E+000
  0.63043164E+000  0.11305292E+000  0.16098321E+000  0.77954813E+000
  0.63043114E+000  0.11305282E+000  0.16098313E+000  0.77954786E+000
  0.63043065E+000  0.11305272E+000  0.16098304E+000  0.77954759E+000
  0.63043019E+000  0.11305263E+000  0.16098296E+000  0.77954734E+000
  0.63042974E+000  0.11305253E+000  0.16098288E+000  0.77954711E+000
  0.63042930E+000  0.11305244E+000  0.16098280E+000  0.77954688E+000
  0.63042889E+000  0.11305236E+000  0.16098272E+000  0.77954666E+000
  0.63042849E+000  0.11305227E+000  0.16098265E+000  0.77954645E+000
  0.63042810E+000  0.11305219E+000  0.16098257E+000  0.77954626E+000
  0.63042773E+000  0.11305211E+000  0.16098250E+000  0.77954607E+000
  0.63042738E+000  0.11305204E+000  0.16098242E+000  0.77954589E+000
  0.63042703E+000  0.11305196E+000  0.16098235E+000  0.77954572E+000
  0.63042671E+000  0.11305189E+000  0.16098228E+000  0.77954556E+000
  0.63042639E+000  0.11305182E+000  0.16098222E+000  0.77954541E+000
  0.63042609E+000  0.11305175E+000  0.16098215E+000  0.77954526E+000
  0.63042580E+000  0.11305169E+000  0.16098209E+000  0.77954513E+000
  0.63042552E+000  0.11305162E+000  0.16098202E+000  0.77954500E+000
  0.63042525E+000  0.11305156E+000  0.16098196E+000  0.77954488E+000
  0.63042499E+000  0.11305150E+000  0.16098190E+000  0.77954476E+000
  0.63042475E+000  0.11305145E+000  0.16098184E+000  0.77954465E+000
  0.63042451E+000  0.11305139E+000  0.16098178E+000  0.77954455E+000
  0.63042429E+000  0.11305134E+000  0.16098173E+000  0.77954446E+000
  0.63042408E+000  0.11305128E+000  0.16098167E+000  0.77954437E+000
  0.63042387E+000  0.11305123E+000  0.16098162E+000  0.77954429E+000
  0.63042368E+000  0.11305118E+000  0.16098156E+000  0.77954422E+000
  0.63042350E+000  0.11305114E+000  0.16098151E+000  0.77954415E+000
  0.63042332E+000  0.11305109E+000  0.16098146E+000  0.77954408E+000
  0.63042316E+000  0.11305104E+000  0.16098142E+000  0.77954402E+000
  0.63042300E+000  0.11305100E+000  0.16098137E+000  0.77954397E+000
  0.63042285E+000  0.11305096E+000  0.16098132E+000  0.77954392E+000
  0.63042271E+000  0.11305092E+000  0.16098128E+000  0.77954387E+000
  0.63042257E+000  0.11305088E+000  0.16098124E+000  0.77954384E+000
  0.63042245E+000  0.11305084E+000  0.16098119E+000  0.77954380E+000
  0.63042233E+000  0.11305080E+000  0.16098115E+000  0.77954377E+000
  0.63042222E+000  0.11305077E+000  0.16098111E+000  0.77954374E+000
  0.63042212E+000  0.11305073E+000  0.16098108E+000  0.77954372E+000
  0.63042202E+000  0.11305070E+000  0.16098104E+000  0.77954370E+000
  0.63042194E+000  0.11305067E+000  0.16098100E+000  0.77954369E+000
  0.63042186E+000  0.11305064E+000  0.16098097E+000  0.77954368E+000
  0.63042179E+000  0.11305061E+000  0.16098094E+000  0.77954367E+000
  0.63042172E+000  0.11305058E+000  0.16098091E+000  0.77954364E+000
