 -0.16986735E-001
 -0.17006296E-001
 -0.17020502E-001
 -0.17030505E-001
 -0.17037226E-001
 -0.17041406E-001
 -0.17043633E-001
 -0.17044379E-001
 -0.17044023E-001
 -0.17042860E-001
 -0.17041127E-001
 -0.17039005E-001
 -0.17036638E-001
 -0.17034133E-001
 -0.17031574E-001
 -0.17029022E-001
 -0.17026521E-001
 -0.17024105E-001
 -0.17021795E-001
 -0.17019605E-001
 -0.17017543E-001
 -0.17015614E-001
 -0.17013816E-001
 -0.17012147E-001
 -0.17010603E-001
 -0.17009178E-001
 -0.17007865E-001
 -0.17006657E-001
 -0.17005546E-001
 -0.17004526E-001
 -0.17003589E-001
 -0.17002727E-001
 -0.17001935E-001
 -0.17001205E-001
 -0.17000532E-001
 -0.16999911E-001
 -0.16999336E-001
 -0.16998804E-001
 -0.16998311E-001
 -0.16997853E-001
 -0.16997427E-001
 -0.16997031E-001
 -0.16996662E-001
 -0.16996318E-001
 -0.16995998E-001
 -0.16995700E-001
 -0.16995421E-001
 -0.16995162E-001
 -0.16994921E-001
 -0.16994695E-001
 -0.16994485E-001
 -0.16994288E-001
 -0.16994104E-001
 -0.16993931E-001
 -0.16993767E-001
 -0.16993613E-001
 -0.16993466E-001
 -0.16993327E-001
 -0.16993193E-001
 -0.16993064E-001
 -0.16992939E-001
 -0.16992818E-001
 -0.16992700E-001
 -0.16992585E-001
 -0.16992473E-001
 -0.16992362E-001
 -0.16992253E-001
 -0.16992147E-001
 -0.16992041E-001
 -0.16991938E-001
 -0.16991836E-001
 -0.16991735E-001
 -0.16991637E-001
 -0.16991539E-001
 -0.16991444E-001
 -0.16991350E-001
 -0.16991257E-001
 -0.16991166E-001
 -0.16991077E-001
 -0.16990989E-001
 -0.16990902E-001
 -0.16990817E-001
 -0.16990733E-001
 -0.16990651E-001
 -0.16990570E-001
 -0.16990490E-001
 -0.16990411E-001
 -0.16990333E-001
 -0.16990256E-001
 -0.16990180E-001
 -0.16990106E-001
 -0.16990032E-001
 -0.16989958E-001
 -0.16989886E-001
 -0.16989815E-001
 -0.16989744E-001
 -0.16989674E-001
 -0.16989605E-001
 -0.16989537E-001
 -0.16989469E-001
 -0.16989402E-001
 -0.16989336E-001
 -0.16989270E-001
 -0.16989206E-001
 -0.16989142E-001
 -0.16989079E-001
 -0.16989017E-001
 -0.16988955E-001
 -0.16988895E-001
 -0.16988835E-001
 -0.16988776E-001
 -0.16988718E-001
 -0.16988661E-001
 -0.16988605E-001
 -0.16988550E-001
 -0.16988495E-001
 -0.16988442E-001
 -0.16988390E-001
 -0.16988339E-001
 -0.16988288E-001
 -0.16988239E-001
 -0.16988191E-001
 -0.16988143E-001
 -0.16988097E-001
 -0.16988052E-001
 -0.16988007E-001
 -0.16987964E-001
 -0.16987922E-001
 -0.16987881E-001
 -0.16987840E-001
 -0.16987801E-001
 -0.16987763E-001
 -0.16987726E-001
 -0.16987689E-001
 -0.16987654E-001
 -0.16987620E-001
 -0.16987586E-001
 -0.16987554E-001
 -0.16987522E-001
 -0.16987491E-001
 -0.16987461E-001
 -0.16987432E-001
 -0.16987404E-001
 -0.16987377E-001
 -0.16987351E-001
 -0.16987325E-001
 -0.16987300E-001
 -0.16987276E-001
 -0.16987253E-001
 -0.16987230E-001
 -0.16987208E-001
 -0.16987187E-001
 -0.16987167E-001
 -0.16987147E-001
 -0.16987128E-001
 -0.16987110E-001
 -0.16987092E-001
 -0.16987075E-001
 -0.16987058E-001
 -0.16987042E-001
 -0.16987027E-001
 -0.16987012E-001
 -0.16986998E-001
 -0.16986984E-001
 -0.16986971E-001
 -0.16986959E-001
 -0.16986947E-001
 -0.16986935E-001
 -0.16986924E-001
 -0.16986913E-001
 -0.16986903E-001
 -0.16986893E-001
 -0.16986884E-001
 -0.16986875E-001
 -0.16986867E-001
 -0.16986859E-001
 -0.16986851E-001
 -0.16986844E-001
 -0.16986837E-001
 -0.16986830E-001
 -0.16986824E-001
 -0.16986818E-001
 -0.16986812E-001
 -0.16986807E-001
 -0.16986802E-001
 -0.16986797E-001
 -0.16986793E-001
 -0.16986789E-001
 -0.16986785E-001
 -0.16986781E-001
 -0.16986778E-001
 -0.16986774E-001
 -0.16986771E-001
 -0.16986768E-001
 -0.16986766E-001
 -0.16986763E-001
 -0.16986761E-001
 -0.16986759E-001
 -0.16986756E-001
 -0.16986755E-001
