  0.12931675E+001
  0.12928460E+001
  0.12926109E+001
  0.12924174E+001
  0.12922550E+001
  0.12921184E+001
  0.12920036E+001
  0.12919073E+001
  0.12918267E+001
  0.12917594E+001
  0.12917033E+001
  0.12916567E+001
  0.12916182E+001
  0.12915864E+001
  0.12915605E+001
  0.12915394E+001
  0.12915224E+001
  0.12915090E+001
  0.12914985E+001
  0.12914905E+001
  0.12914847E+001
  0.12914807E+001
  0.12914782E+001
  0.12914770E+001
  0.12914769E+001
  0.12914777E+001
  0.12914793E+001
  0.12914815E+001
  0.12914843E+001
  0.12914875E+001
  0.12914910E+001
  0.12914949E+001
  0.12914989E+001
  0.12915031E+001
  0.12915074E+001
  0.12915118E+001
  0.12915162E+001
  0.12915207E+001
  0.12915250E+001
  0.12915294E+001
  0.12915336E+001
  0.12915378E+001
  0.12915419E+001
  0.12915458E+001
  0.12915496E+001
  0.12915533E+001
  0.12915569E+001
  0.12915603E+001
  0.12915637E+001
  0.12915669E+001
  0.12915700E+001
  0.12915731E+001
  0.12915761E+001
  0.12915791E+001
  0.12915820E+001
  0.12915850E+001
  0.12915879E+001
  0.12915909E+001
  0.12915939E+001
  0.12915970E+001
  0.12916001E+001
  0.12916034E+001
  0.12916067E+001
  0.12916101E+001
  0.12916136E+001
  0.12916172E+001
  0.12916209E+001
  0.12916246E+001
  0.12916285E+001
  0.12916325E+001
  0.12916365E+001
  0.12916407E+001
  0.12916449E+001
  0.12916492E+001
  0.12916535E+001
  0.12916579E+001
  0.12916624E+001
  0.12916669E+001
  0.12916714E+001
  0.12916760E+001
  0.12916805E+001
  0.12916851E+001
  0.12916898E+001
  0.12916944E+001
  0.12916990E+001
  0.12917036E+001
  0.12917082E+001
  0.12917128E+001
  0.12917174E+001
  0.12917219E+001
  0.12917265E+001
  0.12917310E+001
  0.12917355E+001
  0.12917400E+001
  0.12917444E+001
  0.12917488E+001
  0.12917532E+001
  0.12917576E+001
  0.12917619E+001
  0.12917662E+001
  0.12917705E+001
  0.12917748E+001
  0.12917791E+001
  0.12917833E+001
  0.12917875E+001
  0.12917917E+001
  0.12917959E+001
  0.12918001E+001
  0.12918043E+001
  0.12918085E+001
  0.12918127E+001
  0.12918169E+001
  0.12918211E+001
  0.12918254E+001
  0.12918296E+001
  0.12918338E+001
  0.12918381E+001
  0.12918424E+001
  0.12918467E+001
  0.12918510E+001
  0.12918553E+001
  0.12918597E+001
  0.12918641E+001
  0.12918686E+001
  0.12918730E+001
  0.12918775E+001
  0.12918821E+001
  0.12918867E+001
  0.12918913E+001
  0.12918959E+001
  0.12919006E+001
  0.12919054E+001
  0.12919102E+001
  0.12919150E+001
  0.12919198E+001
  0.12919247E+001
  0.12919297E+001
  0.12919346E+001
  0.12919397E+001
  0.12919447E+001
  0.12919498E+001
  0.12919549E+001
  0.12919601E+001
  0.12919653E+001
  0.12919705E+001
  0.12919758E+001
  0.12919811E+001
  0.12919864E+001
  0.12919917E+001
  0.12919971E+001
  0.12920024E+001
  0.12920078E+001
  0.12920132E+001
  0.12920186E+001
  0.12920240E+001
  0.12920294E+001
  0.12920348E+001
  0.12920402E+001
  0.12920456E+001
  0.12920510E+001
  0.12920564E+001
  0.12920618E+001
  0.12920671E+001
  0.12920724E+001
  0.12920777E+001
  0.12920830E+001
  0.12920882E+001
  0.12920935E+001
  0.12920986E+001
  0.12921037E+001
  0.12921088E+001
  0.12921139E+001
  0.12921189E+001
  0.12921238E+001
  0.12921287E+001
  0.12921335E+001
  0.12921383E+001
  0.12921430E+001
  0.12921477E+001
  0.12921523E+001
  0.12921568E+001
  0.12921612E+001
  0.12921656E+001
  0.12921699E+001
  0.12921742E+001
  0.12921784E+001
  0.12921825E+001
  0.12921865E+001
  0.12921905E+001
  0.12921943E+001
  0.12921982E+001
  0.12922019E+001
  0.12922055E+001
  0.12922091E+001
  0.12922126E+001
  0.12922160E+001
  0.12922194E+001
  0.12922227E+001
  0.12922258E+001
  0.12922290E+001
