  0.73569305E+000
  0.73540142E+000
  0.73520326E+000
  0.73507204E+000
  0.73498519E+000
  0.73492737E+000
  0.73488875E+000
  0.73486270E+000
  0.73484492E+000
  0.73483264E+000
  0.73482404E+000
  0.73481791E+000
  0.73481281E+000
  0.73480835E+000
  0.73480444E+000
  0.73480103E+000
  0.73479813E+000
  0.73479573E+000
  0.73479386E+000
  0.73479252E+000
  0.73479170E+000
  0.73479139E+000
  0.73479158E+000
  0.73479223E+000
  0.73479330E+000
  0.73479474E+000
  0.73479652E+000
  0.73479857E+000
  0.73480085E+000
  0.73480331E+000
  0.73480588E+000
  0.73480853E+000
  0.73481122E+000
  0.73481389E+000
  0.73481652E+000
  0.73481908E+000
  0.73482153E+000
  0.73482387E+000
  0.73482608E+000
  0.73482814E+000
  0.73483006E+000
  0.73483183E+000
  0.73483345E+000
  0.73483493E+000
  0.73483627E+000
  0.73483749E+000
  0.73483860E+000
  0.73483960E+000
  0.73484052E+000
  0.73484136E+000
  0.73484214E+000
  0.73484286E+000
  0.73484354E+000
  0.73484418E+000
  0.73484480E+000
  0.73484540E+000
  0.73484598E+000
  0.73484654E+000
  0.73484710E+000
  0.73484764E+000
  0.73484817E+000
  0.73484869E+000
  0.73484920E+000
  0.73484970E+000
  0.73485018E+000
  0.73485065E+000
  0.73485110E+000
  0.73485154E+000
  0.73485197E+000
  0.73485238E+000
  0.73485277E+000
  0.73485315E+000
  0.73485352E+000
  0.73485387E+000
  0.73485421E+000
  0.73485454E+000
  0.73485486E+000
  0.73485517E+000
  0.73485547E+000
  0.73485577E+000
  0.73485606E+000
  0.73485634E+000
  0.73485662E+000
  0.73485690E+000
  0.73485717E+000
  0.73485745E+000
  0.73485772E+000
  0.73485800E+000
  0.73485827E+000
  0.73485855E+000
  0.73485883E+000
  0.73485911E+000
  0.73485940E+000
  0.73485968E+000
  0.73485997E+000
  0.73486026E+000
  0.73486056E+000
  0.73486085E+000
  0.73486115E+000
  0.73486145E+000
  0.73486175E+000
  0.73486205E+000
  0.73486236E+000
  0.73486266E+000
  0.73486296E+000
  0.73486326E+000
  0.73486356E+000
  0.73486386E+000
  0.73486415E+000
  0.73486444E+000
  0.73486473E+000
  0.73486501E+000
  0.73486529E+000
  0.73486557E+000
  0.73486584E+000
  0.73486610E+000
  0.73486636E+000
  0.73486661E+000
  0.73486686E+000
  0.73486710E+000
  0.73486733E+000
  0.73486756E+000
  0.73486778E+000
  0.73486799E+000
  0.73486820E+000
  0.73486840E+000
  0.73486859E+000
  0.73486878E+000
  0.73486895E+000
  0.73486913E+000
  0.73486929E+000
  0.73486945E+000
  0.73486960E+000
  0.73486975E+000
  0.73486989E+000
  0.73487002E+000
  0.73487015E+000
  0.73487027E+000
  0.73487039E+000
  0.73487050E+000
  0.73487060E+000
  0.73487071E+000
  0.73487080E+000
  0.73487089E+000
  0.73487098E+000
  0.73487106E+000
  0.73487114E+000
  0.73487121E+000
  0.73487128E+000
  0.73487135E+000
  0.73487141E+000
  0.73487147E+000
  0.73487152E+000
  0.73487158E+000
  0.73487163E+000
  0.73487167E+000
  0.73487172E+000
  0.73487176E+000
  0.73487180E+000
  0.73487183E+000
  0.73487186E+000
  0.73487190E+000
  0.73487192E+000
  0.73487195E+000
  0.73487198E+000
  0.73487200E+000
  0.73487202E+000
  0.73487204E+000
  0.73487206E+000
  0.73487207E+000
  0.73487209E+000
  0.73487210E+000
  0.73487211E+000
  0.73487212E+000
  0.73487213E+000
  0.73487214E+000
  0.73487214E+000
  0.73487215E+000
  0.73487215E+000
  0.73487216E+000
  0.73487216E+000
  0.73487216E+000
  0.73487216E+000
  0.73487216E+000
  0.73487216E+000
  0.73487215E+000
  0.73487215E+000
  0.73487215E+000
  0.73487214E+000
  0.73487214E+000
  0.73487213E+000
  0.73487213E+000
  0.73487212E+000
  0.73487211E+000
  0.73487211E+000
  0.73487210E+000
  0.73487209E+000
  0.73487208E+000
  0.73487207E+000
  0.73487208E+000
