  0.30472842E+001
  0.30721314E+001
  0.30716410E+001
  0.30685515E+001
  0.30655233E+001
  0.30628569E+001
  0.30605499E+001
  0.30585607E+001
  0.30568409E+001
  0.30553557E+001
  0.30540797E+001
  0.30529829E+001
  0.30520375E+001
  0.30512222E+001
  0.30505183E+001
  0.30499096E+001
  0.30493822E+001
  0.30489242E+001
  0.30485254E+001
  0.30481771E+001
  0.30478720E+001
  0.30476036E+001
  0.30473667E+001
  0.30471566E+001
  0.30469693E+001
  0.30468015E+001
  0.30466504E+001
  0.30465135E+001
  0.30463887E+001
  0.30462744E+001
  0.30461690E+001
  0.30460713E+001
  0.30459803E+001
  0.30458952E+001
  0.30458153E+001
  0.30457402E+001
  0.30456693E+001
  0.30456025E+001
  0.30455395E+001
  0.30454802E+001
  0.30454244E+001
  0.30453723E+001
  0.30453237E+001
  0.30452786E+001
  0.30452370E+001
  0.30451989E+001
  0.30451642E+001
  0.30451328E+001
  0.30451046E+001
  0.30450795E+001
  0.30450573E+001
  0.30450377E+001
  0.30450206E+001
  0.30450056E+001
  0.30449925E+001
  0.30449811E+001
  0.30449711E+001
  0.30449622E+001
  0.30449542E+001
  0.30449470E+001
  0.30449402E+001
  0.30449339E+001
  0.30449277E+001
  0.30449216E+001
  0.30449156E+001
  0.30449094E+001
  0.30449031E+001
  0.30448967E+001
  0.30448901E+001
  0.30448832E+001
  0.30448761E+001
  0.30448688E+001
  0.30448613E+001
  0.30448535E+001
  0.30448455E+001
  0.30448373E+001
  0.30448289E+001
  0.30448203E+001
  0.30448116E+001
  0.30448027E+001
  0.30447937E+001
  0.30447846E+001
  0.30447754E+001
  0.30447661E+001
  0.30447568E+001
  0.30447475E+001
  0.30447381E+001
  0.30447288E+001
  0.30447195E+001
  0.30447102E+001
  0.30447010E+001
  0.30446919E+001
  0.30446829E+001
  0.30446741E+001
  0.30446654E+001
  0.30446569E+001
  0.30446486E+001
  0.30446404E+001
  0.30446325E+001
  0.30446248E+001
  0.30446174E+001
  0.30446102E+001
  0.30446033E+001
  0.30445967E+001
  0.30445903E+001
  0.30445843E+001
  0.30445785E+001
  0.30445731E+001
  0.30445680E+001
  0.30445633E+001
  0.30445588E+001
  0.30445548E+001
  0.30445510E+001
  0.30445476E+001
  0.30445446E+001
  0.30445419E+001
  0.30445396E+001
  0.30445377E+001
  0.30445361E+001
  0.30445349E+001
  0.30445340E+001
  0.30445335E+001
  0.30445334E+001
  0.30445337E+001
  0.30445343E+001
  0.30445353E+001
  0.30445366E+001
  0.30445383E+001
  0.30445404E+001
  0.30445428E+001
  0.30445456E+001
  0.30445487E+001
  0.30445522E+001
  0.30445560E+001
  0.30445602E+001
  0.30445646E+001
  0.30445694E+001
  0.30445746E+001
  0.30445800E+001
  0.30445857E+001
  0.30445917E+001
  0.30445980E+001
  0.30446046E+001
  0.30446115E+001
  0.30446186E+001
  0.30446259E+001
  0.30446335E+001
  0.30446414E+001
  0.30446494E+001
  0.30446577E+001
  0.30446662E+001
  0.30446749E+001
  0.30446837E+001
  0.30446927E+001
  0.30447019E+001
  0.30447112E+001
  0.30447207E+001
  0.30447303E+001
  0.30447400E+001
  0.30447498E+001
  0.30447597E+001
  0.30447697E+001
  0.30447798E+001
  0.30447900E+001
  0.30448001E+001
  0.30448104E+001
  0.30448206E+001
  0.30448309E+001
  0.30448412E+001
  0.30448515E+001
  0.30448618E+001
  0.30448721E+001
  0.30448823E+001
  0.30448926E+001
  0.30449027E+001
  0.30449129E+001
  0.30449229E+001
  0.30449329E+001
  0.30449429E+001
  0.30449527E+001
  0.30449625E+001
  0.30449721E+001
  0.30449817E+001
  0.30449912E+001
  0.30450005E+001
  0.30450098E+001
  0.30450189E+001
  0.30450279E+001
  0.30450368E+001
  0.30450455E+001
  0.30450541E+001
  0.30450626E+001
  0.30450709E+001
  0.30450791E+001
  0.30450871E+001
  0.30450950E+001
  0.30451028E+001
  0.30451103E+001
  0.30451176E+001
  0.30451249E+001
