  0.69817217E+000  0.89110394E+000  0.10012835E+001  0.25821105E+001
  0.69765256E+000  0.89134754E+000  0.10011682E+001  0.25812160E+001
  0.69746298E+000  0.89126312E+000  0.10011706E+001  0.25805474E+001
  0.69690278E+000  0.89154202E+000  0.10011210E+001  0.25801041E+001
  0.69674480E+000  0.89146252E+000  0.10011071E+001  0.25797058E+001
  0.69658086E+000  0.89130578E+000  0.10012628E+001  0.25793244E+001
  0.69624385E+000  0.89155423E+000  0.10012046E+001  0.25790121E+001
  0.69595407E+000  0.89153485E+000  0.10013936E+001  0.25787471E+001
  0.69573088E+000  0.89169776E+000  0.10013581E+001  0.25785205E+001
  0.69554979E+000  0.89164576E+000  0.10015163E+001  0.25783261E+001
  0.69530240E+000  0.89185569E+000  0.10015021E+001  0.25781533E+001
  0.69500270E+000  0.89212550E+000  0.10015138E+001  0.25779851E+001
  0.69497034E+000  0.89213418E+000  0.10014955E+001  0.25778729E+001
  0.69495196E+000  0.89213302E+000  0.10014842E+001  0.25777769E+001
  0.69491347E+000  0.89215663E+000  0.10014748E+001  0.25776972E+001
  0.69490803E+000  0.89215450E+000  0.10015546E+001  0.25775407E+001
  0.69490672E+000  0.89214980E+000  0.10015766E+001  0.25774569E+001
  0.69490787E+000  0.89214570E+000  0.10015981E+001  0.25773846E+001
  0.69491107E+000  0.89214370E+000  0.10015952E+001  0.25773444E+001
  0.69466038E+000  0.89239110E+000  0.10016150E+001  0.25772960E+001
  0.69466673E+000  0.89238970E+000  0.10016122E+001  0.25772706E+001
  0.69467426E+000  0.89238855E+000  0.10016101E+001  0.25772502E+001
  0.69468275E+000  0.89234371E+000  0.10016658E+001  0.25772209E+001
  0.69468838E+000  0.89234659E+000  0.10016649E+001  0.25772085E+001
  0.69469827E+000  0.89234596E+000  0.10016644E+001  0.25771993E+001
  0.69470864E+000  0.89234548E+000  0.10016754E+001  0.25771817E+001
  0.69471935E+000  0.89234512E+000  0.10016756E+001  0.25771775E+001
  0.69473031E+000  0.89234327E+000  0.10016776E+001  0.25771753E+001
  0.69474141E+000  0.89234310E+000  0.10016782E+001  0.25771748E+001
  0.69475255E+000  0.89234303E+000  0.10016789E+001  0.25771757E+001
  0.69476366E+000  0.89234303E+000  0.10016798E+001  0.25771779E+001
  0.69477466E+000  0.89234310E+000  0.10016808E+001  0.25771811E+001
  0.69478548E+000  0.89234324E+000  0.10016916E+001  0.25771756E+001
  0.69479606E+000  0.89234344E+000  0.10016927E+001  0.25771805E+001
  0.69480634E+000  0.89234370E+000  0.10016939E+001  0.25771861E+001
  0.69481627E+000  0.89234400E+000  0.10016951E+001  0.25771923E+001
  0.69482580E+000  0.89234435E+000  0.10016963E+001  0.25771988E+001
  0.69483489E+000  0.89234474E+000  0.10016975E+001  0.25772058E+001
  0.69484351E+000  0.89234516E+000  0.10016987E+001  0.25772131E+001
  0.69485163E+000  0.89234561E+000  0.10016999E+001  0.25772207E+001
  0.69485923E+000  0.89234607E+000  0.10017011E+001  0.25772285E+001
  0.69486630E+000  0.89234655E+000  0.10017022E+001  0.25772365E+001
  0.69487282E+000  0.89234703E+000  0.10017032E+001  0.25772447E+001
  0.69487879E+000  0.89234751E+000  0.10017043E+001  0.25772530E+001
  0.69488422E+000  0.89234798E+000  0.10017052E+001  0.25772614E+001
  0.69488911E+000  0.89234844E+000  0.10017061E+001  0.25772699E+001
  0.69489350E+000  0.89234887E+000  0.10017069E+001  0.25772786E+001
  0.69489739E+000  0.89234927E+000  0.10017077E+001  0.25772873E+001
  0.69490082E+000  0.89234965E+000  0.10017084E+001  0.25772961E+001
  0.69490383E+000  0.89234998E+000  0.10017091E+001  0.25773050E+001
  0.69490643E+000  0.89235028E+000  0.10017098E+001  0.25773140E+001
  0.69490868E+000  0.89235054E+000  0.10017104E+001  0.25773232E+001
  0.69491061E+000  0.89235077E+000  0.10017109E+001  0.25773324E+001
  0.69491227E+000  0.89235095E+000  0.10017115E+001  0.25773419E+001
  0.69491367E+000  0.89235111E+000  0.10017120E+001  0.25773516E+001
  0.69491487E+000  0.89235122E+000  0.10017126E+001  0.25773614E+001
  0.69491590E+000  0.89235132E+000  0.10017132E+001  0.25773715E+001
  0.69491678E+000  0.89235138E+000  0.10017138E+001  0.25773819E+001
  0.69491754E+000  0.89235143E+000  0.10017144E+001  0.25773926E+001
  0.69491821E+000  0.89235146E+000  0.10017150E+001  0.25774035E+001
  0.69491880E+000  0.89235147E+000  0.10017158E+001  0.25774148E+001
  0.69491933E+000  0.89235148E+000  0.10017165E+001  0.25774264E+001
  0.69491981E+000  0.89235148E+000  0.10017173E+001  0.25774384E+001
  0.69492026E+000  0.89235148E+000  0.10017182E+001  0.25774506E+001
  0.69492068E+000  0.89235148E+000  0.10017192E+001  0.25774633E+001
  0.69492108E+000  0.89235149E+000  0.10017202E+001  0.25774762E+001
  0.69492146E+000  0.89235150E+000  0.10017213E+001  0.25774895E+001
  0.69492183E+000  0.89235151E+000  0.10017224E+001  0.25775031E+001
  0.69492218E+000  0.89235153E+000  0.10017236E+001  0.25775170E+001
  0.69492253E+000  0.89235156E+000  0.10017249E+001  0.25775313E+001
  0.69492286E+000  0.89235160E+000  0.10017263E+001  0.25775457E+001
  0.69492319E+000  0.89235164E+000  0.10017278E+001  0.25775605E+001
  0.69492350E+000  0.89235170E+000  0.10017293E+001  0.25775754E+001
  0.69492381E+000  0.89235177E+000  0.10017309E+001  0.25775906E+001
  0.69492411E+000  0.89235185E+000  0.10017325E+001  0.25776059E+001
  0.69492440E+000  0.89235193E+000  0.10017342E+001  0.25776214E+001
  0.69492468E+000  0.89235203E+000  0.10017360E+001  0.25776371E+001
  0.69492496E+000  0.89235214E+000  0.10017379E+001  0.25776528E+001
  0.69492522E+000  0.89235226E+000  0.10017398E+001  0.25776686E+001
  0.69492548E+000  0.89235239E+000  0.10017418E+001  0.25776845E+001
  0.69492573E+000  0.89235253E+000  0.10017438E+001  0.25777005E+001
  0.69492597E+000  0.89235267E+000  0.10017458E+001  0.25777164E+001
  0.69492620E+000  0.89235283E+000  0.10017480E+001  0.25777323E+001
  0.69492643E+000  0.89235300E+000  0.10017501E+001  0.25777482E+001
  0.69492665E+000  0.89235317E+000  0.10017523E+001  0.25777641E+001
  0.69492687E+000  0.89235336E+000  0.10017546E+001  0.25777799E+001
  0.69492709E+000  0.89235355E+000  0.10017569E+001  0.25777956E+001
  0.69492730E+000  0.89235374E+000  0.10017592E+001  0.25778113E+001
  0.69492750E+000  0.89235395E+000  0.10017616E+001  0.25778268E+001
  0.69492771E+000  0.89235416E+000  0.10017639E+001  0.25778423E+001
  0.69492791E+000  0.89235438E+000  0.10017663E+001  0.25778576E+001
  0.69492811E+000  0.89235461E+000  0.10017688E+001  0.25778728E+001
  0.69492831E+000  0.89235484E+000  0.10017712E+001  0.25778879E+001
  0.69492851E+000  0.89235507E+000  0.10017737E+001  0.25779029E+001
  0.69492870E+000  0.89235531E+000  0.10017762E+001  0.25779177E+001
  0.69492890E+000  0.89235556E+000  0.10017787E+001  0.25779324E+001
  0.69492910E+000  0.89235581E+000  0.10017812E+001  0.25779470E+001
  0.69492930E+000  0.89235606E+000  0.10017837E+001  0.25779615E+001
  0.69492949E+000  0.89235632E+000  0.10017862E+001  0.25779759E+001
  0.69492969E+000  0.89235658E+000  0.10017887E+001  0.25779902E+001
  0.69492989E+000  0.89235684E+000  0.10017912E+001  0.25780044E+001
  0.69493009E+000  0.89235711E+000  0.10017937E+001  0.25780186E+001
  0.69493029E+000  0.89235738E+000  0.10017962E+001  0.25780326E+001
  0.69493049E+000  0.89235764E+000  0.10017987E+001  0.25780466E+001
  0.69493069E+000  0.89235791E+000  0.10018012E+001  0.25780606E+001
  0.69493089E+000  0.89235818E+000  0.10018037E+001  0.25780745E+001
  0.69493110E+000  0.89235845E+000  0.10018061E+001  0.25780884E+001
  0.69493130E+000  0.89235873E+000  0.10018085E+001  0.25781023E+001
  0.69493150E+000  0.89235900E+000  0.10018109E+001  0.25781162E+001
  0.69493170E+000  0.89235927E+000  0.10018133E+001  0.25781302E+001
  0.69493190E+000  0.89235953E+000  0.10018157E+001  0.25781441E+001
  0.69493210E+000  0.89235980E+000  0.10018180E+001  0.25781581E+001
  0.69493231E+000  0.89236007E+000  0.10018203E+001  0.25781722E+001
  0.69493251E+000  0.89236033E+000  0.10018226E+001  0.25781863E+001
  0.69493271E+000  0.89236059E+000  0.10018248E+001  0.25782005E+001
  0.69493290E+000  0.89236085E+000  0.10018270E+001  0.25782148E+001
  0.69493310E+000  0.89236111E+000  0.10018292E+001  0.25782293E+001
  0.69493330E+000  0.89236136E+000  0.10018313E+001  0.25782438E+001
  0.69493349E+000  0.89236161E+000  0.10018334E+001  0.25782584E+001
  0.69493369E+000  0.89236186E+000  0.10018355E+001  0.25782732E+001
  0.69493388E+000  0.89236210E+000  0.10018375E+001  0.25782882E+001
  0.69493407E+000  0.89236234E+000  0.10018395E+001  0.25783033E+001
  0.69493426E+000  0.89236257E+000  0.10018414E+001  0.25783186E+001
  0.69493444E+000  0.89236280E+000  0.10018433E+001  0.25783340E+001
  0.69493463E+000  0.89236303E+000  0.10018452E+001  0.25783496E+001
  0.69493481E+000  0.89236325E+000  0.10018470E+001  0.25783654E+001
  0.69493499E+000  0.89236347E+000  0.10018488E+001  0.25783814E+001
  0.69493517E+000  0.89236368E+000  0.10018505E+001  0.25783976E+001
  0.69493534E+000  0.89236389E+000  0.10018522E+001  0.25784140E+001
  0.69493551E+000  0.89236409E+000  0.10018539E+001  0.25784306E+001
  0.69493568E+000  0.89236429E+000  0.10018555E+001  0.25784474E+001
  0.69493585E+000  0.89236448E+000  0.10018571E+001  0.25784644E+001
  0.69493601E+000  0.89236467E+000  0.10018586E+001  0.25784816E+001
  0.69493618E+000  0.89236485E+000  0.10018601E+001  0.25784990E+001
  0.69493633E+000  0.89236503E+000  0.10018616E+001  0.25785167E+001
  0.69493649E+000  0.89236520E+000  0.10018630E+001  0.25785345E+001
  0.69493664E+000  0.89236537E+000  0.10018644E+001  0.25785526E+001
  0.69493679E+000  0.89236554E+000  0.10018658E+001  0.25785708E+001
  0.69493694E+000  0.89236570E+000  0.10018671E+001  0.25785893E+001
  0.69493708E+000  0.89236585E+000  0.10018684E+001  0.25786079E+001
  0.69493722E+000  0.89236601E+000  0.10018696E+001  0.25786268E+001
  0.69493736E+000  0.89236615E+000  0.10018708E+001  0.25786458E+001
  0.69493749E+000  0.89236630E+000  0.10018720E+001  0.25786650E+001
  0.69493762E+000  0.89236644E+000  0.10018731E+001  0.25786844E+001
  0.69493775E+000  0.89236657E+000  0.10018742E+001  0.25787039E+001
  0.69493787E+000  0.89236670E+000  0.10018753E+001  0.25787236E+001
  0.69493799E+000  0.89236683E+000  0.10018763E+001  0.25787434E+001
  0.69493811E+000  0.89236695E+000  0.10018773E+001  0.25787634E+001
  0.69493822E+000  0.89236707E+000  0.10018783E+001  0.25787835E+001
  0.69493833E+000  0.89236719E+000  0.10018793E+001  0.25788037E+001
  0.69493844E+000  0.89236730E+000  0.10018802E+001  0.25788241E+001
  0.69493855E+000  0.89236741E+000  0.10018811E+001  0.25788445E+001
  0.69493865E+000  0.89236751E+000  0.10018819E+001  0.25788650E+001
  0.69493875E+000  0.89236761E+000  0.10018828E+001  0.25788856E+001
  0.69493884E+000  0.89236771E+000  0.10018836E+001  0.25789062E+001
  0.69493894E+000  0.89236781E+000  0.10018844E+001  0.25789269E+001
  0.69493903E+000  0.89236790E+000  0.10018851E+001  0.25789476E+001
  0.69493911E+000  0.89236799E+000  0.10018859E+001  0.25789683E+001
  0.69493920E+000  0.89236808E+000  0.10018866E+001  0.25789890E+001
  0.69493928E+000  0.89236816E+000  0.10018872E+001  0.25790097E+001
  0.69493936E+000  0.89236824E+000  0.10018879E+001  0.25790304E+001
  0.69493944E+000  0.89236832E+000  0.10018885E+001  0.25790511E+001
  0.69493951E+000  0.89236839E+000  0.10018892E+001  0.25790717E+001
  0.69493958E+000  0.89236847E+000  0.10018898E+001  0.25790923E+001
  0.69493965E+000  0.89236854E+000  0.10018903E+001  0.25791128E+001
  0.69493972E+000  0.89236860E+000  0.10018909E+001  0.25791332E+001
  0.69493978E+000  0.89236867E+000  0.10018914E+001  0.25791534E+001
  0.69493984E+000  0.89236873E+000  0.10018919E+001  0.25791736E+001
  0.69493990E+000  0.89236879E+000  0.10018924E+001  0.25791937E+001
  0.69493996E+000  0.89236885E+000  0.10018929E+001  0.25792136E+001
  0.69494002E+000  0.89236890E+000  0.10018933E+001  0.25792334E+001
  0.69494007E+000  0.89236896E+000  0.10018938E+001  0.25792530E+001
  0.69494012E+000  0.89236901E+000  0.10018942E+001  0.25792724E+001
  0.69494017E+000  0.89236906E+000  0.10018946E+001  0.25792917E+001
  0.69494022E+000  0.89236911E+000  0.10018950E+001  0.25793108E+001
  0.69494026E+000  0.89236915E+000  0.10018954E+001  0.25793296E+001
  0.69494030E+000  0.89236920E+000  0.10018957E+001  0.25793483E+001
  0.69494035E+000  0.89236924E+000  0.10018961E+001  0.25793667E+001
  0.69494039E+000  0.89236928E+000  0.10018964E+001  0.25793849E+001
  0.69494042E+000  0.89236932E+000  0.10018967E+001  0.25794029E+001
  0.69494046E+000  0.89236935E+000  0.10018970E+001  0.25794206E+001
  0.69494050E+000  0.89236939E+000  0.10018973E+001  0.25794381E+001
  0.69494053E+000  0.89236942E+000  0.10018975E+001  0.25794553E+001
  0.69494056E+000  0.89236945E+000  0.10018978E+001  0.25794723E+001
  0.69494059E+000  0.89236948E+000  0.10018981E+001  0.25794890E+001
  0.69494062E+000  0.89236951E+000  0.10018983E+001  0.25795054E+001
  0.69494065E+000  0.89236954E+000  0.10018985E+001  0.25795215E+001
  0.69494068E+000  0.89236956E+000  0.10018987E+001  0.25795374E+001
  0.69494070E+000  0.89236959E+000  0.10018989E+001  0.25795530E+001
  0.69494073E+000  0.89236961E+000  0.10018991E+001  0.25795682E+001
  0.69494075E+000  0.89236963E+000  0.10018993E+001  0.25795832E+001
  0.69494077E+000  0.89236965E+000  0.10018995E+001  0.25795979E+001
  0.69494080E+000  0.89236967E+000  0.10018996E+001  0.25796124E+001
  0.69494082E+000  0.89236969E+000  0.10018998E+001  0.25796265E+001
  0.69494084E+000  0.89236971E+000  0.10018999E+001  0.25796403E+001
  0.69494085E+000  0.89236973E+000  0.10019001E+001  0.25796538E+001
  0.69494087E+000  0.89236974E+000  0.10019002E+001  0.25796670E+001
  0.69494089E+000  0.89236976E+000  0.10019003E+001  0.25796799E+001
  0.69494091E+000  0.89236977E+000  0.10019005E+001  0.25796926E+001
  0.69494094E+000  0.89236979E+000  0.10019006E+001  0.25797050E+001
