  0.77812404E+000  0.89335381E+000  0.10987898E+001  0.24024025E+001
  0.77810791E+000  0.89380169E+000  0.10981161E+001  0.24013586E+001
  0.77808130E+000  0.89383067E+000  0.10979718E+001  0.24005603E+001
  0.77805637E+000  0.89380298E+000  0.10979105E+001  0.23999000E+001
  0.77803505E+000  0.89376722E+000  0.10978701E+001  0.23993479E+001
  0.77801725E+000  0.89373024E+000  0.10978410E+001  0.23988854E+001
  0.77800256E+000  0.89369317E+000  0.10978208E+001  0.23984982E+001
  0.77799051E+000  0.89365640E+000  0.10978080E+001  0.23981747E+001
  0.77798067E+000  0.89362025E+000  0.10978014E+001  0.23979049E+001
  0.77797269E+000  0.89358507E+000  0.10977996E+001  0.23976805E+001
  0.77796626E+000  0.89355122E+000  0.10978014E+001  0.23974945E+001
  0.77796112E+000  0.89351901E+000  0.10978059E+001  0.23973411E+001
  0.77795706E+000  0.89348872E+000  0.10978119E+001  0.23972152E+001
  0.77795390E+000  0.89346052E+000  0.10978189E+001  0.23971127E+001
  0.77795149E+000  0.89343454E+000  0.10978262E+001  0.23970299E+001
  0.77794971E+000  0.89341083E+000  0.10978334E+001  0.23969638E+001
  0.77794846E+000  0.89338938E+000  0.10978402E+001  0.23969120E+001
  0.77794764E+000  0.89337012E+000  0.10978462E+001  0.23968722E+001
  0.77794719E+000  0.89335297E+000  0.10978515E+001  0.23968426E+001
  0.77794703E+000  0.89333778E+000  0.10978560E+001  0.23968217E+001
  0.77794711E+000  0.89332443E+000  0.10978596E+001  0.23968080E+001
  0.77794739E+000  0.89331277E+000  0.10978624E+001  0.23968006E+001
  0.77794783E+000  0.89330263E+000  0.10978644E+001  0.23967983E+001
  0.77794839E+000  0.89329386E+000  0.10978657E+001  0.23968004E+001
  0.77794905E+000  0.89328633E+000  0.10978664E+001  0.23968061E+001
  0.77794978E+000  0.89327988E+000  0.10978667E+001  0.23968149E+001
  0.77795055E+000  0.89327440E+000  0.10978665E+001  0.23968261E+001
  0.77795136E+000  0.89326975E+000  0.10978660E+001  0.23968393E+001
  0.77795218E+000  0.89326583E+000  0.10978652E+001  0.23968542E+001
  0.77795301E+000  0.89326255E+000  0.10978643E+001  0.23968703E+001
  0.77795382E+000  0.89325980E+000  0.10978634E+001  0.23968874E+001
  0.77795461E+000  0.89325751E+000  0.10978624E+001  0.23969052E+001
  0.77795537E+000  0.89325561E+000  0.10978614E+001  0.23969235E+001
  0.77795610E+000  0.89325403E+000  0.10978606E+001  0.23969420E+001
  0.77795677E+000  0.89325271E+000  0.10978598E+001  0.23969607E+001
  0.77795740E+000  0.89325160E+000  0.10978592E+001  0.23969794E+001
  0.77795797E+000  0.89325066E+000  0.10978587E+001  0.23969979E+001
  0.77795848E+000  0.89324985E+000  0.10978584E+001  0.23970162E+001
  0.77795893E+000  0.89324913E+000  0.10978582E+001  0.23970342E+001
  0.77795931E+000  0.89324848E+000  0.10978581E+001  0.23970519E+001
  0.77795963E+000  0.89324787E+000  0.10978581E+001  0.23970692E+001
  0.77795988E+000  0.89324728E+000  0.10978582E+001  0.23970861E+001
  0.77796006E+000  0.89324669E+000  0.10978584E+001  0.23971026E+001
  0.77796017E+000  0.89324609E+000  0.10978586E+001  0.23971187E+001
  0.77796022E+000  0.89324546E+000  0.10978587E+001  0.23971344E+001
  0.77796021E+000  0.89324481E+000  0.10978589E+001  0.23971497E+001
  0.77796013E+000  0.89324412E+000  0.10978590E+001  0.23971646E+001
  0.77796000E+000  0.89324340E+000  0.10978590E+001  0.23971792E+001
  0.77795981E+000  0.89324264E+000  0.10978589E+001  0.23971936E+001
  0.77795957E+000  0.89324184E+000  0.10978588E+001  0.23972077E+001
  0.77795929E+000  0.89324101E+000  0.10978585E+001  0.23972217E+001
  0.77795897E+000  0.89324014E+000  0.10978581E+001  0.23972356E+001
  0.77795862E+000  0.89323926E+000  0.10978575E+001  0.23972493E+001
  0.77795824E+000  0.89323835E+000  0.10978569E+001  0.23972631E+001
  0.77795783E+000  0.89323744E+000  0.10978561E+001  0.23972770E+001
  0.77795741E+000  0.89323652E+000  0.10978553E+001  0.23972909E+001
  0.77795697E+000  0.89323560E+000  0.10978543E+001  0.23973050E+001
  0.77795653E+000  0.89323468E+000  0.10978533E+001  0.23973193E+001
  0.77795608E+000  0.89323378E+000  0.10978522E+001  0.23973339E+001
  0.77795563E+000  0.89323290E+000  0.10978510E+001  0.23973487E+001
  0.77795519E+000  0.89323203E+000  0.10978498E+001  0.23973638E+001
  0.77795475E+000  0.89323119E+000  0.10978485E+001  0.23973793E+001
  0.77795432E+000  0.89323038E+000  0.10978472E+001  0.23973951E+001
  0.77795390E+000  0.89322959E+000  0.10978459E+001  0.23974112E+001
  0.77795350E+000  0.89322883E+000  0.10978445E+001  0.23974277E+001
  0.77795311E+000  0.89322810E+000  0.10978432E+001  0.23974446E+001
  0.77795274E+000  0.89322740E+000  0.10978418E+001  0.23974618E+001
  0.77795239E+000  0.89322673E+000  0.10978404E+001  0.23974793E+001
  0.77795206E+000  0.89322609E+000  0.10978390E+001  0.23974972E+001
  0.77795176E+000  0.89322549E+000  0.10978376E+001  0.23975154E+001
  0.77795147E+000  0.89322492E+000  0.10978363E+001  0.23975338E+001
  0.77795121E+000  0.89322438E+000  0.10978349E+001  0.23975526E+001
  0.77795097E+000  0.89322387E+000  0.10978335E+001  0.23975715E+001
  0.77795075E+000  0.89322340E+000  0.10978321E+001  0.23975907E+001
  0.77795056E+000  0.89322297E+000  0.10978308E+001  0.23976101E+001
  0.77795040E+000  0.89322258E+000  0.10978294E+001  0.23976296E+001
  0.77795026E+000  0.89322222E+000  0.10978281E+001  0.23976493E+001
  0.77795014E+000  0.89322191E+000  0.10978267E+001  0.23976690E+001
  0.77795005E+000  0.89322164E+000  0.10978254E+001  0.23976888E+001
  0.77794998E+000  0.89322141E+000  0.10978241E+001  0.23977087E+001
  0.77794993E+000  0.89322122E+000  0.10978228E+001  0.23977286E+001
  0.77794991E+000  0.89322108E+000  0.10978214E+001  0.23977484E+001
  0.77794991E+000  0.89322098E+000  0.10978202E+001  0.23977683E+001
  0.77794993E+000  0.89322093E+000  0.10978189E+001  0.23977880E+001
  0.77794998E+000  0.89322093E+000  0.10978176E+001  0.23978077E+001
  0.77795004E+000  0.89322097E+000  0.10978164E+001  0.23978273E+001
  0.77795012E+000  0.89322106E+000  0.10978151E+001  0.23978468E+001
  0.77795022E+000  0.89322119E+000  0.10978139E+001  0.23978662E+001
  0.77795033E+000  0.89322136E+000  0.10978127E+001  0.23978854E+001
  0.77795046E+000  0.89322158E+000  0.10978115E+001  0.23979045E+001
  0.77795060E+000  0.89322183E+000  0.10978104E+001  0.23979234E+001
  0.77795076E+000  0.89322213E+000  0.10978092E+001  0.23979422E+001
  0.77795093E+000  0.89322246E+000  0.10978081E+001  0.23979608E+001
  0.77795111E+000  0.89322282E+000  0.10978070E+001  0.23979792E+001
  0.77795130E+000  0.89322322E+000  0.10978059E+001  0.23979974E+001
  0.77795150E+000  0.89322365E+000  0.10978049E+001  0.23980155E+001
  0.77795170E+000  0.89322410E+000  0.10978038E+001  0.23980335E+001
  0.77795191E+000  0.89322458E+000  0.10978028E+001  0.23980512E+001
  0.77795212E+000  0.89322508E+000  0.10978019E+001  0.23980689E+001
  0.77795234E+000  0.89322560E+000  0.10978009E+001  0.23980864E+001
  0.77795256E+000  0.89322614E+000  0.10978000E+001  0.23981037E+001
  0.77795279E+000  0.89322669E+000  0.10977991E+001  0.23981209E+001
  0.77795301E+000  0.89322725E+000  0.10977982E+001  0.23981380E+001
  0.77795324E+000  0.89322782E+000  0.10977974E+001  0.23981551E+001
  0.77795346E+000  0.89322840E+000  0.10977966E+001  0.23981720E+001
  0.77795368E+000  0.89322898E+000  0.10977958E+001  0.23981888E+001
  0.77795391E+000  0.89322957E+000  0.10977950E+001  0.23982056E+001
  0.77795412E+000  0.89323015E+000  0.10977943E+001  0.23982223E+001
  0.77795434E+000  0.89323074E+000  0.10977936E+001  0.23982390E+001
  0.77795455E+000  0.89323132E+000  0.10977929E+001  0.23982557E+001
  0.77795476E+000  0.89323190E+000  0.10977922E+001  0.23982723E+001
  0.77795496E+000  0.89323247E+000  0.10977916E+001  0.23982890E+001
  0.77795516E+000  0.89323304E+000  0.10977910E+001  0.23983056E+001
  0.77795535E+000  0.89323360E+000  0.10977905E+001  0.23983223E+001
  0.77795554E+000  0.89323415E+000  0.10977899E+001  0.23983390E+001
  0.77795573E+000  0.89323469E+000  0.10977894E+001  0.23983558E+001
  0.77795590E+000  0.89323522E+000  0.10977889E+001  0.23983726E+001
  0.77795607E+000  0.89323574E+000  0.10977884E+001  0.23983895E+001
  0.77795624E+000  0.89323624E+000  0.10977880E+001  0.23984065E+001
  0.77795640E+000  0.89323674E+000  0.10977875E+001  0.23984236E+001
  0.77795655E+000  0.89323722E+000  0.10977871E+001  0.23984407E+001
  0.77795670E+000  0.89323769E+000  0.10977867E+001  0.23984580E+001
  0.77795684E+000  0.89323815E+000  0.10977864E+001  0.23984754E+001
  0.77795698E+000  0.89323860E+000  0.10977860E+001  0.23984929E+001
  0.77795711E+000  0.89323903E+000  0.10977857E+001  0.23985106E+001
  0.77795724E+000  0.89323945E+000  0.10977854E+001  0.23985284E+001
  0.77795736E+000  0.89323985E+000  0.10977851E+001  0.23985463E+001
  0.77795747E+000  0.89324025E+000  0.10977848E+001  0.23985644E+001
  0.77795758E+000  0.89324063E+000  0.10977845E+001  0.23985827E+001
  0.77795769E+000  0.89324100E+000  0.10977843E+001  0.23986011E+001
  0.77795779E+000  0.89324135E+000  0.10977840E+001  0.23986196E+001
  0.77795788E+000  0.89324170E+000  0.10977838E+001  0.23986384E+001
  0.77795797E+000  0.89324203E+000  0.10977836E+001  0.23986573E+001
  0.77795806E+000  0.89324235E+000  0.10977834E+001  0.23986764E+001
  0.77795814E+000  0.89324266E+000  0.10977832E+001  0.23986956E+001
  0.77795822E+000  0.89324296E+000  0.10977830E+001  0.23987150E+001
  0.77795830E+000  0.89324324E+000  0.10977829E+001  0.23987346E+001
  0.77795837E+000  0.89324352E+000  0.10977827E+001  0.23987543E+001
  0.77795843E+000  0.89324379E+000  0.10977826E+001  0.23987742E+001
  0.77795850E+000  0.89324404E+000  0.10977824E+001  0.23987942E+001
  0.77795856E+000  0.89324429E+000  0.10977823E+001  0.23988144E+001
  0.77795862E+000  0.89324453E+000  0.10977822E+001  0.23988348E+001
  0.77795867E+000  0.89324476E+000  0.10977820E+001  0.23988553E+001
  0.77795873E+000  0.89324498E+000  0.10977819E+001  0.23988759E+001
  0.77795878E+000  0.89324519E+000  0.10977818E+001  0.23988966E+001
  0.77795883E+000  0.89324539E+000  0.10977817E+001  0.23989175E+001
  0.77795887E+000  0.89324559E+000  0.10977816E+001  0.23989385E+001
  0.77795892E+000  0.89324578E+000  0.10977815E+001  0.23989596E+001
  0.77795896E+000  0.89324596E+000  0.10977814E+001  0.23989808E+001
  0.77795900E+000  0.89324613E+000  0.10977814E+001  0.23990020E+001
  0.77795904E+000  0.89324630E+000  0.10977813E+001  0.23990234E+001
  0.77795908E+000  0.89324646E+000  0.10977812E+001  0.23990448E+001
  0.77795911E+000  0.89324662E+000  0.10977811E+001  0.23990662E+001
  0.77795915E+000  0.89324677E+000  0.10977811E+001  0.23990877E+001
  0.77795918E+000  0.89324691E+000  0.10977810E+001  0.23991092E+001
  0.77795922E+000  0.89324705E+000  0.10977809E+001  0.23991307E+001
  0.77795925E+000  0.89324719E+000  0.10977809E+001  0.23991523E+001
  0.77795928E+000  0.89324731E+000  0.10977808E+001  0.23991738E+001
  0.77795931E+000  0.89324744E+000  0.10977808E+001  0.23991953E+001
  0.77795934E+000  0.89324756E+000  0.10977807E+001  0.23992168E+001
  0.77795936E+000  0.89324767E+000  0.10977807E+001  0.23992382E+001
  0.77795939E+000  0.89324778E+000  0.10977807E+001  0.23992596E+001
  0.77795942E+000  0.89324789E+000  0.10977806E+001  0.23992808E+001
  0.77795944E+000  0.89324799E+000  0.10977806E+001  0.23993020E+001
  0.77795947E+000  0.89324808E+000  0.10977805E+001  0.23993231E+001
  0.77795949E+000  0.89324818E+000  0.10977805E+001  0.23993441E+001
  0.77795952E+000  0.89324827E+000  0.10977805E+001  0.23993650E+001
  0.77795954E+000  0.89324836E+000  0.10977805E+001  0.23993857E+001
  0.77795956E+000  0.89324844E+000  0.10977804E+001  0.23994063E+001
  0.77795959E+000  0.89324852E+000  0.10977804E+001  0.23994268E+001
  0.77795961E+000  0.89324860E+000  0.10977804E+001  0.23994470E+001
  0.77795963E+000  0.89324867E+000  0.10977804E+001  0.23994671E+001
  0.77795965E+000  0.89324874E+000  0.10977804E+001  0.23994870E+001
  0.77795967E+000  0.89324881E+000  0.10977803E+001  0.23995067E+001
  0.77795969E+000  0.89324887E+000  0.10977803E+001  0.23995262E+001
  0.77795971E+000  0.89324893E+000  0.10977803E+001  0.23995454E+001
  0.77795973E+000  0.89324899E+000  0.10977803E+001  0.23995644E+001
  0.77795975E+000  0.89324905E+000  0.10977803E+001  0.23995832E+001
  0.77795977E+000  0.89324910E+000  0.10977803E+001  0.23996018E+001
  0.77795978E+000  0.89324916E+000  0.10977803E+001  0.23996201E+001
  0.77795980E+000  0.89324921E+000  0.10977803E+001  0.23996381E+001
  0.77795982E+000  0.89324925E+000  0.10977803E+001  0.23996559E+001
  0.77795983E+000  0.89324930E+000  0.10977803E+001  0.23996734E+001
  0.77795985E+000  0.89324934E+000  0.10977803E+001  0.23996906E+001
  0.77795986E+000  0.89324938E+000  0.10977803E+001  0.23997075E+001
  0.77795988E+000  0.89324942E+000  0.10977803E+001  0.23997242E+001
  0.77795989E+000  0.89324946E+000  0.10977803E+001  0.23997406E+001
  0.77795991E+000  0.89324949E+000  0.10977803E+001  0.23997566E+001
  0.77795992E+000  0.89324952E+000  0.10977803E+001  0.23997724E+001
  0.77795994E+000  0.89324956E+000  0.10977803E+001  0.23997879E+001
  0.77795995E+000  0.89324959E+000  0.10977803E+001  0.23998031E+001
  0.77795997E+000  0.89324961E+000  0.10977803E+001  0.23998179E+001
  0.77795998E+000  0.89324964E+000  0.10977803E+001  0.23998325E+001
  0.77795999E+000  0.89324966E+000  0.10977803E+001  0.23998467E+001
  0.77796001E+000  0.89324969E+000  0.10977804E+001  0.23998607E+001
  0.77796002E+000  0.89324971E+000  0.10977804E+001  0.23998743E+001
  0.77796003E+000  0.89324973E+000  0.10977804E+001  0.23998877E+001
  0.77796005E+000  0.89324975E+000  0.10977804E+001  0.23999007E+001
  0.77796006E+000  0.89324977E+000  0.10977804E+001  0.23999134E+001
  0.77796007E+000  0.89324979E+000  0.10977805E+001  0.23999259E+001
