  0.96862956E+000
  0.96880329E+000
  0.96892090E+000
  0.96901506E+000
  0.96909248E+000
  0.96915636E+000
  0.96920903E+000
  0.96925237E+000
  0.96928795E+000
  0.96931705E+000
  0.96934077E+000
  0.96936000E+000
  0.96937548E+000
  0.96938782E+000
  0.96939756E+000
  0.96940511E+000
  0.96941083E+000
  0.96941503E+000
  0.96941796E+000
  0.96941983E+000
  0.96942081E+000
  0.96942105E+000
  0.96942068E+000
  0.96941980E+000
  0.96941851E+000
  0.96941688E+000
  0.96941497E+000
  0.96941285E+000
  0.96941056E+000
  0.96940813E+000
  0.96940562E+000
  0.96940304E+000
  0.96940044E+000
  0.96939782E+000
  0.96939522E+000
  0.96939266E+000
  0.96939014E+000
  0.96938770E+000
  0.96938533E+000
  0.96938306E+000
  0.96938090E+000
  0.96937884E+000
  0.96937691E+000
  0.96937510E+000
  0.96937341E+000
  0.96937185E+000
  0.96937042E+000
  0.96936911E+000
  0.96936792E+000
  0.96936684E+000
  0.96936586E+000
  0.96936497E+000
  0.96936416E+000
  0.96936341E+000
  0.96936273E+000
  0.96936208E+000
  0.96936146E+000
  0.96936087E+000
  0.96936028E+000
  0.96935969E+000
  0.96935909E+000
  0.96935847E+000
  0.96935783E+000
  0.96935715E+000
  0.96935645E+000
  0.96935570E+000
  0.96935492E+000
  0.96935410E+000
  0.96935323E+000
  0.96935233E+000
  0.96935138E+000
  0.96935039E+000
  0.96934936E+000
  0.96934829E+000
  0.96934718E+000
  0.96934604E+000
  0.96934486E+000
  0.96934365E+000
  0.96934241E+000
  0.96934115E+000
  0.96933985E+000
  0.96933854E+000
  0.96933720E+000
  0.96933584E+000
  0.96933447E+000
  0.96933308E+000
  0.96933168E+000
  0.96933027E+000
  0.96932886E+000
  0.96932743E+000
  0.96932600E+000
  0.96932457E+000
  0.96932314E+000
  0.96932171E+000
  0.96932028E+000
  0.96931885E+000
  0.96931743E+000
  0.96931601E+000
  0.96931461E+000
  0.96931321E+000
  0.96931182E+000
  0.96931044E+000
  0.96930907E+000
  0.96930771E+000
  0.96930636E+000
  0.96930503E+000
  0.96930371E+000
  0.96930241E+000
  0.96930112E+000
  0.96929984E+000
  0.96929858E+000
  0.96929734E+000
  0.96929611E+000
  0.96929490E+000
  0.96929370E+000
  0.96929252E+000
  0.96929136E+000
  0.96929021E+000
  0.96928908E+000
  0.96928797E+000
  0.96928688E+000
  0.96928580E+000
  0.96928474E+000
  0.96928370E+000
  0.96928267E+000
  0.96928166E+000
  0.96928067E+000
  0.96927970E+000
  0.96927874E+000
  0.96927780E+000
  0.96927688E+000
  0.96927598E+000
  0.96927509E+000
  0.96927422E+000
  0.96927336E+000
  0.96927252E+000
  0.96927170E+000
  0.96927090E+000
  0.96927011E+000
  0.96926934E+000
  0.96926858E+000
  0.96926784E+000
  0.96926712E+000
  0.96926641E+000
  0.96926572E+000
  0.96926504E+000
  0.96926438E+000
  0.96926373E+000
  0.96926310E+000
  0.96926248E+000
  0.96926188E+000
  0.96926129E+000
  0.96926071E+000
  0.96926015E+000
  0.96925961E+000
  0.96925907E+000
  0.96925855E+000
  0.96925805E+000
  0.96925755E+000
  0.96925707E+000
  0.96925661E+000
  0.96925615E+000
  0.96925571E+000
  0.96925528E+000
  0.96925487E+000
  0.96925446E+000
  0.96925407E+000
  0.96925368E+000
  0.96925331E+000
  0.96925295E+000
  0.96925261E+000
  0.96925227E+000
  0.96925194E+000
  0.96925163E+000
  0.96925132E+000
  0.96925102E+000
  0.96925074E+000
  0.96925046E+000
  0.96925019E+000
  0.96924994E+000
  0.96924969E+000
  0.96924945E+000
  0.96924922E+000
  0.96924899E+000
  0.96924878E+000
  0.96924857E+000
  0.96924837E+000
  0.96924818E+000
  0.96924800E+000
  0.96924782E+000
  0.96924765E+000
  0.96924749E+000
  0.96924734E+000
  0.96924719E+000
  0.96924704E+000
  0.96924691E+000
  0.96924678E+000
  0.96924665E+000
  0.96924653E+000
  0.96924639E+000
