  0.49258486E+000
  0.49266491E+000
  0.49271706E+000
  0.49275874E+000
  0.49279319E+000
  0.49282177E+000
  0.49284545E+000
  0.49286501E+000
  0.49288111E+000
  0.49289431E+000
  0.49290510E+000
  0.49291385E+000
  0.49292090E+000
  0.49292653E+000
  0.49293096E+000
  0.49293439E+000
  0.49293697E+000
  0.49293886E+000
  0.49294015E+000
  0.49294094E+000
  0.49294133E+000
  0.49294136E+000
  0.49294111E+000
  0.49294062E+000
  0.49293993E+000
  0.49293908E+000
  0.49293810E+000
  0.49293701E+000
  0.49293585E+000
  0.49293461E+000
  0.49293334E+000
  0.49293203E+000
  0.49293071E+000
  0.49292938E+000
  0.49292806E+000
  0.49292676E+000
  0.49292549E+000
  0.49292425E+000
  0.49292305E+000
  0.49292191E+000
  0.49292081E+000
  0.49291978E+000
  0.49291880E+000
  0.49291789E+000
  0.49291705E+000
  0.49291628E+000
  0.49291557E+000
  0.49291492E+000
  0.49291434E+000
  0.49291382E+000
  0.49291335E+000
  0.49291293E+000
  0.49291255E+000
  0.49291221E+000
  0.49291190E+000
  0.49291162E+000
  0.49291135E+000
  0.49291110E+000
  0.49291085E+000
  0.49291060E+000
  0.49291035E+000
  0.49291010E+000
  0.49290983E+000
  0.49290955E+000
  0.49290926E+000
  0.49290895E+000
  0.49290862E+000
  0.49290828E+000
  0.49290791E+000
  0.49290752E+000
  0.49290712E+000
  0.49290669E+000
  0.49290624E+000
  0.49290577E+000
  0.49290529E+000
  0.49290478E+000
  0.49290426E+000
  0.49290371E+000
  0.49290315E+000
  0.49290258E+000
  0.49290199E+000
  0.49290139E+000
  0.49290077E+000
  0.49290014E+000
  0.49289949E+000
  0.49289884E+000
  0.49289818E+000
  0.49289750E+000
  0.49289682E+000
  0.49289613E+000
  0.49289544E+000
  0.49289474E+000
  0.49289403E+000
  0.49289332E+000
  0.49289261E+000
  0.49289189E+000
  0.49289117E+000
  0.49289045E+000
  0.49288973E+000
  0.49288901E+000
  0.49288830E+000
  0.49288758E+000
  0.49288687E+000
  0.49288615E+000
  0.49288545E+000
  0.49288474E+000
  0.49288404E+000
  0.49288334E+000
  0.49288265E+000
  0.49288197E+000
  0.49288129E+000
  0.49288062E+000
  0.49287995E+000
  0.49287929E+000
  0.49287864E+000
  0.49287800E+000
  0.49287736E+000
  0.49287673E+000
  0.49287611E+000
  0.49287550E+000
  0.49287490E+000
  0.49287431E+000
  0.49287372E+000
  0.49287314E+000
  0.49287258E+000
  0.49287202E+000
  0.49287147E+000
  0.49287093E+000
  0.49287040E+000
  0.49286988E+000
  0.49286937E+000
  0.49286887E+000
  0.49286838E+000
  0.49286790E+000
  0.49286742E+000
  0.49286696E+000
  0.49286651E+000
  0.49286606E+000
  0.49286563E+000
  0.49286520E+000
  0.49286478E+000
  0.49286438E+000
  0.49286398E+000
  0.49286359E+000
  0.49286320E+000
  0.49286283E+000
  0.49286247E+000
  0.49286211E+000
  0.49286177E+000
  0.49286143E+000
  0.49286110E+000
  0.49286077E+000
  0.49286046E+000
  0.49286015E+000
  0.49285986E+000
  0.49285957E+000
  0.49285928E+000
  0.49285901E+000
  0.49285874E+000
  0.49285848E+000
  0.49285823E+000
  0.49285798E+000
  0.49285774E+000
  0.49285751E+000
  0.49285728E+000
  0.49285706E+000
  0.49285685E+000
  0.49285665E+000
  0.49285645E+000
  0.49285625E+000
  0.49285606E+000
  0.49285588E+000
  0.49285571E+000
  0.49285554E+000
  0.49285537E+000
  0.49285522E+000
  0.49285506E+000
  0.49285492E+000
  0.49285477E+000
  0.49285464E+000
  0.49285450E+000
  0.49285438E+000
  0.49285425E+000
  0.49285414E+000
  0.49285402E+000
  0.49285391E+000
  0.49285381E+000
  0.49285371E+000
  0.49285361E+000
  0.49285352E+000
  0.49285343E+000
  0.49285334E+000
  0.49285326E+000
  0.49285318E+000
  0.49285311E+000
  0.49285304E+000
  0.49285297E+000
  0.49285290E+000
  0.49285284E+000
  0.49285277E+000
