  0.14973385E+001
  0.14990064E+001
  0.15005910E+001
  0.15020008E+001
  0.15032259E+001
  0.15042805E+001
  0.15051844E+001
  0.15059572E+001
  0.15066172E+001
  0.15071804E+001
  0.15076604E+001
  0.15080695E+001
  0.15084178E+001
  0.15087144E+001
  0.15089668E+001
  0.15091815E+001
  0.15093641E+001
  0.15095193E+001
  0.15096510E+001
  0.15097628E+001
  0.15098576E+001
  0.15099378E+001
  0.15100057E+001
  0.15100630E+001
  0.15101113E+001
  0.15101519E+001
  0.15101861E+001
  0.15102147E+001
  0.15102386E+001
  0.15102586E+001
  0.15102752E+001
  0.15102890E+001
  0.15103005E+001
  0.15103100E+001
  0.15103178E+001
  0.15103243E+001
  0.15103298E+001
  0.15103343E+001
  0.15103382E+001
  0.15103414E+001
  0.15103443E+001
  0.15103469E+001
  0.15103493E+001
  0.15103515E+001
  0.15103537E+001
  0.15103559E+001
  0.15103582E+001
  0.15103606E+001
  0.15103632E+001
  0.15103659E+001
  0.15103689E+001
  0.15103721E+001
  0.15103755E+001
  0.15103791E+001
  0.15103830E+001
  0.15103872E+001
  0.15103915E+001
  0.15103960E+001
  0.15104007E+001
  0.15104056E+001
  0.15104107E+001
  0.15104158E+001
  0.15104211E+001
  0.15104265E+001
  0.15104320E+001
  0.15104375E+001
  0.15104431E+001
  0.15104488E+001
  0.15104545E+001
  0.15104602E+001
  0.15104660E+001
  0.15104717E+001
  0.15104775E+001
  0.15104833E+001
  0.15104891E+001
  0.15104949E+001
  0.15105007E+001
  0.15105065E+001
  0.15105122E+001
  0.15105180E+001
  0.15105237E+001
  0.15105294E+001
  0.15105351E+001
  0.15105407E+001
  0.15105464E+001
  0.15105520E+001
  0.15105576E+001
  0.15105632E+001
  0.15105687E+001
  0.15105743E+001
  0.15105798E+001
  0.15105853E+001
  0.15105907E+001
  0.15105962E+001
  0.15106016E+001
  0.15106071E+001
  0.15106125E+001
  0.15106179E+001
  0.15106233E+001
  0.15106287E+001
  0.15106341E+001
  0.15106396E+001
  0.15106450E+001
  0.15106504E+001
  0.15106559E+001
  0.15106613E+001
  0.15106668E+001
  0.15106723E+001
  0.15106778E+001
  0.15106834E+001
  0.15106890E+001
  0.15106946E+001
  0.15107002E+001
  0.15107059E+001
  0.15107116E+001
  0.15107174E+001
  0.15107232E+001
  0.15107291E+001
  0.15107350E+001
  0.15107409E+001
  0.15107469E+001
  0.15107530E+001
  0.15107591E+001
  0.15107652E+001
  0.15107715E+001
  0.15107777E+001
  0.15107841E+001
  0.15107905E+001
  0.15107969E+001
  0.15108034E+001
  0.15108100E+001
  0.15108166E+001
  0.15108233E+001
  0.15108301E+001
  0.15108369E+001
  0.15108437E+001
  0.15108506E+001
  0.15108576E+001
  0.15108646E+001
  0.15108716E+001
  0.15108787E+001
  0.15108858E+001
  0.15108930E+001
  0.15109002E+001
  0.15109074E+001
  0.15109147E+001
  0.15109220E+001
  0.15109293E+001
  0.15109367E+001
  0.15109440E+001
  0.15109514E+001
  0.15109588E+001
  0.15109661E+001
  0.15109735E+001
  0.15109809E+001
  0.15109882E+001
  0.15109956E+001
  0.15110029E+001
  0.15110102E+001
  0.15110175E+001
  0.15110248E+001
  0.15110320E+001
  0.15110392E+001
  0.15110463E+001
  0.15110534E+001
  0.15110604E+001
  0.15110674E+001
  0.15110744E+001
  0.15110812E+001
  0.15110880E+001
  0.15110948E+001
  0.15111014E+001
  0.15111080E+001
  0.15111145E+001
  0.15111210E+001
  0.15111273E+001
  0.15111336E+001
  0.15111398E+001
  0.15111458E+001
  0.15111518E+001
  0.15111577E+001
  0.15111635E+001
  0.15111692E+001
  0.15111749E+001
  0.15111804E+001
  0.15111858E+001
  0.15111911E+001
  0.15111963E+001
  0.15112014E+001
  0.15112064E+001
  0.15112113E+001
  0.15112161E+001
  0.15112208E+001
  0.15112253E+001
  0.15112298E+001
  0.15112342E+001
  0.15112385E+001
  0.15112426E+001
  0.15112467E+001
  0.15112507E+001
