 -0.47078497E-001  0.61858877E-001  0.14541892E+001  0.42350121E+002
 -0.47135169E-001  0.61785985E-001  0.14531984E+001  0.42332272E+002
 -0.47176820E-001  0.61728836E-001  0.14523802E+001  0.42316700E+002
 -0.47206445E-001  0.61683411E-001  0.14517082E+001  0.42303315E+002
 -0.47226555E-001  0.61647434E-001  0.14511594E+001  0.42291877E+002
 -0.47239224E-001  0.61619165E-001  0.14507140E+001  0.42282129E+002
 -0.47246143E-001  0.61597183E-001  0.14503552E+001  0.42273832E+002
 -0.47248678E-001  0.61580318E-001  0.14500689E+001  0.42266779E+002
 -0.47247925E-001  0.61567610E-001  0.14498433E+001  0.42260786E+002
 -0.47244757E-001  0.61558271E-001  0.14496685E+001  0.42255697E+002
 -0.47239865E-001  0.61551659E-001  0.14495364E+001  0.42251378E+002
 -0.47233790E-001  0.61547253E-001  0.14494400E+001  0.42247716E+002
 -0.47226954E-001  0.61544630E-001  0.14493734E+001  0.42244612E+002
 -0.47219681E-001  0.61543448E-001  0.14493318E+001  0.42241985E+002
 -0.47212218E-001  0.61543428E-001  0.14493111E+001  0.42239764E+002
 -0.47204751E-001  0.61544350E-001  0.14493079E+001  0.42237889E+002
 -0.47197419E-001  0.61546032E-001  0.14493191E+001  0.42236310E+002
 -0.47190318E-001  0.61548328E-001  0.14493424E+001  0.42234983E+002
 -0.47183518E-001  0.61551121E-001  0.14493757E+001  0.42233873E+002
 -0.47177064E-001  0.61554315E-001  0.14494172E+001  0.42232947E+002
 -0.47170983E-001  0.61557832E-001  0.14494656E+001  0.42232180E+002
 -0.47165287E-001  0.61561609E-001  0.14495194E+001  0.42231548E+002
 -0.47159979E-001  0.61565593E-001  0.14495778E+001  0.42231033E+002
 -0.47155052E-001  0.61569742E-001  0.14496396E+001  0.42230618E+002
 -0.47150497E-001  0.61574019E-001  0.14497042E+001  0.42230290E+002
 -0.47146296E-001  0.61578394E-001  0.14497708E+001  0.42230035E+002
 -0.47142431E-001  0.61582840E-001  0.14498389E+001  0.42229844E+002
 -0.47138882E-001  0.61587334E-001  0.14499079E+001  0.42229707E+002
 -0.47135628E-001  0.61591855E-001  0.14499772E+001  0.42229618E+002
 -0.47132648E-001  0.61596382E-001  0.14500466E+001  0.42229569E+002
 -0.47129919E-001  0.61600898E-001  0.14501156E+001  0.42229554E+002
 -0.47127422E-001  0.61605384E-001  0.14501839E+001  0.42229570E+002
 -0.47125137E-001  0.61609823E-001  0.14502510E+001  0.42229611E+002
 -0.47123044E-001  0.61614196E-001  0.14503169E+001  0.42229675E+002
 -0.47121127E-001  0.61618488E-001  0.14503811E+001  0.42229757E+002
 -0.47119368E-001  0.61622680E-001  0.14504434E+001  0.42229856E+002
 -0.47117754E-001  0.61626756E-001  0.14505037E+001  0.42229968E+002
 -0.47116271E-001  0.61630700E-001  0.14505617E+001  0.42230093E+002
 -0.47114906E-001  0.61634499E-001  0.14506174E+001  0.42230228E+002
 -0.47113648E-001  0.61638138E-001  0.14506705E+001  0.42230372E+002
 -0.47112489E-001  0.61641609E-001  0.14507210E+001  0.42230524E+002
 -0.47111419E-001  0.61644902E-001  0.14507688E+001  0.42230683E+002
 -0.47110430E-001  0.61648012E-001  0.14508139E+001  0.42230849E+002
 -0.47109515E-001  0.61650938E-001  0.14508564E+001  0.42231020E+002
 -0.47108667E-001  0.61653681E-001  0.14508964E+001  0.42231198E+002
 -0.47107881E-001  0.61656248E-001  0.14509338E+001  0.42231380E+002
 -0.47107151E-001  0.61658647E-001  0.14509689E+001  0.42231569E+002
 -0.47106471E-001  0.61660892E-001  0.14510017E+001  0.42231763E+002
 -0.47105836E-001  0.61662999E-001  0.14510326E+001  0.42231963E+002
 -0.47105242E-001  0.61664985E-001  0.14510618E+001  0.42232169E+002
 -0.47104682E-001  0.61666872E-001  0.14510894E+001  0.42232383E+002
 -0.47104154E-001  0.61668681E-001  0.14511157E+001  0.42232604E+002
 -0.47103651E-001  0.61670434E-001  0.14511410E+001  0.42232834E+002
 -0.47103171E-001  0.61672153E-001  0.14511655E+001  0.42233072E+002
 -0.47102710E-001  0.61673859E-001  0.14511895E+001  0.42233321E+002
 -0.47102264E-001  0.61675572E-001  0.14512132E+001  0.42233580E+002
 -0.47101830E-001  0.61677309E-001  0.14512369E+001  0.42233851E+002
 -0.47101405E-001  0.61679087E-001  0.14512606E+001  0.42234135E+002
 -0.47100988E-001  0.61680918E-001  0.14512847E+001  0.42234431E+002
 -0.47100576E-001  0.61682814E-001  0.14513092E+001  0.42234741E+002
 -0.47100168E-001  0.61684783E-001  0.14513343E+001  0.42235065E+002
 -0.47099762E-001  0.61686832E-001  0.14513601E+001  0.42235404E+002
 -0.47099358E-001  0.61688965E-001  0.14513867E+001  0.42235758E+002
 -0.47098955E-001  0.61691186E-001  0.14514141E+001  0.42236127E+002
 -0.47098553E-001  0.61693494E-001  0.14514424E+001  0.42236511E+002
 -0.47098152E-001  0.61695889E-001  0.14514715E+001  0.42236910E+002
 -0.47097751E-001  0.61698370E-001  0.14515016E+001  0.42237325E+002
 -0.47097351E-001  0.61700933E-001  0.14515327E+001  0.42237754E+002
 -0.47096951E-001  0.61703575E-001  0.14515647E+001  0.42238198E+002
 -0.47096553E-001  0.61706291E-001  0.14515975E+001  0.42238657E+002
 -0.47096155E-001  0.61709076E-001  0.14516313E+001  0.42239129E+002
 -0.47095759E-001  0.61711924E-001  0.14516660E+001  0.42239615E+002
 -0.47095364E-001  0.61714828E-001  0.14517015E+001  0.42240114E+002
 -0.47094972E-001  0.61717782E-001  0.14517377E+001  0.42240625E+002
 -0.47094581E-001  0.61720779E-001  0.14517748E+001  0.42241147E+002
 -0.47094193E-001  0.61723812E-001  0.14518126E+001  0.42241680E+002
 -0.47093808E-001  0.61726874E-001  0.14518511E+001  0.42242223E+002
 -0.47093425E-001  0.61729958E-001  0.14518902E+001  0.42242776E+002
 -0.47093046E-001  0.61733056E-001  0.14519299E+001  0.42243337E+002
 -0.47092669E-001  0.61736162E-001  0.14519701E+001  0.42243907E+002
 -0.47092297E-001  0.61739269E-001  0.14520108E+001  0.42244483E+002
 -0.47091927E-001  0.61742371E-001  0.14520520E+001  0.42245066E+002
 -0.47091562E-001  0.61745460E-001  0.14520936E+001  0.42245654E+002
 -0.47091200E-001  0.61748532E-001  0.14521356E+001  0.42246248E+002
 -0.47090843E-001  0.61751580E-001  0.14521778E+001  0.42246845E+002
 -0.47090489E-001  0.61754600E-001  0.14522203E+001  0.42247447E+002
 -0.47090140E-001  0.61757586E-001  0.14522630E+001  0.42248052E+002
 -0.47089796E-001  0.61760533E-001  0.14523059E+001  0.42248659E+002
 -0.47089456E-001  0.61763438E-001  0.14523488E+001  0.42249269E+002
 -0.47089121E-001  0.61766297E-001  0.14523919E+001  0.42249881E+002
 -0.47088790E-001  0.61769106E-001  0.14524349E+001  0.42250494E+002
 -0.47088465E-001  0.61771863E-001  0.14524779E+001  0.42251108E+002
 -0.47088146E-001  0.61774564E-001  0.14525208E+001  0.42251723E+002
 -0.47087831E-001  0.61777208E-001  0.14525636E+001  0.42252338E+002
 -0.47087522E-001  0.61779793E-001  0.14526062E+001  0.42252954E+002
 -0.47087219E-001  0.61782317E-001  0.14526486E+001  0.42253571E+002
 -0.47086922E-001  0.61784779E-001  0.14526907E+001  0.42254187E+002
 -0.47086630E-001  0.61787178E-001  0.14527325E+001  0.42254804E+002
 -0.47086344E-001  0.61789514E-001  0.14527740E+001  0.42255420E+002
 -0.47086065E-001  0.61791786E-001  0.14528151E+001  0.42256037E+002
 -0.47085791E-001  0.61793993E-001  0.14528558E+001  0.42256655E+002
 -0.47085524E-001  0.61796137E-001  0.14528960E+001  0.42257272E+002
 -0.47085263E-001  0.61798218E-001  0.14529357E+001  0.42257890E+002
 -0.47085008E-001  0.61800235E-001  0.14529749E+001  0.42258509E+002
 -0.47084759E-001  0.61802190E-001  0.14530135E+001  0.42259128E+002
 -0.47084517E-001  0.61804084E-001  0.14530515E+001  0.42259748E+002
 -0.47084281E-001  0.61805917E-001  0.14530890E+001  0.42260370E+002
 -0.47084051E-001  0.61807691E-001  0.14531257E+001  0.42260992E+002
 -0.47083828E-001  0.61809406E-001  0.14531619E+001  0.42261617E+002
 -0.47083611E-001  0.61811064E-001  0.14531973E+001  0.42262243E+002
 -0.47083399E-001  0.61812667E-001  0.14532320E+001  0.42262871E+002
 -0.47083194E-001  0.61814215E-001  0.14532660E+001  0.42263501E+002
 -0.47082995E-001  0.61815711E-001  0.14532993E+001  0.42264134E+002
 -0.47082802E-001  0.61817155E-001  0.14533318E+001  0.42264769E+002
 -0.47082614E-001  0.61818550E-001  0.14533636E+001  0.42265407E+002
 -0.47082433E-001  0.61819896E-001  0.14533946E+001  0.42266049E+002
 -0.47082257E-001  0.61821195E-001  0.14534249E+001  0.42266693E+002
 -0.47082086E-001  0.61822449E-001  0.14534543E+001  0.42267341E+002
 -0.47081920E-001  0.61823659E-001  0.14534830E+001  0.42267993E+002
 -0.47081760E-001  0.61824827E-001  0.14535109E+001  0.42268649E+002
 -0.47081605E-001  0.61825954E-001  0.14535381E+001  0.42269308E+002
 -0.47081455E-001  0.61827042E-001  0.14535645E+001  0.42269972E+002
 -0.47081310E-001  0.61828092E-001  0.14535901E+001  0.42270640E+002
 -0.47081169E-001  0.61829105E-001  0.14536150E+001  0.42271312E+002
 -0.47081033E-001  0.61830083E-001  0.14536391E+001  0.42271989E+002
 -0.47080902E-001  0.61831028E-001  0.14536625E+001  0.42272671E+002
 -0.47080774E-001  0.61831940E-001  0.14536852E+001  0.42273357E+002
 -0.47080651E-001  0.61832820E-001  0.14537072E+001  0.42274047E+002
 -0.47080532E-001  0.61833671E-001  0.14537284E+001  0.42274743E+002
 -0.47080417E-001  0.61834492E-001  0.14537490E+001  0.42275443E+002
 -0.47080305E-001  0.61835286E-001  0.14537690E+001  0.42276147E+002
 -0.47080197E-001  0.61836053E-001  0.14537882E+001  0.42276857E+002
 -0.47080093E-001  0.61836793E-001  0.14538069E+001  0.42277570E+002
 -0.47079992E-001  0.61837510E-001  0.14538249E+001  0.42278289E+002
 -0.47079894E-001  0.61838202E-001  0.14538423E+001  0.42279012E+002
 -0.47079800E-001  0.61838871E-001  0.14538591E+001  0.42279738E+002
 -0.47079708E-001  0.61839518E-001  0.14538753E+001  0.42280470E+002
 -0.47079620E-001  0.61840143E-001  0.14538910E+001  0.42281205E+002
 -0.47079534E-001  0.61840747E-001  0.14539062E+001  0.42281943E+002
 -0.47079451E-001  0.61841332E-001  0.14539208E+001  0.42282686E+002
 -0.47079371E-001  0.61841897E-001  0.14539349E+001  0.42283431E+002
 -0.47079294E-001  0.61842444E-001  0.14539485E+001  0.42284180E+002
 -0.47079219E-001  0.61842972E-001  0.14539617E+001  0.42284932E+002
 -0.47079147E-001  0.61843483E-001  0.14539743E+001  0.42285686E+002
 -0.47079077E-001  0.61843976E-001  0.14539866E+001  0.42286443E+002
 -0.47079009E-001  0.61844453E-001  0.14539984E+001  0.42287201E+002
 -0.47078944E-001  0.61844914E-001  0.14540097E+001  0.42287961E+002
 -0.47078880E-001  0.61845359E-001  0.14540207E+001  0.42288723E+002
 -0.47078819E-001  0.61845788E-001  0.14540313E+001  0.42289485E+002
 -0.47078760E-001  0.61846203E-001  0.14540415E+001  0.42290248E+002
 -0.47078703E-001  0.61846603E-001  0.14540513E+001  0.42291011E+002
 -0.47078649E-001  0.61846989E-001  0.14540607E+001  0.42291775E+002
 -0.47078596E-001  0.61847360E-001  0.14540698E+001  0.42292537E+002
 -0.47078545E-001  0.61847719E-001  0.14540786E+001  0.42293299E+002
 -0.47078496E-001  0.61848063E-001  0.14540870E+001  0.42294060E+002
 -0.47078448E-001  0.61848395E-001  0.14540951E+001  0.42294818E+002
 -0.47078403E-001  0.61848714E-001  0.14541030E+001  0.42295575E+002
 -0.47078359E-001  0.61849020E-001  0.14541105E+001  0.42296329E+002
 -0.47078317E-001  0.61849314E-001  0.14541177E+001  0.42297080E+002
 -0.47078277E-001  0.61849595E-001  0.14541246E+001  0.42297828E+002
 -0.47078238E-001  0.61849865E-001  0.14541312E+001  0.42298573E+002
 -0.47078201E-001  0.61850124E-001  0.14541376E+001  0.42299313E+002
 -0.47078166E-001  0.61850370E-001  0.14541437E+001  0.42300048E+002
 -0.47078132E-001  0.61850606E-001  0.14541496E+001  0.42300779E+002
 -0.47078100E-001  0.61850831E-001  0.14541552E+001  0.42301504E+002
 -0.47078069E-001  0.61851044E-001  0.14541606E+001  0.42302224E+002
 -0.47078039E-001  0.61851248E-001  0.14541657E+001  0.42302938E+002
 -0.47078012E-001  0.61851441E-001  0.14541707E+001  0.42303645E+002
 -0.47077985E-001  0.61851624E-001  0.14541754E+001  0.42304346E+002
 -0.47077960E-001  0.61851797E-001  0.14541798E+001  0.42305039E+002
 -0.47077936E-001  0.61851961E-001  0.14541841E+001  0.42305725E+002
 -0.47077914E-001  0.61852115E-001  0.14541882E+001  0.42306404E+002
 -0.47077892E-001  0.61852260E-001  0.14541920E+001  0.42307075E+002
 -0.47077872E-001  0.61852396E-001  0.14541957E+001  0.42307737E+002
 -0.47077853E-001  0.61852524E-001  0.14541992E+001  0.42308391E+002
 -0.47077836E-001  0.61852643E-001  0.14542025E+001  0.42309036E+002
 -0.47077819E-001  0.61852754E-001  0.14542056E+001  0.42309672E+002
 -0.47077804E-001  0.61852858E-001  0.14542086E+001  0.42310299E+002
 -0.47077789E-001  0.61852953E-001  0.14542114E+001  0.42310916E+002
 -0.47077776E-001  0.61853042E-001  0.14542140E+001  0.42311524E+002
 -0.47077764E-001  0.61853123E-001  0.14542165E+001  0.42312122E+002
 -0.47077752E-001  0.61853197E-001  0.14542188E+001  0.42312710E+002
 -0.47077742E-001  0.61853265E-001  0.14542210E+001  0.42313288E+002
 -0.47077732E-001  0.61853326E-001  0.14542231E+001  0.42313856E+002
 -0.47077724E-001  0.61853381E-001  0.14542250E+001  0.42314413E+002
 -0.47077716E-001  0.61853430E-001  0.14542268E+001  0.42314960E+002
 -0.47077709E-001  0.61853474E-001  0.14542284E+001  0.42315496E+002
 -0.47077702E-001  0.61853512E-001  0.14542300E+001  0.42316022E+002
 -0.47077697E-001  0.61853545E-001  0.14542314E+001  0.42316538E+002
 -0.47077692E-001  0.61853572E-001  0.14542327E+001  0.42317042E+002
 -0.47077688E-001  0.61853595E-001  0.14542340E+001  0.42317536E+002
 -0.47077684E-001  0.61853612E-001  0.14542351E+001  0.42318020E+002
 -0.47077681E-001  0.61853625E-001  0.14542361E+001  0.42318492E+002
 -0.47077679E-001  0.61853633E-001  0.14542370E+001  0.42318954E+002
 -0.47077677E-001  0.61853636E-001  0.14542378E+001  0.42319405E+002
 -0.47077676E-001  0.61853635E-001  0.14542385E+001  0.42319846E+002
 -0.47077675E-001  0.61853629E-001  0.14542391E+001  0.42320276E+002
 -0.47077675E-001  0.61853619E-001  0.14542397E+001  0.42320695E+002
 -0.47077674E-001  0.61853605E-001  0.14542401E+001  0.42321104E+002
 -0.47077675E-001  0.61853589E-001  0.14542405E+001  0.42321504E+002
