  0.57394311E+000  0.93941076E+000  0.10780586E+001  0.33979420E+001
  0.57420491E+000  0.93952140E+000  0.10785489E+001  0.34037506E+001
  0.57443971E+000  0.93961326E+000  0.10789647E+001  0.34093469E+001
  0.57464460E+000  0.93969266E+000  0.10793283E+001  0.34143382E+001
  0.57482112E+000  0.93976071E+000  0.10796428E+001  0.34186793E+001
  0.57497213E+000  0.93981834E+000  0.10799132E+001  0.34224187E+001
  0.57510066E+000  0.93986717E+000  0.10801446E+001  0.34256254E+001
  0.57520971E+000  0.93990854E+000  0.10803420E+001  0.34283689E+001
  0.57530213E+000  0.93994342E+000  0.10805103E+001  0.34307134E+001
  0.57538030E+000  0.93997277E+000  0.10806534E+001  0.34327153E+001
  0.57544629E+000  0.93999735E+000  0.10807752E+001  0.34344233E+001
  0.57550179E+000  0.94001807E+000  0.10808785E+001  0.34358799E+001
  0.57554848E+000  0.94003535E+000  0.10809660E+001  0.34371219E+001
  0.57558769E+000  0.94004969E+000  0.10810403E+001  0.34381805E+001
  0.57562053E+000  0.94006154E+000  0.10811031E+001  0.34390825E+001
  0.57564793E+000  0.94007127E+000  0.10811563E+001  0.34398511E+001
  0.57567072E+000  0.94007918E+000  0.10812011E+001  0.34405059E+001
  0.57568957E+000  0.94008556E+000  0.10812389E+001  0.34410635E+001
  0.57570507E+000  0.94009063E+000  0.10812708E+001  0.34415381E+001
  0.57571771E+000  0.94009459E+000  0.10812976E+001  0.34419418E+001
  0.57572789E+000  0.94009762E+000  0.10813201E+001  0.34422852E+001
  0.57573602E+000  0.94009984E+000  0.10813389E+001  0.34425769E+001
  0.57574240E+000  0.94010138E+000  0.10813546E+001  0.34428247E+001
  0.57574729E+000  0.94010232E+000  0.10813677E+001  0.34430350E+001
  0.57575092E+000  0.94010276E+000  0.10813785E+001  0.34432133E+001
  0.57575350E+000  0.94010279E+000  0.10813874E+001  0.34433644E+001
  0.57575518E+000  0.94010246E+000  0.10813947E+001  0.34434924E+001
  0.57575611E+000  0.94010183E+000  0.10814007E+001  0.34436006E+001
  0.57575642E+000  0.94010094E+000  0.10814054E+001  0.34436921E+001
  0.57575622E+000  0.94009986E+000  0.10814092E+001  0.34437695E+001
  0.57575561E+000  0.94009860E+000  0.10814122E+001  0.34438349E+001
  0.57575466E+000  0.94009721E+000  0.10814145E+001  0.34438902E+001
  0.57575345E+000  0.94009571E+000  0.10814162E+001  0.34439370E+001
  0.57575204E+000  0.94009413E+000  0.10814174E+001  0.34439767E+001
  0.57575049E+000  0.94009250E+000  0.10814183E+001  0.34440104E+001
  0.57574884E+000  0.94009084E+000  0.10814189E+001  0.34440393E+001
  0.57574714E+000  0.94008916E+000  0.10814192E+001  0.34440640E+001
  0.57574542E+000  0.94008750E+000  0.10814193E+001  0.34440855E+001
  0.57574372E+000  0.94008585E+000  0.10814193E+001  0.34441042E+001
  0.57574205E+000  0.94008425E+000  0.10814191E+001  0.34441208E+001
  0.57574045E+000  0.94008270E+000  0.10814190E+001  0.34441356E+001
  0.57573893E+000  0.94008122E+000  0.10814187E+001  0.34441491E+001
  0.57573750E+000  0.94007982E+000  0.10814185E+001  0.34441616E+001
  0.57573618E+000  0.94007850E+000  0.10814183E+001  0.34441734E+001
  0.57573498E+000  0.94007728E+000  0.10814182E+001  0.34441848E+001
  0.57573390E+000  0.94007616E+000  0.10814181E+001  0.34441959E+001
  0.57573294E+000  0.94007515E+000  0.10814181E+001  0.34442070E+001
  0.57573211E+000  0.94007424E+000  0.10814182E+001  0.34442183E+001
  0.57573141E+000  0.94007344E+000  0.10814184E+001  0.34442299E+001
  0.57573082E+000  0.94007275E+000  0.10814186E+001  0.34442419E+001
  0.57573036E+000  0.94007215E+000  0.10814191E+001  0.34442544E+001
  0.57573000E+000  0.94007166E+000  0.10814196E+001  0.34442674E+001
  0.57572975E+000  0.94007125E+000  0.10814202E+001  0.34442811E+001
  0.57572959E+000  0.94007093E+000  0.10814210E+001  0.34442955E+001
  0.57572952E+000  0.94007068E+000  0.10814218E+001  0.34443105E+001
  0.57572953E+000  0.94007050E+000  0.10814228E+001  0.34443262E+001
  0.57572960E+000  0.94007038E+000  0.10814239E+001  0.34443425E+001
  0.57572974E+000  0.94007031E+000  0.10814251E+001  0.34443594E+001
  0.57572993E+000  0.94007029E+000  0.10814264E+001  0.34443768E+001
  0.57573017E+000  0.94007031E+000  0.10814277E+001  0.34443947E+001
  0.57573045E+000  0.94007036E+000  0.10814292E+001  0.34444131E+001
  0.57573076E+000  0.94007044E+000  0.10814307E+001  0.34444319E+001
  0.57573111E+000  0.94007054E+000  0.10814323E+001  0.34444509E+001
  0.57573148E+000  0.94007067E+000  0.10814339E+001  0.34444703E+001
  0.57573188E+000  0.94007081E+000  0.10814357E+001  0.34444899E+001
  0.57573230E+000  0.94007097E+000  0.10814374E+001  0.34445098E+001
  0.57573274E+000  0.94007114E+000  0.10814393E+001  0.34445297E+001
  0.57573320E+000  0.94007133E+000  0.10814411E+001  0.34445498E+001
  0.57573368E+000  0.94007153E+000  0.10814431E+001  0.34445700E+001
  0.57573417E+000  0.94007174E+000  0.10814450E+001  0.34445902E+001
  0.57573469E+000  0.94007196E+000  0.10814471E+001  0.34446105E+001
  0.57573522E+000  0.94007220E+000  0.10814491E+001  0.34446308E+001
  0.57573577E+000  0.94007244E+000  0.10814513E+001  0.34446510E+001
  0.57573633E+000  0.94007270E+000  0.10814534E+001  0.34446712E+001
  0.57573691E+000  0.94007297E+000  0.10814556E+001  0.34446913E+001
  0.57573751E+000  0.94007325E+000  0.10814579E+001  0.34447114E+001
  0.57573812E+000  0.94007354E+000  0.10814602E+001  0.34447313E+001
  0.57573875E+000  0.94007384E+000  0.10814625E+001  0.34447512E+001
  0.57573940E+000  0.94007415E+000  0.10814649E+001  0.34447709E+001
  0.57574007E+000  0.94007447E+000  0.10814672E+001  0.34447905E+001
  0.57574074E+000  0.94007481E+000  0.10814697E+001  0.34448100E+001
  0.57574144E+000  0.94007515E+000  0.10814722E+001  0.34448293E+001
  0.57574215E+000  0.94007550E+000  0.10814747E+001  0.34448485E+001
  0.57574287E+000  0.94007585E+000  0.10814772E+001  0.34448675E+001
  0.57574361E+000  0.94007622E+000  0.10814797E+001  0.34448864E+001
  0.57574436E+000  0.94007660E+000  0.10814823E+001  0.34449052E+001
  0.57574513E+000  0.94007698E+000  0.10814849E+001  0.34449238E+001
  0.57574590E+000  0.94007737E+000  0.10814876E+001  0.34449423E+001
  0.57574669E+000  0.94007777E+000  0.10814902E+001  0.34449606E+001
  0.57574749E+000  0.94007817E+000  0.10814929E+001  0.34449789E+001
  0.57574830E+000  0.94007858E+000  0.10814956E+001  0.34449970E+001
  0.57574912E+000  0.94007899E+000  0.10814983E+001  0.34450150E+001
  0.57574995E+000  0.94007941E+000  0.10815010E+001  0.34450330E+001
  0.57575078E+000  0.94007983E+000  0.10815037E+001  0.34450508E+001
  0.57575162E+000  0.94008026E+000  0.10815065E+001  0.34450686E+001
  0.57575246E+000  0.94008069E+000  0.10815092E+001  0.34450863E+001
  0.57575331E+000  0.94008112E+000  0.10815120E+001  0.34451040E+001
  0.57575416E+000  0.94008156E+000  0.10815147E+001  0.34451216E+001
  0.57575502E+000  0.94008199E+000  0.10815174E+001  0.34451393E+001
  0.57575587E+000  0.94008243E+000  0.10815202E+001  0.34451569E+001
  0.57575673E+000  0.94008287E+000  0.10815229E+001  0.34451745E+001
  0.57575758E+000  0.94008331E+000  0.10815256E+001  0.34451922E+001
  0.57575844E+000  0.94008375E+000  0.10815283E+001  0.34452099E+001
  0.57575929E+000  0.94008418E+000  0.10815310E+001  0.34452276E+001
  0.57576013E+000  0.94008462E+000  0.10815337E+001  0.34452455E+001
  0.57576098E+000  0.94008506E+000  0.10815363E+001  0.34452634E+001
  0.57576182E+000  0.94008549E+000  0.10815389E+001  0.34452814E+001
  0.57576265E+000  0.94008592E+000  0.10815415E+001  0.34452995E+001
  0.57576347E+000  0.94008635E+000  0.10815441E+001  0.34453178E+001
  0.57576429E+000  0.94008677E+000  0.10815467E+001  0.34453362E+001
  0.57576510E+000  0.94008719E+000  0.10815492E+001  0.34453548E+001
  0.57576590E+000  0.94008761E+000  0.10815517E+001  0.34453735E+001
  0.57576669E+000  0.94008802E+000  0.10815542E+001  0.34453924E+001
  0.57576748E+000  0.94008843E+000  0.10815566E+001  0.34454115E+001
  0.57576825E+000  0.94008884E+000  0.10815590E+001  0.34454309E+001
  0.57576901E+000  0.94008923E+000  0.10815613E+001  0.34454504E+001
  0.57576976E+000  0.94008963E+000  0.10815637E+001  0.34454702E+001
  0.57577049E+000  0.94009001E+000  0.10815660E+001  0.34454902E+001
  0.57577122E+000  0.94009039E+000  0.10815682E+001  0.34455104E+001
  0.57577193E+000  0.94009077E+000  0.10815704E+001  0.34455309E+001
  0.57577263E+000  0.94009114E+000  0.10815726E+001  0.34455517E+001
  0.57577332E+000  0.94009150E+000  0.10815747E+001  0.34455728E+001
  0.57577399E+000  0.94009186E+000  0.10815768E+001  0.34455941E+001
  0.57577466E+000  0.94009221E+000  0.10815788E+001  0.34456157E+001
  0.57577530E+000  0.94009255E+000  0.10815808E+001  0.34456376E+001
  0.57577594E+000  0.94009289E+000  0.10815828E+001  0.34456598E+001
  0.57577656E+000  0.94009321E+000  0.10815847E+001  0.34456823E+001
  0.57577716E+000  0.94009354E+000  0.10815866E+001  0.34457050E+001
  0.57577776E+000  0.94009385E+000  0.10815884E+001  0.34457281E+001
  0.57577834E+000  0.94009416E+000  0.10815902E+001  0.34457515E+001
  0.57577890E+000  0.94009446E+000  0.10815920E+001  0.34457751E+001
  0.57577945E+000  0.94009475E+000  0.10815937E+001  0.34457991E+001
  0.57577999E+000  0.94009504E+000  0.10815953E+001  0.34458233E+001
  0.57578052E+000  0.94009532E+000  0.10815970E+001  0.34458479E+001
  0.57578103E+000  0.94009559E+000  0.10815986E+001  0.34458727E+001
  0.57578153E+000  0.94009586E+000  0.10816001E+001  0.34458977E+001
  0.57578201E+000  0.94009612E+000  0.10816016E+001  0.34459231E+001
  0.57578249E+000  0.94009637E+000  0.10816031E+001  0.34459487E+001
  0.57578295E+000  0.94009662E+000  0.10816045E+001  0.34459746E+001
  0.57578340E+000  0.94009686E+000  0.10816059E+001  0.34460007E+001
  0.57578383E+000  0.94009709E+000  0.10816073E+001  0.34460270E+001
  0.57578425E+000  0.94009731E+000  0.10816086E+001  0.34460536E+001
  0.57578466E+000  0.94009753E+000  0.10816098E+001  0.34460803E+001
  0.57578506E+000  0.94009775E+000  0.10816111E+001  0.34461073E+001
  0.57578545E+000  0.94009795E+000  0.10816123E+001  0.34461345E+001
  0.57578583E+000  0.94009816E+000  0.10816135E+001  0.34461618E+001
  0.57578619E+000  0.94009835E+000  0.10816146E+001  0.34461893E+001
  0.57578655E+000  0.94009854E+000  0.10816157E+001  0.34462169E+001
  0.57578689E+000  0.94009872E+000  0.10816168E+001  0.34462447E+001
  0.57578722E+000  0.94009890E+000  0.10816178E+001  0.34462725E+001
  0.57578754E+000  0.94009908E+000  0.10816188E+001  0.34463005E+001
  0.57578786E+000  0.94009924E+000  0.10816198E+001  0.34463285E+001
  0.57578816E+000  0.94009940E+000  0.10816208E+001  0.34463566E+001
  0.57578845E+000  0.94009956E+000  0.10816217E+001  0.34463847E+001
  0.57578873E+000  0.94009971E+000  0.10816226E+001  0.34464129E+001
  0.57578901E+000  0.94009986E+000  0.10816234E+001  0.34464411E+001
  0.57578927E+000  0.94010000E+000  0.10816243E+001  0.34464692E+001
  0.57578953E+000  0.94010014E+000  0.10816251E+001  0.34464974E+001
  0.57578977E+000  0.94010027E+000  0.10816258E+001  0.34465255E+001
  0.57579001E+000  0.94010040E+000  0.10816266E+001  0.34465535E+001
  0.57579024E+000  0.94010052E+000  0.10816273E+001  0.34465814E+001
  0.57579047E+000  0.94010064E+000  0.10816280E+001  0.34466093E+001
  0.57579068E+000  0.94010076E+000  0.10816287E+001  0.34466370E+001
  0.57579089E+000  0.94010087E+000  0.10816293E+001  0.34466646E+001
  0.57579108E+000  0.94010098E+000  0.10816299E+001  0.34466920E+001
  0.57579128E+000  0.94010108E+000  0.10816306E+001  0.34467193E+001
  0.57579146E+000  0.94010118E+000  0.10816311E+001  0.34467464E+001
  0.57579164E+000  0.94010127E+000  0.10816317E+001  0.34467733E+001
  0.57579181E+000  0.94010137E+000  0.10816322E+001  0.34467999E+001
  0.57579197E+000  0.94010146E+000  0.10816327E+001  0.34468264E+001
  0.57579213E+000  0.94010154E+000  0.10816332E+001  0.34468526E+001
  0.57579228E+000  0.94010162E+000  0.10816337E+001  0.34468785E+001
  0.57579243E+000  0.94010170E+000  0.10816342E+001  0.34469042E+001
  0.57579256E+000  0.94010178E+000  0.10816346E+001  0.34469296E+001
  0.57579270E+000  0.94010185E+000  0.10816350E+001  0.34469547E+001
  0.57579283E+000  0.94010192E+000  0.10816354E+001  0.34469795E+001
  0.57579295E+000  0.94010198E+000  0.10816358E+001  0.34470040E+001
  0.57579306E+000  0.94010205E+000  0.10816362E+001  0.34470282E+001
  0.57579318E+000  0.94010211E+000  0.10816365E+001  0.34470520E+001
  0.57579328E+000  0.94010216E+000  0.10816369E+001  0.34470754E+001
  0.57579338E+000  0.94010222E+000  0.10816372E+001  0.34470986E+001
  0.57579348E+000  0.94010227E+000  0.10816375E+001  0.34471213E+001
  0.57579357E+000  0.94010232E+000  0.10816378E+001  0.34471437E+001
  0.57579366E+000  0.94010237E+000  0.10816381E+001  0.34471657E+001
  0.57579375E+000  0.94010241E+000  0.10816383E+001  0.34471874E+001
  0.57579382E+000  0.94010246E+000  0.10816386E+001  0.34472087E+001
  0.57579390E+000  0.94010250E+000  0.10816388E+001  0.34472295E+001
  0.57579397E+000  0.94010254E+000  0.10816391E+001  0.34472500E+001
  0.57579404E+000  0.94010258E+000  0.10816393E+001  0.34472701E+001
  0.57579410E+000  0.94010261E+000  0.10816395E+001  0.34472898E+001
  0.57579417E+000  0.94010264E+000  0.10816397E+001  0.34473091E+001
  0.57579422E+000  0.94010267E+000  0.10816399E+001  0.34473280E+001
  0.57579428E+000  0.94010270E+000  0.10816400E+001  0.34473464E+001
  0.57579433E+000  0.94010273E+000  0.10816402E+001  0.34473645E+001
  0.57579438E+000  0.94010276E+000  0.10816403E+001  0.34473822E+001
  0.57579442E+000  0.94010278E+000  0.10816405E+001  0.34473995E+001
  0.57579447E+000  0.94010281E+000  0.10816406E+001  0.34474163E+001
  0.57579451E+000  0.94010283E+000  0.10816407E+001  0.34474328E+001
  0.57579455E+000  0.94010285E+000  0.10816409E+001  0.34474490E+001
  0.57579457E+000  0.94010286E+000  0.10816410E+001  0.34474648E+001
