  0.68652166E+000
  0.68664479E+000
  0.68672815E+000
  0.68679488E+000
  0.68684975E+000
  0.68689503E+000
  0.68693236E+000
  0.68696308E+000
  0.68698829E+000
  0.68700892E+000
  0.68702573E+000
  0.68703936E+000
  0.68705033E+000
  0.68705908E+000
  0.68706598E+000
  0.68707133E+000
  0.68707539E+000
  0.68707837E+000
  0.68708044E+000
  0.68708176E+000
  0.68708246E+000
  0.68708263E+000
  0.68708237E+000
  0.68708175E+000
  0.68708083E+000
  0.68707968E+000
  0.68707833E+000
  0.68707682E+000
  0.68707519E+000
  0.68707348E+000
  0.68707169E+000
  0.68706987E+000
  0.68706802E+000
  0.68706617E+000
  0.68706433E+000
  0.68706251E+000
  0.68706073E+000
  0.68705899E+000
  0.68705732E+000
  0.68705571E+000
  0.68705417E+000
  0.68705272E+000
  0.68705134E+000
  0.68705006E+000
  0.68704887E+000
  0.68704776E+000
  0.68704675E+000
  0.68704582E+000
  0.68704498E+000
  0.68704421E+000
  0.68704351E+000
  0.68704288E+000
  0.68704231E+000
  0.68704178E+000
  0.68704129E+000
  0.68704084E+000
  0.68704040E+000
  0.68703998E+000
  0.68703956E+000
  0.68703914E+000
  0.68703872E+000
  0.68703828E+000
  0.68703782E+000
  0.68703734E+000
  0.68703684E+000
  0.68703632E+000
  0.68703576E+000
  0.68703518E+000
  0.68703457E+000
  0.68703392E+000
  0.68703325E+000
  0.68703255E+000
  0.68703182E+000
  0.68703106E+000
  0.68703028E+000
  0.68702947E+000
  0.68702863E+000
  0.68702777E+000
  0.68702690E+000
  0.68702600E+000
  0.68702508E+000
  0.68702415E+000
  0.68702320E+000
  0.68702224E+000
  0.68702127E+000
  0.68702028E+000
  0.68701929E+000
  0.68701829E+000
  0.68701729E+000
  0.68701628E+000
  0.68701527E+000
  0.68701425E+000
  0.68701324E+000
  0.68701222E+000
  0.68701121E+000
  0.68701020E+000
  0.68700919E+000
  0.68700819E+000
  0.68700719E+000
  0.68700620E+000
  0.68700521E+000
  0.68700423E+000
  0.68700326E+000
  0.68700230E+000
  0.68700135E+000
  0.68700040E+000
  0.68699947E+000
  0.68699854E+000
  0.68699763E+000
  0.68699672E+000
  0.68699583E+000
  0.68699495E+000
  0.68699408E+000
  0.68699322E+000
  0.68699237E+000
  0.68699154E+000
  0.68699071E+000
  0.68698990E+000
  0.68698910E+000
  0.68698831E+000
  0.68698754E+000
  0.68698677E+000
  0.68698602E+000
  0.68698528E+000
  0.68698455E+000
  0.68698384E+000
  0.68698314E+000
  0.68698245E+000
  0.68698177E+000
  0.68698110E+000
  0.68698045E+000
  0.68697981E+000
  0.68697918E+000
  0.68697856E+000
  0.68697796E+000
  0.68697736E+000
  0.68697678E+000
  0.68697621E+000
  0.68697565E+000
  0.68697510E+000
  0.68697457E+000
  0.68697404E+000
  0.68697353E+000
  0.68697303E+000
  0.68697254E+000
  0.68697206E+000
  0.68697159E+000
  0.68697113E+000
  0.68697068E+000
  0.68697024E+000
  0.68696982E+000
  0.68696940E+000
  0.68696899E+000
  0.68696859E+000
  0.68696821E+000
  0.68696783E+000
  0.68696746E+000
  0.68696710E+000
  0.68696675E+000
  0.68696641E+000
  0.68696608E+000
  0.68696576E+000
  0.68696545E+000
  0.68696514E+000
  0.68696485E+000
  0.68696456E+000
  0.68696428E+000
  0.68696401E+000
  0.68696375E+000
  0.68696349E+000
  0.68696325E+000
  0.68696301E+000
  0.68696277E+000
  0.68696255E+000
  0.68696233E+000
  0.68696212E+000
  0.68696192E+000
  0.68696173E+000
  0.68696154E+000
  0.68696135E+000
  0.68696118E+000
  0.68696101E+000
  0.68696084E+000
  0.68696069E+000
  0.68696053E+000
  0.68696039E+000
  0.68696025E+000
  0.68696011E+000
  0.68695998E+000
  0.68695986E+000
  0.68695974E+000
  0.68695962E+000
  0.68695951E+000
  0.68695941E+000
  0.68695930E+000
  0.68695921E+000
  0.68695911E+000
  0.68695903E+000
  0.68695894E+000
  0.68695884E+000
