  0.10954771E+002
  0.10950029E+002
  0.10945907E+002
  0.10942374E+002
  0.10939363E+002
  0.10936804E+002
  0.10934633E+002
  0.10932794E+002
  0.10931236E+002
  0.10929918E+002
  0.10928805E+002
  0.10927866E+002
  0.10927075E+002
  0.10926409E+002
  0.10925850E+002
  0.10925383E+002
  0.10924993E+002
  0.10924670E+002
  0.10924403E+002
  0.10924184E+002
  0.10924007E+002
  0.10923865E+002
  0.10923753E+002
  0.10923667E+002
  0.10923603E+002
  0.10923558E+002
  0.10923529E+002
  0.10923515E+002
  0.10923511E+002
  0.10923518E+002
  0.10923534E+002
  0.10923557E+002
  0.10923585E+002
  0.10923619E+002
  0.10923658E+002
  0.10923699E+002
  0.10923744E+002
  0.10923791E+002
  0.10923840E+002
  0.10923890E+002
  0.10923942E+002
  0.10923995E+002
  0.10924049E+002
  0.10924103E+002
  0.10924158E+002
  0.10924214E+002
  0.10924271E+002
  0.10924328E+002
  0.10924387E+002
  0.10924446E+002
  0.10924507E+002
  0.10924570E+002
  0.10924634E+002
  0.10924700E+002
  0.10924769E+002
  0.10924840E+002
  0.10924915E+002
  0.10924992E+002
  0.10925073E+002
  0.10925157E+002
  0.10925245E+002
  0.10925337E+002
  0.10925432E+002
  0.10925532E+002
  0.10925636E+002
  0.10925744E+002
  0.10925855E+002
  0.10925971E+002
  0.10926091E+002
  0.10926215E+002
  0.10926342E+002
  0.10926473E+002
  0.10926607E+002
  0.10926745E+002
  0.10926886E+002
  0.10927029E+002
  0.10927176E+002
  0.10927324E+002
  0.10927476E+002
  0.10927629E+002
  0.10927784E+002
  0.10927941E+002
  0.10928099E+002
  0.10928259E+002
  0.10928420E+002
  0.10928582E+002
  0.10928744E+002
  0.10928908E+002
  0.10929072E+002
  0.10929236E+002
  0.10929401E+002
  0.10929566E+002
  0.10929731E+002
  0.10929897E+002
  0.10930062E+002
  0.10930227E+002
  0.10930393E+002
  0.10930558E+002
  0.10930723E+002
  0.10930888E+002
  0.10931053E+002
  0.10931218E+002
  0.10931383E+002
  0.10931548E+002
  0.10931713E+002
  0.10931879E+002
  0.10932044E+002
  0.10932209E+002
  0.10932375E+002
  0.10932541E+002
  0.10932707E+002
  0.10932873E+002
  0.10933040E+002
  0.10933207E+002
  0.10933375E+002
  0.10933544E+002
  0.10933713E+002
  0.10933883E+002
  0.10934053E+002
  0.10934224E+002
  0.10934396E+002
  0.10934569E+002
  0.10934743E+002
  0.10934918E+002
  0.10935093E+002
  0.10935270E+002
  0.10935447E+002
  0.10935625E+002
  0.10935805E+002
  0.10935985E+002
  0.10936167E+002
  0.10936349E+002
  0.10936532E+002
  0.10936716E+002
  0.10936902E+002
  0.10937088E+002
  0.10937275E+002
  0.10937463E+002
  0.10937651E+002
  0.10937841E+002
  0.10938031E+002
  0.10938222E+002
  0.10938413E+002
  0.10938605E+002
  0.10938797E+002
  0.10938990E+002
  0.10939183E+002
  0.10939376E+002
  0.10939570E+002
  0.10939763E+002
  0.10939956E+002
  0.10940150E+002
  0.10940343E+002
  0.10940535E+002
  0.10940728E+002
  0.10940920E+002
  0.10941111E+002
  0.10941301E+002
  0.10941491E+002
  0.10941680E+002
  0.10941868E+002
  0.10942054E+002
  0.10942240E+002
  0.10942424E+002
  0.10942607E+002
  0.10942788E+002
  0.10942968E+002
  0.10943146E+002
  0.10943322E+002
  0.10943497E+002
  0.10943670E+002
  0.10943840E+002
  0.10944009E+002
  0.10944175E+002
  0.10944340E+002
  0.10944502E+002
  0.10944662E+002
  0.10944819E+002
  0.10944974E+002
  0.10945127E+002
  0.10945277E+002
  0.10945425E+002
  0.10945570E+002
  0.10945712E+002
  0.10945852E+002
  0.10945989E+002
  0.10946124E+002
  0.10946256E+002
  0.10946385E+002
  0.10946511E+002
  0.10946635E+002
  0.10946756E+002
  0.10946875E+002
  0.10946990E+002
  0.10947103E+002
  0.10947214E+002
  0.10947321E+002
  0.10947426E+002
  0.10947529E+002
  0.10947629E+002
