  0.52123783E-006
  0.52125396E-006
  0.52124932E-006
  0.52124386E-006
  0.52124148E-006
  0.52124235E-006
  0.52124591E-006
  0.52125149E-006
  0.52125851E-006
  0.52126651E-006
  0.52127511E-006
  0.52128401E-006
  0.52129297E-006
  0.52130180E-006
  0.52131036E-006
  0.52131853E-006
  0.52132623E-006
  0.52133339E-006
  0.52133996E-006
  0.52134592E-006
  0.52135125E-006
  0.52135593E-006
  0.52135998E-006
  0.52136341E-006
  0.52136623E-006
  0.52136847E-006
  0.52137016E-006
  0.52137135E-006
  0.52137206E-006
  0.52137235E-006
  0.52137225E-006
  0.52137182E-006
  0.52137110E-006
  0.52137013E-006
  0.52136896E-006
  0.52136764E-006
  0.52136619E-006
  0.52136467E-006
  0.52136309E-006
  0.52136149E-006
  0.52135990E-006
  0.52135832E-006
  0.52135678E-006
  0.52135527E-006
  0.52135381E-006
  0.52135239E-006
  0.52135102E-006
  0.52134967E-006
  0.52134834E-006
  0.52134702E-006
  0.52134570E-006
  0.52134437E-006
  0.52134300E-006
  0.52134158E-006
  0.52134012E-006
  0.52133858E-006
  0.52133697E-006
  0.52133527E-006
  0.52133348E-006
  0.52133159E-006
  0.52132960E-006
  0.52132751E-006
  0.52132531E-006
  0.52132300E-006
  0.52132059E-006
  0.52131808E-006
  0.52131546E-006
  0.52131274E-006
  0.52130994E-006
  0.52130704E-006
  0.52130406E-006
  0.52130100E-006
  0.52129787E-006
  0.52129468E-006
  0.52129143E-006
  0.52128814E-006
  0.52128480E-006
  0.52128143E-006
  0.52127803E-006
  0.52127461E-006
  0.52127118E-006
  0.52126776E-006
  0.52126433E-006
  0.52126092E-006
  0.52125752E-006
  0.52125415E-006
  0.52125081E-006
  0.52124751E-006
  0.52124425E-006
  0.52124104E-006
  0.52123788E-006
  0.52123477E-006
  0.52123172E-006
  0.52122874E-006
  0.52122581E-006
  0.52122296E-006
  0.52122017E-006
  0.52121746E-006
  0.52121481E-006
  0.52121224E-006
  0.52120974E-006
  0.52120731E-006
  0.52120495E-006
  0.52120266E-006
  0.52120045E-006
  0.52119831E-006
  0.52119623E-006
  0.52119422E-006
  0.52119228E-006
  0.52119040E-006
  0.52118859E-006
  0.52118684E-006
  0.52118515E-006
  0.52118352E-006
  0.52118194E-006
  0.52118042E-006
  0.52117895E-006
  0.52117753E-006
  0.52117616E-006
  0.52117484E-006
  0.52117357E-006
  0.52117233E-006
  0.52117114E-006
  0.52117000E-006
  0.52116889E-006
  0.52116781E-006
  0.52116678E-006
  0.52116578E-006
  0.52116481E-006
  0.52116387E-006
  0.52116297E-006
  0.52116209E-006
  0.52116124E-006
  0.52116042E-006
  0.52115963E-006
  0.52115886E-006
  0.52115812E-006
  0.52115740E-006
  0.52115670E-006
  0.52115603E-006
  0.52115537E-006
  0.52115474E-006
  0.52115413E-006
  0.52115354E-006
  0.52115297E-006
  0.52115241E-006
  0.52115188E-006
  0.52115136E-006
  0.52115086E-006
  0.52115038E-006
  0.52114992E-006
  0.52114947E-006
  0.52114904E-006
  0.52114862E-006
  0.52114822E-006
  0.52114784E-006
  0.52114747E-006
  0.52114712E-006
  0.52114678E-006
  0.52114646E-006
  0.52114615E-006
  0.52114586E-006
  0.52114558E-006
  0.52114531E-006
  0.52114506E-006
  0.52114482E-006
  0.52114459E-006
  0.52114438E-006
  0.52114418E-006
  0.52114399E-006
  0.52114381E-006
  0.52114365E-006
  0.52114350E-006
  0.52114335E-006
  0.52114322E-006
  0.52114310E-006
  0.52114299E-006
  0.52114289E-006
  0.52114280E-006
  0.52114271E-006
  0.52114264E-006
  0.52114257E-006
  0.52114251E-006
  0.52114247E-006
  0.52114242E-006
  0.52114239E-006
  0.52114236E-006
  0.52114234E-006
  0.52114233E-006
  0.52114232E-006
  0.52114232E-006
  0.52114232E-006
  0.52114234E-006
  0.52114235E-006
  0.52114238E-006
  0.52114241E-006
  0.52114244E-006
  0.52114248E-006
  0.52114253E-006
  0.52114258E-006
