  0.69328195E-001
  0.69444765E-001
  0.69525102E-001
  0.69578991E-001
  0.69613546E-001
  0.69633848E-001
  0.69643630E-001
  0.69645669E-001
  0.69642047E-001
  0.69634343E-001
  0.69623758E-001
  0.69611208E-001
  0.69597507E-001
  0.69583172E-001
  0.69568581E-001
  0.69554024E-001
  0.69539721E-001
  0.69525835E-001
  0.69512486E-001
  0.69499760E-001
  0.69487711E-001
  0.69476374E-001
  0.69465762E-001
  0.69455877E-001
  0.69446708E-001
  0.69438234E-001
  0.69430429E-001
  0.69423260E-001
  0.69416692E-001
  0.69410687E-001
  0.69405207E-001
  0.69400211E-001
  0.69395661E-001
  0.69391519E-001
  0.69387748E-001
  0.69384315E-001
  0.69381187E-001
  0.69378335E-001
  0.69375732E-001
  0.69373354E-001
  0.69371180E-001
  0.69369188E-001
  0.69367363E-001
  0.69365689E-001
  0.69364151E-001
  0.69362738E-001
  0.69361438E-001
  0.69360240E-001
  0.69359136E-001
  0.69358117E-001
  0.69357174E-001
  0.69356300E-001
  0.69355488E-001
  0.69354731E-001
  0.69354022E-001
  0.69353357E-001
  0.69352730E-001
  0.69352135E-001
  0.69351570E-001
  0.69351030E-001
  0.69350513E-001
  0.69350015E-001
  0.69349534E-001
  0.69349068E-001
  0.69348616E-001
  0.69348177E-001
  0.69347750E-001
  0.69347334E-001
  0.69346929E-001
  0.69346534E-001
  0.69346149E-001
  0.69345775E-001
  0.69345410E-001
  0.69345055E-001
  0.69344709E-001
  0.69344373E-001
  0.69344045E-001
  0.69343727E-001
  0.69343416E-001
  0.69343114E-001
  0.69342820E-001
  0.69342533E-001
  0.69342252E-001
  0.69341978E-001
  0.69341710E-001
  0.69341447E-001
  0.69341189E-001
  0.69340936E-001
  0.69340687E-001
  0.69340441E-001
  0.69340199E-001
  0.69339961E-001
  0.69339724E-001
  0.69339491E-001
  0.69339260E-001
  0.69339031E-001
  0.69338804E-001
  0.69338578E-001
  0.69338355E-001
  0.69338133E-001
  0.69337913E-001
  0.69337695E-001
  0.69337478E-001
  0.69337262E-001
  0.69337049E-001
  0.69336837E-001
  0.69336627E-001
  0.69336419E-001
  0.69336213E-001
  0.69336008E-001
  0.69335806E-001
  0.69335606E-001
  0.69335409E-001
  0.69335214E-001
  0.69335021E-001
  0.69334831E-001
  0.69334644E-001
  0.69334459E-001
  0.69334277E-001
  0.69334098E-001
  0.69333922E-001
  0.69333749E-001
  0.69333580E-001
  0.69333413E-001
  0.69333249E-001
  0.69333089E-001
  0.69332932E-001
  0.69332778E-001
  0.69332627E-001
  0.69332480E-001
  0.69332336E-001
  0.69332195E-001
  0.69332057E-001
  0.69331923E-001
  0.69331792E-001
  0.69331664E-001
  0.69331539E-001
  0.69331418E-001
  0.69331299E-001
  0.69331184E-001
  0.69331071E-001
  0.69330962E-001
  0.69330856E-001
  0.69330753E-001
  0.69330652E-001
  0.69330555E-001
  0.69330460E-001
  0.69330368E-001
  0.69330279E-001
  0.69330192E-001
  0.69330108E-001
  0.69330027E-001
  0.69329948E-001
  0.69329872E-001
  0.69329799E-001
  0.69329727E-001
  0.69329658E-001
  0.69329592E-001
  0.69329527E-001
  0.69329465E-001
  0.69329405E-001
  0.69329348E-001
  0.69329292E-001
  0.69329238E-001
  0.69329187E-001
  0.69329137E-001
  0.69329089E-001
  0.69329043E-001
  0.69328999E-001
  0.69328957E-001
  0.69328917E-001
  0.69328878E-001
  0.69328841E-001
  0.69328805E-001
  0.69328771E-001
  0.69328738E-001
  0.69328707E-001
  0.69328678E-001
  0.69328650E-001
  0.69328623E-001
  0.69328597E-001
  0.69328573E-001
  0.69328550E-001
  0.69328528E-001
  0.69328507E-001
  0.69328487E-001
  0.69328468E-001
  0.69328451E-001
  0.69328434E-001
  0.69328418E-001
  0.69328403E-001
  0.69328389E-001
  0.69328376E-001
  0.69328364E-001
  0.69328352E-001
  0.69328341E-001
  0.69328331E-001
  0.69328321E-001
  0.69328310E-001
  0.69328301E-001
