  0.28937212E+000
  0.28938107E+000
  0.28937850E+000
  0.28937547E+000
  0.28937415E+000
  0.28937463E+000
  0.28937661E+000
  0.28937970E+000
  0.28938360E+000
  0.28938804E+000
  0.28939282E+000
  0.28939776E+000
  0.28940273E+000
  0.28940763E+000
  0.28941238E+000
  0.28941692E+000
  0.28942119E+000
  0.28942517E+000
  0.28942882E+000
  0.28943213E+000
  0.28943508E+000
  0.28943769E+000
  0.28943993E+000
  0.28944184E+000
  0.28944340E+000
  0.28944465E+000
  0.28944559E+000
  0.28944625E+000
  0.28944664E+000
  0.28944680E+000
  0.28944675E+000
  0.28944651E+000
  0.28944611E+000
  0.28944557E+000
  0.28944492E+000
  0.28944418E+000
  0.28944338E+000
  0.28944253E+000
  0.28944166E+000
  0.28944077E+000
  0.28943989E+000
  0.28943901E+000
  0.28943815E+000
  0.28943732E+000
  0.28943651E+000
  0.28943572E+000
  0.28943496E+000
  0.28943421E+000
  0.28943347E+000
  0.28943274E+000
  0.28943201E+000
  0.28943126E+000
  0.28943050E+000
  0.28942972E+000
  0.28942891E+000
  0.28942805E+000
  0.28942716E+000
  0.28942622E+000
  0.28942522E+000
  0.28942417E+000
  0.28942307E+000
  0.28942191E+000
  0.28942069E+000
  0.28941941E+000
  0.28941807E+000
  0.28941667E+000
  0.28941522E+000
  0.28941371E+000
  0.28941215E+000
  0.28941054E+000
  0.28940889E+000
  0.28940719E+000
  0.28940545E+000
  0.28940368E+000
  0.28940188E+000
  0.28940005E+000
  0.28939820E+000
  0.28939632E+000
  0.28939444E+000
  0.28939254E+000
  0.28939064E+000
  0.28938873E+000
  0.28938683E+000
  0.28938494E+000
  0.28938305E+000
  0.28938118E+000
  0.28937933E+000
  0.28937750E+000
  0.28937569E+000
  0.28937390E+000
  0.28937215E+000
  0.28937042E+000
  0.28936873E+000
  0.28936707E+000
  0.28936545E+000
  0.28936386E+000
  0.28936232E+000
  0.28936081E+000
  0.28935934E+000
  0.28935791E+000
  0.28935652E+000
  0.28935517E+000
  0.28935387E+000
  0.28935260E+000
  0.28935137E+000
  0.28935018E+000
  0.28934903E+000
  0.28934791E+000
  0.28934683E+000
  0.28934579E+000
  0.28934479E+000
  0.28934381E+000
  0.28934287E+000
  0.28934197E+000
  0.28934109E+000
  0.28934025E+000
  0.28933943E+000
  0.28933864E+000
  0.28933788E+000
  0.28933715E+000
  0.28933644E+000
  0.28933576E+000
  0.28933510E+000
  0.28933446E+000
  0.28933385E+000
  0.28933325E+000
  0.28933267E+000
  0.28933212E+000
  0.28933158E+000
  0.28933106E+000
  0.28933056E+000
  0.28933007E+000
  0.28932960E+000
  0.28932915E+000
  0.28932871E+000
  0.28932828E+000
  0.28932787E+000
  0.28932747E+000
  0.28932708E+000
  0.28932671E+000
  0.28932634E+000
  0.28932599E+000
  0.28932565E+000
  0.28932532E+000
  0.28932501E+000
  0.28932470E+000
  0.28932440E+000
  0.28932412E+000
  0.28932384E+000
  0.28932357E+000
  0.28932331E+000
  0.28932306E+000
  0.28932283E+000
  0.28932260E+000
  0.28932237E+000
  0.28932216E+000
  0.28932196E+000
  0.28932176E+000
  0.28932157E+000
  0.28932139E+000
  0.28932122E+000
  0.28932106E+000
  0.28932090E+000
  0.28932076E+000
  0.28932062E+000
  0.28932048E+000
  0.28932036E+000
  0.28932024E+000
  0.28932013E+000
  0.28932002E+000
  0.28931993E+000
  0.28931984E+000
  0.28931975E+000
  0.28931967E+000
  0.28931960E+000
  0.28931953E+000
  0.28931947E+000
  0.28931941E+000
  0.28931936E+000
  0.28931931E+000
  0.28931927E+000
  0.28931924E+000
  0.28931920E+000
  0.28931918E+000
  0.28931915E+000
  0.28931913E+000
  0.28931912E+000
  0.28931911E+000
  0.28931910E+000
  0.28931910E+000
  0.28931910E+000
  0.28931910E+000
  0.28931911E+000
  0.28931912E+000
  0.28931913E+000
  0.28931915E+000
  0.28931916E+000
  0.28931919E+000
  0.28931921E+000
  0.28931924E+000
