  0.37566560E+000
  0.37567361E+000
  0.37568101E+000
  0.37568770E+000
  0.37569367E+000
  0.37569895E+000
  0.37570360E+000
  0.37570768E+000
  0.37571124E+000
  0.37571435E+000
  0.37571706E+000
  0.37571940E+000
  0.37572143E+000
  0.37572317E+000
  0.37572467E+000
  0.37572595E+000
  0.37572703E+000
  0.37572794E+000
  0.37572869E+000
  0.37572930E+000
  0.37572979E+000
  0.37573017E+000
  0.37573045E+000
  0.37573064E+000
  0.37573074E+000
  0.37573077E+000
  0.37573073E+000
  0.37573062E+000
  0.37573046E+000
  0.37573024E+000
  0.37572996E+000
  0.37572964E+000
  0.37572927E+000
  0.37572885E+000
  0.37572839E+000
  0.37572789E+000
  0.37572735E+000
  0.37572676E+000
  0.37572614E+000
  0.37572547E+000
  0.37572477E+000
  0.37572402E+000
  0.37572323E+000
  0.37572240E+000
  0.37572153E+000
  0.37572061E+000
  0.37571964E+000
  0.37571863E+000
  0.37571756E+000
  0.37571644E+000
  0.37571527E+000
  0.37571404E+000
  0.37571275E+000
  0.37571140E+000
  0.37570999E+000
  0.37570852E+000
  0.37570699E+000
  0.37570538E+000
  0.37570371E+000
  0.37570198E+000
  0.37570018E+000
  0.37569831E+000
  0.37569638E+000
  0.37569438E+000
  0.37569232E+000
  0.37569021E+000
  0.37568803E+000
  0.37568580E+000
  0.37568351E+000
  0.37568118E+000
  0.37567881E+000
  0.37567639E+000
  0.37567394E+000
  0.37567145E+000
  0.37566894E+000
  0.37566641E+000
  0.37566385E+000
  0.37566129E+000
  0.37565872E+000
  0.37565614E+000
  0.37565356E+000
  0.37565100E+000
  0.37564844E+000
  0.37564590E+000
  0.37564337E+000
  0.37564087E+000
  0.37563840E+000
  0.37563596E+000
  0.37563355E+000
  0.37563117E+000
  0.37562884E+000
  0.37562655E+000
  0.37562430E+000
  0.37562210E+000
  0.37561994E+000
  0.37561784E+000
  0.37561578E+000
  0.37561377E+000
  0.37561182E+000
  0.37560991E+000
  0.37560806E+000
  0.37560626E+000
  0.37560452E+000
  0.37560282E+000
  0.37560117E+000
  0.37559958E+000
  0.37559803E+000
  0.37559653E+000
  0.37559508E+000
  0.37559368E+000
  0.37559232E+000
  0.37559100E+000
  0.37558973E+000
  0.37558850E+000
  0.37558732E+000
  0.37558617E+000
  0.37558506E+000
  0.37558398E+000
  0.37558295E+000
  0.37558194E+000
  0.37558097E+000
  0.37558004E+000
  0.37557913E+000
  0.37557825E+000
  0.37557740E+000
  0.37557658E+000
  0.37557579E+000
  0.37557502E+000
  0.37557427E+000
  0.37557355E+000
  0.37557286E+000
  0.37557218E+000
  0.37557153E+000
  0.37557089E+000
  0.37557028E+000
  0.37556968E+000
  0.37556911E+000
  0.37556855E+000
  0.37556801E+000
  0.37556749E+000
  0.37556698E+000
  0.37556649E+000
  0.37556601E+000
  0.37556555E+000
  0.37556510E+000
  0.37556467E+000
  0.37556426E+000
  0.37556385E+000
  0.37556347E+000
  0.37556309E+000
  0.37556273E+000
  0.37556238E+000
  0.37556204E+000
  0.37556172E+000
  0.37556141E+000
  0.37556111E+000
  0.37556082E+000
  0.37556055E+000
  0.37556029E+000
  0.37556003E+000
  0.37555979E+000
  0.37555957E+000
  0.37555935E+000
  0.37555914E+000
  0.37555895E+000
  0.37555876E+000
  0.37555859E+000
  0.37555842E+000
  0.37555827E+000
  0.37555812E+000
  0.37555798E+000
  0.37555786E+000
  0.37555774E+000
  0.37555763E+000
  0.37555753E+000
  0.37555744E+000
  0.37555735E+000
  0.37555727E+000
  0.37555720E+000
  0.37555714E+000
  0.37555709E+000
  0.37555704E+000
  0.37555699E+000
  0.37555696E+000
  0.37555693E+000
  0.37555690E+000
  0.37555688E+000
  0.37555687E+000
  0.37555686E+000
  0.37555686E+000
  0.37555686E+000
  0.37555687E+000
  0.37555688E+000
  0.37555689E+000
  0.37555692E+000
  0.37555694E+000
  0.37555697E+000
  0.37555701E+000
  0.37555705E+000
  0.37555709E+000
