  0.23367010E+000
  0.23696742E+000
  0.23691640E+000
  0.23653161E+000
  0.23615809E+000
  0.23583300E+000
  0.23555482E+000
  0.23531738E+000
  0.23511397E+000
  0.23493985E+000
  0.23479164E+000
  0.23466542E+000
  0.23455750E+000
  0.23446517E+000
  0.23438612E+000
  0.23431831E+000
  0.23426004E+000
  0.23420985E+000
  0.23416650E+000
  0.23412895E+000
  0.23409629E+000
  0.23406777E+000
  0.23404275E+000
  0.23402069E+000
  0.23400112E+000
  0.23398365E+000
  0.23396796E+000
  0.23395376E+000
  0.23394082E+000
  0.23392894E+000
  0.23391795E+000
  0.23390772E+000
  0.23389815E+000
  0.23388913E+000
  0.23388060E+000
  0.23387251E+000
  0.23386481E+000
  0.23385749E+000
  0.23385052E+000
  0.23384390E+000
  0.23383763E+000
  0.23383171E+000
  0.23382616E+000
  0.23382097E+000
  0.23381616E+000
  0.23381173E+000
  0.23380770E+000
  0.23380405E+000
  0.23380078E+000
  0.23379788E+000
  0.23379534E+000
  0.23379314E+000
  0.23379125E+000
  0.23378964E+000
  0.23378830E+000
  0.23378717E+000
  0.23378625E+000
  0.23378549E+000
  0.23378487E+000
  0.23378436E+000
  0.23378393E+000
  0.23378357E+000
  0.23378325E+000
  0.23378297E+000
  0.23378270E+000
  0.23378244E+000
  0.23378217E+000
  0.23378190E+000
  0.23378162E+000
  0.23378131E+000
  0.23378099E+000
  0.23378064E+000
  0.23378027E+000
  0.23377987E+000
  0.23377944E+000
  0.23377900E+000
  0.23377852E+000
  0.23377802E+000
  0.23377749E+000
  0.23377694E+000
  0.23377636E+000
  0.23377576E+000
  0.23377513E+000
  0.23377448E+000
  0.23377381E+000
  0.23377312E+000
  0.23377241E+000
  0.23377169E+000
  0.23377094E+000
  0.23377018E+000
  0.23376941E+000
  0.23376862E+000
  0.23376782E+000
  0.23376701E+000
  0.23376619E+000
  0.23376537E+000
  0.23376454E+000
  0.23376370E+000
  0.23376286E+000
  0.23376202E+000
  0.23376117E+000
  0.23376033E+000
  0.23375948E+000
  0.23375864E+000
  0.23375780E+000
  0.23375697E+000
  0.23375614E+000
  0.23375531E+000
  0.23375449E+000
  0.23375368E+000
  0.23375288E+000
  0.23375208E+000
  0.23375129E+000
  0.23375052E+000
  0.23374975E+000
  0.23374899E+000
  0.23374825E+000
  0.23374751E+000
  0.23374679E+000
  0.23374608E+000
  0.23374539E+000
  0.23374471E+000
  0.23374404E+000
  0.23374338E+000
  0.23374274E+000
  0.23374211E+000
  0.23374150E+000
  0.23374090E+000
  0.23374032E+000
  0.23373975E+000
  0.23373919E+000
  0.23373865E+000
  0.23373813E+000
  0.23373762E+000
  0.23373712E+000
  0.23373663E+000
  0.23373616E+000
  0.23373571E+000
  0.23373526E+000
  0.23373483E+000
  0.23373442E+000
  0.23373401E+000
  0.23373362E+000
  0.23373324E+000
  0.23373287E+000
  0.23373251E+000
  0.23373217E+000
  0.23373183E+000
  0.23373151E+000
  0.23373119E+000
  0.23373089E+000
  0.23373059E+000
  0.23373031E+000
  0.23373003E+000
  0.23372976E+000
  0.23372950E+000
  0.23372925E+000
  0.23372901E+000
  0.23372877E+000
  0.23372854E+000
  0.23372832E+000
  0.23372810E+000
  0.23372789E+000
  0.23372769E+000
  0.23372749E+000
  0.23372730E+000
  0.23372712E+000
  0.23372694E+000
  0.23372677E+000
  0.23372660E+000
  0.23372644E+000
  0.23372628E+000
  0.23372613E+000
  0.23372598E+000
  0.23372583E+000
  0.23372570E+000
  0.23372556E+000
  0.23372543E+000
  0.23372530E+000
  0.23372518E+000
  0.23372506E+000
  0.23372495E+000
  0.23372484E+000
  0.23372473E+000
  0.23372463E+000
  0.23372453E+000
  0.23372443E+000
  0.23372434E+000
  0.23372424E+000
  0.23372416E+000
  0.23372407E+000
  0.23372398E+000
  0.23372390E+000
  0.23372382E+000
  0.23372374E+000
  0.23372367E+000
  0.23372359E+000
  0.23372351E+000
  0.23372343E+000
  0.23372335E+000
