  0.52304222E+000
  0.52634850E+000
  0.52629489E+000
  0.52590708E+000
  0.52553223E+000
  0.52520763E+000
  0.52493142E+000
  0.52469708E+000
  0.52449758E+000
  0.52432789E+000
  0.52418446E+000
  0.52406318E+000
  0.52396023E+000
  0.52387281E+000
  0.52379850E+000
  0.52373523E+000
  0.52368124E+000
  0.52363502E+000
  0.52359532E+000
  0.52356108E+000
  0.52353137E+000
  0.52350546E+000
  0.52348269E+000
  0.52346252E+000
  0.52344452E+000
  0.52342830E+000
  0.52341355E+000
  0.52340000E+000
  0.52338746E+000
  0.52337574E+000
  0.52336470E+000
  0.52335423E+000
  0.52334425E+000
  0.52333470E+000
  0.52332552E+000
  0.52331669E+000
  0.52330820E+000
  0.52330002E+000
  0.52329218E+000
  0.52328468E+000
  0.52327752E+000
  0.52327073E+000
  0.52326431E+000
  0.52325829E+000
  0.52325267E+000
  0.52324746E+000
  0.52324265E+000
  0.52323825E+000
  0.52323425E+000
  0.52323062E+000
  0.52322735E+000
  0.52322440E+000
  0.52322175E+000
  0.52321936E+000
  0.52321720E+000
  0.52321523E+000
  0.52321341E+000
  0.52321171E+000
  0.52321009E+000
  0.52320853E+000
  0.52320700E+000
  0.52320548E+000
  0.52320394E+000
  0.52320237E+000
  0.52320077E+000
  0.52319911E+000
  0.52319739E+000
  0.52319561E+000
  0.52319377E+000
  0.52319185E+000
  0.52318987E+000
  0.52318783E+000
  0.52318572E+000
  0.52318355E+000
  0.52318132E+000
  0.52317904E+000
  0.52317672E+000
  0.52317434E+000
  0.52317193E+000
  0.52316948E+000
  0.52316700E+000
  0.52316449E+000
  0.52316196E+000
  0.52315942E+000
  0.52315687E+000
  0.52315431E+000
  0.52315174E+000
  0.52314918E+000
  0.52314663E+000
  0.52314408E+000
  0.52314155E+000
  0.52313904E+000
  0.52313655E+000
  0.52313408E+000
  0.52313164E+000
  0.52312923E+000
  0.52312685E+000
  0.52312451E+000
  0.52312220E+000
  0.52311993E+000
  0.52311769E+000
  0.52311550E+000
  0.52311335E+000
  0.52311124E+000
  0.52310917E+000
  0.52310714E+000
  0.52310516E+000
  0.52310322E+000
  0.52310133E+000
  0.52309947E+000
  0.52309766E+000
  0.52309589E+000
  0.52309417E+000
  0.52309248E+000
  0.52309084E+000
  0.52308924E+000
  0.52308768E+000
  0.52308616E+000
  0.52308468E+000
  0.52308323E+000
  0.52308183E+000
  0.52308046E+000
  0.52307914E+000
  0.52307784E+000
  0.52307659E+000
  0.52307536E+000
  0.52307418E+000
  0.52307302E+000
  0.52307190E+000
  0.52307081E+000
  0.52306975E+000
  0.52306873E+000
  0.52306773E+000
  0.52306676E+000
  0.52306582E+000
  0.52306491E+000
  0.52306403E+000
  0.52306317E+000
  0.52306234E+000
  0.52306154E+000
  0.52306076E+000
  0.52306001E+000
  0.52305927E+000
  0.52305856E+000
  0.52305788E+000
  0.52305721E+000
  0.52305657E+000
  0.52305595E+000
  0.52305535E+000
  0.52305477E+000
  0.52305420E+000
  0.52305366E+000
  0.52305313E+000
  0.52305263E+000
  0.52305214E+000
  0.52305166E+000
  0.52305121E+000
  0.52305077E+000
  0.52305034E+000
  0.52304993E+000
  0.52304954E+000
  0.52304916E+000
  0.52304880E+000
  0.52304845E+000
  0.52304811E+000
  0.52304779E+000
  0.52304748E+000
  0.52304718E+000
  0.52304690E+000
  0.52304662E+000
  0.52304636E+000
  0.52304611E+000
  0.52304588E+000
  0.52304565E+000
  0.52304543E+000
  0.52304523E+000
  0.52304503E+000
  0.52304484E+000
  0.52304466E+000
  0.52304450E+000
  0.52304434E+000
  0.52304419E+000
  0.52304404E+000
  0.52304391E+000
  0.52304378E+000
  0.52304366E+000
  0.52304355E+000
  0.52304344E+000
  0.52304334E+000
  0.52304325E+000
  0.52304316E+000
  0.52304308E+000
  0.52304301E+000
  0.52304294E+000
  0.52304287E+000
  0.52304281E+000
  0.52304276E+000
  0.52304270E+000
  0.52304264E+000
  0.52304259E+000
