  0.42702719E+000
  0.42742254E+000
  0.42781822E+000
  0.42817256E+000
  0.42847888E+000
  0.42873909E+000
  0.42896748E+000
  0.42915845E+000
  0.42932494E+000
  0.42946719E+000
  0.42958773E+000
  0.42969036E+000
  0.42977820E+000
  0.42985537E+000
  0.42991946E+000
  0.42997616E+000
  0.43002274E+000
  0.43006162E+000
  0.43009684E+000
  0.43012703E+000
  0.43015063E+000
  0.43017261E+000
  0.43019288E+000
  0.43020842E+000
  0.43022183E+000
  0.43023293E+000
  0.43024473E+000
  0.43025306E+000
  0.43025961E+000
  0.43026544E+000
  0.43027351E+000
  0.43027754E+000
  0.43028218E+000
  0.43028581E+000
  0.43028843E+000
  0.43029165E+000
  0.43029467E+000
  0.43029689E+000
  0.43029854E+000
  0.43030063E+000
  0.43030245E+000
  0.43030408E+000
  0.43030572E+000
  0.43030722E+000
  0.43030867E+000
  0.43031033E+000
  0.43031095E+000
  0.43031248E+000
  0.43031372E+000
  0.43031506E+000
  0.43031620E+000
  0.43031742E+000
  0.43031897E+000
  0.43032023E+000
  0.43032162E+000
  0.43032267E+000
  0.43032385E+000
  0.43032511E+000
  0.43032655E+000
  0.43032792E+000
  0.43032921E+000
  0.43033054E+000
  0.43033248E+000
  0.43033365E+000
  0.43033484E+000
  0.43033607E+000
  0.43033751E+000
  0.43033895E+000
  0.43034017E+000
  0.43034157E+000
  0.43034347E+000
  0.43034486E+000
  0.43034636E+000
  0.43034785E+000
  0.43034928E+000
  0.43035063E+000
  0.43035205E+000
  0.43035350E+000
  0.43035485E+000
  0.43035628E+000
  0.43035757E+000
  0.43035895E+000
  0.43036005E+000
  0.43036122E+000
  0.43036230E+000
  0.43036348E+000
  0.43036521E+000
  0.43036631E+000
  0.43036742E+000
  0.43036852E+000
  0.43036960E+000
  0.43037055E+000
  0.43037159E+000
  0.43037260E+000
  0.43037362E+000
  0.43037462E+000
  0.43037562E+000
  0.43037661E+000
  0.43037759E+000
  0.43037857E+000
  0.43037955E+000
  0.43038052E+000
  0.43038150E+000
  0.43038249E+000
  0.43038348E+000
  0.43038447E+000
  0.43038548E+000
  0.43038650E+000
  0.43038753E+000
  0.43038858E+000
  0.43038964E+000
  0.43039072E+000
  0.43039182E+000
  0.43039295E+000
  0.43039409E+000
  0.43039526E+000
  0.43039646E+000
  0.43039769E+000
  0.43039894E+000
  0.43040017E+000
  0.43040147E+000
  0.43040283E+000
  0.43040420E+000
  0.43040561E+000
  0.43040706E+000
  0.43040853E+000
  0.43041004E+000
  0.43041159E+000
  0.43041318E+000
  0.43041481E+000
  0.43041647E+000
  0.43041815E+000
  0.43041988E+000
  0.43042164E+000
  0.43042343E+000
  0.43042525E+000
  0.43042711E+000
  0.43042901E+000
  0.43043094E+000
  0.43043290E+000
  0.43043490E+000
  0.43043693E+000
  0.43043897E+000
  0.43044105E+000
  0.43044315E+000
  0.43044527E+000
  0.43044742E+000
  0.43044959E+000
  0.43045178E+000
  0.43045399E+000
  0.43045623E+000
  0.43045847E+000
  0.43046073E+000
  0.43046300E+000
  0.43046529E+000
  0.43046758E+000
  0.43046988E+000
  0.43047218E+000
  0.43047449E+000
  0.43047681E+000
  0.43047911E+000
  0.43048142E+000
  0.43048373E+000
  0.43048604E+000
  0.43048833E+000
  0.43049062E+000
  0.43049290E+000
  0.43049516E+000
  0.43049741E+000
  0.43049965E+000
  0.43050188E+000
  0.43050408E+000
  0.43050715E+000
  0.43050932E+000
  0.43051146E+000
  0.43051359E+000
  0.43051569E+000
  0.43051777E+000
  0.43051982E+000
  0.43052185E+000
  0.43052384E+000
  0.43052582E+000
  0.43052776E+000
  0.43052967E+000
  0.43053155E+000
  0.43053341E+000
  0.43053523E+000
  0.43053702E+000
  0.43053877E+000
  0.43054050E+000
  0.43054131E+000
  0.43054297E+000
  0.43054460E+000
  0.43054619E+000
  0.43054775E+000
  0.43054927E+000
  0.43055077E+000
  0.43055222E+000
  0.43055366E+000
  0.43055506E+000
