  0.82263242E+000
  0.82262841E+000
  0.82262486E+000
  0.82262181E+000
  0.82261924E+000
  0.82261708E+000
  0.82261530E+000
  0.82261382E+000
  0.82261261E+000
  0.82261163E+000
  0.82261085E+000
  0.82261024E+000
  0.82260976E+000
  0.82260941E+000
  0.82260915E+000
  0.82260898E+000
  0.82260888E+000
  0.82260885E+000
  0.82260886E+000
  0.82260891E+000
  0.82260900E+000
  0.82260911E+000
  0.82260926E+000
  0.82260942E+000
  0.82260959E+000
  0.82260978E+000
  0.82260998E+000
  0.82261019E+000
  0.82261040E+000
  0.82261062E+000
  0.82261083E+000
  0.82261105E+000
  0.82261127E+000
  0.82261148E+000
  0.82261169E+000
  0.82261189E+000
  0.82261209E+000
  0.82261228E+000
  0.82261246E+000
  0.82261263E+000
  0.82261279E+000
  0.82261294E+000
  0.82261308E+000
  0.82261321E+000
  0.82261332E+000
  0.82261341E+000
  0.82261349E+000
  0.82261354E+000
  0.82261358E+000
  0.82261360E+000
  0.82261360E+000
  0.82261358E+000
  0.82261353E+000
  0.82261346E+000
  0.82261336E+000
  0.82261324E+000
  0.82261309E+000
  0.82261291E+000
  0.82261270E+000
  0.82261245E+000
  0.82261218E+000
  0.82261187E+000
  0.82261153E+000
  0.82261116E+000
  0.82261075E+000
  0.82261031E+000
  0.82260983E+000
  0.82260931E+000
  0.82260875E+000
  0.82260816E+000
  0.82260753E+000
  0.82260687E+000
  0.82260617E+000
  0.82260543E+000
  0.82260465E+000
  0.82260384E+000
  0.82260300E+000
  0.82260212E+000
  0.82260121E+000
  0.82260027E+000
  0.82259930E+000
  0.82259830E+000
  0.82259727E+000
  0.82259622E+000
  0.82259515E+000
  0.82259405E+000
  0.82259293E+000
  0.82259180E+000
  0.82259064E+000
  0.82258948E+000
  0.82258830E+000
  0.82258711E+000
  0.82258591E+000
  0.82258471E+000
  0.82258350E+000
  0.82258230E+000
  0.82258109E+000
  0.82257988E+000
  0.82257868E+000
  0.82257749E+000
  0.82257631E+000
  0.82257513E+000
  0.82257397E+000
  0.82257283E+000
  0.82257170E+000
  0.82257059E+000
  0.82256950E+000
  0.82256843E+000
  0.82256739E+000
  0.82256637E+000
  0.82256538E+000
  0.82256442E+000
  0.82256348E+000
  0.82256258E+000
  0.82256171E+000
  0.82256088E+000
  0.82256008E+000
  0.82255931E+000
  0.82255858E+000
  0.82255789E+000
  0.82255724E+000
  0.82255662E+000
  0.82255605E+000
  0.82255551E+000
  0.82255502E+000
  0.82255457E+000
  0.82255416E+000
  0.82255379E+000
  0.82255346E+000
  0.82255318E+000
  0.82255293E+000
  0.82255273E+000
  0.82255257E+000
  0.82255246E+000
  0.82255238E+000
  0.82255235E+000
  0.82255235E+000
  0.82255240E+000
  0.82255248E+000
  0.82255260E+000
  0.82255277E+000
  0.82255297E+000
  0.82255320E+000
  0.82255348E+000
  0.82255379E+000
  0.82255413E+000
  0.82255450E+000
  0.82255491E+000
  0.82255535E+000
  0.82255582E+000
  0.82255632E+000
  0.82255685E+000
  0.82255741E+000
  0.82255799E+000
  0.82255859E+000
  0.82255922E+000
  0.82255987E+000
  0.82256054E+000
  0.82256124E+000
  0.82256195E+000
  0.82256268E+000
  0.82256342E+000
  0.82256418E+000
  0.82256496E+000
  0.82256574E+000
  0.82256654E+000
  0.82256735E+000
  0.82256817E+000
  0.82256899E+000
  0.82256982E+000
  0.82257066E+000
  0.82257151E+000
  0.82257235E+000
  0.82257320E+000
  0.82257406E+000
  0.82257491E+000
  0.82257576E+000
  0.82257661E+000
  0.82257746E+000
  0.82257831E+000
  0.82257915E+000
  0.82257999E+000
  0.82258082E+000
  0.82258165E+000
  0.82258248E+000
  0.82258329E+000
  0.82258410E+000
  0.82258490E+000
  0.82258569E+000
  0.82258647E+000
  0.82258724E+000
  0.82258801E+000
  0.82258876E+000
  0.82258950E+000
  0.82259023E+000
  0.82259095E+000
  0.82259166E+000
  0.82259235E+000
  0.82259304E+000
  0.82259371E+000
