  0.93159550E+000
  0.93181591E+000
  0.93197398E+000
  0.93208992E+000
  0.93217395E+000
  0.93223302E+000
  0.93227238E+000
  0.93229617E+000
  0.93230773E+000
  0.93230972E+000
  0.93230430E+000
  0.93229320E+000
  0.93227781E+000
  0.93225922E+000
  0.93223832E+000
  0.93221579E+000
  0.93219219E+000
  0.93216793E+000
  0.93214335E+000
  0.93211871E+000
  0.93209420E+000
  0.93206996E+000
  0.93204611E+000
  0.93202273E+000
  0.93199988E+000
  0.93197759E+000
  0.93195590E+000
  0.93193483E+000
  0.93191439E+000
  0.93189459E+000
  0.93187544E+000
  0.93185695E+000
  0.93183912E+000
  0.93182197E+000
  0.93180550E+000
  0.93178972E+000
  0.93177464E+000
  0.93176028E+000
  0.93174664E+000
  0.93173374E+000
  0.93172159E+000
  0.93171019E+000
  0.93169955E+000
  0.93168966E+000
  0.93168052E+000
  0.93167211E+000
  0.93166442E+000
  0.93165742E+000
  0.93165108E+000
  0.93164538E+000
  0.93164026E+000
  0.93163569E+000
  0.93163161E+000
  0.93162799E+000
  0.93162477E+000
  0.93162190E+000
  0.93161934E+000
  0.93161705E+000
  0.93161500E+000
  0.93161314E+000
  0.93161145E+000
  0.93160990E+000
  0.93160847E+000
  0.93160714E+000
  0.93160591E+000
  0.93160476E+000
  0.93160368E+000
  0.93160267E+000
  0.93160172E+000
  0.93160083E+000
  0.93160000E+000
  0.93159923E+000
  0.93159851E+000
  0.93159785E+000
  0.93159725E+000
  0.93159670E+000
  0.93159620E+000
  0.93159575E+000
  0.93159535E+000
  0.93159500E+000
  0.93159469E+000
  0.93159443E+000
  0.93159421E+000
  0.93159402E+000
  0.93159387E+000
  0.93159375E+000
  0.93159367E+000
  0.93159361E+000
  0.93159357E+000
  0.93159356E+000
  0.93159357E+000
  0.93159359E+000
  0.93159363E+000
  0.93159369E+000
  0.93159375E+000
  0.93159383E+000
  0.93159391E+000
  0.93159400E+000
  0.93159409E+000
  0.93159419E+000
  0.93159429E+000
  0.93159439E+000
  0.93159450E+000
  0.93159460E+000
  0.93159470E+000
  0.93159480E+000
  0.93159490E+000
  0.93159500E+000
  0.93159510E+000
  0.93159519E+000
  0.93159529E+000
  0.93159537E+000
  0.93159546E+000
  0.93159554E+000
  0.93159562E+000
  0.93159570E+000
  0.93159577E+000
  0.93159584E+000
  0.93159590E+000
  0.93159597E+000
  0.93159602E+000
  0.93159608E+000
  0.93159613E+000
  0.93159618E+000
  0.93159623E+000
  0.93159627E+000
  0.93159632E+000
  0.93159635E+000
  0.93159639E+000
  0.93159642E+000
  0.93159645E+000
  0.93159648E+000
  0.93159651E+000
  0.93159653E+000
  0.93159655E+000
  0.93159657E+000
  0.93159659E+000
  0.93159660E+000
  0.93159661E+000
  0.93159662E+000
  0.93159663E+000
  0.93159664E+000
  0.93159665E+000
  0.93159665E+000
  0.93159665E+000
  0.93159665E+000
  0.93159665E+000
  0.93159665E+000
  0.93159665E+000
  0.93159665E+000
  0.93159664E+000
  0.93159664E+000
  0.93159663E+000
  0.93159662E+000
  0.93159662E+000
  0.93159661E+000
  0.93159660E+000
  0.93159659E+000
  0.93159658E+000
  0.93159656E+000
  0.93159655E+000
  0.93159654E+000
  0.93159653E+000
  0.93159651E+000
  0.93159650E+000
  0.93159649E+000
  0.93159647E+000
  0.93159646E+000
  0.93159645E+000
  0.93159643E+000
  0.93159642E+000
  0.93159640E+000
  0.93159639E+000
  0.93159638E+000
  0.93159636E+000
  0.93159635E+000
  0.93159633E+000
  0.93159632E+000
  0.93159630E+000
  0.93159629E+000
  0.93159627E+000
  0.93159626E+000
  0.93159625E+000
  0.93159623E+000
  0.93159622E+000
  0.93159620E+000
  0.93159619E+000
  0.93159618E+000
  0.93159616E+000
  0.93159615E+000
  0.93159614E+000
  0.93159612E+000
  0.93159611E+000
  0.93159610E+000
  0.93159609E+000
  0.93159607E+000
  0.93159606E+000
  0.93159605E+000
  0.93159603E+000
  0.93159602E+000
