  0.91293095E+000
  0.91294538E+000
  0.91295661E+000
  0.91296524E+000
  0.91297175E+000
  0.91297654E+000
  0.91297993E+000
  0.91298218E+000
  0.91298350E+000
  0.91298409E+000
  0.91298407E+000
  0.91298358E+000
  0.91298270E+000
  0.91298152E+000
  0.91298010E+000
  0.91297850E+000
  0.91297675E+000
  0.91297490E+000
  0.91297298E+000
  0.91297100E+000
  0.91296899E+000
  0.91296696E+000
  0.91296492E+000
  0.91296289E+000
  0.91296088E+000
  0.91295889E+000
  0.91295694E+000
  0.91295502E+000
  0.91295314E+000
  0.91295130E+000
  0.91294952E+000
  0.91294779E+000
  0.91294612E+000
  0.91294451E+000
  0.91294296E+000
  0.91294148E+000
  0.91294007E+000
  0.91293873E+000
  0.91293746E+000
  0.91293626E+000
  0.91293514E+000
  0.91293409E+000
  0.91293310E+000
  0.91293219E+000
  0.91293134E+000
  0.91293055E+000
  0.91292982E+000
  0.91292915E+000
  0.91292851E+000
  0.91292792E+000
  0.91292736E+000
  0.91292683E+000
  0.91292632E+000
  0.91292583E+000
  0.91292534E+000
  0.91292486E+000
  0.91292437E+000
  0.91292387E+000
  0.91292336E+000
  0.91292283E+000
  0.91292228E+000
  0.91292170E+000
  0.91292111E+000
  0.91292048E+000
  0.91291983E+000
  0.91291914E+000
  0.91291842E+000
  0.91291768E+000
  0.91291690E+000
  0.91291609E+000
  0.91291525E+000
  0.91291437E+000
  0.91291347E+000
  0.91291254E+000
  0.91291158E+000
  0.91291059E+000
  0.91290957E+000
  0.91290853E+000
  0.91290746E+000
  0.91290637E+000
  0.91290525E+000
  0.91290412E+000
  0.91290296E+000
  0.91290179E+000
  0.91290060E+000
  0.91289940E+000
  0.91289818E+000
  0.91289696E+000
  0.91289572E+000
  0.91289448E+000
  0.91289323E+000
  0.91289198E+000
  0.91289072E+000
  0.91288947E+000
  0.91288822E+000
  0.91288697E+000
  0.91288573E+000
  0.91288450E+000
  0.91288328E+000
  0.91288207E+000
  0.91288087E+000
  0.91287969E+000
  0.91287852E+000
  0.91287738E+000
  0.91287626E+000
  0.91287516E+000
  0.91287408E+000
  0.91287303E+000
  0.91287200E+000
  0.91287101E+000
  0.91287004E+000
  0.91286911E+000
  0.91286820E+000
  0.91286733E+000
  0.91286650E+000
  0.91286570E+000
  0.91286493E+000
  0.91286421E+000
  0.91286352E+000
  0.91286287E+000
  0.91286225E+000
  0.91286168E+000
  0.91286115E+000
  0.91286065E+000
  0.91286020E+000
  0.91285979E+000
  0.91285942E+000
  0.91285908E+000
  0.91285879E+000
  0.91285854E+000
  0.91285833E+000
  0.91285816E+000
  0.91285803E+000
  0.91285794E+000
  0.91285789E+000
  0.91285788E+000
  0.91285790E+000
  0.91285796E+000
  0.91285806E+000
  0.91285820E+000
  0.91285837E+000
  0.91285857E+000
  0.91285881E+000
  0.91285908E+000
  0.91285938E+000
  0.91285972E+000
  0.91286008E+000
  0.91286048E+000
  0.91286090E+000
  0.91286135E+000
  0.91286182E+000
  0.91286232E+000
  0.91286285E+000
  0.91286339E+000
  0.91286396E+000
  0.91286455E+000
  0.91286516E+000
  0.91286578E+000
  0.91286643E+000
  0.91286709E+000
  0.91286776E+000
  0.91286845E+000
  0.91286915E+000
  0.91286986E+000
  0.91287059E+000
  0.91287132E+000
  0.91287206E+000
  0.91287281E+000
  0.91287356E+000
  0.91287432E+000
  0.91287509E+000
  0.91287586E+000
  0.91287663E+000
  0.91287740E+000
  0.91287817E+000
  0.91287895E+000
  0.91287972E+000
  0.91288049E+000
  0.91288126E+000
  0.91288203E+000
  0.91288279E+000
  0.91288355E+000
  0.91288430E+000
  0.91288505E+000
  0.91288579E+000
  0.91288652E+000
  0.91288725E+000
  0.91288797E+000
  0.91288868E+000
  0.91288938E+000
  0.91289007E+000
  0.91289076E+000
  0.91289143E+000
  0.91289210E+000
  0.91289275E+000
  0.91289339E+000
  0.91289403E+000
  0.91289465E+000
  0.91289526E+000
  0.91289587E+000
