 -0.48122231E+000 -0.23336882E+000 -0.54907633E-002 -0.45315083E-002 -0.16537433E-002  0.22934659E+000  0.34247361E+001  0.16556436E+002  0.33247695E+002  0.10316525E+003  0.17234827E+003
 -0.48126047E+000 -0.23418606E+000 -0.54919196E-002 -0.45326943E-002 -0.16550183E-002  0.22933222E+000  0.34247156E+001  0.16556424E+002  0.33187519E+002  0.10316519E+003  0.17234817E+003
 -0.48128822E+000 -0.23471351E+000 -0.54927887E-002 -0.45335549E-002 -0.16558533E-002  0.22932877E+000  0.34247105E+001  0.16556423E+002  0.33115579E+002  0.10316514E+003  0.17234814E+003
 -0.48130713E+000 -0.23483131E+000 -0.54934291E-002 -0.45341852E-002 -0.16564535E-002  0.22932730E+000  0.34247077E+001  0.16556422E+002  0.33063120E+002  0.10316510E+003  0.17234812E+003
 -0.48131890E+000 -0.23491182E+000 -0.54938858E-002 -0.45346374E-002 -0.16568926E-002  0.22932641E+000  0.34247057E+001  0.16556422E+002  0.33041987E+002  0.10316507E+003  0.17234810E+003
 -0.48132516E+000 -0.23496255E+000 -0.54941955E-002 -0.45349488E-002 -0.16572088E-002  0.22932581E+000  0.34247042E+001  0.16556422E+002  0.33023829E+002  0.10316229E+003  0.17234809E+003
 -0.48132735E+000 -0.23498999E+000 -0.54943887E-002 -0.45351485E-002 -0.16574281E-002  0.22932543E+000  0.34247030E+001  0.16556421E+002  0.33008226E+002  0.99023776E+002  0.17234808E+003
 -0.48132664E+000 -0.23499959E+000 -0.54944897E-002 -0.45352598E-002 -0.16575702E-002  0.22932523E+000  0.34247021E+001  0.16556421E+002  0.32994808E+002  0.96010813E+002  0.17234807E+003
 -0.48132393E+000 -0.23499576E+000 -0.54945187E-002 -0.45353017E-002 -0.16576509E-002  0.22932516E+000  0.34247014E+001  0.16556421E+002  0.32983290E+002  0.94091783E+002  0.17234807E+003
 -0.48131994E+000 -0.23498211E+000 -0.54944919E-002 -0.45352897E-002 -0.16576830E-002  0.22932521E+000  0.34247010E+001  0.16556421E+002  0.32973496E+002  0.93625972E+002  0.17234806E+003
 -0.48131517E+000 -0.23496150E+000 -0.54944226E-002 -0.45352362E-002 -0.16576770E-002  0.22932534E+000  0.34247007E+001  0.16556421E+002  0.32965170E+002  0.92172106E+002  0.17234805E+003
 -0.48131001E+000 -0.23493620E+000 -0.54943214E-002 -0.45351513E-002 -0.16576413E-002  0.22932554E+000  0.34247005E+001  0.16556421E+002  0.32958097E+002  0.91349827E+002  0.17234805E+003
 -0.48130471E+000 -0.23490797E+000 -0.54941971E-002 -0.45350435E-002 -0.16575829E-002  0.22932579E+000  0.34247005E+001  0.16556420E+002  0.32952091E+002  0.91098151E+002  0.17234804E+003
 -0.48129945E+000 -0.23487818E+000 -0.54940567E-002 -0.45349193E-002 -0.16575075E-002  0.22932607E+000  0.34247005E+001  0.16556420E+002  0.32946994E+002  0.91042651E+002  0.17234804E+003
 -0.48129437E+000 -0.23484786E+000 -0.54939058E-002 -0.45347842E-002 -0.16574196E-002  0.22932639E+000  0.34247006E+001  0.16556420E+002  0.32942671E+002  0.90987057E+002  0.17234804E+003
 -0.48128953E+000 -0.23481778E+000 -0.54937490E-002 -0.45346425E-002 -0.16573229E-002  0.22932672E+000  0.34247008E+001  0.16556420E+002  0.32939008E+002  0.90047130E+002  0.17234804E+003
 -0.48128499E+000 -0.23478849E+000 -0.54935899E-002 -0.45344976E-002 -0.16572205E-002  0.22932707E+000  0.34247010E+001  0.16556420E+002  0.32935907E+002  0.89626006E+002  0.17234803E+003
 -0.48128076E+000 -0.23476036E+000 -0.54934314E-002 -0.45343522E-002 -0.16571147E-002  0.22932742E+000  0.34247013E+001  0.16556420E+002  0.32933285E+002  0.89398914E+002  0.17234803E+003
 -0.48127685E+000 -0.23473367E+000 -0.54932756E-002 -0.45342085E-002 -0.16570073E-002  0.22932778E+000  0.34247016E+001  0.16556420E+002  0.32931071E+002  0.89201933E+002  0.17234803E+003
 -0.48127325E+000 -0.23470854E+000 -0.54931243E-002 -0.45340682E-002 -0.16568998E-002  0.22932814E+000  0.34247019E+001  0.16556420E+002  0.32929205E+002  0.89030784E+002  0.17234803E+003
 -0.48126996E+000 -0.23468506E+000 -0.54929788E-002 -0.45339324E-002 -0.16567935E-002  0.22932850E+000  0.34247023E+001  0.16556420E+002  0.32927636E+002  0.88881817E+002  0.17234803E+003
 -0.48126696E+000 -0.23461360E+000 -0.54928398E-002 -0.45338021E-002 -0.16566890E-002  0.22932886E+000  0.34247027E+001  0.16556420E+002  0.32926320E+002  0.88751918E+002  0.17234802E+003
 -0.48126423E+000 -0.23453714E+000 -0.54927082E-002 -0.45336779E-002 -0.16565871E-002  0.22932921E+000  0.34247031E+001  0.16556420E+002  0.32925220E+002  0.88638423E+002  0.17234802E+003
 -0.48126174E+000 -0.23446671E+000 -0.54925841E-002 -0.45335601E-002 -0.16564883E-002  0.22932957E+000  0.34247035E+001  0.16556420E+002  0.32924303E+002  0.88575357E+002  0.17234802E+003
 -0.48125949E+000 -0.23440203E+000 -0.54924679E-002 -0.45334491E-002 -0.16563928E-002  0.22932992E+000  0.34247039E+001  0.16556420E+002  0.32923542E+002  0.88572704E+002  0.17234802E+003
 -0.48125744E+000 -0.23434275E+000 -0.54923595E-002 -0.45333448E-002 -0.16563009E-002  0.22933026E+000  0.34247043E+001  0.16556420E+002  0.32922914E+002  0.88570371E+002  0.17234802E+003
 -0.48125558E+000 -0.23428851E+000 -0.54922588E-002 -0.45332473E-002 -0.16562127E-002  0.22933061E+000  0.34247047E+001  0.16556420E+002  0.32922399E+002  0.88568313E+002  0.17234802E+003
 -0.48125389E+000 -0.23423894E+000 -0.54921657E-002 -0.45331563E-002 -0.16561283E-002  0.22933095E+000  0.34247051E+001  0.16556420E+002  0.32921978E+002  0.88566493E+002  0.17234802E+003
 -0.48125236E+000 -0.23419367E+000 -0.54920798E-002 -0.45330717E-002 -0.16560476E-002  0.22933128E+000  0.34247055E+001  0.16556420E+002  0.32921638E+002  0.88564878E+002  0.17234802E+003
 -0.48125096E+000 -0.23415232E+000 -0.54920008E-002 -0.45329932E-002 -0.16559707E-002  0.22933161E+000  0.34247059E+001  0.16556420E+002  0.32921366E+002  0.88563441E+002  0.17234802E+003
 -0.48124969E+000 -0.23411454E+000 -0.54919283E-002 -0.45329206E-002 -0.16558975E-002  0.22933194E+000  0.34247063E+001  0.16556420E+002  0.32921150E+002  0.88562157E+002  0.17234802E+003
 -0.48124853E+000 -0.23407999E+000 -0.54918619E-002 -0.45328534E-002 -0.16558280E-002  0.22933225E+000  0.34247067E+001  0.16556420E+002  0.32920981E+002  0.88561006E+002  0.17234802E+003
 -0.48124748E+000 -0.23404838E+000 -0.54918012E-002 -0.45327913E-002 -0.16557619E-002  0.22933257E+000  0.34247071E+001  0.16556421E+002  0.32920851E+002  0.88559969E+002  0.17234802E+003
 -0.48124651E+000 -0.23401940E+000 -0.54917457E-002 -0.45327341E-002 -0.16556994E-002  0.22933287E+000  0.34247075E+001  0.16556421E+002  0.32920754E+002  0.88559031E+002  0.17234802E+003
 -0.48124562E+000 -0.23399280E+000 -0.54916951E-002 -0.45326814E-002 -0.16556402E-002  0.22933317E+000  0.34247079E+001  0.16556421E+002  0.32920683E+002  0.88558179E+002  0.17234801E+003
 -0.48124480E+000 -0.23396834E+000 -0.54916490E-002 -0.45326328E-002 -0.16555843E-002  0.22933346E+000  0.34247082E+001  0.16556421E+002  0.32920633E+002  0.88557402E+002  0.17234801E+003
 -0.48124405E+000 -0.23394582E+000 -0.54916069E-002 -0.45325881E-002 -0.16555316E-002  0.22933375E+000  0.34247085E+001  0.16556421E+002  0.32920601E+002  0.88556689E+002  0.17234801E+003
 -0.48124336E+000 -0.23392503E+000 -0.54915686E-002 -0.45325469E-002 -0.16554820E-002  0.22933402E+000  0.34247089E+001  0.16556421E+002  0.32920582E+002  0.88556034E+002  0.17234801E+003
 -0.48124272E+000 -0.23390583E+000 -0.54915336E-002 -0.45325090E-002 -0.16554354E-002  0.22933428E+000  0.34247092E+001  0.16556421E+002  0.32920575E+002  0.88555428E+002  0.17234801E+003
 -0.48124213E+000 -0.23388805E+000 -0.54915017E-002 -0.45324742E-002 -0.16553918E-002  0.22933453E+000  0.34247095E+001  0.16556421E+002  0.32920576E+002  0.88554866E+002  0.17234801E+003
 -0.48124158E+000 -0.23387158E+000 -0.54914725E-002 -0.45324421E-002 -0.16553509E-002  0.22933476E+000  0.34247098E+001  0.16556421E+002  0.32920584E+002  0.88554343E+002  0.17234801E+003
 -0.48124107E+000 -0.23385629E+000 -0.54914459E-002 -0.45324125E-002 -0.16553126E-002  0.22933498E+000  0.34247100E+001  0.16556421E+002  0.32920597E+002  0.88553856E+002  0.17234801E+003
 -0.48124060E+000 -0.23384210E+000 -0.54914215E-002 -0.45323853E-002 -0.16552769E-002  0.22933519E+000  0.34247103E+001  0.16556421E+002  0.32920616E+002  0.88553401E+002  0.17234801E+003
 -0.48124016E+000 -0.23382890E+000 -0.54913992E-002 -0.45323603E-002 -0.16552435E-002  0.22933538E+000  0.34247105E+001  0.16556421E+002  0.32920638E+002  0.88552976E+002  0.17234801E+003
 -0.48123975E+000 -0.23381663E+000 -0.54913788E-002 -0.45323371E-002 -0.16552123E-002  0.22933556E+000  0.34247108E+001  0.16556421E+002  0.32920664E+002  0.88552581E+002  0.17234801E+003
 -0.48123936E+000 -0.23380520E+000 -0.54913600E-002 -0.45323157E-002 -0.16551831E-002  0.22933573E+000  0.34247110E+001  0.16556421E+002  0.32920695E+002  0.88552213E+002  0.17234801E+003
 -0.48123900E+000 -0.23379454E+000 -0.54913427E-002 -0.45322959E-002 -0.16551557E-002  0.22933588E+000  0.34247112E+001  0.16556421E+002  0.32920730E+002  0.88551873E+002  0.17234801E+003
 -0.48123866E+000 -0.23378460E+000 -0.54913268E-002 -0.45322775E-002 -0.16551299E-002  0.22933602E+000  0.34247114E+001  0.16556421E+002  0.32920770E+002  0.88551562E+002  0.17234801E+003
 -0.48123835E+000 -0.23377530E+000 -0.54913120E-002 -0.45322604E-002 -0.16551054E-002  0.22933614E+000  0.34247116E+001  0.16556421E+002  0.32920818E+002  0.88551280E+002  0.17234801E+003
 -0.48123804E+000 -0.23376657E+000 -0.54912984E-002 -0.45322443E-002 -0.16550820E-002  0.22933625E+000  0.34247118E+001  0.16556421E+002  0.32920874E+002  0.88551031E+002  0.17234801E+003
 -0.48123775E+000 -0.23375837E+000 -0.54912856E-002 -0.45322291E-002 -0.16550595E-002  0.22933635E+000  0.34247120E+001  0.16556421E+002  0.32920940E+002  0.88550816E+002  0.17234801E+003
 -0.48123748E+000 -0.23375063E+000 -0.54912737E-002 -0.45322147E-002 -0.16550377E-002  0.22933645E+000  0.34247122E+001  0.16556421E+002  0.32921020E+002  0.88550639E+002  0.17234800E+003
 -0.48123721E+000 -0.23374328E+000 -0.54912624E-002 -0.45322009E-002 -0.16550164E-002  0.22933653E+000  0.34247124E+001  0.16556421E+002  0.32921115E+002  0.88550504E+002  0.17234800E+003
 -0.48123695E+000 -0.23373628E+000 -0.54912517E-002 -0.45321876E-002 -0.16549953E-002  0.22933661E+000  0.34247125E+001  0.16556421E+002  0.32921229E+002  0.88550414E+002  0.17234800E+003
 -0.48123669E+000 -0.23372957E+000 -0.54912415E-002 -0.45321747E-002 -0.16549743E-002  0.22933668E+000  0.34247127E+001  0.16556421E+002  0.32921364E+002  0.88550374E+002  0.17234800E+003
 -0.48123644E+000 -0.23372311E+000 -0.54912317E-002 -0.45321621E-002 -0.16549532E-002  0.22933675E+000  0.34247129E+001  0.16556421E+002  0.32921525E+002  0.88550390E+002  0.17234800E+003
 -0.48123619E+000 -0.23371685E+000 -0.54912222E-002 -0.45321496E-002 -0.16549319E-002  0.22933682E+000  0.34247131E+001  0.16556421E+002  0.32921714E+002  0.88550465E+002  0.17234800E+003
 -0.48123595E+000 -0.23371076E+000 -0.54912130E-002 -0.45321373E-002 -0.16549101E-002  0.22933688E+000  0.34247133E+001  0.16556422E+002  0.32921934E+002  0.88550605E+002  0.17234800E+003
 -0.48123570E+000 -0.23370479E+000 -0.54912040E-002 -0.45321250E-002 -0.16548880E-002  0.22933695E+000  0.34247134E+001  0.16556422E+002  0.32922190E+002  0.88550816E+002  0.17234800E+003
 -0.48123545E+000 -0.23369893E+000 -0.54911951E-002 -0.45321126E-002 -0.16548652E-002  0.22933702E+000  0.34247136E+001  0.16556422E+002  0.32922483E+002  0.88551102E+002  0.17234800E+003
 -0.48123520E+000 -0.23369315E+000 -0.54911864E-002 -0.45321002E-002 -0.16548418E-002  0.22933709E+000  0.34247138E+001  0.16556422E+002  0.32922818E+002  0.88551468E+002  0.17234800E+003
 -0.48123495E+000 -0.23368742E+000 -0.54911777E-002 -0.45320877E-002 -0.16548177E-002  0.22933716E+000  0.34247140E+001  0.16556422E+002  0.32923196E+002  0.88551919E+002  0.17234800E+003
 -0.48123469E+000 -0.23368174E+000 -0.54911691E-002 -0.45320751E-002 -0.16547930E-002  0.22933724E+000  0.34247142E+001  0.16556422E+002  0.32923621E+002  0.88552460E+002  0.17234800E+003
 -0.48123444E+000 -0.23367609E+000 -0.54911606E-002 -0.45320623E-002 -0.16547675E-002  0.22933732E+000  0.34247145E+001  0.16556422E+002  0.32924093E+002  0.88553095E+002  0.17234800E+003
 -0.48123418E+000 -0.23367047E+000 -0.54911521E-002 -0.45320494E-002 -0.16547412E-002  0.22933740E+000  0.34247147E+001  0.16556422E+002  0.32924617E+002  0.88553828E+002  0.17234800E+003
 -0.48123392E+000 -0.23366486E+000 -0.54911437E-002 -0.45320363E-002 -0.16547143E-002  0.22933749E+000  0.34247149E+001  0.16556422E+002  0.32925193E+002  0.88554662E+002  0.17234800E+003
 -0.48123365E+000 -0.23365928E+000 -0.54911352E-002 -0.45320231E-002 -0.16546866E-002  0.22933759E+000  0.34247151E+001  0.16556422E+002  0.32925822E+002  0.88555601E+002  0.17234800E+003
 -0.48123339E+000 -0.23365371E+000 -0.54911269E-002 -0.45320097E-002 -0.16546582E-002  0.22933769E+000  0.34247154E+001  0.16556422E+002  0.32926506E+002  0.88556647E+002  0.17234800E+003
 -0.48123312E+000 -0.23364816E+000 -0.54911185E-002 -0.45319962E-002 -0.16546292E-002  0.22933779E+000  0.34247156E+001  0.16556422E+002  0.32927247E+002  0.88557804E+002  0.17234800E+003
 -0.48123285E+000 -0.23364263E+000 -0.54911102E-002 -0.45319826E-002 -0.16545996E-002  0.22933791E+000  0.34247159E+001  0.16556423E+002  0.32928043E+002  0.88559074E+002  0.17234800E+003
 -0.48123258E+000 -0.23363712E+000 -0.54911020E-002 -0.45319688E-002 -0.16545694E-002  0.22933802E+000  0.34247161E+001  0.16556423E+002  0.32928897E+002  0.88560457E+002  0.17234800E+003
 -0.48123231E+000 -0.23363164E+000 -0.54910938E-002 -0.45319550E-002 -0.16545387E-002  0.22933815E+000  0.34247164E+001  0.16556423E+002  0.32929808E+002  0.88561957E+002  0.17234800E+003
 -0.48123204E+000 -0.23362617E+000 -0.54910856E-002 -0.45319411E-002 -0.16545076E-002  0.22933828E+000  0.34247167E+001  0.16556423E+002  0.32930776E+002  0.88563572E+002  0.17234800E+003
 -0.48123177E+000 -0.23362073E+000 -0.54910776E-002 -0.45319272E-002 -0.16544760E-002  0.22933841E+000  0.34247169E+001  0.16556423E+002  0.32931801E+002  0.88565305E+002  0.17234799E+003
 -0.48123150E+000 -0.23361533E+000 -0.54910696E-002 -0.45319132E-002 -0.16544441E-002  0.22933855E+000  0.34247172E+001  0.16556423E+002  0.32932883E+002  0.88567156E+002  0.17234799E+003
 -0.48123122E+000 -0.23360995E+000 -0.54910616E-002 -0.45318992E-002 -0.16544119E-002  0.22933869E+000  0.34247175E+001  0.16556423E+002  0.32934021E+002  0.88569123E+002  0.17234799E+003
 -0.48123095E+000 -0.23360461E+000 -0.54910538E-002 -0.45318852E-002 -0.16543795E-002  0.22933884E+000  0.34247178E+001  0.16556423E+002  0.32935214E+002  0.88571207E+002  0.17234799E+003
 -0.48123069E+000 -0.23359930E+000 -0.54910460E-002 -0.45318712E-002 -0.16543469E-002  0.22933899E+000  0.34247181E+001  0.16556424E+002  0.32936461E+002  0.88573407E+002  0.17234799E+003
 -0.48123042E+000 -0.23359402E+000 -0.54910383E-002 -0.45318572E-002 -0.16543142E-002  0.22933915E+000  0.34247184E+001  0.16556424E+002  0.32937762E+002  0.88575722E+002  0.17234799E+003
 -0.48123015E+000 -0.23358879E+000 -0.54910307E-002 -0.45318433E-002 -0.16542814E-002  0.22933931E+000  0.34247187E+001  0.16556424E+002  0.32939115E+002  0.88630862E+002  0.17234799E+003
 -0.48122989E+000 -0.23358359E+000 -0.54910232E-002 -0.45318295E-002 -0.16542487E-002  0.22933947E+000  0.34247190E+001  0.16556424E+002  0.32940519E+002  0.88714328E+002  0.17234799E+003
 -0.48122963E+000 -0.23357843E+000 -0.54910157E-002 -0.45318158E-002 -0.16542160E-002  0.22933963E+000  0.34247193E+001  0.16556424E+002  0.32941973E+002  0.88801400E+002  0.17234799E+003
 -0.48122937E+000 -0.23357332E+000 -0.54910084E-002 -0.45318021E-002 -0.16541834E-002  0.22933980E+000  0.34247196E+001  0.16556424E+002  0.32943474E+002  0.88892009E+002  0.17234800E+003
 -0.48122912E+000 -0.23356824E+000 -0.54910012E-002 -0.45317886E-002 -0.16541511E-002  0.22933997E+000  0.34247199E+001  0.16556424E+002  0.32945023E+002  0.88986081E+002  0.17234800E+003
 -0.48122886E+000 -0.23356322E+000 -0.54909940E-002 -0.45317752E-002 -0.16541189E-002  0.22934014E+000  0.34247202E+001  0.16556425E+002  0.32946616E+002  0.89083537E+002  0.17234800E+003
 -0.48122862E+000 -0.23355824E+000 -0.54909869E-002 -0.45317620E-002 -0.16540871E-002  0.22934032E+000  0.34247205E+001  0.16556425E+002  0.32948253E+002  0.89184293E+002  0.17234800E+003
 -0.48122837E+000 -0.23355330E+000 -0.54909800E-002 -0.45317489E-002 -0.16540555E-002  0.22934049E+000  0.34247208E+001  0.16556425E+002  0.32949932E+002  0.89288264E+002  0.17234800E+003
 -0.48122813E+000 -0.23354842E+000 -0.54909731E-002 -0.45317359E-002 -0.16540244E-002  0.22934066E+000  0.34247212E+001  0.16556425E+002  0.32951651E+002  0.89395362E+002  0.17234800E+003
 -0.48122789E+000 -0.23354359E+000 -0.54909664E-002 -0.45317232E-002 -0.16539936E-002  0.22934084E+000  0.34247215E+001  0.16556425E+002  0.32953409E+002  0.89505498E+002  0.17234800E+003
 -0.48122766E+000 -0.23353882E+000 -0.54909597E-002 -0.45317106E-002 -0.16539633E-002  0.22934101E+000  0.34247218E+001  0.16556425E+002  0.32955204E+002  0.89618579E+002  0.17234800E+003
 -0.48122743E+000 -0.23353410E+000 -0.54909532E-002 -0.45316982E-002 -0.16539335E-002  0.22934118E+000  0.34247221E+001  0.16556426E+002  0.32957034E+002  0.89734513E+002  0.17234800E+003
 -0.48122721E+000 -0.23352944E+000 -0.54909467E-002 -0.45316861E-002 -0.16539042E-002  0.22934135E+000  0.34247224E+001  0.16556426E+002  0.32958897E+002  0.89938213E+002  0.17234800E+003
 -0.48122699E+000 -0.23352485E+000 -0.54909404E-002 -0.45316741E-002 -0.16538754E-002  0.22934152E+000  0.34247227E+001  0.16556426E+002  0.32960793E+002  0.90313020E+002  0.17234800E+003
 -0.48122677E+000 -0.23352032E+000 -0.54909342E-002 -0.45316624E-002 -0.16538472E-002  0.22934169E+000  0.34247230E+001  0.16556426E+002  0.32962719E+002  0.90695789E+002  0.17234800E+003
 -0.48122656E+000 -0.23351585E+000 -0.54909280E-002 -0.45316509E-002 -0.16538196E-002  0.22934185E+000  0.34247233E+001  0.16556426E+002  0.32964673E+002  0.90999162E+002  0.17234800E+003
 -0.48122636E+000 -0.23351146E+000 -0.54909220E-002 -0.45316396E-002 -0.16537925E-002  0.22934201E+000  0.34247236E+001  0.16556426E+002  0.32966655E+002  0.91016711E+002  0.17234800E+003
 -0.48122616E+000 -0.23350713E+000 -0.54909161E-002 -0.45316286E-002 -0.16537661E-002  0.22934217E+000  0.34247239E+001  0.16556427E+002  0.32968661E+002  0.91034572E+002  0.17234800E+003
 -0.48122596E+000 -0.23350288E+000 -0.54909104E-002 -0.45316178E-002 -0.16537404E-002  0.22934233E+000  0.34247242E+001  0.16556427E+002  0.32970691E+002  0.91052734E+002  0.17234800E+003
 -0.48122577E+000 -0.23349871E+000 -0.54909047E-002 -0.45316073E-002 -0.16537152E-002  0.22934248E+000  0.34247245E+001  0.16556427E+002  0.32972744E+002  0.91071185E+002  0.17234801E+003
 -0.48122559E+000 -0.23349461E+000 -0.54908992E-002 -0.45315970E-002 -0.16536907E-002  0.22934264E+000  0.34247248E+001  0.16556427E+002  0.32974816E+002  0.91089912E+002  0.17234801E+003
 -0.48122541E+000 -0.23349060E+000 -0.54908937E-002 -0.45315870E-002 -0.16536669E-002  0.22934278E+000  0.34247250E+001  0.16556427E+002  0.32976908E+002  0.91108903E+002  0.17234801E+003
 -0.48122523E+000 -0.23348666E+000 -0.54908884E-002 -0.45315772E-002 -0.16536437E-002  0.22934293E+000  0.34247253E+001  0.16556427E+002  0.32979016E+002  0.91128146E+002  0.17234801E+003
 -0.48122506E+000 -0.23348281E+000 -0.54908832E-002 -0.45315677E-002 -0.16536212E-002  0.22934307E+000  0.34247256E+001  0.16556428E+002  0.32981140E+002  0.91185560E+002  0.17234801E+003
 -0.48122489E+000 -0.23347905E+000 -0.54908782E-002 -0.45315584E-002 -0.16535993E-002  0.22934320E+000  0.34247259E+001  0.16556428E+002  0.32983278E+002  0.91401861E+002  0.17234801E+003
 -0.48122473E+000 -0.23347537E+000 -0.54908732E-002 -0.45315494E-002 -0.16535780E-002  0.22934334E+000  0.34247261E+001  0.16556428E+002  0.32985429E+002  0.91620531E+002  0.17234801E+003
 -0.48122458E+000 -0.23347177E+000 -0.54908684E-002 -0.45315406E-002 -0.16535574E-002  0.22934347E+000  0.34247264E+001  0.16556428E+002  0.32987590E+002  0.91841439E+002  0.17234801E+003
 -0.48122443E+000 -0.23346826E+000 -0.54908637E-002 -0.45315321E-002 -0.16535374E-002  0.22934359E+000  0.34247267E+001  0.16556428E+002  0.32989760E+002  0.92064455E+002  0.17234802E+003
 -0.48122428E+000 -0.23346484E+000 -0.54908591E-002 -0.45315238E-002 -0.16535181E-002  0.22934372E+000  0.34247269E+001  0.16556428E+002  0.32991938E+002  0.92289448E+002  0.17234802E+003
 -0.48122414E+000 -0.23346151E+000 -0.54908547E-002 -0.45315158E-002 -0.16534993E-002  0.22934383E+000  0.34247272E+001  0.16556429E+002  0.32994122E+002  0.92516289E+002  0.17234802E+003
 -0.48122400E+000 -0.23345827E+000 -0.54908503E-002 -0.45315080E-002 -0.16534812E-002  0.22934395E+000  0.34247274E+001  0.16556429E+002  0.32996311E+002  0.92948196E+002  0.17234802E+003
 -0.48122386E+000 -0.23345511E+000 -0.54908461E-002 -0.45315005E-002 -0.16534636E-002  0.22934406E+000  0.34247277E+001  0.16556429E+002  0.32998502E+002  0.93451832E+002  0.17234802E+003
 -0.48122374E+000 -0.23345204E+000 -0.54908420E-002 -0.45314931E-002 -0.16534466E-002  0.22934417E+000  0.34247279E+001  0.16556429E+002  0.33000695E+002  0.93657499E+002  0.17234802E+003
 -0.48122361E+000 -0.23344905E+000 -0.54908380E-002 -0.45314860E-002 -0.16534302E-002  0.22934427E+000  0.34247281E+001  0.16556429E+002  0.33002888E+002  0.93754819E+002  0.17234803E+003
 -0.48122349E+000 -0.23344615E+000 -0.54908341E-002 -0.45314792E-002 -0.16534143E-002  0.22934437E+000  0.34247284E+001  0.16556429E+002  0.33005080E+002  0.93852640E+002  0.17234803E+003
 -0.48122337E+000 -0.23344334E+000 -0.54908304E-002 -0.45314725E-002 -0.16533989E-002  0.22934447E+000  0.34247286E+001  0.16556429E+002  0.33007268E+002  0.93950907E+002  0.17234803E+003
 -0.48122326E+000 -0.23344061E+000 -0.54908267E-002 -0.45314661E-002 -0.16533840E-002  0.22934456E+000  0.34247288E+001  0.16556430E+002  0.33009452E+002  0.94049567E+002  0.17234803E+003
 -0.48122315E+000 -0.23343796E+000 -0.54908232E-002 -0.45314598E-002 -0.16533697E-002  0.22934465E+000  0.34247290E+001  0.16556430E+002  0.33011630E+002  0.94263582E+002  0.17234804E+003
 -0.48122304E+000 -0.23343539E+000 -0.54908198E-002 -0.45314538E-002 -0.16533558E-002  0.22934474E+000  0.34247293E+001  0.16556430E+002  0.33013801E+002  0.94627633E+002  0.17234804E+003
 -0.48122294E+000 -0.23343290E+000 -0.54908165E-002 -0.45314479E-002 -0.16533424E-002  0.22934483E+000  0.34247295E+001  0.16556430E+002  0.33015964E+002  0.94992531E+002  0.17234804E+003
 -0.48122284E+000 -0.23343049E+000 -0.54908132E-002 -0.45314423E-002 -0.16533295E-002  0.22934491E+000  0.34247297E+001  0.16556430E+002  0.33018116E+002  0.95358076E+002  0.17234804E+003
 -0.48122274E+000 -0.23342815E+000 -0.54908101E-002 -0.45314368E-002 -0.16533170E-002  0.22934499E+000  0.34247299E+001  0.16556430E+002  0.33020257E+002  0.95724074E+002  0.17234804E+003
 -0.48122265E+000 -0.23342589E+000 -0.54908071E-002 -0.45314315E-002 -0.16533049E-002  0.22934506E+000  0.34247301E+001  0.16556430E+002  0.33022386E+002  0.96047284E+002  0.17234805E+003
 -0.48122256E+000 -0.23342369E+000 -0.54908042E-002 -0.45314264E-002 -0.16532932E-002  0.22934514E+000  0.34247302E+001  0.16556431E+002  0.33024501E+002  0.96366123E+002  0.17234805E+003
 -0.48122247E+000 -0.23342157E+000 -0.54908013E-002 -0.45314215E-002 -0.16532819E-002  0.22934521E+000  0.34247304E+001  0.16556431E+002  0.33026601E+002  0.96674768E+002  0.17234805E+003
 -0.48122239E+000 -0.23341952E+000 -0.54907986E-002 -0.45314167E-002 -0.16532710E-002  0.22934527E+000  0.34247306E+001  0.16556431E+002  0.33028685E+002  0.96983140E+002  0.17234805E+003
 -0.48122231E+000 -0.23341753E+000 -0.54907959E-002 -0.45314120E-002 -0.16532604E-002  0.22934534E+000  0.34247308E+001  0.16556431E+002  0.33030751E+002  0.97291078E+002  0.17234806E+003
 -0.48122223E+000 -0.23341561E+000 -0.54907934E-002 -0.45314076E-002 -0.16532502E-002  0.22934540E+000  0.34247309E+001  0.16556431E+002  0.33032799E+002  0.97831529E+002  0.17234806E+003
 -0.48122216E+000 -0.23341375E+000 -0.54907909E-002 -0.45314032E-002 -0.16532404E-002  0.22934547E+000  0.34247311E+001  0.16556431E+002  0.33034828E+002  0.98780654E+002  0.17234806E+003
 -0.48122208E+000 -0.23341195E+000 -0.54907885E-002 -0.45313990E-002 -0.16532308E-002  0.22934552E+000  0.34247313E+001  0.16556431E+002  0.33036837E+002  0.99203190E+002  0.17234806E+003
 -0.48122201E+000 -0.23341021E+000 -0.54907861E-002 -0.45313950E-002 -0.16532216E-002  0.22934558E+000  0.34247314E+001  0.16556431E+002  0.33038824E+002  0.99255789E+002  0.17234807E+003
 -0.48122194E+000 -0.23340853E+000 -0.54907839E-002 -0.45313911E-002 -0.16532127E-002  0.22934564E+000  0.34247316E+001  0.16556431E+002  0.33040789E+002  0.99308179E+002  0.17234807E+003
 -0.48122188E+000 -0.23340690E+000 -0.54907817E-002 -0.45313873E-002 -0.16532041E-002  0.22934569E+000  0.34247317E+001  0.16556432E+002  0.33042730E+002  0.99573592E+002  0.17234807E+003
 -0.48122181E+000 -0.23340533E+000 -0.54907796E-002 -0.45313836E-002 -0.16531957E-002  0.22934574E+000  0.34247319E+001  0.16556432E+002  0.33044648E+002  0.10028803E+003  0.17234807E+003
 -0.48122175E+000 -0.23340381E+000 -0.54907776E-002 -0.45313801E-002 -0.16531876E-002  0.22934579E+000  0.34247320E+001  0.16556432E+002  0.33046542E+002  0.10099854E+003  0.17234808E+003
 -0.48122169E+000 -0.23340233E+000 -0.54907756E-002 -0.45313766E-002 -0.16531798E-002  0.22934584E+000  0.34247321E+001  0.16556432E+002  0.33048409E+002  0.10316032E+003  0.17234808E+003
 -0.48122163E+000 -0.23340091E+000 -0.54907737E-002 -0.45313733E-002 -0.16531722E-002  0.22934588E+000  0.34247323E+001  0.16556432E+002  0.33050251E+002  0.10316267E+003  0.17234808E+003
 -0.48122157E+000 -0.23339953E+000 -0.54907718E-002 -0.45313701E-002 -0.16531649E-002  0.22934593E+000  0.34247324E+001  0.16556432E+002  0.33052066E+002  0.10316501E+003  0.17234809E+003
 -0.48122152E+000 -0.23339820E+000 -0.54907700E-002 -0.45313670E-002 -0.16531578E-002  0.22934597E+000  0.34247325E+001  0.16556432E+002  0.33053854E+002  0.10316504E+003  0.17234809E+003
 -0.48122147E+000 -0.23339691E+000 -0.54907683E-002 -0.45313640E-002 -0.16531510E-002  0.22934601E+000  0.34247326E+001  0.16556432E+002  0.33055614E+002  0.10316505E+003  0.17234809E+003
 -0.48122141E+000 -0.23339567E+000 -0.54907666E-002 -0.45313610E-002 -0.16531443E-002  0.22934605E+000  0.34247327E+001  0.16556432E+002  0.33057346E+002  0.10316505E+003  0.17234809E+003
 -0.48122136E+000 -0.23339446E+000 -0.54907650E-002 -0.45313582E-002 -0.16531379E-002  0.22934609E+000  0.34247328E+001  0.16556432E+002  0.33059050E+002  0.10316505E+003  0.17234810E+003
 -0.48122132E+000 -0.23339330E+000 -0.54907634E-002 -0.45313555E-002 -0.16531317E-002  0.22934613E+000  0.34247329E+001  0.16556432E+002  0.33060724E+002  0.10316506E+003  0.17234810E+003
 -0.48122127E+000 -0.23339217E+000 -0.54907619E-002 -0.45313528E-002 -0.16531257E-002  0.22934616E+000  0.34247330E+001  0.16556433E+002  0.33062368E+002  0.10316506E+003  0.17234810E+003
 -0.48122122E+000 -0.23339108E+000 -0.54907605E-002 -0.45313503E-002 -0.16531198E-002  0.22934620E+000  0.34247331E+001  0.16556433E+002  0.33063983E+002  0.10316506E+003  0.17234810E+003
 -0.48122118E+000 -0.23339003E+000 -0.54907591E-002 -0.45313478E-002 -0.16531142E-002  0.22934623E+000  0.34247332E+001  0.16556433E+002  0.33065568E+002  0.10316507E+003  0.17234811E+003
 -0.48122114E+000 -0.23338901E+000 -0.54907577E-002 -0.45313454E-002 -0.16531088E-002  0.22934626E+000  0.34247333E+001  0.16556433E+002  0.33067123E+002  0.10316507E+003  0.17234811E+003
 -0.48122110E+000 -0.23338803E+000 -0.54907564E-002 -0.45313431E-002 -0.16531035E-002  0.22934629E+000  0.34247334E+001  0.16556433E+002  0.33068648E+002  0.10316507E+003  0.17234811E+003
 -0.48122106E+000 -0.23338708E+000 -0.54907551E-002 -0.45313409E-002 -0.16530984E-002  0.22934632E+000  0.34247335E+001  0.16556433E+002  0.33070142E+002  0.10316508E+003  0.17234812E+003
 -0.48122102E+000 -0.23338617E+000 -0.54907538E-002 -0.45313387E-002 -0.16530935E-002  0.22934635E+000  0.34247336E+001  0.16556433E+002  0.33071605E+002  0.10316508E+003  0.17234812E+003
 -0.48122098E+000 -0.23338528E+000 -0.54907527E-002 -0.45313367E-002 -0.16530888E-002  0.22934638E+000  0.34247337E+001  0.16556433E+002  0.33073037E+002  0.10316508E+003  0.17234812E+003
 -0.48122095E+000 -0.23338443E+000 -0.54907515E-002 -0.45313347E-002 -0.16530842E-002  0.22934641E+000  0.34247337E+001  0.16556433E+002  0.33074439E+002  0.10316508E+003  0.17234812E+003
 -0.48122091E+000 -0.23338361E+000 -0.54907504E-002 -0.45313327E-002 -0.16530798E-002  0.22934643E+000  0.34247338E+001  0.16556433E+002  0.33075810E+002  0.10316509E+003  0.17234813E+003
 -0.48122088E+000 -0.23338281E+000 -0.54907493E-002 -0.45313309E-002 -0.16530755E-002  0.22934646E+000  0.34247339E+001  0.16556433E+002  0.33077151E+002  0.10316509E+003  0.17234813E+003
 -0.48122085E+000 -0.23338205E+000 -0.54907483E-002 -0.45313291E-002 -0.16530715E-002  0.22934648E+000  0.34247340E+001  0.16556433E+002  0.33078460E+002  0.10316509E+003  0.17234813E+003
 -0.48122082E+000 -0.23338131E+000 -0.54907473E-002 -0.45313273E-002 -0.16530675E-002  0.22934651E+000  0.34247340E+001  0.16556433E+002  0.33079740E+002  0.10316510E+003  0.17234813E+003
 -0.48122079E+000 -0.23338060E+000 -0.54907463E-002 -0.45313257E-002 -0.16530638E-002  0.22934653E+000  0.34247341E+001  0.16556433E+002  0.33080988E+002  0.10316510E+003  0.17234814E+003
 -0.48122076E+000 -0.23337992E+000 -0.54907454E-002 -0.45313241E-002 -0.16530601E-002  0.22934655E+000  0.34247342E+001  0.16556433E+002  0.33082207E+002  0.10316510E+003  0.17234814E+003
 -0.48122073E+000 -0.23337927E+000 -0.54907445E-002 -0.45313226E-002 -0.16530566E-002  0.22934657E+000  0.34247342E+001  0.16556434E+002  0.33083395E+002  0.10316510E+003  0.17234814E+003
 -0.48122071E+000 -0.23337864E+000 -0.54907437E-002 -0.45313211E-002 -0.16530533E-002  0.22934659E+000  0.34247343E+001  0.16556434E+002  0.33090093E+002  0.10316511E+003  0.17234814E+003
 -0.48122068E+000 -0.23337803E+000 -0.54907429E-002 -0.45313197E-002 -0.16530501E-002  0.22934661E+000  0.34247343E+001  0.16556434E+002  0.33099012E+002  0.10316511E+003  0.17234815E+003
 -0.48122066E+000 -0.23337745E+000 -0.54907421E-002 -0.45313183E-002 -0.16530471E-002  0.22934663E+000  0.34247344E+001  0.16556434E+002  0.33107699E+002  0.10316511E+003  0.17234815E+003
 -0.48122063E+000 -0.23337690E+000 -0.54907414E-002 -0.45313170E-002 -0.16530442E-002  0.22934665E+000  0.34247344E+001  0.16556434E+002  0.33116156E+002  0.10316511E+003  0.17234815E+003
 -0.48122061E+000 -0.23337636E+000 -0.54907406E-002 -0.45313158E-002 -0.16530414E-002  0.22934666E+000  0.34247345E+001  0.16556434E+002  0.33124384E+002  0.10316512E+003  0.17234815E+003
 -0.48122059E+000 -0.23337586E+000 -0.54907400E-002 -0.45313146E-002 -0.16530387E-002  0.22934668E+000  0.34247345E+001  0.16556434E+002  0.33132387E+002  0.10316512E+003  0.17234816E+003
 -0.48122057E+000 -0.23337537E+000 -0.54907393E-002 -0.45313135E-002 -0.16530362E-002  0.22934669E+000  0.34247346E+001  0.16556434E+002  0.33140167E+002  0.10316512E+003  0.17234816E+003
 -0.48122055E+000 -0.23337491E+000 -0.54907387E-002 -0.45313125E-002 -0.16530338E-002  0.22934671E+000  0.34247346E+001  0.16556434E+002  0.33143139E+002  0.10316512E+003  0.17234816E+003
 -0.48122053E+000 -0.23337446E+000 -0.54907381E-002 -0.45313114E-002 -0.16530316E-002  0.22934672E+000  0.34247347E+001  0.16556434E+002  0.33144774E+002  0.10316512E+003  0.17234816E+003
 -0.48122052E+000 -0.23337404E+000 -0.54907375E-002 -0.45313105E-002 -0.16530295E-002  0.22934673E+000  0.34247347E+001  0.16556434E+002  0.33146361E+002  0.10316513E+003  0.17234816E+003
 -0.48122050E+000 -0.23337364E+000 -0.54907370E-002 -0.45313096E-002 -0.16530274E-002  0.22934675E+000  0.34247347E+001  0.16556434E+002  0.33147901E+002  0.10316513E+003  0.17234817E+003
 -0.48122048E+000 -0.23337326E+000 -0.54907365E-002 -0.45313087E-002 -0.16530255E-002  0.22934676E+000  0.34247348E+001  0.16556434E+002  0.33149394E+002  0.10316513E+003  0.17234817E+003
 -0.48122047E+000 -0.23337290E+000 -0.54907360E-002 -0.45313079E-002 -0.16530238E-002  0.22934677E+000  0.34247348E+001  0.16556434E+002  0.33150842E+002  0.10316513E+003  0.17234817E+003
 -0.48122046E+000 -0.23337256E+000 -0.54907355E-002 -0.45313072E-002 -0.16530221E-002  0.22934678E+000  0.34247348E+001  0.16556434E+002  0.33152244E+002  0.10316513E+003  0.17234817E+003
 -0.48122044E+000 -0.23337224E+000 -0.54907351E-002 -0.45313065E-002 -0.16530205E-002  0.22934679E+000  0.34247349E+001  0.16556434E+002  0.33153603E+002  0.10316514E+003  0.17234817E+003
 -0.48122043E+000 -0.23337194E+000 -0.54907347E-002 -0.45313058E-002 -0.16530191E-002  0.22934680E+000  0.34247349E+001  0.16556434E+002  0.33154918E+002  0.10316514E+003  0.17234818E+003
 -0.48122042E+000 -0.23337165E+000 -0.54907343E-002 -0.45313052E-002 -0.16530177E-002  0.22934681E+000  0.34247349E+001  0.16556434E+002  0.33156190E+002  0.10316514E+003  0.17234818E+003
 -0.48122041E+000 -0.23337138E+000 -0.54907340E-002 -0.45313046E-002 -0.16530165E-002  0.22934682E+000  0.34247349E+001  0.16556434E+002  0.33157420E+002  0.10316514E+003  0.17234818E+003
 -0.48122040E+000 -0.23337113E+000 -0.54907336E-002 -0.45313040E-002 -0.16530153E-002  0.22934683E+000  0.34247350E+001  0.16556434E+002  0.33158609E+002  0.10316514E+003  0.17234818E+003
 -0.48122039E+000 -0.23337090E+000 -0.54907333E-002 -0.45313035E-002 -0.16530143E-002  0.22934683E+000  0.34247350E+001  0.16556434E+002  0.33159758E+002  0.10316515E+003  0.17234818E+003
 -0.48122038E+000 -0.23337068E+000 -0.54907330E-002 -0.45313031E-002 -0.16530133E-002  0.22934684E+000  0.34247350E+001  0.16556434E+002  0.33160868E+002  0.10316515E+003  0.17234819E+003
 -0.48122037E+000 -0.23337047E+000 -0.54907328E-002 -0.45313027E-002 -0.16530124E-002  0.22934685E+000  0.34247350E+001  0.16556434E+002  0.33161938E+002  0.10316515E+003  0.17234819E+003
 -0.48122037E+000 -0.23337028E+000 -0.54907325E-002 -0.45313023E-002 -0.16530116E-002  0.22934685E+000  0.34247351E+001  0.16556434E+002  0.33162971E+002  0.10316515E+003  0.17234819E+003
 -0.48122036E+000 -0.23337011E+000 -0.54907323E-002 -0.45313019E-002 -0.16530109E-002  0.22934686E+000  0.34247351E+001  0.16556434E+002  0.33163968E+002  0.10316515E+003  0.17234819E+003
 -0.48122035E+000 -0.23336994E+000 -0.54907321E-002 -0.45313016E-002 -0.16530103E-002  0.22934686E+000  0.34247351E+001  0.16556434E+002  0.33164928E+002  0.10316515E+003  0.17234819E+003
 -0.48122035E+000 -0.23336979E+000 -0.54907319E-002 -0.45313013E-002 -0.16530097E-002  0.22934687E+000  0.34247351E+001  0.16556434E+002  0.33165852E+002  0.10316515E+003  0.17234819E+003
 -0.48122034E+000 -0.23336966E+000 -0.54907317E-002 -0.45313011E-002 -0.16530092E-002  0.22934687E+000  0.34247351E+001  0.16556434E+002  0.33166743E+002  0.10316516E+003  0.17234819E+003
 -0.48122034E+000 -0.23336953E+000 -0.54907315E-002 -0.45313008E-002 -0.16530088E-002  0.22934688E+000  0.34247352E+001  0.16556434E+002  0.33167600E+002  0.10316516E+003  0.17234820E+003
 -0.48122034E+000 -0.23336942E+000 -0.54907314E-002 -0.45313006E-002 -0.16530085E-002  0.22934688E+000  0.34247352E+001  0.16556434E+002  0.33168424E+002  0.10316516E+003  0.17234820E+003
 -0.48122033E+000 -0.23336932E+000 -0.54907313E-002 -0.45313005E-002 -0.16530082E-002  0.22934688E+000  0.34247352E+001  0.16556434E+002  0.33169216E+002  0.10316516E+003  0.17234820E+003
 -0.48122033E+000 -0.23336923E+000 -0.54907312E-002 -0.45313003E-002 -0.16530080E-002  0.22934689E+000  0.34247352E+001  0.16556434E+002  0.33169977E+002  0.10316516E+003  0.17234820E+003
 -0.48122033E+000 -0.23336915E+000 -0.54907311E-002 -0.45313002E-002 -0.16530078E-002  0.22934689E+000  0.34247352E+001  0.16556434E+002  0.33170708E+002  0.10316516E+003  0.17234820E+003
 -0.48122033E+000 -0.23336908E+000 -0.54907310E-002 -0.45313001E-002 -0.16530077E-002  0.22934689E+000  0.34247352E+001  0.16556435E+002  0.33171410E+002  0.10316516E+003  0.17234820E+003
 -0.48122032E+000 -0.23336902E+000 -0.54907309E-002 -0.45313001E-002 -0.16530077E-002  0.22934689E+000  0.34247352E+001  0.16556435E+002  0.33172083E+002  0.10316516E+003  0.17234820E+003
 -0.48122032E+000 -0.23336897E+000 -0.54907308E-002 -0.45313000E-002 -0.16530077E-002  0.22934690E+000  0.34247352E+001  0.16556435E+002  0.33172728E+002  0.10316516E+003  0.17234821E+003
 -0.48122032E+000 -0.23336892E+000 -0.54907308E-002 -0.45313000E-002 -0.16530078E-002  0.22934690E+000  0.34247352E+001  0.16556435E+002  0.33173347E+002  0.10316517E+003  0.17234821E+003
 -0.48122032E+000 -0.23336889E+000 -0.54907308E-002 -0.45313000E-002 -0.16530079E-002  0.22934690E+000  0.34247353E+001  0.16556435E+002  0.33173939E+002  0.10316517E+003  0.17234821E+003
 -0.48122032E+000 -0.23336886E+000 -0.54907307E-002 -0.45313001E-002 -0.16530081E-002  0.22934690E+000  0.34247353E+001  0.16556435E+002  0.33174505E+002  0.10316517E+003  0.17234821E+003
 -0.48122032E+000 -0.23336884E+000 -0.54907307E-002 -0.45313001E-002 -0.16530084E-002  0.22934690E+000  0.34247353E+001  0.16556435E+002  0.33175047E+002  0.10316517E+003  0.17234821E+003
 -0.48122032E+000 -0.23336883E+000 -0.54907307E-002 -0.45313002E-002 -0.16530087E-002  0.22934690E+000  0.34247353E+001  0.16556435E+002  0.33175564E+002  0.10316517E+003  0.17234821E+003
 -0.48122032E+000 -0.23336881E+000 -0.54907307E-002 -0.45313003E-002 -0.16530090E-002  0.22934690E+000  0.34247353E+001  0.16556435E+002  0.33176058E+002  0.10316517E+003  0.17234821E+003
 -0.48122033E+000 -0.23336883E+000 -0.54907307E-002 -0.45313004E-002 -0.16530094E-002  0.22934690E+000  0.34247353E+001  0.16556435E+002  0.33176533E+002  0.10316517E+003  0.17234821E+003
