  0.19206163E+000  0.21679209E+000  0.35022293E+000  0.51054933E+000  0.85883639E+000  0.97745490E+000  0.13162162E+001  0.24570465E+001  0.40802866E+001  0.56561627E+001  0.90918659E+001
  0.19205669E+000  0.21695531E+000  0.35055029E+000  0.51144224E+000  0.85888015E+000  0.97747220E+000  0.13164639E+001  0.24595451E+001  0.40780855E+001  0.56765194E+001  0.91254908E+001
  0.19203154E+000  0.21709370E+000  0.35086770E+000  0.51199744E+000  0.85888437E+000  0.97798008E+000  0.13168262E+001  0.24624390E+001  0.40805986E+001  0.56954894E+001  0.91574257E+001
  0.19206371E+000  0.21721718E+000  0.35114426E+000  0.51270937E+000  0.85887321E+000  0.97786747E+000  0.13185500E+001  0.24647960E+001  0.40836030E+001  0.57132532E+001  0.91865444E+001
  0.19200586E+000  0.21732135E+000  0.35137569E+000  0.51289140E+000  0.85887630E+000  0.97768287E+000  0.13203883E+001  0.24667548E+001  0.40803722E+001  0.57285332E+001  0.92119532E+001
  0.19203727E+000  0.21741458E+000  0.35159497E+000  0.51297007E+000  0.85885435E+000  0.97783842E+000  0.13222299E+001  0.24686093E+001  0.40809591E+001  0.57420880E+001  0.92257617E+001
  0.19203140E+000  0.21749139E+000  0.35177326E+000  0.51329179E+000  0.85886431E+000  0.97797730E+000  0.13212301E+001  0.24701804E+001  0.40825607E+001  0.57535728E+001  0.92379405E+001
  0.19206186E+000  0.21756140E+000  0.35192592E+000  0.51342257E+000  0.85884023E+000  0.97774695E+000  0.13218852E+001  0.24713761E+001  0.40825816E+001  0.57634218E+001  0.92342489E+001
  0.19204975E+000  0.21761307E+000  0.35205490E+000  0.51317890E+000  0.85883468E+000  0.97800079E+000  0.13226766E+001  0.24724814E+001  0.40825005E+001  0.57718130E+001  0.92370817E+001
  0.19205697E+000  0.21766008E+000  0.35216766E+000  0.51321229E+000  0.85882991E+000  0.97787118E+000  0.13228981E+001  0.24733972E+001  0.40827853E+001  0.57786183E+001  0.92392858E+001
  0.19206313E+000  0.21768925E+000  0.35226383E+000  0.51332025E+000  0.85885351E+000  0.97800039E+000  0.13229118E+001  0.24740596E+001  0.40830297E+001  0.57849643E+001  0.92322048E+001
  0.19205039E+000  0.21772638E+000  0.35234556E+000  0.51355637E+000  0.85882262E+000  0.97797982E+000  0.13233928E+001  0.24749259E+001  0.40831529E+001  0.57903849E+001  0.92330537E+001
  0.19203872E+000  0.21774767E+000  0.35241545E+000  0.51382452E+000  0.85886881E+000  0.97800541E+000  0.13241918E+001  0.24756651E+001  0.40829149E+001  0.57948428E+001  0.92338073E+001
  0.19205796E+000  0.21777068E+000  0.35249073E+000  0.51405416E+000  0.85886711E+000  0.97801028E+000  0.13248590E+001  0.24756926E+001  0.40832727E+001  0.57982070E+001  0.92334624E+001
  0.19206109E+000  0.21779050E+000  0.35256509E+000  0.51422981E+000  0.85883663E+000  0.97786289E+000  0.13254071E+001  0.24762661E+001  0.40837179E+001  0.58015699E+001  0.92350462E+001
  0.19206604E+000  0.21780705E+000  0.35268731E+000  0.51438982E+000  0.85884513E+000  0.97797152E+000  0.13259164E+001  0.24769693E+001  0.40838208E+001  0.58046525E+001  0.92356093E+001
  0.19205942E+000  0.21782121E+000  0.35274658E+000  0.51455916E+000  0.85881149E+000  0.97801146E+000  0.13263455E+001  0.24772234E+001  0.40838730E+001  0.58063977E+001  0.92357720E+001
  0.19205239E+000  0.21783330E+000  0.35280390E+000  0.51464588E+000  0.85881187E+000  0.97796865E+000  0.13266802E+001  0.24775416E+001  0.40840474E+001  0.58087899E+001  0.92363997E+001
  0.19205407E+000  0.21784233E+000  0.35279674E+000  0.51475157E+000  0.85885783E+000  0.97800048E+000  0.13269528E+001  0.24776804E+001  0.40842090E+001  0.58105274E+001  0.92356904E+001
  0.19205550E+000  0.21784685E+000  0.35270232E+000  0.51487290E+000  0.85880837E+000  0.97797776E+000  0.13272536E+001  0.24776346E+001  0.40843096E+001  0.58120091E+001  0.92304535E+001
  0.19205673E+000  0.21785658E+000  0.35272453E+000  0.51493941E+000  0.85880754E+000  0.97792088E+000  0.13274746E+001  0.24781114E+001  0.40843737E+001  0.58132723E+001  0.92325179E+001
  0.19205778E+000  0.21786180E+000  0.35274350E+000  0.51499595E+000  0.85883789E+000  0.97794538E+000  0.13275544E+001  0.24779459E+001  0.40843824E+001  0.58142589E+001  0.92342769E+001
  0.19205869E+000  0.21786770E+000  0.35275962E+000  0.51504397E+000  0.85886455E+000  0.97796503E+000  0.13278170E+001  0.24782686E+001  0.40843880E+001  0.58150715E+001  0.92357752E+001
  0.19205946E+000  0.21787274E+000  0.35277337E+000  0.51510276E+000  0.85880574E+000  0.97793163E+000  0.13278418E+001  0.24783524E+001  0.40843912E+001  0.58157631E+001  0.92370509E+001
  0.19206012E+000  0.21787705E+000  0.35278508E+000  0.51511934E+000  0.85880531E+000  0.97793979E+000  0.13278961E+001  0.24785524E+001  0.40844233E+001  0.58167094E+001  0.92381353E+001
  0.19206432E+000  0.21788079E+000  0.35279504E+000  0.51514866E+000  0.85884402E+000  0.97800767E+000  0.13281701E+001  0.24781642E+001  0.40845209E+001  0.58172735E+001  0.92390496E+001
  0.19206595E+000  0.21788389E+000  0.35280351E+000  0.51517367E+000  0.85880463E+000  0.97799757E+000  0.13282070E+001  0.24782540E+001  0.40845049E+001  0.58177526E+001  0.92398325E+001
  0.19206160E+000  0.21788657E+000  0.35281071E+000  0.51519752E+000  0.85880437E+000  0.97795780E+000  0.13282379E+001  0.24783305E+001  0.40844878E+001  0.58181592E+001  0.92404969E+001
  0.19206198E+000  0.21788886E+000  0.35281695E+000  0.51521772E+000  0.85884376E+000  0.97796214E+000  0.13282639E+001  0.24783955E+001  0.40844418E+001  0.58185039E+001  0.92410601E+001
  0.19206438E+000  0.21788271E+000  0.35282201E+000  0.51523481E+000  0.85880397E+000  0.97799368E+000  0.13283434E+001  0.24784509E+001  0.40844020E+001  0.58187959E+001  0.92415374E+001
  0.19206253E+000  0.21788635E+000  0.35282641E+000  0.51525108E+000  0.85880381E+000  0.97798774E+000  0.13284220E+001  0.24784979E+001  0.40843673E+001  0.58190431E+001  0.92419417E+001
  0.19206276E+000  0.21788947E+000  0.35283015E+000  0.51526639E+000  0.85880368E+000  0.97797170E+000  0.13284887E+001  0.24785379E+001  0.40843366E+001  0.58195736E+001  0.92422838E+001
  0.19206295E+000  0.21789214E+000  0.35283347E+000  0.51527936E+000  0.85880357E+000  0.97797400E+000  0.13285694E+001  0.24785719E+001  0.40843094E+001  0.58196953E+001  0.92425730E+001
  0.19206312E+000  0.21789442E+000  0.35283637E+000  0.51529034E+000  0.85880348E+000  0.97797597E+000  0.13285929E+001  0.24786009E+001  0.40842850E+001  0.58197983E+001  0.92428176E+001
  0.19206326E+000  0.21789210E+000  0.35283835E+000  0.51529965E+000  0.85880340E+000  0.97797766E+000  0.13286096E+001  0.24786256E+001  0.40842630E+001  0.58198855E+001  0.92430243E+001
  0.19206339E+000  0.21789527E+000  0.35284030E+000  0.51530754E+000  0.85880334E+000  0.97797911E+000  0.13285965E+001  0.24786468E+001  0.40842432E+001  0.58199595E+001  0.92431993E+001
  0.19206349E+000  0.21788224E+000  0.35284196E+000  0.51531423E+000  0.85880329E+000  0.97798037E+000  0.13286028E+001  0.24786649E+001  0.40842253E+001  0.58200224E+001  0.92433474E+001
  0.19206359E+000  0.21788293E+000  0.35284338E+000  0.51531993E+000  0.85880325E+000  0.97798145E+000  0.13286081E+001  0.24786805E+001  0.40842092E+001  0.58200759E+001  0.92434731E+001
  0.19206367E+000  0.21788352E+000  0.35284460E+000  0.51532479E+000  0.85880321E+000  0.97798240E+000  0.13286126E+001  0.24786940E+001  0.40841947E+001  0.58201216E+001  0.92435799E+001
  0.19206375E+000  0.21788402E+000  0.35284566E+000  0.51532895E+000  0.85880319E+000  0.97798324E+000  0.13286165E+001  0.24787057E+001  0.40841817E+001  0.58201607E+001  0.92436711E+001
  0.19206381E+000  0.21788445E+000  0.35284658E+000  0.51533254E+000  0.85880317E+000  0.97798398E+000  0.13286197E+001  0.24787160E+001  0.40841703E+001  0.58201945E+001  0.92437493E+001
  0.19206387E+000  0.21788482E+000  0.35284739E+000  0.51533566E+000  0.85880316E+000  0.97798465E+000  0.13286226E+001  0.24787251E+001  0.40841602E+001  0.58202239E+001  0.92438168E+001
  0.19206393E+000  0.21788515E+000  0.35284811E+000  0.51533839E+000  0.85880315E+000  0.97798525E+000  0.13286250E+001  0.24787333E+001  0.40841516E+001  0.58202497E+001  0.92438756E+001
  0.19206398E+000  0.21788544E+000  0.35284876E+000  0.51534082E+000  0.85880314E+000  0.97798582E+000  0.13286272E+001  0.24787408E+001  0.40841444E+001  0.58202726E+001  0.92439275E+001
  0.19206403E+000  0.21788571E+000  0.35284936E+000  0.51534302E+000  0.85880314E+000  0.97798635E+000  0.13286292E+001  0.24787476E+001  0.40841385E+001  0.58202933E+001  0.92439740E+001
  0.19206408E+000  0.21788596E+000  0.35284991E+000  0.51534503E+000  0.85880315E+000  0.97798686E+000  0.13286310E+001  0.24787541E+001  0.40841341E+001  0.58203123E+001  0.92440163E+001
  0.19206413E+000  0.21788621E+000  0.35285044E+000  0.51534693E+000  0.85880315E+000  0.97798736E+000  0.13286328E+001  0.24787602E+001  0.40841310E+001  0.58203361E+001  0.92440557E+001
  0.19206418E+000  0.21788644E+000  0.35285095E+000  0.51534874E+000  0.85880316E+000  0.97798785E+000  0.13286344E+001  0.24787662E+001  0.40841293E+001  0.58203590E+001  0.92440932E+001
  0.19206423E+000  0.21788668E+000  0.35285145E+000  0.51535051E+000  0.85880317E+000  0.97798834E+000  0.13286361E+001  0.24787720E+001  0.40841289E+001  0.58203813E+001  0.92441295E+001
  0.19206428E+000  0.21788692E+000  0.35285196E+000  0.51535227E+000  0.85880318E+000  0.97798884E+000  0.13286377E+001  0.24787779E+001  0.40841300E+001  0.58204034E+001  0.92441655E+001
  0.19206433E+000  0.21788717E+000  0.35285246E+000  0.51535404E+000  0.85880320E+000  0.97798934E+000  0.13286394E+001  0.24787837E+001  0.40841325E+001  0.58204255E+001  0.92442016E+001
  0.19206438E+000  0.21788743E+000  0.35285298E+000  0.51535585E+000  0.85880321E+000  0.97798986E+000  0.13286411E+001  0.24787897E+001  0.40841364E+001  0.58204481E+001  0.92442383E+001
  0.19206443E+000  0.21788770E+000  0.35285351E+000  0.51535770E+000  0.85880323E+000  0.97799039E+000  0.13286429E+001  0.24787958E+001  0.40841418E+001  0.58204711E+001  0.92442759E+001
  0.19206448E+000  0.21788799E+000  0.35285405E+000  0.51535960E+000  0.85880419E+000  0.97799093E+000  0.13286448E+001  0.24788020E+001  0.40841486E+001  0.58204948E+001  0.92443145E+001
  0.19206454E+000  0.21788828E+000  0.35285460E+000  0.51536155E+000  0.85880748E+000  0.97799147E+000  0.13286467E+001  0.24788083E+001  0.40841570E+001  0.58205191E+001  0.92443542E+001
  0.19206459E+000  0.21788858E+000  0.35285517E+000  0.51536355E+000  0.85881085E+000  0.97799203E+000  0.13286486E+001  0.24788147E+001  0.40841669E+001  0.58205441E+001  0.92443949E+001
  0.19206465E+000  0.21788890E+000  0.35285574E+000  0.51536559E+000  0.85881427E+000  0.97799259E+000  0.13286507E+001  0.24788212E+001  0.40841783E+001  0.58205695E+001  0.92444365E+001
  0.19206470E+000  0.21788922E+000  0.35285632E+000  0.51536767E+000  0.85881774E+000  0.97799316E+000  0.13286527E+001  0.24788277E+001  0.40841914E+001  0.58205955E+001  0.92444788E+001
  0.19206476E+000  0.21788954E+000  0.35285691E+000  0.51536976E+000  0.85882123E+000  0.97799372E+000  0.13286548E+001  0.24788343E+001  0.40842062E+001  0.58206216E+001  0.92445215E+001
  0.19206481E+000  0.21788987E+000  0.35285749E+000  0.51537186E+000  0.85882473E+000  0.97799428E+000  0.13286569E+001  0.24788408E+001  0.40842228E+001  0.58206479E+001  0.92445644E+001
  0.19206487E+000  0.21789020E+000  0.35285807E+000  0.51537396E+000  0.85882821E+000  0.97799484E+000  0.13286591E+001  0.24788473E+001  0.40842411E+001  0.58206742E+001  0.92446072E+001
  0.19206492E+000  0.21789052E+000  0.35285864E+000  0.51537603E+000  0.85883166E+000  0.97799538E+000  0.13286612E+001  0.24788537E+001  0.40842613E+001  0.58207002E+001  0.92446497E+001
  0.19206497E+000  0.21789085E+000  0.35285921E+000  0.51537808E+000  0.85883505E+000  0.97799591E+000  0.13286634E+001  0.24788600E+001  0.40842835E+001  0.58207259E+001  0.92446916E+001
  0.19206502E+000  0.21789116E+000  0.35285976E+000  0.51538008E+000  0.85883836E+000  0.97799643E+000  0.13286655E+001  0.24788661E+001  0.40843077E+001  0.58207510E+001  0.92447326E+001
  0.19206507E+000  0.21789147E+000  0.35286030E+000  0.51538204E+000  0.85884158E+000  0.97799693E+000  0.13286676E+001  0.24788720E+001  0.40843339E+001  0.58207755E+001  0.92447726E+001
  0.19206512E+000  0.21789178E+000  0.35286082E+000  0.51538393E+000  0.85884469E+000  0.97799741E+000  0.13286696E+001  0.24788778E+001  0.40843622E+001  0.58207992E+001  0.92448114E+001
  0.19206516E+000  0.21789207E+000  0.35286132E+000  0.51538575E+000  0.85884769E+000  0.97799787E+000  0.13286716E+001  0.24788833E+001  0.40843927E+001  0.58208221E+001  0.92448487E+001
  0.19206520E+000  0.21789236E+000  0.35286180E+000  0.51538750E+000  0.85885055E+000  0.97799830E+000  0.13286736E+001  0.24788886E+001  0.40844254E+001  0.58208440E+001  0.92448845E+001
  0.19206524E+000  0.21789263E+000  0.35286225E+000  0.51538917E+000  0.85885329E+000  0.97799872E+000  0.13286755E+001  0.24788936E+001  0.40844603E+001  0.58208649E+001  0.92449186E+001
  0.19206528E+000  0.21789289E+000  0.35286269E+000  0.51539075E+000  0.85885587E+000  0.97799911E+000  0.13286774E+001  0.24788983E+001  0.40844975E+001  0.58208847E+001  0.92449510E+001
  0.19206532E+000  0.21789314E+000  0.35286310E+000  0.51539225E+000  0.85885831E+000  0.97799948E+000  0.13286792E+001  0.24789028E+001  0.40845369E+001  0.58209034E+001  0.92449816E+001
  0.19206535E+000  0.21789338E+000  0.35286349E+000  0.51539365E+000  0.85886060E+000  0.97799982E+000  0.13286809E+001  0.24789070E+001  0.40845786E+001  0.58209210E+001  0.92450104E+001
  0.19206538E+000  0.21789361E+000  0.35286385E+000  0.51539497E+000  0.85886274E+000  0.97800014E+000  0.13286826E+001  0.24789110E+001  0.40846225E+001  0.58209375E+001  0.92450373E+001
  0.19206541E+000  0.21789382E+000  0.35286419E+000  0.51539620E+000  0.85886473E+000  0.97800214E+000  0.13286843E+001  0.24789146E+001  0.40846686E+001  0.58209528E+001  0.92450623E+001
  0.19206544E+000  0.21789402E+000  0.35286450E+000  0.51539734E+000  0.85886657E+000  0.97800571E+000  0.13286858E+001  0.24789181E+001  0.40847170E+001  0.58209670E+001  0.92450855E+001
  0.19206546E+000  0.21789422E+000  0.35286480E+000  0.51539840E+000  0.85886826E+000  0.97800900E+000  0.13286874E+001  0.24789212E+001  0.40847431E+001  0.58209801E+001  0.92451069E+001
  0.19206548E+000  0.21789440E+000  0.35286507E+000  0.51539936E+000  0.85886981E+000  0.97801200E+000  0.13286888E+001  0.24789241E+001  0.40847655E+001  0.58209921E+001  0.92451264E+001
  0.19206550E+000  0.21789456E+000  0.35286531E+000  0.51540025E+000  0.85887122E+000  0.97801475E+000  0.13286902E+001  0.24789267E+001  0.40847886E+001  0.58210030E+001  0.92451443E+001
  0.19206552E+000  0.21789472E+000  0.35286554E+000  0.51540106E+000  0.85887250E+000  0.97800159E+000  0.13286916E+001  0.24789291E+001  0.40848125E+001  0.58210129E+001  0.92451605E+001
  0.19206554E+000  0.21789487E+000  0.35286575E+000  0.51540179E+000  0.85887365E+000  0.97800176E+000  0.13286929E+001  0.24789313E+001  0.40848371E+001  0.58210219E+001  0.92451752E+001
  0.19206555E+000  0.21789501E+000  0.35286593E+000  0.51540245E+000  0.85887468E+000  0.97800192E+000  0.13286942E+001  0.24789333E+001  0.40848625E+001  0.58210300E+001  0.92451884E+001
  0.19206556E+000  0.21789514E+000  0.35286610E+000  0.51540305E+000  0.85887560E+000  0.97800205E+000  0.13286954E+001  0.24789351E+001  0.40848885E+001  0.58210371E+001  0.92452001E+001
  0.19206557E+000  0.21789527E+000  0.35286626E+000  0.51540358E+000  0.85887642E+000  0.97800217E+000  0.13286966E+001  0.24789367E+001  0.40849152E+001  0.58210435E+001  0.92452105E+001
  0.19206558E+000  0.21789538E+000  0.35286640E+000  0.51540406E+000  0.85887714E+000  0.97800228E+000  0.13286977E+001  0.24789381E+001  0.40849426E+001  0.58210491E+001  0.92452198E+001
  0.19206559E+000  0.21789549E+000  0.35286652E+000  0.51540448E+000  0.85887777E+000  0.97800238E+000  0.13286988E+001  0.24789394E+001  0.40849705E+001  0.58210541E+001  0.92452278E+001
  0.19206560E+000  0.21789560E+000  0.35286663E+000  0.51540485E+000  0.85887831E+000  0.97800246E+000  0.13286999E+001  0.24789405E+001  0.40849990E+001  0.58210584E+001  0.92452349E+001
  0.19206560E+000  0.21789569E+000  0.35286673E+000  0.51540518E+000  0.85887879E+000  0.97800253E+000  0.13287009E+001  0.24789415E+001  0.40850280E+001  0.58210621E+001  0.92452409E+001
  0.19206561E+000  0.21789579E+000  0.35286682E+000  0.51540547E+000  0.85887919E+000  0.97800259E+000  0.13287019E+001  0.24789424E+001  0.40850576E+001  0.58210652E+001  0.92452462E+001
  0.19206561E+000  0.21789588E+000  0.35286690E+000  0.51540572E+000  0.85887953E+000  0.97800265E+000  0.13287029E+001  0.24789432E+001  0.40850877E+001  0.58210679E+001  0.92452506E+001
  0.19206562E+000  0.21789596E+000  0.35286697E+000  0.51540594E+000  0.85887982E+000  0.97800269E+000  0.13287039E+001  0.24789439E+001  0.40851182E+001  0.58210702E+001  0.92452543E+001
  0.19206562E+000  0.21789604E+000  0.35286703E+000  0.51540613E+000  0.85888005E+000  0.97800273E+000  0.13287049E+001  0.24789445E+001  0.40851492E+001  0.58210721E+001  0.92452574E+001
  0.19206562E+000  0.21789612E+000  0.35286709E+000  0.51540629E+000  0.85888025E+000  0.97800276E+000  0.13287058E+001  0.24789450E+001  0.40851807E+001  0.58210736E+001  0.92452600E+001
  0.19206563E+000  0.21789619E+000  0.35286714E+000  0.51540643E+000  0.85888040E+000  0.97800279E+000  0.13287067E+001  0.24789455E+001  0.40852160E+001  0.58210749E+001  0.92452621E+001
  0.19206563E+000  0.21789627E+000  0.35286718E+000  0.51540656E+000  0.85888053E+000  0.97800282E+000  0.13287076E+001  0.24789459E+001  0.40852597E+001  0.58210759E+001  0.92452637E+001
  0.19206563E+000  0.21789634E+000  0.35286722E+000  0.51540666E+000  0.85888062E+000  0.97800284E+000  0.13287085E+001  0.24789462E+001  0.40853041E+001  0.58210767E+001  0.92452651E+001
  0.19206563E+000  0.21789641E+000  0.35286725E+000  0.51540675E+000  0.85888069E+000  0.97800285E+000  0.13287094E+001  0.24789466E+001  0.40853490E+001  0.58210773E+001  0.92452661E+001
  0.19206563E+000  0.21789648E+000  0.35286729E+000  0.51540683E+000  0.85888075E+000  0.97800287E+000  0.13287103E+001  0.24789469E+001  0.40853918E+001  0.58210777E+001  0.92452668E+001
  0.19206563E+000  0.21789654E+000  0.35286731E+000  0.51540690E+000  0.85888078E+000  0.97800288E+000  0.13287112E+001  0.24789471E+001  0.40854348E+001  0.58210780E+001  0.92452673E+001
  0.19206563E+000  0.21789661E+000  0.35286734E+000  0.51540697E+000  0.85888081E+000  0.97800289E+000  0.13287121E+001  0.24789474E+001  0.40854782E+001  0.58210782E+001  0.92452677E+001
  0.19206563E+000  0.21789668E+000  0.35290178E+000  0.51540702E+000  0.85888082E+000  0.97800290E+000  0.13287130E+001  0.24789476E+001  0.40855221E+001  0.58210783E+001  0.92452680E+001
  0.19206563E+000  0.21789674E+000  0.35294678E+000  0.51540708E+000  0.85888082E+000  0.97800291E+000  0.13287138E+001  0.24789479E+001  0.40855664E+001  0.58210783E+001  0.92452681E+001
  0.19206563E+000  0.21789680E+000  0.35297291E+000  0.51540712E+000  0.85888083E+000  0.97800292E+000  0.13287147E+001  0.24789481E+001  0.40856112E+001  0.58210783E+001  0.92452682E+001
  0.19206563E+000  0.21789687E+000  0.35298010E+000  0.51540717E+000  0.85888082E+000  0.97800293E+000  0.13287156E+001  0.24789483E+001  0.40856563E+001  0.58210783E+001  0.92452682E+001
  0.19206563E+000  0.21789693E+000  0.35298724E+000  0.51540721E+000  0.85888082E+000  0.97800294E+000  0.13287164E+001  0.24789485E+001  0.40857017E+001  0.58210783E+001  0.92452681E+001
  0.19206563E+000  0.21789699E+000  0.35299430E+000  0.51540726E+000  0.85888081E+000  0.97800294E+000  0.13287173E+001  0.24789488E+001  0.40857476E+001  0.58210782E+001  0.92452681E+001
  0.19206563E+000  0.21789705E+000  0.35300128E+000  0.51540730E+000  0.85888081E+000  0.97800295E+000  0.13287182E+001  0.24789490E+001  0.40857938E+001  0.58210781E+001  0.92452681E+001
  0.19206563E+000  0.21789711E+000  0.35300818E+000  0.51540735E+000  0.85888080E+000  0.97800296E+000  0.13287190E+001  0.24789492E+001  0.40858403E+001  0.58210781E+001  0.92452681E+001
  0.19206563E+000  0.21789718E+000  0.35301499E+000  0.51540739E+000  0.85888080E+000  0.97800297E+000  0.13287199E+001  0.24789495E+001  0.40858871E+001  0.58210781E+001  0.92452681E+001
  0.19206563E+000  0.21789723E+000  0.35302172E+000  0.51540744E+000  0.85888081E+000  0.97800298E+000  0.13287207E+001  0.24789497E+001  0.40859342E+001  0.58210780E+001  0.92452682E+001
  0.19206563E+000  0.21789729E+000  0.35302835E+000  0.51540749E+000  0.85888081E+000  0.97800299E+000  0.13287216E+001  0.24789500E+001  0.40859816E+001  0.58210781E+001  0.92452683E+001
  0.19206563E+000  0.21789735E+000  0.35303488E+000  0.51540754E+000  0.85888082E+000  0.97800300E+000  0.13287224E+001  0.24789502E+001  0.40860293E+001  0.58210781E+001  0.92452685E+001
  0.19206563E+000  0.21789741E+000  0.35304131E+000  0.51540759E+000  0.85888084E+000  0.97800301E+000  0.13287233E+001  0.24789505E+001  0.40881343E+001  0.58210782E+001  0.92452687E+001
  0.19206563E+000  0.21789747E+000  0.35304764E+000  0.51540765E+000  0.85888086E+000  0.97800303E+000  0.13287241E+001  0.24789508E+001  0.40895520E+001  0.58210783E+001  0.92452690E+001
  0.19206563E+000  0.21789753E+000  0.35305386E+000  0.51540770E+000  0.85888088E+000  0.97800304E+000  0.13287250E+001  0.24789511E+001  0.40909750E+001  0.58210784E+001  0.92452693E+001
  0.19206563E+000  0.21789758E+000  0.35305997E+000  0.51540776E+000  0.85888091E+000  0.97800305E+000  0.13287258E+001  0.24789514E+001  0.40911329E+001  0.58210786E+001  0.92452697E+001
  0.19206563E+000  0.21789764E+000  0.35306597E+000  0.51540782E+000  0.85888094E+000  0.97800307E+000  0.13287266E+001  0.24789517E+001  0.40911401E+001  0.58210788E+001  0.92452701E+001
  0.19206563E+000  0.21789769E+000  0.35307185E+000  0.51540788E+000  0.85888098E+000  0.97800308E+000  0.13287274E+001  0.24789520E+001  0.40911474E+001  0.58210790E+001  0.92452707E+001
  0.19206563E+000  0.21789775E+000  0.35307762E+000  0.51540795E+000  0.85888102E+000  0.97800310E+000  0.13287282E+001  0.24789524E+001  0.40911547E+001  0.58210793E+001  0.92452712E+001
  0.19206563E+000  0.21789780E+000  0.35308327E+000  0.51540801E+000  0.85888107E+000  0.97800312E+000  0.13287290E+001  0.24789527E+001  0.40911620E+001  0.58210796E+001  0.92452719E+001
  0.19206564E+000  0.21789785E+000  0.35308881E+000  0.51540808E+000  0.85888112E+000  0.97800313E+000  0.13287298E+001  0.24789530E+001  0.40911694E+001  0.58210800E+001  0.92452725E+001
  0.19206564E+000  0.21789790E+000  0.35309422E+000  0.51540815E+000  0.85888118E+000  0.97800315E+000  0.13287306E+001  0.24789534E+001  0.40911767E+001  0.58210803E+001  0.92452733E+001
  0.19206564E+000  0.21789795E+000  0.35309952E+000  0.51540822E+000  0.85888124E+000  0.97800317E+000  0.13287314E+001  0.24789537E+001  0.40911841E+001  0.58210807E+001  0.92452740E+001
  0.19206564E+000  0.21789800E+000  0.35310469E+000  0.51540829E+000  0.85888130E+000  0.97800319E+000  0.13287322E+001  0.24789541E+001  0.40911915E+001  0.58210811E+001  0.92452749E+001
  0.19206564E+000  0.21789805E+000  0.35310975E+000  0.51540837E+000  0.85888137E+000  0.97800320E+000  0.13287330E+001  0.24789545E+001  0.40911988E+001  0.58210816E+001  0.92452757E+001
  0.19206564E+000  0.21789810E+000  0.35311468E+000  0.51540844E+000  0.85888143E+000  0.97800322E+000  0.13287337E+001  0.24789549E+001  0.40912062E+001  0.58210820E+001  0.92452767E+001
  0.19206564E+000  0.21789814E+000  0.35311949E+000  0.51540851E+000  0.85888151E+000  0.97800324E+000  0.13287345E+001  0.24789552E+001  0.40915587E+001  0.58210825E+001  0.92452776E+001
  0.19206564E+000  0.21789819E+000  0.35312419E+000  0.51540859E+000  0.85888158E+000  0.97800326E+000  0.13287352E+001  0.24789556E+001  0.40919692E+001  0.58210830E+001  0.92452786E+001
  0.19206565E+000  0.21789823E+000  0.35312876E+000  0.51540867E+000  0.85888166E+000  0.97800328E+000  0.13287359E+001  0.24789560E+001  0.40922579E+001  0.58210836E+001  0.92452796E+001
  0.19206565E+000  0.21789828E+000  0.35313321E+000  0.51540874E+000  0.85888174E+000  0.97800330E+000  0.13287366E+001  0.24789564E+001  0.40925454E+001  0.58210841E+001  0.92452807E+001
  0.19206565E+000  0.21789832E+000  0.35313755E+000  0.51540882E+000  0.85888182E+000  0.97800332E+000  0.13287373E+001  0.24789568E+001  0.40927203E+001  0.58210847E+001  0.92452818E+001
  0.19206565E+000  0.21789836E+000  0.35314177E+000  0.51540890E+000  0.85888190E+000  0.97800334E+000  0.13287380E+001  0.24789572E+001  0.40927712E+001  0.58210853E+001  0.92452829E+001
  0.19206565E+000  0.21789840E+000  0.35314587E+000  0.51540897E+000  0.85888198E+000  0.97800336E+000  0.13287387E+001  0.24789575E+001  0.40930519E+001  0.58210858E+001  0.92452840E+001
  0.19206565E+000  0.21789844E+000  0.35314986E+000  0.51540905E+000  0.85888207E+000  0.97800338E+000  0.13287394E+001  0.24789579E+001  0.40938469E+001  0.58210864E+001  0.92452851E+001
  0.19206565E+000  0.21789848E+000  0.35315374E+000  0.51540913E+000  0.85888216E+000  0.97800340E+000  0.13287400E+001  0.24789583E+001  0.40946369E+001  0.58210870E+001  0.92452863E+001
  0.19206565E+000  0.21789852E+000  0.35315751E+000  0.51540920E+000  0.85888224E+000  0.97800342E+000  0.13287407E+001  0.24789587E+001  0.40954213E+001  0.58210876E+001  0.92452875E+001
  0.19206566E+000  0.21789855E+000  0.35316116E+000  0.51540928E+000  0.85888233E+000  0.97800344E+000  0.13287413E+001  0.24789591E+001  0.40959674E+001  0.58210882E+001  0.92452886E+001
  0.19206566E+000  0.21789859E+000  0.35316471E+000  0.51540936E+000  0.85888242E+000  0.97800346E+000  0.13287420E+001  0.24789595E+001  0.40965068E+001  0.58210889E+001  0.92452898E+001
  0.19206566E+000  0.21789862E+000  0.35316815E+000  0.51540943E+000  0.85888251E+000  0.97800348E+000  0.13287426E+001  0.24789598E+001  0.40973118E+001  0.58210895E+001  0.92452910E+001
  0.19206566E+000  0.21789866E+000  0.35317149E+000  0.51540950E+000  0.85888259E+000  0.97800350E+000  0.13287432E+001  0.24789602E+001  0.40981970E+001  0.58210901E+001  0.92452922E+001
  0.19206566E+000  0.21789869E+000  0.35317473E+000  0.51540958E+000  0.85888268E+000  0.97800352E+000  0.13287438E+001  0.24789606E+001  0.40990740E+001  0.58210907E+001  0.92452934E+001
  0.19206566E+000  0.21789872E+000  0.35317786E+000  0.51540965E+000  0.85888277E+000  0.97800354E+000  0.13287443E+001  0.24789610E+001  0.40999424E+001  0.58210913E+001  0.92452946E+001
  0.19206566E+000  0.21789875E+000  0.35318090E+000  0.51540972E+000  0.85888285E+000  0.97800356E+000  0.13287449E+001  0.24789613E+001  0.41003828E+001  0.58210919E+001  0.92493743E+001
  0.19206567E+000  0.21789878E+000  0.35318384E+000  0.51540979E+000  0.85888294E+000  0.97800358E+000  0.13287454E+001  0.24789617E+001  0.41005141E+001  0.58210925E+001  0.92495047E+001
  0.19206567E+000  0.21789881E+000  0.35318669E+000  0.51540986E+000  0.85888302E+000  0.97800360E+000  0.13287460E+001  0.24789620E+001  0.41006677E+001  0.58210931E+001  0.92530877E+001
  0.19206567E+000  0.21789884E+000  0.35318944E+000  0.51540993E+000  0.85888311E+000  0.97800361E+000  0.13287465E+001  0.24789624E+001  0.41008686E+001  0.58210937E+001  0.92531750E+001
  0.19206567E+000  0.21789887E+000  0.35319211E+000  0.51540999E+000  0.85888319E+000  0.97800363E+000  0.13287470E+001  0.24789627E+001  0.41010670E+001  0.58210943E+001  0.92532623E+001
  0.19206567E+000  0.21789889E+000  0.35319469E+000  0.51541006E+000  0.85888327E+000  0.97800365E+000  0.13287475E+001  0.24789630E+001  0.41011328E+001  0.58210949E+001  0.92533495E+001
  0.19206567E+000  0.21789892E+000  0.35319718E+000  0.51541012E+000  0.85888334E+000  0.97800366E+000  0.13287480E+001  0.24789634E+001  0.41011351E+001  0.58210954E+001  0.92534365E+001
  0.19206567E+000  0.21789894E+000  0.35319959E+000  0.51541018E+000  0.85888342E+000  0.97800368E+000  0.13287485E+001  0.24789637E+001  0.41011880E+001  0.58210960E+001  0.92535233E+001
  0.19206568E+000  0.21789897E+000  0.35320163E+000  0.51541024E+000  0.85888350E+000  0.97800370E+000  0.13287489E+001  0.24789640E+001  0.41015121E+001  0.58210965E+001  0.92536098E+001
  0.19206568E+000  0.21789899E+000  0.35320188E+000  0.51541030E+000  0.85888357E+000  0.97800371E+000  0.13287494E+001  0.24789643E+001  0.41018313E+001  0.58210970E+001  0.92536960E+001
  0.19206568E+000  0.21789901E+000  0.35320211E+000  0.51541035E+000  0.85888364E+000  0.97800372E+000  0.13287498E+001  0.24789646E+001  0.41021456E+001  0.58210975E+001  0.92537817E+001
  0.19206568E+000  0.21789903E+000  0.35320234E+000  0.51541041E+000  0.85888371E+000  0.97800374E+000  0.13287502E+001  0.24789649E+001  0.41027990E+001  0.58210980E+001  0.92538669E+001
  0.19206568E+000  0.21789905E+000  0.35320256E+000  0.51541046E+000  0.85888377E+000  0.97800375E+000  0.13287506E+001  0.24789652E+001  0.41032398E+001  0.58210985E+001  0.92539517E+001
  0.19206568E+000  0.21789907E+000  0.35320278E+000  0.51541051E+000  0.85888383E+000  0.97800376E+000  0.13287510E+001  0.24789654E+001  0.41032762E+001  0.58210989E+001  0.92540358E+001
  0.19206568E+000  0.21789909E+000  0.35320298E+000  0.51541056E+000  0.85888389E+000  0.97800378E+000  0.13287514E+001  0.24789657E+001  0.41033119E+001  0.58210994E+001  0.92541193E+001
  0.19206568E+000  0.21789911E+000  0.35320318E+000  0.51541060E+000  0.85888395E+000  0.97800379E+000  0.13287518E+001  0.24789659E+001  0.41033470E+001  0.58210998E+001  0.92542021E+001
  0.19206568E+000  0.21789913E+000  0.35320337E+000  0.51541065E+000  0.85888401E+000  0.97800380E+000  0.13287522E+001  0.24789662E+001  0.41056044E+001  0.58211002E+001  0.92542350E+001
  0.19206568E+000  0.21789915E+000  0.35320356E+000  0.51541069E+000  0.85888406E+000  0.97800381E+000  0.13287525E+001  0.24789664E+001  0.41056097E+001  0.58211006E+001  0.92542599E+001
  0.19206569E+000  0.21789916E+000  0.35320373E+000  0.51541073E+000  0.85888411E+000  0.97800382E+000  0.13287529E+001  0.24789666E+001  0.41056148E+001  0.58211009E+001  0.92542844E+001
  0.19206569E+000  0.21789918E+000  0.35320390E+000  0.51541077E+000  0.85888415E+000  0.97800383E+000  0.13287532E+001  0.24789669E+001  0.41056199E+001  0.58211013E+001  0.92543088E+001
  0.19206569E+000  0.21789919E+000  0.35320407E+000  0.51541081E+000  0.85888420E+000  0.97800384E+000  0.13287535E+001  0.24789671E+001  0.41056248E+001  0.58211016E+001  0.92543328E+001
  0.19206569E+000  0.21789921E+000  0.35320422E+000  0.51541084E+000  0.85888424E+000  0.97800385E+000  0.13287538E+001  0.24789673E+001  0.41056296E+001  0.58211019E+001  0.92543566E+001
  0.19206569E+000  0.21789922E+000  0.35320437E+000  0.51541087E+000  0.85888428E+000  0.97800385E+000  0.13287541E+001  0.24789675E+001  0.41056344E+001  0.58211022E+001  0.92543800E+001
  0.19206569E+000  0.21789923E+000  0.35320452E+000  0.51541091E+000  0.85888431E+000  0.97800386E+000  0.13287544E+001  0.24789677E+001  0.41056390E+001  0.58211025E+001  0.92544032E+001
  0.19206569E+000  0.21789925E+000  0.35320466E+000  0.51541093E+000  0.85888435E+000  0.97800387E+000  0.13287547E+001  0.24789678E+001  0.41056435E+001  0.58211027E+001  0.92544261E+001
  0.19206569E+000  0.21789926E+000  0.35320479E+000  0.51541096E+000  0.85888438E+000  0.97800387E+000  0.13287549E+001  0.24789680E+001  0.41056479E+001  0.58211029E+001  0.92544486E+001
  0.19206569E+000  0.21789927E+000  0.35320492E+000  0.51541099E+000  0.85888441E+000  0.97800388E+000  0.13287552E+001  0.24789682E+001  0.41056521E+001  0.58211031E+001  0.92544708E+001
  0.19206569E+000  0.21789928E+000  0.35320504E+000  0.51541101E+000  0.85888443E+000  0.97800389E+000  0.13287554E+001  0.24789683E+001  0.41056563E+001  0.58211033E+001  0.92544927E+001
  0.19206569E+000  0.21789929E+000  0.35320515E+000  0.51541103E+000  0.85888445E+000  0.97800389E+000  0.13287557E+001  0.24789684E+001  0.41056604E+001  0.58211035E+001  0.92545142E+001
  0.19206569E+000  0.21789930E+000  0.35320527E+000  0.51541105E+000  0.85888448E+000  0.97800389E+000  0.13287559E+001  0.24789686E+001  0.41056643E+001  0.58211037E+001  0.92545353E+001
  0.19206569E+000  0.21789931E+000  0.35320537E+000  0.51541107E+000  0.85888449E+000  0.97800390E+000  0.13287561E+001  0.24789687E+001  0.41057239E+001  0.58211038E+001  0.92545562E+001
  0.19206569E+000  0.21789931E+000  0.35320547E+000  0.51541109E+000  0.85880359E+000  0.97800390E+000  0.13287563E+001  0.24789688E+001  0.41057882E+001  0.58211039E+001  0.92545766E+001
  0.19206569E+000  0.21789932E+000  0.35320557E+000  0.51541110E+000  0.85880359E+000  0.97800390E+000  0.13287565E+001  0.24789689E+001  0.41058508E+001  0.58211040E+001  0.92545967E+001
  0.19206569E+000  0.21789933E+000  0.35320566E+000  0.51541111E+000  0.85880359E+000  0.97800391E+000  0.13287567E+001  0.24789690E+001  0.41062242E+001  0.58211041E+001  0.92546164E+001
  0.19206569E+000  0.21789934E+000  0.35320575E+000  0.51541113E+000  0.85880359E+000  0.97800391E+000  0.13287569E+001  0.24789691E+001  0.41074967E+001  0.58211042E+001  0.92565716E+001
  0.19206569E+000  0.21789934E+000  0.35320583E+000  0.51541114E+000  0.85880359E+000  0.97800391E+000  0.13287570E+001  0.24789692E+001  0.41075145E+001  0.58211043E+001  0.92566143E+001
  0.19206569E+000  0.21789935E+000  0.35320591E+000  0.51541115E+000  0.85880359E+000  0.97800391E+000  0.13287572E+001  0.24789693E+001  0.41075318E+001  0.58211043E+001  0.92566561E+001
  0.19206569E+000  0.21789935E+000  0.35320598E+000  0.51541115E+000  0.85880359E+000  0.97800391E+000  0.13287573E+001  0.24789694E+001  0.41075486E+001  0.58211043E+001  0.92566971E+001
  0.19206569E+000  0.21789936E+000  0.35320606E+000  0.51541116E+000  0.85880359E+000  0.97800391E+000  0.13287575E+001  0.24789695E+001  0.41075649E+001  0.58211044E+001  0.92567371E+001
  0.19206569E+000  0.21789936E+000  0.35320612E+000  0.51541117E+000  0.85880359E+000  0.97800391E+000  0.13287576E+001  0.24789695E+001  0.41075807E+001  0.58211044E+001  0.92567763E+001
  0.19206569E+000  0.21789937E+000  0.35320619E+000  0.51541117E+000  0.85880359E+000  0.97800391E+000  0.13287578E+001  0.24789696E+001  0.41075961E+001  0.58211044E+001  0.92568147E+001
  0.19206569E+000  0.21789937E+000  0.35320625E+000  0.51541117E+000  0.85880359E+000  0.97800391E+000  0.13287579E+001  0.24789696E+001  0.41076110E+001  0.58211043E+001  0.92633009E+001
  0.19206569E+000  0.21789938E+000  0.35320630E+000  0.51541118E+000  0.85880359E+000  0.97800391E+000  0.13287580E+001  0.24789697E+001  0.41076255E+001  0.58211043E+001  0.92633366E+001
  0.19206569E+000  0.21789938E+000  0.35320636E+000  0.51541118E+000  0.85880359E+000  0.97800391E+000  0.13287581E+001  0.24789697E+001  0.41076395E+001  0.58211043E+001  0.92633714E+001
  0.19206569E+000  0.21789938E+000  0.35320641E+000  0.51541118E+000  0.85880359E+000  0.97800391E+000  0.13287582E+001  0.24789698E+001  0.41076531E+001  0.58211043E+001  0.92634055E+001
  0.19206569E+000  0.21789939E+000  0.35320645E+000  0.51541118E+000  0.85880359E+000  0.97800391E+000  0.13287583E+001  0.24789698E+001  0.41076662E+001  0.58211042E+001  0.92634387E+001
  0.19206569E+000  0.21789939E+000  0.35320650E+000  0.51541118E+000  0.85880359E+000  0.97800391E+000  0.13287584E+001  0.24789699E+001  0.41076789E+001  0.58211042E+001  0.92634711E+001
  0.19206569E+000  0.21789939E+000  0.35320654E+000  0.51541117E+000  0.85880359E+000  0.97800390E+000  0.13287585E+001  0.24789699E+001  0.41076912E+001  0.58211041E+001  0.92635027E+001
  0.19206569E+000  0.21789939E+000  0.35320658E+000  0.51541117E+000  0.85880359E+000  0.97800390E+000  0.13287586E+001  0.24789699E+001  0.41077031E+001  0.58211040E+001  0.92678508E+001
  0.19206569E+000  0.21789939E+000  0.35320661E+000  0.51541117E+000  0.85888449E+000  0.97800390E+000  0.13287587E+001  0.24789699E+001  0.41077146E+001  0.58211040E+001  0.92678611E+001
  0.19206569E+000  0.21789939E+000  0.35320665E+000  0.51541117E+000  0.85888448E+000  0.97800390E+000  0.13287587E+001  0.24789700E+001  0.41077257E+001  0.58211039E+001  0.92678712E+001
  0.19206569E+000  0.21789940E+000  0.35320668E+000  0.51541116E+000  0.85888447E+000  0.97800390E+000  0.13287588E+001  0.24789700E+001  0.41077364E+001  0.58211038E+001  0.92678810E+001
  0.19206569E+000  0.21789940E+000  0.35320671E+000  0.51541116E+000  0.85888445E+000  0.97800389E+000  0.13287589E+001  0.24789700E+001  0.41077468E+001  0.58211037E+001  0.92678905E+001
  0.19206569E+000  0.21789940E+000  0.35320673E+000  0.51541115E+000  0.85888444E+000  0.97800389E+000  0.13287589E+001  0.24789700E+001  0.41077568E+001  0.58211036E+001  0.92678998E+001
  0.19206569E+000  0.21789940E+000  0.35320676E+000  0.51541115E+000  0.85888442E+000  0.97800389E+000  0.13287590E+001  0.24789700E+001  0.41077664E+001  0.58211035E+001  0.92679088E+001
  0.19206569E+000  0.21789940E+000  0.35320678E+000  0.51541114E+000  0.85888441E+000  0.97800388E+000  0.13287591E+001  0.24789700E+001  0.41077756E+001  0.58211034E+001  0.92679176E+001
  0.19206569E+000  0.21789940E+000  0.35320680E+000  0.51541113E+000  0.85888439E+000  0.97800388E+000  0.13287591E+001  0.24789700E+001  0.41077846E+001  0.58211034E+001  0.92700950E+001
  0.19206569E+000  0.21789940E+000  0.35320683E+000  0.51541115E+000  0.85888441E+000  0.97800387E+000  0.13287592E+001  0.24789700E+001  0.41077932E+001  0.58211037E+001  0.92702580E+001
  0.19206569E+000  0.21789940E+000  0.35320685E+000  0.51541116E+000  0.85888443E+000  0.97800386E+000  0.13287592E+001  0.24789700E+001  0.41078015E+001  0.58211039E+001  0.92704164E+001
