  0.00000000E+000  0.00000000E+000  0.00000000E+000  0.00000000E+000  0.00000000E+000  0.93594318E-001  0.19283921E+001  0.12504345E+002  0.31305385E+002  0.78732711E+002  0.15907277E+003
  0.00000000E+000  0.00000000E+000  0.00000000E+000  0.00000000E+000  0.00000000E+000  0.93538551E-001  0.19275974E+001  0.12497690E+002  0.31296058E+002  0.78688496E+002  0.15901023E+003
  0.00000000E+000  0.00000000E+000  0.00000000E+000  0.00000000E+000  0.00000000E+000  0.93489831E-001  0.19269002E+001  0.12491825E+002  0.31288024E+002  0.78649669E+002  0.15895527E+003
  0.00000000E+000  0.00000000E+000  0.00000000E+000  0.00000000E+000  0.00000000E+000  0.93448024E-001  0.19262970E+001  0.12486726E+002  0.31281213E+002  0.78616126E+002  0.15890774E+003
  0.00000000E+000  0.00000000E+000  0.00000000E+000  0.00000000E+000  0.00000000E+000  0.93412370E-001  0.19257773E+001  0.12482311E+002  0.31275339E+002  0.78587305E+002  0.15886686E+003
  0.00000000E+000  0.00000000E+000  0.00000000E+000  0.00000000E+000  0.00000000E+000  0.93382061E-001  0.19253302E+001  0.12478489E+002  0.31270265E+002  0.78572311E+002  0.15883177E+003
  0.00000000E+000  0.00000000E+000  0.00000000E+000  0.00000000E+000  0.00000000E+000  0.93356353E-001  0.19249454E+001  0.12475176E+002  0.31265879E+002  0.78560237E+002  0.15880166E+003
  0.00000000E+000  0.00000000E+000  0.00000000E+000  0.00000000E+000  0.00000000E+000  0.93334590E-001  0.19246141E+001  0.12472301E+002  0.31262083E+002  0.78549889E+002  0.15877582E+003
  0.00000000E+000  0.00000000E+000  0.00000000E+000  0.00000000E+000  0.00000000E+000  0.93316205E-001  0.19243285E+001  0.12469801E+002  0.31258799E+002  0.78541016E+002  0.15875364E+003
  0.00000000E+000  0.00000000E+000  0.00000000E+000  0.00000000E+000  0.00000000E+000  0.93300714E-001  0.19240821E+001  0.12467654E+002  0.31255975E+002  0.78533403E+002  0.15873457E+003
  0.00000000E+000  0.00000000E+000  0.00000000E+000  0.00000000E+000  0.00000000E+000  0.93287704E-001  0.19238692E+001  0.12465810E+002  0.31253543E+002  0.78526863E+002  0.15871817E+003
  0.00000000E+000  0.00000000E+000  0.00000000E+000  0.00000000E+000  0.00000000E+000  0.93276822E-001  0.19236849E+001  0.12464224E+002  0.31251446E+002  0.78521238E+002  0.15870404E+003
  0.00000000E+000  0.00000000E+000  0.00000000E+000  0.00000000E+000  0.00000000E+000  0.93267768E-001  0.19235252E+001  0.12462859E+002  0.31249635E+002  0.78516394E+002  0.15869184E+003
  0.00000000E+000  0.00000000E+000  0.00000000E+000  0.00000000E+000  0.00000000E+000  0.93260288E-001  0.19233866E+001  0.12461682E+002  0.31248069E+002  0.78512217E+002  0.15868129E+003
  0.00000000E+000  0.00000000E+000  0.00000000E+000  0.00000000E+000  0.00000000E+000  0.93254147E-001  0.19232660E+001  0.12460667E+002  0.31246712E+002  0.78508609E+002  0.15867215E+003
  0.00000000E+000  0.00000000E+000  0.00000000E+000  0.00000000E+000  0.00000000E+000  0.93249151E-001  0.19231610E+001  0.12459789E+002  0.31245534E+002  0.78505489E+002  0.15866422E+003
  0.00000000E+000  0.00000000E+000  0.00000000E+000  0.00000000E+000  0.00000000E+000  0.93245146E-001  0.19230694E+001  0.12459031E+002  0.31244510E+002  0.78502785E+002  0.15865732E+003
  0.00000000E+000  0.00000000E+000  0.00000000E+000  0.00000000E+000  0.00000000E+000  0.93241998E-001  0.19229894E+001  0.12458374E+002  0.31243618E+002  0.78500438E+002  0.15865130E+003
  0.00000000E+000  0.00000000E+000  0.00000000E+000  0.00000000E+000  0.00000000E+000  0.93239596E-001  0.19229194E+001  0.12457805E+002  0.31242838E+002  0.78498398E+002  0.15864603E+003
  0.00000000E+000  0.00000000E+000  0.00000000E+000  0.00000000E+000  0.00000000E+000  0.93237842E-001  0.19228581E+001  0.12457312E+002  0.31242156E+002  0.78496621E+002  0.15864141E+003
  0.00000000E+000  0.00000000E+000  0.00000000E+000  0.00000000E+000  0.00000000E+000  0.93236655E-001  0.19228043E+001  0.12456883E+002  0.31241558E+002  0.78495070E+002  0.15863734E+003
  0.00000000E+000  0.00000000E+000  0.00000000E+000  0.00000000E+000  0.00000000E+000  0.93235967E-001  0.19227572E+001  0.12456512E+002  0.31241033E+002  0.78493713E+002  0.15863375E+003
  0.00000000E+000  0.00000000E+000  0.00000000E+000  0.00000000E+000  0.00000000E+000  0.93235718E-001  0.19227159E+001  0.12456189E+002  0.31240569E+002  0.78492524E+002  0.15863056E+003
  0.00000000E+000  0.00000000E+000  0.00000000E+000  0.00000000E+000  0.00000000E+000  0.93235860E-001  0.19226797E+001  0.12455908E+002  0.31240160E+002  0.78491480E+002  0.15862772E+003
  0.00000000E+000  0.00000000E+000  0.00000000E+000  0.00000000E+000  0.00000000E+000  0.93236349E-001  0.19226479E+001  0.12455665E+002  0.31239798E+002  0.78490561E+002  0.15862518E+003
  0.00000000E+000  0.00000000E+000  0.00000000E+000  0.00000000E+000  0.00000000E+000  0.93237149E-001  0.19226202E+001  0.12455455E+002  0.31239476E+002  0.78489749E+002  0.15862289E+003
  0.00000000E+000  0.00000000E+000  0.00000000E+000  0.00000000E+000  0.00000000E+000  0.93238231E-001  0.19225960E+001  0.12455273E+002  0.31239189E+002  0.78489030E+002  0.15862082E+003
  0.00000000E+000  0.00000000E+000  0.00000000E+000  0.00000000E+000  0.00000000E+000  0.93239567E-001  0.19225750E+001  0.12455116E+002  0.31238933E+002  0.78488392E+002  0.15861894E+003
  0.00000000E+000  0.00000000E+000  0.00000000E+000  0.00000000E+000  0.00000000E+000  0.93241136E-001  0.19225569E+001  0.12454981E+002  0.31238704E+002  0.78487825E+002  0.15861722E+003
  0.00000000E+000  0.00000000E+000  0.00000000E+000  0.00000000E+000  0.00000000E+000  0.93242918E-001  0.19225414E+001  0.12454866E+002  0.31238498E+002  0.78487317E+002  0.15861564E+003
  0.00000000E+000  0.00000000E+000  0.00000000E+000  0.00000000E+000  0.00000000E+000  0.93244896E-001  0.19225282E+001  0.12454769E+002  0.31238313E+002  0.78486863E+002  0.15861417E+003
  0.00000000E+000  0.00000000E+000  0.00000000E+000  0.00000000E+000  0.00000000E+000  0.93247056E-001  0.19225173E+001  0.12454688E+002  0.31238145E+002  0.78486454E+002  0.15861279E+003
  0.00000000E+000  0.00000000E+000  0.00000000E+000  0.00000000E+000  0.00000000E+000  0.93249384E-001  0.19225083E+001  0.12454621E+002  0.31237993E+002  0.78486084E+002  0.15861150E+003
  0.00000000E+000  0.00000000E+000  0.00000000E+000  0.00000000E+000  0.00000000E+000  0.93251869E-001  0.19225013E+001  0.12454567E+002  0.31237855E+002  0.78485750E+002  0.15861027E+003
  0.00000000E+000  0.00000000E+000  0.00000000E+000  0.00000000E+000  0.00000000E+000  0.93254501E-001  0.19224960E+001  0.12454525E+002  0.31237729E+002  0.78485445E+002  0.15860910E+003
  0.00000000E+000  0.00000000E+000  0.00000000E+000  0.00000000E+000  0.00000000E+000  0.93257270E-001  0.19224924E+001  0.12454495E+002  0.31237614E+002  0.78485167E+002  0.15860797E+003
  0.00000000E+000  0.00000000E+000  0.00000000E+000  0.00000000E+000  0.00000000E+000  0.93260168E-001  0.19224903E+001  0.12454475E+002  0.31237509E+002  0.78484912E+002  0.15860687E+003
  0.00000000E+000  0.00000000E+000  0.00000000E+000  0.00000000E+000  0.00000000E+000  0.93263186E-001  0.19224898E+001  0.12454465E+002  0.31237413E+002  0.78484677E+002  0.15860581E+003
  0.00000000E+000  0.00000000E+000  0.00000000E+000  0.00000000E+000  0.00000000E+000  0.93266319E-001  0.19224908E+001  0.12454464E+002  0.31237325E+002  0.78484460E+002  0.15860477E+003
  0.00000000E+000  0.00000000E+000  0.00000000E+000  0.00000000E+000  0.00000000E+000  0.93269559E-001  0.19224932E+001  0.12454472E+002  0.31237244E+002  0.78484259E+002  0.15860374E+003
  0.00000000E+000  0.00000000E+000  0.00000000E+000  0.00000000E+000  0.00000000E+000  0.93272901E-001  0.19224970E+001  0.12454490E+002  0.31237170E+002  0.78484073E+002  0.15860272E+003
  0.00000000E+000  0.00000000E+000  0.00000000E+000  0.00000000E+000  0.00000000E+000  0.93276339E-001  0.19225022E+001  0.12454516E+002  0.31237102E+002  0.78483899E+002  0.15860170E+003
  0.00000000E+000  0.00000000E+000  0.00000000E+000  0.00000000E+000  0.00000000E+000  0.93279869E-001  0.19225088E+001  0.12454550E+002  0.31237041E+002  0.78483737E+002  0.15860069E+003
  0.00000000E+000  0.00000000E+000  0.00000000E+000  0.00000000E+000  0.00000000E+000  0.93283487E-001  0.19225168E+001  0.12454594E+002  0.31236985E+002  0.78483587E+002  0.15859968E+003
  0.00000000E+000  0.00000000E+000  0.00000000E+000  0.00000000E+000  0.00000000E+000  0.93287190E-001  0.19225262E+001  0.12454646E+002  0.31236936E+002  0.78483446E+002  0.15859866E+003
  0.00000000E+000  0.00000000E+000  0.00000000E+000  0.00000000E+000  0.00000000E+000  0.93290977E-001  0.19225370E+001  0.12454706E+002  0.31236892E+002  0.78483316E+002  0.15859764E+003
  0.00000000E+000  0.00000000E+000  0.00000000E+000  0.00000000E+000  0.00000000E+000  0.93294846E-001  0.19225492E+001  0.12454776E+002  0.31236855E+002  0.78483196E+002  0.15859661E+003
  0.00000000E+000  0.00000000E+000  0.00000000E+000  0.00000000E+000  0.00000000E+000  0.93298797E-001  0.19225629E+001  0.12454855E+002  0.31236823E+002  0.78483087E+002  0.15859558E+003
  0.00000000E+000  0.00000000E+000  0.00000000E+000  0.00000000E+000  0.00000000E+000  0.93302831E-001  0.19225782E+001  0.12454943E+002  0.31236798E+002  0.78482987E+002  0.15859453E+003
  0.00000000E+000  0.00000000E+000  0.00000000E+000  0.00000000E+000  0.00000000E+000  0.93306950E-001  0.19225950E+001  0.12455041E+002  0.31236779E+002  0.78482899E+002  0.15859349E+003
  0.00000000E+000  0.00000000E+000  0.00000000E+000  0.00000000E+000  0.00000000E+000  0.93311155E-001  0.19226134E+001  0.12455150E+002  0.31236768E+002  0.78482823E+002  0.15859243E+003
  0.00000000E+000  0.00000000E+000  0.00000000E+000  0.00000000E+000  0.00000000E+000  0.93315451E-001  0.19226335E+001  0.12455269E+002  0.31236765E+002  0.78482760E+002  0.15859138E+003
  0.00000000E+000  0.00000000E+000  0.00000000E+000  0.00000000E+000  0.00000000E+000  0.93319839E-001  0.19226553E+001  0.12455399E+002  0.31236769E+002  0.78482712E+002  0.15859032E+003
  0.00000000E+000  0.00000000E+000  0.00000000E+000  0.00000000E+000  0.00000000E+000  0.93324325E-001  0.19226789E+001  0.12455540E+002  0.31236783E+002  0.78482679E+002  0.15858927E+003
  0.00000000E+000  0.00000000E+000  0.00000000E+000  0.00000000E+000  0.00000000E+000  0.93328911E-001  0.19227043E+001  0.12455693E+002  0.31236806E+002  0.78482663E+002  0.15858822E+003
  0.00000000E+000  0.00000000E+000  0.00000000E+000  0.00000000E+000  0.00000000E+000  0.93333602E-001  0.19227316E+001  0.12455859E+002  0.31236839E+002  0.78482665E+002  0.15858718E+003
  0.00000000E+000  0.00000000E+000  0.00000000E+000  0.00000000E+000  0.00000000E+000  0.93338399E-001  0.19227609E+001  0.12456037E+002  0.31236884E+002  0.78482688E+002  0.15858615E+003
  0.00000000E+000  0.00000000E+000  0.00000000E+000  0.00000000E+000  0.00000000E+000  0.93343306E-001  0.19227922E+001  0.12456229E+002  0.31236940E+002  0.78482733E+002  0.15858513E+003
  0.00000000E+000  0.00000000E+000  0.00000000E+000  0.00000000E+000  0.00000000E+000  0.93348324E-001  0.19228255E+001  0.12456435E+002  0.31237008E+002  0.78482802E+002  0.15858414E+003
  0.00000000E+000  0.00000000E+000  0.00000000E+000  0.00000000E+000  0.00000000E+000  0.93353454E-001  0.19228609E+001  0.12456654E+002  0.31237090E+002  0.78482896E+002  0.15858317E+003
  0.00000000E+000  0.00000000E+000  0.00000000E+000  0.00000000E+000  0.00000000E+000  0.93358694E-001  0.19228985E+001  0.12456887E+002  0.31237185E+002  0.78483018E+002  0.15858222E+003
  0.00000000E+000  0.00000000E+000  0.00000000E+000  0.00000000E+000  0.00000000E+000  0.93364044E-001  0.19229382E+001  0.12457136E+002  0.31237295E+002  0.78483168E+002  0.15858131E+003
  0.00000000E+000  0.00000000E+000  0.00000000E+000  0.00000000E+000  0.00000000E+000  0.93369499E-001  0.19229801E+001  0.12457399E+002  0.31237420E+002  0.78483348E+002  0.15858043E+003
  0.00000000E+000  0.00000000E+000  0.00000000E+000  0.00000000E+000  0.00000000E+000  0.93375055E-001  0.19230242E+001  0.12457677E+002  0.31237561E+002  0.78483560E+002  0.15857959E+003
  0.00000000E+000  0.00000000E+000  0.00000000E+000  0.00000000E+000  0.00000000E+000  0.93380705E-001  0.19230705E+001  0.12457970E+002  0.31237717E+002  0.78483805E+002  0.15857878E+003
  0.00000000E+000  0.00000000E+000  0.00000000E+000  0.00000000E+000  0.00000000E+000  0.93386444E-001  0.19231190E+001  0.12458278E+002  0.31237891E+002  0.78484085E+002  0.15857803E+003
  0.00000000E+000  0.00000000E+000  0.00000000E+000  0.00000000E+000  0.00000000E+000  0.93392262E-001  0.19231696E+001  0.12458601E+002  0.31238081E+002  0.78484400E+002  0.15857732E+003
  0.00000000E+000  0.00000000E+000  0.00000000E+000  0.00000000E+000  0.00000000E+000  0.93398150E-001  0.19232224E+001  0.12458939E+002  0.31238288E+002  0.78484751E+002  0.15857666E+003
  0.00000000E+000  0.00000000E+000  0.00000000E+000  0.00000000E+000  0.00000000E+000  0.93404097E-001  0.19232773E+001  0.12459292E+002  0.31238513E+002  0.78485140E+002  0.15857605E+003
  0.00000000E+000  0.00000000E+000  0.00000000E+000  0.00000000E+000  0.00000000E+000  0.93410093E-001  0.19233343E+001  0.12459660E+002  0.31238755E+002  0.78485567E+002  0.15857550E+003
  0.00000000E+000  0.00000000E+000  0.00000000E+000  0.00000000E+000  0.00000000E+000  0.93416125E-001  0.19233933E+001  0.12460042E+002  0.31239016E+002  0.78486032E+002  0.15857501E+003
  0.00000000E+000  0.00000000E+000  0.00000000E+000  0.00000000E+000  0.00000000E+000  0.93422183E-001  0.19234543E+001  0.12460438E+002  0.31239293E+002  0.78486536E+002  0.15857458E+003
  0.00000000E+000  0.00000000E+000  0.00000000E+000  0.00000000E+000  0.00000000E+000  0.93428253E-001  0.19235171E+001  0.12460848E+002  0.31239589E+002  0.78487080E+002  0.15857421E+003
  0.00000000E+000  0.00000000E+000  0.00000000E+000  0.00000000E+000  0.00000000E+000  0.93434325E-001  0.19235817E+001  0.12461272E+002  0.31239902E+002  0.78487664E+002  0.15857391E+003
  0.00000000E+000  0.00000000E+000  0.00000000E+000  0.00000000E+000  0.00000000E+000  0.93440385E-001  0.19236480E+001  0.12461708E+002  0.31240233E+002  0.78488288E+002  0.15857367E+003
  0.00000000E+000  0.00000000E+000  0.00000000E+000  0.00000000E+000  0.00000000E+000  0.93446422E-001  0.19237159E+001  0.12462156E+002  0.31240581E+002  0.78488951E+002  0.15857351E+003
  0.00000000E+000  0.00000000E+000  0.00000000E+000  0.00000000E+000  0.00000000E+000  0.93452425E-001  0.19237854E+001  0.12462616E+002  0.31240946E+002  0.78489654E+002  0.15857341E+003
  0.00000000E+000  0.00000000E+000  0.00000000E+000  0.00000000E+000  0.00000000E+000  0.93458383E-001  0.19238562E+001  0.12463087E+002  0.31241327E+002  0.78490396E+002  0.15857339E+003
  0.00000000E+000  0.00000000E+000  0.00000000E+000  0.00000000E+000  0.00000000E+000  0.93464286E-001  0.19239283E+001  0.12463568E+002  0.31241725E+002  0.78491177E+002  0.15857345E+003
  0.00000000E+000  0.00000000E+000  0.00000000E+000  0.00000000E+000  0.00000000E+000  0.93470125E-001  0.19240015E+001  0.12464060E+002  0.31242139E+002  0.78491996E+002  0.15857358E+003
  0.00000000E+000  0.00000000E+000  0.00000000E+000  0.00000000E+000  0.00000000E+000  0.93475891E-001  0.19240758E+001  0.12464560E+002  0.31242569E+002  0.78492854E+002  0.15857380E+003
  0.00000000E+000  0.00000000E+000  0.00000000E+000  0.00000000E+000  0.00000000E+000  0.93481577E-001  0.19241511E+001  0.12465069E+002  0.31243013E+002  0.78493749E+002  0.15857409E+003
  0.00000000E+000  0.00000000E+000  0.00000000E+000  0.00000000E+000  0.00000000E+000  0.93487174E-001  0.19242272E+001  0.12465585E+002  0.31243472E+002  0.78494680E+002  0.15857447E+003
  0.00000000E+000  0.00000000E+000  0.00000000E+000  0.00000000E+000  0.00000000E+000  0.93492677E-001  0.19243040E+001  0.12466109E+002  0.31243946E+002  0.78495647E+002  0.15857493E+003
  0.00000000E+000  0.00000000E+000  0.00000000E+000  0.00000000E+000  0.00000000E+000  0.93498080E-001  0.19243815E+001  0.12466638E+002  0.31244433E+002  0.78496649E+002  0.15857548E+003
  0.00000000E+000  0.00000000E+000  0.00000000E+000  0.00000000E+000  0.00000000E+000  0.93503379E-001  0.19244594E+001  0.12467173E+002  0.31244933E+002  0.78497685E+002  0.15857612E+003
  0.00000000E+000  0.00000000E+000  0.00000000E+000  0.00000000E+000  0.00000000E+000  0.93508568E-001  0.19245378E+001  0.12467713E+002  0.31245446E+002  0.78498754E+002  0.15857685E+003
  0.00000000E+000  0.00000000E+000  0.00000000E+000  0.00000000E+000  0.00000000E+000  0.93513645E-001  0.19246164E+001  0.12468257E+002  0.31245971E+002  0.78499856E+002  0.15857767E+003
  0.00000000E+000  0.00000000E+000  0.00000000E+000  0.00000000E+000  0.00000000E+000  0.93518607E-001  0.19246953E+001  0.12468804E+002  0.31246507E+002  0.78500988E+002  0.15857859E+003
  0.00000000E+000  0.00000000E+000  0.00000000E+000  0.00000000E+000  0.00000000E+000  0.93523452E-001  0.19247743E+001  0.12469354E+002  0.31247055E+002  0.78502152E+002  0.15857960E+003
  0.00000000E+000  0.00000000E+000  0.00000000E+000  0.00000000E+000  0.00000000E+000  0.93528177E-001  0.19248533E+001  0.12469906E+002  0.31247613E+002  0.78503344E+002  0.15858071E+003
  0.00000000E+000  0.00000000E+000  0.00000000E+000  0.00000000E+000  0.00000000E+000  0.93532781E-001  0.19249323E+001  0.12470460E+002  0.31248181E+002  0.78504565E+002  0.15858192E+003
  0.00000000E+000  0.00000000E+000  0.00000000E+000  0.00000000E+000  0.00000000E+000  0.93537264E-001  0.19250111E+001  0.12471014E+002  0.31248759E+002  0.78505814E+002  0.15858324E+003
  0.00000000E+000  0.00000000E+000  0.00000000E+000  0.00000000E+000  0.00000000E+000  0.93541626E-001  0.19250897E+001  0.12471569E+002  0.31249345E+002  0.78507089E+002  0.15858465E+003
  0.00000000E+000  0.00000000E+000  0.00000000E+000  0.00000000E+000  0.00000000E+000  0.93545866E-001  0.19251680E+001  0.12472123E+002  0.31249940E+002  0.78508389E+002  0.15858617E+003
  0.00000000E+000  0.00000000E+000  0.00000000E+000  0.00000000E+000  0.00000000E+000  0.93549985E-001  0.19252460E+001  0.12472676E+002  0.31250543E+002  0.78509715E+002  0.15858779E+003
  0.00000000E+000  0.00000000E+000  0.00000000E+000  0.00000000E+000  0.00000000E+000  0.93553983E-001  0.19253235E+001  0.12473228E+002  0.31251153E+002  0.78511063E+002  0.15858952E+003
  0.00000000E+000  0.00000000E+000  0.00000000E+000  0.00000000E+000  0.00000000E+000  0.93557862E-001  0.19254006E+001  0.12473778E+002  0.31251770E+002  0.78512435E+002  0.15859136E+003
  0.00000000E+000  0.00000000E+000  0.00000000E+000  0.00000000E+000  0.00000000E+000  0.93561623E-001  0.19254770E+001  0.12474326E+002  0.31252393E+002  0.78513828E+002  0.15859331E+003
  0.00000000E+000  0.00000000E+000  0.00000000E+000  0.00000000E+000  0.00000000E+000  0.93565267E-001  0.19255529E+001  0.12474871E+002  0.31253022E+002  0.78515242E+002  0.15859536E+003
  0.00000000E+000  0.00000000E+000  0.00000000E+000  0.00000000E+000  0.00000000E+000  0.93568797E-001  0.19256281E+001  0.12475413E+002  0.31253657E+002  0.78516676E+002  0.15859753E+003
  0.00000000E+000  0.00000000E+000  0.00000000E+000  0.00000000E+000  0.00000000E+000  0.93572213E-001  0.19257025E+001  0.12475951E+002  0.31254296E+002  0.78518129E+002  0.15859980E+003
  0.00000000E+000  0.00000000E+000  0.00000000E+000  0.00000000E+000  0.00000000E+000  0.93575519E-001  0.19257761E+001  0.12476485E+002  0.31254940E+002  0.78519600E+002  0.15860219E+003
  0.00000000E+000  0.00000000E+000  0.00000000E+000  0.00000000E+000  0.00000000E+000  0.93578717E-001  0.19258489E+001  0.12477015E+002  0.31255588E+002  0.78521089E+002  0.15860468E+003
  0.00000000E+000  0.00000000E+000  0.00000000E+000  0.00000000E+000  0.00000000E+000  0.93581809E-001  0.19259208E+001  0.12477540E+002  0.31256239E+002  0.78522593E+002  0.15860729E+003
  0.00000000E+000  0.00000000E+000  0.00000000E+000  0.00000000E+000  0.00000000E+000  0.93584797E-001  0.19259917E+001  0.12478060E+002  0.31256893E+002  0.78524113E+002  0.15861001E+003
  0.00000000E+000  0.00000000E+000  0.00000000E+000  0.00000000E+000  0.00000000E+000  0.93587684E-001  0.19260617E+001  0.12478575E+002  0.31257549E+002  0.78525647E+002  0.15861283E+003
  0.00000000E+000  0.00000000E+000  0.00000000E+000  0.00000000E+000  0.00000000E+000  0.93590474E-001  0.19261306E+001  0.12479085E+002  0.31258207E+002  0.78527195E+002  0.15861577E+003
  0.00000000E+000  0.00000000E+000  0.00000000E+000  0.00000000E+000  0.00000000E+000  0.93593168E-001  0.19261984E+001  0.12479589E+002  0.31258867E+002  0.78528755E+002  0.15861881E+003
  0.00000000E+000  0.00000000E+000  0.00000000E+000  0.00000000E+000  0.00000000E+000  0.93595769E-001  0.19262651E+001  0.12480087E+002  0.31259528E+002  0.78530328E+002  0.15862196E+003
  0.00000000E+000  0.00000000E+000  0.00000000E+000  0.00000000E+000  0.00000000E+000  0.93598280E-001  0.19263306E+001  0.12480578E+002  0.31260190E+002  0.78531911E+002  0.15862522E+003
  0.00000000E+000  0.00000000E+000  0.00000000E+000  0.00000000E+000  0.00000000E+000  0.93600705E-001  0.19263949E+001  0.12481064E+002  0.31260851E+002  0.78533504E+002  0.15862857E+003
  0.00000000E+000  0.00000000E+000  0.00000000E+000  0.00000000E+000  0.00000000E+000  0.93603045E-001  0.19264580E+001  0.12481543E+002  0.31261512E+002  0.78535106E+002  0.15863203E+003
  0.00000000E+000  0.00000000E+000  0.00000000E+000  0.00000000E+000  0.00000000E+000  0.93605303E-001  0.19265198E+001  0.12482015E+002  0.31262173E+002  0.78536716E+002  0.15863559E+003
  0.00000000E+000  0.00000000E+000  0.00000000E+000  0.00000000E+000  0.00000000E+000  0.93607483E-001  0.19265803E+001  0.12482480E+002  0.31262832E+002  0.78538334E+002  0.15863924E+003
  0.00000000E+000  0.00000000E+000  0.00000000E+000  0.00000000E+000  0.00000000E+000  0.93609587E-001  0.19266396E+001  0.12482939E+002  0.31263490E+002  0.78539958E+002  0.15864299E+003
  0.00000000E+000  0.00000000E+000  0.00000000E+000  0.00000000E+000  0.00000000E+000  0.93611618E-001  0.19266975E+001  0.12483390E+002  0.31264145E+002  0.78541587E+002  0.15864683E+003
  0.00000000E+000  0.00000000E+000  0.00000000E+000  0.00000000E+000  0.00000000E+000  0.93613579E-001  0.19267540E+001  0.12483834E+002  0.31264798E+002  0.78543222E+002  0.15865076E+003
  0.00000000E+000  0.00000000E+000  0.00000000E+000  0.00000000E+000  0.00000000E+000  0.93615471E-001  0.19268093E+001  0.12484271E+002  0.31265448E+002  0.78544860E+002  0.15865477E+003
  0.00000000E+000  0.00000000E+000  0.00000000E+000  0.00000000E+000  0.00000000E+000  0.93617298E-001  0.19268631E+001  0.12484701E+002  0.31266095E+002  0.78546500E+002  0.15865887E+003
  0.00000000E+000  0.00000000E+000  0.00000000E+000  0.00000000E+000  0.00000000E+000  0.93619061E-001  0.19269156E+001  0.12485123E+002  0.31266738E+002  0.78548143E+002  0.15866304E+003
  0.00000000E+000  0.00000000E+000  0.00000000E+000  0.00000000E+000  0.00000000E+000  0.93620765E-001  0.19269667E+001  0.12485538E+002  0.31267378E+002  0.78549787E+002  0.15866729E+003
  0.00000000E+000  0.00000000E+000  0.00000000E+000  0.00000000E+000  0.00000000E+000  0.93622409E-001  0.19270164E+001  0.12485945E+002  0.31268012E+002  0.78551431E+002  0.15867161E+003
  0.00000000E+000  0.00000000E+000  0.00000000E+000  0.00000000E+000  0.00000000E+000  0.93623998E-001  0.19270648E+001  0.12486344E+002  0.31268642E+002  0.78553075E+002  0.15867600E+003
  0.00000000E+000  0.00000000E+000  0.00000000E+000  0.00000000E+000  0.00000000E+000  0.93625533E-001  0.19271118E+001  0.12486736E+002  0.31269267E+002  0.78554717E+002  0.15868045E+003
  0.00000000E+000  0.00000000E+000  0.00000000E+000  0.00000000E+000  0.00000000E+000  0.93627016E-001  0.19271575E+001  0.12487121E+002  0.31269887E+002  0.78556356E+002  0.15868497E+003
  0.00000000E+000  0.00000000E+000  0.00000000E+000  0.00000000E+000  0.00000000E+000  0.93628449E-001  0.19272018E+001  0.12487497E+002  0.31270501E+002  0.78557993E+002  0.15868954E+003
  0.00000000E+000  0.00000000E+000  0.00000000E+000  0.00000000E+000  0.00000000E+000  0.93629835E-001  0.19272448E+001  0.12487867E+002  0.31271108E+002  0.78559625E+002  0.15869416E+003
  0.00000000E+000  0.00000000E+000  0.00000000E+000  0.00000000E+000  0.00000000E+000  0.93631174E-001  0.19272865E+001  0.12488228E+002  0.31271710E+002  0.78561252E+002  0.15869883E+003
  0.00000000E+000  0.00000000E+000  0.00000000E+000  0.00000000E+000  0.00000000E+000  0.93632469E-001  0.19273269E+001  0.12488582E+002  0.31272305E+002  0.78562874E+002  0.15870354E+003
  0.00000000E+000  0.00000000E+000  0.00000000E+000  0.00000000E+000  0.00000000E+000  0.93633721E-001  0.19273660E+001  0.12488928E+002  0.31272893E+002  0.78564489E+002  0.15870829E+003
  0.00000000E+000  0.00000000E+000  0.00000000E+000  0.00000000E+000  0.00000000E+000  0.93634932E-001  0.19274039E+001  0.12489267E+002  0.31273473E+002  0.78566097E+002  0.15871308E+003
  0.00000000E+000  0.00000000E+000  0.00000000E+000  0.00000000E+000  0.00000000E+000  0.93636104E-001  0.19274406E+001  0.12489598E+002  0.31274047E+002  0.78567697E+002  0.15871789E+003
  0.00000000E+000  0.00000000E+000  0.00000000E+000  0.00000000E+000  0.00000000E+000  0.93637237E-001  0.19274761E+001  0.12489922E+002  0.31274613E+002  0.78569288E+002  0.15872274E+003
  0.00000000E+000  0.00000000E+000  0.00000000E+000  0.00000000E+000  0.00000000E+000  0.93638334E-001  0.19275104E+001  0.12490238E+002  0.31275171E+002  0.78570870E+002  0.15872760E+003
  0.00000000E+000  0.00000000E+000  0.00000000E+000  0.00000000E+000  0.00000000E+000  0.93639395E-001  0.19275436E+001  0.12490547E+002  0.31275721E+002  0.78572441E+002  0.15873249E+003
  0.00000000E+000  0.00000000E+000  0.00000000E+000  0.00000000E+000  0.00000000E+000  0.93640422E-001  0.19275757E+001  0.12490849E+002  0.31276263E+002  0.78574001E+002  0.15873739E+003
  0.00000000E+000  0.00000000E+000  0.00000000E+000  0.00000000E+000  0.00000000E+000  0.93641416E-001  0.19276067E+001  0.12491143E+002  0.31276797E+002  0.78575550E+002  0.15874230E+003
  0.00000000E+000  0.00000000E+000  0.00000000E+000  0.00000000E+000  0.00000000E+000  0.93642378E-001  0.19276366E+001  0.12491430E+002  0.31277322E+002  0.78577086E+002  0.15874722E+003
  0.00000000E+000  0.00000000E+000  0.00000000E+000  0.00000000E+000  0.00000000E+000  0.93643309E-001  0.19276655E+001  0.12491710E+002  0.31277839E+002  0.78578608E+002  0.15875214E+003
  0.00000000E+000  0.00000000E+000  0.00000000E+000  0.00000000E+000  0.00000000E+000  0.93644210E-001  0.19276934E+001  0.12491983E+002  0.31278347E+002  0.78580118E+002  0.15875706E+003
  0.00000000E+000  0.00000000E+000  0.00000000E+000  0.00000000E+000  0.00000000E+000  0.93645082E-001  0.19277203E+001  0.12492249E+002  0.31278846E+002  0.78581612E+002  0.15876198E+003
  0.00000000E+000  0.00000000E+000  0.00000000E+000  0.00000000E+000  0.00000000E+000  0.93645925E-001  0.19277463E+001  0.12492508E+002  0.31279336E+002  0.78583092E+002  0.15876689E+003
  0.00000000E+000  0.00000000E+000  0.00000000E+000  0.00000000E+000  0.00000000E+000  0.93646742E-001  0.19277714E+001  0.12492760E+002  0.31279818E+002  0.78584557E+002  0.15877178E+003
  0.00000000E+000  0.00000000E+000  0.00000000E+000  0.00000000E+000  0.00000000E+000  0.93647531E-001  0.19277956E+001  0.12493006E+002  0.31280290E+002  0.78586609E+002  0.15877666E+003
  0.00000000E+000  0.00000000E+000  0.00000000E+000  0.00000000E+000  0.00000000E+000  0.93648294E-001  0.19278189E+001  0.12493245E+002  0.31280753E+002  0.78589120E+002  0.15878152E+003
  0.00000000E+000  0.00000000E+000  0.00000000E+000  0.00000000E+000  0.00000000E+000  0.93649032E-001  0.19278414E+001  0.12493477E+002  0.31281207E+002  0.78591600E+002  0.15878636E+003
  0.00000000E+000  0.00000000E+000  0.00000000E+000  0.00000000E+000  0.00000000E+000  0.93649745E-001  0.19278631E+001  0.12493703E+002  0.31281652E+002  0.78594049E+002  0.15879118E+003
  0.00000000E+000  0.00000000E+000  0.00000000E+000  0.00000000E+000  0.00000000E+000  0.93650434E-001  0.19278840E+001  0.12493922E+002  0.31282087E+002  0.78596467E+002  0.15879597E+003
  0.00000000E+000  0.00000000E+000  0.00000000E+000  0.00000000E+000  0.00000000E+000  0.93651099E-001  0.19279041E+001  0.12494136E+002  0.31282513E+002  0.78598852E+002  0.15880072E+003
  0.00000000E+000  0.00000000E+000  0.00000000E+000  0.00000000E+000  0.00000000E+000  0.93651741E-001  0.19279235E+001  0.12494343E+002  0.31282930E+002  0.78601205E+002  0.15880545E+003
  0.00000000E+000  0.00000000E+000  0.00000000E+000  0.00000000E+000  0.00000000E+000  0.93652361E-001  0.19279422E+001  0.12494544E+002  0.31283338E+002  0.78603523E+002  0.15881013E+003
  0.00000000E+000  0.00000000E+000  0.00000000E+000  0.00000000E+000  0.00000000E+000  0.93652958E-001  0.19279602E+001  0.12494739E+002  0.31283737E+002  0.78605806E+002  0.15881478E+003
  0.00000000E+000  0.00000000E+000  0.00000000E+000  0.00000000E+000  0.00000000E+000  0.93653533E-001  0.19279775E+001  0.12494928E+002  0.31284126E+002  0.78608055E+002  0.15881939E+003
  0.00000000E+000  0.00000000E+000  0.00000000E+000  0.00000000E+000  0.00000000E+000  0.93654087E-001  0.19279942E+001  0.12495112E+002  0.31284506E+002  0.78610268E+002  0.15882395E+003
  0.00000000E+000  0.00000000E+000  0.00000000E+000  0.00000000E+000  0.00000000E+000  0.93654620E-001  0.19280103E+001  0.12495290E+002  0.31284877E+002  0.78612444E+002  0.15882846E+003
  0.00000000E+000  0.00000000E+000  0.00000000E+000  0.00000000E+000  0.00000000E+000  0.93655132E-001  0.19280257E+001  0.12495462E+002  0.31285239E+002  0.78614584E+002  0.15883293E+003
  0.00000000E+000  0.00000000E+000  0.00000000E+000  0.00000000E+000  0.00000000E+000  0.93655624E-001  0.19280405E+001  0.12495629E+002  0.31285592E+002  0.78616687E+002  0.15883735E+003
  0.00000000E+000  0.00000000E+000  0.00000000E+000  0.00000000E+000  0.00000000E+000  0.93656096E-001  0.19280548E+001  0.12495791E+002  0.31285936E+002  0.78618753E+002  0.15884171E+003
  0.00000000E+000  0.00000000E+000  0.00000000E+000  0.00000000E+000  0.00000000E+000  0.93656549E-001  0.19280685E+001  0.12495947E+002  0.31286271E+002  0.78620781E+002  0.15884602E+003
  0.00000000E+000  0.00000000E+000  0.00000000E+000  0.00000000E+000  0.00000000E+000  0.93656982E-001  0.19280817E+001  0.12496099E+002  0.31286598E+002  0.78622770E+002  0.15885028E+003
  0.00000000E+000  0.00000000E+000  0.00000000E+000  0.00000000E+000  0.00000000E+000  0.93657396E-001  0.19280943E+001  0.12496245E+002  0.31286915E+002  0.78624722E+002  0.15885447E+003
  0.00000000E+000  0.00000000E+000  0.00000000E+000  0.00000000E+000  0.00000000E+000  0.93657792E-001  0.19281064E+001  0.12496387E+002  0.31287224E+002  0.78626634E+002  0.15885861E+003
  0.00000000E+000  0.00000000E+000  0.00000000E+000  0.00000000E+000  0.00000000E+000  0.93658170E-001  0.19281180E+001  0.12496523E+002  0.31287525E+002  0.78628509E+002  0.15886269E+003
  0.00000000E+000  0.00000000E+000  0.00000000E+000  0.00000000E+000  0.00000000E+000  0.93658530E-001  0.19281292E+001  0.12496655E+002  0.31287817E+002  0.78630344E+002  0.15886671E+003
  0.00000000E+000  0.00000000E+000  0.00000000E+000  0.00000000E+000  0.00000000E+000  0.93658872E-001  0.19281399E+001  0.12496783E+002  0.31288100E+002  0.78632141E+002  0.15887066E+003
  0.00000000E+000  0.00000000E+000  0.00000000E+000  0.00000000E+000  0.00000000E+000  0.93659198E-001  0.19281501E+001  0.12496906E+002  0.31288376E+002  0.78633898E+002  0.15887455E+003
  0.00000000E+000  0.00000000E+000  0.00000000E+000  0.00000000E+000  0.00000000E+000  0.93659506E-001  0.19281599E+001  0.12497024E+002  0.31288643E+002  0.78635617E+002  0.15887838E+003
  0.00000000E+000  0.00000000E+000  0.00000000E+000  0.00000000E+000  0.00000000E+000  0.93659798E-001  0.19281692E+001  0.12497139E+002  0.31288903E+002  0.78637297E+002  0.15888213E+003
  0.00000000E+000  0.00000000E+000  0.00000000E+000  0.00000000E+000  0.00000000E+000  0.93660074E-001  0.19281781E+001  0.12497249E+002  0.31289154E+002  0.78638938E+002  0.15888583E+003
  0.00000000E+000  0.00000000E+000  0.00000000E+000  0.00000000E+000  0.00000000E+000  0.93660335E-001  0.19281867E+001  0.12497355E+002  0.31289398E+002  0.78640541E+002  0.15888945E+003
  0.00000000E+000  0.00000000E+000  0.00000000E+000  0.00000000E+000  0.00000000E+000  0.93660580E-001  0.19281948E+001  0.12497457E+002  0.31289634E+002  0.78642104E+002  0.15889301E+003
  0.00000000E+000  0.00000000E+000  0.00000000E+000  0.00000000E+000  0.00000000E+000  0.93660810E-001  0.19282025E+001  0.12497555E+002  0.31289863E+002  0.78643630E+002  0.15889650E+003
  0.00000000E+000  0.00000000E+000  0.00000000E+000  0.00000000E+000  0.00000000E+000  0.93661026E-001  0.19282099E+001  0.12497649E+002  0.31290084E+002  0.78645118E+002  0.15889992E+003
  0.00000000E+000  0.00000000E+000  0.00000000E+000  0.00000000E+000  0.00000000E+000  0.93661227E-001  0.19282169E+001  0.12497740E+002  0.31290298E+002  0.78646567E+002  0.15890327E+003
  0.00000000E+000  0.00000000E+000  0.00000000E+000  0.00000000E+000  0.00000000E+000  0.93661415E-001  0.19282236E+001  0.12497827E+002  0.31290505E+002  0.78647979E+002  0.15890655E+003
  0.00000000E+000  0.00000000E+000  0.00000000E+000  0.00000000E+000  0.00000000E+000  0.93661590E-001  0.19282299E+001  0.12497911E+002  0.31290705E+002  0.78649354E+002  0.15890976E+003
  0.00000000E+000  0.00000000E+000  0.00000000E+000  0.00000000E+000  0.00000000E+000  0.93661751E-001  0.19282359E+001  0.12497991E+002  0.31290898E+002  0.78650692E+002  0.15891291E+003
  0.00000000E+000  0.00000000E+000  0.00000000E+000  0.00000000E+000  0.00000000E+000  0.93661901E-001  0.19282416E+001  0.12498068E+002  0.31291085E+002  0.78651993E+002  0.15891598E+003
  0.00000000E+000  0.00000000E+000  0.00000000E+000  0.00000000E+000  0.00000000E+000  0.93662038E-001  0.19282470E+001  0.12498142E+002  0.31291265E+002  0.78653258E+002  0.15891898E+003
  0.00000000E+000  0.00000000E+000  0.00000000E+000  0.00000000E+000  0.00000000E+000  0.93662164E-001  0.19282521E+001  0.12498212E+002  0.31291439E+002  0.78654487E+002  0.15892192E+003
  0.00000000E+000  0.00000000E+000  0.00000000E+000  0.00000000E+000  0.00000000E+000  0.93662278E-001  0.19282569E+001  0.12498280E+002  0.31291606E+002  0.78655681E+002  0.15892478E+003
  0.00000000E+000  0.00000000E+000  0.00000000E+000  0.00000000E+000  0.00000000E+000  0.93662381E-001  0.19282614E+001  0.12498344E+002  0.31291767E+002  0.78656841E+002  0.15892758E+003
  0.00000000E+000  0.00000000E+000  0.00000000E+000  0.00000000E+000  0.00000000E+000  0.93662475E-001  0.19282656E+001  0.12498406E+002  0.31291923E+002  0.78657965E+002  0.15893031E+003
  0.00000000E+000  0.00000000E+000  0.00000000E+000  0.00000000E+000  0.00000000E+000  0.93662558E-001  0.19282696E+001  0.12498465E+002  0.31292072E+002  0.78659056E+002  0.15893297E+003
  0.00000000E+000  0.00000000E+000  0.00000000E+000  0.00000000E+000  0.00000000E+000  0.93662631E-001  0.19282733E+001  0.12498522E+002  0.31292216E+002  0.78660114E+002  0.15893556E+003
  0.00000000E+000  0.00000000E+000  0.00000000E+000  0.00000000E+000  0.00000000E+000  0.93662695E-001  0.19282768E+001  0.12498575E+002  0.31292355E+002  0.78661139E+002  0.15893808E+003
  0.00000000E+000  0.00000000E+000  0.00000000E+000  0.00000000E+000  0.00000000E+000  0.93662750E-001  0.19282801E+001  0.12498627E+002  0.31292488E+002  0.78662131E+002  0.15894054E+003
  0.00000000E+000  0.00000000E+000  0.00000000E+000  0.00000000E+000  0.00000000E+000  0.93662796E-001  0.19282831E+001  0.12498675E+002  0.31292616E+002  0.78663092E+002  0.15894293E+003
  0.00000000E+000  0.00000000E+000  0.00000000E+000  0.00000000E+000  0.00000000E+000  0.93662834E-001  0.19282860E+001  0.12498722E+002  0.31292738E+002  0.78664022E+002  0.15894526E+003
  0.00000000E+000  0.00000000E+000  0.00000000E+000  0.00000000E+000  0.00000000E+000  0.93662863E-001  0.19282886E+001  0.12498766E+002  0.31292856E+002  0.78664921E+002  0.15894752E+003
  0.00000000E+000  0.00000000E+000  0.00000000E+000  0.00000000E+000  0.00000000E+000  0.93662885E-001  0.19282910E+001  0.12498808E+002  0.31292969E+002  0.78665791E+002  0.15894972E+003
  0.00000000E+000  0.00000000E+000  0.00000000E+000  0.00000000E+000  0.00000000E+000  0.93662898E-001  0.19282932E+001  0.12498848E+002  0.31293077E+002  0.78666631E+002  0.15895186E+003
  0.00000000E+000  0.00000000E+000  0.00000000E+000  0.00000000E+000  0.00000000E+000  0.93662903E-001  0.19282953E+001  0.12498886E+002  0.31293181E+002  0.78667442E+002  0.15895393E+003
  0.00000000E+000  0.00000000E+000  0.00000000E+000  0.00000000E+000  0.00000000E+000  0.93662901E-001  0.19282971E+001  0.12498922E+002  0.31293280E+002  0.78668225E+002  0.15895595E+003
  0.00000000E+000  0.00000000E+000  0.00000000E+000  0.00000000E+000  0.00000000E+000  0.93662890E-001  0.19282988E+001  0.12498956E+002  0.31293375E+002  0.78668980E+002  0.15895790E+003
  0.00000000E+000  0.00000000E+000  0.00000000E+000  0.00000000E+000  0.00000000E+000  0.93662872E-001  0.19283003E+001  0.12498988E+002  0.31293466E+002  0.78669709E+002  0.15895979E+003
  0.00000000E+000  0.00000000E+000  0.00000000E+000  0.00000000E+000  0.00000000E+000  0.93662846E-001  0.19283016E+001  0.12499018E+002  0.31293553E+002  0.78670411E+002  0.15896163E+003
  0.00000000E+000  0.00000000E+000  0.00000000E+000  0.00000000E+000  0.00000000E+000  0.93662811E-001  0.19283027E+001  0.12499046E+002  0.31293636E+002  0.78671088E+002  0.15896340E+003
  0.00000000E+000  0.00000000E+000  0.00000000E+000  0.00000000E+000  0.00000000E+000  0.93662773E-001  0.19283037E+001  0.12499073E+002  0.31293715E+002  0.78671742E+002  0.15896513E+003
