 -0.57432092E+000 -0.43190780E+000 -0.11426195E+000 -0.56729871E-002 -0.39447190E-002 -0.10642722E-002  0.10817903E-002  0.96014761E+000  0.25658122E+001  0.51504776E+001  0.73807482E+001
 -0.57450153E+000 -0.43221416E+000 -0.11470273E+000 -0.56765416E-002 -0.39591297E-002 -0.10967766E-002  0.10766956E-002  0.95878117E+000  0.25639260E+001  0.51468157E+001  0.73766994E+001
 -0.57462179E+000 -0.43244063E+000 -0.11502559E+000 -0.56774259E-002 -0.39598391E-002 -0.10971944E-002  0.10757591E-002  0.95768047E+000  0.25623855E+001  0.51437434E+001  0.73732694E+001
 -0.57469598E+000 -0.43259883E+000 -0.11525849E+000 -0.56777861E-002 -0.39589327E-002 -0.10941770E-002  0.10756804E-002  0.95680476E+000  0.25611549E+001  0.51412406E+001  0.73704421E+001
 -0.57473680E+000 -0.43270158E+000 -0.11542155E+000 -0.56779337E-002 -0.39578543E-002 -0.10910553E-002  0.10758181E-002  0.95611630E+000  0.25601900E+001  0.51392534E+001  0.73681692E+001
 -0.57475433E+000 -0.43276108E+000 -0.11552973E+000 -0.56779513E-002 -0.39568088E-002 -0.10882380E-002  0.10760196E-002  0.95558358E+000  0.25594481E+001  0.51377185E+001  0.73663927E+001
 -0.57475613E+000 -0.43278784E+000 -0.11559466E+000 -0.56778803E-002 -0.39558322E-002 -0.10857519E-002  0.10762422E-002  0.95518076E+000  0.25588916E+001  0.51365733E+001  0.73650529E+001
 -0.57474766E+000 -0.43279059E+000 -0.11562559E+000 -0.56777480E-002 -0.39549308E-002 -0.10835688E-002  0.10764702E-002  0.95488643E+000  0.25584886E+001  0.51357595E+001  0.73640913E+001
 -0.57473283E+000 -0.43277627E+000 -0.11563005E+000 -0.56775738E-002 -0.39541013E-002 -0.10816470E-002  0.10766960E-002  0.95468264E+000  0.25582125E+001  0.51352245E+001  0.73634533E+001
 -0.57471435E+000 -0.43275023E+000 -0.11561419E+000 -0.56773724E-002 -0.39533421E-002 -0.10799583E-002  0.10769147E-002  0.95455428E+000  0.25580417E+001  0.51349220E+001  0.73630888E+001
 -0.57469408E+000 -0.43271655E+000 -0.11558303E+000 -0.56771552E-002 -0.39526532E-002 -0.10784831E-002  0.10771239E-002  0.95448861E+000  0.25579582E+001  0.51348119E+001  0.73629535E+001
 -0.57467328E+000 -0.43267829E+000 -0.11554065E+000 -0.56769300E-002 -0.39520289E-002 -0.10771937E-002  0.10773227E-002  0.95447493E+000  0.25579474E+001  0.51348597E+001  0.73630082E+001
 -0.57465274E+000 -0.43263770E+000 -0.11549038E+000 -0.56767038E-002 -0.39514638E-002 -0.10760637E-002  0.10775108E-002  0.95450426E+000  0.25579970E+001  0.51350363E+001  0.73632192E+001
 -0.57463296E+000 -0.43259641E+000 -0.11543489E+000 -0.56764805E-002 -0.39509526E-002 -0.10750727E-002  0.10776884E-002  0.95456907E+000  0.25580967E+001  0.51353175E+001  0.73635575E+001
 -0.57461425E+000 -0.43255557E+000 -0.11537632E+000 -0.56762630E-002 -0.39504903E-002 -0.10742024E-002  0.10778561E-002  0.95466310E+000  0.25582380E+001  0.51356828E+001  0.73639981E+001
 -0.57459673E+000 -0.43251596E+000 -0.11531637E+000 -0.56760532E-002 -0.39500721E-002 -0.10734367E-002  0.10780145E-002  0.95478111E+000  0.25584136E+001  0.51361153E+001  0.73645202E+001
 -0.57458046E+000 -0.43247812E+000 -0.11525635E+000 -0.56758525E-002 -0.39496934E-002 -0.10727614E-002  0.10781645E-002  0.95491873E+000  0.25586174E+001  0.51366008E+001  0.73651059E+001
 -0.57456543E+000 -0.43244237E+000 -0.11519728E+000 -0.56756618E-002 -0.39493503E-002 -0.10721644E-002  0.10783070E-002  0.95507231E+000  0.25588443E+001  0.51371276E+001  0.73657402E+001
 -0.57455160E+000 -0.43240886E+000 -0.11513991E+000 -0.56754815E-002 -0.39490392E-002 -0.10716352E-002  0.10784427E-002  0.95523881E+000  0.25590898E+001  0.51376859E+001  0.73664106E+001
 -0.57453888E+000 -0.43237766E+000 -0.11508480E+000 -0.56753121E-002 -0.39487568E-002 -0.10711645E-002  0.10785724E-002  0.95541567E+000  0.25593501E+001  0.51382673E+001  0.73671066E+001
 -0.57452721E+000 -0.43234876E+000 -0.11503231E+000 -0.56751535E-002 -0.39485002E-002 -0.10707447E-002  0.10786968E-002  0.95560073E+000  0.25596221E+001  0.51388648E+001  0.73678192E+001
 -0.57451649E+000 -0.43232208E+000 -0.11498271E+000 -0.56750056E-002 -0.39482668E-002 -0.10703689E-002  0.10788165E-002  0.95579214E+000  0.25599029E+001  0.51394724E+001  0.73685408E+001
 -0.57450664E+000 -0.43229752E+000 -0.11493612E+000 -0.56748681E-002 -0.39480543E-002 -0.10700311E-002  0.10789321E-002  0.95598835E+000  0.25601901E+001  0.51400852E+001  0.73692653E+001
 -0.57449759E+000 -0.43227496E+000 -0.11489259E+000 -0.56747408E-002 -0.39478604E-002 -0.10697264E-002  0.10790441E-002  0.95618800E+000  0.25604815E+001  0.51406987E+001  0.73699871E+001
 -0.57448925E+000 -0.43225426E+000 -0.11485210E+000 -0.56746231E-002 -0.39476834E-002 -0.10694504E-002  0.10791528E-002  0.95638989E+000  0.25607753E+001  0.51413090E+001  0.73707016E+001
 -0.57448155E+000 -0.43223528E+000 -0.11481459E+000 -0.56745147E-002 -0.39475214E-002 -0.10691992E-002  0.10792588E-002  0.95659297E+000  0.25610697E+001  0.51419130E+001  0.73714050E+001
 -0.57447444E+000 -0.43221788E+000 -0.11477994E+000 -0.56744149E-002 -0.39473729E-002 -0.10689696E-002  0.10793622E-002  0.95679629E+000  0.25613632E+001  0.51425077E+001  0.73720938E+001
 -0.57446785E+000 -0.43220191E+000 -0.11474801E+000 -0.56743233E-002 -0.39472366E-002 -0.10687588E-002  0.10794633E-002  0.95699897E+000  0.25616545E+001  0.51430904E+001  0.73727650E+001
 -0.57446174E+000 -0.43218725E+000 -0.11471865E+000 -0.56742392E-002 -0.39471111E-002 -0.10685644E-002  0.10795623E-002  0.95720022E+000  0.25619421E+001  0.51436590E+001  0.73734161E+001
 -0.57445604E+000 -0.43217378E+000 -0.11469169E+000 -0.56741622E-002 -0.39469954E-002 -0.10683842E-002  0.10796593E-002  0.95739928E+000  0.25622250E+001  0.51442113E+001  0.73740448E+001
 -0.57445073E+000 -0.43216137E+000 -0.11466697E+000 -0.56740916E-002 -0.39468885E-002 -0.10682165E-002  0.10797545E-002  0.95759541E+000  0.25625020E+001  0.51447455E+001  0.73746491E+001
 -0.57444576E+000 -0.43214993E+000 -0.11464430E+000 -0.56740271E-002 -0.39467894E-002 -0.10680598E-002  0.10798478E-002  0.95778794E+000  0.25627721E+001  0.51452601E+001  0.73752275E+001
 -0.57444111E+000 -0.43213935E+000 -0.11462352E+000 -0.56739679E-002 -0.39466973E-002 -0.10679129E-002  0.10799394E-002  0.95797621E+000  0.25630343E+001  0.51457535E+001  0.73757784E+001
 -0.57443673E+000 -0.43212955E+000 -0.11460447E+000 -0.56739138E-002 -0.39466116E-002 -0.10677746E-002  0.10800291E-002  0.95815957E+000  0.25632877E+001  0.51462245E+001  0.73763006E+001
 -0.57443261E+000 -0.43212046E+000 -0.11458699E+000 -0.56738642E-002 -0.39465317E-002 -0.10676443E-002  0.10801168E-002  0.95833742E+000  0.25635316E+001  0.51466720E+001  0.73767933E+001
 -0.57442873E+000 -0.43211200E+000 -0.11457093E+000 -0.56738187E-002 -0.39464571E-002 -0.10675211E-002  0.10802025E-002  0.95850919E+000  0.25637652E+001  0.51470952E+001  0.73772557E+001
 -0.57442506E+000 -0.43210411E+000 -0.11455616E+000 -0.56737770E-002 -0.39463873E-002 -0.10674045E-002  0.10802860E-002  0.95867434E+000  0.25639878E+001  0.51474934E+001  0.73776873E+001
 -0.57442160E+000 -0.43209675E+000 -0.11454256E+000 -0.56737386E-002 -0.39463220E-002 -0.10672943E-002  0.10803671E-002  0.95883236E+000  0.25641990E+001  0.51478661E+001  0.73780881E+001
 -0.57441832E+000 -0.43208986E+000 -0.11453003E+000 -0.56737034E-002 -0.39462609E-002 -0.10671900E-002  0.10804456E-002  0.95898281E+000  0.25643981E+001  0.51482129E+001  0.73784580E+001
 -0.57441522E+000 -0.43208340E+000 -0.11451845E+000 -0.56736709E-002 -0.39462036E-002 -0.10670915E-002  0.10805213E-002  0.95912529E+000  0.25645849E+001  0.51485340E+001  0.73787976E+001
 -0.57441228E+000 -0.43207735E+000 -0.11450776E+000 -0.56736411E-002 -0.39461501E-002 -0.10669986E-002  0.10805940E-002  0.95925948E+000  0.25647592E+001  0.51488295E+001  0.73791073E+001
 -0.57440951E+000 -0.43207167E+000 -0.11449786E+000 -0.56736135E-002 -0.39461002E-002 -0.10669113E-002  0.10806634E-002  0.95938513E+000  0.25649208E+001  0.51490998E+001  0.73793881E+001
 -0.57440688E+000 -0.43206635E+000 -0.11448870E+000 -0.56735882E-002 -0.39460537E-002 -0.10668294E-002  0.10807294E-002  0.95950207E+000  0.25650696E+001  0.51493455E+001  0.73796412E+001
 -0.57440441E+000 -0.43206135E+000 -0.11448021E+000 -0.56735649E-002 -0.39460104E-002 -0.10667531E-002  0.10807917E-002  0.95961022E+000  0.25652060E+001  0.51495675E+001  0.73798678E+001
 -0.57440207E+000 -0.43205666E+000 -0.11447234E+000 -0.56735434E-002 -0.39459704E-002 -0.10666821E-002  0.10808502E-002  0.95970960E+000  0.25653300E+001  0.51497669E+001  0.73800697E+001
 -0.57439988E+000 -0.43205226E+000 -0.11446504E+000 -0.56735236E-002 -0.39459334E-002 -0.10666164E-002  0.10809047E-002  0.95980031E+000  0.25654422E+001  0.51499448E+001  0.73802483E+001
 -0.57439781E+000 -0.43204813E+000 -0.11445827E+000 -0.56735053E-002 -0.39458993E-002 -0.10665559E-002  0.10809551E-002  0.95988255E+000  0.25655429E+001  0.51501028E+001  0.73804057E+001
 -0.57439587E+000 -0.43204426E+000 -0.11445198E+000 -0.56734886E-002 -0.39458680E-002 -0.10665004E-002  0.10810015E-002  0.95995661E+000  0.25656329E+001  0.51502422E+001  0.73805435E+001
 -0.57439405E+000 -0.43204064E+000 -0.11444614E+000 -0.56734732E-002 -0.39458394E-002 -0.10664497E-002  0.10810438E-002  0.96002288E+000  0.25657127E+001  0.51503647E+001  0.73806638E+001
 -0.57439234E+000 -0.43203724E+000 -0.11444071E+000 -0.56734590E-002 -0.39458132E-002 -0.10664036E-002  0.10810820E-002  0.96008178E+000  0.25657831E+001  0.51504719E+001  0.73807684E+001
 -0.57439073E+000 -0.43203404E+000 -0.11443566E+000 -0.56734459E-002 -0.39457894E-002 -0.10663617E-002  0.10811164E-002  0.96013384E+000  0.25658450E+001  0.51505654E+001  0.73808591E+001
 -0.57438923E+000 -0.43203105E+000 -0.11443095E+000 -0.56734339E-002 -0.39457676E-002 -0.10663237E-002  0.10811471E-002  0.96017961E+000  0.25658991E+001  0.51506467E+001  0.73809377E+001
 -0.57438781E+000 -0.43202823E+000 -0.11442655E+000 -0.56734227E-002 -0.39457477E-002 -0.10662893E-002  0.10811743E-002  0.96021966E+000  0.25659463E+001  0.51507174E+001  0.73810058E+001
 -0.57438647E+000 -0.43202557E+000 -0.11442243E+000 -0.56734124E-002 -0.39457295E-002 -0.10662579E-002  0.10811982E-002  0.96025458E+000  0.25659874E+001  0.51507788E+001  0.73810648E+001
 -0.57438520E+000 -0.43202305E+000 -0.11441855E+000 -0.56734028E-002 -0.39457127E-002 -0.10662292E-002  0.10812191E-002  0.96028497E+000  0.25660232E+001  0.51508323E+001  0.73811160E+001
 -0.57438400E+000 -0.43202066E+000 -0.11441490E+000 -0.56733938E-002 -0.39456972E-002 -0.10662029E-002  0.10812373E-002  0.96031138E+000  0.25660543E+001  0.51508791E+001  0.73811608E+001
 -0.57438285E+000 -0.43201838E+000 -0.11441145E+000 -0.56733853E-002 -0.39456827E-002 -0.10661784E-002  0.10812532E-002  0.96033435E+000  0.25660815E+001  0.51509200E+001  0.73812000E+001
 -0.57438174E+000 -0.43201619E+000 -0.11440816E+000 -0.56733773E-002 -0.39456691E-002 -0.10661554E-002  0.10812670E-002  0.96035436E+000  0.25661053E+001  0.51509561E+001  0.73812346E+001
 -0.57438068E+000 -0.43201410E+000 -0.11440503E+000 -0.56733697E-002 -0.39456562E-002 -0.10661336E-002  0.10812789E-002  0.96037186E+000  0.25661263E+001  0.51509881E+001  0.73812653E+001
 -0.57437965E+000 -0.43201207E+000 -0.11440202E+000 -0.56733625E-002 -0.39456438E-002 -0.10661126E-002  0.10812894E-002  0.96038722E+000  0.25661448E+001  0.51510166E+001  0.73812927E+001
 -0.57437864E+000 -0.43201010E+000 -0.11439913E+000 -0.56733555E-002 -0.39456317E-002 -0.10660921E-002  0.10812986E-002  0.96040078E+000  0.25661613E+001  0.51510422E+001  0.73813173E+001
 -0.57437766E+000 -0.43200818E+000 -0.11439633E+000 -0.56733487E-002 -0.39456199E-002 -0.10660719E-002  0.10813068E-002  0.96041281E+000  0.25661760E+001  0.51510651E+001  0.73813394E+001
 -0.57437669E+000 -0.43200631E+000 -0.11439361E+000 -0.56733421E-002 -0.39456083E-002 -0.10660518E-002  0.10813141E-002  0.96042353E+000  0.25661891E+001  0.51510858E+001  0.73813594E+001
 -0.57437573E+000 -0.43200447E+000 -0.11439097E+000 -0.56733357E-002 -0.39455967E-002 -0.10660316E-002  0.10813207E-002  0.96043313E+000  0.25662010E+001  0.51511045E+001  0.73813774E+001
 -0.57437478E+000 -0.43200267E+000 -0.11438839E+000 -0.56733294E-002 -0.39455851E-002 -0.10660112E-002  0.10813268E-002  0.96044173E+000  0.25662116E+001  0.51511214E+001  0.73813936E+001
 -0.57437384E+000 -0.43200089E+000 -0.11438588E+000 -0.56733232E-002 -0.39455734E-002 -0.10659904E-002  0.10813324E-002  0.96044944E+000  0.25662211E+001  0.51511365E+001  0.73814082E+001
 -0.57437291E+000 -0.43199913E+000 -0.11438341E+000 -0.56733172E-002 -0.39455617E-002 -0.10659692E-002  0.10813377E-002  0.96045634E+000  0.25662296E+001  0.51511500E+001  0.73814211E+001
 -0.57437198E+000 -0.43199740E+000 -0.11438100E+000 -0.56733112E-002 -0.39455498E-002 -0.10659475E-002  0.10813427E-002  0.96046249E+000  0.25662372E+001  0.51511620E+001  0.73814324E+001
 -0.57437106E+000 -0.43199569E+000 -0.11437863E+000 -0.56733053E-002 -0.39455378E-002 -0.10659254E-002  0.10813475E-002  0.96046792E+000  0.25662438E+001  0.51511723E+001  0.73814422E+001
 -0.57437014E+000 -0.43199400E+000 -0.11437631E+000 -0.56732994E-002 -0.39455257E-002 -0.10659027E-002  0.10813520E-002  0.96047265E+000  0.25662495E+001  0.51511812E+001  0.73814504E+001
 -0.57436923E+000 -0.43199233E+000 -0.11437403E+000 -0.56732937E-002 -0.39455133E-002 -0.10658795E-002  0.10813564E-002  0.96047672E+000  0.25662543E+001  0.51511886E+001  0.73814571E+001
 -0.57436832E+000 -0.43199069E+000 -0.11437180E+000 -0.56732880E-002 -0.39455009E-002 -0.10658558E-002  0.10813607E-002  0.96048012E+000  0.25662582E+001  0.51511944E+001  0.73814622E+001
 -0.57436742E+000 -0.43198906E+000 -0.11436961E+000 -0.56732823E-002 -0.39454883E-002 -0.10658316E-002  0.10813649E-002  0.96048288E+000  0.25662613E+001  0.51511988E+001  0.73814658E+001
 -0.57436652E+000 -0.43198745E+000 -0.11436746E+000 -0.56732768E-002 -0.39454756E-002 -0.10658069E-002  0.10813689E-002  0.96048499E+000  0.25662635E+001  0.51512017E+001  0.73814679E+001
 -0.57436563E+000 -0.43198587E+000 -0.11436535E+000 -0.56732713E-002 -0.39454627E-002 -0.10657818E-002  0.10813728E-002  0.96048648E+000  0.25662649E+001  0.51512032E+001  0.73814686E+001
 -0.57436475E+000 -0.43198430E+000 -0.11436329E+000 -0.56732659E-002 -0.39454498E-002 -0.10657563E-002  0.10813767E-002  0.96048736E+000  0.25662655E+001  0.51512033E+001  0.73814677E+001
 -0.57436387E+000 -0.43198276E+000 -0.11436127E+000 -0.56732605E-002 -0.39454368E-002 -0.10657305E-002  0.10813804E-002  0.96048764E+000  0.25662652E+001  0.51512020E+001  0.73814655E+001
 -0.57436300E+000 -0.43198124E+000 -0.11435928E+000 -0.56732553E-002 -0.39454237E-002 -0.10657043E-002  0.10813841E-002  0.96048734E+000  0.25662642E+001  0.51511994E+001  0.73814620E+001
 -0.57436215E+000 -0.43197975E+000 -0.11435734E+000 -0.56732501E-002 -0.39454105E-002 -0.10656778E-002  0.10813877E-002  0.96048648E+000  0.25662625E+001  0.51511955E+001  0.73814571E+001
 -0.57436129E+000 -0.43197827E+000 -0.11435543E+000 -0.56732449E-002 -0.39453973E-002 -0.10656511E-002  0.10813913E-002  0.96048509E+000  0.25662600E+001  0.51511905E+001  0.73814511E+001
 -0.57436045E+000 -0.43197682E+000 -0.11435356E+000 -0.56732399E-002 -0.39453840E-002 -0.10656242E-002  0.10813948E-002  0.96048320E+000  0.25662569E+001  0.51511843E+001  0.73814439E+001
 -0.57435962E+000 -0.43197538E+000 -0.11435173E+000 -0.56732349E-002 -0.39453707E-002 -0.10655971E-002  0.10813982E-002  0.96048083E+000  0.25662532E+001  0.51511771E+001  0.73814356E+001
 -0.57435879E+000 -0.43197397E+000 -0.11434993E+000 -0.56732299E-002 -0.39453574E-002 -0.10655699E-002  0.10814017E-002  0.96047801E+000  0.25662489E+001  0.51511689E+001  0.73814264E+001
 -0.57435798E+000 -0.43197258E+000 -0.11434816E+000 -0.56732250E-002 -0.39453442E-002 -0.10655427E-002  0.10814051E-002  0.96047478E+000  0.25662440E+001  0.51511598E+001  0.73814163E+001
 -0.57435717E+000 -0.43197120E+000 -0.11434641E+000 -0.56732202E-002 -0.39453309E-002 -0.10655154E-002  0.10814085E-002  0.96047116E+000  0.25662386E+001  0.51511499E+001  0.73814054E+001
 -0.57435638E+000 -0.43196985E+000 -0.11434470E+000 -0.56732155E-002 -0.39453177E-002 -0.10654881E-002  0.10814118E-002  0.96046719E+000  0.25662328E+001  0.51511393E+001  0.73813938E+001
 -0.57435559E+000 -0.43196851E+000 -0.11434301E+000 -0.56732108E-002 -0.39453045E-002 -0.10654608E-002  0.10814152E-002  0.96046290E+000  0.25662266E+001  0.51511281E+001  0.73813816E+001
 -0.57435481E+000 -0.43196719E+000 -0.11434135E+000 -0.56732061E-002 -0.39452914E-002 -0.10654336E-002  0.10814186E-002  0.96045833E+000  0.25662200E+001  0.51511162E+001  0.73813689E+001
 -0.57435404E+000 -0.43196588E+000 -0.11433971E+000 -0.56732015E-002 -0.39452784E-002 -0.10654065E-002  0.10814220E-002  0.96045351E+000  0.25662131E+001  0.51511039E+001  0.73813557E+001
 -0.57435328E+000 -0.43196460E+000 -0.11433809E+000 -0.56731970E-002 -0.39452655E-002 -0.10653795E-002  0.10814255E-002  0.96044845E+000  0.25662060E+001  0.51510912E+001  0.73813422E+001
 -0.57435252E+000 -0.43196333E+000 -0.11433649E+000 -0.56731925E-002 -0.39452526E-002 -0.10653527E-002  0.10814289E-002  0.96044321E+000  0.25661986E+001  0.51510782E+001  0.73813284E+001
 -0.57435178E+000 -0.43196207E+000 -0.11433491E+000 -0.56731881E-002 -0.39452399E-002 -0.10653262E-002  0.10814324E-002  0.96043780E+000  0.25661909E+001  0.51510649E+001  0.73813144E+001
 -0.57435105E+000 -0.43196083E+000 -0.11433335E+000 -0.56731836E-002 -0.39452272E-002 -0.10652998E-002  0.10814360E-002  0.96043224E+000  0.25661832E+001  0.51510514E+001  0.73813003E+001
 -0.57435032E+000 -0.43195960E+000 -0.11433181E+000 -0.56731793E-002 -0.39452147E-002 -0.10652737E-002  0.10814396E-002  0.96042658E+000  0.25661753E+001  0.51510377E+001  0.73812861E+001
 -0.57434960E+000 -0.43195839E+000 -0.11433028E+000 -0.56731750E-002 -0.39452023E-002 -0.10652479E-002  0.10814432E-002  0.96042082E+000  0.25661673E+001  0.51510240E+001  0.73812718E+001
 -0.57434889E+000 -0.43195719E+000 -0.11432877E+000 -0.56731707E-002 -0.39451901E-002 -0.10652224E-002  0.10814470E-002  0.96041499E+000  0.25661592E+001  0.51510102E+001  0.73812576E+001
 -0.57434819E+000 -0.43195601E+000 -0.11432727E+000 -0.56731665E-002 -0.39451780E-002 -0.10651973E-002  0.10814507E-002  0.96040911E+000  0.25661511E+001  0.51509964E+001  0.73812435E+001
 -0.57434750E+000 -0.43195484E+000 -0.11432579E+000 -0.56731623E-002 -0.39451661E-002 -0.10651724E-002  0.10814546E-002  0.96040321E+000  0.25661430E+001  0.51509827E+001  0.73812295E+001
 -0.57434682E+000 -0.43195368E+000 -0.11432432E+000 -0.56731582E-002 -0.39451544E-002 -0.10651480E-002  0.10814584E-002  0.96039729E+000  0.25661349E+001  0.51509691E+001  0.73812156E+001
 -0.57434615E+000 -0.43195254E+000 -0.11432287E+000 -0.56731541E-002 -0.39451428E-002 -0.10651239E-002  0.10814624E-002  0.96039137E+000  0.25661268E+001  0.51509556E+001  0.73812019E+001
 -0.57434549E+000 -0.43195141E+000 -0.11432143E+000 -0.56731501E-002 -0.39451313E-002 -0.10651001E-002  0.10814664E-002  0.96038547E+000  0.25661188E+001  0.51509422E+001  0.73811885E+001
 -0.57434483E+000 -0.43195030E+000 -0.11432000E+000 -0.56731461E-002 -0.39451201E-002 -0.10650768E-002  0.10814705E-002  0.96037960E+000  0.25661109E+001  0.51509291E+001  0.73811753E+001
 -0.57434419E+000 -0.43194920E+000 -0.11431859E+000 -0.56731421E-002 -0.39451090E-002 -0.10650539E-002  0.10814746E-002  0.96037377E+000  0.25661030E+001  0.51509161E+001  0.73811623E+001
 -0.57434355E+000 -0.43194811E+000 -0.11431720E+000 -0.56731382E-002 -0.39450982E-002 -0.10650314E-002  0.10814788E-002  0.96036798E+000  0.25660952E+001  0.51509033E+001  0.73811496E+001
 -0.57434292E+000 -0.43194704E+000 -0.11431582E+000 -0.56731343E-002 -0.39450875E-002 -0.10650093E-002  0.10814831E-002  0.96036226E+000  0.25660875E+001  0.51508908E+001  0.73811372E+001
 -0.57434231E+000 -0.43194598E+000 -0.11431445E+000 -0.56731305E-002 -0.39450770E-002 -0.10649877E-002  0.10814874E-002  0.96035661E+000  0.25660799E+001  0.51508785E+001  0.73811251E+001
 -0.57434170E+000 -0.43194494E+000 -0.11431310E+000 -0.56731268E-002 -0.39450667E-002 -0.10649665E-002  0.10814917E-002  0.96035102E+000  0.25660725E+001  0.51508665E+001  0.73811133E+001
 -0.57434110E+000 -0.43194391E+000 -0.11431177E+000 -0.56731231E-002 -0.39450565E-002 -0.10649457E-002  0.10814961E-002  0.96034552E+000  0.25660651E+001  0.51508547E+001  0.73811017E+001
 -0.57434051E+000 -0.43194290E+000 -0.11431045E+000 -0.56731194E-002 -0.39450466E-002 -0.10649253E-002  0.10815006E-002  0.96034010E+000  0.25660579E+001  0.51508432E+001  0.73810905E+001
 -0.57433994E+000 -0.43194190E+000 -0.11430915E+000 -0.56731158E-002 -0.39450369E-002 -0.10649054E-002  0.10815051E-002  0.96033477E+000  0.25660509E+001  0.51508320E+001  0.73810796E+001
 -0.57433937E+000 -0.43194092E+000 -0.11430787E+000 -0.56731123E-002 -0.39450274E-002 -0.10648859E-002  0.10815096E-002  0.96032953E+000  0.25660439E+001  0.51508210E+001  0.73810690E+001
 -0.57433881E+000 -0.43193996E+000 -0.11430660E+000 -0.56731088E-002 -0.39450180E-002 -0.10648668E-002  0.10815142E-002  0.96032439E+000  0.25660371E+001  0.51508104E+001  0.73810587E+001
 -0.57433826E+000 -0.43193901E+000 -0.11430535E+000 -0.56731053E-002 -0.39450089E-002 -0.10648481E-002  0.10815188E-002  0.96031934E+000  0.25660305E+001  0.51508000E+001  0.73810487E+001
 -0.57433773E+000 -0.43193808E+000 -0.11430412E+000 -0.56731019E-002 -0.39449999E-002 -0.10648299E-002  0.10815234E-002  0.96031439E+000  0.25660240E+001  0.51507898E+001  0.73810390E+001
 -0.57433720E+000 -0.43193716E+000 -0.11430291E+000 -0.56730986E-002 -0.39449912E-002 -0.10648121E-002  0.10815281E-002  0.96030954E+000  0.25660177E+001  0.51507799E+001  0.73810295E+001
 -0.57433669E+000 -0.43193626E+000 -0.11430172E+000 -0.56730953E-002 -0.39449826E-002 -0.10647947E-002  0.10815328E-002  0.96030480E+000  0.25660114E+001  0.51507703E+001  0.73810204E+001
 -0.57433618E+000 -0.43193538E+000 -0.11430055E+000 -0.56730921E-002 -0.39449743E-002 -0.10647778E-002  0.10815375E-002  0.96030015E+000  0.25660054E+001  0.51507610E+001  0.73810115E+001
 -0.57433569E+000 -0.43193452E+000 -0.11429940E+000 -0.56730890E-002 -0.39449661E-002 -0.10647612E-002  0.10815422E-002  0.96029561E+000  0.25659995E+001  0.51507519E+001  0.73810029E+001
 -0.57433520E+000 -0.43193367E+000 -0.11429826E+000 -0.56730859E-002 -0.39449581E-002 -0.10647451E-002  0.10815469E-002  0.96029116E+000  0.25659937E+001  0.51507431E+001  0.73809946E+001
 -0.57433473E+000 -0.43193284E+000 -0.11429715E+000 -0.56730828E-002 -0.39449503E-002 -0.10647294E-002  0.10815516E-002  0.96028683E+000  0.25659881E+001  0.51507345E+001  0.73809865E+001
 -0.57433427E+000 -0.43193203E+000 -0.11429606E+000 -0.56730799E-002 -0.39449427E-002 -0.10647140E-002  0.10815563E-002  0.96028259E+000  0.25659826E+001  0.51507262E+001  0.73809786E+001
 -0.57433382E+000 -0.43193123E+000 -0.11429499E+000 -0.56730769E-002 -0.39449352E-002 -0.10646991E-002  0.10815611E-002  0.96027845E+000  0.25659772E+001  0.51507181E+001  0.73809710E+001
 -0.57433338E+000 -0.43193045E+000 -0.11429394E+000 -0.56730741E-002 -0.39449280E-002 -0.10646845E-002  0.10815658E-002  0.96027441E+000  0.25659720E+001  0.51507102E+001  0.73809636E+001
 -0.57433295E+000 -0.43192969E+000 -0.11429292E+000 -0.56730713E-002 -0.39449209E-002 -0.10646703E-002  0.10815705E-002  0.96027048E+000  0.25659669E+001  0.51507026E+001  0.73809565E+001
 -0.57433253E+000 -0.43192895E+000 -0.11429191E+000 -0.56730686E-002 -0.39449140E-002 -0.10646565E-002  0.10815752E-002  0.96026664E+000  0.25659620E+001  0.51506951E+001  0.73809496E+001
 -0.57433212E+000 -0.43192822E+000 -0.11429092E+000 -0.56730659E-002 -0.39449073E-002 -0.10646431E-002  0.10815799E-002  0.96026290E+000  0.25659572E+001  0.51506879E+001  0.73809429E+001
 -0.57433172E+000 -0.43192752E+000 -0.11428996E+000 -0.56730633E-002 -0.39449008E-002 -0.10646300E-002  0.10815845E-002  0.96025925E+000  0.25659525E+001  0.51506810E+001  0.73809364E+001
 -0.57433133E+000 -0.43192682E+000 -0.11428902E+000 -0.56730607E-002 -0.39448944E-002 -0.10646173E-002  0.10815892E-002  0.96025570E+000  0.25659480E+001  0.51506742E+001  0.73809301E+001
 -0.57433095E+000 -0.43192615E+000 -0.11428810E+000 -0.56730582E-002 -0.39448882E-002 -0.10646049E-002  0.10815938E-002  0.96025224E+000  0.25659435E+001  0.51506676E+001  0.73809240E+001
 -0.57433058E+000 -0.43192549E+000 -0.11428720E+000 -0.56730558E-002 -0.39448822E-002 -0.10645929E-002  0.10815984E-002  0.96024887E+000  0.25659392E+001  0.51506612E+001  0.73809180E+001
 -0.57433022E+000 -0.43192485E+000 -0.11428632E+000 -0.56730534E-002 -0.39448763E-002 -0.10645812E-002  0.10816029E-002  0.96024560E+000  0.25659350E+001  0.51506551E+001  0.73809123E+001
 -0.57432987E+000 -0.43192423E+000 -0.11428546E+000 -0.56730511E-002 -0.39448706E-002 -0.10645698E-002  0.10816074E-002  0.96024241E+000  0.25659310E+001  0.51506491E+001  0.73809068E+001
 -0.57432954E+000 -0.43192362E+000 -0.11428463E+000 -0.56730488E-002 -0.39448651E-002 -0.10645588E-002  0.10816119E-002  0.96023931E+000  0.25659270E+001  0.51506432E+001  0.73809014E+001
 -0.57432921E+000 -0.43192303E+000 -0.11428381E+000 -0.56730466E-002 -0.39448597E-002 -0.10645480E-002  0.10816163E-002  0.96023629E+000  0.25659232E+001  0.51506376E+001  0.73808962E+001
 -0.57432889E+000 -0.43192246E+000 -0.11428302E+000 -0.56730445E-002 -0.39448544E-002 -0.10645376E-002  0.10816207E-002  0.96023336E+000  0.25659194E+001  0.51506321E+001  0.73808911E+001
 -0.57432858E+000 -0.43192190E+000 -0.11428224E+000 -0.56730424E-002 -0.39448493E-002 -0.10645275E-002  0.10816251E-002  0.96023051E+000  0.25659158E+001  0.51506268E+001  0.73808862E+001
 -0.57432827E+000 -0.43192136E+000 -0.11428149E+000 -0.56730404E-002 -0.39448444E-002 -0.10645177E-002  0.10816294E-002  0.96022774E+000  0.25659123E+001  0.51506217E+001  0.73808815E+001
 -0.57432798E+000 -0.43192083E+000 -0.11428076E+000 -0.56730384E-002 -0.39448396E-002 -0.10645082E-002  0.10816336E-002  0.96022505E+000  0.25659089E+001  0.51506167E+001  0.73808769E+001
 -0.57432770E+000 -0.43192032E+000 -0.11428004E+000 -0.56730365E-002 -0.39448349E-002 -0.10644989E-002  0.10816378E-002  0.96022243E+000  0.25659056E+001  0.51506119E+001  0.73808725E+001
 -0.57432742E+000 -0.43191982E+000 -0.11427935E+000 -0.56730346E-002 -0.39448304E-002 -0.10644900E-002  0.10816420E-002  0.96021989E+000  0.25659024E+001  0.51506072E+001  0.73808682E+001
 -0.57432716E+000 -0.43191934E+000 -0.11427868E+000 -0.56730328E-002 -0.39448260E-002 -0.10644813E-002  0.10816461E-002  0.96021742E+000  0.25658992E+001  0.51506027E+001  0.73808640E+001
 -0.57432690E+000 -0.43191887E+000 -0.11427802E+000 -0.56730310E-002 -0.39448217E-002 -0.10644729E-002  0.10816501E-002  0.96021503E+000  0.25658962E+001  0.51505983E+001  0.73808599E+001
 -0.57432665E+000 -0.43191841E+000 -0.11427738E+000 -0.56730293E-002 -0.39448176E-002 -0.10644647E-002  0.10816541E-002  0.96021270E+000  0.25658933E+001  0.51505940E+001  0.73808560E+001
 -0.57432640E+000 -0.43191797E+000 -0.11427676E+000 -0.56730276E-002 -0.39448136E-002 -0.10644568E-002  0.10816580E-002  0.96021044E+000  0.25658904E+001  0.51505899E+001  0.73808522E+001
 -0.57432617E+000 -0.43191755E+000 -0.11427616E+000 -0.56730260E-002 -0.39448097E-002 -0.10644491E-002  0.10816619E-002  0.96020825E+000  0.25658876E+001  0.51505859E+001  0.73808486E+001
 -0.57432594E+000 -0.43191713E+000 -0.11427558E+000 -0.56730244E-002 -0.39448059E-002 -0.10644417E-002  0.10816656E-002  0.96020612E+000  0.25658850E+001  0.51505820E+001  0.73808450E+001
 -0.57432572E+000 -0.43191673E+000 -0.11427502E+000 -0.56730229E-002 -0.39448023E-002 -0.10644345E-002  0.10816694E-002  0.96020405E+000  0.25658824E+001  0.51505783E+001  0.73808416E+001
 -0.57432551E+000 -0.43191634E+000 -0.11427447E+000 -0.56730214E-002 -0.39447987E-002 -0.10644275E-002  0.10816730E-002  0.96020205E+000  0.25658798E+001  0.51505746E+001  0.73808382E+001
 -0.57432530E+000 -0.43191597E+000 -0.11427394E+000 -0.56730200E-002 -0.39447953E-002 -0.10644208E-002  0.10816766E-002  0.96020010E+000  0.25658774E+001  0.51505711E+001  0.73808350E+001
 -0.57432510E+000 -0.43191561E+000 -0.11427343E+000 -0.56730186E-002 -0.39447920E-002 -0.10644143E-002  0.10816802E-002  0.96019821E+000  0.25658750E+001  0.51505677E+001  0.73808319E+001
 -0.57432491E+000 -0.43191526E+000 -0.11427293E+000 -0.56730173E-002 -0.39447888E-002 -0.10644080E-002  0.10816836E-002  0.96019638E+000  0.25658727E+001  0.51505644E+001  0.73808288E+001
 -0.57432473E+000 -0.43191492E+000 -0.11427245E+000 -0.56730159E-002 -0.39447857E-002 -0.10644019E-002  0.10816870E-002  0.96019460E+000  0.25658705E+001  0.51505612E+001  0.73808259E+001
 -0.57432455E+000 -0.43191459E+000 -0.11427198E+000 -0.56730147E-002 -0.39447827E-002 -0.10643960E-002  0.10816903E-002  0.96019287E+000  0.25658683E+001  0.51505580E+001  0.73808230E+001
 -0.57432438E+000 -0.43191427E+000 -0.11427153E+000 -0.56730135E-002 -0.39447798E-002 -0.10643903E-002  0.10816936E-002  0.96019120E+000  0.25658662E+001  0.51505550E+001  0.73808202E+001
 -0.57432421E+000 -0.43191397E+000 -0.11427109E+000 -0.56730123E-002 -0.39447770E-002 -0.10643848E-002  0.10816968E-002  0.96018957E+000  0.25658642E+001  0.51505521E+001  0.73808176E+001
 -0.57432405E+000 -0.43191367E+000 -0.11427067E+000 -0.56730111E-002 -0.39447743E-002 -0.10643795E-002  0.10816999E-002  0.96018800E+000  0.25658622E+001  0.51505493E+001  0.73808150E+001
 -0.57432389E+000 -0.43191339E+000 -0.11427027E+000 -0.56730100E-002 -0.39447717E-002 -0.10643744E-002  0.10817029E-002  0.96018647E+000  0.25658603E+001  0.51505465E+001  0.73808124E+001
 -0.57432375E+000 -0.43191311E+000 -0.11426988E+000 -0.56730090E-002 -0.39447692E-002 -0.10643694E-002  0.10817059E-002  0.96018499E+000  0.25658584E+001  0.51505439E+001  0.73808100E+001
 -0.57432360E+000 -0.43191285E+000 -0.11426950E+000 -0.56730079E-002 -0.39447667E-002 -0.10643647E-002  0.10817088E-002  0.96018355E+000  0.25658566E+001  0.51505413E+001  0.73808076E+001
 -0.57432346E+000 -0.43191260E+000 -0.11426913E+000 -0.56730070E-002 -0.39447644E-002 -0.10643601E-002  0.10817116E-002  0.96018216E+000  0.25658549E+001  0.51505388E+001  0.73808053E+001
 -0.57432333E+000 -0.43191235E+000 -0.11426878E+000 -0.56730060E-002 -0.39447621E-002 -0.10643557E-002  0.10817144E-002  0.96018081E+000  0.25658532E+001  0.51505364E+001  0.73808031E+001
 -0.57432320E+000 -0.43191212E+000 -0.11426844E+000 -0.56730051E-002 -0.39447600E-002 -0.10643514E-002  0.10817171E-002  0.96017950E+000  0.25658516E+001  0.51505341E+001  0.73808009E+001
 -0.57432308E+000 -0.43191189E+000 -0.11426812E+000 -0.56730042E-002 -0.39447579E-002 -0.10643473E-002  0.10817197E-002  0.96017823E+000  0.25658500E+001  0.51505318E+001  0.73807988E+001
 -0.57432296E+000 -0.43191167E+000 -0.11426781E+000 -0.56730033E-002 -0.39447559E-002 -0.10643434E-002  0.10817223E-002  0.96017700E+000  0.25658485E+001  0.51505296E+001  0.73807968E+001
 -0.57432285E+000 -0.43191146E+000 -0.11426750E+000 -0.56730025E-002 -0.39447539E-002 -0.10643396E-002  0.10817248E-002  0.96017581E+000  0.25658470E+001  0.51505275E+001  0.73807948E+001
 -0.57432274E+000 -0.43191126E+000 -0.11426722E+000 -0.56730017E-002 -0.39447521E-002 -0.10643359E-002  0.10817272E-002  0.96017465E+000  0.25658455E+001  0.51505254E+001  0.73807929E+001
 -0.57432264E+000 -0.43191107E+000 -0.11426694E+000 -0.56730010E-002 -0.39447503E-002 -0.10643325E-002  0.10817295E-002  0.96017354E+000  0.25658441E+001  0.51505234E+001  0.73807911E+001
 -0.57432254E+000 -0.43191089E+000 -0.11426667E+000 -0.56730002E-002 -0.39447486E-002 -0.10643291E-002  0.10817318E-002  0.96017245E+000  0.25658428E+001  0.51505215E+001  0.73807893E+001
 -0.57432244E+000 -0.43191071E+000 -0.11426642E+000 -0.56729995E-002 -0.39447469E-002 -0.10643259E-002  0.10817340E-002  0.96017141E+000  0.25658415E+001  0.51505196E+001  0.73807876E+001
 -0.57432235E+000 -0.43191054E+000 -0.11426617E+000 -0.56729989E-002 -0.39447454E-002 -0.10643228E-002  0.10817362E-002  0.96017039E+000  0.25658402E+001  0.51505178E+001  0.73807859E+001
 -0.57432226E+000 -0.43191038E+000 -0.11426594E+000 -0.56729982E-002 -0.39447439E-002 -0.10643199E-002  0.10817383E-002  0.96016941E+000  0.25658390E+001  0.51505161E+001  0.73807843E+001
 -0.57432218E+000 -0.43191023E+000 -0.11426571E+000 -0.56729976E-002 -0.39447424E-002 -0.10643171E-002  0.10817403E-002  0.96016846E+000  0.25658378E+001  0.51505144E+001  0.73807827E+001
 -0.57432210E+000 -0.43191008E+000 -0.11426550E+000 -0.56729970E-002 -0.39447410E-002 -0.10643144E-002  0.10817423E-002  0.96016755E+000  0.25658367E+001  0.51505127E+001  0.73807812E+001
 -0.57432203E+000 -0.43190994E+000 -0.11426529E+000 -0.56729965E-002 -0.39447397E-002 -0.10643118E-002  0.10817442E-002  0.96016666E+000  0.25658356E+001  0.51505111E+001  0.73807797E+001
 -0.57432195E+000 -0.43190981E+000 -0.11426510E+000 -0.56729959E-002 -0.39447385E-002 -0.10643094E-002  0.10817460E-002  0.96016581E+000  0.25658345E+001  0.51505096E+001  0.73807783E+001
 -0.57432189E+000 -0.43190968E+000 -0.11426491E+000 -0.56729954E-002 -0.39447373E-002 -0.10643070E-002  0.10817478E-002  0.96016498E+000  0.25658335E+001  0.51505081E+001  0.73807769E+001
 -0.57432182E+000 -0.43190956E+000 -0.11426473E+000 -0.56729949E-002 -0.39447361E-002 -0.10643048E-002  0.10817496E-002  0.96016418E+000  0.25658325E+001  0.51505067E+001  0.73807756E+001
 -0.57432176E+000 -0.43190944E+000 -0.11426456E+000 -0.56729944E-002 -0.39447351E-002 -0.10643027E-002  0.10817512E-002  0.96016341E+000  0.25658316E+001  0.51505053E+001  0.73807743E+001
 -0.57432170E+000 -0.43190933E+000 -0.11426440E+000 -0.56729940E-002 -0.39447340E-002 -0.10643007E-002  0.10817529E-002  0.96016267E+000  0.25658306E+001  0.51505040E+001  0.73807731E+001
 -0.57432165E+000 -0.43190923E+000 -0.11426425E+000 -0.56729936E-002 -0.39447330E-002 -0.10642988E-002  0.10817544E-002  0.96016195E+000  0.25658297E+001  0.51505027E+001  0.73807719E+001
 -0.57432159E+000 -0.43190913E+000 -0.11426410E+000 -0.56729932E-002 -0.39447321E-002 -0.10642970E-002  0.10817559E-002  0.96016126E+000  0.25658289E+001  0.51505015E+001  0.73807707E+001
 -0.57432154E+000 -0.43190904E+000 -0.11426396E+000 -0.56729928E-002 -0.39447312E-002 -0.10642953E-002  0.10817574E-002  0.96016060E+000  0.25658281E+001  0.51505003E+001  0.73807696E+001
 -0.57432150E+000 -0.43190895E+000 -0.11426383E+000 -0.56729924E-002 -0.39447304E-002 -0.10642936E-002  0.10817588E-002  0.96015996E+000  0.25658273E+001  0.51504992E+001  0.73807685E+001
 -0.57432145E+000 -0.43190887E+000 -0.11426371E+000 -0.56729921E-002 -0.39447296E-002 -0.10642921E-002  0.10817602E-002  0.96015935E+000  0.25658265E+001  0.51504981E+001  0.73807675E+001
 -0.57432141E+000 -0.43190879E+000 -0.11426359E+000 -0.56729918E-002 -0.39447289E-002 -0.10642907E-002  0.10817615E-002  0.96015876E+000  0.25658258E+001  0.51504970E+001  0.73807665E+001
 -0.57432137E+000 -0.43190871E+000 -0.11426348E+000 -0.56729915E-002 -0.39447282E-002 -0.10642893E-002  0.10817627E-002  0.96015819E+000  0.25658251E+001  0.51504960E+001  0.73807656E+001
 -0.57432133E+000 -0.43190864E+000 -0.11426338E+000 -0.56729912E-002 -0.39447275E-002 -0.10642880E-002  0.10817639E-002  0.96015765E+000  0.25658244E+001  0.51504950E+001  0.73807647E+001
 -0.57432130E+000 -0.43190858E+000 -0.11426328E+000 -0.56729909E-002 -0.39447269E-002 -0.10642868E-002  0.10817651E-002  0.96015712E+000  0.25658238E+001  0.51504941E+001  0.73807638E+001
 -0.57432127E+000 -0.43190852E+000 -0.11426318E+000 -0.56729906E-002 -0.39447263E-002 -0.10642857E-002  0.10817662E-002  0.96015662E+000  0.25658231E+001  0.51504932E+001  0.73807629E+001
 -0.57432124E+000 -0.43190846E+000 -0.11426310E+000 -0.56729904E-002 -0.39447257E-002 -0.10642846E-002  0.10817673E-002  0.96015614E+000  0.25658225E+001  0.51504924E+001  0.73807621E+001
 -0.57432121E+000 -0.43190841E+000 -0.11426301E+000 -0.56729902E-002 -0.39447252E-002 -0.10642836E-002  0.10817683E-002  0.96015569E+000  0.25658220E+001  0.51504915E+001  0.73807614E+001
 -0.57432118E+000 -0.43190836E+000 -0.11426294E+000 -0.56729899E-002 -0.39447247E-002 -0.10642827E-002  0.10817693E-002  0.96015525E+000  0.25658214E+001  0.51504908E+001  0.73807606E+001
 -0.57432116E+000 -0.43190831E+000 -0.11426287E+000 -0.56729897E-002 -0.39447243E-002 -0.10642818E-002  0.10817703E-002  0.96015483E+000  0.25658209E+001  0.51504900E+001  0.73807599E+001
 -0.57432114E+000 -0.43190827E+000 -0.11426280E+000 -0.56729895E-002 -0.39447239E-002 -0.10642810E-002  0.10817712E-002  0.96015443E+000  0.25658204E+001  0.51504893E+001  0.73807593E+001
 -0.57432112E+000 -0.43190823E+000 -0.11426273E+000 -0.56729894E-002 -0.39447235E-002 -0.10642803E-002  0.10817721E-002  0.96015405E+000  0.25658200E+001  0.51504886E+001  0.73807586E+001
 -0.57432110E+000 -0.43190819E+000 -0.11426268E+000 -0.56729892E-002 -0.39447231E-002 -0.10642796E-002  0.10817730E-002  0.96015369E+000  0.25658195E+001  0.51504880E+001  0.73807580E+001
 -0.57432108E+000 -0.43190815E+000 -0.11426262E+000 -0.56729890E-002 -0.39447227E-002 -0.10642789E-002  0.10817738E-002  0.96015335E+000  0.25658191E+001  0.51504874E+001  0.73807574E+001
 -0.57432106E+000 -0.43190812E+000 -0.11426257E+000 -0.56729889E-002 -0.39447224E-002 -0.10642783E-002  0.10817746E-002  0.96015303E+000  0.25658187E+001  0.51504868E+001  0.73807569E+001
 -0.57432104E+000 -0.43190809E+000 -0.11426251E+000 -0.56729887E-002 -0.39447221E-002 -0.10642776E-002  0.10817753E-002  0.96015275E+000  0.25658183E+001  0.51504863E+001  0.73807564E+001
 -0.57432103E+000 -0.43190806E+000 -0.11426247E+000 -0.56729886E-002 -0.39447217E-002 -0.10642770E-002  0.10817761E-002  0.96015244E+000  0.25658179E+001  0.51504856E+001  0.73807558E+001
