  0.30342792E+000  0.31844518E+000  0.46007078E+000  0.62776830E+000  0.80354519E+000  0.91081013E+000  0.12870709E+001  0.18906219E+001  0.26363246E+001  0.41009943E+001  0.58417165E+001
  0.30335463E+000  0.31846409E+000  0.46007078E+000  0.62776830E+000  0.80347100E+000  0.91073008E+000  0.12870709E+001  0.18900562E+001  0.26344458E+001  0.40997822E+001  0.58414866E+001
  0.30329114E+000  0.31846409E+000  0.45995624E+000  0.62776830E+000  0.80345164E+000  0.91066437E+000  0.12870709E+001  0.18897415E+001  0.26327991E+001  0.40997800E+001  0.58408306E+001
  0.30323657E+000  0.31846409E+000  0.46007078E+000  0.62776830E+000  0.80337519E+000  0.91064200E+000  0.12870709E+001  0.18877246E+001  0.26325266E+001  0.40997719E+001  0.58403387E+001
  0.30319677E+000  0.31845694E+000  0.46007078E+000  0.62776830E+000  0.80335797E+000  0.91057430E+000  0.12870709E+001  0.18875970E+001  0.26322540E+001  0.40997199E+001  0.58400643E+001
  0.30316301E+000  0.31846409E+000  0.46007078E+000  0.62776830E+000  0.80334729E+000  0.91051644E+000  0.12870709E+001  0.18874756E+001  0.26305968E+001  0.40995937E+001  0.58398289E+001
  0.30313424E+000  0.31846409E+000  0.46007078E+000  0.62769814E+000  0.80331007E+000  0.91056399E+000  0.12870709E+001  0.18873675E+001  0.26286451E+001  0.40995637E+001  0.58406814E+001
  0.30310971E+000  0.31845284E+000  0.46007078E+000  0.62776830E+000  0.80330069E+000  0.91050342E+000  0.12870709E+001  0.18872720E+001  0.26266265E+001  0.40997745E+001  0.58403826E+001
  0.30308880E+000  0.31844804E+000  0.45995503E+000  0.62776830E+000  0.80326804E+000  0.91045172E+000  0.12870709E+001  0.18871882E+001  0.26258085E+001  0.40995183E+001  0.58401166E+001
  0.30307096E+000  0.31844395E+000  0.45995493E+000  0.62776830E+000  0.80324021E+000  0.91040758E+000  0.12870709E+001  0.18871152E+001  0.26254001E+001  0.40997130E+001  0.58398813E+001
  0.30305573E+000  0.31844045E+000  0.45995485E+000  0.62776830E+000  0.80321650E+000  0.91047475E+000  0.12870709E+001  0.18870519E+001  0.26252800E+001  0.40996521E+001  0.58403066E+001
  0.30304272E+000  0.31843747E+000  0.46007078E+000  0.62776830E+000  0.80319630E+000  0.91043723E+000  0.12870709E+001  0.18869972E+001  0.26251792E+001  0.40996674E+001  0.58401379E+001
  0.30303160E+000  0.31846409E+000  0.46007078E+000  0.62776830E+000  0.80317909E+000  0.91040511E+000  0.12870709E+001  0.18869500E+001  0.26250944E+001  0.40997742E+001  0.58399901E+001
  0.30302208E+000  0.31846409E+000  0.46007078E+000  0.62776830E+000  0.80316443E+000  0.91037761E+000  0.12870709E+001  0.18869096E+001  0.26250231E+001  0.40996687E+001  0.58398610E+001
  0.30301394E+000  0.31846409E+000  0.46007078E+000  0.62776830E+000  0.80321668E+000  0.91035403E+000  0.12870709E+001  0.18868749E+001  0.26249629E+001  0.40995806E+001  0.58397485E+001
  0.30300696E+000  0.31846409E+000  0.46007078E+000  0.62776830E+000  0.80320493E+000  0.91033382E+000  0.12870709E+001  0.18868453E+001  0.26249121E+001  0.40997689E+001  0.58400252E+001
  0.30300099E+000  0.31845386E+000  0.46007078E+000  0.62776830E+000  0.80319488E+000  0.91031647E+000  0.12870709E+001  0.18868200E+001  0.26248693E+001  0.40997042E+001  0.58399337E+001
  0.30299586E+000  0.31845237E+000  0.46007078E+000  0.62776830E+000  0.80318628E+000  0.91030157E+000  0.12870709E+001  0.18867985E+001  0.26248332E+001  0.40996497E+001  0.58398540E+001
  0.30299147E+000  0.31846409E+000  0.46007078E+000  0.62776830E+000  0.80317893E+000  0.91028877E+000  0.12870709E+001  0.18867802E+001  0.26248028E+001  0.40996038E+001  0.58397847E+001
  0.30298770E+000  0.31846409E+000  0.46007078E+000  0.62776830E+000  0.80317263E+000  0.91027776E+000  0.12870709E+001  0.18867647E+001  0.26247771E+001  0.40997619E+001  0.58397243E+001
  0.30298446E+000  0.31846409E+000  0.46007078E+000  0.62776830E+000  0.80316723E+000  0.91026830E+000  0.12870709E+001  0.18867516E+001  0.26247556E+001  0.40997433E+001  0.58396718E+001
  0.30298168E+000  0.31846409E+000  0.46007078E+000  0.62776830E+000  0.80316261E+000  0.91026015E+000  0.12870709E+001  0.18867406E+001  0.26247376E+001  0.40997276E+001  0.58396261E+001
  0.30297930E+000  0.31846409E+000  0.46007078E+000  0.62776830E+000  0.80315866E+000  0.91041127E+000  0.12870709E+001  0.18867313E+001  0.26247226E+001  0.40997725E+001  0.58395862E+001
  0.30297725E+000  0.31846409E+000  0.46007078E+000  0.62776830E+000  0.80315527E+000  0.91040508E+000  0.12870709E+001  0.18867235E+001  0.26247142E+001  0.40997658E+001  0.58395515E+001
  0.30297549E+000  0.31846409E+000  0.46007078E+000  0.62776830E+000  0.80315237E+000  0.91039972E+000  0.12870709E+001  0.18867171E+001  0.26247178E+001  0.40997543E+001  0.58395211E+001
  0.30297398E+000  0.31846409E+000  0.46007078E+000  0.62776830E+000  0.80314989E+000  0.91039509E+000  0.12870709E+001  0.18867117E+001  0.26247327E+001  0.40997444E+001  0.58394946E+001
  0.30297268E+000  0.31846409E+000  0.46007078E+000  0.62776830E+000  0.80314776E+000  0.91039108E+000  0.12870709E+001  0.18867073E+001  0.26247495E+001  0.40997361E+001  0.58394714E+001
  0.30297157E+000  0.31846409E+000  0.46007078E+000  0.62776830E+000  0.80314594E+000  0.91038760E+000  0.12870709E+001  0.18867036E+001  0.26254103E+001  0.40997289E+001  0.58394510E+001
  0.30297061E+000  0.31846409E+000  0.46007078E+000  0.62776830E+000  0.80314438E+000  0.91038458E+000  0.12870709E+001  0.18867006E+001  0.26254217E+001  0.40997227E+001  0.58394330E+001
  0.30296978E+000  0.31846409E+000  0.46007078E+000  0.62776830E+000  0.80314305E+000  0.91038195E+000  0.12870709E+001  0.18866982E+001  0.26254340E+001  0.40997175E+001  0.58394171E+001
  0.30296907E+000  0.31846409E+000  0.46007078E+000  0.62776830E+000  0.80314190E+000  0.91037965E+000  0.12870709E+001  0.18866963E+001  0.26265369E+001  0.40997130E+001  0.58394030E+001
  0.30296846E+000  0.31846409E+000  0.46007078E+000  0.62776830E+000  0.80314092E+000  0.91037765E+000  0.12870709E+001  0.18866948E+001  0.26266106E+001  0.40997091E+001  0.58393904E+001
  0.30296793E+000  0.31846409E+000  0.46007078E+000  0.62776830E+000  0.80314007E+000  0.91037588E+000  0.12870709E+001  0.18866936E+001  0.26276742E+001  0.40997057E+001  0.58393791E+001
  0.30296746E+000  0.31846409E+000  0.46007078E+000  0.62776830E+000  0.80313934E+000  0.91037433E+000  0.12870709E+001  0.18866926E+001  0.26290866E+001  0.40997027E+001  0.58393689E+001
  0.30296706E+000  0.31846409E+000  0.46007078E+000  0.62776830E+000  0.80313870E+000  0.91037295E+000  0.12870709E+001  0.18866919E+001  0.26296371E+001  0.40997001E+001  0.58393596E+001
  0.30296671E+000  0.31846409E+000  0.46007078E+000  0.62776830E+000  0.80313815E+000  0.91037171E+000  0.12870709E+001  0.18866913E+001  0.26296921E+001  0.40996978E+001  0.58393511E+001
  0.30296639E+000  0.31846409E+000  0.46007078E+000  0.62776830E+000  0.80313766E+000  0.91037060E+000  0.12870709E+001  0.18866908E+001  0.26297446E+001  0.40996957E+001  0.58393431E+001
  0.30296612E+000  0.31846409E+000  0.46007078E+000  0.62776830E+000  0.80313723E+000  0.91036959E+000  0.12870709E+001  0.18866905E+001  0.26302237E+001  0.40996938E+001  0.58393357E+001
  0.30296586E+000  0.31846409E+000  0.46007078E+000  0.62776830E+000  0.80313684E+000  0.91036866E+000  0.12870709E+001  0.18866901E+001  0.26302284E+001  0.40996921E+001  0.58393287E+001
  0.30296563E+000  0.31846409E+000  0.46007078E+000  0.62776830E+000  0.80313649E+000  0.91036780E+000  0.12870709E+001  0.18866898E+001  0.26302334E+001  0.40996904E+001  0.58393220E+001
  0.30296542E+000  0.31846409E+000  0.46007078E+000  0.62776830E+000  0.80313617E+000  0.91036699E+000  0.12870709E+001  0.18866895E+001  0.26302379E+001  0.40996888E+001  0.58393155E+001
  0.30296522E+000  0.31846409E+000  0.46007078E+000  0.62776830E+000  0.80313586E+000  0.91036622E+000  0.12870709E+001  0.18866892E+001  0.26302366E+001  0.40996873E+001  0.58393091E+001
  0.30296503E+000  0.31846409E+000  0.46007078E+000  0.62776830E+000  0.80313557E+000  0.91036547E+000  0.12870709E+001  0.18866888E+001  0.26302357E+001  0.40996858E+001  0.58393029E+001
  0.30296484E+000  0.31846409E+000  0.46007078E+000  0.62776830E+000  0.80313529E+000  0.91036474E+000  0.12870709E+001  0.18866884E+001  0.26302348E+001  0.40996843E+001  0.58392967E+001
  0.30296466E+000  0.31846409E+000  0.46007078E+000  0.62776830E+000  0.80313501E+000  0.91036402E+000  0.12870709E+001  0.18866879E+001  0.26302342E+001  0.40996828E+001  0.58392905E+001
  0.30296448E+000  0.31846409E+000  0.46007078E+000  0.62776830E+000  0.80313473E+000  0.91036330E+000  0.12870709E+001  0.18866873E+001  0.26302336E+001  0.40996812E+001  0.58392842E+001
  0.30296430E+000  0.31846409E+000  0.46007078E+000  0.62776830E+000  0.80313445E+000  0.91036257E+000  0.12870709E+001  0.18866867E+001  0.26302330E+001  0.40996797E+001  0.58392779E+001
  0.30296411E+000  0.31846409E+000  0.46007078E+000  0.62776830E+000  0.80313416E+000  0.91036183E+000  0.12870709E+001  0.18866860E+001  0.26302326E+001  0.40996781E+001  0.58392716E+001
  0.30296392E+000  0.31846409E+000  0.46007078E+000  0.62776830E+000  0.80313386E+000  0.91036108E+000  0.12870709E+001  0.18866851E+001  0.26302321E+001  0.40996764E+001  0.58392651E+001
  0.30296372E+000  0.31846409E+000  0.46007078E+000  0.62776830E+000  0.80313355E+000  0.91036032E+000  0.12870709E+001  0.18866842E+001  0.26302317E+001  0.40996747E+001  0.58392586E+001
  0.30296352E+000  0.31846409E+000  0.46007078E+000  0.62776830E+000  0.80313324E+000  0.91035954E+000  0.12870709E+001  0.18866832E+001  0.26302313E+001  0.40996730E+001  0.58392520E+001
  0.30296332E+000  0.31844263E+000  0.46007078E+000  0.62776830E+000  0.80313291E+000  0.91035875E+000  0.12870709E+001  0.18866822E+001  0.26302309E+001  0.40996712E+001  0.58392453E+001
  0.30296311E+000  0.31844256E+000  0.46007078E+000  0.62776830E+000  0.80313258E+000  0.91035794E+000  0.12870709E+001  0.18866811E+001  0.26302305E+001  0.40996694E+001  0.58392386E+001
  0.30296290E+000  0.31844249E+000  0.46007078E+000  0.62776830E+000  0.80313224E+000  0.91035713E+000  0.12870709E+001  0.18866799E+001  0.26302301E+001  0.40996676E+001  0.58392318E+001
  0.30296268E+000  0.31844242E+000  0.46007078E+000  0.62776830E+000  0.80313189E+000  0.91035630E+000  0.12870709E+001  0.18866787E+001  0.26302299E+001  0.40996658E+001  0.58392251E+001
  0.30296246E+000  0.31844235E+000  0.46007078E+000  0.62776830E+000  0.80313155E+000  0.91035547E+000  0.12870709E+001  0.18866775E+001  0.26302296E+001  0.40996640E+001  0.58392184E+001
  0.30296225E+000  0.31844228E+000  0.46007078E+000  0.62776830E+000  0.80313120E+000  0.91035465E+000  0.12870709E+001  0.18866763E+001  0.26302294E+001  0.40996622E+001  0.58392117E+001
  0.30296203E+000  0.31844221E+000  0.46007078E+000  0.62776830E+000  0.80313085E+000  0.91035382E+000  0.12870709E+001  0.18866751E+001  0.26302294E+001  0.40996604E+001  0.58392051E+001
  0.30296181E+000  0.31844214E+000  0.46007078E+000  0.62776830E+000  0.80313050E+000  0.91035300E+000  0.12870709E+001  0.18866739E+001  0.26302294E+001  0.40996586E+001  0.58391987E+001
  0.30296160E+000  0.31844207E+000  0.46007078E+000  0.62776830E+000  0.80313016E+000  0.91035220E+000  0.12870709E+001  0.18866728E+001  0.26302295E+001  0.40996569E+001  0.58391923E+001
  0.30296139E+000  0.31844201E+000  0.46007078E+000  0.62776830E+000  0.80312983E+000  0.91035141E+000  0.12870709E+001  0.18866717E+001  0.26302298E+001  0.40996553E+001  0.58391862E+001
  0.30296118E+000  0.31844194E+000  0.46007078E+000  0.62776830E+000  0.80312950E+000  0.91035064E+000  0.12870709E+001  0.18866707E+001  0.26302303E+001  0.40996536E+001  0.58391802E+001
  0.30296099E+000  0.31844188E+000  0.46007078E+000  0.62776830E+000  0.80312919E+000  0.91034989E+000  0.12870709E+001  0.18866697E+001  0.26302309E+001  0.40996521E+001  0.58391745E+001
  0.30296080E+000  0.31844182E+000  0.46007078E+000  0.62776830E+000  0.80312888E+000  0.91034916E+000  0.12870709E+001  0.18866689E+001  0.26302317E+001  0.40996506E+001  0.58391690E+001
  0.30296061E+000  0.31844176E+000  0.46007078E+000  0.62776830E+000  0.80312859E+000  0.91034847E+000  0.12870709E+001  0.18866681E+001  0.26302327E+001  0.40996492E+001  0.58391637E+001
  0.30296044E+000  0.31844170E+000  0.46007078E+000  0.62776830E+000  0.80312832E+000  0.91034780E+000  0.12870709E+001  0.18866674E+001  0.26302338E+001  0.40996479E+001  0.58391588E+001
  0.30296027E+000  0.31844165E+000  0.46007078E+000  0.62776830E+000  0.80312805E+000  0.91034717E+000  0.12870709E+001  0.18866669E+001  0.26302352E+001  0.40996467E+001  0.58391541E+001
  0.30296011E+000  0.31844160E+000  0.46007078E+000  0.62776830E+000  0.80312781E+000  0.91034657E+000  0.12870709E+001  0.18866664E+001  0.26302367E+001  0.40996455E+001  0.58391496E+001
  0.30295996E+000  0.31844155E+000  0.46007078E+000  0.62776830E+000  0.80312757E+000  0.91034600E+000  0.12870709E+001  0.18866661E+001  0.26302384E+001  0.40996444E+001  0.58391455E+001
  0.30295982E+000  0.31844151E+000  0.46007078E+000  0.62776830E+000  0.80312736E+000  0.91034546E+000  0.12870709E+001  0.18866659E+001  0.26302403E+001  0.40996435E+001  0.58391417E+001
  0.30295970E+000  0.31844147E+000  0.46007078E+000  0.62776830E+000  0.80312716E+000  0.91034497E+000  0.12870709E+001  0.18866658E+001  0.26302424E+001  0.40996426E+001  0.58391382E+001
  0.30295958E+000  0.31844143E+000  0.46007078E+000  0.62776830E+000  0.80312697E+000  0.91034450E+000  0.12870709E+001  0.18866658E+001  0.26302447E+001  0.40996418E+001  0.58391350E+001
  0.30295947E+000  0.31844140E+000  0.46007078E+000  0.62776830E+000  0.80312681E+000  0.91034407E+000  0.12870709E+001  0.18866659E+001  0.26312689E+001  0.40996411E+001  0.58391321E+001
  0.30295936E+000  0.31844136E+000  0.46007078E+000  0.62776830E+000  0.80312665E+000  0.91034368E+000  0.12870709E+001  0.18866662E+001  0.26313107E+001  0.40996405E+001  0.58391294E+001
  0.30295927E+000  0.31844134E+000  0.46007078E+000  0.62776830E+000  0.80312652E+000  0.91034331E+000  0.12870709E+001  0.18866666E+001  0.26313107E+001  0.40996399E+001  0.58391271E+001
  0.30295919E+000  0.31844131E+000  0.46007078E+000  0.62776830E+000  0.80312639E+000  0.91034298E+000  0.12870709E+001  0.18866671E+001  0.26313110E+001  0.40996395E+001  0.58391250E+001
  0.30295912E+000  0.31844128E+000  0.46007078E+000  0.62776830E+000  0.80312628E+000  0.91034268E+000  0.12870709E+001  0.18866677E+001  0.26313114E+001  0.40996391E+001  0.58391232E+001
  0.30295905E+000  0.31844126E+000  0.46007078E+000  0.62776830E+000  0.80312619E+000  0.91034241E+000  0.12870709E+001  0.18866684E+001  0.26313120E+001  0.40996388E+001  0.58391216E+001
  0.30295899E+000  0.31844124E+000  0.46007078E+000  0.62776830E+000  0.80312611E+000  0.91034217E+000  0.12870709E+001  0.18866692E+001  0.26313127E+001  0.40996386E+001  0.58391203E+001
  0.30295894E+000  0.31844123E+000  0.46007078E+000  0.62776830E+000  0.80312604E+000  0.91034196E+000  0.12870709E+001  0.18866701E+001  0.26313136E+001  0.40996384E+001  0.58391193E+001
  0.30295890E+000  0.31844121E+000  0.46007078E+000  0.62776830E+000  0.80312598E+000  0.91034177E+000  0.12870709E+001  0.18866711E+001  0.26313146E+001  0.40996383E+001  0.58391184E+001
  0.30295886E+000  0.31844120E+000  0.46007078E+000  0.62776830E+000  0.80312593E+000  0.91034160E+000  0.12870709E+001  0.18866721E+001  0.26313158E+001  0.40996383E+001  0.58391178E+001
  0.30295883E+000  0.31844119E+000  0.46007078E+000  0.62776830E+000  0.80312589E+000  0.91034146E+000  0.12870709E+001  0.18866733E+001  0.26313170E+001  0.40996383E+001  0.58391174E+001
  0.30295880E+000  0.31844118E+000  0.46007078E+000  0.62776830E+000  0.80312586E+000  0.91034133E+000  0.12870709E+001  0.18866745E+001  0.26313184E+001  0.40996384E+001  0.58391171E+001
  0.30295878E+000  0.31844117E+000  0.46007078E+000  0.62776830E+000  0.80312584E+000  0.91034123E+000  0.12870709E+001  0.18866758E+001  0.26313199E+001  0.40996385E+001  0.58391170E+001
  0.30295876E+000  0.31844116E+000  0.46007078E+000  0.62776830E+000  0.80312583E+000  0.91034114E+000  0.12870709E+001  0.18866772E+001  0.26313214E+001  0.40996387E+001  0.58391171E+001
  0.30295875E+000  0.31844116E+000  0.46007078E+000  0.62776830E+000  0.80312582E+000  0.91034107E+000  0.12870709E+001  0.18866787E+001  0.26313231E+001  0.40996389E+001  0.58391174E+001
  0.30295874E+000  0.31844115E+000  0.46007078E+000  0.62776830E+000  0.80312582E+000  0.91034101E+000  0.12870709E+001  0.18866802E+001  0.26313248E+001  0.40996391E+001  0.58391177E+001
  0.30295873E+000  0.31844115E+000  0.46007078E+000  0.62776830E+000  0.80312583E+000  0.91034096E+000  0.12870709E+001  0.18866817E+001  0.26313266E+001  0.40996394E+001  0.58391183E+001
  0.30295873E+000  0.31844115E+000  0.46007078E+000  0.62776830E+000  0.80312584E+000  0.91034092E+000  0.12870709E+001  0.18866833E+001  0.26313285E+001  0.40996397E+001  0.58391189E+001
  0.30295873E+000  0.31844114E+000  0.46007078E+000  0.62776830E+000  0.80312586E+000  0.91034090E+000  0.12870709E+001  0.18866849E+001  0.26313304E+001  0.40996401E+001  0.58391197E+001
  0.30295873E+000  0.31844114E+000  0.46007078E+000  0.62776830E+000  0.80312587E+000  0.91034088E+000  0.12870709E+001  0.18866866E+001  0.26313324E+001  0.40996405E+001  0.58391205E+001
  0.30295873E+000  0.31844114E+000  0.46007078E+000  0.62776830E+000  0.80312590E+000  0.91034087E+000  0.12870709E+001  0.18866883E+001  0.26313344E+001  0.40996409E+001  0.58391215E+001
  0.30295874E+000  0.31844114E+000  0.46007078E+000  0.62776830E+000  0.80312592E+000  0.91034086E+000  0.12870709E+001  0.18866901E+001  0.26313365E+001  0.40996413E+001  0.58391226E+001
  0.30295875E+000  0.31844114E+000  0.46007078E+000  0.62776830E+000  0.80312595E+000  0.91034086E+000  0.12870709E+001  0.18866919E+001  0.26313386E+001  0.40996417E+001  0.58391237E+001
  0.30295875E+000  0.31844114E+000  0.46007078E+000  0.62776830E+000  0.80312598E+000  0.91034087E+000  0.12870709E+001  0.18866937E+001  0.26313407E+001  0.40996422E+001  0.58391250E+001
  0.30295876E+000  0.31844114E+000  0.46007078E+000  0.62776830E+000  0.80312601E+000  0.91034087E+000  0.12870709E+001  0.18866955E+001  0.26313429E+001  0.40996427E+001  0.58391263E+001
  0.30295877E+000  0.31844114E+000  0.46007078E+000  0.62776830E+000  0.80312604E+000  0.91034088E+000  0.12870709E+001  0.18866973E+001  0.26313451E+001  0.40996431E+001  0.58391277E+001
  0.30295878E+000  0.31844114E+000  0.46007078E+000  0.62776830E+000  0.80312607E+000  0.91034090E+000  0.12870709E+001  0.18866992E+001  0.26313473E+001  0.40996436E+001  0.58391292E+001
  0.30295879E+000  0.31844114E+000  0.46007078E+000  0.62776830E+000  0.80312611E+000  0.91034091E+000  0.12870709E+001  0.18867011E+001  0.26313496E+001  0.40996442E+001  0.58391308E+001
  0.30295880E+000  0.31844115E+000  0.46007078E+000  0.62776830E+000  0.80312614E+000  0.91034093E+000  0.12870709E+001  0.18867030E+001  0.26313518E+001  0.40996447E+001  0.58391324E+001
  0.30295881E+000  0.31844115E+000  0.46007078E+000  0.62776830E+000  0.80312618E+000  0.91034094E+000  0.12870709E+001  0.18867049E+001  0.26313541E+001  0.40996452E+001  0.58391341E+001
  0.30295881E+000  0.31844115E+000  0.46007078E+000  0.62776830E+000  0.80312621E+000  0.91034096E+000  0.12870709E+001  0.18867068E+001  0.26313564E+001  0.40996458E+001  0.58391359E+001
  0.30295882E+000  0.31844115E+000  0.46007078E+000  0.62776830E+000  0.80312624E+000  0.91034097E+000  0.12870709E+001  0.18867087E+001  0.26313587E+001  0.40996463E+001  0.58391377E+001
  0.30295883E+000  0.31844115E+000  0.46007078E+000  0.62776830E+000  0.80312628E+000  0.91034099E+000  0.12870709E+001  0.18867106E+001  0.26313611E+001  0.40996469E+001  0.58391396E+001
  0.30295884E+000  0.31844115E+000  0.46007078E+000  0.62776830E+000  0.80312631E+000  0.91034100E+000  0.12870709E+001  0.18867126E+001  0.26313634E+001  0.40996475E+001  0.58391416E+001
  0.30295885E+000  0.31844115E+000  0.46007078E+000  0.62776830E+000  0.80312634E+000  0.91034101E+000  0.12870709E+001  0.18867145E+001  0.26313658E+001  0.40996480E+001  0.58391436E+001
  0.30295886E+000  0.31844115E+000  0.46007078E+000  0.62776830E+000  0.80312637E+000  0.91034102E+000  0.12870709E+001  0.18867164E+001  0.26313682E+001  0.40996486E+001  0.58391457E+001
  0.30295886E+000  0.31844115E+000  0.46007078E+000  0.62776830E+000  0.80312641E+000  0.91034104E+000  0.12870709E+001  0.18867184E+001  0.26313705E+001  0.40996492E+001  0.58391479E+001
  0.30295887E+000  0.31844115E+000  0.46007078E+000  0.62776830E+000  0.80312644E+000  0.91034104E+000  0.12870709E+001  0.18867203E+001  0.26313729E+001  0.40996498E+001  0.58391501E+001
  0.30295888E+000  0.31844115E+000  0.46007078E+000  0.62776830E+000  0.80312646E+000  0.91034105E+000  0.12870709E+001  0.18867222E+001  0.26313753E+001  0.40996504E+001  0.58391524E+001
  0.30295888E+000  0.31844115E+000  0.46007078E+000  0.62776830E+000  0.80312649E+000  0.91034106E+000  0.12870709E+001  0.18867241E+001  0.26313777E+001  0.40996510E+001  0.58391548E+001
  0.30295889E+000  0.31844115E+000  0.46007078E+000  0.62776830E+000  0.80312652E+000  0.91034106E+000  0.12870709E+001  0.18867261E+001  0.26313801E+001  0.40996516E+001  0.58391572E+001
  0.30295889E+000  0.31844115E+000  0.46007078E+000  0.62776830E+000  0.80312655E+000  0.91034107E+000  0.12870709E+001  0.18867280E+001  0.26313825E+001  0.40996522E+001  0.58391597E+001
  0.30295890E+000  0.31844115E+000  0.46007078E+000  0.62776830E+000  0.80312657E+000  0.91034107E+000  0.12870709E+001  0.18867299E+001  0.26313849E+001  0.40996528E+001  0.58391623E+001
  0.30295890E+000  0.31844115E+000  0.46007078E+000  0.62776830E+000  0.80312660E+000  0.91034107E+000  0.12870709E+001  0.18867318E+001  0.26313873E+001  0.40996534E+001  0.58391649E+001
  0.30295891E+000  0.31844115E+000  0.46007078E+000  0.62776830E+000  0.80312662E+000  0.91034107E+000  0.12870709E+001  0.18867337E+001  0.26313897E+001  0.40996541E+001  0.58391676E+001
  0.30295891E+000  0.31844115E+000  0.46007078E+000  0.62776830E+000  0.80312664E+000  0.91034106E+000  0.12870709E+001  0.18867356E+001  0.26313921E+001  0.40996547E+001  0.58391703E+001
  0.30295891E+000  0.31844115E+000  0.46007078E+000  0.62776830E+000  0.80312666E+000  0.91034106E+000  0.12870709E+001  0.18867374E+001  0.26313944E+001  0.40996553E+001  0.58391731E+001
  0.30295891E+000  0.31844115E+000  0.46007078E+000  0.62776830E+000  0.80312668E+000  0.91034106E+000  0.12870709E+001  0.18867393E+001  0.26313968E+001  0.40996559E+001  0.58391760E+001
  0.30295892E+000  0.31844115E+000  0.46007078E+000  0.62776830E+000  0.80312670E+000  0.91034105E+000  0.12870709E+001  0.18867411E+001  0.26313992E+001  0.40996566E+001  0.58391789E+001
  0.30295892E+000  0.31844115E+000  0.46007078E+000  0.62776830E+000  0.80312672E+000  0.91034104E+000  0.12870709E+001  0.18867430E+001  0.26314016E+001  0.40996572E+001  0.58391819E+001
  0.30295892E+000  0.31844114E+000  0.46007078E+000  0.62776830E+000  0.80312674E+000  0.91034103E+000  0.12870709E+001  0.18867448E+001  0.26314040E+001  0.40996578E+001  0.58391849E+001
  0.30295892E+000  0.31844114E+000  0.46007078E+000  0.62776830E+000  0.80312676E+000  0.91034102E+000  0.12870709E+001  0.18867466E+001  0.26314064E+001  0.40996585E+001  0.58391879E+001
  0.30295892E+000  0.31844114E+000  0.46007078E+000  0.62776830E+000  0.80312677E+000  0.91034101E+000  0.12870709E+001  0.18867484E+001  0.26314087E+001  0.40996591E+001  0.58391911E+001
  0.30295892E+000  0.31844114E+000  0.46007078E+000  0.62776830E+000  0.80312679E+000  0.91034100E+000  0.12870709E+001  0.18867501E+001  0.26314111E+001  0.40996597E+001  0.58391942E+001
  0.30295892E+000  0.31844114E+000  0.46007078E+000  0.62776830E+000  0.80312680E+000  0.91034099E+000  0.12870709E+001  0.18867519E+001  0.26314134E+001  0.40996604E+001  0.58391974E+001
  0.30295892E+000  0.31844114E+000  0.46007078E+000  0.62776830E+000  0.80312682E+000  0.91034097E+000  0.12870709E+001  0.18867536E+001  0.26314158E+001  0.40996610E+001  0.58392007E+001
  0.30295892E+000  0.31844114E+000  0.46007078E+000  0.62776830E+000  0.80312683E+000  0.91034096E+000  0.12870709E+001  0.18867553E+001  0.26314181E+001  0.40996616E+001  0.58392040E+001
  0.30295891E+000  0.31844113E+000  0.46007078E+000  0.62776830E+000  0.80312684E+000  0.91034095E+000  0.12870709E+001  0.18867570E+001  0.26314204E+001  0.40996623E+001  0.58392073E+001
  0.30295891E+000  0.31844113E+000  0.46007078E+000  0.62776830E+000  0.80312685E+000  0.91034093E+000  0.12870709E+001  0.18867587E+001  0.26314227E+001  0.40996629E+001  0.58392106E+001
  0.30295891E+000  0.31844113E+000  0.46007078E+000  0.62776830E+000  0.80312687E+000  0.91034091E+000  0.12870709E+001  0.18867603E+001  0.26314250E+001  0.40996635E+001  0.58392140E+001
  0.30295891E+000  0.31844113E+000  0.46007078E+000  0.62776830E+000  0.80312688E+000  0.91034090E+000  0.12870709E+001  0.18867620E+001  0.26314273E+001  0.40996642E+001  0.58392174E+001
  0.30295891E+000  0.31844113E+000  0.46007078E+000  0.62776830E+000  0.80312689E+000  0.91034088E+000  0.12870709E+001  0.18867636E+001  0.26314295E+001  0.40996648E+001  0.58392209E+001
  0.30295891E+000  0.31844113E+000  0.46007078E+000  0.62776830E+000  0.80312689E+000  0.91034086E+000  0.12870709E+001  0.18867651E+001  0.26314317E+001  0.40996654E+001  0.58392244E+001
  0.30295890E+000  0.31844112E+000  0.46007078E+000  0.62776830E+000  0.80312690E+000  0.91034085E+000  0.12870709E+001  0.18867667E+001  0.26314340E+001  0.40996661E+001  0.58392278E+001
  0.30295890E+000  0.31844112E+000  0.46007078E+000  0.62776830E+000  0.80312691E+000  0.91034083E+000  0.12870709E+001  0.18867682E+001  0.26314362E+001  0.40996667E+001  0.58392313E+001
  0.30295890E+000  0.31844112E+000  0.46007078E+000  0.62776830E+000  0.80312692E+000  0.91034081E+000  0.12870709E+001  0.18868459E+001  0.26314384E+001  0.40996673E+001  0.58392349E+001
  0.30295890E+000  0.31844112E+000  0.46007078E+000  0.62776830E+000  0.80312693E+000  0.91034079E+000  0.12870709E+001  0.18876365E+001  0.26314405E+001  0.40996679E+001  0.58392384E+001
  0.30295889E+000  0.31844112E+000  0.46007078E+000  0.62776830E+000  0.80312693E+000  0.91034077E+000  0.12870709E+001  0.18876404E+001  0.26314427E+001  0.40996685E+001  0.58392419E+001
  0.30295889E+000  0.31844111E+000  0.46007078E+000  0.62776830E+000  0.80312694E+000  0.91034076E+000  0.12870709E+001  0.18876441E+001  0.26314448E+001  0.40996692E+001  0.58392455E+001
  0.30295889E+000  0.31844111E+000  0.46007078E+000  0.62776830E+000  0.80312695E+000  0.91034074E+000  0.12870709E+001  0.18876479E+001  0.26314469E+001  0.40996698E+001  0.58392491E+001
  0.30295888E+000  0.31844111E+000  0.46007078E+000  0.62776830E+000  0.80312695E+000  0.91034072E+000  0.12870709E+001  0.18876515E+001  0.26314489E+001  0.40996704E+001  0.58392526E+001
  0.30295888E+000  0.31844111E+000  0.46007078E+000  0.62776830E+000  0.80312696E+000  0.91034070E+000  0.12870709E+001  0.18876551E+001  0.26314510E+001  0.40996710E+001  0.58392562E+001
  0.30295888E+000  0.31844111E+000  0.46007078E+000  0.62776830E+000  0.80312696E+000  0.91034069E+000  0.12870709E+001  0.18876586E+001  0.26314530E+001  0.40996716E+001  0.58392597E+001
  0.30295888E+000  0.31844111E+000  0.46007078E+000  0.62776830E+000  0.80312697E+000  0.91034067E+000  0.12870709E+001  0.18876621E+001  0.26314570E+001  0.40996722E+001  0.58392633E+001
  0.30295887E+000  0.31844110E+000  0.46007078E+000  0.62776830E+000  0.80312697E+000  0.91034065E+000  0.12870709E+001  0.18876654E+001  0.26314669E+001  0.40996728E+001  0.58392668E+001
  0.30295887E+000  0.31844110E+000  0.46007078E+000  0.62776830E+000  0.80312698E+000  0.91034064E+000  0.12870709E+001  0.18876688E+001  0.26314715E+001  0.40996733E+001  0.58392703E+001
  0.30295887E+000  0.31844110E+000  0.46007078E+000  0.62776830E+000  0.80312698E+000  0.91034062E+000  0.12870709E+001  0.18876720E+001  0.26314760E+001  0.40996739E+001  0.58392739E+001
  0.30295886E+000  0.31844110E+000  0.46007078E+000  0.62776830E+000  0.80312699E+000  0.91034061E+000  0.12870709E+001  0.18876752E+001  0.26314804E+001  0.40996745E+001  0.58392774E+001
  0.30295886E+000  0.31844110E+000  0.46007078E+000  0.62776830E+000  0.80312699E+000  0.91034059E+000  0.12870709E+001  0.18876783E+001  0.26314847E+001  0.40996751E+001  0.58392808E+001
  0.30295886E+000  0.31844110E+000  0.46007078E+000  0.62776830E+000  0.80312699E+000  0.91034058E+000  0.12870709E+001  0.18876814E+001  0.26314890E+001  0.40996756E+001  0.58392843E+001
  0.30295886E+000  0.31844110E+000  0.46007078E+000  0.62776830E+000  0.80312700E+000  0.91034056E+000  0.12870709E+001  0.18876844E+001  0.26314932E+001  0.40996762E+001  0.58392878E+001
  0.30295885E+000  0.31844109E+000  0.46007078E+000  0.62776830E+000  0.80312700E+000  0.91034055E+000  0.12870709E+001  0.18876873E+001  0.26314973E+001  0.40996767E+001  0.58392912E+001
  0.30295885E+000  0.31844109E+000  0.46007078E+000  0.62776830E+000  0.80312701E+000  0.91034054E+000  0.12870709E+001  0.18876902E+001  0.26315014E+001  0.40996773E+001  0.58392946E+001
  0.30295885E+000  0.31844109E+000  0.46007078E+000  0.62776830E+000  0.80312701E+000  0.91034053E+000  0.12870709E+001  0.18876930E+001  0.26315054E+001  0.40996778E+001  0.58392979E+001
  0.30295885E+000  0.31844109E+000  0.46007078E+000  0.62776830E+000  0.80312701E+000  0.91034051E+000  0.12870709E+001  0.18876957E+001  0.26315093E+001  0.40996783E+001  0.58393013E+001
  0.30295885E+000  0.31844109E+000  0.46007078E+000  0.62776830E+000  0.80312702E+000  0.91034050E+000  0.12870709E+001  0.18876984E+001  0.26315131E+001  0.40996789E+001  0.58393046E+001
  0.30295885E+000  0.31844109E+000  0.46007078E+000  0.62776830E+000  0.80312702E+000  0.91034049E+000  0.12870709E+001  0.18877010E+001  0.26315169E+001  0.40996794E+001  0.58393079E+001
  0.30295884E+000  0.31844109E+000  0.46007078E+000  0.62776830E+000  0.80312702E+000  0.91034048E+000  0.12870709E+001  0.18877035E+001  0.26315206E+001  0.40996799E+001  0.58393111E+001
  0.30295884E+000  0.31844109E+000  0.46007078E+000  0.62776830E+000  0.80312703E+000  0.91034047E+000  0.12870709E+001  0.18877060E+001  0.26315242E+001  0.40996804E+001  0.58393143E+001
  0.30295884E+000  0.31844109E+000  0.46007078E+000  0.62776830E+000  0.80312703E+000  0.91034047E+000  0.12870709E+001  0.18877084E+001  0.26315277E+001  0.40996809E+001  0.58393175E+001
  0.30295884E+000  0.31844109E+000  0.46007078E+000  0.62776830E+000  0.80312704E+000  0.91034046E+000  0.12870709E+001  0.18877107E+001  0.26315312E+001  0.40996814E+001  0.58393206E+001
  0.30295884E+000  0.31844109E+000  0.46007078E+000  0.62776830E+000  0.80312704E+000  0.91034045E+000  0.12870709E+001  0.18877130E+001  0.26315346E+001  0.40996819E+001  0.58393237E+001
  0.30295884E+000  0.31844108E+000  0.46007078E+000  0.62776830E+000  0.80312704E+000  0.91034044E+000  0.12870709E+001  0.18877152E+001  0.26315379E+001  0.40996823E+001  0.58393268E+001
  0.30295884E+000  0.31844108E+000  0.46007078E+000  0.62776830E+000  0.80312705E+000  0.91034044E+000  0.12870709E+001  0.18877174E+001  0.26315411E+001  0.40996828E+001  0.58393298E+001
  0.30295884E+000  0.31844108E+000  0.46007078E+000  0.62776830E+000  0.80312705E+000  0.91034043E+000  0.12870709E+001  0.18877195E+001  0.26315443E+001  0.40996832E+001  0.58393328E+001
  0.30295884E+000  0.31844108E+000  0.46007078E+000  0.62776830E+000  0.80312706E+000  0.91034043E+000  0.12870709E+001  0.18877215E+001  0.26315474E+001  0.40996837E+001  0.58393357E+001
  0.30295884E+000  0.31844108E+000  0.46007078E+000  0.62776830E+000  0.80312706E+000  0.91034043E+000  0.12870709E+001  0.18877235E+001  0.26315504E+001  0.40996841E+001  0.58393386E+001
  0.30295884E+000  0.31844108E+000  0.46007078E+000  0.62776830E+000  0.80312706E+000  0.91034042E+000  0.12870709E+001  0.18877254E+001  0.26315533E+001  0.40996846E+001  0.58393414E+001
  0.30295884E+000  0.31844108E+000  0.46007078E+000  0.62776830E+000  0.80312707E+000  0.91034042E+000  0.12870709E+001  0.18877273E+001  0.26315562E+001  0.40996850E+001  0.58393442E+001
  0.30295884E+000  0.31844108E+000  0.46007078E+000  0.62776830E+000  0.80312707E+000  0.91034042E+000  0.12870709E+001  0.18877291E+001  0.26315589E+001  0.40996854E+001  0.58393470E+001
  0.30295884E+000  0.31844108E+000  0.46007078E+000  0.62776830E+000  0.80312708E+000  0.91034042E+000  0.12870709E+001  0.18877309E+001  0.26315617E+001  0.40996858E+001  0.58393497E+001
  0.30295884E+000  0.31844108E+000  0.46007078E+000  0.62776830E+000  0.80312708E+000  0.91034041E+000  0.12870709E+001  0.18877326E+001  0.26315643E+001  0.40996862E+001  0.58393523E+001
  0.30295884E+000  0.31844108E+000  0.46007078E+000  0.62776830E+000  0.80312709E+000  0.91034041E+000  0.12870709E+001  0.18877342E+001  0.26315669E+001  0.40996866E+001  0.58393549E+001
  0.30295884E+000  0.31844108E+000  0.46007078E+000  0.62776830E+000  0.80312709E+000  0.91034041E+000  0.12870709E+001  0.18877358E+001  0.26315694E+001  0.40996870E+001  0.58393575E+001
  0.30295884E+000  0.31844108E+000  0.46007078E+000  0.62776830E+000  0.80312709E+000  0.91034041E+000  0.12870709E+001  0.18877374E+001  0.26315718E+001  0.40996873E+001  0.58393600E+001
  0.30295884E+000  0.31844108E+000  0.46007078E+000  0.62776830E+000  0.80312710E+000  0.91034041E+000  0.12870709E+001  0.18877388E+001  0.26315741E+001  0.40996877E+001  0.58393624E+001
  0.30295884E+000  0.31844108E+000  0.46007078E+000  0.62776830E+000  0.80312710E+000  0.91034042E+000  0.12870709E+001  0.18877403E+001  0.26315764E+001  0.40996881E+001  0.58393648E+001
  0.30295884E+000  0.31844108E+000  0.46007078E+000  0.62776830E+000  0.80312711E+000  0.91034042E+000  0.12870709E+001  0.18877417E+001  0.26315787E+001  0.40996884E+001  0.58393672E+001
  0.30295884E+000  0.31844108E+000  0.46007078E+000  0.62776830E+000  0.80312711E+000  0.91034042E+000  0.12870709E+001  0.18877430E+001  0.26315808E+001  0.40996887E+001  0.58393694E+001
  0.30295884E+000  0.31844108E+000  0.46007078E+000  0.62776830E+000  0.80312712E+000  0.91034042E+000  0.12870709E+001  0.18877443E+001  0.26315829E+001  0.40996891E+001  0.58393717E+001
  0.30295884E+000  0.31844108E+000  0.46007078E+000  0.62776830E+000  0.80312712E+000  0.91034042E+000  0.12870709E+001  0.18877456E+001  0.26315849E+001  0.40996894E+001  0.58393739E+001
  0.30295885E+000  0.31844108E+000  0.46007078E+000  0.62776830E+000  0.80312712E+000  0.91034043E+000  0.12870709E+001  0.18877468E+001  0.26315869E+001  0.40996897E+001  0.58393760E+001
  0.30295885E+000  0.31844108E+000  0.46007078E+000  0.62776830E+000  0.80312713E+000  0.91034043E+000  0.12870709E+001  0.18877479E+001  0.26315888E+001  0.40996900E+001  0.58393781E+001
  0.30295885E+000  0.31844108E+000  0.46007078E+000  0.62776830E+000  0.80312713E+000  0.91034043E+000  0.12870709E+001  0.18877491E+001  0.26315906E+001  0.40996903E+001  0.58393802E+001
  0.30295885E+000  0.31844108E+000  0.46007078E+000  0.62776830E+000  0.80312714E+000  0.91034044E+000  0.12870709E+001  0.18877501E+001  0.26315924E+001  0.40996906E+001  0.58393822E+001
  0.30295885E+000  0.31844108E+000  0.46007078E+000  0.62776830E+000  0.80312714E+000  0.91034044E+000  0.12870709E+001  0.18877512E+001  0.26315941E+001  0.40996909E+001  0.58393841E+001
  0.30295885E+000  0.31844108E+000  0.46007078E+000  0.62776830E+000  0.80312715E+000  0.91034044E+000  0.12870709E+001  0.18877522E+001  0.26315958E+001  0.40996911E+001  0.58393860E+001
  0.30295885E+000  0.31844108E+000  0.46007078E+000  0.62776830E+000  0.80312715E+000  0.91034045E+000  0.12870709E+001  0.18877531E+001  0.26315974E+001  0.40996914E+001  0.58393879E+001
  0.30295885E+000  0.31844108E+000  0.46007078E+000  0.62776830E+000  0.80312715E+000  0.91034045E+000  0.12870709E+001  0.18877541E+001  0.26315990E+001  0.40996917E+001  0.58393897E+001
  0.30295886E+000  0.31844108E+000  0.46007078E+000  0.62776830E+000  0.80312716E+000  0.91034045E+000  0.12870709E+001  0.18877550E+001  0.26316005E+001  0.40996919E+001  0.58393914E+001
  0.30295886E+000  0.31844109E+000  0.46007078E+000  0.62776830E+000  0.80312716E+000  0.91034046E+000  0.12870709E+001  0.18877558E+001  0.26316019E+001  0.40996922E+001  0.58393931E+001
  0.30295886E+000  0.31844109E+000  0.46007078E+000  0.62776830E+000  0.80312717E+000  0.91034046E+000  0.12870709E+001  0.18877566E+001  0.26316033E+001  0.40996924E+001  0.58393948E+001
  0.30295886E+000  0.31844109E+000  0.46007078E+000  0.62776830E+000  0.80312717E+000  0.91034047E+000  0.12870709E+001  0.18877574E+001  0.26316046E+001  0.40996926E+001  0.58393964E+001
  0.30295886E+000  0.31844109E+000  0.46007078E+000  0.62776830E+000  0.80312717E+000  0.91034047E+000  0.12870709E+001  0.18877582E+001  0.26316059E+001  0.40996928E+001  0.58393980E+001
  0.30295886E+000  0.31844109E+000  0.46007078E+000  0.62776830E+000  0.80312718E+000  0.91034048E+000  0.12870709E+001  0.18877589E+001  0.26316072E+001  0.40996931E+001  0.58393995E+001
  0.30295887E+000  0.31844109E+000  0.46007078E+000  0.62776830E+000  0.80312718E+000  0.91034048E+000  0.12870709E+001  0.18877596E+001  0.26316084E+001  0.40996933E+001  0.58394011E+001
  0.30295887E+000  0.31844109E+000  0.46007078E+000  0.62776830E+000  0.80312720E+000  0.91034049E+000  0.12870709E+001  0.18877603E+001  0.26316095E+001  0.40996935E+001  0.58394026E+001
  0.30295888E+000  0.31844109E+000  0.46007078E+000  0.62776830E+000  0.80312721E+000  0.91034055E+000  0.12870709E+001  0.18877610E+001  0.26316108E+001  0.40996937E+001  0.58394041E+001
