  0.57911736E+000  0.31482306E+000  0.23544658E+001  0.38869520E+002
  0.57914365E+000  0.31495501E+000  0.23543291E+001  0.38869600E+002
  0.57915204E+000  0.31496253E+000  0.23543353E+001  0.38869671E+002
  0.57915884E+000  0.31495086E+000  0.23543618E+001  0.38869731E+002
  0.57916442E+000  0.31493695E+000  0.23543910E+001  0.38869780E+002
  0.57916898E+000  0.31492377E+000  0.23544196E+001  0.38869821E+002
  0.57917271E+000  0.31491195E+000  0.23544466E+001  0.38869854E+002
  0.57917573E+000  0.31490148E+000  0.23544721E+001  0.38869881E+002
  0.57917816E+000  0.31489230E+000  0.23544959E+001  0.38869902E+002
  0.57918008E+000  0.31488426E+000  0.23545181E+001  0.38869920E+002
  0.57918158E+000  0.31488014E+000  0.23545359E+001  0.38869933E+002
  0.57918273E+000  0.31487401E+000  0.23545552E+001  0.38869944E+002
  0.57918358E+000  0.31486865E+000  0.23545733E+001  0.38869952E+002
  0.57918418E+000  0.31486397E+000  0.23545902E+001  0.38869957E+002
  0.57918458E+000  0.31485987E+000  0.23546059E+001  0.38869961E+002
  0.57918481E+000  0.31485627E+000  0.23546207E+001  0.38869964E+002
  0.57918489E+000  0.31485311E+000  0.23546345E+001  0.38869965E+002
  0.57918486E+000  0.31485033E+000  0.23546475E+001  0.38869965E+002
  0.57918473E+000  0.31484786E+000  0.23546596E+001  0.38869965E+002
  0.57918451E+000  0.31484568E+000  0.23546710E+001  0.38869963E+002
  0.57918423E+000  0.31484375E+000  0.23546818E+001  0.38869962E+002
  0.57918388E+000  0.31484202E+000  0.23587895E+001  0.38865862E+002
  0.57918350E+000  0.31484048E+000  0.23587989E+001  0.38865859E+002
  0.57918307E+000  0.31483909E+000  0.23588078E+001  0.38865857E+002
  0.57918261E+000  0.31483784E+000  0.23588161E+001  0.38865854E+002
  0.57918213E+000  0.31483671E+000  0.23588239E+001  0.38865851E+002
  0.57918163E+000  0.31483569E+000  0.23588312E+001  0.38865848E+002
  0.57918111E+000  0.31483475E+000  0.23588380E+001  0.38865845E+002
  0.57918057E+000  0.31483390E+000  0.23588444E+001  0.38865842E+002
  0.57918003E+000  0.31483312E+000  0.23588504E+001  0.38865839E+002
  0.57917948E+000  0.31483239E+000  0.23588559E+001  0.38865836E+002
  0.57917892E+000  0.31483173E+000  0.23588610E+001  0.38865833E+002
  0.57917836E+000  0.31483111E+000  0.23588657E+001  0.38865830E+002
  0.57917779E+000  0.31483054E+000  0.23588700E+001  0.38865827E+002
  0.57917723E+000  0.31483001E+000  0.23588739E+001  0.38865825E+002
  0.57917666E+000  0.31482952E+000  0.23588775E+001  0.38865823E+002
  0.57917609E+000  0.31482906E+000  0.23588807E+001  0.38865820E+002
  0.57917553E+000  0.31482863E+000  0.23588835E+001  0.38865818E+002
  0.57917497E+000  0.31482823E+000  0.23588859E+001  0.38865817E+002
  0.57917441E+000  0.31482785E+000  0.23588880E+001  0.38865815E+002
  0.57917385E+000  0.31482750E+000  0.23588897E+001  0.38865814E+002
  0.57917330E+000  0.31482717E+000  0.23588912E+001  0.38865812E+002
  0.57917274E+000  0.31482686E+000  0.23588923E+001  0.38865811E+002
  0.57917220E+000  0.31482657E+000  0.23588931E+001  0.38865810E+002
  0.57917165E+000  0.31482630E+000  0.23588936E+001  0.38865810E+002
  0.57917111E+000  0.31482605E+000  0.23588938E+001  0.38865809E+002
  0.57917057E+000  0.31482581E+000  0.23588937E+001  0.38865809E+002
  0.57917003E+000  0.31482559E+000  0.23588934E+001  0.38865809E+002
  0.57916949E+000  0.31482537E+000  0.23588929E+001  0.38865809E+002
  0.57916896E+000  0.31482517E+000  0.23588921E+001  0.38865809E+002
  0.57916843E+000  0.31482498E+000  0.23588911E+001  0.38865809E+002
  0.57916789E+000  0.31482479E+000  0.23588900E+001  0.38865809E+002
  0.57916736E+000  0.31482462E+000  0.23588886E+001  0.38865810E+002
  0.57916683E+000  0.31482445E+000  0.23588871E+001  0.38865810E+002
  0.57916629E+000  0.31482428E+000  0.23588854E+001  0.38865811E+002
  0.57916576E+000  0.31482412E+000  0.23588836E+001  0.38865811E+002
  0.57916522E+000  0.31482396E+000  0.23588816E+001  0.38865812E+002
  0.57916468E+000  0.31482381E+000  0.23588795E+001  0.38865813E+002
  0.57916413E+000  0.31482365E+000  0.23588773E+001  0.38865814E+002
  0.57916358E+000  0.31482349E+000  0.23588750E+001  0.38865814E+002
  0.57916303E+000  0.31482334E+000  0.23588726E+001  0.38865815E+002
  0.57916247E+000  0.31482318E+000  0.23588701E+001  0.38865816E+002
  0.57916191E+000  0.31482302E+000  0.23588675E+001  0.38865817E+002
  0.57916135E+000  0.31482286E+000  0.23588649E+001  0.38865818E+002
  0.57916078E+000  0.31482269E+000  0.23588621E+001  0.38865819E+002
  0.57916021E+000  0.31482253E+000  0.23588593E+001  0.38865820E+002
  0.57915963E+000  0.31482236E+000  0.23588563E+001  0.38865821E+002
  0.57915905E+000  0.31482218E+000  0.23588533E+001  0.38865822E+002
  0.57915847E+000  0.31482201E+000  0.23588503E+001  0.38865822E+002
  0.57915789E+000  0.31482183E+000  0.23588471E+001  0.38865823E+002
  0.57915730E+000  0.31482164E+000  0.23588439E+001  0.38865824E+002
  0.57915671E+000  0.31482146E+000  0.23588407E+001  0.38865825E+002
  0.57915613E+000  0.31482127E+000  0.23588373E+001  0.38865826E+002
  0.57915554E+000  0.31482107E+000  0.23588339E+001  0.38865826E+002
  0.57915496E+000  0.31482087E+000  0.23588305E+001  0.38865827E+002
  0.57915437E+000  0.31482067E+000  0.23588269E+001  0.38865828E+002
  0.57915379E+000  0.31482047E+000  0.23588234E+001  0.38865829E+002
  0.57915321E+000  0.31482026E+000  0.23588197E+001  0.38865829E+002
  0.57915264E+000  0.31482005E+000  0.23588161E+001  0.38865830E+002
  0.57915207E+000  0.31481984E+000  0.23588124E+001  0.38865830E+002
  0.57915150E+000  0.31481963E+000  0.23588086E+001  0.38865831E+002
  0.57915094E+000  0.31481941E+000  0.23588048E+001  0.38865832E+002
  0.57915038E+000  0.31481919E+000  0.23588009E+001  0.38865832E+002
  0.57914984E+000  0.31481897E+000  0.23587970E+001  0.38865832E+002
  0.57914929E+000  0.31481875E+000  0.23587931E+001  0.38865833E+002
  0.57914876E+000  0.31481852E+000  0.23587892E+001  0.38865833E+002
  0.57914823E+000  0.31481830E+000  0.23587852E+001  0.38865834E+002
  0.57914771E+000  0.31481807E+000  0.23587812E+001  0.38865834E+002
  0.57914720E+000  0.31481785E+000  0.23587772E+001  0.38865834E+002
  0.57914670E+000  0.31481762E+000  0.23587732E+001  0.38865835E+002
  0.57914620E+000  0.31481739E+000  0.23587691E+001  0.38865835E+002
  0.57914572E+000  0.31481717E+000  0.23587650E+001  0.38865835E+002
  0.57914524E+000  0.31481694E+000  0.23587610E+001  0.38865835E+002
  0.57914478E+000  0.31481672E+000  0.23587569E+001  0.38865835E+002
  0.57914432E+000  0.31481650E+000  0.23587528E+001  0.38865835E+002
  0.57914387E+000  0.31481628E+000  0.23587487E+001  0.38865836E+002
  0.57914344E+000  0.31481606E+000  0.23587446E+001  0.38865836E+002
  0.57914301E+000  0.31481584E+000  0.23587405E+001  0.38865836E+002
  0.57914260E+000  0.31481563E+000  0.23587364E+001  0.38865836E+002
  0.57914219E+000  0.31481542E+000  0.23587324E+001  0.38865836E+002
  0.57914180E+000  0.31481521E+000  0.23587283E+001  0.38865836E+002
  0.57914142E+000  0.31481500E+000  0.23587243E+001  0.38865835E+002
  0.57914104E+000  0.31481480E+000  0.23587203E+001  0.38865835E+002
  0.57914068E+000  0.31481460E+000  0.23587163E+001  0.38865835E+002
  0.57914033E+000  0.31481441E+000  0.23587124E+001  0.38865835E+002
  0.57913999E+000  0.31481422E+000  0.23587084E+001  0.38865835E+002
  0.57913965E+000  0.31481404E+000  0.23587045E+001  0.38865835E+002
  0.57913933E+000  0.31481386E+000  0.23587007E+001  0.38865834E+002
  0.57913902E+000  0.31481368E+000  0.23586969E+001  0.38865834E+002
  0.57913872E+000  0.31481351E+000  0.23586931E+001  0.38865834E+002
  0.57913843E+000  0.31481334E+000  0.23586893E+001  0.38865833E+002
  0.57913815E+000  0.31481318E+000  0.23586857E+001  0.38865833E+002
  0.57913788E+000  0.31481302E+000  0.23586820E+001  0.38865832E+002
  0.57913762E+000  0.31481287E+000  0.23586784E+001  0.38865832E+002
  0.57913737E+000  0.31481272E+000  0.23586749E+001  0.38865831E+002
  0.57913713E+000  0.31481258E+000  0.23586714E+001  0.38865831E+002
  0.57913690E+000  0.31481245E+000  0.23586680E+001  0.38865830E+002
  0.57913668E+000  0.31481231E+000  0.23586646E+001  0.38865829E+002
  0.57913646E+000  0.31481219E+000  0.23586613E+001  0.38865829E+002
  0.57913626E+000  0.31481207E+000  0.23586581E+001  0.38865828E+002
  0.57913606E+000  0.31481195E+000  0.23586549E+001  0.38865827E+002
  0.57913588E+000  0.31481184E+000  0.23586518E+001  0.38865826E+002
  0.57913570E+000  0.31481173E+000  0.23586487E+001  0.38865825E+002
  0.57913553E+000  0.31481163E+000  0.23586457E+001  0.38865824E+002
  0.57913536E+000  0.31481153E+000  0.23586428E+001  0.38865823E+002
  0.57913521E+000  0.31481144E+000  0.23586399E+001  0.38865822E+002
  0.57913506E+000  0.31481135E+000  0.23586372E+001  0.38865820E+002
  0.57913492E+000  0.31481126E+000  0.23586344E+001  0.38865819E+002
  0.57913479E+000  0.31481118E+000  0.23586318E+001  0.38865818E+002
  0.57913466E+000  0.31481111E+000  0.23586292E+001  0.38865816E+002
  0.57913454E+000  0.31481104E+000  0.23586267E+001  0.38865814E+002
  0.57913443E+000  0.31481097E+000  0.23586242E+001  0.38865813E+002
  0.57913432E+000  0.31481090E+000  0.23586219E+001  0.38865811E+002
  0.57913422E+000  0.31481084E+000  0.23586195E+001  0.38865809E+002
  0.57913413E+000  0.31481078E+000  0.23586173E+001  0.38865807E+002
  0.57913404E+000  0.31481073E+000  0.23586151E+001  0.38865806E+002
  0.57913395E+000  0.31481068E+000  0.23586130E+001  0.38865804E+002
  0.57913387E+000  0.31481063E+000  0.23586109E+001  0.38865801E+002
  0.57913380E+000  0.31481059E+000  0.23586090E+001  0.38865799E+002
  0.57913373E+000  0.31481055E+000  0.23586070E+001  0.38865797E+002
  0.57913367E+000  0.31481051E+000  0.23586052E+001  0.38865795E+002
  0.57913360E+000  0.31481047E+000  0.23586034E+001  0.38865792E+002
  0.57913355E+000  0.31481044E+000  0.23586016E+001  0.38865790E+002
  0.57913350E+000  0.31481040E+000  0.23585999E+001  0.38865787E+002
  0.57913345E+000  0.31481038E+000  0.23585983E+001  0.38865784E+002
  0.57913340E+000  0.31481035E+000  0.23585967E+001  0.38865781E+002
  0.57913336E+000  0.31481032E+000  0.23585952E+001  0.38865779E+002
  0.57913332E+000  0.31481030E+000  0.23585937E+001  0.38865776E+002
  0.57913329E+000  0.31481028E+000  0.23585923E+001  0.38865772E+002
  0.57913326E+000  0.31481026E+000  0.23585909E+001  0.38865769E+002
  0.57913323E+000  0.31481024E+000  0.23585896E+001  0.38865766E+002
  0.57913320E+000  0.31481022E+000  0.23585884E+001  0.38865763E+002
  0.57913317E+000  0.31481021E+000  0.23585871E+001  0.38865759E+002
  0.57913315E+000  0.31481019E+000  0.23585860E+001  0.38865756E+002
  0.57913313E+000  0.31481018E+000  0.23585848E+001  0.38865752E+002
  0.57913311E+000  0.31481017E+000  0.23585838E+001  0.38865749E+002
  0.57913310E+000  0.31481016E+000  0.23585827E+001  0.38865745E+002
  0.57913308E+000  0.31481015E+000  0.23585817E+001  0.38865741E+002
  0.57913307E+000  0.31481014E+000  0.23585808E+001  0.38865738E+002
  0.57913306E+000  0.31481013E+000  0.23585798E+001  0.38865734E+002
  0.57913305E+000  0.31481013E+000  0.23585789E+001  0.38865730E+002
  0.57913304E+000  0.31481012E+000  0.23585781E+001  0.38865726E+002
  0.57913303E+000  0.31481012E+000  0.23585773E+001  0.38865722E+002
  0.57913302E+000  0.31481011E+000  0.23585765E+001  0.38865718E+002
  0.57913302E+000  0.31481011E+000  0.23585757E+001  0.38865713E+002
  0.57913302E+000  0.31481011E+000  0.23585750E+001  0.38865709E+002
  0.57913301E+000  0.31481010E+000  0.23585743E+001  0.38865705E+002
  0.57913301E+000  0.31481010E+000  0.23585737E+001  0.38865701E+002
  0.57913301E+000  0.31481010E+000  0.23585731E+001  0.38865696E+002
  0.57913301E+000  0.31481010E+000  0.23585724E+001  0.38865692E+002
  0.57913301E+000  0.31481010E+000  0.23585719E+001  0.38865688E+002
  0.57913300E+000  0.31481010E+000  0.23585713E+001  0.38865683E+002
  0.57913301E+000  0.31481010E+000  0.23585708E+001  0.38865679E+002
  0.57913301E+000  0.31481010E+000  0.23585703E+001  0.38865674E+002
  0.57913301E+000  0.31481010E+000  0.23585698E+001  0.38865670E+002
  0.57913301E+000  0.31481010E+000  0.23585693E+001  0.38865665E+002
  0.57913301E+000  0.31481010E+000  0.23585689E+001  0.38865661E+002
  0.57913301E+000  0.31481010E+000  0.23585685E+001  0.38865656E+002
  0.57913302E+000  0.31481010E+000  0.23585681E+001  0.38865652E+002
  0.57913302E+000  0.31481010E+000  0.23585677E+001  0.38865647E+002
  0.57913302E+000  0.31481010E+000  0.23585673E+001  0.38865642E+002
  0.57913302E+000  0.31481010E+000  0.23585670E+001  0.38865638E+002
  0.57913303E+000  0.31481010E+000  0.23585666E+001  0.38865633E+002
  0.57913303E+000  0.31481010E+000  0.23585663E+001  0.38865629E+002
  0.57913303E+000  0.31481011E+000  0.23585660E+001  0.38865624E+002
  0.57913304E+000  0.31481011E+000  0.23585657E+001  0.38865620E+002
  0.57913304E+000  0.31481011E+000  0.23585654E+001  0.38865616E+002
  0.57913304E+000  0.31481011E+000  0.23585652E+001  0.38865611E+002
  0.57913305E+000  0.31481011E+000  0.23585649E+001  0.38865607E+002
  0.57913305E+000  0.31481011E+000  0.23585647E+001  0.38865602E+002
  0.57913305E+000  0.31481011E+000  0.23585644E+001  0.38865598E+002
  0.57913306E+000  0.31481012E+000  0.23585642E+001  0.38865594E+002
  0.57913306E+000  0.31481012E+000  0.23585640E+001  0.38865590E+002
  0.57913306E+000  0.31481012E+000  0.23585638E+001  0.38865585E+002
  0.57913307E+000  0.31481012E+000  0.23585636E+001  0.38865581E+002
  0.57913307E+000  0.31481012E+000  0.23585634E+001  0.38865577E+002
  0.57913307E+000  0.31481012E+000  0.23585632E+001  0.38865573E+002
  0.57913308E+000  0.31481013E+000  0.23585631E+001  0.38865569E+002
  0.57913308E+000  0.31481013E+000  0.23585629E+001  0.38865565E+002
  0.57913308E+000  0.31481013E+000  0.23585628E+001  0.38865561E+002
