  0.49046815E-002  0.57116700E-001  0.10123147E+001  0.41043590E+002
  0.49035293E-002  0.57122520E-001  0.10123419E+001  0.41043660E+002
  0.49026260E-002  0.57127305E-001  0.10123657E+001  0.41043726E+002
  0.49019631E-002  0.57131117E-001  0.10123856E+001  0.41043784E+002
  0.49015047E-002  0.57134080E-001  0.10124020E+001  0.41043835E+002
  0.49012127E-002  0.57136324E-001  0.10124153E+001  0.41043880E+002
  0.49010525E-002  0.57137966E-001  0.10124260E+001  0.41043920E+002
  0.49009949E-002  0.57139108E-001  0.10124345E+001  0.41043956E+002
  0.49010159E-002  0.57139838E-001  0.10124411E+001  0.41043987E+002
  0.49010956E-002  0.57140233E-001  0.10124462E+001  0.41044015E+002
  0.49012182E-002  0.57140355E-001  0.10124501E+001  0.41044039E+002
  0.49013711E-002  0.57140259E-001  0.10124528E+001  0.41044061E+002
  0.49015440E-002  0.57139990E-001  0.10124547E+001  0.41044081E+002
  0.49017291E-002  0.57139585E-001  0.10124559E+001  0.41044099E+002
  0.49019200E-002  0.57139076E-001  0.10124564E+001  0.41044115E+002
  0.49021121E-002  0.57138488E-001  0.10124564E+001  0.41044129E+002
  0.49023017E-002  0.57137843E-001  0.10124561E+001  0.41044142E+002
  0.49024861E-002  0.57137157E-001  0.10124554E+001  0.41044153E+002
  0.49026635E-002  0.57136445E-001  0.10124544E+001  0.41044164E+002
  0.49028325E-002  0.57135718E-001  0.10124532E+001  0.41044173E+002
  0.49029923E-002  0.57134986E-001  0.10124519E+001  0.41044182E+002
  0.49031423E-002  0.57134255E-001  0.10124504E+001  0.41044190E+002
  0.49032824E-002  0.57133533E-001  0.10124488E+001  0.41044197E+002
  0.49034126E-002  0.57132822E-001  0.10124471E+001  0.41044204E+002
  0.49035330E-002  0.57132129E-001  0.10124454E+001  0.41044210E+002
  0.49036440E-002  0.57131455E-001  0.10124437E+001  0.41044215E+002
  0.49037460E-002  0.57130802E-001  0.10124419E+001  0.41044220E+002
  0.49038393E-002  0.57130174E-001  0.10124402E+001  0.41044225E+002
  0.49039246E-002  0.57129570E-001  0.10124384E+001  0.41044229E+002
  0.49040022E-002  0.57128993E-001  0.10124367E+001  0.41044233E+002
  0.49040728E-002  0.57128443E-001  0.10124350E+001  0.41044236E+002
  0.49041367E-002  0.57127921E-001  0.10124333E+001  0.41044239E+002
  0.49041946E-002  0.57127427E-001  0.10124317E+001  0.41044242E+002
  0.49042469E-002  0.57126961E-001  0.10124301E+001  0.41044245E+002
  0.49042941E-002  0.57126523E-001  0.10124286E+001  0.41044247E+002
  0.49043365E-002  0.57126112E-001  0.10124271E+001  0.41044249E+002
  0.49043747E-002  0.57125729E-001  0.10124257E+001  0.41044251E+002
  0.49044089E-002  0.57125372E-001  0.10124244E+001  0.41044252E+002
  0.49044395E-002  0.57125041E-001  0.10124231E+001  0.41044253E+002
  0.49044670E-002  0.57124735E-001  0.10124218E+001  0.41044255E+002
  0.49044914E-002  0.57124453E-001  0.10124206E+001  0.41044255E+002
  0.49045132E-002  0.57124194E-001  0.10124194E+001  0.41044256E+002
  0.49045325E-002  0.57123956E-001  0.10124183E+001  0.41044257E+002
  0.49045496E-002  0.57123738E-001  0.10124173E+001  0.41044257E+002
  0.49045647E-002  0.57123539E-001  0.10124162E+001  0.41044257E+002
  0.49045779E-002  0.57123358E-001  0.10124153E+001  0.41044257E+002
  0.49045894E-002  0.57123191E-001  0.10124143E+001  0.41044257E+002
  0.49045995E-002  0.57123039E-001  0.10124134E+001  0.41044257E+002
  0.49046082E-002  0.57122900E-001  0.10124124E+001  0.41044257E+002
  0.49046156E-002  0.57122772E-001  0.10124115E+001  0.41044256E+002
  0.49046219E-002  0.57122653E-001  0.10124107E+001  0.41044256E+002
  0.49046273E-002  0.57122542E-001  0.10124098E+001  0.41044255E+002
  0.49046318E-002  0.57122438E-001  0.10124089E+001  0.41044254E+002
  0.49046355E-002  0.57122340E-001  0.10124081E+001  0.41044254E+002
  0.49046385E-002  0.57122246E-001  0.10124072E+001  0.41044253E+002
  0.49046410E-002  0.57122155E-001  0.10124063E+001  0.41044252E+002
  0.49046430E-002  0.57122067E-001  0.10124054E+001  0.41044251E+002
  0.49046446E-002  0.57121981E-001  0.10124045E+001  0.41044250E+002
  0.49046458E-002  0.57121895E-001  0.10124036E+001  0.41044249E+002
  0.49046467E-002  0.57121811E-001  0.10124027E+001  0.41044248E+002
  0.49046475E-002  0.57121726E-001  0.10124017E+001  0.41044246E+002
  0.49046480E-002  0.57121642E-001  0.10124007E+001  0.41044245E+002
  0.49046484E-002  0.57121556E-001  0.10123997E+001  0.41044244E+002
  0.49046486E-002  0.57121470E-001  0.10123987E+001  0.41044242E+002
  0.49046488E-002  0.57121384E-001  0.10123977E+001  0.41044241E+002
  0.49046489E-002  0.57121296E-001  0.10123966E+001  0.41044239E+002
  0.49046489E-002  0.57121207E-001  0.10123955E+001  0.41044238E+002
  0.49046489E-002  0.57121118E-001  0.10123944E+001  0.41044236E+002
  0.49046489E-002  0.57121027E-001  0.10123933E+001  0.41044234E+002
  0.49046488E-002  0.57120936E-001  0.10123921E+001  0.41044233E+002
  0.49046487E-002  0.57120844E-001  0.10123910E+001  0.41044231E+002
  0.49046486E-002  0.57120751E-001  0.10123898E+001  0.41044229E+002
  0.49046485E-002  0.57120657E-001  0.10123886E+001  0.41044227E+002
  0.49046485E-002  0.57120563E-001  0.10123873E+001  0.41044225E+002
  0.49046484E-002  0.57120469E-001  0.10123861E+001  0.41044223E+002
  0.49046483E-002  0.57120374E-001  0.10123848E+001  0.41044220E+002
  0.49046482E-002  0.57120280E-001  0.10123835E+001  0.41044218E+002
  0.49046481E-002  0.57120185E-001  0.10123822E+001  0.41044216E+002
  0.49046481E-002  0.57120090E-001  0.10123809E+001  0.41044213E+002
  0.49046481E-002  0.57119996E-001  0.10123796E+001  0.41044211E+002
  0.49046480E-002  0.57119902E-001  0.10123782E+001  0.41044208E+002
  0.49046480E-002  0.57119808E-001  0.10123769E+001  0.41044206E+002
  0.49046481E-002  0.57119715E-001  0.10123755E+001  0.41044203E+002
  0.49046481E-002  0.57119623E-001  0.10123742E+001  0.41044200E+002
  0.49046482E-002  0.57119532E-001  0.10123728E+001  0.41044197E+002
  0.49046483E-002  0.57119441E-001  0.10123714E+001  0.41044194E+002
  0.49046485E-002  0.57119352E-001  0.10123701E+001  0.41044192E+002
  0.49046486E-002  0.57119264E-001  0.10123687E+001  0.41044189E+002
  0.49046488E-002  0.57119177E-001  0.10123673E+001  0.41044186E+002
  0.49046491E-002  0.57119091E-001  0.10123660E+001  0.41044183E+002
  0.49046493E-002  0.57119007E-001  0.10123646E+001  0.41044179E+002
  0.49046496E-002  0.57118924E-001  0.10123633E+001  0.41044176E+002
  0.49046500E-002  0.57118843E-001  0.10123619E+001  0.41044173E+002
  0.49046503E-002  0.57118764E-001  0.10123606E+001  0.41044170E+002
  0.49046507E-002  0.57118686E-001  0.10123593E+001  0.41044167E+002
  0.49046511E-002  0.57118610E-001  0.10123579E+001  0.41044163E+002
  0.49046516E-002  0.57118535E-001  0.10123566E+001  0.41044160E+002
  0.49046521E-002  0.57118463E-001  0.10123553E+001  0.41044157E+002
  0.49046526E-002  0.57118392E-001  0.10123541E+001  0.41044153E+002
  0.49046531E-002  0.57118323E-001  0.10123528E+001  0.41044150E+002
  0.49046536E-002  0.57118256E-001  0.10123516E+001  0.41044147E+002
  0.49046542E-002  0.57118191E-001  0.10123503E+001  0.41044143E+002
  0.49046548E-002  0.57118127E-001  0.10123491E+001  0.41044140E+002
  0.49046554E-002  0.57118066E-001  0.10123479E+001  0.41044136E+002
  0.49046560E-002  0.57118006E-001  0.10123468E+001  0.41044133E+002
  0.49046566E-002  0.57117949E-001  0.10123456E+001  0.41044130E+002
  0.49046572E-002  0.57117893E-001  0.10123445E+001  0.41044126E+002
  0.49046579E-002  0.57117839E-001  0.10123434E+001  0.41044123E+002
  0.49046585E-002  0.57117787E-001  0.10123423E+001  0.41044119E+002
  0.49046591E-002  0.57117737E-001  0.10123413E+001  0.41044116E+002
  0.49046598E-002  0.57117688E-001  0.10123403E+001  0.41044112E+002
  0.49046604E-002  0.57117641E-001  0.10123392E+001  0.41044109E+002
  0.49046611E-002  0.57117596E-001  0.10123383E+001  0.41044105E+002
  0.49046617E-002  0.57117553E-001  0.10123373E+001  0.41044102E+002
  0.49046624E-002  0.57117511E-001  0.10123364E+001  0.41044098E+002
  0.49046630E-002  0.57117471E-001  0.10123355E+001  0.41044094E+002
  0.49046636E-002  0.57117433E-001  0.10123346E+001  0.41044091E+002
  0.49046643E-002  0.57117396E-001  0.10123338E+001  0.41044087E+002
  0.49046649E-002  0.57117361E-001  0.10123329E+001  0.41044084E+002
  0.49046655E-002  0.57117327E-001  0.10123321E+001  0.41044080E+002
  0.49046661E-002  0.57117294E-001  0.10123314E+001  0.41044077E+002
  0.49046667E-002  0.57117263E-001  0.10123306E+001  0.41044073E+002
  0.49046672E-002  0.57117234E-001  0.10123299E+001  0.41044070E+002
  0.49046678E-002  0.57117205E-001  0.10123292E+001  0.41044066E+002
  0.49046683E-002  0.57117178E-001  0.10123285E+001  0.41044062E+002
  0.49046688E-002  0.57117153E-001  0.10123279E+001  0.41044059E+002
  0.49046694E-002  0.57117128E-001  0.10123273E+001  0.41044055E+002
  0.49046698E-002  0.57117104E-001  0.10123267E+001  0.41044051E+002
  0.49046703E-002  0.57117082E-001  0.10123261E+001  0.41044048E+002
  0.49046708E-002  0.57117061E-001  0.10123255E+001  0.41044044E+002
  0.49046713E-002  0.57117041E-001  0.10123250E+001  0.41044040E+002
  0.49046717E-002  0.57117021E-001  0.10123245E+001  0.41044037E+002
  0.49046721E-002  0.57117003E-001  0.10123240E+001  0.41044033E+002
  0.49046725E-002  0.57116986E-001  0.10123236E+001  0.41044029E+002
  0.49046729E-002  0.57116969E-001  0.10123231E+001  0.41044025E+002
  0.49046733E-002  0.57116954E-001  0.10123227E+001  0.41044021E+002
  0.49046737E-002  0.57116939E-001  0.10123223E+001  0.41044018E+002
  0.49046741E-002  0.57116925E-001  0.10123219E+001  0.41044014E+002
  0.49046744E-002  0.57116912E-001  0.10123215E+001  0.41044010E+002
  0.49046747E-002  0.57116900E-001  0.10123212E+001  0.41044006E+002
  0.49046750E-002  0.57116888E-001  0.10123208E+001  0.41044002E+002
  0.49046754E-002  0.57116877E-001  0.10123205E+001  0.41043998E+002
  0.49046757E-002  0.57116866E-001  0.10123202E+001  0.41043994E+002
  0.49046759E-002  0.57116856E-001  0.10123199E+001  0.41043990E+002
  0.49046762E-002  0.57116847E-001  0.10123196E+001  0.41043985E+002
  0.49046765E-002  0.57116838E-001  0.10123193E+001  0.41043981E+002
  0.49046767E-002  0.57116830E-001  0.10123191E+001  0.41043977E+002
  0.49046770E-002  0.57116822E-001  0.10123189E+001  0.41043973E+002
  0.49046772E-002  0.57116814E-001  0.10123186E+001  0.41043968E+002
  0.49046774E-002  0.57116808E-001  0.10123184E+001  0.41043964E+002
  0.49046776E-002  0.57116801E-001  0.10123182E+001  0.41043960E+002
  0.49046778E-002  0.57116795E-001  0.10123180E+001  0.41043955E+002
  0.49046780E-002  0.57116789E-001  0.10123178E+001  0.41043951E+002
  0.49046782E-002  0.57116784E-001  0.10123177E+001  0.41043946E+002
  0.49046784E-002  0.57116779E-001  0.10123175E+001  0.41043942E+002
  0.49046785E-002  0.57116774E-001  0.10123173E+001  0.41043937E+002
  0.49046787E-002  0.57116769E-001  0.10123172E+001  0.41043933E+002
  0.49046788E-002  0.57116765E-001  0.10123170E+001  0.41043928E+002
  0.49046790E-002  0.57116761E-001  0.10123169E+001  0.41043923E+002
  0.49046791E-002  0.57116757E-001  0.10123168E+001  0.41043919E+002
  0.49046792E-002  0.57116754E-001  0.10123167E+001  0.41043914E+002
  0.49046794E-002  0.57116751E-001  0.10123166E+001  0.41043909E+002
  0.49046795E-002  0.57116748E-001  0.10123164E+001  0.41043904E+002
  0.49046796E-002  0.57116745E-001  0.10123163E+001  0.41043900E+002
  0.49046797E-002  0.57116742E-001  0.10123163E+001  0.41043895E+002
  0.49046798E-002  0.57116739E-001  0.10123162E+001  0.41043890E+002
  0.49046799E-002  0.57116737E-001  0.10123161E+001  0.41043885E+002
  0.49046800E-002  0.57116735E-001  0.10123160E+001  0.41043880E+002
  0.49046801E-002  0.57116733E-001  0.10123159E+001  0.41043875E+002
  0.49046801E-002  0.57116731E-001  0.10123158E+001  0.41043870E+002
  0.49046802E-002  0.57116729E-001  0.10123158E+001  0.41043866E+002
  0.49046803E-002  0.57116727E-001  0.10123157E+001  0.41043861E+002
  0.49046804E-002  0.57116725E-001  0.10123157E+001  0.41043856E+002
  0.49046804E-002  0.57116724E-001  0.10123156E+001  0.41043851E+002
  0.49046805E-002  0.57116722E-001  0.10123155E+001  0.41043846E+002
  0.49046805E-002  0.57116721E-001  0.10123155E+001  0.41043841E+002
  0.49046806E-002  0.57116719E-001  0.10123154E+001  0.41043836E+002
  0.49046806E-002  0.57116718E-001  0.10123154E+001  0.41043831E+002
  0.49046807E-002  0.57116717E-001  0.10123154E+001  0.41043826E+002
  0.49046807E-002  0.57116716E-001  0.10123153E+001  0.41043821E+002
  0.49046808E-002  0.57116715E-001  0.10123153E+001  0.41043816E+002
  0.49046808E-002  0.57116714E-001  0.10123152E+001  0.41043812E+002
  0.49046809E-002  0.57116713E-001  0.10123152E+001  0.41043807E+002
  0.49046809E-002  0.57116712E-001  0.10123152E+001  0.41043802E+002
  0.49046809E-002  0.57116711E-001  0.10123151E+001  0.41043797E+002
  0.49046810E-002  0.57116710E-001  0.10123151E+001  0.41043793E+002
  0.49046810E-002  0.57116710E-001  0.10123151E+001  0.41043788E+002
  0.49046810E-002  0.57116709E-001  0.10123151E+001  0.41043783E+002
  0.49046810E-002  0.57116708E-001  0.10123150E+001  0.41043779E+002
  0.49046811E-002  0.57116708E-001  0.10123150E+001  0.41043774E+002
  0.49046811E-002  0.57116707E-001  0.10123150E+001  0.41043770E+002
  0.49046811E-002  0.57116706E-001  0.10123150E+001  0.41043765E+002
  0.49046811E-002  0.57116706E-001  0.10123150E+001  0.41043761E+002
  0.49046812E-002  0.57116705E-001  0.10123149E+001  0.41043756E+002
  0.49046812E-002  0.57116705E-001  0.10123149E+001  0.41043752E+002
  0.49046812E-002  0.57116704E-001  0.10123149E+001  0.41043748E+002
  0.49046812E-002  0.57116704E-001  0.10123149E+001  0.41043744E+002
  0.49046812E-002  0.57116703E-001  0.10123149E+001  0.41043739E+002
  0.49046812E-002  0.57116703E-001  0.10123149E+001  0.41043735E+002
  0.49046813E-002  0.57116702E-001  0.10123148E+001  0.41043731E+002
