  0.66117135E-001
  0.66115745E-001
  0.66117277E-001
  0.66119174E-001
  0.66120970E-001
  0.66122569E-001
  0.66123966E-001
  0.66125177E-001
  0.66126221E-001
  0.66127120E-001
  0.66127893E-001
  0.66128558E-001
  0.66129129E-001
  0.66129619E-001
  0.66130040E-001
  0.66130401E-001
  0.66130711E-001
  0.66130977E-001
  0.66131206E-001
  0.66131402E-001
  0.66131570E-001
  0.66131714E-001
  0.66131838E-001
  0.66131944E-001
  0.66132034E-001
  0.66132112E-001
  0.66132178E-001
  0.66132234E-001
  0.66132282E-001
  0.66132323E-001
  0.66132358E-001
  0.66132388E-001
  0.66132412E-001
  0.66132433E-001
  0.66132451E-001
  0.66132465E-001
  0.66132478E-001
  0.66132488E-001
  0.66132496E-001
  0.66132502E-001
  0.66132507E-001
  0.66132511E-001
  0.66132514E-001
  0.66132515E-001
  0.66132517E-001
  0.66132517E-001
  0.66132517E-001
  0.66132516E-001
  0.66132515E-001
  0.66132514E-001
  0.66132512E-001
  0.66132510E-001
  0.66132508E-001
  0.66132506E-001
  0.66132503E-001
  0.66132501E-001
  0.66132498E-001
  0.66132495E-001
  0.66132492E-001
  0.66132489E-001
  0.66132486E-001
  0.66132483E-001
  0.66132479E-001
  0.66132475E-001
  0.66132472E-001
  0.66132468E-001
  0.66132463E-001
  0.66132459E-001
  0.66132455E-001
  0.66132450E-001
  0.66132445E-001
  0.66132440E-001
  0.66132435E-001
  0.66132429E-001
  0.66132424E-001
  0.66132418E-001
  0.66132412E-001
  0.66132406E-001
  0.66132399E-001
  0.66132393E-001
  0.66132386E-001
  0.66132379E-001
  0.66132372E-001
  0.66132365E-001
  0.66132357E-001
  0.66132350E-001
  0.66132342E-001
  0.66132334E-001
  0.66132326E-001
  0.66132319E-001
  0.66132310E-001
  0.66132302E-001
  0.66132294E-001
  0.66132286E-001
  0.66132278E-001
  0.66132269E-001
  0.66132261E-001
  0.66132253E-001
  0.66132244E-001
  0.66132236E-001
  0.66132228E-001
  0.66132219E-001
  0.66132211E-001
  0.66132202E-001
  0.66132194E-001
  0.66132186E-001
  0.66132178E-001
  0.66132169E-001
  0.66132161E-001
  0.66132153E-001
  0.66132145E-001
  0.66132137E-001
  0.66132129E-001
  0.66132121E-001
  0.66132113E-001
  0.66132106E-001
  0.66132098E-001
  0.66132090E-001
  0.66132083E-001
  0.66132075E-001
  0.66132068E-001
  0.66132060E-001
  0.66132053E-001
  0.66132046E-001
  0.66132039E-001
  0.66132032E-001
  0.66132025E-001
  0.66132017E-001
  0.66132011E-001
  0.66132004E-001
  0.66131997E-001
  0.66131990E-001
  0.66131983E-001
  0.66131976E-001
  0.66131970E-001
  0.66131963E-001
  0.66131956E-001
  0.66131949E-001
  0.66131943E-001
  0.66131936E-001
  0.66131929E-001
  0.66131923E-001
  0.66131916E-001
  0.66131909E-001
  0.66131903E-001
  0.66131896E-001
  0.66131889E-001
  0.66131882E-001
  0.66131876E-001
  0.66131869E-001
  0.66131862E-001
  0.66131855E-001
  0.66131848E-001
  0.66131841E-001
  0.66131834E-001
  0.66131827E-001
  0.66131820E-001
  0.66131813E-001
  0.66131806E-001
  0.66131798E-001
  0.66131791E-001
  0.66131784E-001
  0.66131777E-001
  0.66131769E-001
  0.66131762E-001
  0.66131754E-001
  0.66131747E-001
  0.66131739E-001
  0.66131732E-001
  0.66131724E-001
  0.66131717E-001
  0.66131709E-001
  0.66131701E-001
  0.66131694E-001
  0.66131686E-001
  0.66131679E-001
  0.66131671E-001
  0.66131663E-001
  0.66131656E-001
  0.66131648E-001
  0.66131641E-001
  0.66131633E-001
  0.66131625E-001
  0.66131618E-001
  0.66131610E-001
  0.66131603E-001
  0.66131595E-001
  0.66131588E-001
  0.66131581E-001
  0.66131574E-001
  0.66131566E-001
  0.66131559E-001
  0.66131552E-001
  0.66131545E-001
  0.66131538E-001
  0.66131531E-001
  0.66131524E-001
  0.66131518E-001
  0.66131511E-001
  0.66131504E-001
