  0.42099906E+000
  0.42102424E+000
  0.42104366E+000
  0.42105853E+000
  0.42106966E+000
  0.42107772E+000
  0.42108324E+000
  0.42108669E+000
  0.42108848E+000
  0.42108892E+000
  0.42108828E+000
  0.42108679E+000
  0.42108464E+000
  0.42108198E+000
  0.42107893E+000
  0.42107561E+000
  0.42107208E+000
  0.42106843E+000
  0.42106470E+000
  0.42106095E+000
  0.42105721E+000
  0.42105351E+000
  0.42104987E+000
  0.42104631E+000
  0.42104286E+000
  0.42103951E+000
  0.42103629E+000
  0.42103319E+000
  0.42103022E+000
  0.42102740E+000
  0.42102472E+000
  0.42102218E+000
  0.42101978E+000
  0.42101753E+000
  0.42101543E+000
  0.42101346E+000
  0.42101164E+000
  0.42100996E+000
  0.42100841E+000
  0.42100699E+000
  0.42100571E+000
  0.42100454E+000
  0.42100349E+000
  0.42100255E+000
  0.42100172E+000
  0.42100098E+000
  0.42100034E+000
  0.42099978E+000
  0.42099930E+000
  0.42099889E+000
  0.42099854E+000
  0.42099825E+000
  0.42099801E+000
  0.42099782E+000
  0.42099766E+000
  0.42099754E+000
  0.42099745E+000
  0.42099738E+000
  0.42099732E+000
  0.42099729E+000
  0.42099726E+000
  0.42099725E+000
  0.42099725E+000
  0.42099725E+000
  0.42099725E+000
  0.42099726E+000
  0.42099727E+000
  0.42099729E+000
  0.42099730E+000
  0.42099732E+000
  0.42099734E+000
  0.42099735E+000
  0.42099737E+000
  0.42099739E+000
  0.42099741E+000
  0.42099743E+000
  0.42099745E+000
  0.42099747E+000
  0.42099749E+000
  0.42099751E+000
  0.42099753E+000
  0.42099755E+000
  0.42099757E+000
  0.42099759E+000
  0.42099762E+000
  0.42099764E+000
  0.42099766E+000
  0.42099769E+000
  0.42099771E+000
  0.42099773E+000
  0.42099776E+000
  0.42099778E+000
  0.42099781E+000
  0.42099783E+000
  0.42099786E+000
  0.42099789E+000
  0.42099791E+000
  0.42099794E+000
  0.42099796E+000
  0.42099799E+000
  0.42099801E+000
  0.42099804E+000
  0.42099807E+000
  0.42099809E+000
  0.42099812E+000
  0.42099814E+000
  0.42099817E+000
  0.42099819E+000
  0.42099822E+000
  0.42099824E+000
  0.42099826E+000
  0.42099829E+000
  0.42099831E+000
  0.42099833E+000
  0.42099836E+000
  0.42099838E+000
  0.42099840E+000
  0.42099842E+000
  0.42099844E+000
  0.42099846E+000
  0.42099848E+000
  0.42099850E+000
  0.42099852E+000
  0.42099854E+000
  0.42099856E+000
  0.42099858E+000
  0.42099860E+000
  0.42099861E+000
  0.42099863E+000
  0.42099865E+000
  0.42099866E+000
  0.42099868E+000
  0.42099869E+000
  0.42099871E+000
  0.42099872E+000
  0.42099874E+000
  0.42099875E+000
  0.42099876E+000
  0.42099877E+000
  0.42099879E+000
  0.42099880E+000
  0.42099881E+000
  0.42099882E+000
  0.42099883E+000
  0.42099884E+000
  0.42099885E+000
  0.42099886E+000
  0.42099887E+000
  0.42099888E+000
  0.42099889E+000
  0.42099889E+000
  0.42099890E+000
  0.42099891E+000
  0.42099892E+000
  0.42099892E+000
  0.42099893E+000
  0.42099894E+000
  0.42099894E+000
  0.42099895E+000
  0.42099896E+000
  0.42099896E+000
  0.42099897E+000
  0.42099897E+000
  0.42099898E+000
  0.42099898E+000
  0.42099898E+000
  0.42099899E+000
  0.42099899E+000
  0.42099900E+000
  0.42099900E+000
  0.42099900E+000
  0.42099901E+000
  0.42099901E+000
  0.42099901E+000
  0.42099901E+000
  0.42099902E+000
  0.42099902E+000
  0.42099902E+000
  0.42099902E+000
  0.42099903E+000
  0.42099903E+000
  0.42099903E+000
  0.42099903E+000
  0.42099903E+000
  0.42099903E+000
  0.42099904E+000
  0.42099904E+000
  0.42099904E+000
  0.42099904E+000
  0.42099904E+000
  0.42099904E+000
  0.42099904E+000
  0.42099904E+000
  0.42099904E+000
  0.42099905E+000
  0.42099905E+000
  0.42099905E+000
  0.42099905E+000
  0.42099905E+000
  0.42099905E+000
