  0.63041356E+000  0.11305706E+000  0.16142192E+000  0.77910378E+000
  0.63047008E+000  0.11305848E+000  0.16143731E+000  0.77913119E+000
  0.63050982E+000  0.11306556E+000  0.16144859E+000  0.77915075E+000
  0.63054123E+000  0.11307109E+000  0.16145718E+000  0.77916472E+000
  0.63056546E+000  0.11307529E+000  0.16146356E+000  0.77917445E+000
  0.63058361E+000  0.11307836E+000  0.16146809E+000  0.77918090E+000
  0.63059666E+000  0.11308088E+000  0.16147069E+000  0.77918480E+000
  0.63060547E+000  0.11308225E+000  0.16147242E+000  0.77918674E+000
  0.63061076E+000  0.11308298E+000  0.16147312E+000  0.77918716E+000
  0.63061313E+000  0.11308320E+000  0.16147301E+000  0.77918643E+000
  0.63061313E+000  0.11308303E+000  0.16147224E+000  0.77918483E+000
  0.63061118E+000  0.11308252E+000  0.16147100E+000  0.77918258E+000
  0.63060767E+000  0.11308175E+000  0.16146939E+000  0.77917986E+000
  0.63060291E+000  0.11308079E+000  0.16146752E+000  0.77917680E+000
  0.63059716E+000  0.11307969E+000  0.16146547E+000  0.77917352E+000
  0.63059065E+000  0.11307848E+000  0.16146330E+000  0.77917010E+000
  0.63058356E+000  0.11307719E+000  0.16146106E+000  0.77916661E+000
  0.63057606E+000  0.11307594E+000  0.16145871E+000  0.77916310E+000
  0.63056827E+000  0.11307458E+000  0.16145647E+000  0.77915960E+000
  0.63056030E+000  0.11307320E+000  0.16145426E+000  0.77915614E+000
  0.63055224E+000  0.11307183E+000  0.16145211E+000  0.77915276E+000
  0.63054418E+000  0.11307047E+000  0.16100880E+000  0.77959068E+000
  0.63053617E+000  0.11306914E+000  0.16100679E+000  0.77958747E+000
  0.63052827E+000  0.11306784E+000  0.16100487E+000  0.77958438E+000
  0.63052052E+000  0.11306657E+000  0.16100304E+000  0.77958140E+000
  0.63051297E+000  0.11306534E+000  0.16100130E+000  0.77957853E+000
  0.63050564E+000  0.11306416E+000  0.16099965E+000  0.77957579E+000
  0.63049856E+000  0.11306302E+000  0.16099809E+000  0.77957318E+000
  0.63049176E+000  0.11306193E+000  0.16099662E+000  0.77957069E+000
  0.63048524E+000  0.11306089E+000  0.16099523E+000  0.77956833E+000
  0.63047903E+000  0.11305990E+000  0.16099394E+000  0.77956609E+000
  0.63047314E+000  0.11305896E+000  0.16099272E+000  0.77956398E+000
  0.63046756E+000  0.11305807E+000  0.16099159E+000  0.77956199E+000
  0.63046232E+000  0.11305724E+000  0.16099054E+000  0.77956013E+000
  0.63045740E+000  0.11305646E+000  0.16098956E+000  0.77955839E+000
  0.63045282E+000  0.11305572E+000  0.16098865E+000  0.77955676E+000
  0.63044856E+000  0.11305504E+000  0.16098781E+000  0.77955526E+000
  0.63044463E+000  0.11305441E+000  0.16098703E+000  0.77955386E+000
  0.63044102E+000  0.11305382E+000  0.16098632E+000  0.77955258E+000
  0.63043772E+000  0.11305328E+000  0.16098567E+000  0.77955140E+000
  0.63043472E+000  0.11305279E+000  0.16098508E+000  0.77955033E+000
  0.63043201E+000  0.11305234E+000  0.16098454E+000  0.77954936E+000
  0.63042958E+000  0.11305194E+000  0.16098405E+000  0.77954848E+000
  0.63042741E+000  0.11305157E+000  0.16098362E+000  0.77954770E+000
  0.63042549E+000  0.11305125E+000  0.16098323E+000  0.77954700E+000
  0.63042380E+000  0.11305096E+000  0.16098288E+000  0.77954638E+000
  0.63042232E+000  0.11305071E+000  0.16098257E+000  0.77954584E+000
  0.63042105E+000  0.11305049E+000  0.16098230E+000  0.77954537E+000
  0.63041996E+000  0.11305029E+000  0.16098206E+000  0.77954497E+000
  0.63041903E+000  0.11305013E+000  0.16098186E+000  0.77954462E+000
  0.63041825E+000  0.11305000E+000  0.16098168E+000  0.77954433E+000
  0.63041760E+000  0.11304988E+000  0.16098153E+000  0.77954409E+000
  0.63041707E+000  0.11304979E+000  0.16098140E+000  0.77954390E+000
  0.63041664E+000  0.11304971E+000  0.16098129E+000  0.77954374E+000
  0.63041630E+000  0.11304965E+000  0.16098119E+000  0.77954361E+000
  0.63041603E+000  0.11304961E+000  0.16098111E+000  0.77954351E+000
  0.63041583E+000  0.11304957E+000  0.16098104E+000  0.77954344E+000
  0.63041568E+000  0.11304955E+000  0.16098098E+000  0.77954339E+000
  0.63041557E+000  0.11304953E+000  0.16098093E+000  0.77954335E+000
  0.63041551E+000  0.11304952E+000  0.16098089E+000  0.77954333E+000
  0.63041547E+000  0.11304952E+000  0.16098085E+000  0.77954332E+000
  0.63041545E+000  0.11304952E+000  0.16098081E+000  0.77954332E+000
  0.63041545E+000  0.11304952E+000  0.16098078E+000  0.77954332E+000
  0.63041547E+000  0.11304952E+000  0.16098075E+000  0.77954333E+000
  0.63041550E+000  0.11304953E+000  0.16098073E+000  0.77954335E+000
  0.63041554E+000  0.11304954E+000  0.16098070E+000  0.77954336E+000
  0.63041558E+000  0.11304955E+000  0.16098067E+000  0.77954338E+000
  0.63041564E+000  0.11304956E+000  0.16098065E+000  0.77954340E+000
  0.63041569E+000  0.11304957E+000  0.16098063E+000  0.77954342E+000
  0.63041575E+000  0.11304958E+000  0.16098060E+000  0.77954344E+000
  0.63041581E+000  0.11304959E+000  0.16098058E+000  0.77954346E+000
  0.63041588E+000  0.11304960E+000  0.16098056E+000  0.77954348E+000
  0.63041594E+000  0.11304961E+000  0.16098054E+000  0.77954350E+000
  0.63041601E+000  0.11304962E+000  0.16098052E+000  0.77954351E+000
  0.63041608E+000  0.11304963E+000  0.16098050E+000  0.77954353E+000
  0.63041615E+000  0.11304964E+000  0.16098048E+000  0.77954355E+000
  0.63041622E+000  0.11304965E+000  0.16098046E+000  0.77954356E+000
  0.63041629E+000  0.11304966E+000  0.16098044E+000  0.77954358E+000
  0.63041637E+000  0.11304967E+000  0.16098043E+000  0.77954359E+000
  0.63041644E+000  0.11304967E+000  0.16098041E+000  0.77954361E+000
  0.63041652E+000  0.11304968E+000  0.16098039E+000  0.77954362E+000
  0.63041659E+000  0.11304969E+000  0.16098038E+000  0.77954364E+000
  0.63041667E+000  0.11304970E+000  0.16098037E+000  0.77954365E+000
  0.63041675E+000  0.11304970E+000  0.16098035E+000  0.77954367E+000
  0.63041683E+000  0.11304971E+000  0.16098034E+000  0.77954368E+000
  0.63041691E+000  0.11304971E+000  0.16098033E+000  0.77954370E+000
  0.63041700E+000  0.11304972E+000  0.16098032E+000  0.77954371E+000
  0.63041708E+000  0.11304973E+000  0.16098031E+000  0.77954373E+000
  0.63041716E+000  0.11304973E+000  0.16098030E+000  0.77954374E+000
  0.63041725E+000  0.11304974E+000  0.16098029E+000  0.77954376E+000
  0.63041733E+000  0.11304974E+000  0.16098029E+000  0.77954377E+000
  0.63041742E+000  0.11304975E+000  0.16098028E+000  0.77954379E+000
  0.63041750E+000  0.11304975E+000  0.16098027E+000  0.77954380E+000
  0.63041759E+000  0.11304976E+000  0.16098027E+000  0.77954382E+000
  0.63041767E+000  0.11304977E+000  0.16098026E+000  0.77954384E+000
  0.63041776E+000  0.11304977E+000  0.16098025E+000  0.77954385E+000
  0.63041785E+000  0.11304978E+000  0.16098025E+000  0.77954387E+000
  0.63041793E+000  0.11304978E+000  0.16098024E+000  0.77954389E+000
  0.63041802E+000  0.11304979E+000  0.16098024E+000  0.77954390E+000
  0.63041810E+000  0.11304979E+000  0.16098023E+000  0.77954392E+000
  0.63041818E+000  0.11304980E+000  0.16098023E+000  0.77954394E+000
  0.63041827E+000  0.11304980E+000  0.16098022E+000  0.77954396E+000
  0.63041835E+000  0.11304981E+000  0.16098022E+000  0.77954398E+000
  0.63041843E+000  0.11304982E+000  0.16098022E+000  0.77954399E+000
  0.63041851E+000  0.11304982E+000  0.16098021E+000  0.77954401E+000
  0.63041859E+000  0.11304983E+000  0.16098021E+000  0.77954403E+000
  0.63041867E+000  0.11304983E+000  0.16098021E+000  0.77954405E+000
  0.63041875E+000  0.11304984E+000  0.16098020E+000  0.77954407E+000
  0.63041882E+000  0.11304984E+000  0.16098020E+000  0.77954409E+000
  0.63041890E+000  0.11304985E+000  0.16098020E+000  0.77954411E+000
  0.63041897E+000  0.11304986E+000  0.16098019E+000  0.77954413E+000
  0.63041905E+000  0.11304986E+000  0.16098019E+000  0.77954415E+000
  0.63041912E+000  0.11304987E+000  0.16098019E+000  0.77954417E+000
  0.63041919E+000  0.11304987E+000  0.16098019E+000  0.77954419E+000
  0.63041925E+000  0.11304988E+000  0.16098018E+000  0.77954421E+000
  0.63041932E+000  0.11304988E+000  0.16098018E+000  0.77954423E+000
  0.63041938E+000  0.11304989E+000  0.16098018E+000  0.77954424E+000
  0.63041945E+000  0.11304989E+000  0.16098018E+000  0.77954426E+000
  0.63041951E+000  0.11304990E+000  0.16098018E+000  0.77954428E+000
  0.63041957E+000  0.11304990E+000  0.16098017E+000  0.77954430E+000
  0.63041963E+000  0.11304991E+000  0.16098017E+000  0.77954432E+000
  0.63041969E+000  0.11304991E+000  0.16098017E+000  0.77954434E+000
  0.63041974E+000  0.11304992E+000  0.16098017E+000  0.77954436E+000
  0.63041979E+000  0.11304992E+000  0.16098017E+000  0.77954438E+000
  0.63041985E+000  0.11304993E+000  0.16098017E+000  0.77954439E+000
  0.63041990E+000  0.11304993E+000  0.16098017E+000  0.77954441E+000
  0.63041995E+000  0.11304994E+000  0.16098017E+000  0.77954443E+000
  0.63041999E+000  0.11304994E+000  0.16098017E+000  0.77954445E+000
  0.63042004E+000  0.11304995E+000  0.16098017E+000  0.77954446E+000
  0.63042008E+000  0.11304995E+000  0.16098017E+000  0.77954448E+000
  0.63042013E+000  0.11304995E+000  0.16098017E+000  0.77954450E+000
  0.63042017E+000  0.11304996E+000  0.16098017E+000  0.77954451E+000
  0.63042021E+000  0.11304996E+000  0.16098017E+000  0.77954453E+000
  0.63042024E+000  0.11304997E+000  0.16098017E+000  0.77954454E+000
  0.63042028E+000  0.11304997E+000  0.16098017E+000  0.77954456E+000
  0.63042032E+000  0.11304998E+000  0.16098017E+000  0.77954457E+000
  0.63042035E+000  0.11304998E+000  0.16098017E+000  0.77954459E+000
  0.63042038E+000  0.11304998E+000  0.16098017E+000  0.77954460E+000
  0.63042041E+000  0.11304999E+000  0.16098017E+000  0.77954462E+000
  0.63042044E+000  0.11304999E+000  0.16098018E+000  0.77954463E+000
  0.63042047E+000  0.11305000E+000  0.16098018E+000  0.77954464E+000
  0.63042050E+000  0.11305000E+000  0.16098018E+000  0.77954466E+000
  0.63042052E+000  0.11305000E+000  0.16098018E+000  0.77954467E+000
  0.63042055E+000  0.11305001E+000  0.16098018E+000  0.77954468E+000
  0.63042057E+000  0.11305001E+000  0.16098018E+000  0.77954469E+000
  0.63042060E+000  0.11305001E+000  0.16098018E+000  0.77954471E+000
  0.63042062E+000  0.11305002E+000  0.16098019E+000  0.77954472E+000
  0.63042064E+000  0.11305002E+000  0.16098019E+000  0.77954473E+000
  0.63042066E+000  0.11305002E+000  0.16098019E+000  0.77954474E+000
  0.63042068E+000  0.11305003E+000  0.16098019E+000  0.77954475E+000
  0.63042070E+000  0.11305003E+000  0.16098019E+000  0.77954476E+000
  0.63042071E+000  0.11305003E+000  0.16098019E+000  0.77954477E+000
  0.63042073E+000  0.11305004E+000  0.16098019E+000  0.77954478E+000
  0.63042074E+000  0.11305004E+000  0.16098020E+000  0.77954479E+000
  0.63042076E+000  0.11305004E+000  0.16098020E+000  0.77954480E+000
  0.63042077E+000  0.11305004E+000  0.16098020E+000  0.77954480E+000
  0.63042079E+000  0.11305005E+000  0.16098020E+000  0.77954481E+000
  0.63042080E+000  0.11305005E+000  0.16098020E+000  0.77954482E+000
  0.63042081E+000  0.11305005E+000  0.16098020E+000  0.77954483E+000
  0.63042082E+000  0.11305005E+000  0.16098021E+000  0.77954484E+000
  0.63042083E+000  0.11305006E+000  0.16098021E+000  0.77954484E+000
  0.63042084E+000  0.11305006E+000  0.16098021E+000  0.77954485E+000
  0.63042085E+000  0.11305006E+000  0.16098021E+000  0.77954486E+000
  0.63042086E+000  0.11305006E+000  0.16098021E+000  0.77954486E+000
  0.63042087E+000  0.11305007E+000  0.16098021E+000  0.77954487E+000
  0.63042088E+000  0.11305007E+000  0.16098021E+000  0.77954487E+000
  0.63042088E+000  0.11305007E+000  0.16098022E+000  0.77954488E+000
  0.63042089E+000  0.11305007E+000  0.16098022E+000  0.77954489E+000
  0.63042090E+000  0.11305007E+000  0.16098022E+000  0.77954489E+000
  0.63042090E+000  0.11305007E+000  0.16098022E+000  0.77954489E+000
  0.63042091E+000  0.11305008E+000  0.16098022E+000  0.77954490E+000
  0.63042092E+000  0.11305008E+000  0.16098022E+000  0.77954490E+000
  0.63042092E+000  0.11305008E+000  0.16098022E+000  0.77954491E+000
  0.63042093E+000  0.11305008E+000  0.16098022E+000  0.77954491E+000
  0.63042093E+000  0.11305008E+000  0.16098022E+000  0.77954492E+000
  0.63042094E+000  0.11305008E+000  0.16098023E+000  0.77954492E+000
  0.63042094E+000  0.11305008E+000  0.16098023E+000  0.77954492E+000
  0.63042094E+000  0.11305008E+000  0.16098023E+000  0.77954493E+000
  0.63042095E+000  0.11305009E+000  0.16098023E+000  0.77954493E+000
  0.63042095E+000  0.11305009E+000  0.16098023E+000  0.77954493E+000
  0.63042095E+000  0.11305009E+000  0.16098023E+000  0.77954493E+000
  0.63042096E+000  0.11305009E+000  0.16098023E+000  0.77954494E+000
  0.63042096E+000  0.11305009E+000  0.16098023E+000  0.77954494E+000
  0.63042096E+000  0.11305009E+000  0.16098023E+000  0.77954494E+000
  0.63042097E+000  0.11305009E+000  0.16098023E+000  0.77954494E+000
  0.63042097E+000  0.11305009E+000  0.16098023E+000  0.77954495E+000
  0.63042097E+000  0.11305009E+000  0.16098024E+000  0.77954495E+000
  0.63042097E+000  0.11305009E+000  0.16098024E+000  0.77954495E+000
  0.63042097E+000  0.11305009E+000  0.16098024E+000  0.77954495E+000
  0.63042098E+000  0.11305009E+000  0.16098024E+000  0.77954495E+000
  0.63042098E+000  0.11305009E+000  0.16098024E+000  0.77954495E+000
  0.63042098E+000  0.11305009E+000  0.16098024E+000  0.77954495E+000
  0.63042098E+000  0.11305010E+000  0.16098024E+000  0.77954496E+000
  0.63042098E+000  0.11305010E+000  0.16098024E+000  0.77954496E+000
  0.63042098E+000  0.11305010E+000  0.16098024E+000  0.77954496E+000
  0.63042098E+000  0.11305010E+000  0.16098024E+000  0.77954496E+000
  0.63042099E+000  0.11305010E+000  0.16098024E+000  0.77954496E+000
  0.63042099E+000  0.11305010E+000  0.16098024E+000  0.77954496E+000
  0.63042099E+000  0.11305010E+000  0.16098024E+000  0.77954496E+000
  0.63042099E+000  0.11305010E+000  0.16098024E+000  0.77954496E+000
