 -0.51982404E-001  0.47365254E-002  0.44192679E+000  0.12893155E+001
 -0.51968461E-001  0.47391106E-002  0.44195809E+000  0.12893684E+001
 -0.51957509E-001  0.47408135E-002  0.44198150E+000  0.12894100E+001
 -0.51949399E-001  0.47419194E-002  0.44199917E+000  0.12894426E+001
 -0.51943704E-001  0.47426004E-002  0.44201230E+000  0.12894676E+001
 -0.51939977E-001  0.47429759E-002  0.44202175E+000  0.12894863E+001
 -0.51937819E-001  0.47431330E-002  0.44202823E+000  0.12894996E+001
 -0.51936890E-001  0.47431349E-002  0.44203227E+000  0.12895084E+001
 -0.51936909E-001  0.47430280E-002  0.44203434E+000  0.12895136E+001
 -0.51937646E-001  0.47428461E-002  0.44203481E+000  0.12895158E+001
 -0.51938916E-001  0.47426136E-002  0.44203400E+000  0.12895156E+001
 -0.51940569E-001  0.47423483E-002  0.44203217E+000  0.12895134E+001
 -0.51942485E-001  0.47420630E-002  0.44202953E+000  0.12895096E+001
 -0.51944570E-001  0.47417669E-002  0.44202628E+000  0.12895046E+001
 -0.51946749E-001  0.47414669E-002  0.44202255E+000  0.12894986E+001
 -0.51948967E-001  0.47411676E-002  0.44201848E+000  0.12894919E+001
 -0.51951177E-001  0.47408724E-002  0.44201417E+000  0.12894846E+001
 -0.51953348E-001  0.47405839E-002  0.44200970E+000  0.12894769E+001
 -0.51955454E-001  0.47403038E-002  0.44200514E+000  0.12894690E+001
 -0.51957478E-001  0.47400333E-002  0.44200054E+000  0.12894609E+001
 -0.51959407E-001  0.47397732E-002  0.44199594E+000  0.12894527E+001
 -0.51961234E-001  0.47395241E-002  0.44199140E+000  0.12894445E+001
 -0.51962954E-001  0.47392864E-002  0.44198693E+000  0.12894364E+001
 -0.51964566E-001  0.47390601E-002  0.44198256E+000  0.12894284E+001
 -0.51966069E-001  0.47388454E-002  0.44197830E+000  0.12894205E+001
 -0.51967467E-001  0.47386422E-002  0.44197418E+000  0.12894128E+001
 -0.51968761E-001  0.47384503E-002  0.44197020E+000  0.12894054E+001
 -0.51969956E-001  0.47382696E-002  0.44196638E+000  0.12893982E+001
 -0.51971056E-001  0.47380998E-002  0.44196272E+000  0.12893913E+001
 -0.51972067E-001  0.47379406E-002  0.44195923E+000  0.12893847E+001
 -0.51972994E-001  0.47377918E-002  0.44195591E+000  0.12893783E+001
 -0.51973842E-001  0.47376531E-002  0.44195276E+000  0.12893723E+001
 -0.51974616E-001  0.47375242E-002  0.44194979E+000  0.12893666E+001
 -0.51975322E-001  0.47374047E-002  0.44194700E+000  0.12893612E+001
 -0.51975965E-001  0.47372942E-002  0.44194438E+000  0.12893561E+001
 -0.51976549E-001  0.47371926E-002  0.44194194E+000  0.12893514E+001
 -0.51977079E-001  0.47370993E-002  0.44193968E+000  0.12893470E+001
 -0.51977560E-001  0.47370141E-002  0.44193758E+000  0.12893430E+001
 -0.51977996E-001  0.47369367E-002  0.44193566E+000  0.12893392E+001
 -0.51978390E-001  0.47368666E-002  0.44193390E+000  0.12893358E+001
 -0.51978747E-001  0.47368035E-002  0.44193229E+000  0.12893326E+001
 -0.51979068E-001  0.47367471E-002  0.44193084E+000  0.12893298E+001
 -0.51979358E-001  0.47366969E-002  0.44192954E+000  0.12893272E+001
 -0.51979619E-001  0.47366527E-002  0.44192838E+000  0.12893249E+001
 -0.51979853E-001  0.47366140E-002  0.44192735E+000  0.12893229E+001
 -0.51980063E-001  0.47365803E-002  0.44192645E+000  0.12893211E+001
 -0.51980252E-001  0.47365515E-002  0.44192566E+000  0.12893195E+001
 -0.51980420E-001  0.47365269E-002  0.44192499E+000  0.12893182E+001
 -0.51980570E-001  0.47365063E-002  0.44192441E+000  0.12893170E+001
 -0.51980704E-001  0.47364892E-002  0.44192392E+000  0.12893160E+001
 -0.51980824E-001  0.47364752E-002  0.44192352E+000  0.12893152E+001
 -0.51980930E-001  0.47364640E-002  0.44192319E+000  0.12893144E+001
 -0.51981024E-001  0.47364552E-002  0.44192292E+000  0.12893139E+001
 -0.51981109E-001  0.47364485E-002  0.44192271E+000  0.12893134E+001
 -0.51981184E-001  0.47364435E-002  0.44192255E+000  0.12893130E+001
 -0.51981251E-001  0.47364399E-002  0.44192243E+000  0.12893127E+001
 -0.51981311E-001  0.47364376E-002  0.44192234E+000  0.12893125E+001
 -0.51981365E-001  0.47364362E-002  0.44192229E+000  0.12893123E+001
 -0.51981413E-001  0.47364356E-002  0.44192225E+000  0.12893122E+001
 -0.51981457E-001  0.47364357E-002  0.44192224E+000  0.12893121E+001
 -0.51981497E-001  0.47364362E-002  0.44192224E+000  0.12893120E+001
 -0.51981534E-001  0.47364370E-002  0.44192226E+000  0.12893120E+001
 -0.51981568E-001  0.47364382E-002  0.44192228E+000  0.12893120E+001
 -0.51981600E-001  0.47364395E-002  0.44192231E+000  0.12893120E+001
 -0.51981629E-001  0.47364410E-002  0.44192235E+000  0.12893120E+001
 -0.51981656E-001  0.47364426E-002  0.44192240E+000  0.12893120E+001
 -0.51981682E-001  0.47364443E-002  0.44192244E+000  0.12893120E+001
 -0.51981706E-001  0.47364461E-002  0.44192249E+000  0.12893121E+001
 -0.51981729E-001  0.47364479E-002  0.44192254E+000  0.12893121E+001
 -0.51981750E-001  0.47364497E-002  0.44192260E+000  0.12893121E+001
 -0.51981771E-001  0.47364516E-002  0.44192265E+000  0.12893122E+001
 -0.51981791E-001  0.47364535E-002  0.44192271E+000  0.12893122E+001
 -0.51981810E-001  0.47364554E-002  0.44192277E+000  0.12893122E+001
 -0.51981828E-001  0.47364573E-002  0.44192283E+000  0.12893123E+001
 -0.51981846E-001  0.47364593E-002  0.44192289E+000  0.12893123E+001
 -0.51981863E-001  0.47364612E-002  0.44192295E+000  0.12893123E+001
 -0.51981880E-001  0.47364632E-002  0.44192302E+000  0.12893124E+001
 -0.51981895E-001  0.47364652E-002  0.44192308E+000  0.12893124E+001
 -0.51981911E-001  0.47364672E-002  0.44192315E+000  0.12893124E+001
 -0.51981926E-001  0.47364692E-002  0.44192321E+000  0.12893124E+001
 -0.51981941E-001  0.47364712E-002  0.44192328E+000  0.12893125E+001
 -0.51981955E-001  0.47364732E-002  0.44192335E+000  0.12893125E+001
 -0.51981969E-001  0.47364752E-002  0.44192342E+000  0.12893125E+001
 -0.51981982E-001  0.47364772E-002  0.44192349E+000  0.12893126E+001
 -0.51981995E-001  0.47364792E-002  0.44192356E+000  0.12893126E+001
 -0.51982008E-001  0.47364811E-002  0.44192363E+000  0.12893126E+001
 -0.51982021E-001  0.47364831E-002  0.44192370E+000  0.12893126E+001
 -0.51982033E-001  0.47364850E-002  0.44192378E+000  0.12893127E+001
 -0.51982045E-001  0.47364869E-002  0.44192385E+000  0.12893127E+001
 -0.51982057E-001  0.47364888E-002  0.44192393E+000  0.12893127E+001
 -0.51982068E-001  0.47364906E-002  0.44192400E+000  0.12893128E+001
 -0.51982079E-001  0.47364924E-002  0.44192407E+000  0.12893128E+001
 -0.51982090E-001  0.47364942E-002  0.44192415E+000  0.12893128E+001
 -0.51982101E-001  0.47364959E-002  0.44192422E+000  0.12893129E+001
 -0.51982111E-001  0.47364975E-002  0.44192429E+000  0.12893129E+001
 -0.51982121E-001  0.47364992E-002  0.44192437E+000  0.12893130E+001
 -0.51982131E-001  0.47365007E-002  0.44192444E+000  0.12893130E+001
 -0.51982141E-001  0.47365022E-002  0.44192451E+000  0.12893130E+001
 -0.51982150E-001  0.47365037E-002  0.44192459E+000  0.12893131E+001
 -0.51982159E-001  0.47365050E-002  0.44192466E+000  0.12893131E+001
 -0.51982168E-001  0.47365064E-002  0.44192473E+000  0.12893131E+001
 -0.51982177E-001  0.47365076E-002  0.44192480E+000  0.12893132E+001
 -0.51982186E-001  0.47365089E-002  0.44192487E+000  0.12893132E+001
 -0.51982194E-001  0.47365100E-002  0.44192493E+000  0.12893133E+001
 -0.51982202E-001  0.47365111E-002  0.44192500E+000  0.12893133E+001
 -0.51982210E-001  0.47365122E-002  0.44192506E+000  0.12893134E+001
 -0.51982217E-001  0.47365132E-002  0.44192513E+000  0.12893134E+001
 -0.51982225E-001  0.47365141E-002  0.44192519E+000  0.12893134E+001
 -0.51982232E-001  0.47365150E-002  0.44192525E+000  0.12893135E+001
 -0.51982239E-001  0.47365159E-002  0.44192531E+000  0.12893135E+001
 -0.51982246E-001  0.47365166E-002  0.44192537E+000  0.12893136E+001
 -0.51982253E-001  0.47365174E-002  0.44192543E+000  0.12893136E+001
 -0.51982259E-001  0.47365181E-002  0.44192549E+000  0.12893137E+001
 -0.51982265E-001  0.47365188E-002  0.44192554E+000  0.12893137E+001
 -0.51982271E-001  0.47365194E-002  0.44192559E+000  0.12893137E+001
 -0.51982277E-001  0.47365199E-002  0.44192564E+000  0.12893138E+001
 -0.51982283E-001  0.47365205E-002  0.44192569E+000  0.12893138E+001
 -0.51982288E-001  0.47365210E-002  0.44192574E+000  0.12893139E+001
 -0.51982293E-001  0.47365214E-002  0.44192579E+000  0.12893139E+001
 -0.51982299E-001  0.47365219E-002  0.44192583E+000  0.12893140E+001
 -0.51982303E-001  0.47365223E-002  0.44192588E+000  0.12893140E+001
 -0.51982308E-001  0.47365226E-002  0.44192592E+000  0.12893140E+001
 -0.51982313E-001  0.47365230E-002  0.44192596E+000  0.12893141E+001
 -0.51982317E-001  0.47365233E-002  0.44192600E+000  0.12893141E+001
 -0.51982321E-001  0.47365236E-002  0.44192604E+000  0.12893142E+001
 -0.51982325E-001  0.47365239E-002  0.44192608E+000  0.12893142E+001
 -0.51982329E-001  0.47365241E-002  0.44192611E+000  0.12893142E+001
 -0.51982333E-001  0.47365243E-002  0.44192614E+000  0.12893143E+001
 -0.51982336E-001  0.47365245E-002  0.44192618E+000  0.12893143E+001
 -0.51982340E-001  0.47365247E-002  0.44192621E+000  0.12893144E+001
 -0.51982343E-001  0.47365249E-002  0.44192624E+000  0.12893144E+001
 -0.51982346E-001  0.47365251E-002  0.44192627E+000  0.12893144E+001
 -0.51982349E-001  0.47365252E-002  0.44192629E+000  0.12893145E+001
 -0.51982352E-001  0.47365253E-002  0.44192632E+000  0.12893145E+001
 -0.51982354E-001  0.47365254E-002  0.44192634E+000  0.12893145E+001
 -0.51982357E-001  0.47365255E-002  0.44192637E+000  0.12893146E+001
 -0.51982359E-001  0.47365256E-002  0.44192639E+000  0.12893146E+001
 -0.51982362E-001  0.47365257E-002  0.44192641E+000  0.12893146E+001
 -0.51982364E-001  0.47365258E-002  0.44192643E+000  0.12893147E+001
 -0.51982366E-001  0.47365258E-002  0.44192645E+000  0.12893147E+001
 -0.51982368E-001  0.47365259E-002  0.44192647E+000  0.12893147E+001
 -0.51982370E-001  0.47365259E-002  0.44192649E+000  0.12893148E+001
 -0.51982372E-001  0.47365260E-002  0.44192650E+000  0.12893148E+001
 -0.51982374E-001  0.47365260E-002  0.44192652E+000  0.12893148E+001
 -0.51982375E-001  0.47365260E-002  0.44192654E+000  0.12893148E+001
 -0.51982377E-001  0.47365261E-002  0.44192655E+000  0.12893149E+001
 -0.51982379E-001  0.47365261E-002  0.44192656E+000  0.12893149E+001
 -0.51982380E-001  0.47365261E-002  0.44192658E+000  0.12893149E+001
 -0.51982381E-001  0.47365261E-002  0.44192659E+000  0.12893149E+001
 -0.51982383E-001  0.47365261E-002  0.44192660E+000  0.12893150E+001
 -0.51982384E-001  0.47365261E-002  0.44192661E+000  0.12893150E+001
 -0.51982385E-001  0.47365261E-002  0.44192662E+000  0.12893150E+001
 -0.51982386E-001  0.47365261E-002  0.44192663E+000  0.12893150E+001
 -0.51982387E-001  0.47365261E-002  0.44192664E+000  0.12893150E+001
 -0.51982388E-001  0.47365261E-002  0.44192665E+000  0.12893151E+001
 -0.51982389E-001  0.47365260E-002  0.44192666E+000  0.12893151E+001
 -0.51982390E-001  0.47365260E-002  0.44192667E+000  0.12893151E+001
 -0.51982391E-001  0.47365260E-002  0.44192667E+000  0.12893151E+001
 -0.51982392E-001  0.47365260E-002  0.44192668E+000  0.12893151E+001
 -0.51982392E-001  0.47365260E-002  0.44192669E+000  0.12893152E+001
 -0.51982393E-001  0.47365260E-002  0.44192669E+000  0.12893152E+001
 -0.51982394E-001  0.47365259E-002  0.44192670E+000  0.12893152E+001
 -0.51982394E-001  0.47365259E-002  0.44192670E+000  0.12893152E+001
 -0.51982395E-001  0.47365259E-002  0.44192671E+000  0.12893152E+001
 -0.51982395E-001  0.47365259E-002  0.44192671E+000  0.12893152E+001
 -0.51982396E-001  0.47365259E-002  0.44192672E+000  0.12893152E+001
 -0.51982396E-001  0.47365258E-002  0.44192672E+000  0.12893153E+001
 -0.51982397E-001  0.47365258E-002  0.44192673E+000  0.12893153E+001
 -0.51982397E-001  0.47365258E-002  0.44192673E+000  0.12893153E+001
 -0.51982398E-001  0.47365258E-002  0.44192674E+000  0.12893153E+001
 -0.51982398E-001  0.47365258E-002  0.44192674E+000  0.12893153E+001
 -0.51982399E-001  0.47365258E-002  0.44192674E+000  0.12893153E+001
 -0.51982399E-001  0.47365257E-002  0.44192674E+000  0.12893153E+001
 -0.51982399E-001  0.47365257E-002  0.44192675E+000  0.12893153E+001
 -0.51982400E-001  0.47365257E-002  0.44192675E+000  0.12893153E+001
 -0.51982400E-001  0.47365257E-002  0.44192675E+000  0.12893153E+001
 -0.51982400E-001  0.47365257E-002  0.44192675E+000  0.12893154E+001
 -0.51982401E-001  0.47365257E-002  0.44192676E+000  0.12893154E+001
 -0.51982401E-001  0.47365256E-002  0.44192676E+000  0.12893154E+001
 -0.51982401E-001  0.47365256E-002  0.44192676E+000  0.12893154E+001
 -0.51982401E-001  0.47365256E-002  0.44192676E+000  0.12893154E+001
 -0.51982401E-001  0.47365256E-002  0.44192676E+000  0.12893154E+001
 -0.51982402E-001  0.47365256E-002  0.44192677E+000  0.12893154E+001
 -0.51982402E-001  0.47365256E-002  0.44192677E+000  0.12893154E+001
 -0.51982402E-001  0.47365256E-002  0.44192677E+000  0.12893154E+001
 -0.51982402E-001  0.47365256E-002  0.44192677E+000  0.12893154E+001
 -0.51982402E-001  0.47365256E-002  0.44192677E+000  0.12893154E+001
 -0.51982402E-001  0.47365256E-002  0.44192677E+000  0.12893154E+001
 -0.51982403E-001  0.47365255E-002  0.44192677E+000  0.12893154E+001
 -0.51982403E-001  0.47365255E-002  0.44192677E+000  0.12893154E+001
 -0.51982403E-001  0.47365255E-002  0.44192678E+000  0.12893154E+001
 -0.51982403E-001  0.47365255E-002  0.44192678E+000  0.12893154E+001
 -0.51982403E-001  0.47365255E-002  0.44192678E+000  0.12893154E+001
 -0.51982403E-001  0.47365255E-002  0.44192678E+000  0.12893154E+001
 -0.51982403E-001  0.47365255E-002  0.44192678E+000  0.12893154E+001
 -0.51982403E-001  0.47365255E-002  0.44192678E+000  0.12893154E+001
 -0.51982403E-001  0.47365255E-002  0.44192678E+000  0.12893154E+001
 -0.51982403E-001  0.47365255E-002  0.44192678E+000  0.12893154E+001
 -0.51982403E-001  0.47365256E-002  0.44192678E+000  0.12893154E+001
 -0.51982404E-001  0.47365256E-002  0.44192678E+000  0.12893154E+001
