 -0.16986735E-001
 -0.16982320E-001
 -0.16978897E-001
 -0.16976400E-001
 -0.16974677E-001
 -0.16973578E-001
 -0.16972969E-001
 -0.16972742E-001
 -0.16972805E-001
 -0.16973085E-001
 -0.16973525E-001
 -0.16974078E-001
 -0.16974707E-001
 -0.16975382E-001
 -0.16976080E-001
 -0.16976785E-001
 -0.16977482E-001
 -0.16978163E-001
 -0.16978820E-001
 -0.16979447E-001
 -0.16980042E-001
 -0.16980603E-001
 -0.16981128E-001
 -0.16981618E-001
 -0.16982073E-001
 -0.16982493E-001
 -0.16982881E-001
 -0.16983237E-001
 -0.16983564E-001
 -0.16983862E-001
 -0.16984134E-001
 -0.16984382E-001
 -0.16984607E-001
 -0.16984812E-001
 -0.16984997E-001
 -0.16985164E-001
 -0.16985315E-001
 -0.16985452E-001
 -0.16985575E-001
 -0.16985686E-001
 -0.16985786E-001
 -0.16985876E-001
 -0.16985956E-001
 -0.16986029E-001
 -0.16986093E-001
 -0.16986151E-001
 -0.16986203E-001
 -0.16986248E-001
 -0.16986289E-001
 -0.16986325E-001
 -0.16986357E-001
 -0.16986385E-001
 -0.16986410E-001
 -0.16986432E-001
 -0.16986452E-001
 -0.16986469E-001
 -0.16986485E-001
 -0.16986498E-001
 -0.16986511E-001
 -0.16986522E-001
 -0.16986532E-001
 -0.16986541E-001
 -0.16986549E-001
 -0.16986556E-001
 -0.16986563E-001
 -0.16986570E-001
 -0.16986576E-001
 -0.16986581E-001
 -0.16986586E-001
 -0.16986591E-001
 -0.16986596E-001
 -0.16986600E-001
 -0.16986605E-001
 -0.16986609E-001
 -0.16986612E-001
 -0.16986616E-001
 -0.16986620E-001
 -0.16986623E-001
 -0.16986626E-001
 -0.16986629E-001
 -0.16986632E-001
 -0.16986635E-001
 -0.16986638E-001
 -0.16986641E-001
 -0.16986643E-001
 -0.16986646E-001
 -0.16986648E-001
 -0.16986651E-001
 -0.16986653E-001
 -0.16986655E-001
 -0.16986657E-001
 -0.16986660E-001
 -0.16986662E-001
 -0.16986664E-001
 -0.16986666E-001
 -0.16986668E-001
 -0.16986669E-001
 -0.16986671E-001
 -0.16986673E-001
 -0.16986675E-001
 -0.16986676E-001
 -0.16986678E-001
 -0.16986680E-001
 -0.16986681E-001
 -0.16986683E-001
 -0.16986685E-001
 -0.16986686E-001
 -0.16986688E-001
 -0.16986689E-001
 -0.16986691E-001
 -0.16986692E-001
 -0.16986693E-001
 -0.16986695E-001
 -0.16986696E-001
 -0.16986697E-001
 -0.16986699E-001
 -0.16986700E-001
 -0.16986701E-001
 -0.16986702E-001
 -0.16986703E-001
 -0.16986705E-001
 -0.16986706E-001
 -0.16986707E-001
 -0.16986708E-001
 -0.16986709E-001
 -0.16986710E-001
 -0.16986711E-001
 -0.16986712E-001
 -0.16986713E-001
 -0.16986714E-001
 -0.16986714E-001
 -0.16986715E-001
 -0.16986716E-001
 -0.16986717E-001
 -0.16986718E-001
 -0.16986718E-001
 -0.16986719E-001
 -0.16986720E-001
 -0.16986720E-001
 -0.16986721E-001
 -0.16986722E-001
 -0.16986722E-001
 -0.16986723E-001
 -0.16986723E-001
 -0.16986724E-001
 -0.16986724E-001
 -0.16986725E-001
 -0.16986725E-001
 -0.16986726E-001
 -0.16986726E-001
 -0.16986727E-001
 -0.16986727E-001
 -0.16986727E-001
 -0.16986728E-001
 -0.16986728E-001
 -0.16986729E-001
 -0.16986729E-001
 -0.16986729E-001
 -0.16986729E-001
 -0.16986730E-001
 -0.16986730E-001
 -0.16986730E-001
 -0.16986731E-001
 -0.16986731E-001
 -0.16986731E-001
 -0.16986731E-001
 -0.16986731E-001
 -0.16986732E-001
 -0.16986732E-001
 -0.16986732E-001
 -0.16986732E-001
 -0.16986732E-001
 -0.16986733E-001
 -0.16986733E-001
 -0.16986733E-001
 -0.16986733E-001
 -0.16986733E-001
 -0.16986733E-001
 -0.16986733E-001
 -0.16986733E-001
 -0.16986734E-001
 -0.16986734E-001
 -0.16986734E-001
 -0.16986734E-001
 -0.16986734E-001
 -0.16986734E-001
 -0.16986734E-001
 -0.16986734E-001
 -0.16986734E-001
 -0.16986734E-001
 -0.16986734E-001
 -0.16986734E-001
 -0.16986734E-001
 -0.16986735E-001
 -0.16986735E-001
 -0.16986735E-001
 -0.16986735E-001
 -0.16986735E-001
 -0.16986735E-001
 -0.16986735E-001
