  0.43798579E+000
  0.43800656E+000
  0.43802255E+000
  0.43803493E+000
  0.43804434E+000
  0.43805129E+000
  0.43805621E+000
  0.43805944E+000
  0.43806128E+000
  0.43806200E+000
  0.43806181E+000
  0.43806087E+000
  0.43805935E+000
  0.43805736E+000
  0.43805501E+000
  0.43805239E+000
  0.43804956E+000
  0.43804659E+000
  0.43804352E+000
  0.43804040E+000
  0.43803725E+000
  0.43803411E+000
  0.43803100E+000
  0.43802793E+000
  0.43802493E+000
  0.43802200E+000
  0.43801917E+000
  0.43801643E+000
  0.43801379E+000
  0.43801126E+000
  0.43800885E+000
  0.43800656E+000
  0.43800439E+000
  0.43800234E+000
  0.43800042E+000
  0.43799863E+000
  0.43799696E+000
  0.43799541E+000
  0.43799399E+000
  0.43799268E+000
  0.43799149E+000
  0.43799042E+000
  0.43798945E+000
  0.43798858E+000
  0.43798781E+000
  0.43798713E+000
  0.43798654E+000
  0.43798603E+000
  0.43798559E+000
  0.43798521E+000
  0.43798490E+000
  0.43798464E+000
  0.43798442E+000
  0.43798425E+000
  0.43798412E+000
  0.43798401E+000
  0.43798393E+000
  0.43798387E+000
  0.43798383E+000
  0.43798381E+000
  0.43798380E+000
  0.43798379E+000
  0.43798379E+000
  0.43798380E+000
  0.43798382E+000
  0.43798383E+000
  0.43798385E+000
  0.43798387E+000
  0.43798389E+000
  0.43798391E+000
  0.43798393E+000
  0.43798396E+000
  0.43798398E+000
  0.43798400E+000
  0.43798402E+000
  0.43798405E+000
  0.43798407E+000
  0.43798409E+000
  0.43798412E+000
  0.43798414E+000
  0.43798416E+000
  0.43798419E+000
  0.43798421E+000
  0.43798424E+000
  0.43798426E+000
  0.43798429E+000
  0.43798431E+000
  0.43798434E+000
  0.43798436E+000
  0.43798439E+000
  0.43798442E+000
  0.43798444E+000
  0.43798447E+000
  0.43798450E+000
  0.43798453E+000
  0.43798455E+000
  0.43798458E+000
  0.43798461E+000
  0.43798464E+000
  0.43798466E+000
  0.43798469E+000
  0.43798472E+000
  0.43798474E+000
  0.43798477E+000
  0.43798480E+000
  0.43798483E+000
  0.43798485E+000
  0.43798488E+000
  0.43798490E+000
  0.43798493E+000
  0.43798496E+000
  0.43798498E+000
  0.43798500E+000
  0.43798503E+000
  0.43798505E+000
  0.43798508E+000
  0.43798510E+000
  0.43798512E+000
  0.43798514E+000
  0.43798517E+000
  0.43798519E+000
  0.43798521E+000
  0.43798523E+000
  0.43798525E+000
  0.43798527E+000
  0.43798529E+000
  0.43798531E+000
  0.43798532E+000
  0.43798534E+000
  0.43798536E+000
  0.43798538E+000
  0.43798539E+000
  0.43798541E+000
  0.43798542E+000
  0.43798544E+000
  0.43798545E+000
  0.43798547E+000
  0.43798548E+000
  0.43798549E+000
  0.43798551E+000
  0.43798552E+000
  0.43798553E+000
  0.43798554E+000
  0.43798555E+000
  0.43798556E+000
  0.43798558E+000
  0.43798559E+000
  0.43798559E+000
  0.43798560E+000
  0.43798561E+000
  0.43798562E+000
  0.43798563E+000
  0.43798564E+000
  0.43798565E+000
  0.43798565E+000
  0.43798566E+000
  0.43798567E+000
  0.43798567E+000
  0.43798568E+000
  0.43798568E+000
  0.43798569E+000
  0.43798570E+000
  0.43798570E+000
  0.43798571E+000
  0.43798571E+000
  0.43798572E+000
  0.43798572E+000
  0.43798572E+000
  0.43798573E+000
  0.43798573E+000
  0.43798573E+000
  0.43798574E+000
  0.43798574E+000
  0.43798574E+000
  0.43798575E+000
  0.43798575E+000
  0.43798575E+000
  0.43798575E+000
  0.43798576E+000
  0.43798576E+000
  0.43798576E+000
  0.43798576E+000
  0.43798576E+000
  0.43798577E+000
  0.43798577E+000
  0.43798577E+000
  0.43798577E+000
  0.43798577E+000
  0.43798577E+000
  0.43798578E+000
  0.43798578E+000
  0.43798578E+000
  0.43798578E+000
  0.43798578E+000
  0.43798578E+000
  0.43798578E+000
  0.43798578E+000
  0.43798578E+000
  0.43798578E+000
  0.43798578E+000
