  0.12925212E+001
  0.12925090E+001
  0.12924890E+001
  0.12924696E+001
  0.12924521E+001
  0.12924366E+001
  0.12924230E+001
  0.12924112E+001
  0.12924009E+001
  0.12923919E+001
  0.12923841E+001
  0.12923772E+001
  0.12923712E+001
  0.12923660E+001
  0.12923614E+001
  0.12923574E+001
  0.12923539E+001
  0.12923508E+001
  0.12923481E+001
  0.12923457E+001
  0.12923435E+001
  0.12923417E+001
  0.12923400E+001
  0.12923385E+001
  0.12923372E+001
  0.12923360E+001
  0.12923350E+001
  0.12923340E+001
  0.12923332E+001
  0.12923324E+001
  0.12923318E+001
  0.12923311E+001
  0.12923306E+001
  0.12923301E+001
  0.12923296E+001
  0.12923292E+001
  0.12923289E+001
  0.12923286E+001
  0.12923283E+001
  0.12923280E+001
  0.12923277E+001
  0.12923275E+001
  0.12923273E+001
  0.12923272E+001
  0.12923270E+001
  0.12923268E+001
  0.12923267E+001
  0.12923266E+001
  0.12923265E+001
  0.12923264E+001
  0.12923263E+001
  0.12923262E+001
  0.12923261E+001
  0.12923260E+001
  0.12923260E+001
  0.12923259E+001
  0.12923258E+001
  0.12923258E+001
  0.12923257E+001
  0.12923256E+001
  0.12923256E+001
  0.12923255E+001
  0.12923255E+001
  0.12923254E+001
  0.12923254E+001
  0.12923253E+001
  0.12923252E+001
  0.12923252E+001
  0.12923252E+001
  0.12923251E+001
  0.12923251E+001
  0.12923250E+001
  0.12923250E+001
  0.12923249E+001
  0.12923249E+001
  0.12923249E+001
  0.12923248E+001
  0.12923248E+001
  0.12923248E+001
  0.12923247E+001
  0.12923247E+001
  0.12923247E+001
  0.12923247E+001
  0.12923246E+001
  0.12923246E+001
  0.12923246E+001
  0.12923246E+001
  0.12923245E+001
  0.12923245E+001
  0.12923245E+001
  0.12923245E+001
  0.12923244E+001
  0.12923244E+001
  0.12923244E+001
  0.12923244E+001
  0.12923244E+001
  0.12923243E+001
  0.12923243E+001
  0.12923243E+001
  0.12923243E+001
  0.12923243E+001
  0.12923242E+001
  0.12923242E+001
  0.12923242E+001
  0.12923242E+001
  0.12923242E+001
  0.12923242E+001
  0.12923241E+001
  0.12923241E+001
  0.12923241E+001
  0.12923241E+001
  0.12923241E+001
  0.12923240E+001
  0.12923240E+001
  0.12923240E+001
  0.12923240E+001
  0.12923240E+001
  0.12923239E+001
  0.12923239E+001
  0.12923239E+001
  0.12923239E+001
  0.12923239E+001
  0.12923238E+001
  0.12923238E+001
  0.12923238E+001
  0.12923238E+001
  0.12923238E+001
  0.12923237E+001
  0.12923237E+001
  0.12923237E+001
  0.12923237E+001
  0.12923237E+001
  0.12923236E+001
  0.12923236E+001
  0.12923236E+001
  0.12923236E+001
  0.12923236E+001
  0.12923235E+001
  0.12923235E+001
  0.12923235E+001
  0.12923235E+001
  0.12923234E+001
  0.12923234E+001
  0.12923234E+001
  0.12923234E+001
  0.12923233E+001
  0.12923233E+001
  0.12923233E+001
  0.12923233E+001
  0.12923232E+001
  0.12923232E+001
  0.12923232E+001
  0.12923232E+001
  0.12923231E+001
  0.12923231E+001
  0.12923231E+001
  0.12923230E+001
  0.12923230E+001
  0.12923230E+001
  0.12923230E+001
  0.12923229E+001
  0.12923229E+001
  0.12923229E+001
  0.12923228E+001
  0.12923228E+001
  0.12923228E+001
  0.12923227E+001
  0.12923227E+001
  0.12923227E+001
  0.12923226E+001
  0.12923226E+001
  0.12923226E+001
  0.12923225E+001
  0.12923225E+001
  0.12923225E+001
  0.12923224E+001
  0.12923224E+001
  0.12923224E+001
  0.12923223E+001
  0.12923223E+001
  0.12923223E+001
  0.12923222E+001
  0.12923222E+001
  0.12923222E+001
  0.12923221E+001
  0.12923221E+001
  0.12923221E+001
  0.12923220E+001
  0.12923220E+001
  0.12923220E+001
  0.12923219E+001
  0.12923219E+001
  0.12923219E+001
  0.12923218E+001
  0.12923218E+001
  0.12923218E+001
  0.12923217E+001
  0.12923217E+001
  0.12923217E+001
  0.12923217E+001
