  0.73502823E+000
  0.73514455E+000
  0.73521834E+000
  0.73525847E+000
  0.73527458E+000
  0.73527444E+000
  0.73526409E+000
  0.73524753E+000
  0.73522752E+000
  0.73520590E+000
  0.73518357E+000
  0.73516103E+000
  0.73513911E+000
  0.73511828E+000
  0.73509876E+000
  0.73508065E+000
  0.73506394E+000
  0.73504859E+000
  0.73503451E+000
  0.73502160E+000
  0.73500977E+000
  0.73499891E+000
  0.73498894E+000
  0.73497978E+000
  0.73497133E+000
  0.73496353E+000
  0.73495632E+000
  0.73494965E+000
  0.73494346E+000
  0.73493772E+000
  0.73493239E+000
  0.73492744E+000
  0.73492285E+000
  0.73491858E+000
  0.73491462E+000
  0.73491095E+000
  0.73490756E+000
  0.73490442E+000
  0.73490153E+000
  0.73489887E+000
  0.73489642E+000
  0.73489418E+000
  0.73489213E+000
  0.73489026E+000
  0.73488855E+000
  0.73488701E+000
  0.73488561E+000
  0.73488434E+000
  0.73488320E+000
  0.73488218E+000
  0.73488125E+000
  0.73488043E+000
  0.73487968E+000
  0.73487901E+000
  0.73487841E+000
  0.73487787E+000
  0.73487739E+000
  0.73487695E+000
  0.73487656E+000
  0.73487620E+000
  0.73487587E+000
  0.73487558E+000
  0.73487531E+000
  0.73487506E+000
  0.73487484E+000
  0.73487463E+000
  0.73487444E+000
  0.73487427E+000
  0.73487410E+000
  0.73487396E+000
  0.73487382E+000
  0.73487369E+000
  0.73487357E+000
  0.73487346E+000
  0.73487336E+000
  0.73487327E+000
  0.73487318E+000
  0.73487310E+000
  0.73487303E+000
  0.73487296E+000
  0.73487289E+000
  0.73487283E+000
  0.73487278E+000
  0.73487273E+000
  0.73487268E+000
  0.73487264E+000
  0.73487259E+000
  0.73487256E+000
  0.73487252E+000
  0.73487249E+000
  0.73487246E+000
  0.73487243E+000
  0.73487240E+000
  0.73487238E+000
  0.73487235E+000
  0.73487233E+000
  0.73487231E+000
  0.73487229E+000
  0.73487227E+000
  0.73487225E+000
  0.73487224E+000
  0.73487222E+000
  0.73487221E+000
  0.73487219E+000
  0.73487218E+000
  0.73487216E+000
  0.73487215E+000
  0.73487214E+000
  0.73487212E+000
  0.73487211E+000
  0.73487210E+000
  0.73487209E+000
  0.73487208E+000
  0.73487207E+000
  0.73487206E+000
  0.73487204E+000
  0.73487203E+000
  0.73487202E+000
  0.73487202E+000
  0.73487201E+000
  0.73487200E+000
  0.73487199E+000
  0.73487198E+000
  0.73487197E+000
  0.73487196E+000
  0.73487196E+000
  0.73487195E+000
  0.73487194E+000
  0.73487193E+000
  0.73487193E+000
  0.73487192E+000
  0.73487191E+000
  0.73487191E+000
  0.73487190E+000
  0.73487190E+000
  0.73487189E+000
  0.73487188E+000
  0.73487188E+000
  0.73487187E+000
  0.73487187E+000
  0.73487186E+000
  0.73487186E+000
  0.73487186E+000
  0.73487185E+000
  0.73487185E+000
  0.73487184E+000
  0.73487184E+000
  0.73487184E+000
  0.73487183E+000
  0.73487183E+000
  0.73487183E+000
  0.73487182E+000
  0.73487182E+000
  0.73487182E+000
  0.73487182E+000
  0.73487181E+000
  0.73487181E+000
  0.73487181E+000
  0.73487181E+000
  0.73487181E+000
  0.73487180E+000
  0.73487180E+000
  0.73487180E+000
  0.73487180E+000
  0.73487180E+000
  0.73487180E+000
  0.73487180E+000
  0.73487180E+000
  0.73487179E+000
  0.73487179E+000
  0.73487179E+000
  0.73487179E+000
  0.73487179E+000
  0.73487179E+000
  0.73487179E+000
  0.73487179E+000
  0.73487179E+000
  0.73487179E+000
  0.73487179E+000
  0.73487179E+000
  0.73487179E+000
  0.73487179E+000
  0.73487179E+000
  0.73487179E+000
  0.73487179E+000
  0.73487179E+000
  0.73487179E+000
  0.73487179E+000
  0.73487179E+000
  0.73487179E+000
  0.73487179E+000
  0.73487179E+000
  0.73487179E+000
  0.73487179E+000
  0.73487179E+000
  0.73487179E+000
  0.73487179E+000
  0.73487179E+000
  0.73487179E+000
  0.73487179E+000
