  0.30458118E+001
  0.30395885E+001
  0.30390861E+001
  0.30395961E+001
  0.30402668E+001
  0.30409143E+001
  0.30414976E+001
  0.30420107E+001
  0.30424574E+001
  0.30428448E+001
  0.30431791E+001
  0.30434664E+001
  0.30437138E+001
  0.30439270E+001
  0.30441109E+001
  0.30442693E+001
  0.30444061E+001
  0.30445242E+001
  0.30446264E+001
  0.30447148E+001
  0.30447914E+001
  0.30448579E+001
  0.30449157E+001
  0.30449660E+001
  0.30450099E+001
  0.30450483E+001
  0.30450819E+001
  0.30451113E+001
  0.30451373E+001
  0.30451601E+001
  0.30451802E+001
  0.30451980E+001
  0.30452138E+001
  0.30452278E+001
  0.30452402E+001
  0.30452511E+001
  0.30452609E+001
  0.30452696E+001
  0.30452773E+001
  0.30452841E+001
  0.30452900E+001
  0.30452953E+001
  0.30452999E+001
  0.30453039E+001
  0.30453074E+001
  0.30453103E+001
  0.30453128E+001
  0.30453149E+001
  0.30453165E+001
  0.30453179E+001
  0.30453190E+001
  0.30453198E+001
  0.30453205E+001
  0.30453210E+001
  0.30453213E+001
  0.30453216E+001
  0.30453218E+001
  0.30453219E+001
  0.30453221E+001
  0.30453222E+001
  0.30453224E+001
  0.30453226E+001
  0.30453228E+001
  0.30453230E+001
  0.30453233E+001
  0.30453236E+001
  0.30453239E+001
  0.30453243E+001
  0.30453247E+001
  0.30453251E+001
  0.30453256E+001
  0.30453261E+001
  0.30453266E+001
  0.30453271E+001
  0.30453276E+001
  0.30453282E+001
  0.30453287E+001
  0.30453293E+001
  0.30453299E+001
  0.30453305E+001
  0.30453310E+001
  0.30453316E+001
  0.30453322E+001
  0.30453328E+001
  0.30453333E+001
  0.30453339E+001
  0.30453345E+001
  0.30453350E+001
  0.30453355E+001
  0.30453361E+001
  0.30453366E+001
  0.30453371E+001
  0.30453376E+001
  0.30453381E+001
  0.30453386E+001
  0.30453391E+001
  0.30453395E+001
  0.30453400E+001
  0.30453404E+001
  0.30453408E+001
  0.30453412E+001
  0.30453416E+001
  0.30453420E+001
  0.30453424E+001
  0.30453428E+001
  0.30453432E+001
  0.30453435E+001
  0.30453439E+001
  0.30453442E+001
  0.30453445E+001
  0.30453448E+001
  0.30453452E+001
  0.30453454E+001
  0.30453457E+001
  0.30453460E+001
  0.30453463E+001
  0.30453466E+001
  0.30453468E+001
  0.30453470E+001
  0.30453473E+001
  0.30453475E+001
  0.30453477E+001
  0.30453479E+001
  0.30453481E+001
  0.30453483E+001
  0.30453485E+001
  0.30453487E+001
  0.30453489E+001
  0.30453490E+001
  0.30453492E+001
  0.30453493E+001
  0.30453495E+001
  0.30453496E+001
  0.30453497E+001
  0.30453499E+001
  0.30453500E+001
  0.30453501E+001
  0.30453502E+001
  0.30453503E+001
  0.30453504E+001
  0.30453504E+001
  0.30453505E+001
  0.30453506E+001
  0.30453506E+001
  0.30453507E+001
  0.30453507E+001
  0.30453508E+001
  0.30453508E+001
  0.30453509E+001
  0.30453509E+001
  0.30453509E+001
  0.30453509E+001
  0.30453509E+001
  0.30453510E+001
  0.30453510E+001
  0.30453510E+001
  0.30453510E+001
  0.30453510E+001
  0.30453510E+001
  0.30453509E+001
  0.30453509E+001
  0.30453509E+001
  0.30453509E+001
  0.30453509E+001
  0.30453508E+001
  0.30453508E+001
  0.30453508E+001
  0.30453507E+001
  0.30453507E+001
  0.30453506E+001
  0.30453506E+001
  0.30453505E+001
  0.30453505E+001
  0.30453504E+001
  0.30453504E+001
  0.30453503E+001
  0.30453503E+001
  0.30453502E+001
  0.30453502E+001
  0.30453501E+001
  0.30453500E+001
  0.30453500E+001
  0.30453499E+001
  0.30453499E+001
  0.30453498E+001
  0.30453497E+001
  0.30453497E+001
  0.30453496E+001
  0.30453495E+001
  0.30453495E+001
  0.30453494E+001
  0.30453493E+001
  0.30453493E+001
  0.30453492E+001
  0.30453491E+001
  0.30453491E+001
  0.30453490E+001
  0.30453489E+001
  0.30453488E+001
  0.30453488E+001
