  0.69513963E+000  0.89262222E+000  0.10021857E+001  0.25801374E+001
  0.69512966E+000  0.89259481E+000  0.10021789E+001  0.25801327E+001
  0.69511335E+000  0.89256594E+000  0.10021579E+001  0.25801193E+001
  0.69509700E+000  0.89253958E+000  0.10021366E+001  0.25801055E+001
  0.69508186E+000  0.89251641E+000  0.10021174E+001  0.25800928E+001
  0.69506816E+000  0.89249631E+000  0.10021006E+001  0.25800816E+001
  0.69505587E+000  0.89247897E+000  0.10020858E+001  0.25800718E+001
  0.69504488E+000  0.89246402E+000  0.10020731E+001  0.25800632E+001
  0.69503506E+000  0.89245117E+000  0.10020620E+001  0.25800557E+001
  0.69502630E+000  0.89244011E+000  0.10020523E+001  0.25800492E+001
  0.69501847E+000  0.89243063E+000  0.10020440E+001  0.25800434E+001
  0.69501147E+000  0.89242246E+000  0.10020367E+001  0.25800385E+001
  0.69500520E+000  0.89241545E+000  0.10020304E+001  0.25800341E+001
  0.69499958E+000  0.89240942E+000  0.10020250E+001  0.25800304E+001
  0.69499451E+000  0.89240424E+000  0.10020202E+001  0.25800271E+001
  0.69498995E+000  0.89239978E+000  0.10020161E+001  0.25800242E+001
  0.69498583E+000  0.89239594E+000  0.10020125E+001  0.25800217E+001
  0.69498209E+000  0.89239276E+000  0.10020092E+001  0.25800194E+001
  0.69497870E+000  0.89238992E+000  0.10020065E+001  0.25800175E+001
  0.69497561E+000  0.89238746E+000  0.10020041E+001  0.25800158E+001
  0.69497279E+000  0.89238535E+000  0.10020021E+001  0.25800143E+001
  0.69497021E+000  0.89238353E+000  0.10019208E+001  0.25800925E+001
  0.69496785E+000  0.89238195E+000  0.10019192E+001  0.25800913E+001
  0.69496567E+000  0.89238059E+000  0.10019178E+001  0.25800903E+001
  0.69496368E+000  0.89237942E+000  0.10019166E+001  0.25800894E+001
  0.69496183E+000  0.89237841E+000  0.10019156E+001  0.25800886E+001
  0.69496014E+000  0.89237753E+000  0.10019146E+001  0.25800879E+001
  0.69495857E+000  0.89237677E+000  0.10019139E+001  0.25800872E+001
  0.69495712E+000  0.89237612E+000  0.10019132E+001  0.25800867E+001
  0.69495579E+000  0.89237555E+000  0.10019125E+001  0.25800862E+001
  0.69495455E+000  0.89237505E+000  0.10019120E+001  0.25800857E+001
  0.69495341E+000  0.89237463E+000  0.10019115E+001  0.25800853E+001
  0.69495236E+000  0.89237426E+000  0.10019111E+001  0.25800849E+001
  0.69495139E+000  0.89237393E+000  0.10019108E+001  0.25800846E+001
  0.69495050E+000  0.89237365E+000  0.10019105E+001  0.25800843E+001
  0.69494968E+000  0.89237340E+000  0.10019102E+001  0.25800840E+001
  0.69494893E+000  0.89237319E+000  0.10019099E+001  0.25800838E+001
  0.69494824E+000  0.89237300E+000  0.10019097E+001  0.25800836E+001
  0.69494762E+000  0.89237283E+000  0.10019095E+001  0.25800834E+001
  0.69494705E+000  0.89237269E+000  0.10019093E+001  0.25800832E+001
  0.69494653E+000  0.89237256E+000  0.10019092E+001  0.25800830E+001
  0.69494606E+000  0.89237244E+000  0.10019090E+001  0.25800829E+001
  0.69494564E+000  0.89237234E+000  0.10019089E+001  0.25800828E+001
  0.69494526E+000  0.89237225E+000  0.10019088E+001  0.25800826E+001
  0.69494493E+000  0.89237216E+000  0.10019087E+001  0.25800825E+001
  0.69494462E+000  0.89237209E+000  0.10019086E+001  0.25800824E+001
  0.69494435E+000  0.89237202E+000  0.10019085E+001  0.25800823E+001
  0.69494411E+000  0.89237195E+000  0.10019084E+001  0.25800823E+001
  0.69494390E+000  0.89237189E+000  0.10019083E+001  0.25800822E+001
  0.69494371E+000  0.89237183E+000  0.10019082E+001  0.25800821E+001
  0.69494354E+000  0.89237177E+000  0.10019081E+001  0.25800820E+001
  0.69494339E+000  0.89237172E+000  0.10019080E+001  0.25800820E+001
  0.69494325E+000  0.89237167E+000  0.10019079E+001  0.25800819E+001
  0.69494313E+000  0.89237161E+000  0.10019079E+001  0.25800819E+001
  0.69494302E+000  0.89237156E+000  0.10019078E+001  0.25800818E+001
  0.69494292E+000  0.89237151E+000  0.10019077E+001  0.25800818E+001
  0.69494283E+000  0.89237146E+000  0.10019076E+001  0.25800817E+001
  0.69494274E+000  0.89237140E+000  0.10019075E+001  0.25800817E+001
  0.69494266E+000  0.89237135E+000  0.10019074E+001  0.25800816E+001
  0.69494259E+000  0.89237130E+000  0.10019074E+001  0.25800816E+001
  0.69494252E+000  0.89237125E+000  0.10019073E+001  0.25800816E+001
  0.69494245E+000  0.89237120E+000  0.10019072E+001  0.25800815E+001
  0.69494239E+000  0.89237116E+000  0.10019071E+001  0.25800815E+001
  0.69494233E+000  0.89237111E+000  0.10019070E+001  0.25800815E+001
  0.69494227E+000  0.89237106E+000  0.10019069E+001  0.25800814E+001
  0.69494222E+000  0.89237102E+000  0.10019069E+001  0.25800814E+001
  0.69494216E+000  0.89237098E+000  0.10019068E+001  0.25800814E+001
  0.69494211E+000  0.89237093E+000  0.10019067E+001  0.25800814E+001
  0.69494206E+000  0.89237089E+000  0.10019066E+001  0.25800814E+001
  0.69494202E+000  0.89237086E+000  0.10019065E+001  0.25800813E+001
  0.69494197E+000  0.89237082E+000  0.10019065E+001  0.25800813E+001
  0.69494193E+000  0.89237078E+000  0.10019064E+001  0.25800813E+001
  0.69494189E+000  0.89237075E+000  0.10019063E+001  0.25800813E+001
  0.69494186E+000  0.89237072E+000  0.10019062E+001  0.25800813E+001
  0.69494182E+000  0.89237069E+000  0.10019061E+001  0.25800813E+001
  0.69494179E+000  0.89237066E+000  0.10019061E+001  0.25800813E+001
  0.69494176E+000  0.89237064E+000  0.10019060E+001  0.25800813E+001
  0.69494173E+000  0.89237061E+000  0.10019059E+001  0.25800812E+001
  0.69494170E+000  0.89237059E+000  0.10019059E+001  0.25800812E+001
  0.69494168E+000  0.89237057E+000  0.10019058E+001  0.25800812E+001
  0.69494165E+000  0.89237055E+000  0.10019057E+001  0.25800812E+001
  0.69494163E+000  0.89237053E+000  0.10019056E+001  0.25800812E+001
  0.69494161E+000  0.89237051E+000  0.10019056E+001  0.25800812E+001
  0.69494159E+000  0.89237049E+000  0.10019055E+001  0.25800812E+001
  0.69494158E+000  0.89237048E+000  0.10019055E+001  0.25800812E+001
  0.69494156E+000  0.89237046E+000  0.10019054E+001  0.25800812E+001
  0.69494155E+000  0.89237045E+000  0.10019053E+001  0.25800812E+001
  0.69494153E+000  0.89237044E+000  0.10019053E+001  0.25800812E+001
  0.69494152E+000  0.89237042E+000  0.10019052E+001  0.25800812E+001
  0.69494151E+000  0.89237041E+000  0.10019051E+001  0.25800812E+001
  0.69494150E+000  0.89237040E+000  0.10019051E+001  0.25800812E+001
  0.69494149E+000  0.89237039E+000  0.10019050E+001  0.25800812E+001
  0.69494148E+000  0.89237038E+000  0.10019050E+001  0.25800812E+001
  0.69494147E+000  0.89237037E+000  0.10019049E+001  0.25800812E+001
  0.69494146E+000  0.89237036E+000  0.10019048E+001  0.25800812E+001
  0.69494146E+000  0.89237035E+000  0.10019048E+001  0.25800812E+001
  0.69494145E+000  0.89237034E+000  0.10019047E+001  0.25800812E+001
  0.69494144E+000  0.89237033E+000  0.10019047E+001  0.25800812E+001
  0.69494144E+000  0.89237033E+000  0.10019046E+001  0.25800812E+001
  0.69494143E+000  0.89237032E+000  0.10019045E+001  0.25800812E+001
  0.69494142E+000  0.89237031E+000  0.10019045E+001  0.25800812E+001
  0.69494142E+000  0.89237030E+000  0.10019044E+001  0.25800812E+001
  0.69494141E+000  0.89237029E+000  0.10019044E+001  0.25800812E+001
  0.69494141E+000  0.89237029E+000  0.10019043E+001  0.25800811E+001
  0.69494140E+000  0.89237028E+000  0.10019043E+001  0.25800811E+001
  0.69494140E+000  0.89237027E+000  0.10019042E+001  0.25800811E+001
  0.69494139E+000  0.89237026E+000  0.10019041E+001  0.25800811E+001
  0.69494139E+000  0.89237026E+000  0.10019041E+001  0.25800811E+001
  0.69494139E+000  0.89237025E+000  0.10019040E+001  0.25800811E+001
  0.69494138E+000  0.89237024E+000  0.10019040E+001  0.25800811E+001
  0.69494138E+000  0.89237023E+000  0.10019039E+001  0.25800811E+001
  0.69494137E+000  0.89237023E+000  0.10019039E+001  0.25800811E+001
  0.69494137E+000  0.89237022E+000  0.10019038E+001  0.25800811E+001
  0.69494136E+000  0.89237021E+000  0.10019038E+001  0.25800810E+001
  0.69494136E+000  0.89237020E+000  0.10019037E+001  0.25800810E+001
  0.69494135E+000  0.89237020E+000  0.10019037E+001  0.25800810E+001
  0.69494135E+000  0.89237019E+000  0.10019036E+001  0.25800810E+001
  0.69494135E+000  0.89237018E+000  0.10019036E+001  0.25800810E+001
  0.69494134E+000  0.89237018E+000  0.10019035E+001  0.25800810E+001
  0.69494134E+000  0.89237017E+000  0.10019035E+001  0.25800809E+001
  0.69494133E+000  0.89237016E+000  0.10019034E+001  0.25800809E+001
  0.69494133E+000  0.89237016E+000  0.10019034E+001  0.25800809E+001
  0.69494132E+000  0.89237015E+000  0.10019033E+001  0.25800809E+001
  0.69494132E+000  0.89237014E+000  0.10019033E+001  0.25800808E+001
  0.69494131E+000  0.89237014E+000  0.10019033E+001  0.25800808E+001
  0.69494131E+000  0.89237013E+000  0.10019032E+001  0.25800808E+001
  0.69494131E+000  0.89237013E+000  0.10019032E+001  0.25800808E+001
  0.69494130E+000  0.89237012E+000  0.10019031E+001  0.25800807E+001
  0.69494130E+000  0.89237011E+000  0.10019031E+001  0.25800807E+001
  0.69494129E+000  0.89237011E+000  0.10019031E+001  0.25800807E+001
  0.69494129E+000  0.89237010E+000  0.10019030E+001  0.25800806E+001
  0.69494129E+000  0.89237010E+000  0.10019030E+001  0.25800806E+001
  0.69494128E+000  0.89237009E+000  0.10019030E+001  0.25800805E+001
  0.69494128E+000  0.89237009E+000  0.10019029E+001  0.25800805E+001
  0.69494127E+000  0.89237008E+000  0.10019029E+001  0.25800805E+001
  0.69494127E+000  0.89237008E+000  0.10019029E+001  0.25800804E+001
  0.69494127E+000  0.89237007E+000  0.10019028E+001  0.25800804E+001
  0.69494126E+000  0.89237007E+000  0.10019028E+001  0.25800803E+001
  0.69494126E+000  0.89237006E+000  0.10019028E+001  0.25800803E+001
  0.69494125E+000  0.89237006E+000  0.10019028E+001  0.25800802E+001
  0.69494125E+000  0.89237005E+000  0.10019027E+001  0.25800801E+001
  0.69494125E+000  0.89237005E+000  0.10019027E+001  0.25800801E+001
  0.69494124E+000  0.89237005E+000  0.10019027E+001  0.25800800E+001
  0.69494124E+000  0.89237004E+000  0.10019027E+001  0.25800800E+001
  0.69494124E+000  0.89237004E+000  0.10019026E+001  0.25800799E+001
  0.69494123E+000  0.89237003E+000  0.10019026E+001  0.25800798E+001
  0.69494123E+000  0.89237003E+000  0.10019026E+001  0.25800798E+001
  0.69494123E+000  0.89237003E+000  0.10019026E+001  0.25800797E+001
  0.69494122E+000  0.89237002E+000  0.10019026E+001  0.25800796E+001
  0.69494122E+000  0.89237002E+000  0.10019025E+001  0.25800795E+001
  0.69494122E+000  0.89237002E+000  0.10019025E+001  0.25800794E+001
  0.69494122E+000  0.89237001E+000  0.10019025E+001  0.25800794E+001
  0.69494121E+000  0.89237001E+000  0.10019025E+001  0.25800793E+001
  0.69494121E+000  0.89237001E+000  0.10019025E+001  0.25800792E+001
  0.69494121E+000  0.89237001E+000  0.10019024E+001  0.25800791E+001
  0.69494121E+000  0.89237000E+000  0.10019024E+001  0.25800790E+001
  0.69494120E+000  0.89237000E+000  0.10019024E+001  0.25800789E+001
  0.69494120E+000  0.89237000E+000  0.10019024E+001  0.25800788E+001
  0.69494120E+000  0.89237000E+000  0.10019024E+001  0.25800787E+001
  0.69494120E+000  0.89237000E+000  0.10019024E+001  0.25800786E+001
  0.69494119E+000  0.89236999E+000  0.10019024E+001  0.25800785E+001
  0.69494119E+000  0.89236999E+000  0.10019024E+001  0.25800784E+001
  0.69494119E+000  0.89236999E+000  0.10019023E+001  0.25800783E+001
  0.69494119E+000  0.89236999E+000  0.10019023E+001  0.25800782E+001
  0.69494119E+000  0.89236999E+000  0.10019023E+001  0.25800780E+001
  0.69494119E+000  0.89236998E+000  0.10019023E+001  0.25800779E+001
  0.69494118E+000  0.89236998E+000  0.10019023E+001  0.25800778E+001
  0.69494118E+000  0.89236998E+000  0.10019023E+001  0.25800777E+001
  0.69494118E+000  0.89236998E+000  0.10019023E+001  0.25800776E+001
  0.69494118E+000  0.89236998E+000  0.10019023E+001  0.25800774E+001
  0.69494118E+000  0.89236998E+000  0.10019023E+001  0.25800773E+001
  0.69494118E+000  0.89236998E+000  0.10019023E+001  0.25800772E+001
  0.69494118E+000  0.89236998E+000  0.10019023E+001  0.25800771E+001
  0.69494118E+000  0.89236997E+000  0.10019022E+001  0.25800770E+001
  0.69494117E+000  0.89236997E+000  0.10019022E+001  0.25800768E+001
  0.69494117E+000  0.89236997E+000  0.10019022E+001  0.25800767E+001
  0.69494117E+000  0.89236997E+000  0.10019022E+001  0.25800766E+001
  0.69494117E+000  0.89236997E+000  0.10019022E+001  0.25800764E+001
  0.69494117E+000  0.89236997E+000  0.10019022E+001  0.25800763E+001
  0.69494117E+000  0.89236997E+000  0.10019022E+001  0.25800762E+001
  0.69494117E+000  0.89236997E+000  0.10019022E+001  0.25800761E+001
  0.69494117E+000  0.89236997E+000  0.10019022E+001  0.25800759E+001
  0.69494117E+000  0.89236997E+000  0.10019022E+001  0.25800758E+001
  0.69494117E+000  0.89236997E+000  0.10019022E+001  0.25800757E+001
  0.69494117E+000  0.89236997E+000  0.10019022E+001  0.25800755E+001
  0.69494117E+000  0.89236997E+000  0.10019022E+001  0.25800754E+001
  0.69494117E+000  0.89236997E+000  0.10019022E+001  0.25800753E+001
  0.69494117E+000  0.89236997E+000  0.10019022E+001  0.25800751E+001
  0.69494117E+000  0.89236997E+000  0.10019022E+001  0.25800750E+001
  0.69494117E+000  0.89236997E+000  0.10019022E+001  0.25800749E+001
  0.69494117E+000  0.89236997E+000  0.10019022E+001  0.25800748E+001
  0.69494117E+000  0.89236997E+000  0.10019022E+001  0.25800746E+001
  0.69494116E+000  0.89236997E+000  0.10019022E+001  0.25800745E+001
  0.69494116E+000  0.89236997E+000  0.10019022E+001  0.25800744E+001
  0.69494116E+000  0.89236997E+000  0.10019022E+001  0.25800743E+001
  0.69494116E+000  0.89236996E+000  0.10019022E+001  0.25800741E+001
  0.69494116E+000  0.89236996E+000  0.10019022E+001  0.25800740E+001
  0.69494116E+000  0.89236996E+000  0.10019022E+001  0.25800739E+001
  0.69494116E+000  0.89236996E+000  0.10019022E+001  0.25800738E+001
  0.69494117E+000  0.89236996E+000  0.10019022E+001  0.25800737E+001
