  0.77821845E+000  0.89351434E+000  0.10979487E+001  0.24004034E+001
  0.77818992E+000  0.89347609E+000  0.10979605E+001  0.24004096E+001
  0.77816478E+000  0.89344418E+000  0.10979431E+001  0.24004044E+001
  0.77814230E+000  0.89341526E+000  0.10979238E+001  0.24003973E+001
  0.77812223E+000  0.89338982E+000  0.10979062E+001  0.24003903E+001
  0.77810440E+000  0.89336791E+000  0.10978906E+001  0.24003837E+001
  0.77808860E+000  0.89334923E+000  0.10978770E+001  0.24003776E+001
  0.77807465E+000  0.89333339E+000  0.10978650E+001  0.24003721E+001
  0.77806234E+000  0.89332001E+000  0.10978545E+001  0.24003670E+001
  0.77805149E+000  0.89330873E+000  0.10978453E+001  0.24003624E+001
  0.77804192E+000  0.89329924E+000  0.10978371E+001  0.24003582E+001
  0.77803348E+000  0.89329128E+000  0.10978300E+001  0.24003544E+001
  0.77802603E+000  0.89328460E+000  0.10978237E+001  0.24003509E+001
  0.77801945E+000  0.89327901E+000  0.10978181E+001  0.24003477E+001
  0.77801362E+000  0.89327432E+000  0.10978133E+001  0.24003448E+001
  0.77800845E+000  0.89327040E+000  0.10978090E+001  0.24003421E+001
  0.77800386E+000  0.89326712E+000  0.10978053E+001  0.24003397E+001
  0.77799978E+000  0.89326438E+000  0.10978020E+001  0.24003374E+001
  0.77799614E+000  0.89326210E+000  0.10977991E+001  0.24003353E+001
  0.77799288E+000  0.89326020E+000  0.10977966E+001  0.24003333E+001
  0.77798996E+000  0.89325862E+000  0.10977944E+001  0.24003315E+001
  0.77798734E+000  0.89325731E+000  0.10977925E+001  0.24003298E+001
  0.77798498E+000  0.89325623E+000  0.10977908E+001  0.24003282E+001
  0.77798286E+000  0.89325535E+000  0.10977894E+001  0.24003268E+001
  0.77798093E+000  0.89325463E+000  0.10977881E+001  0.24003254E+001
  0.77797920E+000  0.89325404E+000  0.10977870E+001  0.24003241E+001
  0.77797762E+000  0.89325357E+000  0.10977861E+001  0.24003229E+001
  0.77797619E+000  0.89325320E+000  0.10977853E+001  0.24003218E+001
  0.77797488E+000  0.89325292E+000  0.10977845E+001  0.24003207E+001
  0.77797370E+000  0.89325270E+000  0.10977839E+001  0.24003197E+001
  0.77797262E+000  0.89325254E+000  0.10977834E+001  0.24003188E+001
  0.77797163E+000  0.89325242E+000  0.10977829E+001  0.24003179E+001
  0.77797073E+000  0.89325235E+000  0.10977825E+001  0.24003171E+001
  0.77796991E+000  0.89325230E+000  0.10977821E+001  0.24003164E+001
  0.77796916E+000  0.89325228E+000  0.10977818E+001  0.24003157E+001
  0.77796848E+000  0.89325228E+000  0.10977815E+001  0.24003150E+001
  0.77796786E+000  0.89325230E+000  0.10977812E+001  0.24003145E+001
  0.77796729E+000  0.89325233E+000  0.10977810E+001  0.24003139E+001
  0.77796677E+000  0.89325236E+000  0.10977808E+001  0.24003134E+001
  0.77796630E+000  0.89325240E+000  0.10977806E+001  0.24003129E+001
  0.77796587E+000  0.89325245E+000  0.10977804E+001  0.24003125E+001
  0.77796548E+000  0.89325249E+000  0.10977803E+001  0.24003121E+001
  0.77796513E+000  0.89325254E+000  0.10977802E+001  0.24003118E+001
  0.77796481E+000  0.89325258E+000  0.10977801E+001  0.24003115E+001
  0.77796452E+000  0.89325262E+000  0.10977799E+001  0.24003112E+001
  0.77796426E+000  0.89325265E+000  0.10977799E+001  0.24003109E+001
  0.77796403E+000  0.89325268E+000  0.10977798E+001  0.24003107E+001
  0.77796381E+000  0.89325270E+000  0.10977797E+001  0.24003105E+001
  0.77796362E+000  0.89325272E+000  0.10977796E+001  0.24003103E+001
  0.77796344E+000  0.89325273E+000  0.10977796E+001  0.24003101E+001
  0.77796327E+000  0.89325273E+000  0.10977795E+001  0.24003099E+001
  0.77796313E+000  0.89325272E+000  0.10977795E+001  0.24003098E+001
  0.77796299E+000  0.89325270E+000  0.10977794E+001  0.24003097E+001
  0.77796286E+000  0.89325268E+000  0.10977794E+001  0.24003095E+001
  0.77796274E+000  0.89325265E+000  0.10977793E+001  0.24003094E+001
  0.77796263E+000  0.89325261E+000  0.10977793E+001  0.24003093E+001
  0.77796253E+000  0.89325256E+000  0.10977793E+001  0.24003092E+001
  0.77796243E+000  0.89325251E+000  0.10977793E+001  0.24003091E+001
  0.77796234E+000  0.89325246E+000  0.10977792E+001  0.24003090E+001
  0.77796225E+000  0.89325240E+000  0.10977792E+001  0.24003090E+001
  0.77796217E+000  0.89325234E+000  0.10977792E+001  0.24003089E+001
  0.77796209E+000  0.89325227E+000  0.10977792E+001  0.24003088E+001
  0.77796201E+000  0.89325220E+000  0.10977792E+001  0.24003087E+001
  0.77796193E+000  0.89325214E+000  0.10977792E+001  0.24003087E+001
  0.77796186E+000  0.89325207E+000  0.10977792E+001  0.24003086E+001
  0.77796179E+000  0.89325200E+000  0.10977792E+001  0.24003085E+001
  0.77796172E+000  0.89325193E+000  0.10977792E+001  0.24003085E+001
  0.77796166E+000  0.89325186E+000  0.10977792E+001  0.24003084E+001
  0.77796160E+000  0.89325179E+000  0.10977792E+001  0.24003083E+001
  0.77796153E+000  0.89325172E+000  0.10977792E+001  0.24003082E+001
  0.77796148E+000  0.89325166E+000  0.10977792E+001  0.24003082E+001
  0.77796142E+000  0.89325160E+000  0.10977792E+001  0.24003081E+001
  0.77796137E+000  0.89325154E+000  0.10977793E+001  0.24003080E+001
  0.77796131E+000  0.89325148E+000  0.10977793E+001  0.24003080E+001
  0.77796126E+000  0.89325143E+000  0.10977793E+001  0.24003079E+001
  0.77796121E+000  0.89325138E+000  0.10977793E+001  0.24003078E+001
  0.77796117E+000  0.89325133E+000  0.10977794E+001  0.24003078E+001
  0.77796112E+000  0.89325128E+000  0.10977794E+001  0.24003077E+001
  0.77796108E+000  0.89325124E+000  0.10977794E+001  0.24003076E+001
  0.77796104E+000  0.89325120E+000  0.10977795E+001  0.24003075E+001
  0.77796100E+000  0.89325116E+000  0.10977795E+001  0.24003075E+001
  0.77796096E+000  0.89325112E+000  0.10977795E+001  0.24003074E+001
  0.77796092E+000  0.89325109E+000  0.10977796E+001  0.24003073E+001
  0.77796089E+000  0.89325106E+000  0.10977796E+001  0.24003072E+001
  0.77796086E+000  0.89325102E+000  0.10977796E+001  0.24003072E+001
  0.77796082E+000  0.89325099E+000  0.10977797E+001  0.24003071E+001
  0.77796079E+000  0.89325097E+000  0.10977797E+001  0.24003070E+001
  0.77796076E+000  0.89325094E+000  0.10977798E+001  0.24003069E+001
  0.77796074E+000  0.89325091E+000  0.10977798E+001  0.24003069E+001
  0.77796071E+000  0.89325089E+000  0.10977798E+001  0.24003068E+001
  0.77796068E+000  0.89325086E+000  0.10977799E+001  0.24003067E+001
  0.77796066E+000  0.89325084E+000  0.10977799E+001  0.24003066E+001
  0.77796064E+000  0.89325081E+000  0.10977800E+001  0.24003066E+001
  0.77796061E+000  0.89325079E+000  0.10977800E+001  0.24003065E+001
  0.77796059E+000  0.89325077E+000  0.10977800E+001  0.24003064E+001
  0.77796057E+000  0.89325075E+000  0.10977801E+001  0.24003063E+001
  0.77796055E+000  0.89325073E+000  0.10977801E+001  0.24003063E+001
  0.77796053E+000  0.89325070E+000  0.10977801E+001  0.24003062E+001
  0.77796051E+000  0.89325068E+000  0.10977802E+001  0.24003061E+001
  0.77796050E+000  0.89325066E+000  0.10977802E+001  0.24003061E+001
  0.77796048E+000  0.89325064E+000  0.10977803E+001  0.24003060E+001
  0.77796047E+000  0.89325062E+000  0.10977803E+001  0.24003059E+001
  0.77796045E+000  0.89325060E+000  0.10977803E+001  0.24003058E+001
  0.77796044E+000  0.89325058E+000  0.10977804E+001  0.24003058E+001
  0.77796042E+000  0.89325056E+000  0.10977804E+001  0.24003057E+001
  0.77796041E+000  0.89325054E+000  0.10977804E+001  0.24003056E+001
  0.77796040E+000  0.89325052E+000  0.10977804E+001  0.24003055E+001
  0.77796038E+000  0.89325051E+000  0.10977805E+001  0.24003055E+001
  0.77796037E+000  0.89325049E+000  0.10977805E+001  0.24003054E+001
  0.77796036E+000  0.89325047E+000  0.10977805E+001  0.24003053E+001
  0.77796035E+000  0.89325045E+000  0.10977805E+001  0.24003053E+001
  0.77796034E+000  0.89325043E+000  0.10977806E+001  0.24003052E+001
  0.77796033E+000  0.89325042E+000  0.10977806E+001  0.24003051E+001
  0.77796032E+000  0.89325040E+000  0.10977806E+001  0.24003050E+001
  0.77796031E+000  0.89325038E+000  0.10977806E+001  0.24003050E+001
  0.77796030E+000  0.89325037E+000  0.10977806E+001  0.24003049E+001
  0.77796029E+000  0.89325035E+000  0.10977807E+001  0.24003048E+001
  0.77796028E+000  0.89325033E+000  0.10977807E+001  0.24003048E+001
  0.77796028E+000  0.89325032E+000  0.10977807E+001  0.24003047E+001
  0.77796027E+000  0.89325030E+000  0.10977807E+001  0.24003046E+001
  0.77796026E+000  0.89325029E+000  0.10977807E+001  0.24003046E+001
  0.77796025E+000  0.89325028E+000  0.10977807E+001  0.24003045E+001
  0.77796025E+000  0.89325026E+000  0.10977808E+001  0.24003044E+001
  0.77796024E+000  0.89325025E+000  0.10977808E+001  0.24003043E+001
  0.77796023E+000  0.89325023E+000  0.10977808E+001  0.24003043E+001
  0.77796023E+000  0.89325022E+000  0.10977808E+001  0.24003042E+001
  0.77796022E+000  0.89325021E+000  0.10977808E+001  0.24003041E+001
  0.77796022E+000  0.89325020E+000  0.10977808E+001  0.24003041E+001
  0.77796021E+000  0.89325019E+000  0.10977808E+001  0.24003040E+001
  0.77796021E+000  0.89325017E+000  0.10977808E+001  0.24003039E+001
  0.77796020E+000  0.89325016E+000  0.10977808E+001  0.24003038E+001
  0.77796020E+000  0.89325015E+000  0.10977808E+001  0.24003038E+001
  0.77796019E+000  0.89325014E+000  0.10977808E+001  0.24003037E+001
  0.77796019E+000  0.89325013E+000  0.10977808E+001  0.24003036E+001
  0.77796018E+000  0.89325012E+000  0.10977809E+001  0.24003035E+001
  0.77796018E+000  0.89325011E+000  0.10977809E+001  0.24003035E+001
  0.77796017E+000  0.89325010E+000  0.10977809E+001  0.24003034E+001
  0.77796017E+000  0.89325010E+000  0.10977809E+001  0.24003033E+001
  0.77796017E+000  0.89325009E+000  0.10977809E+001  0.24003032E+001
  0.77796016E+000  0.89325008E+000  0.10977809E+001  0.24003031E+001
  0.77796016E+000  0.89325007E+000  0.10977809E+001  0.24003031E+001
  0.77796016E+000  0.89325006E+000  0.10977809E+001  0.24003030E+001
  0.77796015E+000  0.89325006E+000  0.10977809E+001  0.24003029E+001
  0.77796015E+000  0.89325005E+000  0.10977809E+001  0.24003028E+001
  0.77796015E+000  0.89325004E+000  0.10977809E+001  0.24003027E+001
  0.77796014E+000  0.89325004E+000  0.10977809E+001  0.24003026E+001
  0.77796014E+000  0.89325003E+000  0.10977809E+001  0.24003025E+001
  0.77796014E+000  0.89325003E+000  0.10977809E+001  0.24003024E+001
  0.77796014E+000  0.89325002E+000  0.10977809E+001  0.24003023E+001
  0.77796013E+000  0.89325002E+000  0.10977809E+001  0.24003022E+001
  0.77796013E+000  0.89325001E+000  0.10977809E+001  0.24003021E+001
  0.77796013E+000  0.89325001E+000  0.10977809E+001  0.24003020E+001
  0.77796013E+000  0.89325000E+000  0.10977809E+001  0.24003019E+001
  0.77796013E+000  0.89325000E+000  0.10977809E+001  0.24003018E+001
  0.77796012E+000  0.89324999E+000  0.10977809E+001  0.24003017E+001
  0.77796012E+000  0.89324999E+000  0.10977809E+001  0.24003016E+001
  0.77796012E+000  0.89324999E+000  0.10977809E+001  0.24003015E+001
  0.77796012E+000  0.89324998E+000  0.10977809E+001  0.24003014E+001
  0.77796012E+000  0.89324998E+000  0.10977809E+001  0.24003013E+001
  0.77796012E+000  0.89324998E+000  0.10977809E+001  0.24003011E+001
  0.77796011E+000  0.89324997E+000  0.10977809E+001  0.24003010E+001
  0.77796011E+000  0.89324997E+000  0.10977809E+001  0.24003009E+001
  0.77796011E+000  0.89324997E+000  0.10977809E+001  0.24003008E+001
  0.77796011E+000  0.89324996E+000  0.10977809E+001  0.24003007E+001
  0.77796011E+000  0.89324996E+000  0.10977809E+001  0.24003005E+001
  0.77796011E+000  0.89324996E+000  0.10977809E+001  0.24003004E+001
  0.77796011E+000  0.89324996E+000  0.10977809E+001  0.24003003E+001
  0.77796011E+000  0.89324996E+000  0.10977809E+001  0.24003002E+001
  0.77796011E+000  0.89324995E+000  0.10977809E+001  0.24003000E+001
  0.77796010E+000  0.89324995E+000  0.10977809E+001  0.24002999E+001
  0.77796010E+000  0.89324995E+000  0.10977809E+001  0.24002998E+001
  0.77796010E+000  0.89324995E+000  0.10977809E+001  0.24002996E+001
  0.77796010E+000  0.89324995E+000  0.10977809E+001  0.24002995E+001
  0.77796010E+000  0.89324995E+000  0.10977809E+001  0.24002994E+001
  0.77796010E+000  0.89324995E+000  0.10977809E+001  0.24002993E+001
  0.77796010E+000  0.89324994E+000  0.10977809E+001  0.24002991E+001
  0.77796010E+000  0.89324994E+000  0.10977809E+001  0.24002990E+001
  0.77796010E+000  0.89324994E+000  0.10977809E+001  0.24002988E+001
  0.77796010E+000  0.89324994E+000  0.10977809E+001  0.24002987E+001
  0.77796010E+000  0.89324994E+000  0.10977809E+001  0.24002986E+001
  0.77796010E+000  0.89324994E+000  0.10977809E+001  0.24002984E+001
  0.77796010E+000  0.89324994E+000  0.10977809E+001  0.24002983E+001
  0.77796010E+000  0.89324994E+000  0.10977809E+001  0.24002982E+001
  0.77796010E+000  0.89324994E+000  0.10977809E+001  0.24002980E+001
  0.77796010E+000  0.89324994E+000  0.10977809E+001  0.24002979E+001
  0.77796010E+000  0.89324994E+000  0.10977809E+001  0.24002978E+001
  0.77796010E+000  0.89324994E+000  0.10977809E+001  0.24002976E+001
  0.77796010E+000  0.89324994E+000  0.10977809E+001  0.24002975E+001
  0.77796010E+000  0.89324994E+000  0.10977809E+001  0.24002974E+001
  0.77796010E+000  0.89324993E+000  0.10977809E+001  0.24002972E+001
  0.77796010E+000  0.89324993E+000  0.10977809E+001  0.24002971E+001
  0.77796010E+000  0.89324993E+000  0.10977809E+001  0.24002970E+001
  0.77796010E+000  0.89324993E+000  0.10977809E+001  0.24002969E+001
  0.77796010E+000  0.89324993E+000  0.10977809E+001  0.24002967E+001
  0.77796010E+000  0.89324993E+000  0.10977809E+001  0.24002966E+001
  0.77796010E+000  0.89324993E+000  0.10977809E+001  0.24002965E+001
  0.77796010E+000  0.89324993E+000  0.10977809E+001  0.24002964E+001
  0.77796010E+000  0.89324993E+000  0.10977809E+001  0.24002962E+001
  0.77796010E+000  0.89324993E+000  0.10977809E+001  0.24002961E+001
  0.77796010E+000  0.89324993E+000  0.10977809E+001  0.24002960E+001
