 -0.37212222E+000
 -0.37211668E+000
 -0.37212368E+000
 -0.37213221E+000
 -0.37214026E+000
 -0.37214743E+000
 -0.37215369E+000
 -0.37215912E+000
 -0.37216382E+000
 -0.37216787E+000
 -0.37217136E+000
 -0.37217436E+000
 -0.37217695E+000
 -0.37217918E+000
 -0.37218110E+000
 -0.37218276E+000
 -0.37218419E+000
 -0.37218542E+000
 -0.37218648E+000
 -0.37218740E+000
 -0.37218819E+000
 -0.37218888E+000
 -0.37218947E+000
 -0.37218998E+000
 -0.37219042E+000
 -0.37219080E+000
 -0.37219113E+000
 -0.37219141E+000
 -0.37219166E+000
 -0.37219187E+000
 -0.37219205E+000
 -0.37219221E+000
 -0.37219234E+000
 -0.37219246E+000
 -0.37219256E+000
 -0.37219264E+000
 -0.37219272E+000
 -0.37219278E+000
 -0.37219283E+000
 -0.37219287E+000
 -0.37219290E+000
 -0.37219293E+000
 -0.37219295E+000
 -0.37219296E+000
 -0.37219297E+000
 -0.37219298E+000
 -0.37219298E+000
 -0.37219298E+000
 -0.37219298E+000
 -0.37219297E+000
 -0.37219297E+000
 -0.37219296E+000
 -0.37219295E+000
 -0.37219293E+000
 -0.37219292E+000
 -0.37219291E+000
 -0.37219289E+000
 -0.37219288E+000
 -0.37219286E+000
 -0.37219284E+000
 -0.37219282E+000
 -0.37219281E+000
 -0.37219279E+000
 -0.37219276E+000
 -0.37219274E+000
 -0.37219272E+000
 -0.37219270E+000
 -0.37219267E+000
 -0.37219265E+000
 -0.37219262E+000
 -0.37219259E+000
 -0.37219256E+000
 -0.37219254E+000
 -0.37219250E+000
 -0.37219247E+000
 -0.37219244E+000
 -0.37219241E+000
 -0.37219237E+000
 -0.37219234E+000
 -0.37219230E+000
 -0.37219226E+000
 -0.37219222E+000
 -0.37219218E+000
 -0.37219214E+000
 -0.37219210E+000
 -0.37219206E+000
 -0.37219202E+000
 -0.37219197E+000
 -0.37219193E+000
 -0.37219188E+000
 -0.37219184E+000
 -0.37219179E+000
 -0.37219175E+000
 -0.37219170E+000
 -0.37219166E+000
 -0.37219161E+000
 -0.37219156E+000
 -0.37219152E+000
 -0.37219147E+000
 -0.37219142E+000
 -0.37219137E+000
 -0.37219133E+000
 -0.37219128E+000
 -0.37219123E+000
 -0.37219119E+000
 -0.37219114E+000
 -0.37219109E+000
 -0.37219105E+000
 -0.37219100E+000
 -0.37219095E+000
 -0.37219091E+000
 -0.37219086E+000
 -0.37219082E+000
 -0.37219077E+000
 -0.37219073E+000
 -0.37219069E+000
 -0.37219064E+000
 -0.37219060E+000
 -0.37219055E+000
 -0.37219051E+000
 -0.37219047E+000
 -0.37219043E+000
 -0.37219039E+000
 -0.37219034E+000
 -0.37219030E+000
 -0.37219026E+000
 -0.37219022E+000
 -0.37219018E+000
 -0.37219014E+000
 -0.37219010E+000
 -0.37219006E+000
 -0.37219002E+000
 -0.37218998E+000
 -0.37218994E+000
 -0.37218990E+000
 -0.37218986E+000
 -0.37218982E+000
 -0.37218978E+000
 -0.37218974E+000
 -0.37218971E+000
 -0.37218967E+000
 -0.37218963E+000
 -0.37218959E+000
 -0.37218955E+000
 -0.37218951E+000
 -0.37218947E+000
 -0.37218943E+000
 -0.37218939E+000
 -0.37218935E+000
 -0.37218931E+000
 -0.37218927E+000
 -0.37218923E+000
 -0.37218918E+000
 -0.37218914E+000
 -0.37218910E+000
 -0.37218906E+000
 -0.37218902E+000
 -0.37218897E+000
 -0.37218893E+000
 -0.37218889E+000
 -0.37218885E+000
 -0.37218880E+000
 -0.37218876E+000
 -0.37218872E+000
 -0.37218867E+000
 -0.37218863E+000
 -0.37218858E+000
 -0.37218854E+000
 -0.37218849E+000
 -0.37218845E+000
 -0.37218841E+000
 -0.37218836E+000
 -0.37218832E+000
 -0.37218827E+000
 -0.37218823E+000
 -0.37218818E+000
 -0.37218814E+000
 -0.37218809E+000
 -0.37218805E+000
 -0.37218800E+000
 -0.37218796E+000
 -0.37218791E+000
 -0.37218787E+000
 -0.37218782E+000
 -0.37218778E+000
 -0.37218774E+000
 -0.37218769E+000
 -0.37218765E+000
 -0.37218761E+000
 -0.37218756E+000
 -0.37218752E+000
 -0.37218748E+000
 -0.37218744E+000
 -0.37218740E+000
 -0.37218736E+000
 -0.37218732E+000
 -0.37218728E+000
 -0.37218724E+000
 -0.37218720E+000
 -0.37218716E+000
