  0.96906288E+000
  0.96907537E+000
  0.96909394E+000
  0.96911183E+000
  0.96912791E+000
  0.96914207E+000
  0.96915446E+000
  0.96916526E+000
  0.96917467E+000
  0.96918286E+000
  0.96918999E+000
  0.96919620E+000
  0.96920162E+000
  0.96920634E+000
  0.96921047E+000
  0.96921408E+000
  0.96921723E+000
  0.96922000E+000
  0.96922243E+000
  0.96922457E+000
  0.96922644E+000
  0.96922810E+000
  0.96922956E+000
  0.96923086E+000
  0.96923200E+000
  0.96923301E+000
  0.96923392E+000
  0.96923472E+000
  0.96923543E+000
  0.96923607E+000
  0.96923663E+000
  0.96923714E+000
  0.96923760E+000
  0.96923800E+000
  0.96923837E+000
  0.96923870E+000
  0.96923899E+000
  0.96923926E+000
  0.96923950E+000
  0.96923971E+000
  0.96923990E+000
  0.96924008E+000
  0.96924024E+000
  0.96924038E+000
  0.96924051E+000
  0.96924063E+000
  0.96924073E+000
  0.96924083E+000
  0.96924092E+000
  0.96924100E+000
  0.96924108E+000
  0.96924116E+000
  0.96924123E+000
  0.96924129E+000
  0.96924136E+000
  0.96924142E+000
  0.96924148E+000
  0.96924154E+000
  0.96924159E+000
  0.96924165E+000
  0.96924170E+000
  0.96924176E+000
  0.96924181E+000
  0.96924186E+000
  0.96924191E+000
  0.96924196E+000
  0.96924201E+000
  0.96924205E+000
  0.96924210E+000
  0.96924214E+000
  0.96924219E+000
  0.96924223E+000
  0.96924227E+000
  0.96924231E+000
  0.96924234E+000
  0.96924238E+000
  0.96924241E+000
  0.96924245E+000
  0.96924248E+000
  0.96924251E+000
  0.96924254E+000
  0.96924257E+000
  0.96924260E+000
  0.96924263E+000
  0.96924266E+000
  0.96924269E+000
  0.96924271E+000
  0.96924274E+000
  0.96924276E+000
  0.96924279E+000
  0.96924281E+000
  0.96924284E+000
  0.96924286E+000
  0.96924288E+000
  0.96924291E+000
  0.96924293E+000
  0.96924295E+000
  0.96924298E+000
  0.96924300E+000
  0.96924302E+000
  0.96924304E+000
  0.96924307E+000
  0.96924309E+000
  0.96924311E+000
  0.96924313E+000
  0.96924316E+000
  0.96924318E+000
  0.96924320E+000
  0.96924322E+000
  0.96924324E+000
  0.96924326E+000
  0.96924328E+000
  0.96924330E+000
  0.96924333E+000
  0.96924335E+000
  0.96924337E+000
  0.96924339E+000
  0.96924341E+000
  0.96924343E+000
  0.96924344E+000
  0.96924346E+000
  0.96924348E+000
  0.96924350E+000
  0.96924352E+000
  0.96924354E+000
  0.96924356E+000
  0.96924357E+000
  0.96924359E+000
  0.96924361E+000
  0.96924362E+000
  0.96924364E+000
  0.96924366E+000
  0.96924367E+000
  0.96924369E+000
  0.96924370E+000
  0.96924372E+000
  0.96924373E+000
  0.96924374E+000
  0.96924376E+000
  0.96924377E+000
  0.96924378E+000
  0.96924380E+000
  0.96924381E+000
  0.96924382E+000
  0.96924383E+000
  0.96924384E+000
  0.96924386E+000
  0.96924387E+000
  0.96924388E+000
  0.96924389E+000
  0.96924390E+000
  0.96924391E+000
  0.96924392E+000
  0.96924393E+000
  0.96924393E+000
  0.96924394E+000
  0.96924395E+000
  0.96924396E+000
  0.96924397E+000
  0.96924397E+000
  0.96924398E+000
  0.96924399E+000
  0.96924400E+000
  0.96924400E+000
  0.96924401E+000
  0.96924401E+000
  0.96924402E+000
  0.96924403E+000
  0.96924403E+000
  0.96924404E+000
  0.96924404E+000
  0.96924405E+000
  0.96924405E+000
  0.96924406E+000
  0.96924406E+000
  0.96924406E+000
  0.96924407E+000
  0.96924407E+000
  0.96924408E+000
  0.96924408E+000
  0.96924408E+000
  0.96924409E+000
  0.96924409E+000
  0.96924409E+000
  0.96924410E+000
  0.96924410E+000
  0.96924410E+000
  0.96924410E+000
  0.96924411E+000
  0.96924411E+000
  0.96924411E+000
  0.96924411E+000
  0.96924412E+000
  0.96924412E+000
  0.96924412E+000
  0.96924412E+000
  0.96924412E+000
  0.96924413E+000
  0.96924413E+000
  0.96924413E+000
