  0.49272856E+000
  0.49273714E+000
  0.49274971E+000
  0.49276185E+000
  0.49277277E+000
  0.49278241E+000
  0.49279084E+000
  0.49279820E+000
  0.49280461E+000
  0.49281019E+000
  0.49281505E+000
  0.49281929E+000
  0.49282298E+000
  0.49282619E+000
  0.49282900E+000
  0.49283145E+000
  0.49283360E+000
  0.49283548E+000
  0.49283712E+000
  0.49283857E+000
  0.49283984E+000
  0.49284096E+000
  0.49284195E+000
  0.49284283E+000
  0.49284360E+000
  0.49284428E+000
  0.49284489E+000
  0.49284543E+000
  0.49284591E+000
  0.49284634E+000
  0.49284672E+000
  0.49284706E+000
  0.49284737E+000
  0.49284764E+000
  0.49284789E+000
  0.49284811E+000
  0.49284830E+000
  0.49284848E+000
  0.49284864E+000
  0.49284879E+000
  0.49284892E+000
  0.49284903E+000
  0.49284914E+000
  0.49284924E+000
  0.49284932E+000
  0.49284940E+000
  0.49284947E+000
  0.49284954E+000
  0.49284960E+000
  0.49284966E+000
  0.49284971E+000
  0.49284976E+000
  0.49284981E+000
  0.49284985E+000
  0.49284990E+000
  0.49284994E+000
  0.49284998E+000
  0.49285002E+000
  0.49285006E+000
  0.49285010E+000
  0.49285013E+000
  0.49285017E+000
  0.49285020E+000
  0.49285024E+000
  0.49285027E+000
  0.49285031E+000
  0.49285034E+000
  0.49285037E+000
  0.49285040E+000
  0.49285043E+000
  0.49285046E+000
  0.49285049E+000
  0.49285051E+000
  0.49285054E+000
  0.49285056E+000
  0.49285059E+000
  0.49285061E+000
  0.49285063E+000
  0.49285065E+000
  0.49285067E+000
  0.49285069E+000
  0.49285071E+000
  0.49285073E+000
  0.49285075E+000
  0.49285077E+000
  0.49285078E+000
  0.49285080E+000
  0.49285082E+000
  0.49285083E+000
  0.49285085E+000
  0.49285086E+000
  0.49285088E+000
  0.49285089E+000
  0.49285090E+000
  0.49285092E+000
  0.49285093E+000
  0.49285095E+000
  0.49285096E+000
  0.49285097E+000
  0.49285099E+000
  0.49285100E+000
  0.49285101E+000
  0.49285102E+000
  0.49285104E+000
  0.49285105E+000
  0.49285106E+000
  0.49285108E+000
  0.49285109E+000
  0.49285110E+000
  0.49285111E+000
  0.49285113E+000
  0.49285114E+000
  0.49285115E+000
  0.49285116E+000
  0.49285117E+000
  0.49285118E+000
  0.49285120E+000
  0.49285121E+000
  0.49285122E+000
  0.49285123E+000
  0.49285124E+000
  0.49285125E+000
  0.49285126E+000
  0.49285127E+000
  0.49285128E+000
  0.49285129E+000
  0.49285130E+000
  0.49285131E+000
  0.49285132E+000
  0.49285133E+000
  0.49285134E+000
  0.49285135E+000
  0.49285136E+000
  0.49285137E+000
  0.49285138E+000
  0.49285139E+000
  0.49285139E+000
  0.49285140E+000
  0.49285141E+000
  0.49285142E+000
  0.49285143E+000
  0.49285143E+000
  0.49285144E+000
  0.49285145E+000
  0.49285145E+000
  0.49285146E+000
  0.49285147E+000
  0.49285147E+000
  0.49285148E+000
  0.49285149E+000
  0.49285149E+000
  0.49285150E+000
  0.49285150E+000
  0.49285151E+000
  0.49285151E+000
  0.49285152E+000
  0.49285152E+000
  0.49285153E+000
  0.49285153E+000
  0.49285153E+000
  0.49285154E+000
  0.49285154E+000
  0.49285155E+000
  0.49285155E+000
  0.49285155E+000
  0.49285156E+000
  0.49285156E+000
  0.49285156E+000
  0.49285157E+000
  0.49285157E+000
  0.49285157E+000
  0.49285158E+000
  0.49285158E+000
  0.49285158E+000
  0.49285158E+000
  0.49285159E+000
  0.49285159E+000
  0.49285159E+000
  0.49285159E+000
  0.49285159E+000
  0.49285160E+000
  0.49285160E+000
  0.49285160E+000
  0.49285160E+000
  0.49285160E+000
  0.49285160E+000
  0.49285161E+000
  0.49285161E+000
  0.49285161E+000
  0.49285161E+000
  0.49285161E+000
  0.49285161E+000
  0.49285161E+000
  0.49285161E+000
  0.49285162E+000
  0.49285162E+000
  0.49285162E+000
  0.49285162E+000
  0.49285162E+000
  0.49285162E+000
