  0.15111836E+001
  0.15111977E+001
  0.15112176E+001
  0.15112366E+001
  0.15112536E+001
  0.15112685E+001
  0.15112815E+001
  0.15112929E+001
  0.15113027E+001
  0.15113112E+001
  0.15113186E+001
  0.15113250E+001
  0.15113306E+001
  0.15113354E+001
  0.15113397E+001
  0.15113433E+001
  0.15113465E+001
  0.15113493E+001
  0.15113518E+001
  0.15113539E+001
  0.15113558E+001
  0.15113574E+001
  0.15113589E+001
  0.15113602E+001
  0.15113613E+001
  0.15113623E+001
  0.15113631E+001
  0.15113639E+001
  0.15113646E+001
  0.15113652E+001
  0.15113658E+001
  0.15113662E+001
  0.15113667E+001
  0.15113670E+001
  0.15113674E+001
  0.15113677E+001
  0.15113679E+001
  0.15113682E+001
  0.15113684E+001
  0.15113686E+001
  0.15113687E+001
  0.15113689E+001
  0.15113690E+001
  0.15113691E+001
  0.15113693E+001
  0.15113693E+001
  0.15113694E+001
  0.15113695E+001
  0.15113696E+001
  0.15113696E+001
  0.15113697E+001
  0.15113698E+001
  0.15113698E+001
  0.15113698E+001
  0.15113699E+001
  0.15113699E+001
  0.15113700E+001
  0.15113700E+001
  0.15113700E+001
  0.15113701E+001
  0.15113701E+001
  0.15113701E+001
  0.15113702E+001
  0.15113702E+001
  0.15113702E+001
  0.15113702E+001
  0.15113702E+001
  0.15113703E+001
  0.15113703E+001
  0.15113703E+001
  0.15113703E+001
  0.15113703E+001
  0.15113703E+001
  0.15113703E+001
  0.15113703E+001
  0.15113703E+001
  0.15113703E+001
  0.15113703E+001
  0.15113703E+001
  0.15113703E+001
  0.15113703E+001
  0.15113703E+001
  0.15113703E+001
  0.15113702E+001
  0.15113702E+001
  0.15113702E+001
  0.15113702E+001
  0.15113702E+001
  0.15113702E+001
  0.15113701E+001
  0.15113701E+001
  0.15113701E+001
  0.15113701E+001
  0.15113700E+001
  0.15113700E+001
  0.15113700E+001
  0.15113700E+001
  0.15113699E+001
  0.15113699E+001
  0.15113699E+001
  0.15113699E+001
  0.15113698E+001
  0.15113698E+001
  0.15113698E+001
  0.15113698E+001
  0.15113697E+001
  0.15113697E+001
  0.15113697E+001
  0.15113697E+001
  0.15113696E+001
  0.15113696E+001
  0.15113696E+001
  0.15113696E+001
  0.15113695E+001
  0.15113695E+001
  0.15113695E+001
  0.15113695E+001
  0.15113694E+001
  0.15113694E+001
  0.15113694E+001
  0.15113694E+001
  0.15113693E+001
  0.15113693E+001
  0.15113693E+001
  0.15113693E+001
  0.15113692E+001
  0.15113692E+001
  0.15113692E+001
  0.15113692E+001
  0.15113691E+001
  0.15113691E+001
  0.15113691E+001
  0.15113690E+001
  0.15113690E+001
  0.15113690E+001
  0.15113690E+001
  0.15113689E+001
  0.15113689E+001
  0.15113689E+001
  0.15113688E+001
  0.15113688E+001
  0.15113688E+001
  0.15113687E+001
  0.15113687E+001
  0.15113687E+001
  0.15113686E+001
  0.15113686E+001
  0.15113686E+001
  0.15113685E+001
  0.15113685E+001
  0.15113685E+001
  0.15113684E+001
  0.15113684E+001
  0.15113683E+001
  0.15113683E+001
  0.15113683E+001
  0.15113682E+001
  0.15113682E+001
  0.15113681E+001
  0.15113681E+001
  0.15113681E+001
  0.15113680E+001
  0.15113680E+001
  0.15113679E+001
  0.15113679E+001
  0.15113678E+001
  0.15113678E+001
  0.15113678E+001
  0.15113677E+001
  0.15113677E+001
  0.15113676E+001
  0.15113676E+001
  0.15113675E+001
  0.15113675E+001
  0.15113674E+001
  0.15113674E+001
  0.15113673E+001
  0.15113673E+001
  0.15113672E+001
  0.15113672E+001
  0.15113672E+001
  0.15113671E+001
  0.15113671E+001
  0.15113670E+001
  0.15113670E+001
  0.15113669E+001
  0.15113669E+001
  0.15113668E+001
  0.15113668E+001
  0.15113667E+001
  0.15113667E+001
  0.15113667E+001
  0.15113666E+001
  0.15113666E+001
  0.15113665E+001
  0.15113665E+001
  0.15113664E+001
  0.15113664E+001
  0.15113664E+001
  0.15113663E+001
