  0.57563034E+000  0.93986030E+000  0.10814521E+001  0.34477922E+001
  0.57564350E+000  0.93988603E+000  0.10814609E+001  0.34478007E+001
  0.57566054E+000  0.93991337E+000  0.10814818E+001  0.34478150E+001
  0.57567682E+000  0.93993834E+000  0.10815027E+001  0.34478290E+001
  0.57569144E+000  0.93996033E+000  0.10815215E+001  0.34478416E+001
  0.57570432E+000  0.93997945E+000  0.10815379E+001  0.34478529E+001
  0.57571561E+000  0.93999599E+000  0.10815523E+001  0.34478627E+001
  0.57572546E+000  0.94001028E+000  0.10815647E+001  0.34478714E+001
  0.57573405E+000  0.94002261E+000  0.10815755E+001  0.34478790E+001
  0.57574154E+000  0.94003325E+000  0.10815848E+001  0.34478856E+001
  0.57574807E+000  0.94004243E+000  0.10815929E+001  0.34478914E+001
  0.57575376E+000  0.94005034E+000  0.10816000E+001  0.34478964E+001
  0.57575873E+000  0.94005718E+000  0.10816060E+001  0.34479008E+001
  0.57576307E+000  0.94006309E+000  0.10816113E+001  0.34479047E+001
  0.57576687E+000  0.94006819E+000  0.10816159E+001  0.34479081E+001
  0.57577020E+000  0.94007262E+000  0.10816199E+001  0.34479110E+001
  0.57577312E+000  0.94007645E+000  0.10816234E+001  0.34479136E+001
  0.57577569E+000  0.94007977E+000  0.10816264E+001  0.34479159E+001
  0.57577795E+000  0.94008266E+000  0.10816290E+001  0.34479179E+001
  0.57577995E+000  0.94008518E+000  0.10816313E+001  0.34479197E+001
  0.57578172E+000  0.94008736E+000  0.10816333E+001  0.34479213E+001
  0.57578328E+000  0.94008927E+000  0.10816350E+001  0.34479226E+001
  0.57578467E+000  0.94009094E+000  0.10816365E+001  0.34479239E+001
  0.57578591E+000  0.94009239E+000  0.10816378E+001  0.34479249E+001
  0.57578701E+000  0.94009367E+000  0.10816390E+001  0.34479259E+001
  0.57578800E+000  0.94009478E+000  0.10816400E+001  0.34479268E+001
  0.57578888E+000  0.94009576E+000  0.10816409E+001  0.34479275E+001
  0.57578966E+000  0.94009663E+000  0.10816416E+001  0.34479282E+001
  0.57579037E+000  0.94009739E+000  0.10816423E+001  0.34479288E+001
  0.57579100E+000  0.94009806E+000  0.10816428E+001  0.34479294E+001
  0.57579157E+000  0.94009865E+000  0.10816433E+001  0.34479299E+001
  0.57579209E+000  0.94009917E+000  0.10816438E+001  0.34479303E+001
  0.57579254E+000  0.94009963E+000  0.10816442E+001  0.34479307E+001
  0.57579296E+000  0.94010004E+000  0.10816445E+001  0.34479311E+001
  0.57579333E+000  0.94010040E+000  0.10816448E+001  0.34479314E+001
  0.57579366E+000  0.94010072E+000  0.10816450E+001  0.34479317E+001
  0.57579396E+000  0.94010101E+000  0.10816452E+001  0.34479320E+001
  0.57579423E+000  0.94010126E+000  0.10816454E+001  0.34479322E+001
  0.57579447E+000  0.94010148E+000  0.10816456E+001  0.34479324E+001
  0.57579468E+000  0.94010168E+000  0.10816457E+001  0.34479326E+001
  0.57579487E+000  0.94010186E+000  0.10816459E+001  0.34479328E+001
  0.57579504E+000  0.94010202E+000  0.10816460E+001  0.34479330E+001
  0.57579518E+000  0.94010216E+000  0.10816461E+001  0.34479331E+001
  0.57579532E+000  0.94010228E+000  0.10816461E+001  0.34479333E+001
  0.57579543E+000  0.94010239E+000  0.10816462E+001  0.34479334E+001
  0.57579553E+000  0.94010249E+000  0.10816463E+001  0.34479335E+001
  0.57579562E+000  0.94010258E+000  0.10816463E+001  0.34479336E+001
  0.57579570E+000  0.94010266E+000  0.10816464E+001  0.34479337E+001
  0.57579577E+000  0.94010273E+000  0.10816464E+001  0.34479338E+001
  0.57579583E+000  0.94010280E+000  0.10816464E+001  0.34479339E+001
  0.57579588E+000  0.94010286E+000  0.10816465E+001  0.34479340E+001
  0.57579593E+000  0.94010291E+000  0.10816465E+001  0.34479341E+001
  0.57579598E+000  0.94010297E+000  0.10816465E+001  0.34479342E+001
  0.57579601E+000  0.94010302E+000  0.10816465E+001  0.34479343E+001
  0.57579605E+000  0.94010306E+000  0.10816465E+001  0.34479343E+001
  0.57579608E+000  0.94010311E+000  0.10816466E+001  0.34479344E+001
  0.57579611E+000  0.94010315E+000  0.10816466E+001  0.34479345E+001
  0.57579614E+000  0.94010320E+000  0.10816466E+001  0.34479345E+001
  0.57579616E+000  0.94010324E+000  0.10816466E+001  0.34479346E+001
  0.57579618E+000  0.94010328E+000  0.10816466E+001  0.34479347E+001
  0.57579621E+000  0.94010331E+000  0.10816466E+001  0.34479347E+001
  0.57579622E+000  0.94010335E+000  0.10816466E+001  0.34479348E+001
  0.57579624E+000  0.94010339E+000  0.10816466E+001  0.34479348E+001
  0.57579626E+000  0.94010342E+000  0.10816466E+001  0.34479349E+001
  0.57579627E+000  0.94010345E+000  0.10816466E+001  0.34479349E+001
  0.57579628E+000  0.94010348E+000  0.10816466E+001  0.34479350E+001
  0.57579629E+000  0.94010351E+000  0.10816466E+001  0.34479350E+001
  0.57579630E+000  0.94010354E+000  0.10816466E+001  0.34479351E+001
  0.57579631E+000  0.94010357E+000  0.10816465E+001  0.34479351E+001
  0.57579632E+000  0.94010359E+000  0.10816465E+001  0.34479352E+001
  0.57579632E+000  0.94010361E+000  0.10816465E+001  0.34479352E+001
  0.57579632E+000  0.94010363E+000  0.10816465E+001  0.34479352E+001
  0.57579632E+000  0.94010365E+000  0.10816465E+001  0.34479353E+001
  0.57579632E+000  0.94010366E+000  0.10816464E+001  0.34479353E+001
  0.57579632E+000  0.94010367E+000  0.10816464E+001  0.34479353E+001
  0.57579631E+000  0.94010369E+000  0.10816464E+001  0.34479353E+001
  0.57579630E+000  0.94010369E+000  0.10816463E+001  0.34479354E+001
  0.57579630E+000  0.94010370E+000  0.10816463E+001  0.34479354E+001
  0.57579629E+000  0.94010371E+000  0.10816462E+001  0.34479354E+001
  0.57579627E+000  0.94010371E+000  0.10816462E+001  0.34479354E+001
  0.57579626E+000  0.94010371E+000  0.10816462E+001  0.34479354E+001
  0.57579625E+000  0.94010371E+000  0.10816461E+001  0.34479355E+001
  0.57579623E+000  0.94010371E+000  0.10816461E+001  0.34479355E+001
  0.57579622E+000  0.94010371E+000  0.10816460E+001  0.34479355E+001
  0.57579620E+000  0.94010371E+000  0.10816460E+001  0.34479355E+001
  0.57579618E+000  0.94010370E+000  0.10816459E+001  0.34479355E+001
  0.57579617E+000  0.94010370E+000  0.10816459E+001  0.34479355E+001
  0.57579615E+000  0.94010369E+000  0.10816458E+001  0.34479355E+001
  0.57579613E+000  0.94010368E+000  0.10816457E+001  0.34479355E+001
  0.57579611E+000  0.94010368E+000  0.10816457E+001  0.34479355E+001
  0.57579609E+000  0.94010367E+000  0.10816456E+001  0.34479355E+001
  0.57579607E+000  0.94010366E+000  0.10816456E+001  0.34479355E+001
  0.57579604E+000  0.94010365E+000  0.10816455E+001  0.34479355E+001
  0.57579602E+000  0.94010364E+000  0.10816454E+001  0.34479355E+001
  0.57579600E+000  0.94010363E+000  0.10816454E+001  0.34479355E+001
  0.57579598E+000  0.94010362E+000  0.10816453E+001  0.34479355E+001
  0.57579596E+000  0.94010361E+000  0.10816453E+001  0.34479355E+001
  0.57579594E+000  0.94010359E+000  0.10816452E+001  0.34479355E+001
  0.57579591E+000  0.94010358E+000  0.10816451E+001  0.34479355E+001
  0.57579589E+000  0.94010357E+000  0.10816451E+001  0.34479355E+001
  0.57579587E+000  0.94010356E+000  0.10816450E+001  0.34479355E+001
  0.57579585E+000  0.94010355E+000  0.10816450E+001  0.34479355E+001
  0.57579583E+000  0.94010354E+000  0.10816449E+001  0.34479355E+001
  0.57579581E+000  0.94010352E+000  0.10816448E+001  0.34479354E+001
  0.57579579E+000  0.94010351E+000  0.10816448E+001  0.34479354E+001
  0.57579577E+000  0.94010350E+000  0.10816447E+001  0.34479354E+001
  0.57579575E+000  0.94010349E+000  0.10816447E+001  0.34479354E+001
  0.57579573E+000  0.94010348E+000  0.10816446E+001  0.34479354E+001
  0.57579571E+000  0.94010347E+000  0.10816445E+001  0.34479354E+001
  0.57579569E+000  0.94010346E+000  0.10816445E+001  0.34479354E+001
  0.57579567E+000  0.94010345E+000  0.10816444E+001  0.34479353E+001
  0.57579565E+000  0.94010344E+000  0.10816444E+001  0.34479353E+001
  0.57579563E+000  0.94010343E+000  0.10816443E+001  0.34479353E+001
  0.57579561E+000  0.94010342E+000  0.10816443E+001  0.34479353E+001
  0.57579560E+000  0.94010341E+000  0.10816442E+001  0.34479353E+001
  0.57579558E+000  0.94010340E+000  0.10816442E+001  0.34479352E+001
  0.57579556E+000  0.94010339E+000  0.10816441E+001  0.34479352E+001
  0.57579555E+000  0.94010338E+000  0.10816441E+001  0.34479352E+001
  0.57579553E+000  0.94010337E+000  0.10816440E+001  0.34479352E+001
  0.57579551E+000  0.94010336E+000  0.10816440E+001  0.34479351E+001
  0.57579550E+000  0.94010336E+000  0.10816439E+001  0.34479351E+001
  0.57579548E+000  0.94010335E+000  0.10816439E+001  0.34479351E+001
  0.57579547E+000  0.94010334E+000  0.10816438E+001  0.34479350E+001
  0.57579546E+000  0.94010333E+000  0.10816438E+001  0.34479350E+001
  0.57579544E+000  0.94010333E+000  0.10816438E+001  0.34479349E+001
  0.57579543E+000  0.94010332E+000  0.10816437E+001  0.34479349E+001
  0.57579542E+000  0.94010331E+000  0.10816437E+001  0.34479348E+001
  0.57579540E+000  0.94010331E+000  0.10816436E+001  0.34479348E+001
  0.57579539E+000  0.94010330E+000  0.10816436E+001  0.34479347E+001
  0.57579538E+000  0.94010329E+000  0.10816436E+001  0.34479347E+001
  0.57579537E+000  0.94010329E+000  0.10816435E+001  0.34479346E+001
  0.57579536E+000  0.94010328E+000  0.10816435E+001  0.34479346E+001
  0.57579535E+000  0.94010328E+000  0.10816435E+001  0.34479345E+001
  0.57579534E+000  0.94010327E+000  0.10816434E+001  0.34479345E+001
  0.57579533E+000  0.94010327E+000  0.10816434E+001  0.34479344E+001
  0.57579532E+000  0.94010326E+000  0.10816434E+001  0.34479343E+001
  0.57579531E+000  0.94010326E+000  0.10816433E+001  0.34479342E+001
  0.57579530E+000  0.94010325E+000  0.10816433E+001  0.34479342E+001
  0.57579529E+000  0.94010325E+000  0.10816433E+001  0.34479341E+001
  0.57579528E+000  0.94010325E+000  0.10816433E+001  0.34479340E+001
  0.57579527E+000  0.94010324E+000  0.10816432E+001  0.34479339E+001
  0.57579527E+000  0.94010324E+000  0.10816432E+001  0.34479338E+001
  0.57579526E+000  0.94010323E+000  0.10816432E+001  0.34479337E+001
  0.57579525E+000  0.94010323E+000  0.10816432E+001  0.34479336E+001
  0.57579524E+000  0.94010323E+000  0.10816431E+001  0.34479335E+001
  0.57579524E+000  0.94010323E+000  0.10816431E+001  0.34479334E+001
  0.57579523E+000  0.94010322E+000  0.10816431E+001  0.34479333E+001
  0.57579522E+000  0.94010322E+000  0.10816431E+001  0.34479332E+001
  0.57579522E+000  0.94010322E+000  0.10816431E+001  0.34479331E+001
  0.57579521E+000  0.94010321E+000  0.10816430E+001  0.34479330E+001
  0.57579521E+000  0.94010321E+000  0.10816430E+001  0.34479328E+001
  0.57579520E+000  0.94010321E+000  0.10816430E+001  0.34479327E+001
  0.57579520E+000  0.94010321E+000  0.10816430E+001  0.34479326E+001
  0.57579519E+000  0.94010320E+000  0.10816430E+001  0.34479325E+001
  0.57579519E+000  0.94010320E+000  0.10816430E+001  0.34479323E+001
  0.57579518E+000  0.94010320E+000  0.10816429E+001  0.34479322E+001
  0.57579518E+000  0.94010320E+000  0.10816429E+001  0.34479320E+001
  0.57579518E+000  0.94010320E+000  0.10816429E+001  0.34479319E+001
  0.57579517E+000  0.94010320E+000  0.10816429E+001  0.34479317E+001
  0.57579517E+000  0.94010319E+000  0.10816429E+001  0.34479316E+001
  0.57579516E+000  0.94010319E+000  0.10816429E+001  0.34479314E+001
  0.57579516E+000  0.94010319E+000  0.10816429E+001  0.34479313E+001
  0.57579516E+000  0.94010319E+000  0.10816429E+001  0.34479311E+001
  0.57579515E+000  0.94010319E+000  0.10816428E+001  0.34479310E+001
  0.57579515E+000  0.94010319E+000  0.10816428E+001  0.34479308E+001
  0.57579515E+000  0.94010318E+000  0.10816428E+001  0.34479307E+001
  0.57579515E+000  0.94010318E+000  0.10816428E+001  0.34479305E+001
  0.57579514E+000  0.94010318E+000  0.10816428E+001  0.34479303E+001
  0.57579514E+000  0.94010318E+000  0.10816428E+001  0.34479301E+001
  0.57579514E+000  0.94010318E+000  0.10816428E+001  0.34479300E+001
  0.57579514E+000  0.94010318E+000  0.10816428E+001  0.34479298E+001
  0.57579513E+000  0.94010318E+000  0.10816428E+001  0.34479296E+001
  0.57579513E+000  0.94010318E+000  0.10816428E+001  0.34479295E+001
  0.57579513E+000  0.94010318E+000  0.10816428E+001  0.34479293E+001
  0.57579513E+000  0.94010317E+000  0.10816428E+001  0.34479291E+001
  0.57579512E+000  0.94010317E+000  0.10816428E+001  0.34479289E+001
  0.57579512E+000  0.94010317E+000  0.10816427E+001  0.34479288E+001
  0.57579512E+000  0.94010317E+000  0.10816427E+001  0.34479286E+001
  0.57579512E+000  0.94010317E+000  0.10816427E+001  0.34479284E+001
  0.57579512E+000  0.94010317E+000  0.10816427E+001  0.34479282E+001
  0.57579512E+000  0.94010317E+000  0.10816427E+001  0.34479280E+001
  0.57579511E+000  0.94010317E+000  0.10816427E+001  0.34479279E+001
  0.57579511E+000  0.94010317E+000  0.10816427E+001  0.34479277E+001
  0.57579511E+000  0.94010317E+000  0.10816427E+001  0.34479275E+001
  0.57579511E+000  0.94010317E+000  0.10816427E+001  0.34479273E+001
  0.57579511E+000  0.94010316E+000  0.10816427E+001  0.34479271E+001
  0.57579511E+000  0.94010316E+000  0.10816427E+001  0.34479270E+001
  0.57579511E+000  0.94010316E+000  0.10816427E+001  0.34479268E+001
  0.57579510E+000  0.94010316E+000  0.10816427E+001  0.34479266E+001
  0.57579510E+000  0.94010316E+000  0.10816427E+001  0.34479265E+001
  0.57579510E+000  0.94010316E+000  0.10816427E+001  0.34479263E+001
  0.57579510E+000  0.94010316E+000  0.10816427E+001  0.34479261E+001
  0.57579510E+000  0.94010316E+000  0.10816427E+001  0.34479259E+001
  0.57579510E+000  0.94010316E+000  0.10816427E+001  0.34479258E+001
  0.57579510E+000  0.94010316E+000  0.10816427E+001  0.34479256E+001
  0.57579510E+000  0.94010316E+000  0.10816427E+001  0.34479254E+001
  0.57579510E+000  0.94010316E+000  0.10816427E+001  0.34479253E+001
  0.57579510E+000  0.94010316E+000  0.10816427E+001  0.34479251E+001
  0.57579510E+000  0.94010316E+000  0.10816427E+001  0.34479250E+001
  0.57579509E+000  0.94010316E+000  0.10816427E+001  0.34479248E+001
