 -0.47077723E-001  0.61853225E-001  0.14542415E+001  0.42332906E+002
 -0.47064932E-001  0.61861631E-001  0.14543000E+001  0.42333029E+002
 -0.47054882E-001  0.61868119E-001  0.14543472E+001  0.42333136E+002
 -0.47047436E-001  0.61873036E-001  0.14543848E+001  0.42333226E+002
 -0.47042199E-001  0.61876681E-001  0.14544143E+001  0.42333303E+002
 -0.47038764E-001  0.61879300E-001  0.14544371E+001  0.42333367E+002
 -0.47036766E-001  0.61881099E-001  0.14544543E+001  0.42333420E+002
 -0.47035895E-001  0.61882243E-001  0.14544668E+001  0.42333464E+002
 -0.47035893E-001  0.61882866E-001  0.14544755E+001  0.42333501E+002
 -0.47036551E-001  0.61883079E-001  0.14544811E+001  0.42333531E+002
 -0.47037698E-001  0.61882969E-001  0.14544841E+001  0.42333555E+002
 -0.47039198E-001  0.61882607E-001  0.14544850E+001  0.42333575E+002
 -0.47040941E-001  0.61882053E-001  0.14544842E+001  0.42333591E+002
 -0.47042840E-001  0.61881352E-001  0.14544821E+001  0.42333603E+002
 -0.47044829E-001  0.61880542E-001  0.14544789E+001  0.42333613E+002
 -0.47046855E-001  0.61879655E-001  0.14544749E+001  0.42333621E+002
 -0.47048876E-001  0.61878715E-001  0.14544703E+001  0.42333626E+002
 -0.47050862E-001  0.61877741E-001  0.14544651E+001  0.42333630E+002
 -0.47052791E-001  0.61876749E-001  0.14544596E+001  0.42333633E+002
 -0.47054646E-001  0.61875752E-001  0.14544538E+001  0.42333634E+002
 -0.47056415E-001  0.61874759E-001  0.14544478E+001  0.42333635E+002
 -0.47058092E-001  0.61873780E-001  0.14544418E+001  0.42333634E+002
 -0.47059672E-001  0.61872819E-001  0.14544357E+001  0.42333633E+002
 -0.47061153E-001  0.61871883E-001  0.14544297E+001  0.42333632E+002
 -0.47062536E-001  0.61870974E-001  0.14544237E+001  0.42333630E+002
 -0.47063823E-001  0.61870097E-001  0.14544179E+001  0.42333628E+002
 -0.47065015E-001  0.61869252E-001  0.14544121E+001  0.42333626E+002
 -0.47066116E-001  0.61868443E-001  0.14544065E+001  0.42333623E+002
 -0.47067132E-001  0.61867670E-001  0.14544011E+001  0.42333620E+002
 -0.47068065E-001  0.61866934E-001  0.14543959E+001  0.42333617E+002
 -0.47068921E-001  0.61866235E-001  0.14543909E+001  0.42333615E+002
 -0.47069705E-001  0.61865574E-001  0.14543861E+001  0.42333612E+002
 -0.47070422E-001  0.61864951E-001  0.14543815E+001  0.42333609E+002
 -0.47071075E-001  0.61864366E-001  0.14543771E+001  0.42333606E+002
 -0.47071671E-001  0.61863817E-001  0.14543730E+001  0.42333603E+002
 -0.47072212E-001  0.61863305E-001  0.14543691E+001  0.42333600E+002
 -0.47072705E-001  0.61862828E-001  0.14543654E+001  0.42333598E+002
 -0.47073152E-001  0.61862386E-001  0.14543619E+001  0.42333595E+002
 -0.47073557E-001  0.61861978E-001  0.14543587E+001  0.42333593E+002
 -0.47073923E-001  0.61861602E-001  0.14543557E+001  0.42333590E+002
 -0.47074255E-001  0.61861257E-001  0.14543529E+001  0.42333588E+002
 -0.47074555E-001  0.61860941E-001  0.14543503E+001  0.42333586E+002
 -0.47074825E-001  0.61860653E-001  0.14543479E+001  0.42333584E+002
 -0.47075069E-001  0.61860391E-001  0.14543457E+001  0.42333582E+002
 -0.47075288E-001  0.61860153E-001  0.14543436E+001  0.42333580E+002
 -0.47075485E-001  0.61859938E-001  0.14543417E+001  0.42333578E+002
 -0.47075662E-001  0.61859743E-001  0.14543400E+001  0.42333577E+002
 -0.47075820E-001  0.61859566E-001  0.14543383E+001  0.42333575E+002
 -0.47075962E-001  0.61859406E-001  0.14543369E+001  0.42333574E+002
 -0.47076089E-001  0.61859261E-001  0.14543355E+001  0.42333572E+002
 -0.47076202E-001  0.61859128E-001  0.14543342E+001  0.42333571E+002
 -0.47076303E-001  0.61859006E-001  0.14543330E+001  0.42333570E+002
 -0.47076393E-001  0.61858893E-001  0.14543318E+001  0.42333568E+002
 -0.47076473E-001  0.61858788E-001  0.14543308E+001  0.42333567E+002
 -0.47076545E-001  0.61858689E-001  0.14543297E+001  0.42333566E+002
 -0.47076610E-001  0.61858595E-001  0.14543287E+001  0.42333565E+002
 -0.47076668E-001  0.61858505E-001  0.14543278E+001  0.42333563E+002
 -0.47076720E-001  0.61858417E-001  0.14543268E+001  0.42333562E+002
 -0.47076767E-001  0.61858331E-001  0.14543258E+001  0.42333561E+002
 -0.47076811E-001  0.61858246E-001  0.14543249E+001  0.42333560E+002
 -0.47076850E-001  0.61858162E-001  0.14543240E+001  0.42333559E+002
 -0.47076886E-001  0.61858079E-001  0.14543230E+001  0.42333557E+002
 -0.47076920E-001  0.61857994E-001  0.14543220E+001  0.42333556E+002
 -0.47076951E-001  0.61857910E-001  0.14543210E+001  0.42333554E+002
 -0.47076980E-001  0.61857825E-001  0.14543200E+001  0.42333553E+002
 -0.47077007E-001  0.61857739E-001  0.14543190E+001  0.42333551E+002
 -0.47077033E-001  0.61857652E-001  0.14543180E+001  0.42333550E+002
 -0.47077057E-001  0.61857564E-001  0.14543169E+001  0.42333548E+002
 -0.47077080E-001  0.61857475E-001  0.14543158E+001  0.42333547E+002
 -0.47077102E-001  0.61857386E-001  0.14543147E+001  0.42333545E+002
 -0.47077122E-001  0.61857295E-001  0.14543136E+001  0.42333543E+002
 -0.47077142E-001  0.61857204E-001  0.14543125E+001  0.42333541E+002
 -0.47077161E-001  0.61857113E-001  0.14543113E+001  0.42333539E+002
 -0.47077180E-001  0.61857021E-001  0.14543102E+001  0.42333537E+002
 -0.47077198E-001  0.61856928E-001  0.14543090E+001  0.42333535E+002
 -0.47077215E-001  0.61856836E-001  0.14543078E+001  0.42333533E+002
 -0.47077231E-001  0.61856743E-001  0.14543065E+001  0.42333530E+002
 -0.47077247E-001  0.61856650E-001  0.14543053E+001  0.42333528E+002
 -0.47077263E-001  0.61856557E-001  0.14543040E+001  0.42333526E+002
 -0.47077278E-001  0.61856465E-001  0.14543028E+001  0.42333523E+002
 -0.47077293E-001  0.61856373E-001  0.14543015E+001  0.42333521E+002
 -0.47077307E-001  0.61856281E-001  0.14543002E+001  0.42333518E+002
 -0.47077321E-001  0.61856190E-001  0.14542990E+001  0.42333515E+002
 -0.47077334E-001  0.61856100E-001  0.14542977E+001  0.42333513E+002
 -0.47077347E-001  0.61856011E-001  0.14542964E+001  0.42333510E+002
 -0.47077360E-001  0.61855922E-001  0.14542951E+001  0.42333507E+002
 -0.47077372E-001  0.61855835E-001  0.14542938E+001  0.42333504E+002
 -0.47077384E-001  0.61855749E-001  0.14542925E+001  0.42333501E+002
 -0.47077396E-001  0.61855664E-001  0.14542912E+001  0.42333498E+002
 -0.47077408E-001  0.61855580E-001  0.14542899E+001  0.42333495E+002
 -0.47077419E-001  0.61855498E-001  0.14542886E+001  0.42333492E+002
 -0.47077430E-001  0.61855417E-001  0.14542873E+001  0.42333489E+002
 -0.47077440E-001  0.61855337E-001  0.14542861E+001  0.42333486E+002
 -0.47077450E-001  0.61855259E-001  0.14542848E+001  0.42333483E+002
 -0.47077460E-001  0.61855183E-001  0.14542835E+001  0.42333480E+002
 -0.47077470E-001  0.61855109E-001  0.14542823E+001  0.42333476E+002
 -0.47077479E-001  0.61855036E-001  0.14542811E+001  0.42333473E+002
 -0.47077489E-001  0.61854965E-001  0.14542799E+001  0.42333470E+002
 -0.47077498E-001  0.61854895E-001  0.14542787E+001  0.42333467E+002
 -0.47077506E-001  0.61854828E-001  0.14542775E+001  0.42333463E+002
 -0.47077515E-001  0.61854762E-001  0.14542763E+001  0.42333460E+002
 -0.47077523E-001  0.61854698E-001  0.14542751E+001  0.42333456E+002
 -0.47077531E-001  0.61854636E-001  0.14542740E+001  0.42333453E+002
 -0.47077538E-001  0.61854576E-001  0.14542729E+001  0.42333450E+002
 -0.47077546E-001  0.61854518E-001  0.14542718E+001  0.42333446E+002
 -0.47077553E-001  0.61854461E-001  0.14542707E+001  0.42333443E+002
 -0.47077560E-001  0.61854406E-001  0.14542696E+001  0.42333439E+002
 -0.47077567E-001  0.61854353E-001  0.14542686E+001  0.42333436E+002
 -0.47077574E-001  0.61854302E-001  0.14542676E+001  0.42333433E+002
 -0.47077580E-001  0.61854253E-001  0.14542666E+001  0.42333429E+002
 -0.47077586E-001  0.61854205E-001  0.14542656E+001  0.42333426E+002
 -0.47077592E-001  0.61854159E-001  0.14542647E+001  0.42333422E+002
 -0.47077598E-001  0.61854115E-001  0.14542638E+001  0.42333419E+002
 -0.47077604E-001  0.61854072E-001  0.14542629E+001  0.42333415E+002
 -0.47077609E-001  0.61854031E-001  0.14542620E+001  0.42333412E+002
 -0.47077614E-001  0.61853991E-001  0.14542611E+001  0.42333408E+002
 -0.47077619E-001  0.61853953E-001  0.14542603E+001  0.42333405E+002
 -0.47077624E-001  0.61853917E-001  0.14542595E+001  0.42333401E+002
 -0.47077629E-001  0.61853882E-001  0.14542587E+001  0.42333398E+002
 -0.47077633E-001  0.61853849E-001  0.14542580E+001  0.42333394E+002
 -0.47077637E-001  0.61853817E-001  0.14542573E+001  0.42333391E+002
 -0.47077641E-001  0.61853786E-001  0.14542566E+001  0.42333387E+002
 -0.47077645E-001  0.61853757E-001  0.14542559E+001  0.42333384E+002
 -0.47077649E-001  0.61853729E-001  0.14542552E+001  0.42333380E+002
 -0.47077653E-001  0.61853702E-001  0.14542546E+001  0.42333376E+002
 -0.47077656E-001  0.61853676E-001  0.14542540E+001  0.42333373E+002
 -0.47077660E-001  0.61853652E-001  0.14542534E+001  0.42333369E+002
 -0.47077663E-001  0.61853629E-001  0.14542528E+001  0.42333366E+002
 -0.47077666E-001  0.61853607E-001  0.14542523E+001  0.42333362E+002
 -0.47077669E-001  0.61853586E-001  0.14542518E+001  0.42333358E+002
 -0.47077672E-001  0.61853566E-001  0.14542513E+001  0.42333355E+002
 -0.47077674E-001  0.61853546E-001  0.14542508E+001  0.42333351E+002
 -0.47077677E-001  0.61853528E-001  0.14542503E+001  0.42333347E+002
 -0.47077679E-001  0.61853511E-001  0.14542499E+001  0.42333344E+002
 -0.47077682E-001  0.61853495E-001  0.14542495E+001  0.42333340E+002
 -0.47077684E-001  0.61853479E-001  0.14542490E+001  0.42333336E+002
 -0.47077686E-001  0.61853465E-001  0.14542487E+001  0.42333332E+002
 -0.47077688E-001  0.61853451E-001  0.14542483E+001  0.42333328E+002
 -0.47077690E-001  0.61853438E-001  0.14542479E+001  0.42333324E+002
 -0.47077691E-001  0.61853425E-001  0.14542476E+001  0.42333320E+002
 -0.47077693E-001  0.61853414E-001  0.14542473E+001  0.42333316E+002
 -0.47077695E-001  0.61853403E-001  0.14542470E+001  0.42333312E+002
 -0.47077696E-001  0.61853392E-001  0.14542467E+001  0.42333308E+002
 -0.47077698E-001  0.61853382E-001  0.14542464E+001  0.42333304E+002
 -0.47077699E-001  0.61853373E-001  0.14542461E+001  0.42333300E+002
 -0.47077701E-001  0.61853364E-001  0.14542459E+001  0.42333296E+002
 -0.47077702E-001  0.61853356E-001  0.14542457E+001  0.42333292E+002
 -0.47077703E-001  0.61853348E-001  0.14542454E+001  0.42333288E+002
 -0.47077704E-001  0.61853341E-001  0.14542452E+001  0.42333283E+002
 -0.47077705E-001  0.61853334E-001  0.14542450E+001  0.42333279E+002
 -0.47077706E-001  0.61853327E-001  0.14542448E+001  0.42333275E+002
 -0.47077707E-001  0.61853321E-001  0.14542446E+001  0.42333270E+002
 -0.47077708E-001  0.61853315E-001  0.14542445E+001  0.42333266E+002
 -0.47077709E-001  0.61853310E-001  0.14542443E+001  0.42333262E+002
 -0.47077710E-001  0.61853305E-001  0.14542441E+001  0.42333257E+002
 -0.47077710E-001  0.61853300E-001  0.14542440E+001  0.42333252E+002
 -0.47077711E-001  0.61853295E-001  0.14542438E+001  0.42333248E+002
 -0.47077712E-001  0.61853291E-001  0.14542437E+001  0.42333243E+002
 -0.47077713E-001  0.61853287E-001  0.14542436E+001  0.42333239E+002
 -0.47077713E-001  0.61853283E-001  0.14542435E+001  0.42333234E+002
 -0.47077714E-001  0.61853280E-001  0.14542434E+001  0.42333229E+002
 -0.47077714E-001  0.61853277E-001  0.14542433E+001  0.42333224E+002
 -0.47077715E-001  0.61853273E-001  0.14542432E+001  0.42333220E+002
 -0.47077715E-001  0.61853271E-001  0.14542431E+001  0.42333215E+002
 -0.47077716E-001  0.61853268E-001  0.14542430E+001  0.42333210E+002
 -0.47077716E-001  0.61853265E-001  0.14542429E+001  0.42333205E+002
 -0.47077717E-001  0.61853263E-001  0.14542428E+001  0.42333200E+002
 -0.47077717E-001  0.61853260E-001  0.14542427E+001  0.42333196E+002
 -0.47077717E-001  0.61853258E-001  0.14542427E+001  0.42333191E+002
 -0.47077718E-001  0.61853256E-001  0.14542426E+001  0.42333186E+002
 -0.47077718E-001  0.61853254E-001  0.14542425E+001  0.42333181E+002
 -0.47077718E-001  0.61853253E-001  0.14542425E+001  0.42333176E+002
 -0.47077719E-001  0.61853251E-001  0.14542424E+001  0.42333171E+002
 -0.47077719E-001  0.61853249E-001  0.14542423E+001  0.42333166E+002
 -0.47077719E-001  0.61853248E-001  0.14542423E+001  0.42333161E+002
 -0.47077719E-001  0.61853246E-001  0.14542422E+001  0.42333156E+002
 -0.47077720E-001  0.61853245E-001  0.14542422E+001  0.42333151E+002
 -0.47077720E-001  0.61853244E-001  0.14542422E+001  0.42333146E+002
 -0.47077720E-001  0.61853243E-001  0.14542421E+001  0.42333142E+002
 -0.47077720E-001  0.61853242E-001  0.14542421E+001  0.42333137E+002
 -0.47077720E-001  0.61853240E-001  0.14542420E+001  0.42333132E+002
 -0.47077721E-001  0.61853239E-001  0.14542420E+001  0.42333127E+002
 -0.47077721E-001  0.61853238E-001  0.14542420E+001  0.42333122E+002
 -0.47077721E-001  0.61853238E-001  0.14542419E+001  0.42333117E+002
 -0.47077721E-001  0.61853237E-001  0.14542419E+001  0.42333113E+002
 -0.47077721E-001  0.61853236E-001  0.14542419E+001  0.42333108E+002
 -0.47077721E-001  0.61853235E-001  0.14542419E+001  0.42333103E+002
 -0.47077721E-001  0.61853234E-001  0.14542418E+001  0.42333099E+002
 -0.47077722E-001  0.61853234E-001  0.14542418E+001  0.42333094E+002
 -0.47077722E-001  0.61853233E-001  0.14542418E+001  0.42333090E+002
 -0.47077722E-001  0.61853232E-001  0.14542418E+001  0.42333085E+002
 -0.47077722E-001  0.61853232E-001  0.14542418E+001  0.42333081E+002
 -0.47077722E-001  0.61853231E-001  0.14542417E+001  0.42333076E+002
 -0.47077722E-001  0.61853231E-001  0.14542417E+001  0.42333072E+002
 -0.47077722E-001  0.61853230E-001  0.14542417E+001  0.42333068E+002
 -0.47077722E-001  0.61853230E-001  0.14542417E+001  0.42333063E+002
 -0.47077722E-001  0.61853229E-001  0.14542417E+001  0.42333059E+002
 -0.47077722E-001  0.61853229E-001  0.14542417E+001  0.42333055E+002
 -0.47077722E-001  0.61853228E-001  0.14542416E+001  0.42333051E+002
 -0.47077723E-001  0.61853227E-001  0.14542416E+001  0.42333047E+002
