  0.89130922E+000
  0.89125589E+000
  0.89120972E+000
  0.89116958E+000
  0.89113504E+000
  0.89110548E+000
  0.89108029E+000
  0.89105886E+000
  0.89104067E+000
  0.89102524E+000
  0.89101217E+000
  0.89100111E+000
  0.89099176E+000
  0.89098387E+000
  0.89097721E+000
  0.89097160E+000
  0.89096688E+000
  0.89096292E+000
  0.89095960E+000
  0.89095683E+000
  0.89095451E+000
  0.89095259E+000
  0.89095099E+000
  0.89094968E+000
  0.89094860E+000
  0.89094772E+000
  0.89094701E+000
  0.89094643E+000
  0.89094598E+000
  0.89094562E+000
  0.89094534E+000
  0.89094513E+000
  0.89094497E+000
  0.89094486E+000
  0.89094478E+000
  0.89094474E+000
  0.89094471E+000
  0.89094470E+000
  0.89094471E+000
  0.89094472E+000
  0.89094474E+000
  0.89094476E+000
  0.89094479E+000
  0.89094481E+000
  0.89094483E+000
  0.89094486E+000
  0.89094487E+000
  0.89094489E+000
  0.89094490E+000
  0.89094490E+000
  0.89094490E+000
  0.89094489E+000
  0.89094488E+000
  0.89094487E+000
  0.89094485E+000
  0.89094482E+000
  0.89094480E+000
  0.89094477E+000
  0.89094473E+000
  0.89094470E+000
  0.89094467E+000
  0.89094463E+000
  0.89094460E+000
  0.89094456E+000
  0.89094453E+000
  0.89094450E+000
  0.89094447E+000
  0.89094444E+000
  0.89094442E+000
  0.89094439E+000
  0.89094437E+000
  0.89094435E+000
  0.89094434E+000
  0.89094432E+000
  0.89094431E+000
  0.89094430E+000
  0.89094430E+000
  0.89094429E+000
  0.89094429E+000
  0.89094429E+000
  0.89094429E+000
  0.89094429E+000
  0.89094430E+000
  0.89094431E+000
  0.89094432E+000
  0.89094433E+000
  0.89094434E+000
  0.89094435E+000
  0.89094436E+000
  0.89094438E+000
  0.89094439E+000
  0.89094441E+000
  0.89094443E+000
  0.89094444E+000
  0.89094446E+000
  0.89094448E+000
  0.89094450E+000
  0.89094452E+000
  0.89094454E+000
  0.89094456E+000
  0.89094458E+000
  0.89094460E+000
  0.89094462E+000
  0.89094464E+000
  0.89094465E+000
  0.89094467E+000
  0.89094469E+000
  0.89094471E+000
  0.89094473E+000
  0.89094475E+000
  0.89094477E+000
  0.89094479E+000
  0.89094480E+000
  0.89094482E+000
  0.89094484E+000
  0.89094486E+000
  0.89094487E+000
  0.89094489E+000
  0.89094491E+000
  0.89094492E+000
  0.89094494E+000
  0.89094495E+000
  0.89094497E+000
  0.89094498E+000
  0.89094500E+000
  0.89094501E+000
  0.89094502E+000
  0.89094504E+000
  0.89094505E+000
  0.89094506E+000
  0.89094507E+000
  0.89094509E+000
  0.89094510E+000
  0.89094511E+000
  0.89094512E+000
  0.89094513E+000
  0.89094514E+000
  0.89094515E+000
  0.89094516E+000
  0.89094517E+000
  0.89094518E+000
  0.89094519E+000
  0.89094520E+000
  0.89094521E+000
  0.89094522E+000
  0.89094523E+000
  0.89094523E+000
  0.89094524E+000
  0.89094525E+000
  0.89094526E+000
  0.89094526E+000
  0.89094527E+000
  0.89094528E+000
  0.89094528E+000
  0.89094529E+000
  0.89094530E+000
  0.89094530E+000
  0.89094531E+000
  0.89094531E+000
  0.89094532E+000
  0.89094532E+000
  0.89094533E+000
  0.89094533E+000
  0.89094534E+000
  0.89094534E+000
  0.89094535E+000
  0.89094535E+000
  0.89094536E+000
  0.89094536E+000
  0.89094537E+000
  0.89094537E+000
  0.89094537E+000
  0.89094538E+000
  0.89094538E+000
  0.89094538E+000
  0.89094539E+000
  0.89094539E+000
  0.89094539E+000
  0.89094540E+000
  0.89094540E+000
  0.89094540E+000
  0.89094541E+000
  0.89094541E+000
  0.89094541E+000
  0.89094541E+000
  0.89094542E+000
  0.89094542E+000
  0.89094542E+000
  0.89094542E+000
  0.89094543E+000
  0.89094543E+000
  0.89094543E+000
  0.89094543E+000
  0.89094544E+000
  0.89094544E+000
  0.89094544E+000
  0.89094544E+000
  0.89094544E+000
  0.89094544E+000
  0.89094544E+000
