  0.10950479E+002
  0.10950530E+002
  0.10950573E+002
  0.10950608E+002
  0.10950637E+002
  0.10950660E+002
  0.10950678E+002
  0.10950693E+002
  0.10950704E+002
  0.10950713E+002
  0.10950720E+002
  0.10950725E+002
  0.10950728E+002
  0.10950730E+002
  0.10950731E+002
  0.10950731E+002
  0.10950730E+002
  0.10950729E+002
  0.10950728E+002
  0.10950726E+002
  0.10950724E+002
  0.10950722E+002
  0.10950719E+002
  0.10950717E+002
  0.10950714E+002
  0.10950712E+002
  0.10950709E+002
  0.10950707E+002
  0.10950704E+002
  0.10950702E+002
  0.10950699E+002
  0.10950697E+002
  0.10950695E+002
  0.10950693E+002
  0.10950691E+002
  0.10950689E+002
  0.10950687E+002
  0.10950685E+002
  0.10950684E+002
  0.10950682E+002
  0.10950681E+002
  0.10950679E+002
  0.10950678E+002
  0.10950677E+002
  0.10950676E+002
  0.10950675E+002
  0.10950674E+002
  0.10950673E+002
  0.10950672E+002
  0.10950671E+002
  0.10950671E+002
  0.10950670E+002
  0.10950669E+002
  0.10950669E+002
  0.10950668E+002
  0.10950668E+002
  0.10950667E+002
  0.10950666E+002
  0.10950666E+002
  0.10950665E+002
  0.10950665E+002
  0.10950664E+002
  0.10950663E+002
  0.10950663E+002
  0.10950662E+002
  0.10950662E+002
  0.10950661E+002
  0.10950660E+002
  0.10950659E+002
  0.10950659E+002
  0.10950658E+002
  0.10950657E+002
  0.10950656E+002
  0.10950655E+002
  0.10950655E+002
  0.10950654E+002
  0.10950653E+002
  0.10950652E+002
  0.10950651E+002
  0.10950650E+002
  0.10950649E+002
  0.10950648E+002
  0.10950647E+002
  0.10950646E+002
  0.10950645E+002
  0.10950644E+002
  0.10950643E+002
  0.10950642E+002
  0.10950641E+002
  0.10950640E+002
  0.10950638E+002
  0.10950637E+002
  0.10950636E+002
  0.10950635E+002
  0.10950634E+002
  0.10950633E+002
  0.10950632E+002
  0.10950630E+002
  0.10950629E+002
  0.10950628E+002
  0.10950627E+002
  0.10950626E+002
  0.10950625E+002
  0.10950624E+002
  0.10950622E+002
  0.10950621E+002
  0.10950620E+002
  0.10950619E+002
  0.10950618E+002
  0.10950617E+002
  0.10950616E+002
  0.10950615E+002
  0.10950613E+002
  0.10950612E+002
  0.10950611E+002
  0.10950610E+002
  0.10950609E+002
  0.10950608E+002
  0.10950607E+002
  0.10950606E+002
  0.10950605E+002
  0.10950604E+002
  0.10950603E+002
  0.10950602E+002
  0.10950600E+002
  0.10950599E+002
  0.10950598E+002
  0.10950597E+002
  0.10950596E+002
  0.10950595E+002
  0.10950594E+002
  0.10950593E+002
  0.10950592E+002
  0.10950591E+002
  0.10950590E+002
  0.10950589E+002
  0.10950588E+002
  0.10950587E+002
  0.10950586E+002
  0.10950585E+002
  0.10950584E+002
  0.10950582E+002
  0.10950581E+002
  0.10950580E+002
  0.10950579E+002
  0.10950578E+002
  0.10950577E+002
  0.10950576E+002
  0.10950575E+002
  0.10950574E+002
  0.10950573E+002
  0.10950571E+002
  0.10950570E+002
  0.10950569E+002
  0.10950568E+002
  0.10950567E+002
  0.10950566E+002
  0.10950564E+002
  0.10950563E+002
  0.10950562E+002
  0.10950561E+002
  0.10950560E+002
  0.10950558E+002
  0.10950557E+002
  0.10950556E+002
  0.10950555E+002
  0.10950553E+002
  0.10950552E+002
  0.10950551E+002
  0.10950550E+002
  0.10950548E+002
  0.10950547E+002
  0.10950546E+002
  0.10950545E+002
  0.10950543E+002
  0.10950542E+002
  0.10950541E+002
  0.10950540E+002
  0.10950539E+002
  0.10950537E+002
  0.10950536E+002
  0.10950535E+002
  0.10950534E+002
  0.10950532E+002
  0.10950531E+002
  0.10950530E+002
  0.10950529E+002
  0.10950528E+002
  0.10950527E+002
  0.10950525E+002
  0.10950524E+002
  0.10950523E+002
  0.10950522E+002
  0.10950521E+002
  0.10950520E+002
  0.10950519E+002
  0.10950518E+002
  0.10950517E+002
  0.10950516E+002
  0.10950515E+002
