  0.37555754E+000
  0.37555680E+000
  0.37555615E+000
  0.37555559E+000
  0.37555509E+000
  0.37555466E+000
  0.37555429E+000
  0.37555397E+000
  0.37555368E+000
  0.37555344E+000
  0.37555323E+000
  0.37555305E+000
  0.37555290E+000
  0.37555277E+000
  0.37555265E+000
  0.37555256E+000
  0.37555248E+000
  0.37555241E+000
  0.37555236E+000
  0.37555231E+000
  0.37555228E+000
  0.37555225E+000
  0.37555223E+000
  0.37555222E+000
  0.37555221E+000
  0.37555221E+000
  0.37555221E+000
  0.37555222E+000
  0.37555223E+000
  0.37555225E+000
  0.37555227E+000
  0.37555229E+000
  0.37555232E+000
  0.37555234E+000
  0.37555237E+000
  0.37555240E+000
  0.37555244E+000
  0.37555247E+000
  0.37555251E+000
  0.37555254E+000
  0.37555258E+000
  0.37555262E+000
  0.37555266E+000
  0.37555271E+000
  0.37555275E+000
  0.37555279E+000
  0.37555284E+000
  0.37555288E+000
  0.37555293E+000
  0.37555297E+000
  0.37555302E+000
  0.37555307E+000
  0.37555312E+000
  0.37555317E+000
  0.37555322E+000
  0.37555327E+000
  0.37555332E+000
  0.37555337E+000
  0.37555343E+000
  0.37555348E+000
  0.37555354E+000
  0.37555360E+000
  0.37555365E+000
  0.37555371E+000
  0.37555377E+000
  0.37555384E+000
  0.37555390E+000
  0.37555396E+000
  0.37555403E+000
  0.37555409E+000
  0.37555416E+000
  0.37555423E+000
  0.37555430E+000
  0.37555437E+000
  0.37555444E+000
  0.37555451E+000
  0.37555458E+000
  0.37555465E+000
  0.37555473E+000
  0.37555480E+000
  0.37555487E+000
  0.37555495E+000
  0.37555502E+000
  0.37555509E+000
  0.37555517E+000
  0.37555524E+000
  0.37555531E+000
  0.37555538E+000
  0.37555545E+000
  0.37555552E+000
  0.37555559E+000
  0.37555566E+000
  0.37555573E+000
  0.37555580E+000
  0.37555586E+000
  0.37555593E+000
  0.37555599E+000
  0.37555605E+000
  0.37555611E+000
  0.37555617E+000
  0.37555623E+000
  0.37555628E+000
  0.37555634E+000
  0.37555639E+000
  0.37555644E+000
  0.37555649E+000
  0.37555654E+000
  0.37555659E+000
  0.37555663E+000
  0.37555668E+000
  0.37555672E+000
  0.37555676E+000
  0.37555680E+000
  0.37555684E+000
  0.37555687E+000
  0.37555691E+000
  0.37555694E+000
  0.37555698E+000
  0.37555701E+000
  0.37555704E+000
  0.37555706E+000
  0.37555709E+000
  0.37555712E+000
  0.37555714E+000
  0.37555716E+000
  0.37555718E+000
  0.37555721E+000
  0.37555723E+000
  0.37555724E+000
  0.37555726E+000
  0.37555728E+000
  0.37555730E+000
  0.37555731E+000
  0.37555732E+000
  0.37555734E+000
  0.37555735E+000
  0.37555736E+000
  0.37555737E+000
  0.37555738E+000
  0.37555739E+000
  0.37555740E+000
  0.37555741E+000
  0.37555742E+000
  0.37555743E+000
  0.37555744E+000
  0.37555744E+000
  0.37555745E+000
  0.37555745E+000
  0.37555746E+000
  0.37555747E+000
  0.37555747E+000
  0.37555747E+000
  0.37555748E+000
  0.37555748E+000
  0.37555749E+000
  0.37555749E+000
  0.37555749E+000
  0.37555750E+000
  0.37555750E+000
  0.37555750E+000
  0.37555750E+000
  0.37555751E+000
  0.37555751E+000
  0.37555751E+000
  0.37555751E+000
  0.37555752E+000
  0.37555752E+000
  0.37555752E+000
  0.37555752E+000
  0.37555752E+000
  0.37555752E+000
  0.37555752E+000
  0.37555753E+000
  0.37555753E+000
  0.37555753E+000
  0.37555753E+000
  0.37555753E+000
  0.37555753E+000
  0.37555753E+000
  0.37555753E+000
  0.37555753E+000
  0.37555753E+000
  0.37555753E+000
  0.37555753E+000
  0.37555754E+000
  0.37555754E+000
  0.37555754E+000
  0.37555754E+000
  0.37555754E+000
  0.37555754E+000
  0.37555754E+000
  0.37555754E+000
  0.37555754E+000
  0.37555754E+000
  0.37555754E+000
  0.37555754E+000
  0.37555754E+000
  0.37555754E+000
  0.37555754E+000
  0.37555754E+000
