  0.23372266E+000
  0.23292228E+000
  0.23287986E+000
  0.23296557E+000
  0.23306709E+000
  0.23316134E+000
  0.23324405E+000
  0.23331529E+000
  0.23337615E+000
  0.23342804E+000
  0.23347205E+000
  0.23350917E+000
  0.23354059E+000
  0.23356723E+000
  0.23358982E+000
  0.23360899E+000
  0.23362526E+000
  0.23363908E+000
  0.23365084E+000
  0.23366084E+000
  0.23366935E+000
  0.23367661E+000
  0.23368280E+000
  0.23368809E+000
  0.23369262E+000
  0.23369651E+000
  0.23369985E+000
  0.23370273E+000
  0.23370521E+000
  0.23370737E+000
  0.23370924E+000
  0.23371087E+000
  0.23371229E+000
  0.23371354E+000
  0.23371464E+000
  0.23371560E+000
  0.23371645E+000
  0.23371720E+000
  0.23371786E+000
  0.23371844E+000
  0.23371895E+000
  0.23371940E+000
  0.23371979E+000
  0.23372012E+000
  0.23372041E+000
  0.23372065E+000
  0.23372084E+000
  0.23372100E+000
  0.23372112E+000
  0.23372122E+000
  0.23372128E+000
  0.23372132E+000
  0.23372135E+000
  0.23372136E+000
  0.23372136E+000
  0.23372135E+000
  0.23372133E+000
  0.23372131E+000
  0.23372130E+000
  0.23372128E+000
  0.23372126E+000
  0.23372125E+000
  0.23372124E+000
  0.23372123E+000
  0.23372123E+000
  0.23372123E+000
  0.23372124E+000
  0.23372125E+000
  0.23372126E+000
  0.23372127E+000
  0.23372129E+000
  0.23372130E+000
  0.23372132E+000
  0.23372135E+000
  0.23372137E+000
  0.23372139E+000
  0.23372142E+000
  0.23372144E+000
  0.23372147E+000
  0.23372149E+000
  0.23372152E+000
  0.23372154E+000
  0.23372156E+000
  0.23372159E+000
  0.23372161E+000
  0.23372163E+000
  0.23372166E+000
  0.23372168E+000
  0.23372170E+000
  0.23372172E+000
  0.23372174E+000
  0.23372176E+000
  0.23372177E+000
  0.23372179E+000
  0.23372181E+000
  0.23372183E+000
  0.23372184E+000
  0.23372186E+000
  0.23372187E+000
  0.23372189E+000
  0.23372190E+000
  0.23372192E+000
  0.23372193E+000
  0.23372195E+000
  0.23372196E+000
  0.23372197E+000
  0.23372199E+000
  0.23372200E+000
  0.23372202E+000
  0.23372203E+000
  0.23372204E+000
  0.23372206E+000
  0.23372207E+000
  0.23372208E+000
  0.23372210E+000
  0.23372211E+000
  0.23372212E+000
  0.23372214E+000
  0.23372215E+000
  0.23372216E+000
  0.23372218E+000
  0.23372219E+000
  0.23372220E+000
  0.23372221E+000
  0.23372223E+000
  0.23372224E+000
  0.23372225E+000
  0.23372226E+000
  0.23372228E+000
  0.23372229E+000
  0.23372230E+000
  0.23372231E+000
  0.23372232E+000
  0.23372233E+000
  0.23372234E+000
  0.23372236E+000
  0.23372237E+000
  0.23372238E+000
  0.23372239E+000
  0.23372240E+000
  0.23372241E+000
  0.23372242E+000
  0.23372242E+000
  0.23372243E+000
  0.23372244E+000
  0.23372245E+000
  0.23372246E+000
  0.23372247E+000
  0.23372247E+000
  0.23372248E+000
  0.23372249E+000
  0.23372250E+000
  0.23372250E+000
  0.23372251E+000
  0.23372252E+000
  0.23372252E+000
  0.23372253E+000
  0.23372253E+000
  0.23372254E+000
  0.23372254E+000
  0.23372255E+000
  0.23372255E+000
  0.23372256E+000
  0.23372256E+000
  0.23372257E+000
  0.23372257E+000
  0.23372258E+000
  0.23372258E+000
  0.23372258E+000
  0.23372259E+000
  0.23372259E+000
  0.23372259E+000
  0.23372260E+000
  0.23372260E+000
  0.23372260E+000
  0.23372261E+000
  0.23372261E+000
  0.23372261E+000
  0.23372261E+000
  0.23372262E+000
  0.23372262E+000
  0.23372262E+000
  0.23372262E+000
  0.23372262E+000
  0.23372263E+000
  0.23372263E+000
  0.23372263E+000
  0.23372263E+000
  0.23372263E+000
  0.23372263E+000
  0.23372263E+000
  0.23372264E+000
  0.23372264E+000
  0.23372264E+000
  0.23372264E+000
  0.23372264E+000
  0.23372264E+000
  0.23372264E+000
  0.23372263E+000
  0.23372264E+000
