  0.93159550E+000
  0.93156415E+000
  0.93154069E+000
  0.93152355E+000
  0.93151151E+000
  0.93150353E+000
  0.93149875E+000
  0.93149648E+000
  0.93149616E+000
  0.93149734E+000
  0.93149964E+000
  0.93150278E+000
  0.93150651E+000
  0.93151064E+000
  0.93151503E+000
  0.93151955E+000
  0.93152412E+000
  0.93152866E+000
  0.93153311E+000
  0.93153745E+000
  0.93154164E+000
  0.93154565E+000
  0.93154949E+000
  0.93155312E+000
  0.93155656E+000
  0.93155980E+000
  0.93156285E+000
  0.93156570E+000
  0.93156836E+000
  0.93157084E+000
  0.93157315E+000
  0.93157529E+000
  0.93157727E+000
  0.93157910E+000
  0.93158078E+000
  0.93158233E+000
  0.93158375E+000
  0.93158505E+000
  0.93158623E+000
  0.93158731E+000
  0.93158828E+000
  0.93158916E+000
  0.93158995E+000
  0.93159066E+000
  0.93159130E+000
  0.93159186E+000
  0.93159236E+000
  0.93159280E+000
  0.93159318E+000
  0.93159352E+000
  0.93159381E+000
  0.93159406E+000
  0.93159427E+000
  0.93159446E+000
  0.93159461E+000
  0.93159474E+000
  0.93159485E+000
  0.93159495E+000
  0.93159503E+000
  0.93159510E+000
  0.93159515E+000
  0.93159520E+000
  0.93159524E+000
  0.93159528E+000
  0.93159531E+000
  0.93159534E+000
  0.93159536E+000
  0.93159538E+000
  0.93159540E+000
  0.93159542E+000
  0.93159544E+000
  0.93159545E+000
  0.93159546E+000
  0.93159548E+000
  0.93159549E+000
  0.93159550E+000
  0.93159551E+000
  0.93159552E+000
  0.93159553E+000
  0.93159553E+000
  0.93159554E+000
  0.93159555E+000
  0.93159555E+000
  0.93159556E+000
  0.93159556E+000
  0.93159556E+000
  0.93159557E+000
  0.93159557E+000
  0.93159557E+000
  0.93159557E+000
  0.93159557E+000
  0.93159558E+000
  0.93159558E+000
  0.93159558E+000
  0.93159558E+000
  0.93159558E+000
  0.93159558E+000
  0.93159558E+000
  0.93159558E+000
  0.93159557E+000
  0.93159557E+000
  0.93159557E+000
  0.93159557E+000
  0.93159557E+000
  0.93159557E+000
  0.93159557E+000
  0.93159556E+000
  0.93159556E+000
  0.93159556E+000
  0.93159556E+000
  0.93159556E+000
  0.93159555E+000
  0.93159555E+000
  0.93159555E+000
  0.93159555E+000
  0.93159555E+000
  0.93159555E+000
  0.93159554E+000
  0.93159554E+000
  0.93159554E+000
  0.93159554E+000
  0.93159554E+000
  0.93159553E+000
  0.93159553E+000
  0.93159553E+000
  0.93159553E+000
  0.93159553E+000
  0.93159553E+000
  0.93159553E+000
  0.93159552E+000
  0.93159552E+000
  0.93159552E+000
  0.93159552E+000
  0.93159552E+000
  0.93159552E+000
  0.93159551E+000
  0.93159551E+000
  0.93159551E+000
  0.93159551E+000
  0.93159551E+000
  0.93159551E+000
  0.93159551E+000
  0.93159551E+000
  0.93159551E+000
  0.93159550E+000
  0.93159550E+000
  0.93159550E+000
  0.93159550E+000
  0.93159550E+000
  0.93159550E+000
  0.93159550E+000
  0.93159550E+000
  0.93159550E+000
  0.93159550E+000
  0.93159550E+000
  0.93159550E+000
  0.93159550E+000
  0.93159549E+000
  0.93159549E+000
  0.93159549E+000
  0.93159549E+000
  0.93159549E+000
  0.93159549E+000
  0.93159549E+000
  0.93159549E+000
  0.93159549E+000
  0.93159549E+000
  0.93159549E+000
  0.93159549E+000
  0.93159549E+000
  0.93159549E+000
  0.93159549E+000
  0.93159549E+000
  0.93159549E+000
  0.93159549E+000
  0.93159549E+000
  0.93159549E+000
  0.93159549E+000
  0.93159549E+000
  0.93159549E+000
  0.93159549E+000
  0.93159549E+000
  0.93159549E+000
  0.93159549E+000
  0.93159549E+000
  0.93159549E+000
  0.93159549E+000
  0.93159549E+000
  0.93159549E+000
  0.93159549E+000
  0.93159549E+000
  0.93159549E+000
  0.93159549E+000
  0.93159549E+000
  0.93159549E+000
  0.93159549E+000
  0.93159549E+000
  0.93159549E+000
  0.93159549E+000
  0.93159549E+000
