  0.35409804E+000
  0.35410174E+000
  0.35410958E+000
  0.35411909E+000
  0.35412591E+000
  0.35412967E+000
  0.35413406E+000
  0.35413828E+000
  0.35414231E+000
  0.35414578E+000
  0.35414878E+000
  0.35415160E+000
  0.35415368E+000
  0.35415554E+000
  0.35415727E+000
  0.35415942E+000
  0.35416066E+000
  0.35416179E+000
  0.35416272E+000
  0.35416388E+000
  0.35416458E+000
  0.35416522E+000
  0.35416576E+000
  0.35416623E+000
  0.35416658E+000
  0.35416693E+000
  0.35416722E+000
  0.35416749E+000
  0.35416774E+000
  0.35416795E+000
  0.35416814E+000
  0.35416831E+000
  0.35416846E+000
  0.35416858E+000
  0.35416870E+000
  0.35416880E+000
  0.35416889E+000
  0.35416897E+000
  0.35416904E+000
  0.35416910E+000
  0.35416915E+000
  0.35416920E+000
  0.35416925E+000
  0.35416929E+000
  0.35416932E+000
  0.35416936E+000
  0.35416939E+000
  0.35416942E+000
  0.35416944E+000
  0.35416947E+000
  0.35416949E+000
  0.35416951E+000
  0.35416954E+000
  0.35416956E+000
  0.35416958E+000
  0.35416960E+000
  0.35416963E+000
  0.35416965E+000
  0.35416967E+000
  0.35416969E+000
  0.35416971E+000
  0.35416973E+000
  0.35416975E+000
  0.35416977E+000
  0.35416979E+000
  0.35416981E+000
  0.35416983E+000
  0.35416985E+000
  0.35416987E+000
  0.35416989E+000
  0.35416990E+000
  0.35416992E+000
  0.35416994E+000
  0.35416995E+000
  0.35416997E+000
  0.35416999E+000
  0.35417001E+000
  0.35417002E+000
  0.35417003E+000
  0.35417005E+000
  0.35417006E+000
  0.35417007E+000
  0.35417009E+000
  0.35417010E+000
  0.35417011E+000
  0.35417012E+000
  0.35417013E+000
  0.35417015E+000
  0.35417016E+000
  0.35417017E+000
  0.35417018E+000
  0.35417019E+000
  0.35417020E+000
  0.35417021E+000
  0.35417022E+000
  0.35417023E+000
  0.35417024E+000
  0.35417025E+000
  0.35417025E+000
  0.35417026E+000
  0.35417027E+000
  0.35417028E+000
  0.35417029E+000
  0.35417030E+000
  0.35417031E+000
  0.35417032E+000
  0.35417032E+000
  0.35417033E+000
  0.35417034E+000
  0.35417035E+000
  0.35417036E+000
  0.35417036E+000
  0.35417037E+000
  0.35417038E+000
  0.35417039E+000
  0.35417039E+000
  0.35417040E+000
  0.35417041E+000
  0.35417041E+000
  0.35417042E+000
  0.35417043E+000
  0.35417043E+000
  0.35417044E+000
  0.35417044E+000
  0.35417045E+000
  0.35417045E+000
  0.35417046E+000
  0.35417046E+000
  0.35417046E+000
  0.35417047E+000
  0.35417047E+000
  0.35417047E+000
  0.35417047E+000
  0.35417048E+000
  0.35417048E+000
  0.35417048E+000
  0.35417048E+000
  0.35417048E+000
  0.35417048E+000
  0.35417048E+000
  0.35417048E+000
  0.35417048E+000
  0.35417047E+000
  0.35417047E+000
  0.35417047E+000
  0.35417047E+000
  0.35417046E+000
  0.35417046E+000
  0.35417046E+000
  0.35417045E+000
  0.35417045E+000
  0.35417044E+000
  0.35417043E+000
  0.35417043E+000
  0.35417042E+000
  0.35417041E+000
  0.35417040E+000
  0.35417040E+000
  0.35417039E+000
  0.35417038E+000
  0.35417037E+000
  0.35417036E+000
  0.35417035E+000
  0.35417034E+000
  0.35417033E+000
  0.35417032E+000
  0.35417031E+000
  0.35417029E+000
  0.35417028E+000
  0.35417027E+000
  0.35417026E+000
  0.35417024E+000
  0.35417023E+000
  0.35417022E+000
  0.35417020E+000
  0.35417019E+000
  0.35417018E+000
  0.35417016E+000
  0.35417015E+000
  0.35417013E+000
  0.35417012E+000
  0.35417011E+000
  0.35417009E+000
  0.35417008E+000
  0.35417006E+000
  0.35417005E+000
  0.35417003E+000
  0.35417002E+000
  0.35417000E+000
  0.35416999E+000
  0.35416997E+000
  0.35416996E+000
  0.35416994E+000
  0.35416993E+000
  0.35416992E+000
  0.35416990E+000
  0.35416989E+000
  0.35416987E+000
  0.35416986E+000
  0.35416985E+000
