  0.91291450E+000
  0.91291255E+000
  0.91291093E+000
  0.91290966E+000
  0.91290868E+000
  0.91290794E+000
  0.91290741E+000
  0.91290704E+000
  0.91290680E+000
  0.91290667E+000
  0.91290662E+000
  0.91290664E+000
  0.91290672E+000
  0.91290683E+000
  0.91290697E+000
  0.91290714E+000
  0.91290733E+000
  0.91290752E+000
  0.91290773E+000
  0.91290793E+000
  0.91290814E+000
  0.91290835E+000
  0.91290855E+000
  0.91290875E+000
  0.91290894E+000
  0.91290913E+000
  0.91290931E+000
  0.91290949E+000
  0.91290965E+000
  0.91290981E+000
  0.91290996E+000
  0.91291011E+000
  0.91291025E+000
  0.91291037E+000
  0.91291050E+000
  0.91291061E+000
  0.91291072E+000
  0.91291082E+000
  0.91291091E+000
  0.91291100E+000
  0.91291108E+000
  0.91291116E+000
  0.91291123E+000
  0.91291129E+000
  0.91291135E+000
  0.91291141E+000
  0.91291146E+000
  0.91291151E+000
  0.91291155E+000
  0.91291160E+000
  0.91291164E+000
  0.91291167E+000
  0.91291171E+000
  0.91291174E+000
  0.91291178E+000
  0.91291181E+000
  0.91291184E+000
  0.91291187E+000
  0.91291190E+000
  0.91291193E+000
  0.91291196E+000
  0.91291200E+000
  0.91291203E+000
  0.91291206E+000
  0.91291209E+000
  0.91291213E+000
  0.91291216E+000
  0.91291219E+000
  0.91291223E+000
  0.91291227E+000
  0.91291230E+000
  0.91291234E+000
  0.91291238E+000
  0.91291242E+000
  0.91291246E+000
  0.91291250E+000
  0.91291254E+000
  0.91291258E+000
  0.91291262E+000
  0.91291266E+000
  0.91291270E+000
  0.91291274E+000
  0.91291279E+000
  0.91291283E+000
  0.91291287E+000
  0.91291292E+000
  0.91291296E+000
  0.91291300E+000
  0.91291305E+000
  0.91291309E+000
  0.91291314E+000
  0.91291318E+000
  0.91291322E+000
  0.91291327E+000
  0.91291331E+000
  0.91291335E+000
  0.91291340E+000
  0.91291344E+000
  0.91291348E+000
  0.91291352E+000
  0.91291357E+000
  0.91291361E+000
  0.91291365E+000
  0.91291369E+000
  0.91291373E+000
  0.91291377E+000
  0.91291381E+000
  0.91291385E+000
  0.91291388E+000
  0.91291392E+000
  0.91291396E+000
  0.91291399E+000
  0.91291403E+000
  0.91291406E+000
  0.91291409E+000
  0.91291413E+000
  0.91291416E+000
  0.91291419E+000
  0.91291422E+000
  0.91291425E+000
  0.91291428E+000
  0.91291431E+000
  0.91291434E+000
  0.91291436E+000
  0.91291439E+000
  0.91291441E+000
  0.91291444E+000
  0.91291446E+000
  0.91291449E+000
  0.91291451E+000
  0.91291453E+000
  0.91291455E+000
  0.91291457E+000
  0.91291459E+000
  0.91291461E+000
  0.91291462E+000
  0.91291464E+000
  0.91291465E+000
  0.91291467E+000
  0.91291468E+000
  0.91291470E+000
  0.91291471E+000
  0.91291472E+000
  0.91291473E+000
  0.91291475E+000
  0.91291476E+000
  0.91291477E+000
  0.91291477E+000
  0.91291478E+000
  0.91291479E+000
  0.91291480E+000
  0.91291480E+000
  0.91291481E+000
  0.91291482E+000
  0.91291482E+000
  0.91291483E+000
  0.91291483E+000
  0.91291483E+000
  0.91291484E+000
  0.91291484E+000
  0.91291484E+000
  0.91291484E+000
  0.91291484E+000
  0.91291484E+000
  0.91291484E+000
  0.91291484E+000
  0.91291484E+000
  0.91291484E+000
  0.91291484E+000
  0.91291484E+000
  0.91291484E+000
  0.91291484E+000
  0.91291483E+000
  0.91291483E+000
  0.91291483E+000
  0.91291483E+000
  0.91291482E+000
  0.91291482E+000
  0.91291482E+000
  0.91291481E+000
  0.91291481E+000
  0.91291480E+000
  0.91291480E+000
  0.91291480E+000
  0.91291479E+000
  0.91291479E+000
  0.91291478E+000
  0.91291478E+000
  0.91291477E+000
  0.91291477E+000
  0.91291476E+000
  0.91291476E+000
  0.91291475E+000
  0.91291475E+000
  0.91291474E+000
  0.91291474E+000
  0.91291473E+000
  0.91291473E+000
  0.91291472E+000
  0.91291472E+000
