  0.43065866E+000
  0.43065335E+000
  0.43064667E+000
  0.43063938E+000
  0.43063431E+000
  0.43063004E+000
  0.43062670E+000
  0.43062346E+000
  0.43062040E+000
  0.43061744E+000
  0.43061443E+000
  0.43061224E+000
  0.43061041E+000
  0.43060781E+000
  0.43060656E+000
  0.43060554E+000
  0.43060463E+000
  0.43060376E+000
  0.43060302E+000
  0.43060245E+000
  0.43060189E+000
  0.43060139E+000
  0.43060090E+000
  0.43060051E+000
  0.43060016E+000
  0.43059987E+000
  0.43059962E+000
  0.43059939E+000
  0.43059918E+000
  0.43059900E+000
  0.43059883E+000
  0.43059869E+000
  0.43059856E+000
  0.43059844E+000
  0.43059834E+000
  0.43059825E+000
  0.43059817E+000
  0.43059809E+000
  0.43059803E+000
  0.43059797E+000
  0.43059793E+000
  0.43059788E+000
  0.43059785E+000
  0.43059782E+000
  0.43059779E+000
  0.43059777E+000
  0.43059775E+000
  0.43059773E+000
  0.43059771E+000
  0.43059770E+000
  0.43059769E+000
  0.43059767E+000
  0.43059767E+000
  0.43059766E+000
  0.43059765E+000
  0.43059764E+000
  0.43059764E+000
  0.43059763E+000
  0.43059763E+000
  0.43059762E+000
  0.43059761E+000
  0.43059761E+000
  0.43059760E+000
  0.43059672E+000
  0.43059672E+000
  0.43059672E+000
  0.43059672E+000
  0.43059672E+000
  0.43059672E+000
  0.43059672E+000
  0.43059673E+000
  0.43059673E+000
  0.43059673E+000
  0.43059673E+000
  0.43059673E+000
  0.43059674E+000
  0.43059674E+000
  0.43059675E+000
  0.43059675E+000
  0.43059676E+000
  0.43059677E+000
  0.43059677E+000
  0.43059678E+000
  0.43059679E+000
  0.43059680E+000
  0.43059681E+000
  0.43059681E+000
  0.43059682E+000
  0.43059683E+000
  0.43059684E+000
  0.43059685E+000
  0.43059686E+000
  0.43059687E+000
  0.43059688E+000
  0.43059689E+000
  0.43059690E+000
  0.43059691E+000
  0.43059692E+000
  0.43059693E+000
  0.43059694E+000
  0.43059695E+000
  0.43059696E+000
  0.43059697E+000
  0.43059698E+000
  0.43059699E+000
  0.43059700E+000
  0.43059701E+000
  0.43059702E+000
  0.43059703E+000
  0.43059704E+000
  0.43059705E+000
  0.43059706E+000
  0.43059706E+000
  0.43059707E+000
  0.43059708E+000
  0.43059709E+000
  0.43059710E+000
  0.43059710E+000
  0.43059711E+000
  0.43059712E+000
  0.43059712E+000
  0.43059713E+000
  0.43059713E+000
  0.43059714E+000
  0.43059715E+000
  0.43059715E+000
  0.43059715E+000
  0.43059716E+000
  0.43059716E+000
  0.43059717E+000
  0.43059717E+000
  0.43059717E+000
  0.43059717E+000
  0.43059717E+000
  0.43059717E+000
  0.43059718E+000
  0.43059718E+000
  0.43059718E+000
  0.43059718E+000
  0.43059717E+000
  0.43059717E+000
  0.43059717E+000
  0.43059717E+000
  0.43059716E+000
  0.43059716E+000
  0.43059716E+000
  0.43059715E+000
  0.43059715E+000
  0.43059714E+000
  0.43059714E+000
  0.43059713E+000
  0.43059713E+000
  0.43059712E+000
  0.43059711E+000
  0.43059710E+000
  0.43059709E+000
  0.43059709E+000
  0.43059708E+000
  0.43059707E+000
  0.43059706E+000
  0.43059705E+000
  0.43059704E+000
  0.43059703E+000
  0.43059702E+000
  0.43059700E+000
  0.43059699E+000
  0.43059698E+000
  0.43059697E+000
  0.43059696E+000
  0.43059694E+000
  0.43059693E+000
  0.43059692E+000
  0.43059690E+000
  0.43059689E+000
  0.43059688E+000
  0.43059686E+000
  0.43059685E+000
  0.43059683E+000
  0.43059682E+000
  0.43059680E+000
  0.43059679E+000
  0.43059678E+000
  0.43059676E+000
  0.43059675E+000
  0.43059673E+000
  0.43059672E+000
  0.43059670E+000
  0.43059669E+000
  0.43059667E+000
  0.43059666E+000
  0.43059665E+000
  0.43059663E+000
  0.43059662E+000
  0.43059660E+000
  0.43059659E+000
  0.43059658E+000
  0.43059656E+000
  0.43059655E+000
  0.43059653E+000
  0.43059652E+000
