  0.44348262E-001
  0.44284017E-001
  0.44221620E-001
  0.44165842E-001
  0.44117244E-001
  0.44075311E-001
  0.44039293E-001
  0.44008430E-001
  0.43982012E-001
  0.43959421E-001
  0.43940117E-001
  0.43923628E-001
  0.43909547E-001
  0.43897525E-001
  0.43887262E-001
  0.43878502E-001
  0.43871024E-001
  0.43864644E-001
  0.43859200E-001
  0.43854559E-001
  0.43850601E-001
  0.43847230E-001
  0.43844358E-001
  0.43841914E-001
  0.43839835E-001
  0.43838068E-001
  0.43836567E-001
  0.43835293E-001
  0.43834214E-001
  0.43833299E-001
  0.43832525E-001
  0.43831870E-001
  0.43831316E-001
  0.43830848E-001
  0.43830452E-001
  0.43830117E-001
  0.43829834E-001
  0.43829593E-001
  0.43829389E-001
  0.43829214E-001
  0.43829064E-001
  0.43828935E-001
  0.43828823E-001
  0.43828723E-001
  0.43828634E-001
  0.43828553E-001
  0.43828478E-001
  0.43828406E-001
  0.43828336E-001
  0.43828268E-001
  0.43828198E-001
  0.43828128E-001
  0.43828056E-001
  0.43827982E-001
  0.43827906E-001
  0.43827828E-001
  0.43827749E-001
  0.43827668E-001
  0.43827586E-001
  0.43827504E-001
  0.43827422E-001
  0.43827341E-001
  0.43827261E-001
  0.43827182E-001
  0.43827105E-001
  0.43827031E-001
  0.43826960E-001
  0.43826891E-001
  0.43826826E-001
  0.43826764E-001
  0.43826706E-001
  0.43826651E-001
  0.43826599E-001
  0.43826551E-001
  0.43826507E-001
  0.43826466E-001
  0.43826428E-001
  0.43826394E-001
  0.43826363E-001
  0.43826335E-001
  0.43826310E-001
  0.43826288E-001
  0.43826268E-001
  0.43826250E-001
  0.43826235E-001
  0.43826221E-001
  0.43826210E-001
  0.43826200E-001
  0.43826191E-001
  0.43826184E-001
  0.43826178E-001
  0.43826173E-001
  0.43826170E-001
  0.43826166E-001
  0.43826164E-001
  0.43826162E-001
  0.43826161E-001
  0.43826160E-001
  0.43826159E-001
  0.43826159E-001
  0.43826159E-001
  0.43826159E-001
  0.43826159E-001
  0.43826159E-001
  0.43826159E-001
  0.43826159E-001
  0.43826160E-001
  0.43826160E-001
  0.43826160E-001
  0.43826160E-001
  0.43826160E-001
  0.43826159E-001
  0.43826159E-001
  0.43826159E-001
  0.43826158E-001
  0.43826157E-001
  0.43826157E-001
  0.43826156E-001
  0.43826155E-001
  0.43826154E-001
  0.43826153E-001
  0.43826151E-001
  0.43826150E-001
  0.43826149E-001
  0.43826147E-001
  0.43826146E-001
  0.43826144E-001
  0.43826143E-001
  0.43826141E-001
  0.43826139E-001
  0.43826137E-001
  0.43826135E-001
  0.43826134E-001
  0.43826132E-001
  0.43826130E-001
  0.43826128E-001
  0.43826126E-001
  0.43826124E-001
  0.43826122E-001
  0.43826120E-001
  0.43826118E-001
  0.43826116E-001
  0.43826115E-001
  0.43826113E-001
  0.43826111E-001
  0.43826109E-001
  0.43826107E-001
  0.43826106E-001
  0.43826104E-001
  0.43826102E-001
  0.43826101E-001
  0.43826099E-001
  0.43826098E-001
  0.43826096E-001
  0.43826095E-001
  0.43826093E-001
  0.43826092E-001
  0.43826091E-001
  0.43826090E-001
  0.43826088E-001
  0.43826087E-001
  0.43826086E-001
  0.43826085E-001
  0.43826084E-001
  0.43826084E-001
  0.43826083E-001
  0.43826082E-001
  0.43826082E-001
  0.43826081E-001
  0.43826080E-001
  0.43826080E-001
  0.43826079E-001
  0.43826079E-001
  0.43826079E-001
  0.43826079E-001
  0.43826078E-001
  0.43826078E-001
  0.43826078E-001
  0.43826078E-001
  0.43826078E-001
  0.43826078E-001
  0.43826078E-001
  0.43826078E-001
  0.43826078E-001
  0.43826078E-001
  0.43826078E-001
  0.43826078E-001
  0.43826078E-001
  0.43826079E-001
  0.43826079E-001
  0.43826079E-001
  0.43826079E-001
  0.43826080E-001
  0.43826080E-001
  0.43826080E-001
  0.43826080E-001
  0.43826081E-001
  0.43826081E-001
  0.43826080E-001
  0.43826079E-001
