 -0.48122037E+000 -0.23336945E+000 -0.54907317E-002 -0.45313024E-002 -0.16530146E-002  0.22934688E+000  0.34247353E+001  0.16556435E+002  0.33185592E+002  0.10316519E+003  0.17234824E+003
 -0.48121106E+000 -0.23319221E+000 -0.54904357E-002 -0.45310126E-002 -0.16527433E-002  0.22934967E+000  0.34247389E+001  0.16556436E+002  0.33186179E+002  0.10316519E+003  0.17234824E+003
 -0.48120356E+000 -0.23304915E+000 -0.54902138E-002 -0.45308012E-002 -0.16525633E-002  0.22935027E+000  0.34247393E+001  0.16556436E+002  0.33186701E+002  0.10316519E+003  0.17234824E+003
 -0.48119802E+000 -0.23294127E+000 -0.54900550E-002 -0.45306518E-002 -0.16524422E-002  0.22935031E+000  0.34247391E+001  0.16556436E+002  0.33187148E+002  0.10316519E+003  0.17234824E+003
 -0.48119427E+000 -0.23286438E+000 -0.54899454E-002 -0.45305494E-002 -0.16523615E-002  0.22935021E+000  0.34247389E+001  0.16556436E+002  0.33187525E+002  0.10316519E+003  0.17234824E+003
 -0.48119201E+000 -0.23281323E+000 -0.54898734E-002 -0.45304825E-002 -0.16523100E-002  0.22935006E+000  0.34247386E+001  0.16556436E+002  0.33187843E+002  0.10316519E+003  0.17234824E+003
 -0.48119094E+000 -0.23278290E+000 -0.54898304E-002 -0.45304428E-002 -0.16522802E-002  0.22934990E+000  0.34247384E+001  0.16556436E+002  0.33188110E+002  0.10316519E+003  0.17234824E+003
 -0.48119079E+000 -0.23276907E+000 -0.54898095E-002 -0.45304238E-002 -0.16522668E-002  0.22934973E+000  0.34247381E+001  0.16556436E+002  0.33188333E+002  0.10316519E+003  0.17234824E+003
 -0.48119131E+000 -0.23276814E+000 -0.54898058E-002 -0.45304208E-002 -0.16522659E-002  0.22934958E+000  0.34247379E+001  0.16556436E+002  0.33188520E+002  0.10316519E+003  0.17234824E+003
 -0.48119231E+000 -0.23277711E+000 -0.54898152E-002 -0.45304299E-002 -0.16522744E-002  0.22934942E+000  0.34247378E+001  0.16556436E+002  0.33188676E+002  0.10316519E+003  0.17234824E+003
 -0.48119362E+000 -0.23279353E+000 -0.54898345E-002 -0.45304483E-002 -0.16522900E-002  0.22934928E+000  0.34247376E+001  0.16556435E+002  0.33188805E+002  0.10316519E+003  0.17234824E+003
 -0.48119514E+000 -0.23281536E+000 -0.54898612E-002 -0.45304737E-002 -0.16523110E-002  0.22934914E+000  0.34247375E+001  0.16556435E+002  0.33188913E+002  0.10316519E+003  0.17234824E+003
 -0.48119676E+000 -0.23284097E+000 -0.54898935E-002 -0.45305041E-002 -0.16523358E-002  0.22934901E+000  0.34247373E+001  0.16556435E+002  0.33189002E+002  0.10316519E+003  0.17234824E+003
 -0.48119842E+000 -0.23286901E+000 -0.54899297E-002 -0.45305380E-002 -0.16523632E-002  0.22934889E+000  0.34247372E+001  0.16556435E+002  0.33189075E+002  0.10316519E+003  0.17234824E+003
 -0.48120008E+000 -0.23289845E+000 -0.54899685E-002 -0.45305744E-002 -0.16523925E-002  0.22934877E+000  0.34247371E+001  0.16556435E+002  0.33189136E+002  0.10316519E+003  0.17234824E+003
 -0.48120169E+000 -0.23292844E+000 -0.54900088E-002 -0.45306123E-002 -0.16524227E-002  0.22934866E+000  0.34247370E+001  0.16556435E+002  0.33189185E+002  0.10316519E+003  0.17234824E+003
 -0.48120324E+000 -0.23295834E+000 -0.54900500E-002 -0.45306509E-002 -0.16524535E-002  0.22934856E+000  0.34247369E+001  0.16556435E+002  0.33189224E+002  0.10316519E+003  0.17234824E+003
 -0.48120471E+000 -0.23298767E+000 -0.54900913E-002 -0.45306895E-002 -0.16524843E-002  0.22934847E+000  0.34247369E+001  0.16556435E+002  0.33189256E+002  0.10316519E+003  0.17234824E+003
 -0.48120608E+000 -0.23301606E+000 -0.54901322E-002 -0.45307278E-002 -0.16525147E-002  0.22934838E+000  0.34247368E+001  0.16556435E+002  0.33189281E+002  0.10316519E+003  0.17234824E+003
 -0.48120736E+000 -0.23304327E+000 -0.54901723E-002 -0.45307653E-002 -0.16525445E-002  0.22934829E+000  0.34247367E+001  0.16556435E+002  0.33189301E+002  0.10316519E+003  0.17234824E+003
 -0.48120854E+000 -0.23306912E+000 -0.54902112E-002 -0.45308018E-002 -0.16525735E-002  0.22934822E+000  0.34247367E+001  0.16556435E+002  0.33189316E+002  0.10316519E+003  0.17234824E+003
 -0.48120964E+000 -0.23309351E+000 -0.54902488E-002 -0.45308369E-002 -0.16526014E-002  0.22934814E+000  0.34247366E+001  0.16556435E+002  0.33189327E+002  0.10316519E+003  0.17234824E+003
 -0.48121064E+000 -0.23311638E+000 -0.54902848E-002 -0.45308706E-002 -0.16526282E-002  0.22934807E+000  0.34247366E+001  0.16556435E+002  0.33189335E+002  0.10316519E+003  0.17234824E+003
 -0.48121155E+000 -0.23313772E+000 -0.54903191E-002 -0.45309027E-002 -0.16526539E-002  0.22934801E+000  0.34247365E+001  0.16556435E+002  0.33189340E+002  0.10316519E+003  0.17234824E+003
 -0.48121238E+000 -0.23315754E+000 -0.54903516E-002 -0.45309332E-002 -0.16526782E-002  0.22934794E+000  0.34247365E+001  0.16556435E+002  0.33189343E+002  0.10316519E+003  0.17234824E+003
 -0.48121314E+000 -0.23317588E+000 -0.54903822E-002 -0.45309620E-002 -0.16527013E-002  0.22934789E+000  0.34247364E+001  0.16556435E+002  0.33189344E+002  0.10316519E+003  0.17234824E+003
 -0.48121383E+000 -0.23319280E+000 -0.54904110E-002 -0.45309890E-002 -0.16527230E-002  0.22934783E+000  0.34247364E+001  0.16556435E+002  0.33189344E+002  0.10316519E+003  0.17234824E+003
 -0.48121445E+000 -0.23320837E+000 -0.54904379E-002 -0.45310143E-002 -0.16527434E-002  0.22934778E+000  0.34247364E+001  0.16556435E+002  0.33189343E+002  0.10316519E+003  0.17234824E+003
 -0.48121501E+000 -0.23322265E+000 -0.54904630E-002 -0.45310379E-002 -0.16527625E-002  0.22934773E+000  0.34247363E+001  0.16556435E+002  0.33189340E+002  0.10316519E+003  0.17234824E+003
 -0.48121552E+000 -0.23323573E+000 -0.54904863E-002 -0.45310598E-002 -0.16527804E-002  0.22934769E+000  0.34247363E+001  0.16556435E+002  0.33189337E+002  0.10316519E+003  0.17234824E+003
 -0.48121598E+000 -0.23324769E+000 -0.54905079E-002 -0.45310802E-002 -0.16527969E-002  0.22934765E+000  0.34247363E+001  0.16556435E+002  0.33189334E+002  0.10316519E+003  0.17234824E+003
 -0.48121639E+000 -0.23325859E+000 -0.54905278E-002 -0.45310989E-002 -0.16528123E-002  0.22934761E+000  0.34247362E+001  0.16556435E+002  0.33189330E+002  0.10316519E+003  0.17234824E+003
 -0.48121677E+000 -0.23326853E+000 -0.54905462E-002 -0.45311162E-002 -0.16528265E-002  0.22934757E+000  0.34247362E+001  0.16556435E+002  0.33189326E+002  0.10316519E+003  0.17234824E+003
 -0.48121710E+000 -0.23327757E+000 -0.54905630E-002 -0.45311321E-002 -0.16528397E-002  0.22934753E+000  0.34247362E+001  0.16556435E+002  0.33189321E+002  0.10316519E+003  0.17234824E+003
 -0.48121740E+000 -0.23328579E+000 -0.54905784E-002 -0.45311467E-002 -0.16528517E-002  0.22934750E+000  0.34247362E+001  0.16556435E+002  0.33189317E+002  0.10316519E+003  0.17234824E+003
 -0.48121767E+000 -0.23329326E+000 -0.54905925E-002 -0.45311600E-002 -0.16528627E-002  0.22934747E+000  0.34247361E+001  0.16556435E+002  0.33189312E+002  0.10316519E+003  0.17234824E+003
 -0.48121791E+000 -0.23330003E+000 -0.54906054E-002 -0.45311722E-002 -0.16528728E-002  0.22934745E+000  0.34247361E+001  0.16556435E+002  0.33189308E+002  0.10316519E+003  0.17234824E+003
 -0.48121813E+000 -0.23330617E+000 -0.54906170E-002 -0.45311833E-002 -0.16528820E-002  0.22934742E+000  0.34247361E+001  0.16556435E+002  0.33189304E+002  0.10316519E+003  0.17234824E+003
 -0.48121833E+000 -0.23331172E+000 -0.54906277E-002 -0.45311933E-002 -0.16528904E-002  0.22934740E+000  0.34247361E+001  0.16556435E+002  0.33189300E+002  0.10316519E+003  0.17234824E+003
 -0.48121850E+000 -0.23331675E+000 -0.54906373E-002 -0.45312025E-002 -0.16528980E-002  0.22934737E+000  0.34247361E+001  0.16556435E+002  0.33189296E+002  0.10316519E+003  0.17234824E+003
 -0.48121866E+000 -0.23332130E+000 -0.54906460E-002 -0.45312107E-002 -0.16529049E-002  0.22934735E+000  0.34247361E+001  0.16556435E+002  0.33189293E+002  0.10316519E+003  0.17234824E+003
 -0.48121880E+000 -0.23332541E+000 -0.54906539E-002 -0.45312182E-002 -0.16529111E-002  0.22934734E+000  0.34247361E+001  0.16556435E+002  0.33189290E+002  0.10316519E+003  0.17234824E+003
 -0.48121893E+000 -0.23332912E+000 -0.54906610E-002 -0.45312249E-002 -0.16529166E-002  0.22934732E+000  0.34247360E+001  0.16556435E+002  0.33189287E+002  0.10316519E+003  0.17234824E+003
 -0.48121904E+000 -0.23333246E+000 -0.54906674E-002 -0.45312310E-002 -0.16529217E-002  0.22934730E+000  0.34247360E+001  0.16556435E+002  0.33189285E+002  0.10316519E+003  0.17234824E+003
 -0.48121914E+000 -0.23333546E+000 -0.54906732E-002 -0.45312364E-002 -0.16529262E-002  0.22934729E+000  0.34247360E+001  0.16556435E+002  0.33189283E+002  0.10316519E+003  0.17234824E+003
 -0.48121923E+000 -0.23333817E+000 -0.54906783E-002 -0.45312413E-002 -0.16529302E-002  0.22934728E+000  0.34247360E+001  0.16556435E+002  0.33189281E+002  0.10316519E+003  0.17234824E+003
 -0.48121931E+000 -0.23334059E+000 -0.54906829E-002 -0.45312456E-002 -0.16529338E-002  0.22934727E+000  0.34247360E+001  0.16556435E+002  0.33189280E+002  0.10316519E+003  0.17234824E+003
 -0.48121938E+000 -0.23334277E+000 -0.54906871E-002 -0.45312495E-002 -0.16529371E-002  0.22934726E+000  0.34247360E+001  0.16556435E+002  0.33189279E+002  0.10316519E+003  0.17234824E+003
 -0.48121944E+000 -0.23334472E+000 -0.54906907E-002 -0.45312530E-002 -0.16529400E-002  0.22934725E+000  0.34247360E+001  0.16556435E+002  0.33189278E+002  0.10316519E+003  0.17234824E+003
 -0.48121950E+000 -0.23334646E+000 -0.54906940E-002 -0.45312561E-002 -0.16529426E-002  0.22934724E+000  0.34247360E+001  0.16556435E+002  0.33189278E+002  0.10316519E+003  0.17234824E+003
 -0.48121955E+000 -0.23334802E+000 -0.54906969E-002 -0.45312589E-002 -0.16529449E-002  0.22934723E+000  0.34247360E+001  0.16556435E+002  0.33189278E+002  0.10316519E+003  0.17234824E+003
 -0.48121959E+000 -0.23334941E+000 -0.54906995E-002 -0.45312613E-002 -0.16529470E-002  0.22934723E+000  0.34247360E+001  0.16556435E+002  0.33189278E+002  0.10316519E+003  0.17234824E+003
 -0.48121963E+000 -0.23335065E+000 -0.54907018E-002 -0.45312635E-002 -0.16529489E-002  0.22934722E+000  0.34247360E+001  0.16556435E+002  0.33189279E+002  0.10316519E+003  0.17234824E+003
 -0.48121967E+000 -0.23335177E+000 -0.54907038E-002 -0.45312655E-002 -0.16529506E-002  0.22934722E+000  0.34247359E+001  0.16556435E+002  0.33189280E+002  0.10316519E+003  0.17234824E+003
 -0.48121970E+000 -0.23335276E+000 -0.54907056E-002 -0.45312672E-002 -0.16529522E-002  0.22934721E+000  0.34247359E+001  0.16556435E+002  0.33189281E+002  0.10316519E+003  0.17234824E+003
 -0.48121973E+000 -0.23335366E+000 -0.54907072E-002 -0.45312688E-002 -0.16529537E-002  0.22934721E+000  0.34247359E+001  0.16556435E+002  0.33189282E+002  0.10316519E+003  0.17234824E+003
 -0.48121976E+000 -0.23335446E+000 -0.54907086E-002 -0.45312702E-002 -0.16529550E-002  0.22934720E+000  0.34247359E+001  0.16556435E+002  0.33189283E+002  0.10316519E+003  0.17234824E+003
 -0.48121978E+000 -0.23335519E+000 -0.54907099E-002 -0.45312714E-002 -0.16529563E-002  0.22934720E+000  0.34247359E+001  0.16556435E+002  0.33189285E+002  0.10316519E+003  0.17234824E+003
 -0.48121980E+000 -0.23335585E+000 -0.54907110E-002 -0.45312726E-002 -0.16529575E-002  0.22934719E+000  0.34247359E+001  0.16556435E+002  0.33189286E+002  0.10316519E+003  0.17234824E+003
 -0.48121982E+000 -0.23335645E+000 -0.54907120E-002 -0.45312737E-002 -0.16529586E-002  0.22934719E+000  0.34247359E+001  0.16556435E+002  0.33189287E+002  0.10316519E+003  0.17234824E+003
 -0.48121984E+000 -0.23335700E+000 -0.54907129E-002 -0.45312746E-002 -0.16529597E-002  0.22934719E+000  0.34247359E+001  0.16556435E+002  0.33189289E+002  0.10316519E+003  0.17234824E+003
 -0.48121986E+000 -0.23335751E+000 -0.54907138E-002 -0.45312755E-002 -0.16529608E-002  0.22934718E+000  0.34247359E+001  0.16556435E+002  0.33189290E+002  0.10316519E+003  0.17234824E+003
 -0.48121988E+000 -0.23335798E+000 -0.54907146E-002 -0.45312764E-002 -0.16529618E-002  0.22934718E+000  0.34247359E+001  0.16556435E+002  0.33189291E+002  0.10316519E+003  0.17234824E+003
 -0.48121989E+000 -0.23335841E+000 -0.54907153E-002 -0.45312772E-002 -0.16529629E-002  0.22934717E+000  0.34247359E+001  0.16556435E+002  0.33189292E+002  0.10316519E+003  0.17234824E+003
 -0.48121991E+000 -0.23335882E+000 -0.54907159E-002 -0.45312779E-002 -0.16529639E-002  0.22934717E+000  0.34247359E+001  0.16556435E+002  0.33189292E+002  0.10316519E+003  0.17234824E+003
 -0.48121992E+000 -0.23335919E+000 -0.54907165E-002 -0.45312786E-002 -0.16529649E-002  0.22934716E+000  0.34247359E+001  0.16556435E+002  0.33189292E+002  0.10316519E+003  0.17234824E+003
 -0.48121994E+000 -0.23335955E+000 -0.54907171E-002 -0.45312793E-002 -0.16529659E-002  0.22934716E+000  0.34247359E+001  0.16556435E+002  0.33189292E+002  0.10316519E+003  0.17234824E+003
 -0.48121995E+000 -0.23335989E+000 -0.54907177E-002 -0.45312799E-002 -0.16529668E-002  0.22934715E+000  0.34247358E+001  0.16556435E+002  0.33189291E+002  0.10316519E+003  0.17234824E+003
 -0.48121996E+000 -0.23336021E+000 -0.54907182E-002 -0.45312806E-002 -0.16529678E-002  0.22934715E+000  0.34247358E+001  0.16556435E+002  0.33189290E+002  0.10316519E+003  0.17234824E+003
 -0.48121998E+000 -0.23336051E+000 -0.54907186E-002 -0.45312812E-002 -0.16529688E-002  0.22934715E+000  0.34247358E+001  0.16556435E+002  0.33189288E+002  0.10316519E+003  0.17234824E+003
 -0.48121999E+000 -0.23336080E+000 -0.54907191E-002 -0.45312818E-002 -0.16529698E-002  0.22934714E+000  0.34247358E+001  0.16556435E+002  0.33189286E+002  0.10316519E+003  0.17234824E+003
 -0.48122000E+000 -0.23336108E+000 -0.54907195E-002 -0.45312823E-002 -0.16529708E-002  0.22934714E+000  0.34247358E+001  0.16556435E+002  0.33189283E+002  0.10316519E+003  0.17234824E+003
 -0.48122001E+000 -0.23336135E+000 -0.54907200E-002 -0.45312829E-002 -0.16529718E-002  0.22934713E+000  0.34247358E+001  0.16556435E+002  0.33189279E+002  0.10316519E+003  0.17234824E+003
 -0.48122002E+000 -0.23336160E+000 -0.54907204E-002 -0.45312835E-002 -0.16529728E-002  0.22934713E+000  0.34247358E+001  0.16556435E+002  0.33189275E+002  0.10316519E+003  0.17234824E+003
 -0.48122003E+000 -0.23336185E+000 -0.54907207E-002 -0.45312840E-002 -0.16529738E-002  0.22934712E+000  0.34247358E+001  0.16556435E+002  0.33189270E+002  0.10316519E+003  0.17234824E+003
 -0.48122004E+000 -0.23336209E+000 -0.54907211E-002 -0.45312845E-002 -0.16529748E-002  0.22934711E+000  0.34247358E+001  0.16556435E+002  0.33189264E+002  0.10316519E+003  0.17234824E+003
 -0.48122005E+000 -0.23336232E+000 -0.54907215E-002 -0.45312850E-002 -0.16529758E-002  0.22934711E+000  0.34247358E+001  0.16556435E+002  0.33189257E+002  0.10316519E+003  0.17234824E+003
 -0.48122006E+000 -0.23336255E+000 -0.54907218E-002 -0.45312856E-002 -0.16529768E-002  0.22934710E+000  0.34247358E+001  0.16556435E+002  0.33189250E+002  0.10316519E+003  0.17234824E+003
 -0.48122007E+000 -0.23336277E+000 -0.54907222E-002 -0.45312861E-002 -0.16529778E-002  0.22934710E+000  0.34247358E+001  0.16556435E+002  0.33189242E+002  0.10316519E+003  0.17234824E+003
 -0.48122008E+000 -0.23336298E+000 -0.54907225E-002 -0.45312865E-002 -0.16529788E-002  0.22934709E+000  0.34247358E+001  0.16556435E+002  0.33189232E+002  0.10316519E+003  0.17234824E+003
 -0.48122009E+000 -0.23336318E+000 -0.54907228E-002 -0.45312870E-002 -0.16529798E-002  0.22934709E+000  0.34247357E+001  0.16556435E+002  0.33189222E+002  0.10316519E+003  0.17234824E+003
 -0.48122010E+000 -0.23336338E+000 -0.54907231E-002 -0.45312875E-002 -0.16529808E-002  0.22934708E+000  0.34247357E+001  0.16556435E+002  0.33189211E+002  0.10316519E+003  0.17234824E+003
 -0.48122011E+000 -0.23336358E+000 -0.54907234E-002 -0.45312880E-002 -0.16529818E-002  0.22934708E+000  0.34247357E+001  0.16556435E+002  0.33189199E+002  0.10316519E+003  0.17234824E+003
 -0.48122012E+000 -0.23336377E+000 -0.54907237E-002 -0.45312884E-002 -0.16529828E-002  0.22934707E+000  0.34247357E+001  0.16556435E+002  0.33189186E+002  0.10316519E+003  0.17234824E+003
 -0.48122013E+000 -0.23336395E+000 -0.54907240E-002 -0.45312889E-002 -0.16529837E-002  0.22934707E+000  0.34247357E+001  0.16556435E+002  0.33189172E+002  0.10316519E+003  0.17234824E+003
 -0.48122014E+000 -0.23336413E+000 -0.54907242E-002 -0.45312893E-002 -0.16529847E-002  0.22934706E+000  0.34247357E+001  0.16556435E+002  0.33189157E+002  0.10316519E+003  0.17234824E+003
 -0.48122014E+000 -0.23336430E+000 -0.54907245E-002 -0.45312898E-002 -0.16529857E-002  0.22934705E+000  0.34247357E+001  0.16556435E+002  0.33189141E+002  0.10316519E+003  0.17234824E+003
 -0.48122015E+000 -0.23336448E+000 -0.54907247E-002 -0.45312902E-002 -0.16529866E-002  0.22934705E+000  0.34247357E+001  0.16556435E+002  0.33189123E+002  0.10316519E+003  0.17234824E+003
 -0.48122016E+000 -0.23336464E+000 -0.54907250E-002 -0.45312906E-002 -0.16529875E-002  0.22934704E+000  0.34247357E+001  0.16556435E+002  0.33189105E+002  0.10316519E+003  0.17234824E+003
 -0.48122017E+000 -0.23336480E+000 -0.54907252E-002 -0.45312910E-002 -0.16529884E-002  0.22934704E+000  0.34247357E+001  0.16556435E+002  0.33189086E+002  0.10316519E+003  0.17234824E+003
 -0.48122017E+000 -0.23336496E+000 -0.54907255E-002 -0.45312914E-002 -0.16529893E-002  0.22934703E+000  0.34247357E+001  0.16556435E+002  0.33189065E+002  0.10316519E+003  0.17234824E+003
 -0.48122018E+000 -0.23336512E+000 -0.54907257E-002 -0.45312918E-002 -0.16529902E-002  0.22934703E+000  0.34247357E+001  0.16556435E+002  0.33189044E+002  0.10316519E+003  0.17234824E+003
 -0.48122019E+000 -0.23336527E+000 -0.54907259E-002 -0.45312922E-002 -0.16529911E-002  0.22934702E+000  0.34247356E+001  0.16556435E+002  0.33189021E+002  0.10316519E+003  0.17234824E+003
 -0.48122019E+000 -0.23336541E+000 -0.54907261E-002 -0.45312926E-002 -0.16529920E-002  0.22934702E+000  0.34247356E+001  0.16556435E+002  0.33188998E+002  0.10316519E+003  0.17234824E+003
 -0.48122020E+000 -0.23336556E+000 -0.54907263E-002 -0.45312929E-002 -0.16529928E-002  0.22934701E+000  0.34247356E+001  0.16556435E+002  0.33188973E+002  0.10316519E+003  0.17234824E+003
 -0.48122021E+000 -0.23336570E+000 -0.54907265E-002 -0.45312933E-002 -0.16529936E-002  0.22934701E+000  0.34247356E+001  0.16556435E+002  0.33188947E+002  0.10316519E+003  0.17234824E+003
 -0.48122021E+000 -0.23336583E+000 -0.54907267E-002 -0.45312936E-002 -0.16529945E-002  0.22934700E+000  0.34247356E+001  0.16556435E+002  0.33188920E+002  0.10316519E+003  0.17234824E+003
 -0.48122022E+000 -0.23336596E+000 -0.54907269E-002 -0.45312940E-002 -0.16529953E-002  0.22934700E+000  0.34247356E+001  0.16556435E+002  0.33188892E+002  0.10316519E+003  0.17234824E+003
 -0.48122023E+000 -0.23336609E+000 -0.54907271E-002 -0.45312943E-002 -0.16529960E-002  0.22934700E+000  0.34247356E+001  0.16556435E+002  0.33188863E+002  0.10316519E+003  0.17234824E+003
 -0.48122023E+000 -0.23336622E+000 -0.54907273E-002 -0.45312946E-002 -0.16529968E-002  0.22934699E+000  0.34247356E+001  0.16556435E+002  0.33188833E+002  0.10316519E+003  0.17234824E+003
 -0.48122024E+000 -0.23336634E+000 -0.54907274E-002 -0.45312949E-002 -0.16529975E-002  0.22934699E+000  0.34247356E+001  0.16556435E+002  0.33188802E+002  0.10316519E+003  0.17234824E+003
 -0.48122024E+000 -0.23336646E+000 -0.54907276E-002 -0.45312952E-002 -0.16529982E-002  0.22934698E+000  0.34247356E+001  0.16556435E+002  0.33188770E+002  0.10316519E+003  0.17234824E+003
 -0.48122025E+000 -0.23336658E+000 -0.54907278E-002 -0.45312955E-002 -0.16529989E-002  0.22934698E+000  0.34247356E+001  0.16556435E+002  0.33188736E+002  0.10316519E+003  0.17234824E+003
 -0.48122025E+000 -0.23336669E+000 -0.54907279E-002 -0.45312958E-002 -0.16529996E-002  0.22934697E+000  0.34247356E+001  0.16556435E+002  0.33188702E+002  0.10316519E+003  0.17234824E+003
 -0.48122026E+000 -0.23336680E+000 -0.54907281E-002 -0.45312961E-002 -0.16530003E-002  0.22934697E+000  0.34247355E+001  0.16556435E+002  0.33188667E+002  0.10316519E+003  0.17234824E+003
 -0.48122026E+000 -0.23336690E+000 -0.54907282E-002 -0.45312964E-002 -0.16530009E-002  0.22934697E+000  0.34247355E+001  0.16556435E+002  0.33188631E+002  0.10316519E+003  0.17234824E+003
 -0.48122027E+000 -0.23336701E+000 -0.54907284E-002 -0.45312966E-002 -0.16530015E-002  0.22934696E+000  0.34247355E+001  0.16556435E+002  0.33188594E+002  0.10316519E+003  0.17234824E+003
 -0.48122027E+000 -0.23336711E+000 -0.54907285E-002 -0.45312969E-002 -0.16530021E-002  0.22934696E+000  0.34247355E+001  0.16556435E+002  0.33188556E+002  0.10316519E+003  0.17234824E+003
 -0.48122027E+000 -0.23336720E+000 -0.54907286E-002 -0.45312971E-002 -0.16530027E-002  0.22934696E+000  0.34247355E+001  0.16556435E+002  0.33188518E+002  0.10316519E+003  0.17234824E+003
 -0.48122028E+000 -0.23336730E+000 -0.54907288E-002 -0.45312974E-002 -0.16530033E-002  0.22934695E+000  0.34247355E+001  0.16556435E+002  0.33188478E+002  0.10316519E+003  0.17234824E+003
 -0.48122028E+000 -0.23336739E+000 -0.54907289E-002 -0.45312976E-002 -0.16530038E-002  0.22934695E+000  0.34247355E+001  0.16556435E+002  0.33188438E+002  0.10316519E+003  0.17234824E+003
 -0.48122029E+000 -0.23336748E+000 -0.54907290E-002 -0.45312978E-002 -0.16530043E-002  0.22934695E+000  0.34247355E+001  0.16556435E+002  0.33188397E+002  0.10316519E+003  0.17234824E+003
 -0.48122029E+000 -0.23336756E+000 -0.54907291E-002 -0.45312980E-002 -0.16530048E-002  0.22934694E+000  0.34247355E+001  0.16556435E+002  0.33188356E+002  0.10316519E+003  0.17234824E+003
 -0.48122029E+000 -0.23336765E+000 -0.54907292E-002 -0.45312982E-002 -0.16530053E-002  0.22934694E+000  0.34247355E+001  0.16556435E+002  0.33188313E+002  0.10316519E+003  0.17234824E+003
 -0.48122030E+000 -0.23336773E+000 -0.54907294E-002 -0.45312984E-002 -0.16530058E-002  0.22934694E+000  0.34247355E+001  0.16556435E+002  0.33188271E+002  0.10316519E+003  0.17234824E+003
 -0.48122030E+000 -0.23336780E+000 -0.54907295E-002 -0.45312986E-002 -0.16530062E-002  0.22934693E+000  0.34247355E+001  0.16556435E+002  0.33188227E+002  0.10316519E+003  0.17234824E+003
 -0.48122030E+000 -0.23336788E+000 -0.54907296E-002 -0.45312988E-002 -0.16530067E-002  0.22934693E+000  0.34247355E+001  0.16556435E+002  0.33188183E+002  0.10316519E+003  0.17234824E+003
 -0.48122031E+000 -0.23336795E+000 -0.54907297E-002 -0.45312990E-002 -0.16530071E-002  0.22934693E+000  0.34247355E+001  0.16556435E+002  0.33188139E+002  0.10316519E+003  0.17234824E+003
 -0.48122031E+000 -0.23336802E+000 -0.54907298E-002 -0.45312992E-002 -0.16530075E-002  0.22934693E+000  0.34247355E+001  0.16556435E+002  0.33188094E+002  0.10316519E+003  0.17234824E+003
 -0.48122031E+000 -0.23336808E+000 -0.54907298E-002 -0.45312993E-002 -0.16530079E-002  0.22934692E+000  0.34247355E+001  0.16556435E+002  0.33188049E+002  0.10316519E+003  0.17234824E+003
 -0.48122032E+000 -0.23336815E+000 -0.54907299E-002 -0.45312995E-002 -0.16530082E-002  0.22934692E+000  0.34247355E+001  0.16556435E+002  0.33188004E+002  0.10316519E+003  0.17234824E+003
 -0.48122032E+000 -0.23336821E+000 -0.54907300E-002 -0.45312996E-002 -0.16530086E-002  0.22934692E+000  0.34247354E+001  0.16556435E+002  0.33187958E+002  0.10316519E+003  0.17234824E+003
 -0.48122032E+000 -0.23336827E+000 -0.54907301E-002 -0.45312998E-002 -0.16530089E-002  0.22934692E+000  0.34247354E+001  0.16556435E+002  0.33187913E+002  0.10316519E+003  0.17234824E+003
 -0.48122032E+000 -0.23336833E+000 -0.54907302E-002 -0.45312999E-002 -0.16530092E-002  0.22934692E+000  0.34247354E+001  0.16556435E+002  0.33187867E+002  0.10316519E+003  0.17234824E+003
 -0.48122033E+000 -0.23336838E+000 -0.54907302E-002 -0.45313000E-002 -0.16530095E-002  0.22934691E+000  0.34247354E+001  0.16556435E+002  0.33187820E+002  0.10316519E+003  0.17234824E+003
 -0.48122033E+000 -0.23336843E+000 -0.54907303E-002 -0.45313002E-002 -0.16530098E-002  0.22934691E+000  0.34247354E+001  0.16556435E+002  0.33187774E+002  0.10316519E+003  0.17234824E+003
 -0.48122033E+000 -0.23336848E+000 -0.54907304E-002 -0.45313003E-002 -0.16530101E-002  0.22934691E+000  0.34247354E+001  0.16556435E+002  0.33187728E+002  0.10316519E+003  0.17234824E+003
 -0.48122033E+000 -0.23336853E+000 -0.54907304E-002 -0.45313004E-002 -0.16530103E-002  0.22934691E+000  0.34247354E+001  0.16556435E+002  0.33187682E+002  0.10316519E+003  0.17234824E+003
 -0.48122033E+000 -0.23336858E+000 -0.54907305E-002 -0.45313005E-002 -0.16530106E-002  0.22934691E+000  0.34247354E+001  0.16556435E+002  0.33187636E+002  0.10316519E+003  0.17234824E+003
 -0.48122033E+000 -0.23336862E+000 -0.54907306E-002 -0.45313006E-002 -0.16530108E-002  0.22934691E+000  0.34247354E+001  0.16556435E+002  0.33187590E+002  0.10316519E+003  0.17234824E+003
 -0.48122034E+000 -0.23336866E+000 -0.54907306E-002 -0.45313007E-002 -0.16530110E-002  0.22934691E+000  0.34247354E+001  0.16556435E+002  0.33187544E+002  0.10316519E+003  0.17234824E+003
 -0.48122034E+000 -0.23336870E+000 -0.54907307E-002 -0.45313008E-002 -0.16530112E-002  0.22934690E+000  0.34247354E+001  0.16556435E+002  0.33187498E+002  0.10316519E+003  0.17234824E+003
 -0.48122034E+000 -0.23336874E+000 -0.54907307E-002 -0.45313009E-002 -0.16530114E-002  0.22934690E+000  0.34247354E+001  0.16556435E+002  0.33187452E+002  0.10316519E+003  0.17234824E+003
 -0.48122034E+000 -0.23336878E+000 -0.54907308E-002 -0.45313010E-002 -0.16530116E-002  0.22934690E+000  0.34247354E+001  0.16556435E+002  0.33187407E+002  0.10316519E+003  0.17234824E+003
 -0.48122034E+000 -0.23336881E+000 -0.54907308E-002 -0.45313010E-002 -0.16530118E-002  0.22934690E+000  0.34247354E+001  0.16556435E+002  0.33187362E+002  0.10316519E+003  0.17234824E+003
 -0.48122034E+000 -0.23336885E+000 -0.54907309E-002 -0.45313011E-002 -0.16530120E-002  0.22934690E+000  0.34247354E+001  0.16556435E+002  0.33187318E+002  0.10316519E+003  0.17234824E+003
 -0.48122035E+000 -0.23336888E+000 -0.54907309E-002 -0.45313012E-002 -0.16530121E-002  0.22934690E+000  0.34247354E+001  0.16556435E+002  0.33187274E+002  0.10316519E+003  0.17234824E+003
 -0.48122035E+000 -0.23336891E+000 -0.54907309E-002 -0.45313013E-002 -0.16530123E-002  0.22934690E+000  0.34247354E+001  0.16556435E+002  0.33187230E+002  0.10316519E+003  0.17234824E+003
 -0.48122035E+000 -0.23336894E+000 -0.54907310E-002 -0.45313013E-002 -0.16530124E-002  0.22934690E+000  0.34247354E+001  0.16556435E+002  0.33187187E+002  0.10316519E+003  0.17234824E+003
 -0.48122035E+000 -0.23336896E+000 -0.54907310E-002 -0.45313014E-002 -0.16530125E-002  0.22934690E+000  0.34247354E+001  0.16556435E+002  0.33187144E+002  0.10316519E+003  0.17234824E+003
 -0.48122035E+000 -0.23336899E+000 -0.54907311E-002 -0.45313014E-002 -0.16530127E-002  0.22934689E+000  0.34247354E+001  0.16556435E+002  0.33187101E+002  0.10316519E+003  0.17234824E+003
 -0.48122035E+000 -0.23336902E+000 -0.54907311E-002 -0.45313015E-002 -0.16530128E-002  0.22934689E+000  0.34247354E+001  0.16556435E+002  0.33187060E+002  0.10316519E+003  0.17234824E+003
 -0.48122035E+000 -0.23336904E+000 -0.54907311E-002 -0.45313015E-002 -0.16530129E-002  0.22934689E+000  0.34247354E+001  0.16556435E+002  0.33187018E+002  0.10316519E+003  0.17234824E+003
 -0.48122035E+000 -0.23336906E+000 -0.54907311E-002 -0.45313016E-002 -0.16530130E-002  0.22934689E+000  0.34247354E+001  0.16556435E+002  0.33186978E+002  0.10316519E+003  0.17234824E+003
 -0.48122035E+000 -0.23336908E+000 -0.54907312E-002 -0.45313016E-002 -0.16530131E-002  0.22934689E+000  0.34247354E+001  0.16556435E+002  0.33186938E+002  0.10316519E+003  0.17234824E+003
 -0.48122035E+000 -0.23336910E+000 -0.54907312E-002 -0.45313017E-002 -0.16530132E-002  0.22934689E+000  0.34247354E+001  0.16556435E+002  0.33186898E+002  0.10316519E+003  0.17234824E+003
 -0.48122035E+000 -0.23336912E+000 -0.54907312E-002 -0.45313017E-002 -0.16530133E-002  0.22934689E+000  0.34247354E+001  0.16556435E+002  0.33186859E+002  0.10316519E+003  0.17234824E+003
 -0.48122036E+000 -0.23336914E+000 -0.54907313E-002 -0.45313018E-002 -0.16530134E-002  0.22934689E+000  0.34247354E+001  0.16556435E+002  0.33186821E+002  0.10316519E+003  0.17234824E+003
 -0.48122036E+000 -0.23336916E+000 -0.54907313E-002 -0.45313018E-002 -0.16530134E-002  0.22934689E+000  0.34247354E+001  0.16556435E+002  0.33186784E+002  0.10316519E+003  0.17234824E+003
 -0.48122036E+000 -0.23336917E+000 -0.54907313E-002 -0.45313018E-002 -0.16530135E-002  0.22934689E+000  0.34247354E+001  0.16556435E+002  0.33186747E+002  0.10316519E+003  0.17234824E+003
 -0.48122036E+000 -0.23336919E+000 -0.54907313E-002 -0.45313019E-002 -0.16530136E-002  0.22934689E+000  0.34247354E+001  0.16556435E+002  0.33186711E+002  0.10316519E+003  0.17234824E+003
 -0.48122036E+000 -0.23336920E+000 -0.54907313E-002 -0.45313019E-002 -0.16530136E-002  0.22934689E+000  0.34247354E+001  0.16556435E+002  0.33186675E+002  0.10316519E+003  0.17234824E+003
 -0.48122036E+000 -0.23336922E+000 -0.54907314E-002 -0.45313019E-002 -0.16530137E-002  0.22934689E+000  0.34247354E+001  0.16556435E+002  0.33186641E+002  0.10316519E+003  0.17234824E+003
 -0.48122036E+000 -0.23336923E+000 -0.54907314E-002 -0.45313019E-002 -0.16530138E-002  0.22934689E+000  0.34247354E+001  0.16556435E+002  0.33186607E+002  0.10316519E+003  0.17234824E+003
 -0.48122036E+000 -0.23336924E+000 -0.54907314E-002 -0.45313020E-002 -0.16530138E-002  0.22934689E+000  0.34247354E+001  0.16556435E+002  0.33186574E+002  0.10316519E+003  0.17234824E+003
 -0.48122036E+000 -0.23336926E+000 -0.54907314E-002 -0.45313020E-002 -0.16530139E-002  0.22934689E+000  0.34247354E+001  0.16556435E+002  0.33186541E+002  0.10316519E+003  0.17234824E+003
 -0.48122036E+000 -0.23336927E+000 -0.54907314E-002 -0.45313020E-002 -0.16530139E-002  0.22934689E+000  0.34247354E+001  0.16556435E+002  0.33186509E+002  0.10316519E+003  0.17234824E+003
 -0.48122036E+000 -0.23336928E+000 -0.54907314E-002 -0.45313020E-002 -0.16530139E-002  0.22934689E+000  0.34247353E+001  0.16556435E+002  0.33186478E+002  0.10316519E+003  0.17234824E+003
 -0.48122036E+000 -0.23336929E+000 -0.54907314E-002 -0.45313021E-002 -0.16530140E-002  0.22934689E+000  0.34247353E+001  0.16556435E+002  0.33186448E+002  0.10316519E+003  0.17234824E+003
 -0.48122036E+000 -0.23336930E+000 -0.54907315E-002 -0.45313021E-002 -0.16530140E-002  0.22934689E+000  0.34247353E+001  0.16556435E+002  0.33186419E+002  0.10316519E+003  0.17234824E+003
 -0.48122036E+000 -0.23336931E+000 -0.54907315E-002 -0.45313021E-002 -0.16530141E-002  0.22934688E+000  0.34247353E+001  0.16556435E+002  0.33186390E+002  0.10316519E+003  0.17234824E+003
 -0.48122036E+000 -0.23336931E+000 -0.54907315E-002 -0.45313021E-002 -0.16530141E-002  0.22934688E+000  0.34247353E+001  0.16556435E+002  0.33186362E+002  0.10316519E+003  0.17234824E+003
 -0.48122036E+000 -0.23336932E+000 -0.54907315E-002 -0.45313021E-002 -0.16530141E-002  0.22934688E+000  0.34247353E+001  0.16556435E+002  0.33186335E+002  0.10316519E+003  0.17234824E+003
 -0.48122036E+000 -0.23336933E+000 -0.54907315E-002 -0.45313021E-002 -0.16530142E-002  0.22934688E+000  0.34247353E+001  0.16556435E+002  0.33186308E+002  0.10316519E+003  0.17234824E+003
 -0.48122036E+000 -0.23336934E+000 -0.54907315E-002 -0.45313022E-002 -0.16530142E-002  0.22934688E+000  0.34247353E+001  0.16556435E+002  0.33186282E+002  0.10316519E+003  0.17234824E+003
 -0.48122036E+000 -0.23336934E+000 -0.54907315E-002 -0.45313022E-002 -0.16530142E-002  0.22934688E+000  0.34247353E+001  0.16556435E+002  0.33186257E+002  0.10316519E+003  0.17234824E+003
 -0.48122036E+000 -0.23336935E+000 -0.54907315E-002 -0.45313022E-002 -0.16530142E-002  0.22934688E+000  0.34247353E+001  0.16556435E+002  0.33186233E+002  0.10316519E+003  0.17234824E+003
 -0.48122036E+000 -0.23336936E+000 -0.54907315E-002 -0.45313022E-002 -0.16530143E-002  0.22934688E+000  0.34247353E+001  0.16556435E+002  0.33186209E+002  0.10316519E+003  0.17234824E+003
 -0.48122036E+000 -0.23336936E+000 -0.54907315E-002 -0.45313022E-002 -0.16530143E-002  0.22934688E+000  0.34247353E+001  0.16556435E+002  0.33186186E+002  0.10316519E+003  0.17234824E+003
 -0.48122036E+000 -0.23336937E+000 -0.54907316E-002 -0.45313022E-002 -0.16530143E-002  0.22934688E+000  0.34247353E+001  0.16556435E+002  0.33186163E+002  0.10316519E+003  0.17234824E+003
 -0.48122036E+000 -0.23336937E+000 -0.54907316E-002 -0.45313022E-002 -0.16530143E-002  0.22934688E+000  0.34247353E+001  0.16556435E+002  0.33186142E+002  0.10316519E+003  0.17234824E+003
 -0.48122036E+000 -0.23336938E+000 -0.54907316E-002 -0.45313022E-002 -0.16530143E-002  0.22934688E+000  0.34247353E+001  0.16556435E+002  0.33186121E+002  0.10316519E+003  0.17234824E+003
 -0.48122036E+000 -0.23336938E+000 -0.54907316E-002 -0.45313022E-002 -0.16530143E-002  0.22934688E+000  0.34247353E+001  0.16556435E+002  0.33186100E+002  0.10316519E+003  0.17234824E+003
 -0.48122036E+000 -0.23336939E+000 -0.54907316E-002 -0.45313023E-002 -0.16530144E-002  0.22934688E+000  0.34247353E+001  0.16556435E+002  0.33186081E+002  0.10316519E+003  0.17234824E+003
 -0.48122036E+000 -0.23336939E+000 -0.54907316E-002 -0.45313023E-002 -0.16530144E-002  0.22934688E+000  0.34247353E+001  0.16556435E+002  0.33186061E+002  0.10316519E+003  0.17234824E+003
 -0.48122037E+000 -0.23336939E+000 -0.54907316E-002 -0.45313023E-002 -0.16530144E-002  0.22934688E+000  0.34247353E+001  0.16556435E+002  0.33186043E+002  0.10316519E+003  0.17234824E+003
 -0.48122037E+000 -0.23336940E+000 -0.54907316E-002 -0.45313023E-002 -0.16530144E-002  0.22934688E+000  0.34247353E+001  0.16556435E+002  0.33186025E+002  0.10316519E+003  0.17234824E+003
 -0.48122037E+000 -0.23336940E+000 -0.54907316E-002 -0.45313023E-002 -0.16530144E-002  0.22934688E+000  0.34247353E+001  0.16556435E+002  0.33186008E+002  0.10316519E+003  0.17234824E+003
 -0.48122037E+000 -0.23336940E+000 -0.54907316E-002 -0.45313023E-002 -0.16530144E-002  0.22934688E+000  0.34247353E+001  0.16556435E+002  0.33185991E+002  0.10316519E+003  0.17234824E+003
 -0.48122037E+000 -0.23336941E+000 -0.54907316E-002 -0.45313023E-002 -0.16530144E-002  0.22934688E+000  0.34247353E+001  0.16556435E+002  0.33185975E+002  0.10316519E+003  0.17234824E+003
 -0.48122037E+000 -0.23336941E+000 -0.54907316E-002 -0.45313023E-002 -0.16530145E-002  0.22934688E+000  0.34247353E+001  0.16556435E+002  0.33185959E+002  0.10316519E+003  0.17234824E+003
 -0.48122037E+000 -0.23336941E+000 -0.54907316E-002 -0.45313023E-002 -0.16530145E-002  0.22934688E+000  0.34247353E+001  0.16556435E+002  0.33185944E+002  0.10316519E+003  0.17234824E+003
 -0.48122037E+000 -0.23336941E+000 -0.54907316E-002 -0.45313023E-002 -0.16530145E-002  0.22934688E+000  0.34247353E+001  0.16556435E+002  0.33185930E+002  0.10316519E+003  0.17234824E+003
 -0.48122037E+000 -0.23336942E+000 -0.54907316E-002 -0.45313023E-002 -0.16530145E-002  0.22934688E+000  0.34247353E+001  0.16556435E+002  0.33185916E+002  0.10316519E+003  0.17234824E+003
 -0.48122037E+000 -0.23336942E+000 -0.54907316E-002 -0.45313023E-002 -0.16530145E-002  0.22934688E+000  0.34247353E+001  0.16556435E+002  0.33185902E+002  0.10316519E+003  0.17234824E+003
 -0.48122037E+000 -0.23336942E+000 -0.54907316E-002 -0.45313023E-002 -0.16530145E-002  0.22934688E+000  0.34247353E+001  0.16556435E+002  0.33185889E+002  0.10316519E+003  0.17234824E+003
 -0.48122037E+000 -0.23336942E+000 -0.54907316E-002 -0.45313023E-002 -0.16530145E-002  0.22934688E+000  0.34247353E+001  0.16556435E+002  0.33185877E+002  0.10316519E+003  0.17234824E+003
 -0.48122037E+000 -0.23336943E+000 -0.54907316E-002 -0.45313023E-002 -0.16530145E-002  0.22934688E+000  0.34247353E+001  0.16556435E+002  0.33185864E+002  0.10316519E+003  0.17234824E+003
 -0.48122037E+000 -0.23336943E+000 -0.54907316E-002 -0.45313023E-002 -0.16530145E-002  0.22934688E+000  0.34247353E+001  0.16556435E+002  0.33185853E+002  0.10316519E+003  0.17234824E+003
 -0.48122037E+000 -0.23336943E+000 -0.54907316E-002 -0.45313023E-002 -0.16530145E-002  0.22934688E+000  0.34247353E+001  0.16556435E+002  0.33185842E+002  0.10316519E+003  0.17234824E+003
 -0.48122037E+000 -0.23336943E+000 -0.54907316E-002 -0.45313023E-002 -0.16530145E-002  0.22934688E+000  0.34247353E+001  0.16556435E+002  0.33185831E+002  0.10316519E+003  0.17234824E+003
 -0.48122037E+000 -0.23336943E+000 -0.54907316E-002 -0.45313023E-002 -0.16530145E-002  0.22934688E+000  0.34247353E+001  0.16556435E+002  0.33185820E+002  0.10316519E+003  0.17234824E+003
 -0.48122037E+000 -0.23336943E+000 -0.54907316E-002 -0.45313024E-002 -0.16530146E-002  0.22934688E+000  0.34247353E+001  0.16556435E+002  0.33185810E+002  0.10316519E+003  0.17234824E+003
 -0.48122037E+000 -0.23336943E+000 -0.54907316E-002 -0.45313024E-002 -0.16530146E-002  0.22934688E+000  0.34247353E+001  0.16556435E+002  0.33185801E+002  0.10316519E+003  0.17234824E+003
 -0.48122037E+000 -0.23336944E+000 -0.54907316E-002 -0.45313024E-002 -0.16530146E-002  0.22934688E+000  0.34247353E+001  0.16556435E+002  0.33185792E+002  0.10316519E+003  0.17234824E+003
 -0.48122037E+000 -0.23336944E+000 -0.54907316E-002 -0.45313024E-002 -0.16530146E-002  0.22934688E+000  0.34247353E+001  0.16556435E+002  0.33185783E+002  0.10316519E+003  0.17234824E+003
 -0.48122037E+000 -0.23336944E+000 -0.54907316E-002 -0.45313024E-002 -0.16530146E-002  0.22934688E+000  0.34247353E+001  0.16556435E+002  0.33185774E+002  0.10316519E+003  0.17234824E+003
 -0.48122037E+000 -0.23336944E+000 -0.54907316E-002 -0.45313024E-002 -0.16530146E-002  0.22934688E+000  0.34247353E+001  0.16556435E+002  0.33185766E+002  0.10316519E+003  0.17234824E+003
 -0.48122037E+000 -0.23336944E+000 -0.54907316E-002 -0.45313024E-002 -0.16530146E-002  0.22934688E+000  0.34247353E+001  0.16556435E+002  0.33185758E+002  0.10316519E+003  0.17234824E+003
 -0.48122037E+000 -0.23336944E+000 -0.54907317E-002 -0.45313024E-002 -0.16530146E-002  0.22934688E+000  0.34247353E+001  0.16556435E+002  0.33185750E+002  0.10316519E+003  0.17234824E+003
