  0.19181643E+000  0.21785589E+000  0.35317095E+000  0.51538139E+000  0.85859940E+000  0.97769962E+000  0.13288357E+001  0.24789016E+001  0.41112208E+001  0.58210961E+001  0.92744020E+001
  0.19183962E+000  0.21786189E+000  0.35317511E+000  0.51538491E+000  0.85864041E+000  0.97772912E+000  0.13288415E+001  0.24789105E+001  0.41112178E+001  0.58210968E+001  0.92744068E+001
  0.19185228E+000  0.21786705E+000  0.35317895E+000  0.51538838E+000  0.85865110E+000  0.97775609E+000  0.13288467E+001  0.24789187E+001  0.41112181E+001  0.58210975E+001  0.92744110E+001
  0.19190003E+000  0.21787147E+000  0.35318239E+000  0.51539147E+000  0.85867280E+000  0.97777976E+000  0.13288511E+001  0.24789259E+001  0.41112215E+001  0.58210980E+001  0.92744146E+001
  0.19192644E+000  0.21787528E+000  0.35318546E+000  0.51539416E+000  0.85869158E+000  0.97780024E+000  0.13288548E+001  0.24789321E+001  0.41112270E+001  0.58210985E+001  0.92744179E+001
  0.19193481E+000  0.21787856E+000  0.35318819E+000  0.51539649E+000  0.85870772E+000  0.97781787E+000  0.13288581E+001  0.24789374E+001  0.41112338E+001  0.58210989E+001  0.92744209E+001
  0.19194399E+000  0.21788139E+000  0.35319061E+000  0.51539849E+000  0.85872156E+000  0.97789289E+000  0.13288608E+001  0.24789420E+001  0.41112414E+001  0.58210992E+001  0.92744235E+001
  0.19195468E+000  0.21788384E+000  0.35319274E+000  0.51540021E+000  0.85873341E+000  0.97789669E+000  0.13288632E+001  0.24789459E+001  0.41112495E+001  0.58210995E+001  0.92744259E+001
  0.19196381E+000  0.21788596E+000  0.35319462E+000  0.51540168E+000  0.85874355E+000  0.97789995E+000  0.13288652E+001  0.24789492E+001  0.41112579E+001  0.58210998E+001  0.92744280E+001
  0.19197163E+000  0.21788780E+000  0.35319628E+000  0.51540295E+000  0.85875221E+000  0.97790275E+000  0.13288669E+001  0.24789521E+001  0.41112661E+001  0.58211000E+001  0.92744299E+001
  0.19197830E+000  0.21788938E+000  0.35319773E+000  0.51540403E+000  0.85875961E+000  0.97795189E+000  0.13288684E+001  0.24789545E+001  0.41112742E+001  0.58211002E+001  0.92744315E+001
  0.19198401E+000  0.21789074E+000  0.35319901E+000  0.51540496E+000  0.85876593E+000  0.97795384E+000  0.13288697E+001  0.24789566E+001  0.41112819E+001  0.58211003E+001  0.92744330E+001
  0.19198889E+000  0.21789192E+000  0.35320013E+000  0.51540576E+000  0.85877133E+000  0.97795552E+000  0.13288708E+001  0.24789584E+001  0.41112891E+001  0.58211005E+001  0.92744343E+001
  0.19199306E+000  0.21789293E+000  0.35320111E+000  0.51540645E+000  0.85877594E+000  0.97795695E+000  0.13288717E+001  0.24789599E+001  0.41112958E+001  0.58211006E+001  0.92744354E+001
  0.19199662E+000  0.21789381E+000  0.35320197E+000  0.51540704E+000  0.85877987E+000  0.97795819E+000  0.13288725E+001  0.24789612E+001  0.41113019E+001  0.58211007E+001  0.92744364E+001
  0.19199966E+000  0.21789456E+000  0.35320273E+000  0.51540755E+000  0.85878323E+000  0.97795924E+000  0.13288732E+001  0.24789624E+001  0.41113076E+001  0.58211007E+001  0.92744372E+001
  0.19200226E+000  0.21789521E+000  0.35320339E+000  0.51540798E+000  0.85878610E+000  0.97796015E+000  0.13288738E+001  0.24789633E+001  0.41113127E+001  0.58211008E+001  0.92744380E+001
  0.19200448E+000  0.21789577E+000  0.35320398E+000  0.51540836E+000  0.85878855E+000  0.97799562E+000  0.13288743E+001  0.24789642E+001  0.41113174E+001  0.58211009E+001  0.92744386E+001
  0.19200638E+000  0.21789625E+000  0.35320449E+000  0.51540868E+000  0.85879064E+000  0.97799672E+000  0.13288747E+001  0.24789649E+001  0.41113216E+001  0.58211009E+001  0.92744392E+001
  0.19200800E+000  0.21789666E+000  0.35320495E+000  0.51540896E+000  0.85879242E+000  0.97799767E+000  0.13288751E+001  0.24789655E+001  0.41113255E+001  0.58211010E+001  0.92744397E+001
  0.19200938E+000  0.21789702E+000  0.35320535E+000  0.51540920E+000  0.85879395E+000  0.97799847E+000  0.13288754E+001  0.24789660E+001  0.41113290E+001  0.58211010E+001  0.92744402E+001
  0.19201057E+000  0.21789732E+000  0.35320571E+000  0.51540940E+000  0.85879524E+000  0.97799916E+000  0.13287576E+001  0.24789665E+001  0.41113321E+001  0.58211011E+001  0.92744406E+001
  0.19205677E+000  0.21789759E+000  0.35320602E+000  0.51540958E+000  0.85879635E+000  0.97799975E+000  0.13287580E+001  0.24789668E+001  0.41113350E+001  0.58211011E+001  0.92744409E+001
  0.19205729E+000  0.21789781E+000  0.35320630E+000  0.51540973E+000  0.85879729E+000  0.97800026E+000  0.13287583E+001  0.24789672E+001  0.41113376E+001  0.58211011E+001  0.92744413E+001
  0.19205773E+000  0.21789801E+000  0.35320655E+000  0.51540986E+000  0.85879809E+000  0.97800069E+000  0.13287586E+001  0.24789675E+001  0.41113400E+001  0.58211011E+001  0.92744416E+001
  0.19205810E+000  0.21789818E+000  0.35320677E+000  0.51540998E+000  0.85879877E+000  0.97800106E+000  0.13287588E+001  0.24789677E+001  0.41113421E+001  0.58211011E+001  0.92744418E+001
  0.19205843E+000  0.21789832E+000  0.35320697E+000  0.51541008E+000  0.85879935E+000  0.97800137E+000  0.13287591E+001  0.24789679E+001  0.41113441E+001  0.58211012E+001  0.92744420E+001
  0.19205870E+000  0.21789845E+000  0.35320715E+000  0.51541016E+000  0.85879984E+000  0.97800164E+000  0.13287592E+001  0.24789681E+001  0.41113458E+001  0.58211012E+001  0.92744423E+001
  0.19205894E+000  0.21789856E+000  0.35320730E+000  0.51541023E+000  0.85880026E+000  0.97800187E+000  0.13287594E+001  0.24789683E+001  0.41113475E+001  0.58211012E+001  0.92744424E+001
  0.19205914E+000  0.21789865E+000  0.35320744E+000  0.51541030E+000  0.85880061E+000  0.97800206E+000  0.13287596E+001  0.24789684E+001  0.41113490E+001  0.58211012E+001  0.92744426E+001
  0.19205931E+000  0.21789873E+000  0.35320756E+000  0.51541035E+000  0.85880091E+000  0.97800223E+000  0.13287597E+001  0.24789685E+001  0.41113503E+001  0.58211012E+001  0.92744428E+001
  0.19205946E+000  0.21789880E+000  0.35320767E+000  0.51541040E+000  0.85880117E+000  0.97800237E+000  0.13287598E+001  0.24789686E+001  0.41113515E+001  0.58211012E+001  0.92744429E+001
  0.19205958E+000  0.21789885E+000  0.35320777E+000  0.51541045E+000  0.85880138E+000  0.97800249E+000  0.13287599E+001  0.24789687E+001  0.41113527E+001  0.58211012E+001  0.92744431E+001
  0.19205969E+000  0.21789891E+000  0.35320786E+000  0.51541048E+000  0.85880157E+000  0.97800259E+000  0.13287600E+001  0.24789688E+001  0.41113537E+001  0.58211012E+001  0.92744432E+001
  0.19206398E+000  0.21789895E+000  0.35320793E+000  0.51541052E+000  0.85880172E+000  0.97800268E+000  0.13287601E+001  0.24789689E+001  0.41113546E+001  0.58211012E+001  0.92744433E+001
  0.19206408E+000  0.21789899E+000  0.35320800E+000  0.51541054E+000  0.85880185E+000  0.97800275E+000  0.13287601E+001  0.24789689E+001  0.41113555E+001  0.58211012E+001  0.92744434E+001
  0.19206417E+000  0.21789902E+000  0.35320806E+000  0.51541057E+000  0.85880197E+000  0.97800282E+000  0.13287602E+001  0.24789690E+001  0.41113563E+001  0.58211012E+001  0.92744435E+001
  0.19206425E+000  0.21789905E+000  0.35320811E+000  0.51541059E+000  0.85880206E+000  0.97800287E+000  0.13287603E+001  0.24789691E+001  0.41113570E+001  0.58211012E+001  0.92744437E+001
  0.19206432E+000  0.21789907E+000  0.35320815E+000  0.51541061E+000  0.85880214E+000  0.97800292E+000  0.13287603E+001  0.24789691E+001  0.41113576E+001  0.58211013E+001  0.92744438E+001
  0.19206438E+000  0.21789909E+000  0.35320819E+000  0.51541063E+000  0.85880221E+000  0.97800296E+000  0.13287603E+001  0.24789691E+001  0.41113582E+001  0.58211013E+001  0.92744439E+001
  0.19206443E+000  0.21789911E+000  0.35320822E+000  0.51541065E+000  0.85880227E+000  0.97800300E+000  0.13287604E+001  0.24789692E+001  0.41113587E+001  0.58211013E+001  0.92744440E+001
  0.19206447E+000  0.21789913E+000  0.35320825E+000  0.51541067E+000  0.85880233E+000  0.97800303E+000  0.13287604E+001  0.24789692E+001  0.41113592E+001  0.58211013E+001  0.92744441E+001
  0.19206451E+000  0.21789914E+000  0.35320828E+000  0.51541068E+000  0.85880237E+000  0.97800306E+000  0.13287604E+001  0.24789693E+001  0.41113597E+001  0.58211013E+001  0.92744441E+001
  0.19206455E+000  0.21789916E+000  0.35320830E+000  0.51541069E+000  0.85880241E+000  0.97800309E+000  0.13287605E+001  0.24789693E+001  0.41113601E+001  0.58211013E+001  0.92744442E+001
  0.19206459E+000  0.21789917E+000  0.35320831E+000  0.51541071E+000  0.85880245E+000  0.97800312E+000  0.13287605E+001  0.24789693E+001  0.41113604E+001  0.58211013E+001  0.92744443E+001
  0.19206462E+000  0.21789918E+000  0.35320833E+000  0.51541072E+000  0.85880249E+000  0.97800314E+000  0.13287605E+001  0.24789694E+001  0.41113608E+001  0.58211013E+001  0.92744444E+001
  0.19206465E+000  0.21789919E+000  0.35320834E+000  0.51541073E+000  0.85880252E+000  0.97800316E+000  0.13287606E+001  0.24789694E+001  0.41113611E+001  0.58211013E+001  0.92744445E+001
  0.19206468E+000  0.21789920E+000  0.35320835E+000  0.51541075E+000  0.85880255E+000  0.97800318E+000  0.13287606E+001  0.24789695E+001  0.41113614E+001  0.58211013E+001  0.92744446E+001
  0.19206471E+000  0.21789921E+000  0.35320835E+000  0.51541076E+000  0.85880258E+000  0.97800320E+000  0.13287606E+001  0.24789695E+001  0.41113617E+001  0.58211013E+001  0.92744447E+001
  0.19206474E+000  0.21789922E+000  0.35320836E+000  0.51541077E+000  0.85880262E+000  0.97800323E+000  0.13287606E+001  0.24789695E+001  0.41113619E+001  0.58211013E+001  0.92744448E+001
  0.19206478E+000  0.21789923E+000  0.35320836E+000  0.51541078E+000  0.85880265E+000  0.97800325E+000  0.13287606E+001  0.24789696E+001  0.41113622E+001  0.58211013E+001  0.92744449E+001
  0.19206481E+000  0.21789924E+000  0.35320836E+000  0.51541080E+000  0.85880268E+000  0.97800327E+000  0.13287607E+001  0.24789696E+001  0.41113624E+001  0.58211013E+001  0.92744450E+001
  0.19206484E+000  0.21789925E+000  0.35320836E+000  0.51541081E+000  0.85880272E+000  0.97800329E+000  0.13287607E+001  0.24789696E+001  0.41113627E+001  0.58211013E+001  0.92744451E+001
  0.19206488E+000  0.21789926E+000  0.35320836E+000  0.51541082E+000  0.85880275E+000  0.97800332E+000  0.13287607E+001  0.24789697E+001  0.41113629E+001  0.58211013E+001  0.92744452E+001
  0.19206491E+000  0.21789927E+000  0.35320836E+000  0.51541084E+000  0.85880279E+000  0.97800334E+000  0.13287607E+001  0.24789697E+001  0.41113631E+001  0.58211013E+001  0.92744453E+001
  0.19206495E+000  0.21789928E+000  0.35320836E+000  0.51541085E+000  0.85880282E+000  0.97800336E+000  0.13287607E+001  0.24789697E+001  0.41113634E+001  0.58211013E+001  0.92744454E+001
  0.19206498E+000  0.21789930E+000  0.35320836E+000  0.51541086E+000  0.85880286E+000  0.97800339E+000  0.13287608E+001  0.24789698E+001  0.41113636E+001  0.58211013E+001  0.92744455E+001
  0.19206502E+000  0.21789931E+000  0.35320836E+000  0.51541087E+000  0.85880290E+000  0.97800341E+000  0.13287608E+001  0.24789698E+001  0.41113639E+001  0.58211013E+001  0.92744457E+001
  0.19206506E+000  0.21789932E+000  0.35320835E+000  0.51541089E+000  0.85880293E+000  0.97800344E+000  0.13287608E+001  0.24789699E+001  0.41113641E+001  0.58211013E+001  0.92744458E+001
  0.19206509E+000  0.21789933E+000  0.35320835E+000  0.51541090E+000  0.85880297E+000  0.97800346E+000  0.13287608E+001  0.24789699E+001  0.41113644E+001  0.58211013E+001  0.92744459E+001
  0.19206513E+000  0.21789934E+000  0.35320834E+000  0.51541091E+000  0.85880301E+000  0.97800348E+000  0.13287608E+001  0.24789699E+001  0.41113646E+001  0.58211013E+001  0.92744460E+001
  0.19206516E+000  0.21789935E+000  0.35320834E+000  0.51541092E+000  0.85880304E+000  0.97800351E+000  0.13287608E+001  0.24789700E+001  0.41113649E+001  0.58211013E+001  0.92744461E+001
  0.19206520E+000  0.21789936E+000  0.35320833E+000  0.51541093E+000  0.85880308E+000  0.97800353E+000  0.13287609E+001  0.24789700E+001  0.41113652E+001  0.58211013E+001  0.92744462E+001
  0.19206523E+000  0.21789937E+000  0.35320832E+000  0.51541094E+000  0.85888391E+000  0.97800355E+000  0.13287609E+001  0.24789700E+001  0.41113654E+001  0.58211013E+001  0.92744463E+001
  0.19206526E+000  0.21789938E+000  0.35320831E+000  0.51541096E+000  0.85888393E+000  0.97800358E+000  0.13287609E+001  0.24789701E+001  0.41113657E+001  0.58211013E+001  0.92744465E+001
  0.19206530E+000  0.21789939E+000  0.35320830E+000  0.51541096E+000  0.85888394E+000  0.97800360E+000  0.13287609E+001  0.24789701E+001  0.41113660E+001  0.58211013E+001  0.92744466E+001
  0.19206533E+000  0.21789939E+000  0.35320830E+000  0.51541097E+000  0.85888396E+000  0.97800362E+000  0.13287609E+001  0.24789701E+001  0.41113662E+001  0.58211013E+001  0.92744467E+001
  0.19206535E+000  0.21789940E+000  0.35320828E+000  0.51541098E+000  0.85888397E+000  0.97800364E+000  0.13287609E+001  0.24789701E+001  0.41113665E+001  0.58211013E+001  0.92744468E+001
  0.19206538E+000  0.21789941E+000  0.35320827E+000  0.51541099E+000  0.85888399E+000  0.97800365E+000  0.13287609E+001  0.24789702E+001  0.41113667E+001  0.58211013E+001  0.92744469E+001
  0.19206541E+000  0.21789941E+000  0.35320826E+000  0.51541100E+000  0.85888400E+000  0.97800367E+000  0.13287609E+001  0.24789702E+001  0.41113669E+001  0.58211013E+001  0.92744471E+001
  0.19206543E+000  0.21789942E+000  0.35320825E+000  0.51541101E+000  0.85888401E+000  0.97800369E+000  0.13287609E+001  0.24789702E+001  0.41113671E+001  0.58211013E+001  0.92744472E+001
  0.19206546E+000  0.21789943E+000  0.35320823E+000  0.51541101E+000  0.85888402E+000  0.97800370E+000  0.13287609E+001  0.24789702E+001  0.41113673E+001  0.58211013E+001  0.92744473E+001
  0.19206548E+000  0.21789943E+000  0.35320822E+000  0.51541102E+000  0.85888403E+000  0.97800372E+000  0.13287609E+001  0.24789703E+001  0.41113675E+001  0.58211013E+001  0.92744475E+001
  0.19206550E+000  0.21789944E+000  0.35320821E+000  0.51541102E+000  0.85888404E+000  0.97800373E+000  0.13287609E+001  0.24789703E+001  0.41113677E+001  0.58211013E+001  0.92744476E+001
  0.19206551E+000  0.21789944E+000  0.35320819E+000  0.51541103E+000  0.85888405E+000  0.97800374E+000  0.13287609E+001  0.24789703E+001  0.41113678E+001  0.58211013E+001  0.92744477E+001
  0.19206553E+000  0.21789944E+000  0.35320817E+000  0.51541103E+000  0.85888406E+000  0.97800375E+000  0.13287609E+001  0.24789703E+001  0.41113679E+001  0.58211013E+001  0.92744479E+001
  0.19206555E+000  0.21789945E+000  0.35320816E+000  0.51541104E+000  0.85888406E+000  0.97800376E+000  0.13287609E+001  0.24789703E+001  0.41113680E+001  0.58211013E+001  0.92744480E+001
  0.19206556E+000  0.21789945E+000  0.35320814E+000  0.51541104E+000  0.85888407E+000  0.97800377E+000  0.13287609E+001  0.24789703E+001  0.41113681E+001  0.58211013E+001  0.92744481E+001
  0.19206557E+000  0.21789945E+000  0.35320812E+000  0.51541104E+000  0.85888408E+000  0.97800378E+000  0.13287609E+001  0.24789703E+001  0.41113681E+001  0.58211013E+001  0.92744483E+001
  0.19206558E+000  0.21789945E+000  0.35320810E+000  0.51541104E+000  0.85888408E+000  0.97800379E+000  0.13287609E+001  0.24789703E+001  0.41113682E+001  0.58211013E+001  0.92744484E+001
  0.19206559E+000  0.21789945E+000  0.35320808E+000  0.51541105E+000  0.85888409E+000  0.97800379E+000  0.13287609E+001  0.24789704E+001  0.41113682E+001  0.58211013E+001  0.92744485E+001
  0.19206560E+000  0.21789946E+000  0.35320806E+000  0.51541105E+000  0.85888409E+000  0.97800380E+000  0.13287609E+001  0.24789704E+001  0.41113682E+001  0.58211013E+001  0.92744487E+001
  0.19206561E+000  0.21789946E+000  0.35320805E+000  0.51541105E+000  0.85888409E+000  0.97800380E+000  0.13287609E+001  0.24789704E+001  0.41113681E+001  0.58211013E+001  0.92744488E+001
  0.19206562E+000  0.21789946E+000  0.35320803E+000  0.51541105E+000  0.85888410E+000  0.97800381E+000  0.13287609E+001  0.24789704E+001  0.41113681E+001  0.58211013E+001  0.92744490E+001
  0.19206562E+000  0.21789946E+000  0.35320801E+000  0.51541105E+000  0.85888410E+000  0.97800381E+000  0.13287609E+001  0.24789704E+001  0.41113680E+001  0.58211013E+001  0.92744491E+001
  0.19206563E+000  0.21789946E+000  0.35320798E+000  0.51541105E+000  0.85888410E+000  0.97800381E+000  0.13287609E+001  0.24789704E+001  0.41113679E+001  0.58211013E+001  0.92744493E+001
  0.19206563E+000  0.21789946E+000  0.35320796E+000  0.51541105E+000  0.85888410E+000  0.97800382E+000  0.13287609E+001  0.24789704E+001  0.41113678E+001  0.58211013E+001  0.92744494E+001
  0.19206564E+000  0.21789945E+000  0.35320794E+000  0.51541105E+000  0.85888411E+000  0.97800382E+000  0.13287608E+001  0.24789704E+001  0.41113677E+001  0.58211013E+001  0.92744496E+001
  0.19206564E+000  0.21789945E+000  0.35320792E+000  0.51541105E+000  0.85888411E+000  0.97800382E+000  0.13287608E+001  0.24789704E+001  0.41113676E+001  0.58211013E+001  0.92744497E+001
  0.19206564E+000  0.21789945E+000  0.35320790E+000  0.51541105E+000  0.85888411E+000  0.97800382E+000  0.13287608E+001  0.24789704E+001  0.41113674E+001  0.58211013E+001  0.92744499E+001
  0.19206564E+000  0.21789945E+000  0.35320788E+000  0.51541105E+000  0.85888411E+000  0.97800382E+000  0.13287608E+001  0.24789704E+001  0.41113673E+001  0.58211013E+001  0.92744500E+001
  0.19206565E+000  0.21789945E+000  0.35320786E+000  0.51541105E+000  0.85888411E+000  0.97800383E+000  0.13287608E+001  0.24789704E+001  0.41113671E+001  0.58211013E+001  0.92744502E+001
  0.19206565E+000  0.21789945E+000  0.35320784E+000  0.51541105E+000  0.85888411E+000  0.97800383E+000  0.13287608E+001  0.24789704E+001  0.41113669E+001  0.58211013E+001  0.92744503E+001
  0.19206565E+000  0.21789945E+000  0.35320782E+000  0.51541105E+000  0.85888411E+000  0.97800383E+000  0.13287608E+001  0.24789704E+001  0.41113667E+001  0.58211013E+001  0.92744505E+001
  0.19206565E+000  0.21789945E+000  0.35320780E+000  0.51541104E+000  0.85888411E+000  0.97800383E+000  0.13287608E+001  0.24789704E+001  0.41113664E+001  0.58211013E+001  0.92744506E+001
  0.19206565E+000  0.21789944E+000  0.35320778E+000  0.51541104E+000  0.85888411E+000  0.97800383E+000  0.13287607E+001  0.24789704E+001  0.41113662E+001  0.58211013E+001  0.92744508E+001
  0.19206565E+000  0.21789944E+000  0.35320776E+000  0.51541104E+000  0.85888411E+000  0.97800383E+000  0.13287607E+001  0.24789704E+001  0.41113659E+001  0.58211013E+001  0.92744510E+001
  0.19206565E+000  0.21789944E+000  0.35320774E+000  0.51541104E+000  0.85888411E+000  0.97800383E+000  0.13287607E+001  0.24789704E+001  0.41113657E+001  0.58211013E+001  0.92744511E+001
  0.19206565E+000  0.21789944E+000  0.35320772E+000  0.51541104E+000  0.85888411E+000  0.97800383E+000  0.13287607E+001  0.24789704E+001  0.41113654E+001  0.58211013E+001  0.92744513E+001
  0.19206565E+000  0.21789944E+000  0.35320770E+000  0.51541104E+000  0.85888411E+000  0.97800383E+000  0.13287607E+001  0.24789704E+001  0.41113651E+001  0.58211013E+001  0.92744514E+001
  0.19206565E+000  0.21789943E+000  0.35320768E+000  0.51541104E+000  0.85888411E+000  0.97800383E+000  0.13287607E+001  0.24789704E+001  0.41113648E+001  0.58211013E+001  0.92744516E+001
  0.19206565E+000  0.21789943E+000  0.35320766E+000  0.51541104E+000  0.85888411E+000  0.97800383E+000  0.13287607E+001  0.24789704E+001  0.41113644E+001  0.58211013E+001  0.92744517E+001
  0.19206565E+000  0.21789943E+000  0.35320764E+000  0.51541103E+000  0.85888411E+000  0.97800383E+000  0.13287606E+001  0.24789704E+001  0.41113641E+001  0.58211013E+001  0.92744519E+001
  0.19206565E+000  0.21789943E+000  0.35320762E+000  0.51541103E+000  0.85888411E+000  0.97800383E+000  0.13287606E+001  0.24789704E+001  0.41113637E+001  0.58211013E+001  0.92744520E+001
  0.19206565E+000  0.21789943E+000  0.35320760E+000  0.51541103E+000  0.85888411E+000  0.97800383E+000  0.13287606E+001  0.24789704E+001  0.41113633E+001  0.58211013E+001  0.92744522E+001
  0.19206565E+000  0.21789943E+000  0.35320759E+000  0.51541103E+000  0.85888411E+000  0.97800383E+000  0.13287606E+001  0.24789704E+001  0.41113629E+001  0.58211013E+001  0.92744523E+001
  0.19206565E+000  0.21789942E+000  0.35320757E+000  0.51541103E+000  0.85888411E+000  0.97800383E+000  0.13287606E+001  0.24789704E+001  0.41113625E+001  0.58211013E+001  0.92744525E+001
  0.19206565E+000  0.21789942E+000  0.35320755E+000  0.51541103E+000  0.85888411E+000  0.97800383E+000  0.13287606E+001  0.24789704E+001  0.41113621E+001  0.58211013E+001  0.92744526E+001
  0.19206565E+000  0.21789942E+000  0.35320753E+000  0.51541103E+000  0.85888411E+000  0.97800383E+000  0.13287605E+001  0.24789704E+001  0.41113617E+001  0.58211013E+001  0.92744527E+001
  0.19206565E+000  0.21789942E+000  0.35320752E+000  0.51541103E+000  0.85888411E+000  0.97800383E+000  0.13287605E+001  0.24789704E+001  0.41113612E+001  0.58211013E+001  0.92744529E+001
  0.19206565E+000  0.21789942E+000  0.35320750E+000  0.51541103E+000  0.85888411E+000  0.97800383E+000  0.13287605E+001  0.24789703E+001  0.41113607E+001  0.58211013E+001  0.92744530E+001
  0.19206565E+000  0.21789942E+000  0.35320749E+000  0.51541103E+000  0.85888411E+000  0.97800383E+000  0.13287605E+001  0.24789703E+001  0.41113602E+001  0.58211013E+001  0.92744531E+001
  0.19206565E+000  0.21789942E+000  0.35320747E+000  0.51541102E+000  0.85888411E+000  0.97800383E+000  0.13287605E+001  0.24789703E+001  0.41113597E+001  0.58211013E+001  0.92744532E+001
  0.19206565E+000  0.21789941E+000  0.35320745E+000  0.51541102E+000  0.85888411E+000  0.97800383E+000  0.13287605E+001  0.24789703E+001  0.41113592E+001  0.58211013E+001  0.92744533E+001
  0.19206565E+000  0.21789941E+000  0.35320744E+000  0.51541102E+000  0.85888411E+000  0.97800383E+000  0.13287605E+001  0.24789703E+001  0.41113586E+001  0.58211013E+001  0.92744534E+001
  0.19206565E+000  0.21789941E+000  0.35320742E+000  0.51541102E+000  0.85888411E+000  0.97800383E+000  0.13287604E+001  0.24789703E+001  0.41113580E+001  0.58211013E+001  0.92744535E+001
  0.19206565E+000  0.21789941E+000  0.35320741E+000  0.51541102E+000  0.85888411E+000  0.97800383E+000  0.13287604E+001  0.24789703E+001  0.41113575E+001  0.58211013E+001  0.92744536E+001
  0.19206565E+000  0.21789941E+000  0.35320740E+000  0.51541102E+000  0.85888412E+000  0.97800383E+000  0.13287604E+001  0.24789703E+001  0.41113569E+001  0.58211013E+001  0.92744537E+001
  0.19206565E+000  0.21789941E+000  0.35320738E+000  0.51541102E+000  0.85888412E+000  0.97800383E+000  0.13287604E+001  0.24789703E+001  0.41113562E+001  0.58211013E+001  0.92744538E+001
  0.19206565E+000  0.21789941E+000  0.35320737E+000  0.51541102E+000  0.85888412E+000  0.97800383E+000  0.13287604E+001  0.24789703E+001  0.41113556E+001  0.58211013E+001  0.92744539E+001
  0.19206565E+000  0.21789941E+000  0.35320736E+000  0.51541102E+000  0.85888412E+000  0.97800383E+000  0.13287604E+001  0.24789703E+001  0.41113550E+001  0.58211013E+001  0.92744540E+001
  0.19206566E+000  0.21789940E+000  0.35320734E+000  0.51541102E+000  0.85888412E+000  0.97800383E+000  0.13287604E+001  0.24789703E+001  0.41113543E+001  0.58211013E+001  0.92744540E+001
  0.19206566E+000  0.21789940E+000  0.35320733E+000  0.51541102E+000  0.85888412E+000  0.97800383E+000  0.13287603E+001  0.24789703E+001  0.41113536E+001  0.58211013E+001  0.92744541E+001
  0.19206566E+000  0.21789940E+000  0.35320732E+000  0.51541102E+000  0.85888412E+000  0.97800383E+000  0.13287603E+001  0.24789703E+001  0.41113529E+001  0.58211013E+001  0.92744541E+001
  0.19206566E+000  0.21789940E+000  0.35320731E+000  0.51541102E+000  0.85888412E+000  0.97800383E+000  0.13287603E+001  0.24789703E+001  0.41113522E+001  0.58211013E+001  0.92744542E+001
  0.19206566E+000  0.21789940E+000  0.35320730E+000  0.51541102E+000  0.85888412E+000  0.97800383E+000  0.13287603E+001  0.24789703E+001  0.41113515E+001  0.58211013E+001  0.92744542E+001
  0.19206566E+000  0.21789940E+000  0.35320729E+000  0.51541102E+000  0.85888412E+000  0.97800383E+000  0.13287603E+001  0.24789703E+001  0.41113508E+001  0.58211013E+001  0.92744542E+001
  0.19206566E+000  0.21789940E+000  0.35320728E+000  0.51541102E+000  0.85888412E+000  0.97800383E+000  0.13287603E+001  0.24789703E+001  0.41113500E+001  0.58211013E+001  0.92744543E+001
  0.19206566E+000  0.21789940E+000  0.35320727E+000  0.51541102E+000  0.85888412E+000  0.97800383E+000  0.13287603E+001  0.24789703E+001  0.41113492E+001  0.58211013E+001  0.92744543E+001
  0.19206566E+000  0.21789940E+000  0.35320726E+000  0.51541102E+000  0.85888412E+000  0.97800383E+000  0.13287603E+001  0.24789703E+001  0.41113485E+001  0.58211013E+001  0.92744543E+001
  0.19206566E+000  0.21789940E+000  0.35320725E+000  0.51541102E+000  0.85888412E+000  0.97800383E+000  0.13287602E+001  0.24789703E+001  0.41113477E+001  0.58211013E+001  0.92744543E+001
  0.19206566E+000  0.21789940E+000  0.35320724E+000  0.51541102E+000  0.85888412E+000  0.97800383E+000  0.13287602E+001  0.24789703E+001  0.41113469E+001  0.58211013E+001  0.92744542E+001
  0.19206566E+000  0.21789940E+000  0.35320723E+000  0.51541102E+000  0.85888412E+000  0.97800383E+000  0.13287602E+001  0.24789703E+001  0.41113461E+001  0.58211013E+001  0.92744542E+001
  0.19206566E+000  0.21789940E+000  0.35320722E+000  0.51541102E+000  0.85888412E+000  0.97800383E+000  0.13287602E+001  0.24789703E+001  0.41113453E+001  0.58211014E+001  0.92744542E+001
  0.19206567E+000  0.21789940E+000  0.35320721E+000  0.51541101E+000  0.85888412E+000  0.97800383E+000  0.13287602E+001  0.24789703E+001  0.41113445E+001  0.58211014E+001  0.92744542E+001
  0.19206567E+000  0.21789940E+000  0.35320721E+000  0.51541101E+000  0.85888412E+000  0.97800383E+000  0.13287602E+001  0.24789703E+001  0.41113436E+001  0.58211014E+001  0.92744541E+001
  0.19206567E+000  0.21789940E+000  0.35320720E+000  0.51541101E+000  0.85888412E+000  0.97800383E+000  0.13287602E+001  0.24789703E+001  0.41113428E+001  0.58211014E+001  0.92744541E+001
  0.19206567E+000  0.21789940E+000  0.35320719E+000  0.51541101E+000  0.85888412E+000  0.97800383E+000  0.13287602E+001  0.24789703E+001  0.41113420E+001  0.58211014E+001  0.92744540E+001
  0.19206567E+000  0.21789940E+000  0.35320718E+000  0.51541101E+000  0.85888412E+000  0.97800384E+000  0.13287602E+001  0.24789703E+001  0.41113411E+001  0.58211014E+001  0.92744539E+001
  0.19206567E+000  0.21789939E+000  0.35320718E+000  0.51541101E+000  0.85888412E+000  0.97800384E+000  0.13287602E+001  0.24789703E+001  0.41113403E+001  0.58211014E+001  0.92744538E+001
  0.19206567E+000  0.21789939E+000  0.35320717E+000  0.51541101E+000  0.85888412E+000  0.97800384E+000  0.13287602E+001  0.24789703E+001  0.41113394E+001  0.58211014E+001  0.92744538E+001
  0.19206567E+000  0.21789939E+000  0.35320716E+000  0.51541101E+000  0.85888413E+000  0.97800384E+000  0.13287601E+001  0.24789703E+001  0.41113385E+001  0.58211014E+001  0.92744537E+001
  0.19206567E+000  0.21789939E+000  0.35320716E+000  0.51541101E+000  0.85888413E+000  0.97800384E+000  0.13287601E+001  0.24789703E+001  0.41113377E+001  0.58211014E+001  0.92744536E+001
  0.19206567E+000  0.21789939E+000  0.35320715E+000  0.51541101E+000  0.85888413E+000  0.97800384E+000  0.13287601E+001  0.24789703E+001  0.41113368E+001  0.58211014E+001  0.92744535E+001
  0.19206567E+000  0.21789939E+000  0.35320715E+000  0.51541101E+000  0.85888413E+000  0.97800384E+000  0.13287601E+001  0.24789703E+001  0.41113359E+001  0.58211014E+001  0.92744533E+001
  0.19206568E+000  0.21789939E+000  0.35320714E+000  0.51541101E+000  0.85888413E+000  0.97800384E+000  0.13287601E+001  0.24789703E+001  0.41113351E+001  0.58211014E+001  0.92744532E+001
  0.19206568E+000  0.21789939E+000  0.35320714E+000  0.51541101E+000  0.85888413E+000  0.97800384E+000  0.13287601E+001  0.24789703E+001  0.41113342E+001  0.58211014E+001  0.92744531E+001
  0.19206568E+000  0.21789939E+000  0.35320713E+000  0.51541101E+000  0.85888413E+000  0.97800384E+000  0.13287601E+001  0.24789703E+001  0.41113333E+001  0.58211014E+001  0.92744529E+001
  0.19206568E+000  0.21789939E+000  0.35320713E+000  0.51541101E+000  0.85888413E+000  0.97800384E+000  0.13287601E+001  0.24789703E+001  0.41113325E+001  0.58211014E+001  0.92744528E+001
  0.19206568E+000  0.21789939E+000  0.35320712E+000  0.51541101E+000  0.85888413E+000  0.97800384E+000  0.13287601E+001  0.24789703E+001  0.41113316E+001  0.58211014E+001  0.92744527E+001
  0.19206568E+000  0.21789939E+000  0.35320712E+000  0.51541101E+000  0.85888413E+000  0.97800384E+000  0.13287601E+001  0.24789703E+001  0.41113307E+001  0.58211014E+001  0.92744525E+001
  0.19206568E+000  0.21789939E+000  0.35320711E+000  0.51541101E+000  0.85888413E+000  0.97800384E+000  0.13287601E+001  0.24789703E+001  0.41113299E+001  0.58211014E+001  0.92744523E+001
  0.19206568E+000  0.21789939E+000  0.35320711E+000  0.51541101E+000  0.85888413E+000  0.97800384E+000  0.13287601E+001  0.24789703E+001  0.41113290E+001  0.58211014E+001  0.92744522E+001
  0.19206568E+000  0.21789939E+000  0.35320711E+000  0.51541101E+000  0.85888413E+000  0.97800384E+000  0.13287601E+001  0.24789703E+001  0.41113282E+001  0.58211014E+001  0.92744520E+001
  0.19206568E+000  0.21789939E+000  0.35320710E+000  0.51541101E+000  0.85888413E+000  0.97800384E+000  0.13287601E+001  0.24789703E+001  0.41113273E+001  0.58211014E+001  0.92744518E+001
  0.19206568E+000  0.21789939E+000  0.35320710E+000  0.51541101E+000  0.85888413E+000  0.97800384E+000  0.13287601E+001  0.24789703E+001  0.41113265E+001  0.58211014E+001  0.92744516E+001
  0.19206568E+000  0.21789939E+000  0.35320710E+000  0.51541101E+000  0.85888413E+000  0.97800384E+000  0.13287600E+001  0.24789703E+001  0.41113256E+001  0.58211014E+001  0.92744515E+001
  0.19206568E+000  0.21789939E+000  0.35320709E+000  0.51541101E+000  0.85888413E+000  0.97800384E+000  0.13287600E+001  0.24789703E+001  0.41113248E+001  0.58211014E+001  0.92744513E+001
  0.19206568E+000  0.21789939E+000  0.35320709E+000  0.51541101E+000  0.85888413E+000  0.97800384E+000  0.13287600E+001  0.24789703E+001  0.41113240E+001  0.58211014E+001  0.92744511E+001
  0.19206568E+000  0.21789939E+000  0.35320709E+000  0.51541101E+000  0.85888413E+000  0.97800384E+000  0.13287600E+001  0.24789703E+001  0.41113232E+001  0.58211014E+001  0.92744509E+001
  0.19206569E+000  0.21789939E+000  0.35320709E+000  0.51541101E+000  0.85888413E+000  0.97800385E+000  0.13287600E+001  0.24789703E+001  0.41113224E+001  0.58211014E+001  0.92744507E+001
  0.19206569E+000  0.21789939E+000  0.35320708E+000  0.51541101E+000  0.85888413E+000  0.97800385E+000  0.13287600E+001  0.24789703E+001  0.41113216E+001  0.58211014E+001  0.92744505E+001
  0.19206569E+000  0.21789939E+000  0.35320708E+000  0.51541101E+000  0.85888413E+000  0.97800385E+000  0.13287600E+001  0.24789703E+001  0.41113208E+001  0.58211014E+001  0.92744503E+001
  0.19206569E+000  0.21789939E+000  0.35320708E+000  0.51541101E+000  0.85888413E+000  0.97800385E+000  0.13287600E+001  0.24789703E+001  0.41113200E+001  0.58211014E+001  0.92744500E+001
  0.19206569E+000  0.21789939E+000  0.35320708E+000  0.51541101E+000  0.85888413E+000  0.97800385E+000  0.13287600E+001  0.24789703E+001  0.41113193E+001  0.58211014E+001  0.92744498E+001
  0.19206569E+000  0.21789939E+000  0.35320707E+000  0.51541101E+000  0.85888413E+000  0.97800385E+000  0.13287600E+001  0.24789703E+001  0.41113185E+001  0.58211014E+001  0.92744496E+001
  0.19206569E+000  0.21789939E+000  0.35320707E+000  0.51541101E+000  0.85888413E+000  0.97800385E+000  0.13287600E+001  0.24789703E+001  0.41113178E+001  0.58211014E+001  0.92744494E+001
  0.19206569E+000  0.21789939E+000  0.35320707E+000  0.51541101E+000  0.85888413E+000  0.97800385E+000  0.13287600E+001  0.24789703E+001  0.41113170E+001  0.58211014E+001  0.92744492E+001
  0.19206569E+000  0.21789939E+000  0.35320707E+000  0.51541101E+000  0.85888413E+000  0.97800385E+000  0.13287600E+001  0.24789703E+001  0.41113163E+001  0.58211014E+001  0.92744490E+001
  0.19206569E+000  0.21789939E+000  0.35320707E+000  0.51541101E+000  0.85888413E+000  0.97800385E+000  0.13287600E+001  0.24789703E+001  0.41113156E+001  0.58211014E+001  0.92744487E+001
  0.19206569E+000  0.21789939E+000  0.35320706E+000  0.51541101E+000  0.85888413E+000  0.97800385E+000  0.13287600E+001  0.24789703E+001  0.41113149E+001  0.58211014E+001  0.92744485E+001
  0.19206569E+000  0.21789939E+000  0.35320706E+000  0.51541101E+000  0.85888413E+000  0.97800385E+000  0.13287600E+001  0.24789703E+001  0.41113142E+001  0.58211014E+001  0.92744483E+001
  0.19206569E+000  0.21789939E+000  0.35320706E+000  0.51541101E+000  0.85888413E+000  0.97800385E+000  0.13287600E+001  0.24789703E+001  0.41113136E+001  0.58211014E+001  0.92744481E+001
  0.19206569E+000  0.21789939E+000  0.35320706E+000  0.51541101E+000  0.85888413E+000  0.97800385E+000  0.13287600E+001  0.24789703E+001  0.41113129E+001  0.58211014E+001  0.92744479E+001
  0.19206569E+000  0.21789939E+000  0.35320706E+000  0.51541101E+000  0.85888413E+000  0.97800385E+000  0.13287600E+001  0.24789703E+001  0.41113123E+001  0.58211014E+001  0.92744476E+001
  0.19206569E+000  0.21789939E+000  0.35320706E+000  0.51541101E+000  0.85888413E+000  0.97800385E+000  0.13287600E+001  0.24789703E+001  0.41113117E+001  0.58211014E+001  0.92744474E+001
  0.19206569E+000  0.21789939E+000  0.35320706E+000  0.51541101E+000  0.85888413E+000  0.97800385E+000  0.13287600E+001  0.24789703E+001  0.41113110E+001  0.58211014E+001  0.92744472E+001
  0.19206569E+000  0.21789939E+000  0.35320705E+000  0.51541101E+000  0.85888413E+000  0.97800385E+000  0.13287600E+001  0.24789703E+001  0.41113104E+001  0.58211014E+001  0.92744470E+001
  0.19206569E+000  0.21789939E+000  0.35320705E+000  0.51541101E+000  0.85888413E+000  0.97800385E+000  0.13287600E+001  0.24789703E+001  0.41113098E+001  0.58211014E+001  0.92744468E+001
  0.19206569E+000  0.21789939E+000  0.35320705E+000  0.51541101E+000  0.85888413E+000  0.97800385E+000  0.13287600E+001  0.24789703E+001  0.41113093E+001  0.58211014E+001  0.92744465E+001
  0.19206569E+000  0.21789939E+000  0.35320705E+000  0.51541101E+000  0.85888413E+000  0.97800385E+000  0.13287600E+001  0.24789703E+001  0.41113087E+001  0.58211014E+001  0.92744463E+001
  0.19206569E+000  0.21789939E+000  0.35320705E+000  0.51541101E+000  0.85888413E+000  0.97800385E+000  0.13287600E+001  0.24789703E+001  0.41113082E+001  0.58211014E+001  0.92744461E+001
  0.19206569E+000  0.21789939E+000  0.35320705E+000  0.51541101E+000  0.85888413E+000  0.97800385E+000  0.13287600E+001  0.24789703E+001  0.41113076E+001  0.58211014E+001  0.92744459E+001
  0.19206569E+000  0.21789939E+000  0.35320705E+000  0.51541101E+000  0.85888413E+000  0.97800385E+000  0.13287600E+001  0.24789703E+001  0.41113071E+001  0.58211014E+001  0.92744457E+001
  0.19206569E+000  0.21789939E+000  0.35320705E+000  0.51541101E+000  0.85888413E+000  0.97800385E+000  0.13287600E+001  0.24789703E+001  0.41113066E+001  0.58211014E+001  0.92744455E+001
  0.19206569E+000  0.21789939E+000  0.35320705E+000  0.51541101E+000  0.85888413E+000  0.97800385E+000  0.13287600E+001  0.24789703E+001  0.41113061E+001  0.58211014E+001  0.92744453E+001
  0.19206569E+000  0.21789939E+000  0.35320705E+000  0.51541101E+000  0.85888413E+000  0.97800385E+000  0.13287600E+001  0.24789703E+001  0.41113056E+001  0.58211014E+001  0.92744451E+001
  0.19206569E+000  0.21789939E+000  0.35320705E+000  0.51541101E+000  0.85888413E+000  0.97800385E+000  0.13287599E+001  0.24789703E+001  0.41113051E+001  0.58211014E+001  0.92744449E+001
  0.19206569E+000  0.21789939E+000  0.35320704E+000  0.51541101E+000  0.85888413E+000  0.97800385E+000  0.13287599E+001  0.24789703E+001  0.41113047E+001  0.58211014E+001  0.92744447E+001
  0.19206569E+000  0.21789939E+000  0.35320704E+000  0.51541101E+000  0.85888413E+000  0.97800385E+000  0.13287599E+001  0.24789703E+001  0.41113042E+001  0.58211014E+001  0.92744445E+001
  0.19206569E+000  0.21789939E+000  0.35320704E+000  0.51541101E+000  0.85888413E+000  0.97800385E+000  0.13287599E+001  0.24789703E+001  0.41113038E+001  0.58211014E+001  0.92744443E+001
  0.19206569E+000  0.21789939E+000  0.35320704E+000  0.51541101E+000  0.85888413E+000  0.97800385E+000  0.13287599E+001  0.24789703E+001  0.41113034E+001  0.58211014E+001  0.92744441E+001
  0.19206569E+000  0.21789939E+000  0.35320704E+000  0.51541101E+000  0.85888413E+000  0.97800385E+000  0.13287599E+001  0.24789703E+001  0.41113030E+001  0.58211014E+001  0.92744439E+001
  0.19206569E+000  0.21789939E+000  0.35320704E+000  0.51541101E+000  0.85888413E+000  0.97800385E+000  0.13287599E+001  0.24789703E+001  0.41113026E+001  0.58211014E+001  0.92744437E+001
  0.19206569E+000  0.21789939E+000  0.35320704E+000  0.51541101E+000  0.85888413E+000  0.97800385E+000  0.13287599E+001  0.24789703E+001  0.41113022E+001  0.58211014E+001  0.92744435E+001
  0.19206569E+000  0.21789939E+000  0.35320704E+000  0.51541101E+000  0.85888413E+000  0.97800385E+000  0.13287599E+001  0.24789703E+001  0.41113018E+001  0.58211014E+001  0.92744434E+001
  0.19206569E+000  0.21789939E+000  0.35320704E+000  0.51541101E+000  0.85888413E+000  0.97800385E+000  0.13287599E+001  0.24789703E+001  0.41113014E+001  0.58211014E+001  0.92744432E+001
  0.19206569E+000  0.21789939E+000  0.35320704E+000  0.51541101E+000  0.85888413E+000  0.97800385E+000  0.13287599E+001  0.24789703E+001  0.41113011E+001  0.58211014E+001  0.92744430E+001
  0.19206569E+000  0.21789939E+000  0.35320704E+000  0.51541101E+000  0.85888413E+000  0.97800385E+000  0.13287599E+001  0.24789703E+001  0.41113008E+001  0.58211014E+001  0.92744429E+001
  0.19206569E+000  0.21789939E+000  0.35320704E+000  0.51541101E+000  0.85888413E+000  0.97800385E+000  0.13287599E+001  0.24789702E+001  0.41113004E+001  0.58211014E+001  0.92744427E+001
