  0.30305944E+000  0.31875841E+000  0.46035856E+000  0.62786264E+000  0.80335483E+000  0.91058723E+000  0.12873497E+001  0.18878748E+001  0.26317435E+001  0.41000044E+001  0.58395152E+001
  0.30304554E+000  0.31872218E+000  0.46032315E+000  0.62801733E+000  0.80332962E+000  0.91055713E+000  0.12873154E+001  0.18878619E+001  0.26317312E+001  0.40999789E+001  0.58395054E+001
  0.30303349E+000  0.31868701E+000  0.46028875E+000  0.62798340E+000  0.80330717E+000  0.91041101E+000  0.12872821E+001  0.18878504E+001  0.26317209E+001  0.40999546E+001  0.58394964E+001
  0.30302313E+000  0.31865556E+000  0.46025801E+000  0.62776349E+000  0.80328771E+000  0.91040125E+000  0.12872523E+001  0.18878404E+001  0.26317122E+001  0.40999329E+001  0.58393452E+001
  0.30301425E+000  0.31862817E+000  0.46023122E+000  0.62773707E+000  0.80327098E+000  0.91039282E+000  0.12872264E+001  0.18878316E+001  0.26317047E+001  0.40999139E+001  0.58392374E+001
  0.30300665E+000  0.31860453E+000  0.46020811E+000  0.62790382E+000  0.80325665E+000  0.91038559E+000  0.12872040E+001  0.18878255E+001  0.26316983E+001  0.40998975E+001  0.58391447E+001
  0.30300014E+000  0.31858423E+000  0.46018826E+000  0.62788423E+000  0.80324439E+000  0.91037941E+000  0.12871847E+001  0.18878206E+001  0.26316927E+001  0.40998834E+001  0.58390653E+001
  0.30299456E+000  0.31856684E+000  0.46017126E+000  0.62786745E+000  0.80323391E+000  0.91037413E+000  0.12871683E+001  0.18878162E+001  0.26316877E+001  0.40998713E+001  0.58389973E+001
  0.30298979E+000  0.31855195E+000  0.46015670E+000  0.62785308E+000  0.80317713E+000  0.91036961E+000  0.12871541E+001  0.18878124E+001  0.26316833E+001  0.40998610E+001  0.58389392E+001
  0.30298570E+000  0.31853922E+000  0.46014425E+000  0.62784080E+000  0.80317014E+000  0.91036575E+000  0.12871421E+001  0.18878090E+001  0.26316794E+001  0.40997529E+001  0.58394595E+001
  0.30298219E+000  0.31852834E+000  0.46013361E+000  0.62783030E+000  0.80316416E+000  0.91036245E+000  0.12871318E+001  0.18878060E+001  0.26316759E+001  0.40997452E+001  0.58394568E+001
  0.30297918E+000  0.31851905E+000  0.46012453E+000  0.62782134E+000  0.80315905E+000  0.91035963E+000  0.12871230E+001  0.18878034E+001  0.26316727E+001  0.40997387E+001  0.58394545E+001
  0.30297660E+000  0.31851111E+000  0.46011677E+000  0.62781368E+000  0.80315468E+000  0.91035721E+000  0.12871155E+001  0.18878011E+001  0.26316698E+001  0.40997331E+001  0.58394525E+001
  0.30297438E+000  0.31850434E+000  0.46011014E+000  0.62780714E+000  0.80315094E+000  0.91035514E+000  0.12871090E+001  0.18877990E+001  0.26316672E+001  0.40997283E+001  0.58394508E+001
  0.30297248E+000  0.31849856E+000  0.46010449E+000  0.62780156E+000  0.80314775E+000  0.91035336E+000  0.12871036E+001  0.18877972E+001  0.26316648E+001  0.40997242E+001  0.58394493E+001
  0.30297084E+000  0.31849362E+000  0.46009966E+000  0.62779680E+000  0.80314501E+000  0.91035183E+000  0.12870989E+001  0.18877955E+001  0.26316626E+001  0.40997207E+001  0.58394481E+001
  0.30296943E+000  0.31848941E+000  0.46009554E+000  0.62779273E+000  0.80314266E+000  0.91035053E+000  0.12870949E+001  0.18877941E+001  0.26316606E+001  0.40997177E+001  0.58394470E+001
  0.30296821E+000  0.31848581E+000  0.46009203E+000  0.62778926E+000  0.80314066E+000  0.91034940E+000  0.12870915E+001  0.18877928E+001  0.26316587E+001  0.40997151E+001  0.58394461E+001
  0.30296716E+000  0.31848275E+000  0.46008903E+000  0.62778630E+000  0.80313894E+000  0.91034844E+000  0.12870886E+001  0.18877916E+001  0.26316573E+001  0.40997129E+001  0.58394453E+001
  0.30296626E+000  0.31845489E+000  0.46008647E+000  0.62778378E+000  0.80313747E+000  0.91034760E+000  0.12870861E+001  0.18877905E+001  0.26316560E+001  0.40997110E+001  0.58394446E+001
  0.30296547E+000  0.31845302E+000  0.46008429E+000  0.62778163E+000  0.80313621E+000  0.91034689E+000  0.12870840E+001  0.18877896E+001  0.26316548E+001  0.40997094E+001  0.58394440E+001
  0.30296480E+000  0.31845142E+000  0.46008243E+000  0.62777979E+000  0.80313513E+000  0.91034627E+000  0.12870822E+001  0.18877887E+001  0.26316536E+001  0.40997080E+001  0.58394435E+001
  0.30296421E+000  0.31845006E+000  0.46008085E+000  0.62777823E+000  0.80313420E+000  0.91034574E+000  0.12870807E+001  0.18877879E+001  0.26316526E+001  0.40997068E+001  0.58394430E+001
  0.30296371E+000  0.31844890E+000  0.46007950E+000  0.62777690E+000  0.80313341E+000  0.91034528E+000  0.12870794E+001  0.18877872E+001  0.26316516E+001  0.40997058E+001  0.58394427E+001
  0.30296327E+000  0.31844792E+000  0.46007836E+000  0.62777577E+000  0.80313273E+000  0.91034488E+000  0.12870782E+001  0.18877865E+001  0.26316506E+001  0.40997049E+001  0.58394423E+001
  0.30296288E+000  0.31844708E+000  0.46007738E+000  0.62777481E+000  0.80313215E+000  0.91034454E+000  0.12870773E+001  0.18877859E+001  0.26316497E+001  0.40997042E+001  0.58394421E+001
  0.30296255E+000  0.31844636E+000  0.46007656E+000  0.62777400E+000  0.80313166E+000  0.91034424E+000  0.12870765E+001  0.18877854E+001  0.26316489E+001  0.40997035E+001  0.58394418E+001
  0.30296226E+000  0.31844576E+000  0.46007585E+000  0.62777330E+000  0.80313123E+000  0.91034399E+000  0.12870758E+001  0.18877848E+001  0.26316482E+001  0.40997030E+001  0.58394416E+001
  0.30296201E+000  0.31844524E+000  0.46007526E+000  0.62777272E+000  0.80313087E+000  0.91034376E+000  0.12870752E+001  0.18877844E+001  0.26316474E+001  0.40997025E+001  0.58394414E+001
  0.30296179E+000  0.31844480E+000  0.46007476E+000  0.62777222E+000  0.80313055E+000  0.91034357E+000  0.12870748E+001  0.18877839E+001  0.26316468E+001  0.40997021E+001  0.58394413E+001
  0.30296160E+000  0.31844443E+000  0.46007433E+000  0.62777180E+000  0.80313028E+000  0.91034340E+000  0.12870743E+001  0.18877835E+001  0.26316461E+001  0.40997018E+001  0.58394411E+001
  0.30296143E+000  0.31844412E+000  0.46007397E+000  0.62777144E+000  0.80313005E+000  0.91034325E+000  0.12870740E+001  0.18877832E+001  0.26316456E+001  0.40997015E+001  0.58394410E+001
  0.30296128E+000  0.31844385E+000  0.46007366E+000  0.62777114E+000  0.80312986E+000  0.91034312E+000  0.12870737E+001  0.18877828E+001  0.26316450E+001  0.40997012E+001  0.58394409E+001
  0.30296114E+000  0.31844362E+000  0.46007341E+000  0.62777089E+000  0.80312969E+000  0.91034300E+000  0.12870734E+001  0.18877825E+001  0.26316445E+001  0.40997010E+001  0.58394408E+001
  0.30296103E+000  0.31844343E+000  0.46007319E+000  0.62777067E+000  0.80312954E+000  0.91034290E+000  0.12870732E+001  0.18877822E+001  0.26316440E+001  0.40997008E+001  0.58394407E+001
  0.30296092E+000  0.31844327E+000  0.46007300E+000  0.62777049E+000  0.80312941E+000  0.91034281E+000  0.12870731E+001  0.18877819E+001  0.26316436E+001  0.40997006E+001  0.58394406E+001
  0.30296083E+000  0.31844313E+000  0.46007285E+000  0.62777034E+000  0.80312930E+000  0.91034273E+000  0.12870729E+001  0.18877817E+001  0.26316432E+001  0.40997005E+001  0.58394405E+001
  0.30296074E+000  0.31844301E+000  0.46007271E+000  0.62777020E+000  0.80312921E+000  0.91034265E+000  0.12870728E+001  0.18877814E+001  0.26316429E+001  0.40997003E+001  0.58394405E+001
  0.30296066E+000  0.31844291E+000  0.46007260E+000  0.62777009E+000  0.80312912E+000  0.91034258E+000  0.12870727E+001  0.18877812E+001  0.26316425E+001  0.40997002E+001  0.58394404E+001
  0.30296059E+000  0.31844282E+000  0.46007251E+000  0.62777000E+000  0.80312905E+000  0.91034252E+000  0.12870726E+001  0.18877810E+001  0.26316422E+001  0.40997001E+001  0.58394404E+001
  0.30296053E+000  0.31844274E+000  0.46007242E+000  0.62776992E+000  0.80312898E+000  0.91034246E+000  0.12870725E+001  0.18877808E+001  0.26316420E+001  0.40997000E+001  0.58394403E+001
  0.30296047E+000  0.31844267E+000  0.46007235E+000  0.62776985E+000  0.80312892E+000  0.91034240E+000  0.12870724E+001  0.18877806E+001  0.26316417E+001  0.40997000E+001  0.58394403E+001
  0.30296041E+000  0.31844261E+000  0.46007229E+000  0.62776979E+000  0.80312886E+000  0.91034235E+000  0.12870724E+001  0.18877805E+001  0.26316415E+001  0.40996999E+001  0.58394402E+001
  0.30296036E+000  0.31844256E+000  0.46007223E+000  0.62776973E+000  0.80312881E+000  0.91034229E+000  0.12870723E+001  0.18877803E+001  0.26316413E+001  0.40996998E+001  0.58394402E+001
  0.30296031E+000  0.31844251E+000  0.46007219E+000  0.62776968E+000  0.80312877E+000  0.91034224E+000  0.12870723E+001  0.18877802E+001  0.26316411E+001  0.40996998E+001  0.58394401E+001
  0.30296026E+000  0.31844247E+000  0.46007214E+000  0.62776964E+000  0.80312872E+000  0.91034219E+000  0.12870722E+001  0.18877800E+001  0.26316409E+001  0.40996997E+001  0.58394401E+001
  0.30296021E+000  0.31844243E+000  0.46007210E+000  0.62776960E+000  0.80312867E+000  0.91034214E+000  0.12870722E+001  0.18877799E+001  0.26316408E+001  0.40996997E+001  0.58394400E+001
  0.30296016E+000  0.31844239E+000  0.46007206E+000  0.62776956E+000  0.80312863E+000  0.91034209E+000  0.12870721E+001  0.18877798E+001  0.26316406E+001  0.40996996E+001  0.58394400E+001
  0.30296011E+000  0.31844235E+000  0.46007202E+000  0.62776952E+000  0.80312858E+000  0.91034203E+000  0.12870721E+001  0.18877797E+001  0.26316405E+001  0.40996996E+001  0.58394400E+001
  0.30296006E+000  0.31844231E+000  0.46007198E+000  0.62776948E+000  0.80312854E+000  0.91034198E+000  0.12870721E+001  0.18877796E+001  0.26316404E+001  0.40996995E+001  0.58394399E+001
  0.30296002E+000  0.31844227E+000  0.46007195E+000  0.62776945E+000  0.80312849E+000  0.91034193E+000  0.12870720E+001  0.18877795E+001  0.26316403E+001  0.40996995E+001  0.58394399E+001
  0.30295997E+000  0.31844222E+000  0.46007191E+000  0.62776941E+000  0.80312845E+000  0.91034187E+000  0.12870720E+001  0.18877794E+001  0.26316402E+001  0.40996994E+001  0.58394398E+001
  0.30295992E+000  0.31844218E+000  0.46007187E+000  0.62776937E+000  0.80312840E+000  0.91034182E+000  0.12870720E+001  0.18877793E+001  0.26316401E+001  0.40996994E+001  0.58394398E+001
  0.30295987E+000  0.31844214E+000  0.46007183E+000  0.62776933E+000  0.80312835E+000  0.91034176E+000  0.12870719E+001  0.18877792E+001  0.26316400E+001  0.40996993E+001  0.58394397E+001
  0.30295982E+000  0.31844210E+000  0.46007178E+000  0.62776929E+000  0.80312831E+000  0.91034170E+000  0.12870719E+001  0.18877792E+001  0.26316399E+001  0.40996993E+001  0.58394397E+001
  0.30295978E+000  0.31844205E+000  0.46007174E+000  0.62776925E+000  0.80312826E+000  0.91034165E+000  0.12870718E+001  0.18877791E+001  0.26316399E+001  0.40996993E+001  0.58394396E+001
  0.30295973E+000  0.31844201E+000  0.46007170E+000  0.62776920E+000  0.80312821E+000  0.91034159E+000  0.12870718E+001  0.18877790E+001  0.26316398E+001  0.40996992E+001  0.58394396E+001
  0.30295968E+000  0.31844196E+000  0.46007165E+000  0.62776916E+000  0.80312816E+000  0.91034154E+000  0.12870717E+001  0.18877790E+001  0.26316397E+001  0.40996992E+001  0.58394396E+001
  0.30295964E+000  0.31844191E+000  0.46007161E+000  0.62776911E+000  0.80312811E+000  0.91034148E+000  0.12870717E+001  0.18877789E+001  0.26316397E+001  0.40996991E+001  0.58394395E+001
  0.30295959E+000  0.31844187E+000  0.46007156E+000  0.62776907E+000  0.80312806E+000  0.91034143E+000  0.12870717E+001  0.18877789E+001  0.26316396E+001  0.40996991E+001  0.58394395E+001
  0.30295955E+000  0.31844182E+000  0.46007152E+000  0.62776902E+000  0.80312801E+000  0.91034137E+000  0.12870716E+001  0.18877788E+001  0.26316396E+001  0.40996990E+001  0.58394394E+001
  0.30295950E+000  0.31844178E+000  0.46007147E+000  0.62776898E+000  0.80312797E+000  0.91034132E+000  0.12870716E+001  0.18877788E+001  0.26316395E+001  0.40996990E+001  0.58394394E+001
  0.30295946E+000  0.31844173E+000  0.46007143E+000  0.62776894E+000  0.80312792E+000  0.91034127E+000  0.12870715E+001  0.18877787E+001  0.26316395E+001  0.40996989E+001  0.58394394E+001
  0.30295942E+000  0.31844169E+000  0.46007139E+000  0.62776889E+000  0.80312788E+000  0.91034122E+000  0.12870715E+001  0.18877787E+001  0.26316394E+001  0.40996989E+001  0.58394393E+001
  0.30295938E+000  0.31844165E+000  0.46007134E+000  0.62776885E+000  0.80312783E+000  0.91034117E+000  0.12870714E+001  0.18877786E+001  0.26316394E+001  0.40996989E+001  0.58394393E+001
  0.30295935E+000  0.31844161E+000  0.46007130E+000  0.62776881E+000  0.80312779E+000  0.91034113E+000  0.12870714E+001  0.18877786E+001  0.26316393E+001  0.40996988E+001  0.58394393E+001
  0.30295931E+000  0.31844157E+000  0.46007126E+000  0.62776877E+000  0.80312775E+000  0.91034108E+000  0.12870714E+001  0.18877785E+001  0.26316393E+001  0.40996988E+001  0.58394393E+001
  0.30295928E+000  0.31844153E+000  0.46007123E+000  0.62776874E+000  0.80312771E+000  0.91034104E+000  0.12870713E+001  0.18877785E+001  0.26316392E+001  0.40996988E+001  0.58394392E+001
  0.30295924E+000  0.31844149E+000  0.46007119E+000  0.62776870E+000  0.80312768E+000  0.91034100E+000  0.12870713E+001  0.18877784E+001  0.26316392E+001  0.40996987E+001  0.58394392E+001
  0.30295921E+000  0.31844146E+000  0.46007116E+000  0.62776867E+000  0.80312765E+000  0.91034097E+000  0.12870713E+001  0.18877784E+001  0.26316391E+001  0.40996987E+001  0.58394392E+001
  0.30295919E+000  0.31844143E+000  0.46007112E+000  0.62776863E+000  0.80312761E+000  0.91034093E+000  0.12870712E+001  0.18877784E+001  0.26316391E+001  0.40996987E+001  0.58394392E+001
  0.30295916E+000  0.31844140E+000  0.46007109E+000  0.62776860E+000  0.80312758E+000  0.91034090E+000  0.12870712E+001  0.18877783E+001  0.26316391E+001  0.40996986E+001  0.58394392E+001
  0.30295914E+000  0.31844137E+000  0.46007106E+000  0.62776858E+000  0.80312756E+000  0.91034087E+000  0.12870712E+001  0.18877783E+001  0.26316390E+001  0.40996986E+001  0.58394391E+001
  0.30295911E+000  0.31844134E+000  0.46007104E+000  0.62776855E+000  0.80312753E+000  0.91034085E+000  0.12870711E+001  0.18877783E+001  0.26316390E+001  0.40996986E+001  0.58394391E+001
  0.30295909E+000  0.31844132E+000  0.46007101E+000  0.62776853E+000  0.80312751E+000  0.91034082E+000  0.12870711E+001  0.18877782E+001  0.26316389E+001  0.40996986E+001  0.58394391E+001
  0.30295908E+000  0.31844130E+000  0.46007099E+000  0.62776850E+000  0.80312749E+000  0.91034080E+000  0.12870711E+001  0.18877782E+001  0.26316389E+001  0.40996986E+001  0.58394391E+001
  0.30295906E+000  0.31844128E+000  0.46007097E+000  0.62776848E+000  0.80312747E+000  0.91034078E+000  0.12870711E+001  0.18877781E+001  0.26316389E+001  0.40996985E+001  0.58394391E+001
  0.30295904E+000  0.31844126E+000  0.46007095E+000  0.62776847E+000  0.80312745E+000  0.91034076E+000  0.12870711E+001  0.18877781E+001  0.26316388E+001  0.40996985E+001  0.58394391E+001
  0.30295903E+000  0.31844124E+000  0.46007093E+000  0.62776845E+000  0.80312743E+000  0.91034074E+000  0.12870710E+001  0.18877781E+001  0.26316388E+001  0.40996985E+001  0.58394391E+001
  0.30295902E+000  0.31844123E+000  0.46007092E+000  0.62776843E+000  0.80312742E+000  0.91034072E+000  0.12870710E+001  0.18877780E+001  0.26316388E+001  0.40996985E+001  0.58394391E+001
  0.30295900E+000  0.31844122E+000  0.46007091E+000  0.62776842E+000  0.80312740E+000  0.91034071E+000  0.12870710E+001  0.18877780E+001  0.26316387E+001  0.40996985E+001  0.58394391E+001
  0.30295899E+000  0.31844120E+000  0.46007089E+000  0.62776841E+000  0.80312739E+000  0.91034070E+000  0.12870710E+001  0.18877780E+001  0.26316387E+001  0.40996985E+001  0.58394391E+001
  0.30295899E+000  0.31844119E+000  0.46007088E+000  0.62776840E+000  0.80312738E+000  0.91034069E+000  0.12870710E+001  0.18877779E+001  0.26316387E+001  0.40996985E+001  0.58394391E+001
  0.30295898E+000  0.31844118E+000  0.46007087E+000  0.62776839E+000  0.80312737E+000  0.91034068E+000  0.12870710E+001  0.18877779E+001  0.26316387E+001  0.40996985E+001  0.58394391E+001
  0.30295897E+000  0.31844118E+000  0.46007086E+000  0.62776838E+000  0.80312736E+000  0.91034067E+000  0.12870710E+001  0.18877779E+001  0.26316386E+001  0.40996985E+001  0.58394392E+001
  0.30295897E+000  0.31844117E+000  0.46007086E+000  0.62776837E+000  0.80312736E+000  0.91034066E+000  0.12870710E+001  0.18877778E+001  0.26316386E+001  0.40996984E+001  0.58394392E+001
  0.30295896E+000  0.31844116E+000  0.46007085E+000  0.62776836E+000  0.80312735E+000  0.91034066E+000  0.12870710E+001  0.18877778E+001  0.26316386E+001  0.40996984E+001  0.58394392E+001
  0.30295896E+000  0.31844116E+000  0.46007084E+000  0.62776836E+000  0.80312734E+000  0.91034065E+000  0.12870710E+001  0.18877777E+001  0.26316386E+001  0.40996984E+001  0.58394392E+001
  0.30295895E+000  0.31844115E+000  0.46007084E+000  0.62776835E+000  0.80312734E+000  0.91034065E+000  0.12870710E+001  0.18877777E+001  0.26316385E+001  0.40996984E+001  0.58394392E+001
  0.30295895E+000  0.31844115E+000  0.46007084E+000  0.62776835E+000  0.80312734E+000  0.91034064E+000  0.12870710E+001  0.18877777E+001  0.26316385E+001  0.40996984E+001  0.58394392E+001
  0.30295895E+000  0.31844115E+000  0.46007083E+000  0.62776835E+000  0.80312733E+000  0.91034064E+000  0.12870709E+001  0.18877776E+001  0.26316385E+001  0.40996984E+001  0.58394392E+001
  0.30295895E+000  0.31844114E+000  0.46007083E+000  0.62776835E+000  0.80312733E+000  0.91034064E+000  0.12870709E+001  0.18877776E+001  0.26316385E+001  0.40996984E+001  0.58394392E+001
  0.30295894E+000  0.31844114E+000  0.46007083E+000  0.62776834E+000  0.80312733E+000  0.91034064E+000  0.12870709E+001  0.18877775E+001  0.26316384E+001  0.40996984E+001  0.58394393E+001
  0.30295894E+000  0.31844114E+000  0.46007083E+000  0.62776834E+000  0.80312732E+000  0.91034063E+000  0.12870709E+001  0.18877775E+001  0.26316384E+001  0.40996984E+001  0.58394393E+001
  0.30295894E+000  0.31844114E+000  0.46007082E+000  0.62776834E+000  0.80312732E+000  0.91034063E+000  0.12870709E+001  0.18877774E+001  0.26316384E+001  0.40996984E+001  0.58394393E+001
  0.30295894E+000  0.31844114E+000  0.46007082E+000  0.62776834E+000  0.80312732E+000  0.91034063E+000  0.12870709E+001  0.18877774E+001  0.26316384E+001  0.40996984E+001  0.58394393E+001
  0.30295894E+000  0.31844114E+000  0.46007082E+000  0.62776834E+000  0.80312732E+000  0.91034063E+000  0.12870709E+001  0.18877774E+001  0.26316383E+001  0.40996984E+001  0.58394393E+001
  0.30295894E+000  0.31844114E+000  0.46007082E+000  0.62776834E+000  0.80312732E+000  0.91034063E+000  0.12870709E+001  0.18877773E+001  0.26316383E+001  0.40996984E+001  0.58394393E+001
  0.30295894E+000  0.31844114E+000  0.46007082E+000  0.62776834E+000  0.80312732E+000  0.91034063E+000  0.12870709E+001  0.18877773E+001  0.26316383E+001  0.40996984E+001  0.58394393E+001
  0.30295894E+000  0.31844114E+000  0.46007082E+000  0.62776834E+000  0.80312732E+000  0.91034063E+000  0.12870709E+001  0.18877772E+001  0.26316382E+001  0.40996984E+001  0.58394394E+001
  0.30295894E+000  0.31844114E+000  0.46007082E+000  0.62776834E+000  0.80312731E+000  0.91034063E+000  0.12870709E+001  0.18877772E+001  0.26316382E+001  0.40996984E+001  0.58394394E+001
  0.30295894E+000  0.31844114E+000  0.46007082E+000  0.62776834E+000  0.80312731E+000  0.91034063E+000  0.12870709E+001  0.18877771E+001  0.26316382E+001  0.40996984E+001  0.58394394E+001
  0.30295894E+000  0.31844114E+000  0.46007082E+000  0.62776834E+000  0.80312731E+000  0.91034063E+000  0.12870709E+001  0.18877771E+001  0.26316382E+001  0.40996984E+001  0.58394394E+001
  0.30295894E+000  0.31844114E+000  0.46007082E+000  0.62776834E+000  0.80312731E+000  0.91034063E+000  0.12870709E+001  0.18877770E+001  0.26316381E+001  0.40996984E+001  0.58394394E+001
  0.30295894E+000  0.31844114E+000  0.46007082E+000  0.62776834E+000  0.80312731E+000  0.91034063E+000  0.12870709E+001  0.18877770E+001  0.26316381E+001  0.40996984E+001  0.58394394E+001
  0.30295894E+000  0.31844114E+000  0.46007082E+000  0.62776834E+000  0.80312731E+000  0.91034063E+000  0.12870709E+001  0.18877769E+001  0.26316381E+001  0.40996984E+001  0.58394394E+001
  0.30295894E+000  0.31844114E+000  0.46007082E+000  0.62776834E+000  0.80312731E+000  0.91034063E+000  0.12870709E+001  0.18877769E+001  0.26316380E+001  0.40996984E+001  0.58394394E+001
  0.30295894E+000  0.31844114E+000  0.46007082E+000  0.62776834E+000  0.80312731E+000  0.91034063E+000  0.12870709E+001  0.18877768E+001  0.26316380E+001  0.40996984E+001  0.58394395E+001
  0.30295894E+000  0.31844114E+000  0.46007082E+000  0.62776834E+000  0.80312731E+000  0.91034063E+000  0.12870709E+001  0.18877767E+001  0.26316379E+001  0.40996984E+001  0.58394395E+001
  0.30295894E+000  0.31844114E+000  0.46007082E+000  0.62776834E+000  0.80312731E+000  0.91034063E+000  0.12870709E+001  0.18877767E+001  0.26316379E+001  0.40996984E+001  0.58394395E+001
  0.30295894E+000  0.31844114E+000  0.46007082E+000  0.62776834E+000  0.80312730E+000  0.91034063E+000  0.12870709E+001  0.18877766E+001  0.26316379E+001  0.40996984E+001  0.58394395E+001
  0.30295894E+000  0.31844114E+000  0.46007082E+000  0.62776834E+000  0.80312730E+000  0.91034063E+000  0.12870709E+001  0.18877766E+001  0.26316378E+001  0.40996984E+001  0.58394395E+001
  0.30295893E+000  0.31844114E+000  0.46007082E+000  0.62776834E+000  0.80312730E+000  0.91034062E+000  0.12870709E+001  0.18877765E+001  0.26316378E+001  0.40996984E+001  0.58394395E+001
  0.30295893E+000  0.31844113E+000  0.46007082E+000  0.62776834E+000  0.80312730E+000  0.91034062E+000  0.12870709E+001  0.18877765E+001  0.26316377E+001  0.40996984E+001  0.58394395E+001
  0.30295893E+000  0.31844113E+000  0.46007082E+000  0.62776834E+000  0.80312730E+000  0.91034062E+000  0.12870709E+001  0.18877764E+001  0.26316377E+001  0.40996984E+001  0.58394395E+001
  0.30295893E+000  0.31844113E+000  0.46007082E+000  0.62776834E+000  0.80312730E+000  0.91034062E+000  0.12870709E+001  0.18877763E+001  0.26316377E+001  0.40996984E+001  0.58394395E+001
  0.30295893E+000  0.31844113E+000  0.46007082E+000  0.62776834E+000  0.80312730E+000  0.91034062E+000  0.12870709E+001  0.18877763E+001  0.26316376E+001  0.40996984E+001  0.58394395E+001
  0.30295893E+000  0.31844113E+000  0.46007082E+000  0.62776834E+000  0.80312730E+000  0.91034062E+000  0.12870709E+001  0.18877762E+001  0.26316376E+001  0.40996984E+001  0.58394395E+001
  0.30295893E+000  0.31844113E+000  0.46007082E+000  0.62776834E+000  0.80312729E+000  0.91034062E+000  0.12870709E+001  0.18877762E+001  0.26316375E+001  0.40996984E+001  0.58394395E+001
  0.30295893E+000  0.31844113E+000  0.46007082E+000  0.62776833E+000  0.80312729E+000  0.91034062E+000  0.12870709E+001  0.18877761E+001  0.26316375E+001  0.40996984E+001  0.58394395E+001
  0.30295893E+000  0.31844113E+000  0.46007082E+000  0.62776833E+000  0.80312729E+000  0.91034062E+000  0.12870709E+001  0.18877760E+001  0.26316374E+001  0.40996984E+001  0.58394395E+001
  0.30295893E+000  0.31844113E+000  0.46007082E+000  0.62776833E+000  0.80312729E+000  0.91034061E+000  0.12870709E+001  0.18877760E+001  0.26316374E+001  0.40996984E+001  0.58394395E+001
  0.30295893E+000  0.31844113E+000  0.46007082E+000  0.62776833E+000  0.80312729E+000  0.91034061E+000  0.12870709E+001  0.18877759E+001  0.26316373E+001  0.40996984E+001  0.58394395E+001
  0.30295892E+000  0.31844113E+000  0.46007082E+000  0.62776833E+000  0.80312729E+000  0.91034061E+000  0.12870709E+001  0.18877758E+001  0.26316373E+001  0.40996984E+001  0.58394395E+001
  0.30295892E+000  0.31844113E+000  0.46007082E+000  0.62776833E+000  0.80312728E+000  0.91034061E+000  0.12870709E+001  0.18877758E+001  0.26316372E+001  0.40996984E+001  0.58394395E+001
  0.30295892E+000  0.31844113E+000  0.46007081E+000  0.62776833E+000  0.80312728E+000  0.91034061E+000  0.12870709E+001  0.18877757E+001  0.26316372E+001  0.40996984E+001  0.58394395E+001
  0.30295892E+000  0.31844113E+000  0.46007081E+000  0.62776833E+000  0.80312728E+000  0.91034061E+000  0.12870709E+001  0.18877757E+001  0.26316371E+001  0.40996984E+001  0.58394395E+001
  0.30295892E+000  0.31844112E+000  0.46007081E+000  0.62776833E+000  0.80312728E+000  0.91034060E+000  0.12870709E+001  0.18877756E+001  0.26316371E+001  0.40996984E+001  0.58394395E+001
  0.30295892E+000  0.31844112E+000  0.46007081E+000  0.62776833E+000  0.80312728E+000  0.91034060E+000  0.12870709E+001  0.18877755E+001  0.26316370E+001  0.40996984E+001  0.58394395E+001
  0.30295892E+000  0.31844112E+000  0.46007081E+000  0.62776833E+000  0.80312728E+000  0.91034060E+000  0.12870709E+001  0.18877755E+001  0.26316370E+001  0.40996984E+001  0.58394395E+001
  0.30295892E+000  0.31844112E+000  0.46007081E+000  0.62776833E+000  0.80312727E+000  0.91034060E+000  0.12870709E+001  0.18877754E+001  0.26316369E+001  0.40996983E+001  0.58394395E+001
  0.30295892E+000  0.31844112E+000  0.46007081E+000  0.62776832E+000  0.80312727E+000  0.91034060E+000  0.12870709E+001  0.18877754E+001  0.26316369E+001  0.40996983E+001  0.58394395E+001
  0.30295891E+000  0.31844112E+000  0.46007081E+000  0.62776832E+000  0.80312727E+000  0.91034060E+000  0.12870709E+001  0.18877753E+001  0.26316368E+001  0.40996983E+001  0.58394394E+001
  0.30295891E+000  0.31844112E+000  0.46007081E+000  0.62776832E+000  0.80312727E+000  0.91034059E+000  0.12870709E+001  0.18877752E+001  0.26316368E+001  0.40996983E+001  0.58394394E+001
  0.30295891E+000  0.31844112E+000  0.46007081E+000  0.62776832E+000  0.80312727E+000  0.91034059E+000  0.12870709E+001  0.18877752E+001  0.26316367E+001  0.40996983E+001  0.58394394E+001
  0.30295891E+000  0.31844112E+000  0.46007080E+000  0.62776832E+000  0.80312727E+000  0.91034059E+000  0.12870709E+001  0.18877751E+001  0.26316366E+001  0.40996983E+001  0.58394394E+001
  0.30295891E+000  0.31844111E+000  0.46007080E+000  0.62776832E+000  0.80312726E+000  0.91034059E+000  0.12870709E+001  0.18877751E+001  0.26316366E+001  0.40996983E+001  0.58394394E+001
  0.30295891E+000  0.31844111E+000  0.46007080E+000  0.62776832E+000  0.80312726E+000  0.91034059E+000  0.12870709E+001  0.18877750E+001  0.26316365E+001  0.40996983E+001  0.58394394E+001
  0.30295891E+000  0.31844111E+000  0.46007080E+000  0.62776832E+000  0.80312726E+000  0.91034058E+000  0.12870709E+001  0.18877749E+001  0.26316365E+001  0.40996983E+001  0.58394394E+001
  0.30295891E+000  0.31844111E+000  0.46007080E+000  0.62776832E+000  0.80312726E+000  0.91034058E+000  0.12870709E+001  0.18877749E+001  0.26316364E+001  0.40996983E+001  0.58394394E+001
  0.30295890E+000  0.31844111E+000  0.46007080E+000  0.62776832E+000  0.80312726E+000  0.91034058E+000  0.12870709E+001  0.18877748E+001  0.26316364E+001  0.40996983E+001  0.58394393E+001
  0.30295890E+000  0.31844111E+000  0.46007080E+000  0.62776831E+000  0.80312726E+000  0.91034058E+000  0.12870709E+001  0.18877748E+001  0.26316363E+001  0.40996983E+001  0.58394393E+001
  0.30295890E+000  0.31844111E+000  0.46007080E+000  0.62776831E+000  0.80312725E+000  0.91034058E+000  0.12870709E+001  0.18877747E+001  0.26316363E+001  0.40996983E+001  0.58394393E+001
  0.30295890E+000  0.31844111E+000  0.46007080E+000  0.62776831E+000  0.80312725E+000  0.91034058E+000  0.12870709E+001  0.18877747E+001  0.26316362E+001  0.40996983E+001  0.58394393E+001
  0.30295890E+000  0.31844111E+000  0.46007080E+000  0.62776831E+000  0.80312725E+000  0.91034057E+000  0.12870709E+001  0.18877746E+001  0.26316361E+001  0.40996983E+001  0.58394393E+001
  0.30295890E+000  0.31844111E+000  0.46007079E+000  0.62776831E+000  0.80312725E+000  0.91034057E+000  0.12870709E+001  0.18877746E+001  0.26316361E+001  0.40996983E+001  0.58394392E+001
  0.30295890E+000  0.31844110E+000  0.46007079E+000  0.62776831E+000  0.80312725E+000  0.91034057E+000  0.12870709E+001  0.18877745E+001  0.26316360E+001  0.40996983E+001  0.58394392E+001
  0.30295890E+000  0.31844110E+000  0.46007079E+000  0.62776831E+000  0.80312725E+000  0.91034057E+000  0.12870709E+001  0.18877745E+001  0.26316360E+001  0.40996983E+001  0.58394392E+001
  0.30295889E+000  0.31844110E+000  0.46007079E+000  0.62776831E+000  0.80312725E+000  0.91034057E+000  0.12870709E+001  0.18877744E+001  0.26316359E+001  0.40996982E+001  0.58394392E+001
  0.30295889E+000  0.31844110E+000  0.46007079E+000  0.62776831E+000  0.80312724E+000  0.91034057E+000  0.12870709E+001  0.18877744E+001  0.26316359E+001  0.40996982E+001  0.58394392E+001
  0.30295889E+000  0.31844110E+000  0.46007079E+000  0.62776831E+000  0.80312724E+000  0.91034057E+000  0.12870709E+001  0.18877743E+001  0.26316358E+001  0.40996982E+001  0.58394391E+001
  0.30295889E+000  0.31844110E+000  0.46007079E+000  0.62776830E+000  0.80312724E+000  0.91034056E+000  0.12870709E+001  0.18877743E+001  0.26316358E+001  0.40996982E+001  0.58394391E+001
  0.30295889E+000  0.31844110E+000  0.46007079E+000  0.62776830E+000  0.80312724E+000  0.91034056E+000  0.12870709E+001  0.18877742E+001  0.26316357E+001  0.40996982E+001  0.58394391E+001
  0.30295889E+000  0.31844110E+000  0.46007079E+000  0.62776830E+000  0.80312724E+000  0.91034056E+000  0.12870709E+001  0.18877742E+001  0.26316357E+001  0.40996982E+001  0.58394391E+001
  0.30295889E+000  0.31844110E+000  0.46007079E+000  0.62776830E+000  0.80312724E+000  0.91034056E+000  0.12870709E+001  0.18877741E+001  0.26316356E+001  0.40996982E+001  0.58394390E+001
  0.30295889E+000  0.31844110E+000  0.46007079E+000  0.62776830E+000  0.80312724E+000  0.91034056E+000  0.12870709E+001  0.18877741E+001  0.26316356E+001  0.40996982E+001  0.58394390E+001
  0.30295889E+000  0.31844110E+000  0.46007078E+000  0.62776830E+000  0.80312724E+000  0.91034056E+000  0.12870709E+001  0.18877741E+001  0.26316355E+001  0.40996982E+001  0.58394390E+001
  0.30295889E+000  0.31844109E+000  0.46007078E+000  0.62776830E+000  0.80312724E+000  0.91034056E+000  0.12870709E+001  0.18877740E+001  0.26316355E+001  0.40996982E+001  0.58394390E+001
  0.30295889E+000  0.31844109E+000  0.46007078E+000  0.62776830E+000  0.80312724E+000  0.91034056E+000  0.12870709E+001  0.18877740E+001  0.26316354E+001  0.40996982E+001  0.58394389E+001
  0.30295889E+000  0.31844109E+000  0.46007078E+000  0.62776830E+000  0.80312723E+000  0.91034056E+000  0.12870709E+001  0.18877739E+001  0.26316354E+001  0.40996982E+001  0.58394389E+001
  0.30295888E+000  0.31844109E+000  0.46007078E+000  0.62776830E+000  0.80312723E+000  0.91034055E+000  0.12870709E+001  0.18877739E+001  0.26316353E+001  0.40996982E+001  0.58394389E+001
  0.30295888E+000  0.31844109E+000  0.46007078E+000  0.62776830E+000  0.80312723E+000  0.91034055E+000  0.12870709E+001  0.18877739E+001  0.26316353E+001  0.40996982E+001  0.58394389E+001
  0.30295888E+000  0.31844109E+000  0.46007078E+000  0.62776830E+000  0.80312723E+000  0.91034055E+000  0.12870709E+001  0.18877738E+001  0.26316352E+001  0.40996982E+001  0.58394388E+001
  0.30295888E+000  0.31844109E+000  0.46007078E+000  0.62776830E+000  0.80312723E+000  0.91034055E+000  0.12870709E+001  0.18877738E+001  0.26316352E+001  0.40996982E+001  0.58394388E+001
  0.30295888E+000  0.31844109E+000  0.46007078E+000  0.62776830E+000  0.80312723E+000  0.91034055E+000  0.12870709E+001  0.18877738E+001  0.26316352E+001  0.40996982E+001  0.58394388E+001
  0.30295888E+000  0.31844109E+000  0.46007078E+000  0.62776830E+000  0.80312723E+000  0.91034055E+000  0.12870709E+001  0.18877737E+001  0.26316351E+001  0.40996981E+001  0.58394388E+001
  0.30295888E+000  0.31844109E+000  0.46007078E+000  0.62776830E+000  0.80312723E+000  0.91034055E+000  0.12870709E+001  0.18877737E+001  0.26316351E+001  0.40996981E+001  0.58394387E+001
  0.30295888E+000  0.31844109E+000  0.46007078E+000  0.62776830E+000  0.80312723E+000  0.91034055E+000  0.12870709E+001  0.18877737E+001  0.26316350E+001  0.40996981E+001  0.58394387E+001
  0.30295888E+000  0.31844109E+000  0.46007078E+000  0.62776829E+000  0.80312723E+000  0.91034055E+000  0.12870709E+001  0.18877736E+001  0.26316350E+001  0.40996981E+001  0.58394387E+001
  0.30295888E+000  0.31844109E+000  0.46007078E+000  0.62776829E+000  0.80312723E+000  0.91034055E+000  0.12870709E+001  0.18877736E+001  0.26316350E+001  0.40996981E+001  0.58394387E+001
  0.30295888E+000  0.31844109E+000  0.46007078E+000  0.62776829E+000  0.80312723E+000  0.91034055E+000  0.12870709E+001  0.18877736E+001  0.26316349E+001  0.40996981E+001  0.58394386E+001
  0.30295888E+000  0.31844109E+000  0.46007078E+000  0.62776829E+000  0.80312723E+000  0.91034055E+000  0.12870709E+001  0.18877736E+001  0.26316349E+001  0.40996981E+001  0.58394386E+001
  0.30295888E+000  0.31844109E+000  0.46007078E+000  0.62776829E+000  0.80312723E+000  0.91034055E+000  0.12870709E+001  0.18877735E+001  0.26316349E+001  0.40996981E+001  0.58394386E+001
  0.30295888E+000  0.31844109E+000  0.46007078E+000  0.62776829E+000  0.80312723E+000  0.91034055E+000  0.12870709E+001  0.18877735E+001  0.26316348E+001  0.40996981E+001  0.58394386E+001
  0.30295888E+000  0.31844109E+000  0.46007078E+000  0.62776829E+000  0.80312723E+000  0.91034055E+000  0.12870709E+001  0.18877735E+001  0.26316348E+001  0.40996981E+001  0.58394385E+001
  0.30295888E+000  0.31844109E+000  0.46007078E+000  0.62776829E+000  0.80312723E+000  0.91034055E+000  0.12870709E+001  0.18877735E+001  0.26316347E+001  0.40996981E+001  0.58394385E+001
  0.30295888E+000  0.31844109E+000  0.46007078E+000  0.62776829E+000  0.80312723E+000  0.91034055E+000  0.12870709E+001  0.18877734E+001  0.26316347E+001  0.40996981E+001  0.58394385E+001
  0.30295888E+000  0.31844109E+000  0.46007078E+000  0.62776829E+000  0.80312723E+000  0.91034055E+000  0.12870709E+001  0.18877734E+001  0.26316347E+001  0.40996981E+001  0.58394385E+001
  0.30295888E+000  0.31844109E+000  0.46007078E+000  0.62776829E+000  0.80312723E+000  0.91034055E+000  0.12870709E+001  0.18877734E+001  0.26316347E+001  0.40996981E+001  0.58394384E+001
  0.30295888E+000  0.31844109E+000  0.46007078E+000  0.62776829E+000  0.80312723E+000  0.91034055E+000  0.12870709E+001  0.18877734E+001  0.26316346E+001  0.40996981E+001  0.58394384E+001
  0.30295888E+000  0.31844109E+000  0.46007078E+000  0.62776829E+000  0.80312723E+000  0.91034055E+000  0.12870709E+001  0.18877734E+001  0.26316346E+001  0.40996981E+001  0.58394384E+001
  0.30295888E+000  0.31844109E+000  0.46007078E+000  0.62776829E+000  0.80312723E+000  0.91034055E+000  0.12870709E+001  0.18877733E+001  0.26316346E+001  0.40996981E+001  0.58394384E+001
  0.30295888E+000  0.31844109E+000  0.46007078E+000  0.62776829E+000  0.80312723E+000  0.91034055E+000  0.12870709E+001  0.18877733E+001  0.26316345E+001  0.40996981E+001  0.58394383E+001
  0.30295888E+000  0.31844109E+000  0.46007078E+000  0.62776829E+000  0.80312723E+000  0.91034055E+000  0.12870709E+001  0.18877733E+001  0.26316345E+001  0.40996981E+001  0.58394383E+001
  0.30295888E+000  0.31844109E+000  0.46007078E+000  0.62776829E+000  0.80312723E+000  0.91034055E+000  0.12870709E+001  0.18877733E+001  0.26316345E+001  0.40996981E+001  0.58394383E+001
  0.30295888E+000  0.31844109E+000  0.46007078E+000  0.62776829E+000  0.80312723E+000  0.91034055E+000  0.12870709E+001  0.18877733E+001  0.26316345E+001  0.40996981E+001  0.58394383E+001
  0.30295888E+000  0.31844109E+000  0.46007078E+000  0.62776829E+000  0.80312723E+000  0.91034055E+000  0.12870709E+001  0.18877733E+001  0.26316344E+001  0.40996981E+001  0.58394382E+001
  0.30295888E+000  0.31844109E+000  0.46007078E+000  0.62776829E+000  0.80312723E+000  0.91034055E+000  0.12870709E+001  0.18877732E+001  0.26316344E+001  0.40996981E+001  0.58394382E+001
  0.30295888E+000  0.31844109E+000  0.46007078E+000  0.62776829E+000  0.80312723E+000  0.91034055E+000  0.12870709E+001  0.18877732E+001  0.26316344E+001  0.40996980E+001  0.58394382E+001
  0.30295888E+000  0.31844109E+000  0.46007078E+000  0.62776829E+000  0.80312723E+000  0.91034055E+000  0.12870709E+001  0.18877732E+001  0.26316344E+001  0.40996980E+001  0.58394382E+001
  0.30295888E+000  0.31844109E+000  0.46007078E+000  0.62776829E+000  0.80312723E+000  0.91034055E+000  0.12870709E+001  0.18877732E+001  0.26316343E+001  0.40996980E+001  0.58394382E+001
  0.30295888E+000  0.31844109E+000  0.46007078E+000  0.62776829E+000  0.80312723E+000  0.91034055E+000  0.12870709E+001  0.18877732E+001  0.26316343E+001  0.40996980E+001  0.58394381E+001
  0.30295888E+000  0.31844109E+000  0.46007078E+000  0.62776829E+000  0.80312723E+000  0.91034055E+000  0.12870709E+001  0.18877732E+001  0.26316343E+001  0.40996980E+001  0.58394381E+001
  0.30295888E+000  0.31844109E+000  0.46007078E+000  0.62776829E+000  0.80312723E+000  0.91034055E+000  0.12870709E+001  0.18877732E+001  0.26316343E+001  0.40996980E+001  0.58394381E+001
  0.30295888E+000  0.31844109E+000  0.46007078E+000  0.62776829E+000  0.80312723E+000  0.91034055E+000  0.12870709E+001  0.18877731E+001  0.26316343E+001  0.40996980E+001  0.58394381E+001
  0.30295888E+000  0.31844109E+000  0.46007078E+000  0.62776829E+000  0.80312723E+000  0.91034055E+000  0.12870709E+001  0.18877731E+001  0.26316342E+001  0.40996980E+001  0.58394381E+001
  0.30295888E+000  0.31844109E+000  0.46007078E+000  0.62776829E+000  0.80312723E+000  0.91034055E+000  0.12870709E+001  0.18877731E+001  0.26316342E+001  0.40996980E+001  0.58394381E+001
  0.30295888E+000  0.31844109E+000  0.46007078E+000  0.62776829E+000  0.80312723E+000  0.91034055E+000  0.12870709E+001  0.18877731E+001  0.26316342E+001  0.40996980E+001  0.58394380E+001
  0.30295888E+000  0.31844109E+000  0.46007078E+000  0.62776829E+000  0.80312723E+000  0.91034055E+000  0.12870709E+001  0.18877731E+001  0.26316342E+001  0.40996980E+001  0.58394380E+001
  0.30295889E+000  0.31844109E+000  0.46007078E+000  0.62776829E+000  0.80312723E+000  0.91034056E+000  0.12870709E+001  0.18877731E+001  0.26316342E+001  0.40996980E+001  0.58394380E+001
