 -0.57432092E+000 -0.43190780E+000 -0.11426195E+000 -0.56729871E-002 -0.39447190E-002 -0.10642722E-002  0.10817903E-002  0.96014761E+000  0.25658122E+001  0.51504776E+001  0.73807482E+001
 -0.57427489E+000 -0.43183840E+000 -0.11417018E+000 -0.56719994E-002 -0.39410888E-002 -0.10562377E-002  0.10825837E-002  0.96023930E+000  0.25659074E+001  0.51506025E+001  0.73808565E+001
 -0.57423932E+000 -0.43178234E+000 -0.11409958E+000 -0.56716679E-002 -0.39406272E-002 -0.10555592E-002  0.10827577E-002  0.96031377E+000  0.25659862E+001  0.51507078E+001  0.73809490E+001
 -0.57421450E+000 -0.43174062E+000 -0.11404728E+000 -0.56715347E-002 -0.39407875E-002 -0.10562087E-002  0.10827680E-002  0.96037198E+000  0.25660487E+001  0.51507934E+001  0.73810254E+001
 -0.57419907E+000 -0.43171184E+000 -0.11400973E+000 -0.56714918E-002 -0.39410881E-002 -0.10570819E-002  0.10827295E-002  0.96041634E+000  0.25660965E+001  0.51508610E+001  0.73810869E+001
 -0.57419120E+000 -0.43169391E+000 -0.11398399E+000 -0.56714997E-002 -0.39414133E-002 -0.10579359E-002  0.10826758E-002  0.96044919E+000  0.25661319E+001  0.51509126E+001  0.73811350E+001
 -0.57418908E+000 -0.43168466E+000 -0.11396770E+000 -0.56715384E-002 -0.39417291E-002 -0.10587136E-002  0.10826184E-002  0.96047254E+000  0.25661568E+001  0.51509501E+001  0.73811712E+001
 -0.57419113E+000 -0.43168213E+000 -0.11395898E+000 -0.56715958E-002 -0.39420241E-002 -0.10594046E-002  0.10825614E-002  0.96048804E+000  0.25661732E+001  0.51509757E+001  0.73811971E+001
 -0.57419603E+000 -0.43168467E+000 -0.11395630E+000 -0.56716643E-002 -0.39422947E-002 -0.10600120E-002  0.10825066E-002  0.96049712E+000  0.25661826E+001  0.51509912E+001  0.73812140E+001
 -0.57420275E+000 -0.43169090E+000 -0.11395840E+000 -0.56717389E-002 -0.39425407E-002 -0.10605438E-002  0.10824548E-002  0.96050093E+000  0.25661864E+001  0.51509983E+001  0.73812232E+001
 -0.57421053E+000 -0.43169975E+000 -0.11396423E+000 -0.56718166E-002 -0.39427631E-002 -0.10610072E-002  0.10824062E-002  0.96050047E+000  0.25661857E+001  0.51509986E+001  0.73812259E+001
 -0.57421880E+000 -0.43171032E+000 -0.11397293E+000 -0.56718955E-002 -0.39429633E-002 -0.10614097E-002  0.10823609E-002  0.96049657E+000  0.25661813E+001  0.51509933E+001  0.73812232E+001
 -0.57422716E+000 -0.43172196E+000 -0.11398377E+000 -0.56719736E-002 -0.39431435E-002 -0.10617599E-002  0.10823189E-002  0.96048992E+000  0.25661740E+001  0.51509835E+001  0.73812160E+001
 -0.57423534E+000 -0.43173413E+000 -0.11399616E+000 -0.56720495E-002 -0.39433053E-002 -0.10620648E-002  0.10822798E-002  0.96048108E+000  0.25661644E+001  0.51509702E+001  0.73812052E+001
 -0.57424316E+000 -0.43174644E+000 -0.11400960E+000 -0.56721223E-002 -0.39434503E-002 -0.10623304E-002  0.10822436E-002  0.96047055E+000  0.25661530E+001  0.51509543E+001  0.73811915E+001
 -0.57425052E+000 -0.43175860E+000 -0.11402369E+000 -0.56721915E-002 -0.39435804E-002 -0.10625619E-002  0.10822100E-002  0.96045872E+000  0.25661403E+001  0.51509362E+001  0.73811756E+001
 -0.57425737E+000 -0.43177041E+000 -0.11403810E+000 -0.56722568E-002 -0.39436969E-002 -0.10627637E-002  0.10821788E-002  0.96044592E+000  0.25661265E+001  0.51509166E+001  0.73811579E+001
 -0.57426367E+000 -0.43178172E+000 -0.11405256E+000 -0.56723182E-002 -0.39438013E-002 -0.10629399E-002  0.10821499E-002  0.96043242E+000  0.25661120E+001  0.51508959E+001  0.73811390E+001
 -0.57426943E+000 -0.43179243E+000 -0.11406686E+000 -0.56723756E-002 -0.39438950E-002 -0.10630940E-002  0.10821230E-002  0.96041844E+000  0.25660970E+001  0.51508744E+001  0.73811192E+001
 -0.57427468E+000 -0.43180250E+000 -0.11408083E+000 -0.56724291E-002 -0.39439790E-002 -0.10632288E-002  0.10820980E-002  0.96040418E+000  0.25660817E+001  0.51508525E+001  0.73810988E+001
 -0.57427943E+000 -0.43181188E+000 -0.11409434E+000 -0.56724789E-002 -0.39440544E-002 -0.10633469E-002  0.10820746E-002  0.96038979E+000  0.25660663E+001  0.51508304E+001  0.73810781E+001
 -0.57428371E+000 -0.43182059E+000 -0.11410731E+000 -0.56725249E-002 -0.39441220E-002 -0.10634506E-002  0.10820529E-002  0.96037539E+000  0.25660509E+001  0.51508083E+001  0.73810573E+001
 -0.57428757E+000 -0.43182862E+000 -0.11411965E+000 -0.56725675E-002 -0.39441828E-002 -0.10635416E-002  0.10820326E-002  0.96036110E+000  0.25660356E+001  0.51507864E+001  0.73810366E+001
 -0.57429104E+000 -0.43183601E+000 -0.11413132E+000 -0.56726067E-002 -0.39442374E-002 -0.10636217E-002  0.10820137E-002  0.96034700E+000  0.25660205E+001  0.51507648E+001  0.73810162E+001
 -0.57429415E+000 -0.43184277E+000 -0.11414231E+000 -0.56726428E-002 -0.39442864E-002 -0.10636923E-002  0.10819959E-002  0.96033317E+000  0.25660057E+001  0.51507436E+001  0.73809962E+001
 -0.57429693E+000 -0.43184894E+000 -0.11415259E+000 -0.56726759E-002 -0.39443304E-002 -0.10637546E-002  0.10819794E-002  0.96031966E+000  0.25659912E+001  0.51507230E+001  0.73809766E+001
 -0.57429943E+000 -0.43185457E+000 -0.11416217E+000 -0.56727062E-002 -0.39443700E-002 -0.10638097E-002  0.10819638E-002  0.96030653E+000  0.25659772E+001  0.51507030E+001  0.73809576E+001
 -0.57430165E+000 -0.43185968E+000 -0.11417106E+000 -0.56727339E-002 -0.39444056E-002 -0.10638584E-002  0.10819493E-002  0.96029383E+000  0.25659636E+001  0.51506837E+001  0.73809393E+001
 -0.57430364E+000 -0.43186432E+000 -0.11417928E+000 -0.56727591E-002 -0.39444375E-002 -0.10639015E-002  0.10819357E-002  0.96028158E+000  0.25659505E+001  0.51506651E+001  0.73809217E+001
 -0.57430541E+000 -0.43186852E+000 -0.11418686E+000 -0.56727820E-002 -0.39444662E-002 -0.10639398E-002  0.10819230E-002  0.96026982E+000  0.25659380E+001  0.51506473E+001  0.73809048E+001
 -0.57430699E+000 -0.43187232E+000 -0.11419382E+000 -0.56728028E-002 -0.39444919E-002 -0.10639738E-002  0.10819111E-002  0.96025857E+000  0.25659260E+001  0.51506303E+001  0.73808888E+001
 -0.57430840E+000 -0.43187575E+000 -0.11420020E+000 -0.56728217E-002 -0.39445150E-002 -0.10640040E-002  0.10819000E-002  0.96024785E+000  0.25659146E+001  0.51506142E+001  0.73808736E+001
 -0.57430966E+000 -0.43187884E+000 -0.11420603E+000 -0.56728387E-002 -0.39445357E-002 -0.10640308E-002  0.10818896E-002  0.96023768E+000  0.25659037E+001  0.51505989E+001  0.73808592E+001
 -0.57431077E+000 -0.43188164E+000 -0.11421135E+000 -0.56728540E-002 -0.39445543E-002 -0.10640547E-002  0.10818800E-002  0.96022807E+000  0.25658935E+001  0.51505846E+001  0.73808457E+001
 -0.57431177E+000 -0.43188415E+000 -0.11421619E+000 -0.56728679E-002 -0.39445709E-002 -0.10640759E-002  0.10818711E-002  0.96021903E+000  0.25658839E+001  0.51505711E+001  0.73808331E+001
 -0.57431266E+000 -0.43188642E+000 -0.11422059E+000 -0.56728803E-002 -0.39445858E-002 -0.10640949E-002  0.10818628E-002  0.96021055E+000  0.25658749E+001  0.51505586E+001  0.73808213E+001
 -0.57431344E+000 -0.43188846E+000 -0.11422459E+000 -0.56728915E-002 -0.39445991E-002 -0.10641117E-002  0.10818551E-002  0.96020264E+000  0.25658666E+001  0.51505470E+001  0.73808104E+001
 -0.57431415E+000 -0.43189029E+000 -0.11422820E+000 -0.56729015E-002 -0.39446110E-002 -0.10641267E-002  0.10818480E-002  0.96019530E+000  0.25658588E+001  0.51505362E+001  0.73808004E+001
 -0.57431477E+000 -0.43189194E+000 -0.11423148E+000 -0.56729105E-002 -0.39446216E-002 -0.10641399E-002  0.10818415E-002  0.96018852E+000  0.25658517E+001  0.51505263E+001  0.73807913E+001
 -0.57431533E+000 -0.43189341E+000 -0.11423443E+000 -0.56729185E-002 -0.39446310E-002 -0.10641517E-002  0.10818356E-002  0.96018229E+000  0.25658451E+001  0.51505173E+001  0.73807829E+001
 -0.57431582E+000 -0.43189474E+000 -0.11423710E+000 -0.56729257E-002 -0.39446394E-002 -0.10641622E-002  0.10818302E-002  0.96017660E+000  0.25658392E+001  0.51505092E+001  0.73807754E+001
 -0.57431626E+000 -0.43189593E+000 -0.11423951E+000 -0.56729320E-002 -0.39446468E-002 -0.10641714E-002  0.10818253E-002  0.96017143E+000  0.25658338E+001  0.51505018E+001  0.73807686E+001
 -0.57431664E+000 -0.43189700E+000 -0.11424167E+000 -0.56729377E-002 -0.39446534E-002 -0.10641794E-002  0.10818209E-002  0.96016676E+000  0.25658289E+001  0.51504952E+001  0.73807625E+001
 -0.57431699E+000 -0.43189795E+000 -0.11424361E+000 -0.56729427E-002 -0.39446592E-002 -0.10641865E-002  0.10818170E-002  0.96016257E+000  0.25658245E+001  0.51504893E+001  0.73807572E+001
 -0.57431729E+000 -0.43189880E+000 -0.11424536E+000 -0.56729472E-002 -0.39446642E-002 -0.10641926E-002  0.10818135E-002  0.96015884E+000  0.25658207E+001  0.51504842E+001  0.73807524E+001
 -0.57431756E+000 -0.43189956E+000 -0.11424692E+000 -0.56729511E-002 -0.39446687E-002 -0.10641979E-002  0.10818103E-002  0.96015555E+000  0.25658173E+001  0.51504796E+001  0.73807483E+001
 -0.57431779E+000 -0.43190024E+000 -0.11424831E+000 -0.56729546E-002 -0.39446725E-002 -0.10642025E-002  0.10818076E-002  0.96015266E+000  0.25658143E+001  0.51504757E+001  0.73807448E+001
 -0.57431800E+000 -0.43190084E+000 -0.11424955E+000 -0.56729576E-002 -0.39446759E-002 -0.10642063E-002  0.10818053E-002  0.96015015E+000  0.25658117E+001  0.51504724E+001  0.73807417E+001
 -0.57431818E+000 -0.43190138E+000 -0.11425066E+000 -0.56729603E-002 -0.39446788E-002 -0.10642095E-002  0.10818032E-002  0.96014798E+000  0.25658095E+001  0.51504695E+001  0.73807392E+001
 -0.57431834E+000 -0.43190185E+000 -0.11425164E+000 -0.56729626E-002 -0.39446812E-002 -0.10642122E-002  0.10818015E-002  0.96014614E+000  0.25658077E+001  0.51504671E+001  0.73807370E+001
 -0.57431848E+000 -0.43190227E+000 -0.11425251E+000 -0.56729646E-002 -0.39446833E-002 -0.10642144E-002  0.10818000E-002  0.96014458E+000  0.25658061E+001  0.51504651E+001  0.73807352E+001
 -0.57431860E+000 -0.43190264E+000 -0.11425329E+000 -0.56729664E-002 -0.39446851E-002 -0.10642163E-002  0.10817987E-002  0.96014329E+000  0.25658048E+001  0.51504634E+001  0.73807338E+001
 -0.57431871E+000 -0.43190297E+000 -0.11425397E+000 -0.56729679E-002 -0.39446866E-002 -0.10642177E-002  0.10817977E-002  0.96014222E+000  0.25658037E+001  0.51504621E+001  0.73807326E+001
 -0.57431881E+000 -0.43190326E+000 -0.11425457E+000 -0.56729692E-002 -0.39446879E-002 -0.10642189E-002  0.10817969E-002  0.96014135E+000  0.25658029E+001  0.51504611E+001  0.73807317E+001
 -0.57431889E+000 -0.43190351E+000 -0.11425510E+000 -0.56729704E-002 -0.39446890E-002 -0.10642199E-002  0.10817962E-002  0.96014066E+000  0.25658022E+001  0.51504603E+001  0.73807311E+001
 -0.57431897E+000 -0.43190374E+000 -0.11425557E+000 -0.56729713E-002 -0.39446899E-002 -0.10642207E-002  0.10817956E-002  0.96014012E+000  0.25658017E+001  0.51504597E+001  0.73807306E+001
 -0.57431903E+000 -0.43190394E+000 -0.11425599E+000 -0.56729722E-002 -0.39446907E-002 -0.10642214E-002  0.10817952E-002  0.96013970E+000  0.25658013E+001  0.51504593E+001  0.73807303E+001
 -0.57431909E+000 -0.43190413E+000 -0.11425636E+000 -0.56729730E-002 -0.39446914E-002 -0.10642221E-002  0.10817949E-002  0.96013939E+000  0.25658010E+001  0.51504590E+001  0.73807300E+001
 -0.57431915E+000 -0.43190429E+000 -0.11425669E+000 -0.56729737E-002 -0.39446920E-002 -0.10642226E-002  0.10817946E-002  0.96013917E+000  0.25658009E+001  0.51504589E+001  0.73807300E+001
 -0.57431920E+000 -0.43190444E+000 -0.11425698E+000 -0.56729743E-002 -0.39446926E-002 -0.10642231E-002  0.10817944E-002  0.96013902E+000  0.25658007E+001  0.51504588E+001  0.73807299E+001
 -0.57431925E+000 -0.43190457E+000 -0.11425725E+000 -0.56729748E-002 -0.39446932E-002 -0.10642237E-002  0.10817943E-002  0.96013893E+000  0.25658007E+001  0.51504589E+001  0.73807300E+001
 -0.57431929E+000 -0.43190470E+000 -0.11425748E+000 -0.56729753E-002 -0.39446937E-002 -0.10642242E-002  0.10817942E-002  0.96013889E+000  0.25658007E+001  0.51504589E+001  0.73807301E+001
 -0.57431933E+000 -0.43190481E+000 -0.11425770E+000 -0.56729758E-002 -0.39446942E-002 -0.10642247E-002  0.10817941E-002  0.96013888E+000  0.25658007E+001  0.51504591E+001  0.73807303E+001
 -0.57431937E+000 -0.43190492E+000 -0.11425789E+000 -0.56729762E-002 -0.39446946E-002 -0.10642253E-002  0.10817940E-002  0.96013890E+000  0.25658008E+001  0.51504592E+001  0.73807304E+001
 -0.57431941E+000 -0.43190502E+000 -0.11425807E+000 -0.56729766E-002 -0.39446951E-002 -0.10642259E-002  0.10817940E-002  0.96013894E+000  0.25658009E+001  0.51504594E+001  0.73807306E+001
 -0.57431945E+000 -0.43190511E+000 -0.11425823E+000 -0.56729769E-002 -0.39446956E-002 -0.10642266E-002  0.10817940E-002  0.96013899E+000  0.25658010E+001  0.51504596E+001  0.73807308E+001
 -0.57431949E+000 -0.43190519E+000 -0.11425838E+000 -0.56729773E-002 -0.39446960E-002 -0.10642272E-002  0.10817940E-002  0.96013906E+000  0.25658011E+001  0.51504598E+001  0.73807311E+001
 -0.57431952E+000 -0.43190528E+000 -0.11425852E+000 -0.56729776E-002 -0.39446965E-002 -0.10642279E-002  0.10817939E-002  0.96013914E+000  0.25658012E+001  0.51504601E+001  0.73807313E+001
 -0.57431956E+000 -0.43190535E+000 -0.11425865E+000 -0.56729779E-002 -0.39446970E-002 -0.10642286E-002  0.10817939E-002  0.96013922E+000  0.25658013E+001  0.51504603E+001  0.73807315E+001
 -0.57431959E+000 -0.43190543E+000 -0.11425877E+000 -0.56729782E-002 -0.39446974E-002 -0.10642294E-002  0.10817939E-002  0.96013930E+000  0.25658014E+001  0.51504605E+001  0.73807318E+001
 -0.57431962E+000 -0.43190550E+000 -0.11425888E+000 -0.56729785E-002 -0.39446979E-002 -0.10642302E-002  0.10817939E-002  0.96013939E+000  0.25658015E+001  0.51504607E+001  0.73807320E+001
 -0.57431966E+000 -0.43190557E+000 -0.11425899E+000 -0.56729788E-002 -0.39446984E-002 -0.10642310E-002  0.10817939E-002  0.96013948E+000  0.25658017E+001  0.51504610E+001  0.73807322E+001
 -0.57431969E+000 -0.43190563E+000 -0.11425909E+000 -0.56729791E-002 -0.39446988E-002 -0.10642318E-002  0.10817939E-002  0.96013958E+000  0.25658018E+001  0.51504612E+001  0.73807324E+001
 -0.57431972E+000 -0.43190569E+000 -0.11425918E+000 -0.56729793E-002 -0.39446993E-002 -0.10642326E-002  0.10817939E-002  0.96013967E+000  0.25658019E+001  0.51504614E+001  0.73807327E+001
 -0.57431975E+000 -0.43190575E+000 -0.11425927E+000 -0.56729796E-002 -0.39446998E-002 -0.10642335E-002  0.10817938E-002  0.96013976E+000  0.25658021E+001  0.51504617E+001  0.73807329E+001
 -0.57431978E+000 -0.43190581E+000 -0.11425936E+000 -0.56729798E-002 -0.39447003E-002 -0.10642344E-002  0.10817938E-002  0.96013986E+000  0.25658022E+001  0.51504619E+001  0.73807331E+001
 -0.57431981E+000 -0.43190587E+000 -0.11425944E+000 -0.56729800E-002 -0.39447007E-002 -0.10642352E-002  0.10817938E-002  0.96013996E+000  0.25658023E+001  0.51504621E+001  0.73807333E+001
 -0.57431984E+000 -0.43190592E+000 -0.11425952E+000 -0.56729802E-002 -0.39447012E-002 -0.10642361E-002  0.10817938E-002  0.96014006E+000  0.25658025E+001  0.51504623E+001  0.73807336E+001
 -0.57431987E+000 -0.43190597E+000 -0.11425959E+000 -0.56729804E-002 -0.39447017E-002 -0.10642370E-002  0.10817938E-002  0.96014016E+000  0.25658026E+001  0.51504626E+001  0.73807338E+001
 -0.57431989E+000 -0.43190602E+000 -0.11425966E+000 -0.56729807E-002 -0.39447021E-002 -0.10642379E-002  0.10817938E-002  0.96014026E+000  0.25658027E+001  0.51504628E+001  0.73807340E+001
 -0.57431992E+000 -0.43190607E+000 -0.11425973E+000 -0.56729809E-002 -0.39447026E-002 -0.10642387E-002  0.10817938E-002  0.96014036E+000  0.25658029E+001  0.51504630E+001  0.73807342E+001
 -0.57431995E+000 -0.43190612E+000 -0.11425979E+000 -0.56729810E-002 -0.39447030E-002 -0.10642396E-002  0.10817938E-002  0.96014046E+000  0.25658030E+001  0.51504632E+001  0.73807344E+001
 -0.57431997E+000 -0.43190617E+000 -0.11425985E+000 -0.56729812E-002 -0.39447034E-002 -0.10642404E-002  0.10817937E-002  0.96014057E+000  0.25658031E+001  0.51504635E+001  0.73807346E+001
 -0.57432000E+000 -0.43190621E+000 -0.11425991E+000 -0.56729814E-002 -0.39447039E-002 -0.10642413E-002  0.10817937E-002  0.96014068E+000  0.25658033E+001  0.51504637E+001  0.73807349E+001
 -0.57432002E+000 -0.43190625E+000 -0.11425997E+000 -0.56729816E-002 -0.39447043E-002 -0.10642421E-002  0.10817937E-002  0.96014079E+000  0.25658034E+001  0.51504639E+001  0.73807351E+001
 -0.57432004E+000 -0.43190630E+000 -0.11426002E+000 -0.56729817E-002 -0.39447047E-002 -0.10642429E-002  0.10817937E-002  0.96014090E+000  0.25658035E+001  0.51504642E+001  0.73807353E+001
 -0.57432007E+000 -0.43190634E+000 -0.11426008E+000 -0.56729819E-002 -0.39447051E-002 -0.10642438E-002  0.10817937E-002  0.96014101E+000  0.25658037E+001  0.51504644E+001  0.73807355E+001
 -0.57432009E+000 -0.43190638E+000 -0.11426013E+000 -0.56729820E-002 -0.39447055E-002 -0.10642446E-002  0.10817937E-002  0.96014112E+000  0.25658038E+001  0.51504646E+001  0.73807358E+001
 -0.57432011E+000 -0.43190641E+000 -0.11426018E+000 -0.56729822E-002 -0.39447059E-002 -0.10642453E-002  0.10817937E-002  0.96014123E+000  0.25658040E+001  0.51504649E+001  0.73807360E+001
 -0.57432013E+000 -0.43190645E+000 -0.11426022E+000 -0.56729823E-002 -0.39447063E-002 -0.10642461E-002  0.10817937E-002  0.96014135E+000  0.25658041E+001  0.51504651E+001  0.73807362E+001
 -0.57432016E+000 -0.43190649E+000 -0.11426027E+000 -0.56729825E-002 -0.39447066E-002 -0.10642469E-002  0.10817937E-002  0.96014147E+000  0.25658043E+001  0.51504653E+001  0.73807365E+001
 -0.57432018E+000 -0.43190652E+000 -0.11426032E+000 -0.56729826E-002 -0.39447070E-002 -0.10642476E-002  0.10817937E-002  0.96014158E+000  0.25658044E+001  0.51504656E+001  0.73807367E+001
 -0.57432020E+000 -0.43190656E+000 -0.11426036E+000 -0.56729827E-002 -0.39447073E-002 -0.10642483E-002  0.10817937E-002  0.96014170E+000  0.25658046E+001  0.51504658E+001  0.73807369E+001
 -0.57432022E+000 -0.43190659E+000 -0.11426040E+000 -0.56729829E-002 -0.39447077E-002 -0.10642490E-002  0.10817937E-002  0.96014182E+000  0.25658047E+001  0.51504661E+001  0.73807372E+001
 -0.57432024E+000 -0.43190663E+000 -0.11426044E+000 -0.56729830E-002 -0.39447080E-002 -0.10642497E-002  0.10817937E-002  0.96014194E+000  0.25658049E+001  0.51504663E+001  0.73807374E+001
 -0.57432026E+000 -0.43190666E+000 -0.11426048E+000 -0.56729831E-002 -0.39447084E-002 -0.10642504E-002  0.10817937E-002  0.96014206E+000  0.25658050E+001  0.51504666E+001  0.73807377E+001
 -0.57432027E+000 -0.43190669E+000 -0.11426052E+000 -0.56729832E-002 -0.39447087E-002 -0.10642511E-002  0.10817937E-002  0.96014218E+000  0.25658052E+001  0.51504668E+001  0.73807379E+001
 -0.57432029E+000 -0.43190672E+000 -0.11426056E+000 -0.56729833E-002 -0.39447090E-002 -0.10642517E-002  0.10817937E-002  0.96014230E+000  0.25658053E+001  0.51504670E+001  0.73807381E+001
 -0.57432031E+000 -0.43190675E+000 -0.11426060E+000 -0.56729834E-002 -0.39447093E-002 -0.10642524E-002  0.10817937E-002  0.96014242E+000  0.25658055E+001  0.51504673E+001  0.73807384E+001
 -0.57432033E+000 -0.43190678E+000 -0.11426064E+000 -0.56729835E-002 -0.39447096E-002 -0.10642530E-002  0.10817937E-002  0.96014254E+000  0.25658057E+001  0.51504675E+001  0.73807386E+001
 -0.57432035E+000 -0.43190681E+000 -0.11426067E+000 -0.56729836E-002 -0.39447099E-002 -0.10642536E-002  0.10817937E-002  0.96014266E+000  0.25658058E+001  0.51504678E+001  0.73807388E+001
 -0.57432036E+000 -0.43190684E+000 -0.11426071E+000 -0.56729837E-002 -0.39447102E-002 -0.10642542E-002  0.10817937E-002  0.96014278E+000  0.25658060E+001  0.51504680E+001  0.73807391E+001
 -0.57432038E+000 -0.43190687E+000 -0.11426074E+000 -0.56729838E-002 -0.39447104E-002 -0.10642548E-002  0.10817936E-002  0.96014290E+000  0.25658061E+001  0.51504683E+001  0.73807393E+001
 -0.57432040E+000 -0.43190690E+000 -0.11426078E+000 -0.56729839E-002 -0.39447107E-002 -0.10642553E-002  0.10817936E-002  0.96014302E+000  0.25658063E+001  0.51504685E+001  0.73807396E+001
 -0.57432041E+000 -0.43190692E+000 -0.11426081E+000 -0.56729840E-002 -0.39447110E-002 -0.10642559E-002  0.10817936E-002  0.96014313E+000  0.25658064E+001  0.51504687E+001  0.73807398E+001
 -0.57432043E+000 -0.43190695E+000 -0.11426084E+000 -0.56729841E-002 -0.39447112E-002 -0.10642564E-002  0.10817936E-002  0.96014325E+000  0.25658066E+001  0.51504690E+001  0.73807400E+001
 -0.57432045E+000 -0.43190698E+000 -0.11426087E+000 -0.56729842E-002 -0.39447115E-002 -0.10642570E-002  0.10817936E-002  0.96014337E+000  0.25658067E+001  0.51504692E+001  0.73807402E+001
 -0.57432046E+000 -0.43190700E+000 -0.11426091E+000 -0.56729843E-002 -0.39447117E-002 -0.10642575E-002  0.10817936E-002  0.96014348E+000  0.25658069E+001  0.51504694E+001  0.73807405E+001
 -0.57432048E+000 -0.43190703E+000 -0.11426094E+000 -0.56729844E-002 -0.39447120E-002 -0.10642580E-002  0.10817936E-002  0.96014359E+000  0.25658070E+001  0.51504697E+001  0.73807407E+001
 -0.57432049E+000 -0.43190705E+000 -0.11426097E+000 -0.56729845E-002 -0.39447122E-002 -0.10642585E-002  0.10817935E-002  0.96014371E+000  0.25658072E+001  0.51504699E+001  0.73807409E+001
 -0.57432051E+000 -0.43190708E+000 -0.11426100E+000 -0.56729845E-002 -0.39447125E-002 -0.10642589E-002  0.10817935E-002  0.96014382E+000  0.25658073E+001  0.51504701E+001  0.73807411E+001
 -0.57432052E+000 -0.43190710E+000 -0.11426103E+000 -0.56729846E-002 -0.39447127E-002 -0.10642594E-002  0.10817935E-002  0.96014393E+000  0.25658074E+001  0.51504704E+001  0.73807413E+001
 -0.57432053E+000 -0.43190712E+000 -0.11426106E+000 -0.56729847E-002 -0.39447129E-002 -0.10642599E-002  0.10817935E-002  0.96014403E+000  0.25658076E+001  0.51504706E+001  0.73807415E+001
 -0.57432055E+000 -0.43190715E+000 -0.11426108E+000 -0.56729848E-002 -0.39447131E-002 -0.10642603E-002  0.10817935E-002  0.96014414E+000  0.25658077E+001  0.51504708E+001  0.73807417E+001
 -0.57432056E+000 -0.43190717E+000 -0.11426111E+000 -0.56729848E-002 -0.39447133E-002 -0.10642607E-002  0.10817934E-002  0.96014425E+000  0.25658078E+001  0.51504710E+001  0.73807419E+001
 -0.57432057E+000 -0.43190719E+000 -0.11426114E+000 -0.56729849E-002 -0.39447135E-002 -0.10642612E-002  0.10817934E-002  0.96014435E+000  0.25658080E+001  0.51504712E+001  0.73807421E+001
 -0.57432059E+000 -0.43190721E+000 -0.11426117E+000 -0.56729850E-002 -0.39447137E-002 -0.10642616E-002  0.10817934E-002  0.96014445E+000  0.25658081E+001  0.51504714E+001  0.73807423E+001
 -0.57432060E+000 -0.43190723E+000 -0.11426119E+000 -0.56729851E-002 -0.39447139E-002 -0.10642620E-002  0.10817933E-002  0.96014455E+000  0.25658082E+001  0.51504716E+001  0.73807425E+001
 -0.57432061E+000 -0.43190725E+000 -0.11426122E+000 -0.56729851E-002 -0.39447141E-002 -0.10642623E-002  0.10817933E-002  0.96014465E+000  0.25658084E+001  0.51504718E+001  0.73807427E+001
 -0.57432062E+000 -0.43190727E+000 -0.11426124E+000 -0.56729852E-002 -0.39447143E-002 -0.10642627E-002  0.10817933E-002  0.96014474E+000  0.25658085E+001  0.51504720E+001  0.73807429E+001
 -0.57432063E+000 -0.43190729E+000 -0.11426127E+000 -0.56729853E-002 -0.39447145E-002 -0.10642631E-002  0.10817932E-002  0.96014484E+000  0.25658086E+001  0.51504722E+001  0.73807431E+001
 -0.57432064E+000 -0.43190731E+000 -0.11426129E+000 -0.56729853E-002 -0.39447146E-002 -0.10642634E-002  0.10817932E-002  0.96014493E+000  0.25658087E+001  0.51504724E+001  0.73807433E+001
 -0.57432065E+000 -0.43190733E+000 -0.11426131E+000 -0.56729854E-002 -0.39447148E-002 -0.10642638E-002  0.10817932E-002  0.96014502E+000  0.25658088E+001  0.51504726E+001  0.73807434E+001
 -0.57432067E+000 -0.43190735E+000 -0.11426134E+000 -0.56729855E-002 -0.39447150E-002 -0.10642641E-002  0.10817931E-002  0.96014511E+000  0.25658090E+001  0.51504727E+001  0.73807436E+001
 -0.57432068E+000 -0.43190736E+000 -0.11426136E+000 -0.56729855E-002 -0.39447151E-002 -0.10642644E-002  0.10817931E-002  0.96014519E+000  0.25658091E+001  0.51504729E+001  0.73807438E+001
 -0.57432069E+000 -0.43190738E+000 -0.11426138E+000 -0.56729856E-002 -0.39447153E-002 -0.10642647E-002  0.10817930E-002  0.96014528E+000  0.25658092E+001  0.51504731E+001  0.73807439E+001
 -0.57432069E+000 -0.43190740E+000 -0.11426140E+000 -0.56729856E-002 -0.39447154E-002 -0.10642650E-002  0.10817930E-002  0.96014536E+000  0.25658093E+001  0.51504732E+001  0.73807441E+001
 -0.57432070E+000 -0.43190741E+000 -0.11426142E+000 -0.56729857E-002 -0.39447156E-002 -0.10642653E-002  0.10817930E-002  0.96014544E+000  0.25658094E+001  0.51504734E+001  0.73807442E+001
 -0.57432071E+000 -0.43190743E+000 -0.11426144E+000 -0.56729857E-002 -0.39447157E-002 -0.10642656E-002  0.10817929E-002  0.96014552E+000  0.25658095E+001  0.51504736E+001  0.73807444E+001
 -0.57432072E+000 -0.43190744E+000 -0.11426146E+000 -0.56729858E-002 -0.39447158E-002 -0.10642659E-002  0.10817929E-002  0.96014559E+000  0.25658096E+001  0.51504737E+001  0.73807445E+001
 -0.57432073E+000 -0.43190746E+000 -0.11426148E+000 -0.56729858E-002 -0.39447160E-002 -0.10642661E-002  0.10817928E-002  0.96014567E+000  0.25658097E+001  0.51504739E+001  0.73807447E+001
 -0.57432074E+000 -0.43190747E+000 -0.11426150E+000 -0.56729859E-002 -0.39447161E-002 -0.10642664E-002  0.10817928E-002  0.96014574E+000  0.25658098E+001  0.51504740E+001  0.73807448E+001
 -0.57432075E+000 -0.43190749E+000 -0.11426151E+000 -0.56729859E-002 -0.39447162E-002 -0.10642666E-002  0.10817927E-002  0.96014581E+000  0.25658099E+001  0.51504741E+001  0.73807449E+001
 -0.57432075E+000 -0.43190750E+000 -0.11426153E+000 -0.56729860E-002 -0.39447163E-002 -0.10642669E-002  0.10817927E-002  0.96014588E+000  0.25658100E+001  0.51504743E+001  0.73807451E+001
 -0.57432076E+000 -0.43190751E+000 -0.11426155E+000 -0.56729860E-002 -0.39447164E-002 -0.10642671E-002  0.10817926E-002  0.96014594E+000  0.25658100E+001  0.51504744E+001  0.73807452E+001
 -0.57432077E+000 -0.43190752E+000 -0.11426156E+000 -0.56729861E-002 -0.39447165E-002 -0.10642673E-002  0.10817926E-002  0.96014601E+000  0.25658101E+001  0.51504745E+001  0.73807453E+001
 -0.57432077E+000 -0.43190754E+000 -0.11426158E+000 -0.56729861E-002 -0.39447167E-002 -0.10642675E-002  0.10817926E-002  0.96014607E+000  0.25658102E+001  0.51504747E+001  0.73807454E+001
 -0.57432078E+000 -0.43190755E+000 -0.11426159E+000 -0.56729861E-002 -0.39447168E-002 -0.10642677E-002  0.10817925E-002  0.96014613E+000  0.25658103E+001  0.51504748E+001  0.73807455E+001
 -0.57432079E+000 -0.43190756E+000 -0.11426161E+000 -0.56729862E-002 -0.39447169E-002 -0.10642679E-002  0.10817925E-002  0.96014619E+000  0.25658104E+001  0.51504749E+001  0.73807456E+001
 -0.57432079E+000 -0.43190757E+000 -0.11426162E+000 -0.56729862E-002 -0.39447169E-002 -0.10642681E-002  0.10817924E-002  0.96014624E+000  0.25658104E+001  0.51504750E+001  0.73807457E+001
 -0.57432080E+000 -0.43190758E+000 -0.11426164E+000 -0.56729863E-002 -0.39447170E-002 -0.10642683E-002  0.10817924E-002  0.96014630E+000  0.25658105E+001  0.51504751E+001  0.73807458E+001
 -0.57432080E+000 -0.43190759E+000 -0.11426165E+000 -0.56729863E-002 -0.39447171E-002 -0.10642685E-002  0.10817923E-002  0.96014635E+000  0.25658106E+001  0.51504752E+001  0.73807459E+001
 -0.57432081E+000 -0.43190760E+000 -0.11426166E+000 -0.56729863E-002 -0.39447172E-002 -0.10642687E-002  0.10817923E-002  0.96014640E+000  0.25658106E+001  0.51504753E+001  0.73807460E+001
 -0.57432081E+000 -0.43190761E+000 -0.11426168E+000 -0.56729864E-002 -0.39447173E-002 -0.10642688E-002  0.10817922E-002  0.96014645E+000  0.25658107E+001  0.51504754E+001  0.73807461E+001
 -0.57432082E+000 -0.43190762E+000 -0.11426169E+000 -0.56729864E-002 -0.39447174E-002 -0.10642690E-002  0.10817922E-002  0.96014650E+000  0.25658108E+001  0.51504755E+001  0.73807462E+001
 -0.57432082E+000 -0.43190762E+000 -0.11426170E+000 -0.56729864E-002 -0.39447174E-002 -0.10642691E-002  0.10817921E-002  0.96014655E+000  0.25658108E+001  0.51504756E+001  0.73807463E+001
 -0.57432083E+000 -0.43190763E+000 -0.11426171E+000 -0.56729864E-002 -0.39447175E-002 -0.10642693E-002  0.10817921E-002  0.96014659E+000  0.25658109E+001  0.51504757E+001  0.73807464E+001
 -0.57432083E+000 -0.43190764E+000 -0.11426172E+000 -0.56729865E-002 -0.39447176E-002 -0.10642694E-002  0.10817920E-002  0.96014663E+000  0.25658109E+001  0.51504758E+001  0.73807465E+001
 -0.57432084E+000 -0.43190765E+000 -0.11426173E+000 -0.56729865E-002 -0.39447176E-002 -0.10642695E-002  0.10817920E-002  0.96014667E+000  0.25658110E+001  0.51504759E+001  0.73807465E+001
 -0.57432084E+000 -0.43190765E+000 -0.11426174E+000 -0.56729865E-002 -0.39447177E-002 -0.10642696E-002  0.10817919E-002  0.96014671E+000  0.25658111E+001  0.51504759E+001  0.73807466E+001
 -0.57432085E+000 -0.43190766E+000 -0.11426175E+000 -0.56729866E-002 -0.39447178E-002 -0.10642698E-002  0.10817919E-002  0.96014675E+000  0.25658111E+001  0.51504760E+001  0.73807467E+001
 -0.57432085E+000 -0.43190767E+000 -0.11426176E+000 -0.56729866E-002 -0.39447178E-002 -0.10642699E-002  0.10817919E-002  0.96014679E+000  0.25658112E+001  0.51504761E+001  0.73807468E+001
 -0.57432085E+000 -0.43190767E+000 -0.11426177E+000 -0.56729866E-002 -0.39447179E-002 -0.10642700E-002  0.10817918E-002  0.96014683E+000  0.25658112E+001  0.51504762E+001  0.73807468E+001
 -0.57432086E+000 -0.43190768E+000 -0.11426178E+000 -0.56729866E-002 -0.39447179E-002 -0.10642701E-002  0.10817918E-002  0.96014686E+000  0.25658112E+001  0.51504762E+001  0.73807469E+001
 -0.57432086E+000 -0.43190769E+000 -0.11426178E+000 -0.56729866E-002 -0.39447180E-002 -0.10642702E-002  0.10817917E-002  0.96014689E+000  0.25658113E+001  0.51504763E+001  0.73807469E+001
 -0.57432086E+000 -0.43190769E+000 -0.11426179E+000 -0.56729867E-002 -0.39447180E-002 -0.10642703E-002  0.10817917E-002  0.96014692E+000  0.25658113E+001  0.51504763E+001  0.73807470E+001
 -0.57432087E+000 -0.43190770E+000 -0.11426180E+000 -0.56729867E-002 -0.39447181E-002 -0.10642704E-002  0.10817916E-002  0.96014695E+000  0.25658114E+001  0.51504764E+001  0.73807471E+001
 -0.57432087E+000 -0.43190770E+000 -0.11426181E+000 -0.56729867E-002 -0.39447181E-002 -0.10642705E-002  0.10817916E-002  0.96014698E+000  0.25658114E+001  0.51504765E+001  0.73807471E+001
 -0.57432087E+000 -0.43190771E+000 -0.11426181E+000 -0.56729867E-002 -0.39447182E-002 -0.10642706E-002  0.10817916E-002  0.96014701E+000  0.25658114E+001  0.51504765E+001  0.73807472E+001
 -0.57432087E+000 -0.43190771E+000 -0.11426182E+000 -0.56729867E-002 -0.39447182E-002 -0.10642707E-002  0.10817915E-002  0.96014704E+000  0.25658115E+001  0.51504766E+001  0.73807472E+001
 -0.57432088E+000 -0.43190772E+000 -0.11426183E+000 -0.56729868E-002 -0.39447183E-002 -0.10642707E-002  0.10817915E-002  0.96014706E+000  0.25658115E+001  0.51504766E+001  0.73807473E+001
 -0.57432088E+000 -0.43190772E+000 -0.11426183E+000 -0.56729868E-002 -0.39447183E-002 -0.10642708E-002  0.10817915E-002  0.96014709E+000  0.25658115E+001  0.51504767E+001  0.73807473E+001
 -0.57432088E+000 -0.43190772E+000 -0.11426184E+000 -0.56729868E-002 -0.39447183E-002 -0.10642709E-002  0.10817914E-002  0.96014711E+000  0.25658116E+001  0.51504767E+001  0.73807473E+001
 -0.57432088E+000 -0.43190773E+000 -0.11426184E+000 -0.56729868E-002 -0.39447184E-002 -0.10642709E-002  0.10817914E-002  0.96014714E+000  0.25658116E+001  0.51504768E+001  0.73807474E+001
 -0.57432088E+000 -0.43190773E+000 -0.11426185E+000 -0.56729868E-002 -0.39447184E-002 -0.10642710E-002  0.10817913E-002  0.96014716E+000  0.25658116E+001  0.51504768E+001  0.73807474E+001
 -0.57432089E+000 -0.43190773E+000 -0.11426185E+000 -0.56729868E-002 -0.39447184E-002 -0.10642711E-002  0.10817913E-002  0.96014718E+000  0.25658117E+001  0.51504768E+001  0.73807475E+001
 -0.57432089E+000 -0.43190774E+000 -0.11426186E+000 -0.56729869E-002 -0.39447185E-002 -0.10642711E-002  0.10817913E-002  0.96014720E+000  0.25658117E+001  0.51504769E+001  0.73807475E+001
 -0.57432089E+000 -0.43190774E+000 -0.11426186E+000 -0.56729869E-002 -0.39447185E-002 -0.10642712E-002  0.10817912E-002  0.96014722E+000  0.25658117E+001  0.51504769E+001  0.73807475E+001
 -0.57432089E+000 -0.43190774E+000 -0.11426187E+000 -0.56729869E-002 -0.39447185E-002 -0.10642712E-002  0.10817912E-002  0.96014724E+000  0.25658117E+001  0.51504769E+001  0.73807476E+001
 -0.57432089E+000 -0.43190775E+000 -0.11426187E+000 -0.56729869E-002 -0.39447186E-002 -0.10642713E-002  0.10817912E-002  0.96014725E+000  0.25658117E+001  0.51504770E+001  0.73807476E+001
 -0.57432089E+000 -0.43190775E+000 -0.11426187E+000 -0.56729869E-002 -0.39447186E-002 -0.10642713E-002  0.10817912E-002  0.96014727E+000  0.25658118E+001  0.51504770E+001  0.73807476E+001
 -0.57432090E+000 -0.43190775E+000 -0.11426188E+000 -0.56729869E-002 -0.39447186E-002 -0.10642714E-002  0.10817911E-002  0.96014729E+000  0.25658118E+001  0.51504770E+001  0.73807476E+001
 -0.57432090E+000 -0.43190775E+000 -0.11426188E+000 -0.56729869E-002 -0.39447186E-002 -0.10642714E-002  0.10817911E-002  0.96014730E+000  0.25658118E+001  0.51504771E+001  0.73807477E+001
 -0.57432090E+000 -0.43190776E+000 -0.11426189E+000 -0.56729869E-002 -0.39447186E-002 -0.10642715E-002  0.10817911E-002  0.96014731E+000  0.25658118E+001  0.51504771E+001  0.73807477E+001
 -0.57432090E+000 -0.43190776E+000 -0.11426189E+000 -0.56729869E-002 -0.39447187E-002 -0.10642715E-002  0.10817910E-002  0.96014733E+000  0.25658118E+001  0.51504771E+001  0.73807477E+001
 -0.57432090E+000 -0.43190776E+000 -0.11426189E+000 -0.56729870E-002 -0.39447187E-002 -0.10642716E-002  0.10817910E-002  0.96014734E+000  0.25658119E+001  0.51504771E+001  0.73807477E+001
 -0.57432090E+000 -0.43190776E+000 -0.11426190E+000 -0.56729870E-002 -0.39447187E-002 -0.10642716E-002  0.10817910E-002  0.96014735E+000  0.25658119E+001  0.51504772E+001  0.73807478E+001
 -0.57432090E+000 -0.43190777E+000 -0.11426190E+000 -0.56729870E-002 -0.39447187E-002 -0.10642716E-002  0.10817910E-002  0.96014737E+000  0.25658119E+001  0.51504772E+001  0.73807478E+001
 -0.57432090E+000 -0.43190777E+000 -0.11426190E+000 -0.56729870E-002 -0.39447187E-002 -0.10642717E-002  0.10817909E-002  0.96014738E+000  0.25658119E+001  0.51504772E+001  0.73807478E+001
 -0.57432090E+000 -0.43190777E+000 -0.11426190E+000 -0.56729870E-002 -0.39447188E-002 -0.10642717E-002  0.10817909E-002  0.96014739E+000  0.25658119E+001  0.51504772E+001  0.73807478E+001
 -0.57432091E+000 -0.43190777E+000 -0.11426191E+000 -0.56729870E-002 -0.39447188E-002 -0.10642717E-002  0.10817909E-002  0.96014740E+000  0.25658119E+001  0.51504772E+001  0.73807478E+001
 -0.57432091E+000 -0.43190777E+000 -0.11426191E+000 -0.56729870E-002 -0.39447188E-002 -0.10642718E-002  0.10817909E-002  0.96014741E+000  0.25658119E+001  0.51504773E+001  0.73807478E+001
 -0.57432091E+000 -0.43190777E+000 -0.11426191E+000 -0.56729870E-002 -0.39447188E-002 -0.10642718E-002  0.10817908E-002  0.96014742E+000  0.25658120E+001  0.51504773E+001  0.73807479E+001
 -0.57432091E+000 -0.43190778E+000 -0.11426191E+000 -0.56729870E-002 -0.39447188E-002 -0.10642718E-002  0.10817908E-002  0.96014743E+000  0.25658120E+001  0.51504773E+001  0.73807479E+001
 -0.57432091E+000 -0.43190778E+000 -0.11426191E+000 -0.56729870E-002 -0.39447188E-002 -0.10642718E-002  0.10817908E-002  0.96014744E+000  0.25658120E+001  0.51504773E+001  0.73807479E+001
 -0.57432091E+000 -0.43190778E+000 -0.11426192E+000 -0.56729870E-002 -0.39447188E-002 -0.10642719E-002  0.10817908E-002  0.96014744E+000  0.25658120E+001  0.51504773E+001  0.73807479E+001
 -0.57432091E+000 -0.43190778E+000 -0.11426192E+000 -0.56729870E-002 -0.39447189E-002 -0.10642719E-002  0.10817908E-002  0.96014745E+000  0.25658120E+001  0.51504773E+001  0.73807479E+001
 -0.57432091E+000 -0.43190778E+000 -0.11426192E+000 -0.56729870E-002 -0.39447189E-002 -0.10642719E-002  0.10817908E-002  0.96014746E+000  0.25658120E+001  0.51504774E+001  0.73807479E+001
 -0.57432091E+000 -0.43190778E+000 -0.11426192E+000 -0.56729870E-002 -0.39447189E-002 -0.10642719E-002  0.10817907E-002  0.96014747E+000  0.25658120E+001  0.51504774E+001  0.73807479E+001
 -0.57432091E+000 -0.43190778E+000 -0.11426192E+000 -0.56729870E-002 -0.39447189E-002 -0.10642719E-002  0.10817907E-002  0.96014747E+000  0.25658120E+001  0.51504774E+001  0.73807480E+001
 -0.57432091E+000 -0.43190778E+000 -0.11426192E+000 -0.56729870E-002 -0.39447189E-002 -0.10642720E-002  0.10817907E-002  0.96014748E+000  0.25658120E+001  0.51504774E+001  0.73807480E+001
 -0.57432091E+000 -0.43190778E+000 -0.11426193E+000 -0.56729870E-002 -0.39447189E-002 -0.10642720E-002  0.10817907E-002  0.96014749E+000  0.25658120E+001  0.51504774E+001  0.73807480E+001
 -0.57432091E+000 -0.43190779E+000 -0.11426193E+000 -0.56729871E-002 -0.39447189E-002 -0.10642720E-002  0.10817907E-002  0.96014749E+000  0.25658120E+001  0.51504774E+001  0.73807480E+001
 -0.57432091E+000 -0.43190779E+000 -0.11426193E+000 -0.56729871E-002 -0.39447189E-002 -0.10642720E-002  0.10817907E-002  0.96014750E+000  0.25658121E+001  0.51504774E+001  0.73807480E+001
 -0.57432091E+000 -0.43190779E+000 -0.11426193E+000 -0.56729871E-002 -0.39447189E-002 -0.10642720E-002  0.10817906E-002  0.96014750E+000  0.25658121E+001  0.51504774E+001  0.73807480E+001
 -0.57432091E+000 -0.43190779E+000 -0.11426193E+000 -0.56729871E-002 -0.39447189E-002 -0.10642720E-002  0.10817906E-002  0.96014751E+000  0.25658121E+001  0.51504774E+001  0.73807480E+001
 -0.57432091E+000 -0.43190779E+000 -0.11426193E+000 -0.56729871E-002 -0.39447189E-002 -0.10642721E-002  0.10817906E-002  0.96014751E+000  0.25658121E+001  0.51504774E+001  0.73807480E+001
 -0.57432091E+000 -0.43190779E+000 -0.11426193E+000 -0.56729871E-002 -0.39447189E-002 -0.10642721E-002  0.10817906E-002  0.96014752E+000  0.25658121E+001  0.51504774E+001  0.73807480E+001
 -0.57432091E+000 -0.43190779E+000 -0.11426193E+000 -0.56729871E-002 -0.39447189E-002 -0.10642720E-002  0.10817906E-002  0.96014752E+000  0.25658121E+001  0.51504775E+001  0.73807480E+001
 -0.57432092E+000 -0.43190779E+000 -0.11426194E+000 -0.56729871E-002 -0.39447189E-002 -0.10642720E-002  0.10817906E-002  0.96014752E+000  0.25658121E+001  0.51504774E+001  0.73807480E+001
