  0.00000000E+000  0.00000000E+000  0.00000000E+000  0.00000000E+000  0.00000000E+000  0.93662127E-001  0.19283099E+001  0.12499507E+002  0.31295227E+002  0.78686205E+002  0.15900738E+003
  0.00000000E+000  0.00000000E+000  0.00000000E+000  0.00000000E+000  0.00000000E+000  0.93664177E-001  0.19283335E+001  0.12499610E+002  0.31295306E+002  0.78686413E+002  0.15900754E+003
  0.00000000E+000  0.00000000E+000  0.00000000E+000  0.00000000E+000  0.00000000E+000  0.93666023E-001  0.19283548E+001  0.12499703E+002  0.31295379E+002  0.78686602E+002  0.15900769E+003
  0.00000000E+000  0.00000000E+000  0.00000000E+000  0.00000000E+000  0.00000000E+000  0.93667646E-001  0.19283736E+001  0.12499784E+002  0.31295442E+002  0.78686768E+002  0.15900782E+003
  0.00000000E+000  0.00000000E+000  0.00000000E+000  0.00000000E+000  0.00000000E+000  0.93669059E-001  0.19283898E+001  0.12499854E+002  0.31295497E+002  0.78686912E+002  0.15900794E+003
  0.00000000E+000  0.00000000E+000  0.00000000E+000  0.00000000E+000  0.00000000E+000  0.93670280E-001  0.19284038E+001  0.12499914E+002  0.31295545E+002  0.78687036E+002  0.15900803E+003
  0.00000000E+000  0.00000000E+000  0.00000000E+000  0.00000000E+000  0.00000000E+000  0.93671332E-001  0.19284159E+001  0.12499966E+002  0.31295586E+002  0.78687143E+002  0.15900812E+003
  0.00000000E+000  0.00000000E+000  0.00000000E+000  0.00000000E+000  0.00000000E+000  0.93672232E-001  0.19284264E+001  0.12500011E+002  0.31295622E+002  0.78687235E+002  0.15900819E+003
  0.00000000E+000  0.00000000E+000  0.00000000E+000  0.00000000E+000  0.00000000E+000  0.93672999E-001  0.19284355E+001  0.12500049E+002  0.31295652E+002  0.78687314E+002  0.15900825E+003
  0.00000000E+000  0.00000000E+000  0.00000000E+000  0.00000000E+000  0.00000000E+000  0.93673650E-001  0.19284433E+001  0.12500082E+002  0.31295679E+002  0.78687382E+002  0.15900830E+003
  0.00000000E+000  0.00000000E+000  0.00000000E+000  0.00000000E+000  0.00000000E+000  0.93674200E-001  0.19284501E+001  0.12500111E+002  0.31295702E+002  0.78687441E+002  0.15900835E+003
  0.00000000E+000  0.00000000E+000  0.00000000E+000  0.00000000E+000  0.00000000E+000  0.93674660E-001  0.19284559E+001  0.12500135E+002  0.31295721E+002  0.78687492E+002  0.15900839E+003
  0.00000000E+000  0.00000000E+000  0.00000000E+000  0.00000000E+000  0.00000000E+000  0.93675042E-001  0.19284610E+001  0.12500156E+002  0.31295738E+002  0.78687536E+002  0.15900843E+003
  0.00000000E+000  0.00000000E+000  0.00000000E+000  0.00000000E+000  0.00000000E+000  0.93675356E-001  0.19284653E+001  0.12500174E+002  0.31295753E+002  0.78687575E+002  0.15900846E+003
  0.00000000E+000  0.00000000E+000  0.00000000E+000  0.00000000E+000  0.00000000E+000  0.93675612E-001  0.19284691E+001  0.12500190E+002  0.31295766E+002  0.78687608E+002  0.15900848E+003
  0.00000000E+000  0.00000000E+000  0.00000000E+000  0.00000000E+000  0.00000000E+000  0.93675815E-001  0.19284724E+001  0.12500203E+002  0.31295777E+002  0.78687637E+002  0.15900851E+003
  0.00000000E+000  0.00000000E+000  0.00000000E+000  0.00000000E+000  0.00000000E+000  0.93675972E-001  0.19284752E+001  0.12500215E+002  0.31295787E+002  0.78687662E+002  0.15900853E+003
  0.00000000E+000  0.00000000E+000  0.00000000E+000  0.00000000E+000  0.00000000E+000  0.93676090E-001  0.19284776E+001  0.12500225E+002  0.31295795E+002  0.78687685E+002  0.15900855E+003
  0.00000000E+000  0.00000000E+000  0.00000000E+000  0.00000000E+000  0.00000000E+000  0.93676173E-001  0.19284797E+001  0.12500234E+002  0.31295803E+002  0.78687704E+002  0.15900856E+003
  0.00000000E+000  0.00000000E+000  0.00000000E+000  0.00000000E+000  0.00000000E+000  0.93676224E-001  0.19284815E+001  0.12500241E+002  0.31295809E+002  0.78687722E+002  0.15900858E+003
  0.00000000E+000  0.00000000E+000  0.00000000E+000  0.00000000E+000  0.00000000E+000  0.93676249E-001  0.19284830E+001  0.12500248E+002  0.31295815E+002  0.78687737E+002  0.15900859E+003
  0.00000000E+000  0.00000000E+000  0.00000000E+000  0.00000000E+000  0.00000000E+000  0.93676249E-001  0.19284843E+001  0.12500253E+002  0.31295820E+002  0.78687751E+002  0.15900860E+003
  0.00000000E+000  0.00000000E+000  0.00000000E+000  0.00000000E+000  0.00000000E+000  0.93676228E-001  0.19284854E+001  0.12500258E+002  0.31295825E+002  0.78687763E+002  0.15900861E+003
  0.00000000E+000  0.00000000E+000  0.00000000E+000  0.00000000E+000  0.00000000E+000  0.93676189E-001  0.19284863E+001  0.12500262E+002  0.31295828E+002  0.78687774E+002  0.15900862E+003
  0.00000000E+000  0.00000000E+000  0.00000000E+000  0.00000000E+000  0.00000000E+000  0.93676132E-001  0.19284871E+001  0.12500265E+002  0.31295832E+002  0.78687783E+002  0.15900863E+003
  0.00000000E+000  0.00000000E+000  0.00000000E+000  0.00000000E+000  0.00000000E+000  0.93676060E-001  0.19284877E+001  0.12500268E+002  0.31295835E+002  0.78687792E+002  0.15900864E+003
  0.00000000E+000  0.00000000E+000  0.00000000E+000  0.00000000E+000  0.00000000E+000  0.93675974E-001  0.19284881E+001  0.12500271E+002  0.31295838E+002  0.78687800E+002  0.15900865E+003
  0.00000000E+000  0.00000000E+000  0.00000000E+000  0.00000000E+000  0.00000000E+000  0.93675876E-001  0.19284885E+001  0.12500273E+002  0.31295840E+002  0.78687808E+002  0.15900866E+003
  0.00000000E+000  0.00000000E+000  0.00000000E+000  0.00000000E+000  0.00000000E+000  0.93675767E-001  0.19284887E+001  0.12500274E+002  0.31295842E+002  0.78687815E+002  0.15900867E+003
  0.00000000E+000  0.00000000E+000  0.00000000E+000  0.00000000E+000  0.00000000E+000  0.93675648E-001  0.19284888E+001  0.12500276E+002  0.31295844E+002  0.78687821E+002  0.15900867E+003
  0.00000000E+000  0.00000000E+000  0.00000000E+000  0.00000000E+000  0.00000000E+000  0.93675520E-001  0.19284889E+001  0.12500277E+002  0.31295846E+002  0.78687827E+002  0.15900868E+003
  0.00000000E+000  0.00000000E+000  0.00000000E+000  0.00000000E+000  0.00000000E+000  0.93675384E-001  0.19284888E+001  0.12500277E+002  0.31295847E+002  0.78687833E+002  0.15900869E+003
  0.00000000E+000  0.00000000E+000  0.00000000E+000  0.00000000E+000  0.00000000E+000  0.93675240E-001  0.19284887E+001  0.12500278E+002  0.31295849E+002  0.78687838E+002  0.15900869E+003
  0.00000000E+000  0.00000000E+000  0.00000000E+000  0.00000000E+000  0.00000000E+000  0.93675090E-001  0.19284885E+001  0.12500278E+002  0.31295850E+002  0.78687843E+002  0.15900870E+003
  0.00000000E+000  0.00000000E+000  0.00000000E+000  0.00000000E+000  0.00000000E+000  0.93674933E-001  0.19284882E+001  0.12500278E+002  0.31295851E+002  0.78687848E+002  0.15900871E+003
  0.00000000E+000  0.00000000E+000  0.00000000E+000  0.00000000E+000  0.00000000E+000  0.93674771E-001  0.19284878E+001  0.12500278E+002  0.31295852E+002  0.78687853E+002  0.15900871E+003
  0.00000000E+000  0.00000000E+000  0.00000000E+000  0.00000000E+000  0.00000000E+000  0.93674605E-001  0.19284874E+001  0.12500277E+002  0.31295853E+002  0.78687857E+002  0.15900872E+003
  0.00000000E+000  0.00000000E+000  0.00000000E+000  0.00000000E+000  0.00000000E+000  0.93674433E-001  0.19284869E+001  0.12500277E+002  0.31295853E+002  0.78687862E+002  0.15900873E+003
  0.00000000E+000  0.00000000E+000  0.00000000E+000  0.00000000E+000  0.00000000E+000  0.93674259E-001  0.19284864E+001  0.12500276E+002  0.31295854E+002  0.78687866E+002  0.15900873E+003
  0.00000000E+000  0.00000000E+000  0.00000000E+000  0.00000000E+000  0.00000000E+000  0.93674081E-001  0.19284858E+001  0.12500275E+002  0.31295855E+002  0.78687870E+002  0.15900874E+003
  0.00000000E+000  0.00000000E+000  0.00000000E+000  0.00000000E+000  0.00000000E+000  0.93673900E-001  0.19284851E+001  0.12500274E+002  0.31295855E+002  0.78687874E+002  0.15900875E+003
  0.00000000E+000  0.00000000E+000  0.00000000E+000  0.00000000E+000  0.00000000E+000  0.93673717E-001  0.19284844E+001  0.12500273E+002  0.31295856E+002  0.78687879E+002  0.15900876E+003
  0.00000000E+000  0.00000000E+000  0.00000000E+000  0.00000000E+000  0.00000000E+000  0.93673533E-001  0.19284837E+001  0.12500272E+002  0.31295856E+002  0.78687883E+002  0.15900876E+003
  0.00000000E+000  0.00000000E+000  0.00000000E+000  0.00000000E+000  0.00000000E+000  0.93673348E-001  0.19284829E+001  0.12500270E+002  0.31295857E+002  0.78687887E+002  0.15900877E+003
  0.00000000E+000  0.00000000E+000  0.00000000E+000  0.00000000E+000  0.00000000E+000  0.93673162E-001  0.19284820E+001  0.12500269E+002  0.31295857E+002  0.78687891E+002  0.15900878E+003
  0.00000000E+000  0.00000000E+000  0.00000000E+000  0.00000000E+000  0.00000000E+000  0.93672976E-001  0.19284811E+001  0.12500267E+002  0.31295858E+002  0.78687896E+002  0.15900879E+003
  0.00000000E+000  0.00000000E+000  0.00000000E+000  0.00000000E+000  0.00000000E+000  0.93672791E-001  0.19284801E+001  0.12500265E+002  0.31295858E+002  0.78687900E+002  0.15900880E+003
  0.00000000E+000  0.00000000E+000  0.00000000E+000  0.00000000E+000  0.00000000E+000  0.93672606E-001  0.19284791E+001  0.12500263E+002  0.31295859E+002  0.78687905E+002  0.15900881E+003
  0.00000000E+000  0.00000000E+000  0.00000000E+000  0.00000000E+000  0.00000000E+000  0.93672423E-001  0.19284781E+001  0.12500261E+002  0.31295859E+002  0.78687909E+002  0.15900882E+003
  0.00000000E+000  0.00000000E+000  0.00000000E+000  0.00000000E+000  0.00000000E+000  0.93672241E-001  0.19284770E+001  0.12500259E+002  0.31295859E+002  0.78687914E+002  0.15900883E+003
  0.00000000E+000  0.00000000E+000  0.00000000E+000  0.00000000E+000  0.00000000E+000  0.93672060E-001  0.19284759E+001  0.12500257E+002  0.31295860E+002  0.78687918E+002  0.15900884E+003
  0.00000000E+000  0.00000000E+000  0.00000000E+000  0.00000000E+000  0.00000000E+000  0.93671882E-001  0.19284747E+001  0.12500254E+002  0.31295860E+002  0.78687923E+002  0.15900885E+003
  0.00000000E+000  0.00000000E+000  0.00000000E+000  0.00000000E+000  0.00000000E+000  0.93671705E-001  0.19284735E+001  0.12500252E+002  0.31295860E+002  0.78687927E+002  0.15900886E+003
  0.00000000E+000  0.00000000E+000  0.00000000E+000  0.00000000E+000  0.00000000E+000  0.93671531E-001  0.19284722E+001  0.12500249E+002  0.31295861E+002  0.78687932E+002  0.15900887E+003
  0.00000000E+000  0.00000000E+000  0.00000000E+000  0.00000000E+000  0.00000000E+000  0.93671358E-001  0.19284709E+001  0.12500246E+002  0.31295861E+002  0.78687937E+002  0.15900888E+003
  0.00000000E+000  0.00000000E+000  0.00000000E+000  0.00000000E+000  0.00000000E+000  0.93671188E-001  0.19284696E+001  0.12500244E+002  0.31295862E+002  0.78687942E+002  0.15900889E+003
  0.00000000E+000  0.00000000E+000  0.00000000E+000  0.00000000E+000  0.00000000E+000  0.93671019E-001  0.19284682E+001  0.12500241E+002  0.31295862E+002  0.78687947E+002  0.15900890E+003
  0.00000000E+000  0.00000000E+000  0.00000000E+000  0.00000000E+000  0.00000000E+000  0.93670851E-001  0.19284667E+001  0.12500237E+002  0.31295862E+002  0.78687952E+002  0.15900892E+003
  0.00000000E+000  0.00000000E+000  0.00000000E+000  0.00000000E+000  0.00000000E+000  0.93670686E-001  0.19284652E+001  0.12500234E+002  0.31295862E+002  0.78687957E+002  0.15900893E+003
  0.00000000E+000  0.00000000E+000  0.00000000E+000  0.00000000E+000  0.00000000E+000  0.93670521E-001  0.19284637E+001  0.12500231E+002  0.31295863E+002  0.78687962E+002  0.15900894E+003
  0.00000000E+000  0.00000000E+000  0.00000000E+000  0.00000000E+000  0.00000000E+000  0.93670358E-001  0.19284621E+001  0.12500227E+002  0.31295863E+002  0.78687967E+002  0.15900896E+003
  0.00000000E+000  0.00000000E+000  0.00000000E+000  0.00000000E+000  0.00000000E+000  0.93670195E-001  0.19284605E+001  0.12500223E+002  0.31295863E+002  0.78687973E+002  0.15900897E+003
  0.00000000E+000  0.00000000E+000  0.00000000E+000  0.00000000E+000  0.00000000E+000  0.93670034E-001  0.19284588E+001  0.12500219E+002  0.31295863E+002  0.78687978E+002  0.15900898E+003
  0.00000000E+000  0.00000000E+000  0.00000000E+000  0.00000000E+000  0.00000000E+000  0.93669872E-001  0.19284571E+001  0.12500215E+002  0.31295864E+002  0.78687983E+002  0.15900900E+003
  0.00000000E+000  0.00000000E+000  0.00000000E+000  0.00000000E+000  0.00000000E+000  0.93669711E-001  0.19284554E+001  0.12500211E+002  0.31295864E+002  0.78687988E+002  0.15900901E+003
  0.00000000E+000  0.00000000E+000  0.00000000E+000  0.00000000E+000  0.00000000E+000  0.93669550E-001  0.19284536E+001  0.12500206E+002  0.31295864E+002  0.78687994E+002  0.15900903E+003
  0.00000000E+000  0.00000000E+000  0.00000000E+000  0.00000000E+000  0.00000000E+000  0.93669389E-001  0.19284518E+001  0.12500201E+002  0.31295864E+002  0.78687999E+002  0.15900905E+003
  0.00000000E+000  0.00000000E+000  0.00000000E+000  0.00000000E+000  0.00000000E+000  0.93669229E-001  0.19284499E+001  0.12500197E+002  0.31295863E+002  0.78688004E+002  0.15900906E+003
  0.00000000E+000  0.00000000E+000  0.00000000E+000  0.00000000E+000  0.00000000E+000  0.93669068E-001  0.19284480E+001  0.12500191E+002  0.31295863E+002  0.78688009E+002  0.15900908E+003
  0.00000000E+000  0.00000000E+000  0.00000000E+000  0.00000000E+000  0.00000000E+000  0.93668907E-001  0.19284460E+001  0.12500186E+002  0.31295863E+002  0.78688014E+002  0.15900909E+003
  0.00000000E+000  0.00000000E+000  0.00000000E+000  0.00000000E+000  0.00000000E+000  0.93668746E-001  0.19284440E+001  0.12500181E+002  0.31295862E+002  0.78688019E+002  0.15900911E+003
  0.00000000E+000  0.00000000E+000  0.00000000E+000  0.00000000E+000  0.00000000E+000  0.93668586E-001  0.19284420E+001  0.12500175E+002  0.31295862E+002  0.78688024E+002  0.15900913E+003
  0.00000000E+000  0.00000000E+000  0.00000000E+000  0.00000000E+000  0.00000000E+000  0.93668425E-001  0.19284399E+001  0.12500169E+002  0.31295861E+002  0.78688029E+002  0.15900915E+003
  0.00000000E+000  0.00000000E+000  0.00000000E+000  0.00000000E+000  0.00000000E+000  0.93668265E-001  0.19284378E+001  0.12500163E+002  0.31295860E+002  0.78688033E+002  0.15900917E+003
  0.00000000E+000  0.00000000E+000  0.00000000E+000  0.00000000E+000  0.00000000E+000  0.93668105E-001  0.19284357E+001  0.12500157E+002  0.31295859E+002  0.78688038E+002  0.15900918E+003
  0.00000000E+000  0.00000000E+000  0.00000000E+000  0.00000000E+000  0.00000000E+000  0.93667945E-001  0.19284335E+001  0.12500151E+002  0.31295858E+002  0.78688042E+002  0.15900920E+003
  0.00000000E+000  0.00000000E+000  0.00000000E+000  0.00000000E+000  0.00000000E+000  0.93667786E-001  0.19284313E+001  0.12500144E+002  0.31295857E+002  0.78688047E+002  0.15900922E+003
  0.00000000E+000  0.00000000E+000  0.00000000E+000  0.00000000E+000  0.00000000E+000  0.93667628E-001  0.19284291E+001  0.12500137E+002  0.31295856E+002  0.78688051E+002  0.15900924E+003
  0.00000000E+000  0.00000000E+000  0.00000000E+000  0.00000000E+000  0.00000000E+000  0.93667471E-001  0.19284269E+001  0.12500130E+002  0.31295854E+002  0.78688054E+002  0.15900926E+003
  0.00000000E+000  0.00000000E+000  0.00000000E+000  0.00000000E+000  0.00000000E+000  0.93667315E-001  0.19284246E+001  0.12500123E+002  0.31295853E+002  0.78688058E+002  0.15900928E+003
  0.00000000E+000  0.00000000E+000  0.00000000E+000  0.00000000E+000  0.00000000E+000  0.93667160E-001  0.19284224E+001  0.12500116E+002  0.31295851E+002  0.78688062E+002  0.15900930E+003
  0.00000000E+000  0.00000000E+000  0.00000000E+000  0.00000000E+000  0.00000000E+000  0.93667007E-001  0.19284201E+001  0.12500108E+002  0.31295849E+002  0.78688065E+002  0.15900932E+003
  0.00000000E+000  0.00000000E+000  0.00000000E+000  0.00000000E+000  0.00000000E+000  0.93666855E-001  0.19284178E+001  0.12500101E+002  0.31295847E+002  0.78688068E+002  0.15900934E+003
  0.00000000E+000  0.00000000E+000  0.00000000E+000  0.00000000E+000  0.00000000E+000  0.93666706E-001  0.19284155E+001  0.12500093E+002  0.31295845E+002  0.78688070E+002  0.15900936E+003
  0.00000000E+000  0.00000000E+000  0.00000000E+000  0.00000000E+000  0.00000000E+000  0.93666558E-001  0.19284131E+001  0.12500085E+002  0.31295842E+002  0.78688073E+002  0.15900938E+003
  0.00000000E+000  0.00000000E+000  0.00000000E+000  0.00000000E+000  0.00000000E+000  0.93666412E-001  0.19284108E+001  0.12500077E+002  0.31295839E+002  0.78688075E+002  0.15900941E+003
  0.00000000E+000  0.00000000E+000  0.00000000E+000  0.00000000E+000  0.00000000E+000  0.93666268E-001  0.19284085E+001  0.12500069E+002  0.31295837E+002  0.78688077E+002  0.15900943E+003
  0.00000000E+000  0.00000000E+000  0.00000000E+000  0.00000000E+000  0.00000000E+000  0.93666126E-001  0.19284062E+001  0.12500061E+002  0.31295833E+002  0.78688078E+002  0.15900945E+003
  0.00000000E+000  0.00000000E+000  0.00000000E+000  0.00000000E+000  0.00000000E+000  0.93665987E-001  0.19284038E+001  0.12500052E+002  0.31295830E+002  0.78688079E+002  0.15900947E+003
  0.00000000E+000  0.00000000E+000  0.00000000E+000  0.00000000E+000  0.00000000E+000  0.93665851E-001  0.19284015E+001  0.12500043E+002  0.31295827E+002  0.78688080E+002  0.15900949E+003
  0.00000000E+000  0.00000000E+000  0.00000000E+000  0.00000000E+000  0.00000000E+000  0.93665717E-001  0.19283992E+001  0.12500035E+002  0.31295823E+002  0.78688081E+002  0.15900951E+003
  0.00000000E+000  0.00000000E+000  0.00000000E+000  0.00000000E+000  0.00000000E+000  0.93665586E-001  0.19283969E+001  0.12500026E+002  0.31295820E+002  0.78688081E+002  0.15900953E+003
  0.00000000E+000  0.00000000E+000  0.00000000E+000  0.00000000E+000  0.00000000E+000  0.93665457E-001  0.19283946E+001  0.12500017E+002  0.31295816E+002  0.78688080E+002  0.15900955E+003
  0.00000000E+000  0.00000000E+000  0.00000000E+000  0.00000000E+000  0.00000000E+000  0.93665332E-001  0.19283923E+001  0.12500008E+002  0.31295811E+002  0.78688080E+002  0.15900957E+003
  0.00000000E+000  0.00000000E+000  0.00000000E+000  0.00000000E+000  0.00000000E+000  0.93665209E-001  0.19283900E+001  0.12499999E+002  0.31295807E+002  0.78688078E+002  0.15900959E+003
  0.00000000E+000  0.00000000E+000  0.00000000E+000  0.00000000E+000  0.00000000E+000  0.93665089E-001  0.19283878E+001  0.12499990E+002  0.31295802E+002  0.78688077E+002  0.15900961E+003
  0.00000000E+000  0.00000000E+000  0.00000000E+000  0.00000000E+000  0.00000000E+000  0.93664972E-001  0.19283856E+001  0.12499981E+002  0.31295798E+002  0.78688075E+002  0.15900963E+003
  0.00000000E+000  0.00000000E+000  0.00000000E+000  0.00000000E+000  0.00000000E+000  0.93664859E-001  0.19283834E+001  0.12499972E+002  0.31295793E+002  0.78688072E+002  0.15900965E+003
  0.00000000E+000  0.00000000E+000  0.00000000E+000  0.00000000E+000  0.00000000E+000  0.93664748E-001  0.19283812E+001  0.12499963E+002  0.31295788E+002  0.78688069E+002  0.15900967E+003
  0.00000000E+000  0.00000000E+000  0.00000000E+000  0.00000000E+000  0.00000000E+000  0.93664640E-001  0.19283790E+001  0.12499954E+002  0.31295782E+002  0.78688066E+002  0.15900969E+003
  0.00000000E+000  0.00000000E+000  0.00000000E+000  0.00000000E+000  0.00000000E+000  0.93664536E-001  0.19283769E+001  0.12499944E+002  0.31295777E+002  0.78688062E+002  0.15900971E+003
  0.00000000E+000  0.00000000E+000  0.00000000E+000  0.00000000E+000  0.00000000E+000  0.93664434E-001  0.19283747E+001  0.12499935E+002  0.31295771E+002  0.78688058E+002  0.15900973E+003
  0.00000000E+000  0.00000000E+000  0.00000000E+000  0.00000000E+000  0.00000000E+000  0.93664336E-001  0.19283727E+001  0.12499926E+002  0.31295766E+002  0.78688053E+002  0.15900975E+003
  0.00000000E+000  0.00000000E+000  0.00000000E+000  0.00000000E+000  0.00000000E+000  0.93664240E-001  0.19283706E+001  0.12499917E+002  0.31295760E+002  0.78688048E+002  0.15900976E+003
  0.00000000E+000  0.00000000E+000  0.00000000E+000  0.00000000E+000  0.00000000E+000  0.93664148E-001  0.19283686E+001  0.12499907E+002  0.31295753E+002  0.78688042E+002  0.15900978E+003
  0.00000000E+000  0.00000000E+000  0.00000000E+000  0.00000000E+000  0.00000000E+000  0.93664059E-001  0.19283666E+001  0.12499898E+002  0.31295747E+002  0.78688035E+002  0.15900979E+003
  0.00000000E+000  0.00000000E+000  0.00000000E+000  0.00000000E+000  0.00000000E+000  0.93663972E-001  0.19283646E+001  0.12499889E+002  0.31295741E+002  0.78688028E+002  0.15900981E+003
  0.00000000E+000  0.00000000E+000  0.00000000E+000  0.00000000E+000  0.00000000E+000  0.93663889E-001  0.19283627E+001  0.12499880E+002  0.31295734E+002  0.78688021E+002  0.15900982E+003
  0.00000000E+000  0.00000000E+000  0.00000000E+000  0.00000000E+000  0.00000000E+000  0.93663808E-001  0.19283608E+001  0.12499871E+002  0.31295727E+002  0.78688013E+002  0.15900983E+003
  0.00000000E+000  0.00000000E+000  0.00000000E+000  0.00000000E+000  0.00000000E+000  0.93663730E-001  0.19283590E+001  0.12499862E+002  0.31295721E+002  0.78688004E+002  0.15900985E+003
  0.00000000E+000  0.00000000E+000  0.00000000E+000  0.00000000E+000  0.00000000E+000  0.93663656E-001  0.19283572E+001  0.12499853E+002  0.31295714E+002  0.78687995E+002  0.15900986E+003
  0.00000000E+000  0.00000000E+000  0.00000000E+000  0.00000000E+000  0.00000000E+000  0.93663583E-001  0.19283554E+001  0.12499844E+002  0.31295706E+002  0.78687986E+002  0.15900987E+003
  0.00000000E+000  0.00000000E+000  0.00000000E+000  0.00000000E+000  0.00000000E+000  0.93663514E-001  0.19283537E+001  0.12499835E+002  0.31295699E+002  0.78687975E+002  0.15900988E+003
  0.00000000E+000  0.00000000E+000  0.00000000E+000  0.00000000E+000  0.00000000E+000  0.93663447E-001  0.19283520E+001  0.12499827E+002  0.31295692E+002  0.78687965E+002  0.15900989E+003
  0.00000000E+000  0.00000000E+000  0.00000000E+000  0.00000000E+000  0.00000000E+000  0.93663382E-001  0.19283503E+001  0.12499818E+002  0.31295684E+002  0.78687953E+002  0.15900990E+003
  0.00000000E+000  0.00000000E+000  0.00000000E+000  0.00000000E+000  0.00000000E+000  0.93663321E-001  0.19283487E+001  0.12499809E+002  0.31295677E+002  0.78687942E+002  0.15900990E+003
  0.00000000E+000  0.00000000E+000  0.00000000E+000  0.00000000E+000  0.00000000E+000  0.93663261E-001  0.19283472E+001  0.12499801E+002  0.31295669E+002  0.78687929E+002  0.15900991E+003
  0.00000000E+000  0.00000000E+000  0.00000000E+000  0.00000000E+000  0.00000000E+000  0.93663204E-001  0.19283457E+001  0.12499793E+002  0.31295662E+002  0.78687916E+002  0.15900991E+003
  0.00000000E+000  0.00000000E+000  0.00000000E+000  0.00000000E+000  0.00000000E+000  0.93663150E-001  0.19283442E+001  0.12499784E+002  0.31295654E+002  0.78687903E+002  0.15900992E+003
  0.00000000E+000  0.00000000E+000  0.00000000E+000  0.00000000E+000  0.00000000E+000  0.93663097E-001  0.19283427E+001  0.12499776E+002  0.31295646E+002  0.78687889E+002  0.15900992E+003
  0.00000000E+000  0.00000000E+000  0.00000000E+000  0.00000000E+000  0.00000000E+000  0.93663047E-001  0.19283414E+001  0.12499768E+002  0.31295638E+002  0.78687874E+002  0.15900992E+003
  0.00000000E+000  0.00000000E+000  0.00000000E+000  0.00000000E+000  0.00000000E+000  0.93662999E-001  0.19283400E+001  0.12499761E+002  0.31295630E+002  0.78687859E+002  0.15900992E+003
  0.00000000E+000  0.00000000E+000  0.00000000E+000  0.00000000E+000  0.00000000E+000  0.93662953E-001  0.19283387E+001  0.12499753E+002  0.31295623E+002  0.78687844E+002  0.15900992E+003
  0.00000000E+000  0.00000000E+000  0.00000000E+000  0.00000000E+000  0.00000000E+000  0.93662909E-001  0.19283374E+001  0.12499745E+002  0.31295615E+002  0.78687828E+002  0.15900992E+003
  0.00000000E+000  0.00000000E+000  0.00000000E+000  0.00000000E+000  0.00000000E+000  0.93662867E-001  0.19283362E+001  0.12499738E+002  0.31295607E+002  0.78687811E+002  0.15900991E+003
  0.00000000E+000  0.00000000E+000  0.00000000E+000  0.00000000E+000  0.00000000E+000  0.93662827E-001  0.19283350E+001  0.12499731E+002  0.31295599E+002  0.78687794E+002  0.15900991E+003
  0.00000000E+000  0.00000000E+000  0.00000000E+000  0.00000000E+000  0.00000000E+000  0.93662789E-001  0.19283339E+001  0.12499723E+002  0.31295591E+002  0.78687777E+002  0.15900991E+003
  0.00000000E+000  0.00000000E+000  0.00000000E+000  0.00000000E+000  0.00000000E+000  0.93662753E-001  0.19283328E+001  0.12499716E+002  0.31295583E+002  0.78687759E+002  0.15900990E+003
  0.00000000E+000  0.00000000E+000  0.00000000E+000  0.00000000E+000  0.00000000E+000  0.93662718E-001  0.19283317E+001  0.12499709E+002  0.31295575E+002  0.78687741E+002  0.15900989E+003
  0.00000000E+000  0.00000000E+000  0.00000000E+000  0.00000000E+000  0.00000000E+000  0.93662685E-001  0.19283307E+001  0.12499703E+002  0.31295567E+002  0.78687722E+002  0.15900988E+003
  0.00000000E+000  0.00000000E+000  0.00000000E+000  0.00000000E+000  0.00000000E+000  0.93662654E-001  0.19283297E+001  0.12499696E+002  0.31295559E+002  0.78687703E+002  0.15900987E+003
  0.00000000E+000  0.00000000E+000  0.00000000E+000  0.00000000E+000  0.00000000E+000  0.93662624E-001  0.19283288E+001  0.12499690E+002  0.31295551E+002  0.78687683E+002  0.15900986E+003
  0.00000000E+000  0.00000000E+000  0.00000000E+000  0.00000000E+000  0.00000000E+000  0.93662596E-001  0.19283279E+001  0.12499683E+002  0.31295543E+002  0.78687663E+002  0.15900985E+003
  0.00000000E+000  0.00000000E+000  0.00000000E+000  0.00000000E+000  0.00000000E+000  0.93662569E-001  0.19283270E+001  0.12499677E+002  0.31295535E+002  0.78687643E+002  0.15900984E+003
  0.00000000E+000  0.00000000E+000  0.00000000E+000  0.00000000E+000  0.00000000E+000  0.93662543E-001  0.19283262E+001  0.12499671E+002  0.31295528E+002  0.78687622E+002  0.15900982E+003
  0.00000000E+000  0.00000000E+000  0.00000000E+000  0.00000000E+000  0.00000000E+000  0.93662519E-001  0.19283254E+001  0.12499665E+002  0.31295520E+002  0.78687602E+002  0.15900981E+003
  0.00000000E+000  0.00000000E+000  0.00000000E+000  0.00000000E+000  0.00000000E+000  0.93662496E-001  0.19283246E+001  0.12499660E+002  0.31295513E+002  0.78687580E+002  0.15900979E+003
  0.00000000E+000  0.00000000E+000  0.00000000E+000  0.00000000E+000  0.00000000E+000  0.93662475E-001  0.19283239E+001  0.12499654E+002  0.31295505E+002  0.78687559E+002  0.15900977E+003
  0.00000000E+000  0.00000000E+000  0.00000000E+000  0.00000000E+000  0.00000000E+000  0.93662454E-001  0.19283232E+001  0.12499649E+002  0.31295498E+002  0.78687537E+002  0.15900975E+003
  0.00000000E+000  0.00000000E+000  0.00000000E+000  0.00000000E+000  0.00000000E+000  0.93662435E-001  0.19283225E+001  0.12499644E+002  0.31295490E+002  0.78687515E+002  0.15900973E+003
  0.00000000E+000  0.00000000E+000  0.00000000E+000  0.00000000E+000  0.00000000E+000  0.93662416E-001  0.19283219E+001  0.12499639E+002  0.31295483E+002  0.78687493E+002  0.15900971E+003
  0.00000000E+000  0.00000000E+000  0.00000000E+000  0.00000000E+000  0.00000000E+000  0.93662399E-001  0.19283212E+001  0.12499634E+002  0.31295476E+002  0.78687471E+002  0.15900969E+003
  0.00000000E+000  0.00000000E+000  0.00000000E+000  0.00000000E+000  0.00000000E+000  0.93662383E-001  0.19283207E+001  0.12499629E+002  0.31295469E+002  0.78687448E+002  0.15900967E+003
  0.00000000E+000  0.00000000E+000  0.00000000E+000  0.00000000E+000  0.00000000E+000  0.93662367E-001  0.19283201E+001  0.12499624E+002  0.31295462E+002  0.78687426E+002  0.15900964E+003
  0.00000000E+000  0.00000000E+000  0.00000000E+000  0.00000000E+000  0.00000000E+000  0.93662353E-001  0.19283196E+001  0.12499620E+002  0.31295455E+002  0.78687403E+002  0.15900962E+003
  0.00000000E+000  0.00000000E+000  0.00000000E+000  0.00000000E+000  0.00000000E+000  0.93662339E-001  0.19283191E+001  0.12499615E+002  0.31295448E+002  0.78687380E+002  0.15900960E+003
  0.00000000E+000  0.00000000E+000  0.00000000E+000  0.00000000E+000  0.00000000E+000  0.93662326E-001  0.19283186E+001  0.12499611E+002  0.31295442E+002  0.78687357E+002  0.15900957E+003
  0.00000000E+000  0.00000000E+000  0.00000000E+000  0.00000000E+000  0.00000000E+000  0.93662314E-001  0.19283181E+001  0.12499607E+002  0.31295435E+002  0.78687334E+002  0.15900954E+003
  0.00000000E+000  0.00000000E+000  0.00000000E+000  0.00000000E+000  0.00000000E+000  0.93662303E-001  0.19283177E+001  0.12499603E+002  0.31295429E+002  0.78687311E+002  0.15900952E+003
  0.00000000E+000  0.00000000E+000  0.00000000E+000  0.00000000E+000  0.00000000E+000  0.93662292E-001  0.19283173E+001  0.12499599E+002  0.31295423E+002  0.78687288E+002  0.15900949E+003
  0.00000000E+000  0.00000000E+000  0.00000000E+000  0.00000000E+000  0.00000000E+000  0.93662282E-001  0.19283169E+001  0.12499595E+002  0.31295416E+002  0.78687265E+002  0.15900946E+003
  0.00000000E+000  0.00000000E+000  0.00000000E+000  0.00000000E+000  0.00000000E+000  0.93662273E-001  0.19283165E+001  0.12499592E+002  0.31295410E+002  0.78687242E+002  0.15900943E+003
  0.00000000E+000  0.00000000E+000  0.00000000E+000  0.00000000E+000  0.00000000E+000  0.93662264E-001  0.19283162E+001  0.12499588E+002  0.31295404E+002  0.78687219E+002  0.15900940E+003
  0.00000000E+000  0.00000000E+000  0.00000000E+000  0.00000000E+000  0.00000000E+000  0.93662255E-001  0.19283158E+001  0.12499585E+002  0.31295399E+002  0.78687196E+002  0.15900937E+003
  0.00000000E+000  0.00000000E+000  0.00000000E+000  0.00000000E+000  0.00000000E+000  0.93662248E-001  0.19283155E+001  0.12499582E+002  0.31295393E+002  0.78687174E+002  0.15900934E+003
  0.00000000E+000  0.00000000E+000  0.00000000E+000  0.00000000E+000  0.00000000E+000  0.93662240E-001  0.19283152E+001  0.12499578E+002  0.31295387E+002  0.78687151E+002  0.15900931E+003
  0.00000000E+000  0.00000000E+000  0.00000000E+000  0.00000000E+000  0.00000000E+000  0.93662233E-001  0.19283149E+001  0.12499575E+002  0.31295382E+002  0.78687129E+002  0.15900928E+003
  0.00000000E+000  0.00000000E+000  0.00000000E+000  0.00000000E+000  0.00000000E+000  0.93662227E-001  0.19283146E+001  0.12499573E+002  0.31295377E+002  0.78687106E+002  0.15900924E+003
  0.00000000E+000  0.00000000E+000  0.00000000E+000  0.00000000E+000  0.00000000E+000  0.93662221E-001  0.19283144E+001  0.12499570E+002  0.31295372E+002  0.78687084E+002  0.15900921E+003
  0.00000000E+000  0.00000000E+000  0.00000000E+000  0.00000000E+000  0.00000000E+000  0.93662215E-001  0.19283141E+001  0.12499567E+002  0.31295367E+002  0.78687062E+002  0.15900918E+003
  0.00000000E+000  0.00000000E+000  0.00000000E+000  0.00000000E+000  0.00000000E+000  0.93662209E-001  0.19283139E+001  0.12499564E+002  0.31295362E+002  0.78687040E+002  0.15900914E+003
  0.00000000E+000  0.00000000E+000  0.00000000E+000  0.00000000E+000  0.00000000E+000  0.93662204E-001  0.19283137E+001  0.12499562E+002  0.31295357E+002  0.78687019E+002  0.15900911E+003
  0.00000000E+000  0.00000000E+000  0.00000000E+000  0.00000000E+000  0.00000000E+000  0.93662200E-001  0.19283135E+001  0.12499560E+002  0.31295352E+002  0.78686997E+002  0.15900908E+003
  0.00000000E+000  0.00000000E+000  0.00000000E+000  0.00000000E+000  0.00000000E+000  0.93662195E-001  0.19283133E+001  0.12499557E+002  0.31295348E+002  0.78686976E+002  0.15900904E+003
  0.00000000E+000  0.00000000E+000  0.00000000E+000  0.00000000E+000  0.00000000E+000  0.93662191E-001  0.19283131E+001  0.12499555E+002  0.31295344E+002  0.78686955E+002  0.15900901E+003
  0.00000000E+000  0.00000000E+000  0.00000000E+000  0.00000000E+000  0.00000000E+000  0.93662187E-001  0.19283129E+001  0.12499553E+002  0.31295339E+002  0.78686935E+002  0.15900898E+003
  0.00000000E+000  0.00000000E+000  0.00000000E+000  0.00000000E+000  0.00000000E+000  0.93662183E-001  0.19283127E+001  0.12499551E+002  0.31295335E+002  0.78686914E+002  0.15900894E+003
  0.00000000E+000  0.00000000E+000  0.00000000E+000  0.00000000E+000  0.00000000E+000  0.93662180E-001  0.19283126E+001  0.12499549E+002  0.31295331E+002  0.78686894E+002  0.15900891E+003
  0.00000000E+000  0.00000000E+000  0.00000000E+000  0.00000000E+000  0.00000000E+000  0.93662177E-001  0.19283124E+001  0.12499547E+002  0.31295327E+002  0.78686874E+002  0.15900888E+003
  0.00000000E+000  0.00000000E+000  0.00000000E+000  0.00000000E+000  0.00000000E+000  0.93662174E-001  0.19283123E+001  0.12499545E+002  0.31295323E+002  0.78686855E+002  0.15900884E+003
  0.00000000E+000  0.00000000E+000  0.00000000E+000  0.00000000E+000  0.00000000E+000  0.93662171E-001  0.19283121E+001  0.12499543E+002  0.31295320E+002  0.78686836E+002  0.15900881E+003
  0.00000000E+000  0.00000000E+000  0.00000000E+000  0.00000000E+000  0.00000000E+000  0.93662168E-001  0.19283120E+001  0.12499542E+002  0.31295316E+002  0.78686817E+002  0.15900878E+003
  0.00000000E+000  0.00000000E+000  0.00000000E+000  0.00000000E+000  0.00000000E+000  0.93662165E-001  0.19283119E+001  0.12499540E+002  0.31295313E+002  0.78686798E+002  0.15900874E+003
  0.00000000E+000  0.00000000E+000  0.00000000E+000  0.00000000E+000  0.00000000E+000  0.93662163E-001  0.19283118E+001  0.12499539E+002  0.31295309E+002  0.78686780E+002  0.15900871E+003
  0.00000000E+000  0.00000000E+000  0.00000000E+000  0.00000000E+000  0.00000000E+000  0.93662161E-001  0.19283117E+001  0.12499537E+002  0.31295306E+002  0.78686762E+002  0.15900868E+003
  0.00000000E+000  0.00000000E+000  0.00000000E+000  0.00000000E+000  0.00000000E+000  0.93662159E-001  0.19283116E+001  0.12499536E+002  0.31295303E+002  0.78686745E+002  0.15900864E+003
  0.00000000E+000  0.00000000E+000  0.00000000E+000  0.00000000E+000  0.00000000E+000  0.93662157E-001  0.19283115E+001  0.12499534E+002  0.31295300E+002  0.78686728E+002  0.15900861E+003
  0.00000000E+000  0.00000000E+000  0.00000000E+000  0.00000000E+000  0.00000000E+000  0.93662155E-001  0.19283114E+001  0.12499533E+002  0.31295297E+002  0.78686711E+002  0.15900858E+003
  0.00000000E+000  0.00000000E+000  0.00000000E+000  0.00000000E+000  0.00000000E+000  0.93662153E-001  0.19283113E+001  0.12499532E+002  0.31295294E+002  0.78686695E+002  0.15900855E+003
  0.00000000E+000  0.00000000E+000  0.00000000E+000  0.00000000E+000  0.00000000E+000  0.93662151E-001  0.19283112E+001  0.12499531E+002  0.31295292E+002  0.78686679E+002  0.15900852E+003
  0.00000000E+000  0.00000000E+000  0.00000000E+000  0.00000000E+000  0.00000000E+000  0.93662150E-001  0.19283112E+001  0.12499530E+002  0.31295289E+002  0.78686663E+002  0.15900849E+003
  0.00000000E+000  0.00000000E+000  0.00000000E+000  0.00000000E+000  0.00000000E+000  0.93662148E-001  0.19283111E+001  0.12499528E+002  0.31295286E+002  0.78686648E+002  0.15900846E+003
  0.00000000E+000  0.00000000E+000  0.00000000E+000  0.00000000E+000  0.00000000E+000  0.93662147E-001  0.19283110E+001  0.12499527E+002  0.31295284E+002  0.78686633E+002  0.15900843E+003
  0.00000000E+000  0.00000000E+000  0.00000000E+000  0.00000000E+000  0.00000000E+000  0.93662145E-001  0.19283110E+001  0.12499526E+002  0.31295282E+002  0.78686618E+002  0.15900840E+003
  0.00000000E+000  0.00000000E+000  0.00000000E+000  0.00000000E+000  0.00000000E+000  0.93662144E-001  0.19283109E+001  0.12499525E+002  0.31295279E+002  0.78686604E+002  0.15900837E+003
  0.00000000E+000  0.00000000E+000  0.00000000E+000  0.00000000E+000  0.00000000E+000  0.93662143E-001  0.19283108E+001  0.12499525E+002  0.31295277E+002  0.78686590E+002  0.15900834E+003
  0.00000000E+000  0.00000000E+000  0.00000000E+000  0.00000000E+000  0.00000000E+000  0.93662141E-001  0.19283108E+001  0.12499524E+002  0.31295275E+002  0.78686576E+002  0.15900831E+003
  0.00000000E+000  0.00000000E+000  0.00000000E+000  0.00000000E+000  0.00000000E+000  0.93662140E-001  0.19283107E+001  0.12499523E+002  0.31295273E+002  0.78686563E+002  0.15900828E+003
  0.00000000E+000  0.00000000E+000  0.00000000E+000  0.00000000E+000  0.00000000E+000  0.93662139E-001  0.19283107E+001  0.12499522E+002  0.31295271E+002  0.78686550E+002  0.15900825E+003
  0.00000000E+000  0.00000000E+000  0.00000000E+000  0.00000000E+000  0.00000000E+000  0.93662138E-001  0.19283106E+001  0.12499521E+002  0.31295269E+002  0.78686538E+002  0.15900823E+003
  0.00000000E+000  0.00000000E+000  0.00000000E+000  0.00000000E+000  0.00000000E+000  0.93662137E-001  0.19283106E+001  0.12499521E+002  0.31295267E+002  0.78686526E+002  0.15900820E+003
  0.00000000E+000  0.00000000E+000  0.00000000E+000  0.00000000E+000  0.00000000E+000  0.93662136E-001  0.19283105E+001  0.12499520E+002  0.31295266E+002  0.78686514E+002  0.15900817E+003
  0.00000000E+000  0.00000000E+000  0.00000000E+000  0.00000000E+000  0.00000000E+000  0.93662135E-001  0.19283105E+001  0.12499519E+002  0.31295264E+002  0.78686502E+002  0.15900815E+003
  0.00000000E+000  0.00000000E+000  0.00000000E+000  0.00000000E+000  0.00000000E+000  0.93662135E-001  0.19283105E+001  0.12499519E+002  0.31295262E+002  0.78686491E+002  0.15900812E+003
  0.00000000E+000  0.00000000E+000  0.00000000E+000  0.00000000E+000  0.00000000E+000  0.93662134E-001  0.19283104E+001  0.12499518E+002  0.31295261E+002  0.78686480E+002  0.15900810E+003
  0.00000000E+000  0.00000000E+000  0.00000000E+000  0.00000000E+000  0.00000000E+000  0.93662133E-001  0.19283104E+001  0.12499517E+002  0.31295259E+002  0.78686470E+002  0.15900808E+003
  0.00000000E+000  0.00000000E+000  0.00000000E+000  0.00000000E+000  0.00000000E+000  0.93662132E-001  0.19283104E+001  0.12499517E+002  0.31295258E+002  0.78686460E+002  0.15900805E+003
  0.00000000E+000  0.00000000E+000  0.00000000E+000  0.00000000E+000  0.00000000E+000  0.93662131E-001  0.19283103E+001  0.12499516E+002  0.31295256E+002  0.78686450E+002  0.15900803E+003
  0.00000000E+000  0.00000000E+000  0.00000000E+000  0.00000000E+000  0.00000000E+000  0.93662130E-001  0.19283103E+001  0.12499516E+002  0.31295255E+002  0.78686440E+002  0.15900801E+003
  0.00000000E+000  0.00000000E+000  0.00000000E+000  0.00000000E+000  0.00000000E+000  0.93662129E-001  0.19283103E+001  0.12499515E+002  0.31295254E+002  0.78686431E+002  0.15900799E+003
