  0.10529480E+002
  0.10533701E+002
  0.10536854E+002
  0.10539354E+002
  0.10541377E+002
  0.10543028E+002
  0.10544376E+002
  0.10545477E+002
  0.10546373E+002
  0.10547099E+002
  0.10547684E+002
  0.10548150E+002
  0.10548518E+002
  0.10548802E+002
  0.10549016E+002
  0.10549171E+002
  0.10549275E+002
  0.10549338E+002
  0.10549363E+002
  0.10549358E+002
  0.10549327E+002
  0.10549273E+002
  0.10549200E+002
  0.10549111E+002
  0.10549007E+002
  0.10548891E+002
  0.10548765E+002
  0.10548629E+002
  0.10548486E+002
  0.10548336E+002
  0.10548180E+002
  0.10548019E+002
  0.10547854E+002
  0.10547685E+002
  0.10547513E+002
  0.10547338E+002
  0.10547160E+002
  0.10546981E+002
  0.10546799E+002
  0.10546616E+002
  0.10546432E+002
  0.10546247E+002
  0.10546060E+002
  0.10545873E+002
  0.10545686E+002
  0.10545498E+002
  0.10545310E+002
  0.10545123E+002
  0.10544935E+002
  0.10544749E+002
  0.10544562E+002
  0.10544377E+002
  0.10544194E+002
  0.10544012E+002
  0.10543831E+002
  0.10543653E+002
  0.10543477E+002
  0.10543303E+002
  0.10543132E+002
  0.10542964E+002
  0.10542800E+002
  0.10542638E+002
  0.10542480E+002
  0.10542326E+002
  0.10542175E+002
  0.10542028E+002
  0.10541885E+002
  0.10541746E+002
  0.10541610E+002
  0.10541479E+002
  0.10541351E+002
  0.10541227E+002
  0.10541106E+002
  0.10540989E+002
  0.10540876E+002
  0.10540765E+002
  0.10540658E+002
  0.10540553E+002
  0.10540452E+002
  0.10540353E+002
  0.10540256E+002
  0.10540161E+002
  0.10540069E+002
  0.10539978E+002
  0.10539889E+002
  0.10539802E+002
  0.10539715E+002
  0.10539630E+002
  0.10539546E+002
  0.10539463E+002
  0.10539381E+002
  0.10539299E+002
  0.10539217E+002
  0.10539136E+002
  0.10539055E+002
  0.10538975E+002
  0.10538894E+002
  0.10538814E+002
  0.10538733E+002
  0.10538652E+002
  0.10538571E+002
  0.10538490E+002
  0.10538409E+002
  0.10538327E+002
  0.10538245E+002
  0.10538162E+002
  0.10538080E+002
  0.10537996E+002
  0.10537913E+002
  0.10537829E+002
  0.10537744E+002
  0.10537659E+002
  0.10537574E+002
  0.10537488E+002
  0.10537401E+002
  0.10537314E+002
  0.10537227E+002
  0.10537139E+002
  0.10537051E+002
  0.10536962E+002
  0.10536873E+002
  0.10536783E+002
  0.10536693E+002
  0.10536602E+002
  0.10536511E+002
  0.10536420E+002
  0.10536328E+002
  0.10536236E+002
  0.10536143E+002
  0.10536050E+002
  0.10535956E+002
  0.10535863E+002
  0.10535769E+002
  0.10535674E+002
  0.10535580E+002
  0.10535485E+002
  0.10535390E+002
  0.10535294E+002
  0.10535199E+002
  0.10535103E+002
  0.10535008E+002
  0.10534912E+002
  0.10534817E+002
  0.10534721E+002
  0.10534626E+002
  0.10534530E+002
  0.10534435E+002
  0.10534340E+002
  0.10534246E+002
  0.10534151E+002
  0.10534057E+002
  0.10533964E+002
  0.10533870E+002
  0.10533778E+002
  0.10533685E+002
  0.10533594E+002
  0.10533503E+002
  0.10533412E+002
  0.10533323E+002
  0.10533234E+002
  0.10533146E+002
  0.10533058E+002
  0.10532972E+002
  0.10532886E+002
  0.10532802E+002
  0.10532718E+002
  0.10532635E+002
  0.10532554E+002
  0.10532473E+002
  0.10532394E+002
  0.10532316E+002
  0.10532238E+002
  0.10532162E+002
  0.10532088E+002
  0.10532014E+002
  0.10531942E+002
  0.10531871E+002
  0.10531801E+002
  0.10531732E+002
  0.10531665E+002
  0.10531599E+002
  0.10531535E+002
  0.10531471E+002
  0.10531409E+002
  0.10531349E+002
  0.10531289E+002
  0.10531231E+002
  0.10531175E+002
  0.10531119E+002
  0.10531065E+002
  0.10531012E+002
  0.10530961E+002
  0.10530911E+002
  0.10530862E+002
  0.10530814E+002
  0.10530768E+002
  0.10530723E+002
  0.10530679E+002
  0.10530636E+002
  0.10530595E+002
