  0.65977214E-001
  0.66119095E-001
  0.66170128E-001
  0.66197707E-001
  0.66216632E-001
  0.66231088E-001
  0.66242583E-001
  0.66251827E-001
  0.66259280E-001
  0.66265272E-001
  0.66270049E-001
  0.66273818E-001
  0.66276749E-001
  0.66278979E-001
  0.66280621E-001
  0.66281768E-001
  0.66282501E-001
  0.66282884E-001
  0.66282973E-001
  0.66282813E-001
  0.66282440E-001
  0.66281888E-001
  0.66281183E-001
  0.66280347E-001
  0.66279400E-001
  0.66278357E-001
  0.66277233E-001
  0.66276039E-001
  0.66274785E-001
  0.66273479E-001
  0.66272128E-001
  0.66270738E-001
  0.66269314E-001
  0.66267860E-001
  0.66266380E-001
  0.66264877E-001
  0.66263354E-001
  0.66261813E-001
  0.66260256E-001
  0.66258684E-001
  0.66257099E-001
  0.66255504E-001
  0.66253899E-001
  0.66252286E-001
  0.66250667E-001
  0.66249043E-001
  0.66247416E-001
  0.66245788E-001
  0.66244161E-001
  0.66242537E-001
  0.66240918E-001
  0.66239307E-001
  0.66237706E-001
  0.66236116E-001
  0.66234542E-001
  0.66232984E-001
  0.66231445E-001
  0.66229928E-001
  0.66228435E-001
  0.66226967E-001
  0.66225527E-001
  0.66224116E-001
  0.66222735E-001
  0.66221386E-001
  0.66220070E-001
  0.66218787E-001
  0.66217539E-001
  0.66216325E-001
  0.66215145E-001
  0.66214001E-001
  0.66212891E-001
  0.66211815E-001
  0.66210773E-001
  0.66209763E-001
  0.66208786E-001
  0.66207840E-001
  0.66206924E-001
  0.66206036E-001
  0.66205177E-001
  0.66204343E-001
  0.66203535E-001
  0.66202750E-001
  0.66201987E-001
  0.66201245E-001
  0.66200522E-001
  0.66199818E-001
  0.66199130E-001
  0.66198457E-001
  0.66197799E-001
  0.66197153E-001
  0.66196519E-001
  0.66195896E-001
  0.66195283E-001
  0.66194678E-001
  0.66194080E-001
  0.66193490E-001
  0.66192906E-001
  0.66192327E-001
  0.66191753E-001
  0.66191183E-001
  0.66190617E-001
  0.66190053E-001
  0.66189493E-001
  0.66188934E-001
  0.66188378E-001
  0.66187823E-001
  0.66187269E-001
  0.66186716E-001
  0.66186163E-001
  0.66185611E-001
  0.66185059E-001
  0.66184507E-001
  0.66183955E-001
  0.66183402E-001
  0.66182849E-001
  0.66182295E-001
  0.66181740E-001
  0.66181184E-001
  0.66180627E-001
  0.66180069E-001
  0.66179509E-001
  0.66178948E-001
  0.66178386E-001
  0.66177822E-001
  0.66177256E-001
  0.66176688E-001
  0.66176119E-001
  0.66175548E-001
  0.66174975E-001
  0.66174400E-001
  0.66173823E-001
  0.66173245E-001
  0.66172665E-001
  0.66172083E-001
  0.66171499E-001
  0.66170913E-001
  0.66170327E-001
  0.66169738E-001
  0.66169149E-001
  0.66168558E-001
  0.66167966E-001
  0.66167373E-001
  0.66166779E-001
  0.66166185E-001
  0.66165591E-001
  0.66164996E-001
  0.66164401E-001
  0.66163806E-001
  0.66163212E-001
  0.66162619E-001
  0.66162026E-001
  0.66161435E-001
  0.66160845E-001
  0.66160257E-001
  0.66159671E-001
  0.66159088E-001
  0.66158506E-001
  0.66157928E-001
  0.66157353E-001
  0.66156781E-001
  0.66156213E-001
  0.66155649E-001
  0.66155089E-001
  0.66154534E-001
  0.66153983E-001
  0.66153437E-001
  0.66152897E-001
  0.66152362E-001
  0.66151833E-001
  0.66151311E-001
  0.66150794E-001
  0.66150284E-001
  0.66149780E-001
  0.66149283E-001
  0.66148794E-001
  0.66148311E-001
  0.66147836E-001
  0.66147369E-001
  0.66146909E-001
  0.66146457E-001
  0.66146013E-001
  0.66145577E-001
  0.66145149E-001
  0.66144729E-001
  0.66144317E-001
  0.66143914E-001
  0.66143519E-001
  0.66143132E-001
  0.66142754E-001
  0.66142384E-001
  0.66142022E-001
  0.66141669E-001
  0.66141324E-001
  0.66140988E-001
  0.66140660E-001
  0.66140340E-001
  0.66140028E-001
  0.66139725E-001
  0.66139429E-001
  0.66139143E-001
