  0.42099906E+000
  0.42093460E+000
  0.42091016E+000
  0.42089843E+000
  0.42089206E+000
  0.42088860E+000
  0.42088700E+000
  0.42088670E+000
  0.42088733E+000
  0.42088861E+000
  0.42089036E+000
  0.42089241E+000
  0.42089466E+000
  0.42089704E+000
  0.42089948E+000
  0.42090194E+000
  0.42090440E+000
  0.42090684E+000
  0.42090925E+000
  0.42091162E+000
  0.42091396E+000
  0.42091626E+000
  0.42091854E+000
  0.42092078E+000
  0.42092300E+000
  0.42092521E+000
  0.42092740E+000
  0.42092958E+000
  0.42093176E+000
  0.42093392E+000
  0.42093609E+000
  0.42093824E+000
  0.42094039E+000
  0.42094253E+000
  0.42094465E+000
  0.42094675E+000
  0.42094883E+000
  0.42095086E+000
  0.42095286E+000
  0.42095480E+000
  0.42095669E+000
  0.42095850E+000
  0.42096024E+000
  0.42096190E+000
  0.42096346E+000
  0.42096494E+000
  0.42096631E+000
  0.42096759E+000
  0.42096877E+000
  0.42096985E+000
  0.42097084E+000
  0.42097173E+000
  0.42097255E+000
  0.42097328E+000
  0.42097394E+000
  0.42097454E+000
  0.42097508E+000
  0.42097556E+000
  0.42097601E+000
  0.42097641E+000
  0.42097679E+000
  0.42097714E+000
  0.42097747E+000
  0.42097779E+000
  0.42097809E+000
  0.42097839E+000
  0.42097868E+000
  0.42097898E+000
  0.42097927E+000
  0.42097956E+000
  0.42097986E+000
  0.42098017E+000
  0.42098047E+000
  0.42098079E+000
  0.42098111E+000
  0.42098143E+000
  0.42098176E+000
  0.42098209E+000
  0.42098243E+000
  0.42098277E+000
  0.42098311E+000
  0.42098346E+000
  0.42098380E+000
  0.42098415E+000
  0.42098450E+000
  0.42098485E+000
  0.42098519E+000
  0.42098554E+000
  0.42098588E+000
  0.42098622E+000
  0.42098656E+000
  0.42098690E+000
  0.42098723E+000
  0.42098756E+000
  0.42098789E+000
  0.42098821E+000
  0.42098853E+000
  0.42098885E+000
  0.42098916E+000
  0.42098947E+000
  0.42098978E+000
  0.42099008E+000
  0.42099038E+000
  0.42099067E+000
  0.42099096E+000
  0.42099125E+000
  0.42099153E+000
  0.42099181E+000
  0.42099208E+000
  0.42099235E+000
  0.42099261E+000
  0.42099286E+000
  0.42099311E+000
  0.42099336E+000
  0.42099360E+000
  0.42099383E+000
  0.42099406E+000
  0.42099427E+000
  0.42099449E+000
  0.42099469E+000
  0.42099490E+000
  0.42099509E+000
  0.42099528E+000
  0.42099546E+000
  0.42099563E+000
  0.42099580E+000
  0.42099596E+000
  0.42099611E+000
  0.42099626E+000
  0.42099640E+000
  0.42099653E+000
  0.42099666E+000
  0.42099678E+000
  0.42099690E+000
  0.42099701E+000
  0.42099711E+000
  0.42099721E+000
  0.42099730E+000
  0.42099739E+000
  0.42099748E+000
  0.42099755E+000
  0.42099763E+000
  0.42099770E+000
  0.42099776E+000
  0.42099782E+000
  0.42099788E+000
  0.42099793E+000
  0.42099798E+000
  0.42099803E+000
  0.42099807E+000
  0.42099811E+000
  0.42099815E+000
  0.42099818E+000
  0.42099821E+000
  0.42099824E+000
  0.42099827E+000
  0.42099830E+000
  0.42099832E+000
  0.42099834E+000
  0.42099836E+000
  0.42099838E+000
  0.42099840E+000
  0.42099842E+000
  0.42099843E+000
  0.42099845E+000
  0.42099846E+000
  0.42099848E+000
  0.42099849E+000
  0.42099851E+000
  0.42099852E+000
  0.42099853E+000
  0.42099854E+000
  0.42099856E+000
  0.42099857E+000
  0.42099858E+000
  0.42099859E+000
  0.42099860E+000
  0.42099861E+000
  0.42099863E+000
  0.42099864E+000
  0.42099865E+000
  0.42099866E+000
  0.42099867E+000
  0.42099869E+000
  0.42099870E+000
  0.42099871E+000
  0.42099872E+000
  0.42099874E+000
  0.42099875E+000
  0.42099876E+000
  0.42099877E+000
  0.42099879E+000
  0.42099880E+000
  0.42099881E+000
  0.42099882E+000
  0.42099883E+000
  0.42099885E+000
  0.42099886E+000
  0.42099887E+000
  0.42099888E+000
