  0.62929543E+000  0.11234209E+000  0.16520374E+000  0.77715506E+000
  0.63000076E+000  0.11261783E+000  0.16432511E+000  0.77679480E+000
  0.63029874E+000  0.11231270E+000  0.16421824E+000  0.77681106E+000
  0.63028339E+000  0.11233217E+000  0.16407513E+000  0.77690313E+000
  0.63028513E+000  0.11232760E+000  0.16405876E+000  0.77689684E+000
  0.63028949E+000  0.11234163E+000  0.16391065E+000  0.77701271E+000
  0.63028096E+000  0.11235191E+000  0.16383969E+000  0.77707555E+000
  0.63027512E+000  0.11302707E+000  0.16301570E+000  0.77722902E+000
  0.63027387E+000  0.11302426E+000  0.16161483E+000  0.77863645E+000
  0.63027018E+000  0.11306146E+000  0.16156825E+000  0.77865467E+000
  0.63027995E+000  0.11303656E+000  0.16157962E+000  0.77866540E+000
  0.63027779E+000  0.11303494E+000  0.16172288E+000  0.77798742E+000
  0.63027643E+000  0.11303314E+000  0.16158163E+000  0.77868755E+000
  0.63028086E+000  0.11303823E+000  0.16157086E+000  0.77869831E+000
  0.63028041E+000  0.11303831E+000  0.16157049E+000  0.77870880E+000
  0.63028037E+000  0.11303666E+000  0.16144462E+000  0.77884622E+000
  0.63028068E+000  0.11303549E+000  0.16142760E+000  0.77887393E+000
  0.63028354E+000  0.11303167E+000  0.16142897E+000  0.77888329E+000
  0.63029190E+000  0.11302264E+000  0.16141134E+000  0.77891121E+000
  0.63029307E+000  0.11302110E+000  0.16141265E+000  0.77891977E+000
  0.63029446E+000  0.11301963E+000  0.16139283E+000  0.77894901E+000
  0.63029607E+000  0.11301820E+000  0.16095299E+000  0.77939789E+000
  0.63029787E+000  0.11301685E+000  0.16095416E+000  0.77940536E+000
  0.63029984E+000  0.11301558E+000  0.16095528E+000  0.77941253E+000
  0.63030198E+000  0.11301438E+000  0.16093257E+000  0.77944319E+000
  0.63030426E+000  0.11301328E+000  0.16093359E+000  0.77944981E+000
  0.63030667E+000  0.11301227E+000  0.16093456E+000  0.77945620E+000
  0.63030919E+000  0.11301137E+000  0.16093549E+000  0.77946237E+000
  0.63031182E+000  0.11301057E+000  0.16093638E+000  0.77946835E+000
  0.63031454E+000  0.11300989E+000  0.16093723E+000  0.77947414E+000
  0.63031732E+000  0.11300932E+000  0.16093804E+000  0.77947977E+000
  0.63032016E+000  0.11300887E+000  0.16093881E+000  0.77948523E+000
  0.63032305E+000  0.11300854E+000  0.16093955E+000  0.77949053E+000
  0.63032596E+000  0.11300833E+000  0.16094025E+000  0.77949568E+000
  0.63032888E+000  0.11300824E+000  0.16094091E+000  0.77950067E+000
  0.63033180E+000  0.11300827E+000  0.16094155E+000  0.77950549E+000
  0.63033470E+000  0.11300841E+000  0.16094214E+000  0.77951014E+000
  0.63033757E+000  0.11300866E+000  0.16094271E+000  0.77951461E+000
  0.63034040E+000  0.11300902E+000  0.16094323E+000  0.77951888E+000
  0.63034317E+000  0.11300948E+000  0.16094372E+000  0.77952294E+000
  0.63034588E+000  0.11301002E+000  0.16094417E+000  0.77952677E+000
  0.63034852E+000  0.11301064E+000  0.16094459E+000  0.77953037E+000
  0.63035107E+000  0.11301133E+000  0.16094496E+000  0.77953371E+000
  0.63035354E+000  0.11301208E+000  0.16094529E+000  0.77953678E+000
  0.63035591E+000  0.11301289E+000  0.16094558E+000  0.77953958E+000
  0.63035818E+000  0.11301373E+000  0.16096962E+000  0.77951831E+000
  0.63036036E+000  0.11301461E+000  0.16096983E+000  0.77952056E+000
  0.63036243E+000  0.11301551E+000  0.16097000E+000  0.77952252E+000
  0.63036441E+000  0.11301643E+000  0.16097013E+000  0.77952420E+000
  0.63036629E+000  0.11301735E+000  0.16097023E+000  0.77952563E+000
  0.63036807E+000  0.11301828E+000  0.16097029E+000  0.77952680E+000
  0.63036977E+000  0.11301921E+000  0.16097033E+000  0.77952773E+000
  0.63037137E+000  0.11302013E+000  0.16097034E+000  0.77952844E+000
  0.63037290E+000  0.11302104E+000  0.16097033E+000  0.77952895E+000
  0.63037434E+000  0.11302193E+000  0.16097030E+000  0.77952928E+000
  0.63037572E+000  0.11302281E+000  0.16097027E+000  0.77952945E+000
  0.63037703E+000  0.11302366E+000  0.16097023E+000  0.77952948E+000
  0.63037829E+000  0.11302450E+000  0.16097018E+000  0.77952939E+000
  0.63037948E+000  0.11302530E+000  0.16097014E+000  0.77952920E+000
  0.63038063E+000  0.11302608E+000  0.16097010E+000  0.77952893E+000
  0.63038174E+000  0.11302684E+000  0.16097006E+000  0.77952861E+000
  0.63038281E+000  0.11302757E+000  0.16097004E+000  0.77952824E+000
  0.63038384E+000  0.11302827E+000  0.16097003E+000  0.77952784E+000
  0.63038484E+000  0.11302894E+000  0.16097004E+000  0.77952743E+000
  0.63038581E+000  0.11302958E+000  0.16097006E+000  0.77952702E+000
  0.63038675E+000  0.11303019E+000  0.16097010E+000  0.77952661E+000
  0.63038768E+000  0.11303078E+000  0.16097015E+000  0.77952622E+000
  0.63038858E+000  0.11303134E+000  0.16097023E+000  0.77952586E+000
  0.63038946E+000  0.11303188E+000  0.16097032E+000  0.77952552E+000
  0.63039032E+000  0.11303238E+000  0.16097042E+000  0.77952522E+000
  0.63039117E+000  0.11303287E+000  0.16097054E+000  0.77952496E+000
  0.63039200E+000  0.11303333E+000  0.16097068E+000  0.77952475E+000
  0.63039282E+000  0.11303377E+000  0.16097083E+000  0.77952458E+000
  0.63039362E+000  0.11303418E+000  0.16097099E+000  0.77952445E+000
  0.63039441E+000  0.11303458E+000  0.16097116E+000  0.77952437E+000
  0.63039519E+000  0.11303496E+000  0.16097133E+000  0.77952433E+000
  0.63039595E+000  0.11303533E+000  0.16097151E+000  0.77952433E+000
  0.63039671E+000  0.11303568E+000  0.16097170E+000  0.77952438E+000
  0.63039745E+000  0.11303601E+000  0.16097188E+000  0.77952447E+000
  0.63039818E+000  0.11303634E+000  0.16097207E+000  0.77952459E+000
  0.63039890E+000  0.11303665E+000  0.16097225E+000  0.77952475E+000
  0.63039961E+000  0.11303695E+000  0.16097243E+000  0.77952495E+000
  0.63040030E+000  0.11303725E+000  0.16097260E+000  0.77952517E+000
  0.63040099E+000  0.11303754E+000  0.16097276E+000  0.77952542E+000
  0.63040167E+000  0.11303782E+000  0.16097291E+000  0.77952570E+000
  0.63040233E+000  0.11303809E+000  0.16097306E+000  0.77952600E+000
  0.63040299E+000  0.11303836E+000  0.16097320E+000  0.77952632E+000
  0.63040363E+000  0.11303863E+000  0.16097333E+000  0.77952666E+000
  0.63040427E+000  0.11303889E+000  0.16097345E+000  0.77952701E+000
  0.63040489E+000  0.11303915E+000  0.16097355E+000  0.77952738E+000
  0.63040550E+000  0.11303941E+000  0.16097365E+000  0.77952777E+000
  0.63040610E+000  0.11303966E+000  0.16097375E+000  0.77952817E+000
  0.63040669E+000  0.11303991E+000  0.16097383E+000  0.77952857E+000
  0.63040727E+000  0.11304016E+000  0.16097391E+000  0.77952899E+000
  0.63040784E+000  0.11304041E+000  0.16097398E+000  0.77952941E+000
  0.63040839E+000  0.11304065E+000  0.16097405E+000  0.77952984E+000
  0.63040894E+000  0.11304089E+000  0.16097412E+000  0.77953027E+000
  0.63040947E+000  0.11304112E+000  0.16097418E+000  0.77953071E+000
  0.63040999E+000  0.11304136E+000  0.16097424E+000  0.77953115E+000
  0.63041049E+000  0.11304159E+000  0.16097431E+000  0.77953159E+000
  0.63041098E+000  0.11304182E+000  0.16097437E+000  0.77953204E+000
  0.63041146E+000  0.11304204E+000  0.16097443E+000  0.77953248E+000
  0.63041193E+000  0.11304227E+000  0.16097450E+000  0.77953292E+000
  0.63041238E+000  0.11304249E+000  0.16097457E+000  0.77953336E+000
  0.63041282E+000  0.11304270E+000  0.16097464E+000  0.77953380E+000
  0.63041324E+000  0.11304292E+000  0.16097471E+000  0.77953423E+000
  0.63041365E+000  0.11304313E+000  0.16097479E+000  0.77953466E+000
  0.63041404E+000  0.11304334E+000  0.16097487E+000  0.77953508E+000
  0.63041442E+000  0.11304355E+000  0.16097495E+000  0.77953550E+000
  0.63041478E+000  0.11304375E+000  0.16097504E+000  0.77953591E+000
  0.63041513E+000  0.11304396E+000  0.16097514E+000  0.77953631E+000
  0.63041546E+000  0.11304416E+000  0.16097523E+000  0.77953671E+000
  0.63041577E+000  0.11304436E+000  0.16097533E+000  0.77953709E+000
  0.63041608E+000  0.11304455E+000  0.16097543E+000  0.77953747E+000
  0.63041636E+000  0.11304474E+000  0.16097553E+000  0.77953785E+000
  0.63041663E+000  0.11304493E+000  0.16097564E+000  0.77953821E+000
  0.63041689E+000  0.11304512E+000  0.16097574E+000  0.77953856E+000
  0.63041713E+000  0.11304531E+000  0.16097585E+000  0.77953891E+000
  0.63041735E+000  0.11304549E+000  0.16097596E+000  0.77953924E+000
  0.63041756E+000  0.11304567E+000  0.16097607E+000  0.77953957E+000
  0.63041776E+000  0.11304585E+000  0.16097618E+000  0.77953989E+000
  0.63041795E+000  0.11304602E+000  0.16097629E+000  0.77954020E+000
  0.63041812E+000  0.11304619E+000  0.16097640E+000  0.77954049E+000
  0.63041827E+000  0.11304636E+000  0.16097651E+000  0.77954078E+000
  0.63041842E+000  0.11304652E+000  0.16097662E+000  0.77954106E+000
  0.63041855E+000  0.11304668E+000  0.16097672E+000  0.77954133E+000
  0.63041867E+000  0.11304683E+000  0.16097683E+000  0.77954159E+000
  0.63041878E+000  0.11304698E+000  0.16097693E+000  0.77954184E+000
  0.63041888E+000  0.11304713E+000  0.16097704E+000  0.77954208E+000
  0.63041897E+000  0.11304727E+000  0.16097714E+000  0.77954231E+000
  0.63041905E+000  0.11304740E+000  0.16097724E+000  0.77954253E+000
  0.63041912E+000  0.11304754E+000  0.16097734E+000  0.77954274E+000
  0.63041918E+000  0.11304766E+000  0.16097744E+000  0.77954294E+000
  0.63041924E+000  0.11304778E+000  0.16097753E+000  0.77954313E+000
  0.63041929E+000  0.11304790E+000  0.16097763E+000  0.77954331E+000
  0.63041932E+000  0.11304802E+000  0.16097772E+000  0.77954349E+000
  0.63041936E+000  0.11304812E+000  0.16097781E+000  0.77954365E+000
  0.63041938E+000  0.11304823E+000  0.16097789E+000  0.77954381E+000
  0.63041940E+000  0.11304833E+000  0.16097798E+000  0.77954396E+000
  0.63041942E+000  0.11304842E+000  0.16097806E+000  0.77954410E+000
  0.63041943E+000  0.11304851E+000  0.16097814E+000  0.77954423E+000
  0.63041943E+000  0.11304860E+000  0.16097822E+000  0.77954435E+000
  0.63041944E+000  0.11304868E+000  0.16097829E+000  0.77954447E+000
  0.63041943E+000  0.11304876E+000  0.16097837E+000  0.77954458E+000
  0.63041943E+000  0.11304883E+000  0.16097844E+000  0.77954468E+000
  0.63041942E+000  0.11304890E+000  0.16097851E+000  0.77954478E+000
  0.63041941E+000  0.11304897E+000  0.16097858E+000  0.77954487E+000
  0.63041940E+000  0.11304903E+000  0.16097864E+000  0.77954495E+000
  0.63041938E+000  0.11304909E+000  0.16097870E+000  0.77954502E+000
  0.63041937E+000  0.11304915E+000  0.16097876E+000  0.77954509E+000
  0.63041935E+000  0.11304920E+000  0.16097882E+000  0.77954516E+000
  0.63041933E+000  0.11304925E+000  0.16097888E+000  0.77954522E+000
  0.63041931E+000  0.11304930E+000  0.16097893E+000  0.77954527E+000
  0.63041929E+000  0.11304934E+000  0.16097898E+000  0.77954532E+000
  0.63041927E+000  0.11304938E+000  0.16097904E+000  0.77954537E+000
  0.63041926E+000  0.11304942E+000  0.16097908E+000  0.77954541E+000
  0.63041924E+000  0.11304946E+000  0.16097913E+000  0.77954545E+000
  0.63041922E+000  0.11304950E+000  0.16097918E+000  0.77954548E+000
  0.63041920E+000  0.11304953E+000  0.16097922E+000  0.77954551E+000
  0.63041919E+000  0.11304956E+000  0.16097926E+000  0.77954553E+000
  0.63041918E+000  0.11304959E+000  0.16097930E+000  0.77954556E+000
  0.63041916E+000  0.11304962E+000  0.16097934E+000  0.77954558E+000
  0.63041915E+000  0.11304964E+000  0.16097938E+000  0.77954559E+000
  0.63041914E+000  0.11304967E+000  0.16097941E+000  0.77954561E+000
  0.63041914E+000  0.11304969E+000  0.16097945E+000  0.77954562E+000
  0.63041913E+000  0.11304971E+000  0.16097948E+000  0.77954563E+000
  0.63041913E+000  0.11304973E+000  0.16097951E+000  0.77954564E+000
  0.63041913E+000  0.11304975E+000  0.16097955E+000  0.77954564E+000
  0.63041913E+000  0.11304976E+000  0.16097957E+000  0.77954565E+000
  0.63041914E+000  0.11304978E+000  0.16097960E+000  0.77954565E+000
  0.63041914E+000  0.11304979E+000  0.16097963E+000  0.77954565E+000
  0.63041915E+000  0.11304981E+000  0.16097966E+000  0.77954565E+000
  0.63041916E+000  0.11304982E+000  0.16097968E+000  0.77954565E+000
  0.63041918E+000  0.11304983E+000  0.16097971E+000  0.77954565E+000
  0.63041919E+000  0.11304984E+000  0.16097973E+000  0.77954565E+000
  0.63041921E+000  0.11304985E+000  0.16097975E+000  0.77954564E+000
  0.63041923E+000  0.11304986E+000  0.16097977E+000  0.77954564E+000
  0.63041926E+000  0.11304987E+000  0.16097979E+000  0.77954563E+000
  0.63041928E+000  0.11304988E+000  0.16097981E+000  0.77954563E+000
  0.63041931E+000  0.11304989E+000  0.16097983E+000  0.77954562E+000
  0.63041934E+000  0.11304990E+000  0.16097985E+000  0.77954562E+000
  0.63041937E+000  0.11304990E+000  0.16097987E+000  0.77954561E+000
  0.63041940E+000  0.11304991E+000  0.16097988E+000  0.77954560E+000
  0.63041943E+000  0.11304992E+000  0.16097990E+000  0.77954560E+000
  0.63041947E+000  0.11304992E+000  0.16097991E+000  0.77954559E+000
  0.63041951E+000  0.11304993E+000  0.16097993E+000  0.77954558E+000
  0.63041954E+000  0.11304993E+000  0.16097994E+000  0.77954557E+000
  0.63041958E+000  0.11304994E+000  0.16097995E+000  0.77954557E+000
  0.63041962E+000  0.11304994E+000  0.16097997E+000  0.77954556E+000
  0.63041967E+000  0.11304994E+000  0.16097998E+000  0.77954555E+000
  0.63041971E+000  0.11304995E+000  0.16097999E+000  0.77954554E+000
  0.63041975E+000  0.11304995E+000  0.16098000E+000  0.77954553E+000
  0.63041979E+000  0.11304996E+000  0.16098001E+000  0.77954553E+000
  0.63041984E+000  0.11304996E+000  0.16098002E+000  0.77954552E+000
  0.63041988E+000  0.11304996E+000  0.16098003E+000  0.77954551E+000
  0.63041992E+000  0.11304997E+000  0.16098004E+000  0.77954550E+000
  0.63041997E+000  0.11304997E+000  0.16098005E+000  0.77954549E+000
  0.63042001E+000  0.11304997E+000  0.16098006E+000  0.77954549E+000
  0.63042006E+000  0.11304997E+000  0.16098007E+000  0.77954548E+000
  0.63042010E+000  0.11304998E+000  0.16098008E+000  0.77954548E+000
