  0.43798579E+000
  0.43792350E+000
  0.43790029E+000
  0.43788916E+000
  0.43788295E+000
  0.43787936E+000
  0.43787743E+000
  0.43787666E+000
  0.43787674E+000
  0.43787745E+000
  0.43787861E+000
  0.43788008E+000
  0.43788178E+000
  0.43788364E+000
  0.43788559E+000
  0.43788762E+000
  0.43788968E+000
  0.43789176E+000
  0.43789386E+000
  0.43789596E+000
  0.43789806E+000
  0.43790016E+000
  0.43790226E+000
  0.43790437E+000
  0.43790648E+000
  0.43790859E+000
  0.43791072E+000
  0.43791285E+000
  0.43791499E+000
  0.43791715E+000
  0.43791931E+000
  0.43792147E+000
  0.43792364E+000
  0.43792581E+000
  0.43792796E+000
  0.43793011E+000
  0.43793223E+000
  0.43793432E+000
  0.43793637E+000
  0.43793837E+000
  0.43794031E+000
  0.43794219E+000
  0.43794399E+000
  0.43794571E+000
  0.43794734E+000
  0.43794888E+000
  0.43795032E+000
  0.43795166E+000
  0.43795291E+000
  0.43795405E+000
  0.43795511E+000
  0.43795607E+000
  0.43795695E+000
  0.43795775E+000
  0.43795847E+000
  0.43795914E+000
  0.43795974E+000
  0.43796029E+000
  0.43796080E+000
  0.43796127E+000
  0.43796171E+000
  0.43796212E+000
  0.43796251E+000
  0.43796288E+000
  0.43796324E+000
  0.43796360E+000
  0.43796394E+000
  0.43796429E+000
  0.43796463E+000
  0.43796497E+000
  0.43796532E+000
  0.43796566E+000
  0.43796601E+000
  0.43796637E+000
  0.43796673E+000
  0.43796709E+000
  0.43796745E+000
  0.43796782E+000
  0.43796819E+000
  0.43796856E+000
  0.43796894E+000
  0.43796931E+000
  0.43796969E+000
  0.43797006E+000
  0.43797043E+000
  0.43797080E+000
  0.43797117E+000
  0.43797154E+000
  0.43797191E+000
  0.43797227E+000
  0.43797263E+000
  0.43797298E+000
  0.43797334E+000
  0.43797369E+000
  0.43797403E+000
  0.43797437E+000
  0.43797471E+000
  0.43797505E+000
  0.43797538E+000
  0.43797570E+000
  0.43797603E+000
  0.43797635E+000
  0.43797666E+000
  0.43797697E+000
  0.43797728E+000
  0.43797758E+000
  0.43797787E+000
  0.43797816E+000
  0.43797845E+000
  0.43797873E+000
  0.43797900E+000
  0.43797927E+000
  0.43797954E+000
  0.43797979E+000
  0.43798004E+000
  0.43798029E+000
  0.43798053E+000
  0.43798076E+000
  0.43798098E+000
  0.43798120E+000
  0.43798141E+000
  0.43798161E+000
  0.43798181E+000
  0.43798200E+000
  0.43798218E+000
  0.43798235E+000
  0.43798252E+000
  0.43798268E+000
  0.43798284E+000
  0.43798298E+000
  0.43798312E+000
  0.43798326E+000
  0.43798339E+000
  0.43798351E+000
  0.43798362E+000
  0.43798373E+000
  0.43798384E+000
  0.43798393E+000
  0.43798403E+000
  0.43798411E+000
  0.43798419E+000
  0.43798427E+000
  0.43798434E+000
  0.43798441E+000
  0.43798448E+000
  0.43798453E+000
  0.43798459E+000
  0.43798464E+000
  0.43798469E+000
  0.43798473E+000
  0.43798478E+000
  0.43798482E+000
  0.43798485E+000
  0.43798488E+000
  0.43798492E+000
  0.43798495E+000
  0.43798497E+000
  0.43798500E+000
  0.43798502E+000
  0.43798504E+000
  0.43798506E+000
  0.43798508E+000
  0.43798510E+000
  0.43798512E+000
  0.43798513E+000
  0.43798515E+000
  0.43798517E+000
  0.43798518E+000
  0.43798519E+000
  0.43798521E+000
  0.43798522E+000
  0.43798523E+000
  0.43798525E+000
  0.43798526E+000
  0.43798527E+000
  0.43798529E+000
  0.43798530E+000
  0.43798531E+000
  0.43798532E+000
  0.43798534E+000
  0.43798535E+000
  0.43798536E+000
  0.43798537E+000
  0.43798539E+000
  0.43798540E+000
  0.43798541E+000
  0.43798543E+000
  0.43798544E+000
  0.43798545E+000
  0.43798547E+000
  0.43798548E+000
  0.43798549E+000
  0.43798551E+000
  0.43798552E+000
  0.43798553E+000
  0.43798555E+000
  0.43798556E+000
  0.43798557E+000
  0.43798558E+000
  0.43798560E+000
