  0.12923084E+001
  0.12923754E+001
  0.12924739E+001
  0.12925616E+001
  0.12926350E+001
  0.12926957E+001
  0.12927458E+001
  0.12927869E+001
  0.12928205E+001
  0.12928480E+001
  0.12928703E+001
  0.12928883E+001
  0.12929026E+001
  0.12929139E+001
  0.12929225E+001
  0.12929290E+001
  0.12929335E+001
  0.12929365E+001
  0.12929381E+001
  0.12929386E+001
  0.12929380E+001
  0.12929367E+001
  0.12929346E+001
  0.12929318E+001
  0.12929286E+001
  0.12929248E+001
  0.12929207E+001
  0.12929163E+001
  0.12929116E+001
  0.12929066E+001
  0.12929014E+001
  0.12928960E+001
  0.12928905E+001
  0.12928848E+001
  0.12928790E+001
  0.12928732E+001
  0.12928672E+001
  0.12928612E+001
  0.12928551E+001
  0.12928490E+001
  0.12928428E+001
  0.12928366E+001
  0.12928304E+001
  0.12928241E+001
  0.12928178E+001
  0.12928115E+001
  0.12928052E+001
  0.12927989E+001
  0.12927926E+001
  0.12927864E+001
  0.12927801E+001
  0.12927739E+001
  0.12927677E+001
  0.12927616E+001
  0.12927555E+001
  0.12927495E+001
  0.12927436E+001
  0.12927377E+001
  0.12927320E+001
  0.12927263E+001
  0.12927208E+001
  0.12927154E+001
  0.12927101E+001
  0.12927049E+001
  0.12926998E+001
  0.12926949E+001
  0.12926902E+001
  0.12926855E+001
  0.12926810E+001
  0.12926767E+001
  0.12926724E+001
  0.12926684E+001
  0.12926644E+001
  0.12926606E+001
  0.12926569E+001
  0.12926533E+001
  0.12926498E+001
  0.12926465E+001
  0.12926432E+001
  0.12926401E+001
  0.12926370E+001
  0.12926340E+001
  0.12926312E+001
  0.12926283E+001
  0.12926256E+001
  0.12926229E+001
  0.12926203E+001
  0.12926178E+001
  0.12926152E+001
  0.12926128E+001
  0.12926103E+001
  0.12926079E+001
  0.12926056E+001
  0.12926032E+001
  0.12926009E+001
  0.12925986E+001
  0.12925963E+001
  0.12925941E+001
  0.12925918E+001
  0.12925896E+001
  0.12925873E+001
  0.12925851E+001
  0.12925828E+001
  0.12925806E+001
  0.12925784E+001
  0.12925761E+001
  0.12925739E+001
  0.12925716E+001
  0.12925694E+001
  0.12925671E+001
  0.12925648E+001
  0.12925625E+001
  0.12925602E+001
  0.12925579E+001
  0.12925556E+001
  0.12925532E+001
  0.12925509E+001
  0.12925485E+001
  0.12925462E+001
  0.12925438E+001
  0.12925413E+001
  0.12925389E+001
  0.12925365E+001
  0.12925340E+001
  0.12925316E+001
  0.12925291E+001
  0.12925266E+001
  0.12925240E+001
  0.12925215E+001
  0.12925190E+001
  0.12925164E+001
  0.12925138E+001
  0.12925112E+001
  0.12925086E+001
  0.12925059E+001
  0.12925033E+001
  0.12925006E+001
  0.12924980E+001
  0.12924953E+001
  0.12924926E+001
  0.12924899E+001
  0.12924872E+001
  0.12924845E+001
  0.12924817E+001
  0.12924790E+001
  0.12924763E+001
  0.12924735E+001
  0.12924708E+001
  0.12924680E+001
  0.12924653E+001
  0.12924626E+001
  0.12924598E+001
  0.12924571E+001
  0.12924544E+001
  0.12924516E+001
  0.12924489E+001
  0.12924462E+001
  0.12924436E+001
  0.12924409E+001
  0.12924382E+001
  0.12924356E+001
  0.12924330E+001
  0.12924304E+001
  0.12924278E+001
  0.12924252E+001
  0.12924227E+001
  0.12924202E+001
  0.12924177E+001
  0.12924152E+001
  0.12924128E+001
  0.12924104E+001
  0.12924080E+001
  0.12924057E+001
  0.12924034E+001
  0.12924011E+001
  0.12923989E+001
  0.12923967E+001
  0.12923945E+001
  0.12923924E+001
  0.12923903E+001
  0.12923883E+001
  0.12923862E+001
  0.12923843E+001
  0.12923823E+001
  0.12923804E+001
  0.12923786E+001
  0.12923767E+001
  0.12923750E+001
  0.12923732E+001
  0.12923715E+001
  0.12923698E+001
  0.12923682E+001
  0.12923666E+001
  0.12923651E+001
  0.12923636E+001
  0.12923621E+001
  0.12923607E+001
  0.12923593E+001
  0.12923579E+001
  0.12923566E+001
