  0.73485609E+000
  0.73500369E+000
  0.73502753E+000
  0.73502390E+000
  0.73501387E+000
  0.73500226E+000
  0.73499035E+000
  0.73497854E+000
  0.73496705E+000
  0.73495601E+000
  0.73494554E+000
  0.73493571E+000
  0.73492658E+000
  0.73491819E+000
  0.73491054E+000
  0.73490364E+000
  0.73489746E+000
  0.73489197E+000
  0.73488713E+000
  0.73488291E+000
  0.73487924E+000
  0.73487609E+000
  0.73487341E+000
  0.73487115E+000
  0.73486927E+000
  0.73486771E+000
  0.73486646E+000
  0.73486546E+000
  0.73486468E+000
  0.73486409E+000
  0.73486366E+000
  0.73486336E+000
  0.73486318E+000
  0.73486308E+000
  0.73486306E+000
  0.73486308E+000
  0.73486315E+000
  0.73486325E+000
  0.73486337E+000
  0.73486351E+000
  0.73486365E+000
  0.73486379E+000
  0.73486394E+000
  0.73486408E+000
  0.73486422E+000
  0.73486436E+000
  0.73486450E+000
  0.73486465E+000
  0.73486479E+000
  0.73486494E+000
  0.73486509E+000
  0.73486525E+000
  0.73486541E+000
  0.73486558E+000
  0.73486576E+000
  0.73486594E+000
  0.73486613E+000
  0.73486633E+000
  0.73486653E+000
  0.73486673E+000
  0.73486694E+000
  0.73486715E+000
  0.73486736E+000
  0.73486757E+000
  0.73486778E+000
  0.73486799E+000
  0.73486820E+000
  0.73486840E+000
  0.73486860E+000
  0.73486879E+000
  0.73486897E+000
  0.73486915E+000
  0.73486932E+000
  0.73486949E+000
  0.73486964E+000
  0.73486979E+000
  0.73486992E+000
  0.73487004E+000
  0.73487016E+000
  0.73487026E+000
  0.73487035E+000
  0.73487044E+000
  0.73487051E+000
  0.73487057E+000
  0.73487062E+000
  0.73487066E+000
  0.73487069E+000
  0.73487072E+000
  0.73487073E+000
  0.73487074E+000
  0.73487074E+000
  0.73487074E+000
  0.73487073E+000
  0.73487072E+000
  0.73487071E+000
  0.73487069E+000
  0.73487067E+000
  0.73487065E+000
  0.73487062E+000
  0.73487060E+000
  0.73487058E+000
  0.73487056E+000
  0.73487054E+000
  0.73487052E+000
  0.73487050E+000
  0.73487048E+000
  0.73487047E+000
  0.73487045E+000
  0.73487044E+000
  0.73487044E+000
  0.73487043E+000
  0.73487043E+000
  0.73487043E+000
  0.73487043E+000
  0.73487044E+000
  0.73487044E+000
  0.73487045E+000
  0.73487046E+000
  0.73487048E+000
  0.73487049E+000
  0.73487051E+000
  0.73487053E+000
  0.73487055E+000
  0.73487058E+000
  0.73487060E+000
  0.73487063E+000
  0.73487065E+000
  0.73487068E+000
  0.73487071E+000
  0.73487074E+000
  0.73487077E+000
  0.73487080E+000
  0.73487083E+000
  0.73487087E+000
  0.73487090E+000
  0.73487093E+000
  0.73487096E+000
  0.73487100E+000
  0.73487103E+000
  0.73487106E+000
  0.73487110E+000
  0.73487113E+000
  0.73487116E+000
  0.73487119E+000
  0.73487122E+000
  0.73487125E+000
  0.73487129E+000
  0.73487132E+000
  0.73487134E+000
  0.73487137E+000
  0.73487140E+000
  0.73487143E+000
  0.73487145E+000
  0.73487148E+000
  0.73487150E+000
  0.73487153E+000
  0.73487155E+000
  0.73487157E+000
  0.73487159E+000
  0.73487161E+000
  0.73487163E+000
  0.73487165E+000
  0.73487167E+000
  0.73487169E+000
  0.73487170E+000
  0.73487172E+000
  0.73487173E+000
  0.73487174E+000
  0.73487176E+000
  0.73487177E+000
  0.73487178E+000
  0.73487179E+000
  0.73487180E+000
  0.73487180E+000
  0.73487181E+000
  0.73487182E+000
  0.73487182E+000
  0.73487183E+000
  0.73487183E+000
  0.73487184E+000
  0.73487184E+000
  0.73487184E+000
  0.73487184E+000
  0.73487184E+000
  0.73487185E+000
  0.73487185E+000
  0.73487185E+000
  0.73487185E+000
  0.73487185E+000
  0.73487185E+000
  0.73487184E+000
  0.73487184E+000
  0.73487184E+000
  0.73487184E+000
  0.73487184E+000
  0.73487183E+000
  0.73487183E+000
  0.73487183E+000
  0.73487183E+000
  0.73487182E+000
