  0.30453190E+001
  0.30603437E+001
  0.30589331E+001
  0.30566663E+001
  0.30547130E+001
  0.30530981E+001
  0.30517624E+001
  0.30506531E+001
  0.30497297E+001
  0.30489594E+001
  0.30483156E+001
  0.30477771E+001
  0.30473264E+001
  0.30469495E+001
  0.30466346E+001
  0.30463720E+001
  0.30461537E+001
  0.30459729E+001
  0.30458239E+001
  0.30457019E+001
  0.30456029E+001
  0.30455233E+001
  0.30454604E+001
  0.30454115E+001
  0.30453746E+001
  0.30453478E+001
  0.30453295E+001
  0.30453183E+001
  0.30453130E+001
  0.30453126E+001
  0.30453162E+001
  0.30453231E+001
  0.30453326E+001
  0.30453440E+001
  0.30453571E+001
  0.30453713E+001
  0.30453864E+001
  0.30454021E+001
  0.30454182E+001
  0.30454345E+001
  0.30454510E+001
  0.30454675E+001
  0.30454839E+001
  0.30455004E+001
  0.30455167E+001
  0.30455330E+001
  0.30455493E+001
  0.30455656E+001
  0.30455818E+001
  0.30455980E+001
  0.30456142E+001
  0.30456304E+001
  0.30456466E+001
  0.30456628E+001
  0.30456789E+001
  0.30456949E+001
  0.30457108E+001
  0.30457266E+001
  0.30457421E+001
  0.30457574E+001
  0.30457723E+001
  0.30457870E+001
  0.30458012E+001
  0.30458150E+001
  0.30458283E+001
  0.30458411E+001
  0.30458533E+001
  0.30458650E+001
  0.30458760E+001
  0.30458864E+001
  0.30458961E+001
  0.30459052E+001
  0.30459135E+001
  0.30459212E+001
  0.30459281E+001
  0.30459344E+001
  0.30459399E+001
  0.30459448E+001
  0.30459489E+001
  0.30459525E+001
  0.30459554E+001
  0.30459577E+001
  0.30459594E+001
  0.30459605E+001
  0.30459612E+001
  0.30459614E+001
  0.30459611E+001
  0.30459604E+001
  0.30459594E+001
  0.30459580E+001
  0.30459563E+001
  0.30459544E+001
  0.30459522E+001
  0.30459497E+001
  0.30459471E+001
  0.30459443E+001
  0.30459414E+001
  0.30459384E+001
  0.30459352E+001
  0.30459320E+001
  0.30459287E+001
  0.30459253E+001
  0.30459218E+001
  0.30459183E+001
  0.30459147E+001
  0.30459111E+001
  0.30459075E+001
  0.30459038E+001
  0.30459000E+001
  0.30458963E+001
  0.30458924E+001
  0.30458886E+001
  0.30458846E+001
  0.30458807E+001
  0.30458766E+001
  0.30458725E+001
  0.30458684E+001
  0.30458642E+001
  0.30458599E+001
  0.30458555E+001
  0.30458511E+001
  0.30458466E+001
  0.30458420E+001
  0.30458373E+001
  0.30458325E+001
  0.30458277E+001
  0.30458228E+001
  0.30458178E+001
  0.30458127E+001
  0.30458075E+001
  0.30458022E+001
  0.30457968E+001
  0.30457914E+001
  0.30457859E+001
  0.30457803E+001
  0.30457746E+001
  0.30457688E+001
  0.30457630E+001
  0.30457571E+001
  0.30457511E+001
  0.30457450E+001
  0.30457389E+001
  0.30457328E+001
  0.30457266E+001
  0.30457203E+001
  0.30457140E+001
  0.30457077E+001
  0.30457013E+001
  0.30456949E+001
  0.30456884E+001
  0.30456820E+001
  0.30456755E+001
  0.30456691E+001
  0.30456626E+001
  0.30456561E+001
  0.30456496E+001
  0.30456432E+001
  0.30456368E+001
  0.30456304E+001
  0.30456240E+001
  0.30456176E+001
  0.30456113E+001
  0.30456050E+001
  0.30455988E+001
  0.30455927E+001
  0.30455865E+001
  0.30455805E+001
  0.30455745E+001
  0.30455686E+001
  0.30455627E+001
  0.30455570E+001
  0.30455513E+001
  0.30455457E+001
  0.30455401E+001
  0.30455347E+001
  0.30455293E+001
  0.30455241E+001
  0.30455189E+001
  0.30455138E+001
  0.30455089E+001
  0.30455040E+001
  0.30454992E+001
  0.30454945E+001
  0.30454899E+001
  0.30454854E+001
  0.30454811E+001
  0.30454768E+001
  0.30454726E+001
  0.30454685E+001
  0.30454645E+001
  0.30454606E+001
  0.30454568E+001
  0.30454531E+001
  0.30454495E+001
  0.30454460E+001
  0.30454426E+001
  0.30454393E+001
  0.30454361E+001
  0.30454330E+001
  0.30454299E+001
