  0.77795999E+000  0.89324722E+000  0.10977214E+001  0.24003051E+001
  0.77796269E+000  0.89321677E+000  0.10977218E+001  0.24006008E+001
  0.77796274E+000  0.89322155E+000  0.10977222E+001  0.24009896E+001
  0.77796251E+000  0.89323031E+000  0.10977216E+001  0.24013322E+001
  0.77796240E+000  0.89323828E+000  0.10977210E+001  0.24016188E+001
  0.77796245E+000  0.89324492E+000  0.10977205E+001  0.24018554E+001
  0.77796264E+000  0.89325033E+000  0.10977202E+001  0.24020501E+001
  0.77796296E+000  0.89325471E+000  0.10977202E+001  0.24022099E+001
  0.77796336E+000  0.89325822E+000  0.10977203E+001  0.24023405E+001
  0.77796384E+000  0.89326102E+000  0.10977207E+001  0.24024469E+001
  0.77796437E+000  0.89326324E+000  0.10977211E+001  0.24025329E+001
  0.77796495E+000  0.89326496E+000  0.10977217E+001  0.24026019E+001
  0.77796556E+000  0.89326627E+000  0.10977224E+001  0.24026566E+001
  0.77796618E+000  0.89326725E+000  0.10977232E+001  0.24026992E+001
  0.77796682E+000  0.89326795E+000  0.10977240E+001  0.24027316E+001
  0.77796747E+000  0.89326843E+000  0.10977250E+001  0.24027553E+001
  0.77796811E+000  0.89326872E+000  0.10977260E+001  0.24027717E+001
  0.77796876E+000  0.89326885E+000  0.10977270E+001  0.24027817E+001
  0.77796939E+000  0.89326887E+000  0.10977281E+001  0.24027864E+001
  0.77797002E+000  0.89326879E+000  0.10977292E+001  0.24027866E+001
  0.77797064E+000  0.89326864E+000  0.10977304E+001  0.24027828E+001
  0.77797124E+000  0.89326844E+000  0.10977316E+001  0.24027757E+001
  0.77797183E+000  0.89326819E+000  0.10977329E+001  0.24027656E+001
  0.77797241E+000  0.89326792E+000  0.10977341E+001  0.24027532E+001
  0.77797297E+000  0.89326763E+000  0.10977354E+001  0.24027386E+001
  0.77797352E+000  0.89326734E+000  0.10977367E+001  0.24027221E+001
  0.77797406E+000  0.89326705E+000  0.10977380E+001  0.24027041E+001
  0.77797458E+000  0.89326677E+000  0.10977393E+001  0.24026848E+001
  0.77797508E+000  0.89326650E+000  0.10977406E+001  0.24026643E+001
  0.77797557E+000  0.89326625E+000  0.10977419E+001  0.24026428E+001
  0.77797604E+000  0.89326603E+000  0.10977432E+001  0.24026205E+001
  0.77797650E+000  0.89326582E+000  0.10977445E+001  0.24025975E+001
  0.77797693E+000  0.89326565E+000  0.10977457E+001  0.24025739E+001
  0.77797735E+000  0.89326550E+000  0.10977470E+001  0.24025497E+001
  0.77797775E+000  0.89326538E+000  0.10977482E+001  0.24025251E+001
  0.77797812E+000  0.89326529E+000  0.10977495E+001  0.24025001E+001
  0.77797847E+000  0.89326522E+000  0.10977507E+001  0.24024748E+001
  0.77797879E+000  0.89326518E+000  0.10977519E+001  0.24024493E+001
  0.77797909E+000  0.89326516E+000  0.10977531E+001  0.24024235E+001
  0.77797935E+000  0.89326516E+000  0.10977542E+001  0.24023975E+001
  0.77797958E+000  0.89326517E+000  0.10977554E+001  0.24023714E+001
  0.77797978E+000  0.89326520E+000  0.10977565E+001  0.24023452E+001
  0.77797993E+000  0.89326523E+000  0.10977577E+001  0.24023189E+001
  0.77798005E+000  0.89326527E+000  0.10977588E+001  0.24022926E+001
  0.77798013E+000  0.89326530E+000  0.10977600E+001  0.24022662E+001
  0.77798017E+000  0.89326533E+000  0.10977611E+001  0.24022398E+001
  0.77798016E+000  0.89326535E+000  0.10977623E+001  0.24022134E+001
  0.77798010E+000  0.89326534E+000  0.10977635E+001  0.24021871E+001
  0.77798000E+000  0.89326532E+000  0.10977646E+001  0.24021609E+001
  0.77797986E+000  0.89326528E+000  0.10977658E+001  0.24021348E+001
  0.77797967E+000  0.89326521E+000  0.10977670E+001  0.24021089E+001
  0.77797944E+000  0.89326510E+000  0.10977681E+001  0.24020832E+001
  0.77797916E+000  0.89326498E+000  0.10977693E+001  0.24020577E+001
  0.77797885E+000  0.89326482E+000  0.10977704E+001  0.24020325E+001
  0.77797849E+000  0.89326463E+000  0.10977716E+001  0.24020076E+001
  0.77797810E+000  0.89326441E+000  0.10977727E+001  0.24019830E+001
  0.77797767E+000  0.89326418E+000  0.10977738E+001  0.24019589E+001
  0.77797721E+000  0.89326392E+000  0.10977749E+001  0.24019352E+001
  0.77797672E+000  0.89326364E+000  0.10977759E+001  0.24019119E+001
  0.77797621E+000  0.89326335E+000  0.10977769E+001  0.24018891E+001
  0.77797567E+000  0.89326304E+000  0.10977778E+001  0.24018669E+001
  0.77797512E+000  0.89326273E+000  0.10977787E+001  0.24018452E+001
  0.77797455E+000  0.89326242E+000  0.10977796E+001  0.24018240E+001
  0.77797396E+000  0.89326211E+000  0.10977804E+001  0.24018034E+001
  0.77797337E+000  0.89326180E+000  0.10977811E+001  0.24017834E+001
  0.77797277E+000  0.89326149E+000  0.10977818E+001  0.24017640E+001
  0.77797217E+000  0.89326119E+000  0.10977824E+001  0.24017452E+001
  0.77797156E+000  0.89326090E+000  0.10977830E+001  0.24017270E+001
  0.77797097E+000  0.89326062E+000  0.10977835E+001  0.24017093E+001
  0.77797037E+000  0.89326034E+000  0.10977840E+001  0.24016923E+001
  0.77796979E+000  0.89326008E+000  0.10977844E+001  0.24016758E+001
  0.77796922E+000  0.89325982E+000  0.10977848E+001  0.24016599E+001
  0.77796866E+000  0.89325957E+000  0.10977852E+001  0.24016445E+001
  0.77796811E+000  0.89325932E+000  0.10977855E+001  0.24016297E+001
  0.77796759E+000  0.89325908E+000  0.10977858E+001  0.24016154E+001
  0.77796708E+000  0.89325884E+000  0.10977860E+001  0.24016015E+001
  0.77796659E+000  0.89325860E+000  0.10977862E+001  0.24015882E+001
  0.77796612E+000  0.89325837E+000  0.10977864E+001  0.24015753E+001
  0.77796567E+000  0.89325813E+000  0.10977865E+001  0.24015628E+001
  0.77796524E+000  0.89325789E+000  0.10977867E+001  0.24015507E+001
  0.77796484E+000  0.89325764E+000  0.10977868E+001  0.24015390E+001
  0.77796446E+000  0.89325740E+000  0.10977869E+001  0.24015277E+001
  0.77796409E+000  0.89325715E+000  0.10977870E+001  0.24015167E+001
  0.77796376E+000  0.89325690E+000  0.10977870E+001  0.24015060E+001
  0.77796344E+000  0.89325665E+000  0.10977871E+001  0.24014955E+001
  0.77796314E+000  0.89325639E+000  0.10977871E+001  0.24014854E+001
  0.77796287E+000  0.89325613E+000  0.10977871E+001  0.24014754E+001
  0.77796261E+000  0.89325588E+000  0.10977872E+001  0.24014657E+001
  0.77796237E+000  0.89325562E+000  0.10977872E+001  0.24014561E+001
  0.77796216E+000  0.89325537E+000  0.10977872E+001  0.24014467E+001
  0.77796195E+000  0.89325512E+000  0.10977872E+001  0.24014375E+001
  0.77796177E+000  0.89325487E+000  0.10977871E+001  0.24014283E+001
  0.77796160E+000  0.89325463E+000  0.10977871E+001  0.24014193E+001
  0.77796145E+000  0.89325439E+000  0.10977871E+001  0.24014104E+001
  0.77796130E+000  0.89325416E+000  0.10977870E+001  0.24014015E+001
  0.77796118E+000  0.89325393E+000  0.10977870E+001  0.24013927E+001
  0.77796106E+000  0.89325372E+000  0.10977869E+001  0.24013840E+001
  0.77796095E+000  0.89325351E+000  0.10977869E+001  0.24013753E+001
  0.77796086E+000  0.89325331E+000  0.10977868E+001  0.24013666E+001
  0.77796077E+000  0.89325312E+000  0.10977868E+001  0.24013579E+001
  0.77796070E+000  0.89325294E+000  0.10977867E+001  0.24013493E+001
  0.77796063E+000  0.89325276E+000  0.10977866E+001  0.24013406E+001
  0.77796057E+000  0.89325260E+000  0.10977865E+001  0.24013320E+001
  0.77796051E+000  0.89325244E+000  0.10977864E+001  0.24013233E+001
  0.77796046E+000  0.89325230E+000  0.10977863E+001  0.24013146E+001
  0.77796042E+000  0.89325216E+000  0.10977862E+001  0.24013059E+001
  0.77796038E+000  0.89325203E+000  0.10977861E+001  0.24012972E+001
  0.77796034E+000  0.89325190E+000  0.10977860E+001  0.24012885E+001
  0.77796031E+000  0.89325179E+000  0.10977859E+001  0.24012797E+001
  0.77796028E+000  0.89325168E+000  0.10977858E+001  0.24012708E+001
  0.77796025E+000  0.89325158E+000  0.10977857E+001  0.24012620E+001
  0.77796023E+000  0.89325148E+000  0.10977856E+001  0.24012530E+001
  0.77796021E+000  0.89325139E+000  0.10977855E+001  0.24012441E+001
  0.77796019E+000  0.89325130E+000  0.10977854E+001  0.24012350E+001
  0.77796017E+000  0.89325122E+000  0.10977853E+001  0.24012260E+001
  0.77796015E+000  0.89325115E+000  0.10977851E+001  0.24012168E+001
  0.77796014E+000  0.89325107E+000  0.10977850E+001  0.24012076E+001
  0.77796013E+000  0.89325101E+000  0.10977849E+001  0.24011984E+001
  0.77796011E+000  0.89325094E+000  0.10977848E+001  0.24011891E+001
  0.77796010E+000  0.89325088E+000  0.10977846E+001  0.24011797E+001
  0.77796009E+000  0.89325083E+000  0.10977845E+001  0.24011703E+001
  0.77796008E+000  0.89325078E+000  0.10977844E+001  0.24011607E+001
  0.77796007E+000  0.89325073E+000  0.10977843E+001  0.24011512E+001
  0.77796006E+000  0.89325068E+000  0.10977842E+001  0.24011415E+001
  0.77796005E+000  0.89325064E+000  0.10977840E+001  0.24011318E+001
  0.77796004E+000  0.89325060E+000  0.10977839E+001  0.24011220E+001
  0.77796003E+000  0.89325056E+000  0.10977838E+001  0.24011122E+001
  0.77796002E+000  0.89325052E+000  0.10977837E+001  0.24011023E+001
  0.77796001E+000  0.89325049E+000  0.10977836E+001  0.24010923E+001
  0.77796000E+000  0.89325046E+000  0.10977834E+001  0.24010822E+001
  0.77795999E+000  0.89325043E+000  0.10977833E+001  0.24010721E+001
  0.77795998E+000  0.89325040E+000  0.10977832E+001  0.24010619E+001
  0.77795997E+000  0.89325037E+000  0.10977831E+001  0.24010516E+001
  0.77795997E+000  0.89325035E+000  0.10977830E+001  0.24010413E+001
  0.77795996E+000  0.89325033E+000  0.10977829E+001  0.24010309E+001
  0.77795995E+000  0.89325031E+000  0.10977828E+001  0.24010205E+001
  0.77795995E+000  0.89325029E+000  0.10977827E+001  0.24010099E+001
  0.77795994E+000  0.89325027E+000  0.10977826E+001  0.24009994E+001
  0.77795993E+000  0.89325026E+000  0.10977825E+001  0.24009888E+001
  0.77795993E+000  0.89325024E+000  0.10977824E+001  0.24009781E+001
  0.77795992E+000  0.89325023E+000  0.10977823E+001  0.24009674E+001
  0.77795992E+000  0.89325022E+000  0.10977822E+001  0.24009567E+001
  0.77795992E+000  0.89325021E+000  0.10977821E+001  0.24009459E+001
  0.77795991E+000  0.89325020E+000  0.10977821E+001  0.24009351E+001
  0.77795991E+000  0.89325019E+000  0.10977820E+001  0.24009242E+001
  0.77795991E+000  0.89325019E+000  0.10977819E+001  0.24009134E+001
  0.77795991E+000  0.89325018E+000  0.10977818E+001  0.24009025E+001
  0.77795991E+000  0.89325017E+000  0.10977817E+001  0.24008916E+001
  0.77795991E+000  0.89325017E+000  0.10977817E+001  0.24008807E+001
  0.77795991E+000  0.89325017E+000  0.10977816E+001  0.24008698E+001
  0.77795991E+000  0.89325017E+000  0.10977815E+001  0.24008589E+001
  0.77795991E+000  0.89325016E+000  0.10977815E+001  0.24008480E+001
  0.77795991E+000  0.89325016E+000  0.10977814E+001  0.24008372E+001
  0.77795992E+000  0.89325016E+000  0.10977814E+001  0.24008263E+001
  0.77795992E+000  0.89325016E+000  0.10977813E+001  0.24008155E+001
  0.77795992E+000  0.89325016E+000  0.10977812E+001  0.24008047E+001
  0.77795993E+000  0.89325016E+000  0.10977812E+001  0.24007940E+001
  0.77795993E+000  0.89325017E+000  0.10977812E+001  0.24007833E+001
  0.77795994E+000  0.89325017E+000  0.10977811E+001  0.24007726E+001
  0.77795994E+000  0.89325017E+000  0.10977811E+001  0.24007620E+001
  0.77795995E+000  0.89325017E+000  0.10977810E+001  0.24007515E+001
  0.77795995E+000  0.89325017E+000  0.10977810E+001  0.24007410E+001
  0.77795996E+000  0.89325018E+000  0.10977809E+001  0.24007307E+001
  0.77795997E+000  0.89325018E+000  0.10977809E+001  0.24007204E+001
  0.77795997E+000  0.89325018E+000  0.10977809E+001  0.24007102E+001
  0.77795998E+000  0.89325018E+000  0.10977809E+001  0.24007000E+001
  0.77795999E+000  0.89325018E+000  0.10977808E+001  0.24006900E+001
  0.77795999E+000  0.89325019E+000  0.10977808E+001  0.24006801E+001
  0.77796000E+000  0.89325019E+000  0.10977808E+001  0.24006703E+001
  0.77796001E+000  0.89325019E+000  0.10977808E+001  0.24006606E+001
  0.77796002E+000  0.89325019E+000  0.10977807E+001  0.24006510E+001
  0.77796002E+000  0.89325019E+000  0.10977807E+001  0.24006415E+001
  0.77796003E+000  0.89325019E+000  0.10977807E+001  0.24006322E+001
  0.77796004E+000  0.89325019E+000  0.10977807E+001  0.24006230E+001
  0.77796004E+000  0.89325019E+000  0.10977807E+001  0.24006139E+001
  0.77796005E+000  0.89325019E+000  0.10977807E+001  0.24006050E+001
  0.77796006E+000  0.89325019E+000  0.10977807E+001  0.24005962E+001
  0.77796006E+000  0.89325019E+000  0.10977807E+001  0.24005875E+001
  0.77796007E+000  0.89325019E+000  0.10977807E+001  0.24005790E+001
  0.77796008E+000  0.89325019E+000  0.10977807E+001  0.24005706E+001
  0.77796008E+000  0.89325019E+000  0.10977807E+001  0.24005624E+001
  0.77796009E+000  0.89325019E+000  0.10977807E+001  0.24005543E+001
  0.77796010E+000  0.89325018E+000  0.10977807E+001  0.24005464E+001
  0.77796010E+000  0.89325018E+000  0.10977807E+001  0.24005387E+001
  0.77796011E+000  0.89325018E+000  0.10977807E+001  0.24005311E+001
  0.77796011E+000  0.89325017E+000  0.10977807E+001  0.24005236E+001
  0.77796012E+000  0.89325017E+000  0.10977807E+001  0.24005163E+001
  0.77796012E+000  0.89325017E+000  0.10977807E+001  0.24005092E+001
  0.77796012E+000  0.89325016E+000  0.10977807E+001  0.24005022E+001
  0.77796013E+000  0.89325016E+000  0.10977807E+001  0.24004954E+001
  0.77796013E+000  0.89325015E+000  0.10977807E+001  0.24004887E+001
  0.77796014E+000  0.89325015E+000  0.10977807E+001  0.24004822E+001
  0.77796014E+000  0.89325014E+000  0.10977807E+001  0.24004759E+001
  0.77796014E+000  0.89325014E+000  0.10977807E+001  0.24004697E+001
  0.77796014E+000  0.89325013E+000  0.10977807E+001  0.24004636E+001
  0.77796015E+000  0.89325013E+000  0.10977807E+001  0.24004577E+001
  0.77796015E+000  0.89325012E+000  0.10977807E+001  0.24004520E+001
  0.77796015E+000  0.89325012E+000  0.10977808E+001  0.24004464E+001
  0.77796015E+000  0.89325011E+000  0.10977808E+001  0.24004410E+001
  0.77796015E+000  0.89325011E+000  0.10977808E+001  0.24004357E+001
