  0.96928999E+000
  0.96928638E+000
  0.96926332E+000
  0.96924209E+000
  0.96922420E+000
  0.96920932E+000
  0.96919696E+000
  0.96918670E+000
  0.96917822E+000
  0.96917122E+000
  0.96916547E+000
  0.96916078E+000
  0.96915699E+000
  0.96915397E+000
  0.96915159E+000
  0.96914976E+000
  0.96914841E+000
  0.96914747E+000
  0.96914686E+000
  0.96914656E+000
  0.96914651E+000
  0.96914667E+000
  0.96914702E+000
  0.96914753E+000
  0.96914818E+000
  0.96914894E+000
  0.96914981E+000
  0.96915075E+000
  0.96915177E+000
  0.96915285E+000
  0.96915398E+000
  0.96915515E+000
  0.96915635E+000
  0.96915759E+000
  0.96915885E+000
  0.96916013E+000
  0.96916143E+000
  0.96916275E+000
  0.96916407E+000
  0.96916541E+000
  0.96916676E+000
  0.96916811E+000
  0.96916947E+000
  0.96917084E+000
  0.96917221E+000
  0.96917359E+000
  0.96917497E+000
  0.96917635E+000
  0.96917773E+000
  0.96917911E+000
  0.96918049E+000
  0.96918187E+000
  0.96918324E+000
  0.96918459E+000
  0.96918594E+000
  0.96918728E+000
  0.96918860E+000
  0.96918990E+000
  0.96919119E+000
  0.96919245E+000
  0.96919369E+000
  0.96919490E+000
  0.96919609E+000
  0.96919725E+000
  0.96919838E+000
  0.96919948E+000
  0.96920056E+000
  0.96920160E+000
  0.96920261E+000
  0.96920360E+000
  0.96920455E+000
  0.96920547E+000
  0.96920637E+000
  0.96920723E+000
  0.96920807E+000
  0.96920888E+000
  0.96920966E+000
  0.96921042E+000
  0.96921116E+000
  0.96921187E+000
  0.96921256E+000
  0.96921323E+000
  0.96921389E+000
  0.96921452E+000
  0.96921513E+000
  0.96921574E+000
  0.96921632E+000
  0.96921689E+000
  0.96921745E+000
  0.96921800E+000
  0.96921854E+000
  0.96921907E+000
  0.96921959E+000
  0.96922010E+000
  0.96922061E+000
  0.96922111E+000
  0.96922160E+000
  0.96922209E+000
  0.96922257E+000
  0.96922304E+000
  0.96922351E+000
  0.96922398E+000
  0.96922444E+000
  0.96922489E+000
  0.96922535E+000
  0.96922579E+000
  0.96922623E+000
  0.96922667E+000
  0.96922710E+000
  0.96922753E+000
  0.96922795E+000
  0.96922836E+000
  0.96922877E+000
  0.96922917E+000
  0.96922957E+000
  0.96922996E+000
  0.96923035E+000
  0.96923073E+000
  0.96923110E+000
  0.96923146E+000
  0.96923182E+000
  0.96923217E+000
  0.96923252E+000
  0.96923285E+000
  0.96923318E+000
  0.96923350E+000
  0.96923382E+000
  0.96923413E+000
  0.96923443E+000
  0.96923472E+000
  0.96923500E+000
  0.96923528E+000
  0.96923555E+000
  0.96923582E+000
  0.96923607E+000
  0.96923632E+000
  0.96923656E+000
  0.96923680E+000
  0.96923703E+000
  0.96923725E+000
  0.96923746E+000
  0.96923767E+000
  0.96923787E+000
  0.96923807E+000
  0.96923826E+000
  0.96923844E+000
  0.96923862E+000
  0.96923879E+000
  0.96923895E+000
  0.96923912E+000
  0.96923927E+000
  0.96923942E+000
  0.96923957E+000
  0.96923971E+000
  0.96923984E+000
  0.96923997E+000
  0.96924010E+000
  0.96924022E+000
  0.96924034E+000
  0.96924046E+000
  0.96924057E+000
  0.96924068E+000
  0.96924078E+000
  0.96924088E+000
  0.96924098E+000
  0.96924108E+000
  0.96924117E+000
  0.96924126E+000
  0.96924135E+000
  0.96924143E+000
  0.96924151E+000
  0.96924159E+000
  0.96924167E+000
  0.96924175E+000
  0.96924182E+000
  0.96924189E+000
  0.96924196E+000
  0.96924203E+000
  0.96924210E+000
  0.96924216E+000
  0.96924223E+000
  0.96924229E+000
  0.96924235E+000
  0.96924241E+000
  0.96924247E+000
  0.96924252E+000
  0.96924258E+000
  0.96924263E+000
  0.96924269E+000
  0.96924274E+000
  0.96924279E+000
  0.96924284E+000
  0.96924288E+000
  0.96924293E+000
  0.96924298E+000
  0.96924302E+000
  0.96924306E+000
  0.96924310E+000
  0.96924315E+000
  0.96924318E+000
