 -0.47077723E-001  0.61853225E-001  0.14542415E+001  0.42332906E+002
 -0.47075337E-001  0.61871337E-001  0.14545874E+001  0.42349166E+002
 -0.47073495E-001  0.61885232E-001  0.14548522E+001  0.42361397E+002
 -0.47072032E-001  0.61896256E-001  0.14550636E+001  0.42371125E+002
 -0.47070868E-001  0.61905081E-001  0.14552346E+001  0.42379014E+002
 -0.47069952E-001  0.61912146E-001  0.14553736E+001  0.42385454E+002
 -0.47069240E-001  0.61917775E-001  0.14554860E+001  0.42390722E+002
 -0.47068698E-001  0.61922223E-001  0.14555763E+001  0.42395029E+002
 -0.47068298E-001  0.61925693E-001  0.14556483E+001  0.42398540E+002
 -0.47068015E-001  0.61928349E-001  0.14557050E+001  0.42401390E+002
 -0.47067829E-001  0.61930329E-001  0.14557489E+001  0.42403690E+002
 -0.47067722E-001  0.61931743E-001  0.14557821E+001  0.42405530E+002
 -0.47067680E-001  0.61932684E-001  0.14558064E+001  0.42406984E+002
 -0.47067691E-001  0.61933228E-001  0.14558230E+001  0.42408113E+002
 -0.47067743E-001  0.61933438E-001  0.14558332E+001  0.42408969E+002
 -0.47067830E-001  0.61933365E-001  0.14558380E+001  0.42409593E+002
 -0.47067943E-001  0.61933053E-001  0.14558381E+001  0.42410022E+002
 -0.47068076E-001  0.61932539E-001  0.14558343E+001  0.42410284E+002
 -0.47068226E-001  0.61931852E-001  0.14558272E+001  0.42410405E+002
 -0.47068388E-001  0.61931017E-001  0.14558172E+001  0.42410405E+002
 -0.47068558E-001  0.61930056E-001  0.14558048E+001  0.42410303E+002
 -0.47068735E-001  0.61928985E-001  0.14557902E+001  0.42410113E+002
 -0.47068916E-001  0.61927818E-001  0.14557738E+001  0.42409848E+002
 -0.47069100E-001  0.61926568E-001  0.14557558E+001  0.42409518E+002
 -0.47069286E-001  0.61925244E-001  0.14557364E+001  0.42409133E+002
 -0.47069472E-001  0.61923854E-001  0.14557159E+001  0.42408700E+002
 -0.47069658E-001  0.61922405E-001  0.14556943E+001  0.42408226E+002
 -0.47069844E-001  0.61920901E-001  0.14556717E+001  0.42407717E+002
 -0.47070029E-001  0.61919347E-001  0.14556484E+001  0.42407178E+002
 -0.47070214E-001  0.61917746E-001  0.14556244E+001  0.42406612E+002
 -0.47070398E-001  0.61916099E-001  0.14555997E+001  0.42406024E+002
 -0.47070582E-001  0.61914408E-001  0.14555744E+001  0.42405416E+002
 -0.47070765E-001  0.61912675E-001  0.14555486E+001  0.42404792E+002
 -0.47070949E-001  0.61910900E-001  0.14555224E+001  0.42404153E+002
 -0.47071133E-001  0.61909083E-001  0.14554957E+001  0.42403501E+002
 -0.47071318E-001  0.61907224E-001  0.14554687E+001  0.42402838E+002
 -0.47071504E-001  0.61905324E-001  0.14554412E+001  0.42402166E+002
 -0.47071691E-001  0.61903383E-001  0.14554135E+001  0.42401486E+002
 -0.47071879E-001  0.61901402E-001  0.14553855E+001  0.42400798E+002
 -0.47072070E-001  0.61899380E-001  0.14553572E+001  0.42400105E+002
 -0.47072263E-001  0.61897320E-001  0.14553287E+001  0.42399406E+002
 -0.47072458E-001  0.61895223E-001  0.14553000E+001  0.42398702E+002
 -0.47072655E-001  0.61893093E-001  0.14552712E+001  0.42397996E+002
 -0.47072855E-001  0.61890931E-001  0.14552422E+001  0.42397286E+002
 -0.47073057E-001  0.61888743E-001  0.14552131E+001  0.42396574E+002
 -0.47073262E-001  0.61886533E-001  0.14551840E+001  0.42395860E+002
 -0.47073468E-001  0.61884307E-001  0.14551548E+001  0.42395146E+002
 -0.47073676E-001  0.61882071E-001  0.14551258E+001  0.42394432E+002
 -0.47073885E-001  0.61879832E-001  0.14550968E+001  0.42393719E+002
 -0.47074095E-001  0.61877598E-001  0.14550680E+001  0.42393007E+002
 -0.47074306E-001  0.61875377E-001  0.14550394E+001  0.42392298E+002
 -0.47074516E-001  0.61873175E-001  0.14550110E+001  0.42391592E+002
 -0.47074725E-001  0.61871003E-001  0.14549830E+001  0.42390891E+002
 -0.47074933E-001  0.61868866E-001  0.14549554E+001  0.42390195E+002
 -0.47075138E-001  0.61866773E-001  0.14549282E+001  0.42389506E+002
 -0.47075341E-001  0.61864731E-001  0.14549016E+001  0.42388823E+002
 -0.47075540E-001  0.61862747E-001  0.14548754E+001  0.42388149E+002
 -0.47075735E-001  0.61860826E-001  0.14548499E+001  0.42387485E+002
 -0.47075925E-001  0.61858975E-001  0.14548251E+001  0.42386830E+002
 -0.47076110E-001  0.61857197E-001  0.14548009E+001  0.42386186E+002
 -0.47076288E-001  0.61855498E-001  0.14547774E+001  0.42385554E+002
 -0.47076461E-001  0.61853880E-001  0.14547547E+001  0.42384934E+002
 -0.47076627E-001  0.61852348E-001  0.14547327E+001  0.42384327E+002
 -0.47076785E-001  0.61850902E-001  0.14547115E+001  0.42383734E+002
 -0.47076937E-001  0.61849546E-001  0.14546911E+001  0.42383154E+002
 -0.47077081E-001  0.61848280E-001  0.14546716E+001  0.42382589E+002
 -0.47077217E-001  0.61847106E-001  0.14546528E+001  0.42382038E+002
 -0.47077345E-001  0.61846023E-001  0.14546348E+001  0.42381501E+002
 -0.47077466E-001  0.61845032E-001  0.14546176E+001  0.42380979E+002
 -0.47077579E-001  0.61844132E-001  0.14546011E+001  0.42380471E+002
 -0.47077684E-001  0.61843323E-001  0.14545854E+001  0.42379977E+002
 -0.47077782E-001  0.61842602E-001  0.14545705E+001  0.42379498E+002
 -0.47077872E-001  0.61841968E-001  0.14545562E+001  0.42379032E+002
 -0.47077955E-001  0.61841420E-001  0.14545426E+001  0.42378579E+002
 -0.47078030E-001  0.61840953E-001  0.14545296E+001  0.42378139E+002
 -0.47078099E-001  0.61840566E-001  0.14545173E+001  0.42377712E+002
 -0.47078160E-001  0.61840255E-001  0.14545055E+001  0.42377296E+002
 -0.47078216E-001  0.61840017E-001  0.14544942E+001  0.42376891E+002
 -0.47078265E-001  0.61839847E-001  0.14544835E+001  0.42376496E+002
 -0.47078308E-001  0.61839743E-001  0.14544732E+001  0.42376112E+002
 -0.47078345E-001  0.61839699E-001  0.14544634E+001  0.42375736E+002
 -0.47078377E-001  0.61839712E-001  0.14544540E+001  0.42375369E+002
 -0.47078404E-001  0.61839778E-001  0.14544450E+001  0.42375009E+002
 -0.47078426E-001  0.61839891E-001  0.14544363E+001  0.42374657E+002
 -0.47078444E-001  0.61840047E-001  0.14544279E+001  0.42374310E+002
 -0.47078458E-001  0.61840243E-001  0.14544198E+001  0.42373970E+002
 -0.47078467E-001  0.61840473E-001  0.14544120E+001  0.42373634E+002
 -0.47078474E-001  0.61840734E-001  0.14544044E+001  0.42373302E+002
 -0.47078477E-001  0.61841021E-001  0.14543971E+001  0.42372975E+002
 -0.47078476E-001  0.61841330E-001  0.14543900E+001  0.42372650E+002
 -0.47078474E-001  0.61841659E-001  0.14543831E+001  0.42372328E+002
 -0.47078468E-001  0.61842002E-001  0.14543764E+001  0.42372008E+002
 -0.47078461E-001  0.61842358E-001  0.14543699E+001  0.42371690E+002
 -0.47078451E-001  0.61842722E-001  0.14543635E+001  0.42371373E+002
 -0.47078440E-001  0.61843093E-001  0.14543574E+001  0.42371057E+002
 -0.47078427E-001  0.61843467E-001  0.14543514E+001  0.42370741E+002
 -0.47078413E-001  0.61843842E-001  0.14543455E+001  0.42370425E+002
 -0.47078398E-001  0.61844216E-001  0.14543399E+001  0.42370109E+002
 -0.47078381E-001  0.61844587E-001  0.14543344E+001  0.42369793E+002
 -0.47078364E-001  0.61844954E-001  0.14543291E+001  0.42369476E+002
 -0.47078346E-001  0.61845315E-001  0.14543240E+001  0.42369158E+002
 -0.47078328E-001  0.61845669E-001  0.14543190E+001  0.42368840E+002
 -0.47078309E-001  0.61846015E-001  0.14543143E+001  0.42368519E+002
 -0.47078290E-001  0.61846352E-001  0.14543097E+001  0.42368198E+002
 -0.47078271E-001  0.61846680E-001  0.14543053E+001  0.42367875E+002
 -0.47078251E-001  0.61846997E-001  0.14543011E+001  0.42367550E+002
 -0.47078232E-001  0.61847304E-001  0.14542971E+001  0.42367223E+002
 -0.47078213E-001  0.61847601E-001  0.14542933E+001  0.42366895E+002
 -0.47078193E-001  0.61847887E-001  0.14542897E+001  0.42366565E+002
 -0.47078174E-001  0.61848162E-001  0.14542862E+001  0.42366233E+002
 -0.47078156E-001  0.61848427E-001  0.14542830E+001  0.42365899E+002
 -0.47078137E-001  0.61848682E-001  0.14542800E+001  0.42365563E+002
 -0.47078119E-001  0.61848926E-001  0.14542771E+001  0.42365224E+002
 -0.47078101E-001  0.61849161E-001  0.14542744E+001  0.42364884E+002
 -0.47078083E-001  0.61849386E-001  0.14542719E+001  0.42364542E+002
 -0.47078066E-001  0.61849602E-001  0.14542696E+001  0.42364197E+002
 -0.47078049E-001  0.61849810E-001  0.14542675E+001  0.42363851E+002
 -0.47078033E-001  0.61850009E-001  0.14542655E+001  0.42363502E+002
 -0.47078017E-001  0.61850200E-001  0.14542637E+001  0.42363151E+002
 -0.47078001E-001  0.61850384E-001  0.14542621E+001  0.42362799E+002
 -0.47077985E-001  0.61850562E-001  0.14542606E+001  0.42362444E+002
 -0.47077970E-001  0.61850732E-001  0.14542593E+001  0.42362087E+002
 -0.47077956E-001  0.61850897E-001  0.14542581E+001  0.42361728E+002
 -0.47077941E-001  0.61851056E-001  0.14542570E+001  0.42361367E+002
 -0.47077927E-001  0.61851209E-001  0.14542561E+001  0.42361004E+002
 -0.47077913E-001  0.61851358E-001  0.14542553E+001  0.42360639E+002
 -0.47077900E-001  0.61851502E-001  0.14542546E+001  0.42360273E+002
 -0.47077887E-001  0.61851641E-001  0.14542541E+001  0.42359904E+002
 -0.47077874E-001  0.61851777E-001  0.14542536E+001  0.42359534E+002
 -0.47077861E-001  0.61851909E-001  0.14542532E+001  0.42359163E+002
 -0.47077849E-001  0.61852037E-001  0.14542529E+001  0.42358790E+002
 -0.47077837E-001  0.61852162E-001  0.14542527E+001  0.42358415E+002
 -0.47077825E-001  0.61852284E-001  0.14542526E+001  0.42358039E+002
 -0.47077813E-001  0.61852403E-001  0.14542526E+001  0.42357662E+002
 -0.47077801E-001  0.61852518E-001  0.14542526E+001  0.42357284E+002
 -0.47077790E-001  0.61852631E-001  0.14542527E+001  0.42356905E+002
 -0.47077779E-001  0.61852742E-001  0.14542529E+001  0.42356524E+002
 -0.47077768E-001  0.61852849E-001  0.14542531E+001  0.42356144E+002
 -0.47077757E-001  0.61852954E-001  0.14542534E+001  0.42355762E+002
 -0.47077747E-001  0.61853056E-001  0.14542537E+001  0.42355380E+002
 -0.47077737E-001  0.61853155E-001  0.14542540E+001  0.42354998E+002
 -0.47077727E-001  0.61853251E-001  0.14542544E+001  0.42354615E+002
 -0.47077717E-001  0.61853345E-001  0.14542548E+001  0.42354233E+002
 -0.47077707E-001  0.61853436E-001  0.14542552E+001  0.42353850E+002
 -0.47077698E-001  0.61853524E-001  0.14542557E+001  0.42353468E+002
 -0.47077689E-001  0.61853609E-001  0.14542561E+001  0.42353087E+002
 -0.47077680E-001  0.61853691E-001  0.14542566E+001  0.42352706E+002
 -0.47077671E-001  0.61853769E-001  0.14542571E+001  0.42352325E+002
 -0.47077663E-001  0.61853845E-001  0.14542576E+001  0.42351946E+002
 -0.47077655E-001  0.61853917E-001  0.14542581E+001  0.42351568E+002
 -0.47077647E-001  0.61853985E-001  0.14542586E+001  0.42351192E+002
 -0.47077640E-001  0.61854050E-001  0.14542591E+001  0.42350817E+002
 -0.47077633E-001  0.61854112E-001  0.14542596E+001  0.42350444E+002
 -0.47077626E-001  0.61854170E-001  0.14542600E+001  0.42350072E+002
 -0.47077620E-001  0.61854224E-001  0.14542605E+001  0.42349703E+002
 -0.47077614E-001  0.61854275E-001  0.14542609E+001  0.42349336E+002
 -0.47077608E-001  0.61854321E-001  0.14542613E+001  0.42348972E+002
 -0.47077603E-001  0.61854364E-001  0.14542617E+001  0.42348610E+002
 -0.47077598E-001  0.61854403E-001  0.14542621E+001  0.42348251E+002
 -0.47077594E-001  0.61854438E-001  0.14542624E+001  0.42347895E+002
 -0.47077589E-001  0.61854470E-001  0.14542627E+001  0.42347542E+002
 -0.47077586E-001  0.61854497E-001  0.14542630E+001  0.42347193E+002
 -0.47077582E-001  0.61854521E-001  0.14542632E+001  0.42346847E+002
 -0.47077580E-001  0.61854541E-001  0.14542634E+001  0.42346504E+002
 -0.47077577E-001  0.61854557E-001  0.14542636E+001  0.42346166E+002
 -0.47077575E-001  0.61854569E-001  0.14542637E+001  0.42345831E+002
 -0.47077573E-001  0.61854578E-001  0.14542638E+001  0.42345500E+002
 -0.47077572E-001  0.61854584E-001  0.14542639E+001  0.42345174E+002
 -0.47077571E-001  0.61854585E-001  0.14542639E+001  0.42344852E+002
 -0.47077570E-001  0.61854584E-001  0.14542639E+001  0.42344534E+002
 -0.47077570E-001  0.61854580E-001  0.14542639E+001  0.42344221E+002
 -0.47077570E-001  0.61854572E-001  0.14542638E+001  0.42343912E+002
 -0.47077571E-001  0.61854561E-001  0.14542637E+001  0.42343609E+002
 -0.47077571E-001  0.61854548E-001  0.14542635E+001  0.42343310E+002
 -0.47077573E-001  0.61854532E-001  0.14542633E+001  0.42343016E+002
 -0.47077574E-001  0.61854513E-001  0.14542631E+001  0.42342727E+002
 -0.47077576E-001  0.61854492E-001  0.14542629E+001  0.42342443E+002
 -0.47077578E-001  0.61854469E-001  0.14542626E+001  0.42342164E+002
 -0.47077580E-001  0.61854444E-001  0.14542623E+001  0.42341890E+002
 -0.47077582E-001  0.61854417E-001  0.14542619E+001  0.42341622E+002
 -0.47077585E-001  0.61854388E-001  0.14542616E+001  0.42341358E+002
 -0.47077588E-001  0.61854358E-001  0.14542612E+001  0.42341100E+002
 -0.47077591E-001  0.61854326E-001  0.14542608E+001  0.42340848E+002
 -0.47077594E-001  0.61854293E-001  0.14542603E+001  0.42340600E+002
 -0.47077598E-001  0.61854259E-001  0.14542599E+001  0.42340358E+002
 -0.47077601E-001  0.61854224E-001  0.14542594E+001  0.42340121E+002
 -0.47077605E-001  0.61854188E-001  0.14542589E+001  0.42339890E+002
 -0.47077609E-001  0.61854152E-001  0.14542584E+001  0.42339664E+002
 -0.47077613E-001  0.61854115E-001  0.14542579E+001  0.42339443E+002
 -0.47077617E-001  0.61854077E-001  0.14542574E+001  0.42339227E+002
 -0.47077621E-001  0.61854040E-001  0.14542569E+001  0.42339017E+002
 -0.47077625E-001  0.61854002E-001  0.14542563E+001  0.42338811E+002
 -0.47077629E-001  0.61853964E-001  0.14542558E+001  0.42338611E+002
 -0.47077633E-001  0.61853925E-001  0.14542552E+001  0.42338416E+002
 -0.47077637E-001  0.61853887E-001  0.14542547E+001  0.42338227E+002
 -0.47077642E-001  0.61853850E-001  0.14542541E+001  0.42338042E+002
 -0.47077646E-001  0.61853812E-001  0.14542535E+001  0.42337862E+002
 -0.47077650E-001  0.61853774E-001  0.14542530E+001  0.42337687E+002
 -0.47077654E-001  0.61853737E-001  0.14542524E+001  0.42337517E+002
 -0.47077658E-001  0.61853700E-001  0.14542518E+001  0.42337352E+002
