  0.15241020E+001
  0.15211599E+001
  0.15193389E+001
  0.15180036E+001
  0.15169516E+001
  0.15160981E+001
  0.15153959E+001
  0.15148129E+001
  0.15143275E+001
  0.15139221E+001
  0.15135824E+001
  0.15132971E+001
  0.15130571E+001
  0.15128550E+001
  0.15126847E+001
  0.15125410E+001
  0.15124200E+001
  0.15123181E+001
  0.15122323E+001
  0.15121603E+001
  0.15121000E+001
  0.15120495E+001
  0.15120075E+001
  0.15119726E+001
  0.15119439E+001
  0.15119203E+001
  0.15119010E+001
  0.15118854E+001
  0.15118729E+001
  0.15118630E+001
  0.15118552E+001
  0.15118491E+001
  0.15118444E+001
  0.15118408E+001
  0.15118381E+001
  0.15118361E+001
  0.15118346E+001
  0.15118335E+001
  0.15118326E+001
  0.15118320E+001
  0.15118314E+001
  0.15118308E+001
  0.15118303E+001
  0.15118297E+001
  0.15118291E+001
  0.15118284E+001
  0.15118276E+001
  0.15118268E+001
  0.15118259E+001
  0.15118249E+001
  0.15118238E+001
  0.15118227E+001
  0.15118216E+001
  0.15118204E+001
  0.15118191E+001
  0.15118179E+001
  0.15118165E+001
  0.15118152E+001
  0.15118137E+001
  0.15118123E+001
  0.15118108E+001
  0.15118092E+001
  0.15118076E+001
  0.15118060E+001
  0.15118042E+001
  0.15118025E+001
  0.15118007E+001
  0.15117988E+001
  0.15117969E+001
  0.15117949E+001
  0.15117929E+001
  0.15117909E+001
  0.15117887E+001
  0.15117866E+001
  0.15117844E+001
  0.15117821E+001
  0.15117799E+001
  0.15117775E+001
  0.15117752E+001
  0.15117728E+001
  0.15117704E+001
  0.15117679E+001
  0.15117654E+001
  0.15117629E+001
  0.15117603E+001
  0.15117578E+001
  0.15117552E+001
  0.15117525E+001
  0.15117499E+001
  0.15117472E+001
  0.15117445E+001
  0.15117418E+001
  0.15117391E+001
  0.15117363E+001
  0.15117336E+001
  0.15117308E+001
  0.15117280E+001
  0.15117252E+001
  0.15117223E+001
  0.15117195E+001
  0.15117166E+001
  0.15117137E+001
  0.15117108E+001
  0.15117079E+001
  0.15117049E+001
  0.15117020E+001
  0.15116990E+001
  0.15116960E+001
  0.15116930E+001
  0.15116899E+001
  0.15116869E+001
  0.15116838E+001
  0.15116807E+001
  0.15116775E+001
  0.15116744E+001
  0.15116712E+001
  0.15116680E+001
  0.15116648E+001
  0.15116616E+001
  0.15116583E+001
  0.15116550E+001
  0.15116517E+001
  0.15116483E+001
  0.15116450E+001
  0.15116416E+001
  0.15116382E+001
  0.15116347E+001
  0.15116313E+001
  0.15116278E+001
  0.15116243E+001
  0.15116208E+001
  0.15116172E+001
  0.15116137E+001
  0.15116101E+001
  0.15116065E+001
  0.15116029E+001
  0.15115993E+001
  0.15115956E+001
  0.15115920E+001
  0.15115883E+001
  0.15115846E+001
  0.15115809E+001
  0.15115772E+001
  0.15115735E+001
  0.15115698E+001
  0.15115661E+001
  0.15115624E+001
  0.15115587E+001
  0.15115550E+001
  0.15115513E+001
  0.15115477E+001
  0.15115440E+001
  0.15115403E+001
  0.15115367E+001
  0.15115330E+001
  0.15115294E+001
  0.15115258E+001
  0.15115223E+001
  0.15115187E+001
  0.15115152E+001
  0.15115117E+001
  0.15115082E+001
  0.15115048E+001
  0.15115014E+001
  0.15114980E+001
  0.15114947E+001
  0.15114914E+001
  0.15114881E+001
  0.15114849E+001
  0.15114818E+001
  0.15114786E+001
  0.15114755E+001
  0.15114725E+001
  0.15114695E+001
  0.15114666E+001
  0.15114637E+001
  0.15114608E+001
  0.15114580E+001
  0.15114553E+001
  0.15114526E+001
  0.15114499E+001
  0.15114473E+001
  0.15114448E+001
  0.15114423E+001
  0.15114399E+001
  0.15114375E+001
  0.15114351E+001
  0.15114329E+001
  0.15114306E+001
  0.15114285E+001
  0.15114264E+001
  0.15114243E+001
  0.15114223E+001
  0.15114203E+001
  0.15114184E+001
  0.15114165E+001
  0.15114147E+001
  0.15114130E+001
  0.15114113E+001
  0.15114096E+001
