  0.68698975E+000
  0.68698718E+000
  0.68697084E+000
  0.68695579E+000
  0.68694312E+000
  0.68693257E+000
  0.68692380E+000
  0.68691654E+000
  0.68691052E+000
  0.68690556E+000
  0.68690149E+000
  0.68689817E+000
  0.68689548E+000
  0.68689333E+000
  0.68689165E+000
  0.68689036E+000
  0.68688940E+000
  0.68688873E+000
  0.68688830E+000
  0.68688808E+000
  0.68688805E+000
  0.68688816E+000
  0.68688841E+000
  0.68688877E+000
  0.68688923E+000
  0.68688977E+000
  0.68689039E+000
  0.68689106E+000
  0.68689178E+000
  0.68689254E+000
  0.68689334E+000
  0.68689417E+000
  0.68689503E+000
  0.68689590E+000
  0.68689680E+000
  0.68689771E+000
  0.68689863E+000
  0.68689956E+000
  0.68690050E+000
  0.68690145E+000
  0.68690240E+000
  0.68690336E+000
  0.68690432E+000
  0.68690529E+000
  0.68690627E+000
  0.68690724E+000
  0.68690822E+000
  0.68690920E+000
  0.68691018E+000
  0.68691116E+000
  0.68691213E+000
  0.68691311E+000
  0.68691408E+000
  0.68691504E+000
  0.68691600E+000
  0.68691695E+000
  0.68691788E+000
  0.68691880E+000
  0.68691971E+000
  0.68692061E+000
  0.68692149E+000
  0.68692235E+000
  0.68692319E+000
  0.68692401E+000
  0.68692481E+000
  0.68692559E+000
  0.68692636E+000
  0.68692709E+000
  0.68692781E+000
  0.68692851E+000
  0.68692918E+000
  0.68692984E+000
  0.68693047E+000
  0.68693109E+000
  0.68693168E+000
  0.68693225E+000
  0.68693281E+000
  0.68693335E+000
  0.68693387E+000
  0.68693438E+000
  0.68693487E+000
  0.68693534E+000
  0.68693580E+000
  0.68693625E+000
  0.68693669E+000
  0.68693711E+000
  0.68693753E+000
  0.68693793E+000
  0.68693833E+000
  0.68693872E+000
  0.68693910E+000
  0.68693948E+000
  0.68693985E+000
  0.68694021E+000
  0.68694057E+000
  0.68694092E+000
  0.68694127E+000
  0.68694161E+000
  0.68694196E+000
  0.68694229E+000
  0.68694263E+000
  0.68694296E+000
  0.68694328E+000
  0.68694360E+000
  0.68694392E+000
  0.68694424E+000
  0.68694455E+000
  0.68694486E+000
  0.68694517E+000
  0.68694547E+000
  0.68694577E+000
  0.68694606E+000
  0.68694635E+000
  0.68694664E+000
  0.68694692E+000
  0.68694720E+000
  0.68694747E+000
  0.68694774E+000
  0.68694800E+000
  0.68694826E+000
  0.68694851E+000
  0.68694876E+000
  0.68694901E+000
  0.68694924E+000
  0.68694948E+000
  0.68694971E+000
  0.68694993E+000
  0.68695015E+000
  0.68695036E+000
  0.68695057E+000
  0.68695077E+000
  0.68695097E+000
  0.68695116E+000
  0.68695135E+000
  0.68695153E+000
  0.68695170E+000
  0.68695188E+000
  0.68695204E+000
  0.68695220E+000
  0.68695236E+000
  0.68695251E+000
  0.68695266E+000
  0.68695280E+000
  0.68695294E+000
  0.68695308E+000
  0.68695321E+000
  0.68695333E+000
  0.68695345E+000
  0.68695357E+000
  0.68695368E+000
  0.68695379E+000
  0.68695390E+000
  0.68695400E+000
  0.68695410E+000
  0.68695420E+000
  0.68695429E+000
  0.68695438E+000
  0.68695447E+000
  0.68695455E+000
  0.68695464E+000
  0.68695471E+000
  0.68695479E+000
  0.68695487E+000
  0.68695494E+000
  0.68695501E+000
  0.68695507E+000
  0.68695514E+000
  0.68695520E+000
  0.68695527E+000
  0.68695533E+000
  0.68695538E+000
  0.68695544E+000
  0.68695550E+000
  0.68695555E+000
  0.68695560E+000
  0.68695565E+000
  0.68695570E+000
  0.68695575E+000
  0.68695580E+000
  0.68695585E+000
  0.68695589E+000
  0.68695593E+000
  0.68695598E+000
  0.68695602E+000
  0.68695606E+000
  0.68695610E+000
  0.68695614E+000
  0.68695618E+000
  0.68695621E+000
  0.68695625E+000
  0.68695629E+000
  0.68695632E+000
  0.68695635E+000
  0.68695639E+000
  0.68695642E+000
  0.68695645E+000
  0.68695648E+000
  0.68695651E+000
  0.68695654E+000
  0.68695657E+000
