  0.89098554E+000
  0.89098238E+000
  0.89096222E+000
  0.89094367E+000
  0.89092804E+000
  0.89091503E+000
  0.89090423E+000
  0.89089526E+000
  0.89088785E+000
  0.89088173E+000
  0.89087671E+000
  0.89087261E+000
  0.89086930E+000
  0.89086665E+000
  0.89086457E+000
  0.89086298E+000
  0.89086180E+000
  0.89086097E+000
  0.89086044E+000
  0.89086018E+000
  0.89086013E+000
  0.89086027E+000
  0.89086058E+000
  0.89086103E+000
  0.89086159E+000
  0.89086226E+000
  0.89086301E+000
  0.89086384E+000
  0.89086473E+000
  0.89086567E+000
  0.89086666E+000
  0.89086768E+000
  0.89086874E+000
  0.89086982E+000
  0.89087092E+000
  0.89087204E+000
  0.89087318E+000
  0.89087433E+000
  0.89087548E+000
  0.89087665E+000
  0.89087783E+000
  0.89087901E+000
  0.89088020E+000
  0.89088140E+000
  0.89088260E+000
  0.89088380E+000
  0.89088500E+000
  0.89088621E+000
  0.89088742E+000
  0.89088863E+000
  0.89088983E+000
  0.89089104E+000
  0.89089223E+000
  0.89089342E+000
  0.89089460E+000
  0.89089577E+000
  0.89089692E+000
  0.89089806E+000
  0.89089918E+000
  0.89090028E+000
  0.89090137E+000
  0.89090243E+000
  0.89090347E+000
  0.89090448E+000
  0.89090547E+000
  0.89090643E+000
  0.89090737E+000
  0.89090828E+000
  0.89090917E+000
  0.89091003E+000
  0.89091086E+000
  0.89091167E+000
  0.89091245E+000
  0.89091320E+000
  0.89091394E+000
  0.89091464E+000
  0.89091533E+000
  0.89091599E+000
  0.89091664E+000
  0.89091726E+000
  0.89091786E+000
  0.89091845E+000
  0.89091902E+000
  0.89091957E+000
  0.89092011E+000
  0.89092064E+000
  0.89092115E+000
  0.89092165E+000
  0.89092214E+000
  0.89092262E+000
  0.89092309E+000
  0.89092355E+000
  0.89092401E+000
  0.89092446E+000
  0.89092490E+000
  0.89092533E+000
  0.89092576E+000
  0.89092619E+000
  0.89092661E+000
  0.89092702E+000
  0.89092743E+000
  0.89092784E+000
  0.89092824E+000
  0.89092864E+000
  0.89092904E+000
  0.89092943E+000
  0.89092981E+000
  0.89093019E+000
  0.89093057E+000
  0.89093094E+000
  0.89093131E+000
  0.89093167E+000
  0.89093203E+000
  0.89093238E+000
  0.89093273E+000
  0.89093307E+000
  0.89093341E+000
  0.89093374E+000
  0.89093406E+000
  0.89093438E+000
  0.89093469E+000
  0.89093500E+000
  0.89093530E+000
  0.89093560E+000
  0.89093588E+000
  0.89093617E+000
  0.89093644E+000
  0.89093671E+000
  0.89093697E+000
  0.89093723E+000
  0.89093748E+000
  0.89093772E+000
  0.89093796E+000
  0.89093819E+000
  0.89093841E+000
  0.89093863E+000
  0.89093884E+000
  0.89093905E+000
  0.89093925E+000
  0.89093944E+000
  0.89093963E+000
  0.89093981E+000
  0.89093998E+000
  0.89094016E+000
  0.89094032E+000
  0.89094048E+000
  0.89094064E+000
  0.89094079E+000
  0.89094093E+000
  0.89094107E+000
  0.89094121E+000
  0.89094134E+000
  0.89094146E+000
  0.89094159E+000
  0.89094171E+000
  0.89094182E+000
  0.89094193E+000
  0.89094204E+000
  0.89094214E+000
  0.89094224E+000
  0.89094234E+000
  0.89094244E+000
  0.89094253E+000
  0.89094262E+000
  0.89094270E+000
  0.89094278E+000
  0.89094287E+000
  0.89094294E+000
  0.89094302E+000
  0.89094309E+000
  0.89094317E+000
  0.89094324E+000
  0.89094331E+000
  0.89094337E+000
  0.89094344E+000
  0.89094350E+000
  0.89094356E+000
  0.89094362E+000
  0.89094368E+000
  0.89094374E+000
  0.89094379E+000
  0.89094385E+000
  0.89094390E+000
  0.89094395E+000
  0.89094400E+000
  0.89094405E+000
  0.89094410E+000
  0.89094415E+000
  0.89094419E+000
  0.89094424E+000
  0.89094428E+000
  0.89094432E+000
  0.89094436E+000
  0.89094440E+000
  0.89094444E+000
  0.89094448E+000
  0.89094452E+000
  0.89094456E+000
  0.89094459E+000
  0.89094463E+000
