  0.10950479E+002
  0.10954636E+002
  0.10957764E+002
  0.10960252E+002
  0.10962269E+002
  0.10963916E+002
  0.10965263E+002
  0.10966363E+002
  0.10967260E+002
  0.10967988E+002
  0.10968574E+002
  0.10969043E+002
  0.10969412E+002
  0.10969699E+002
  0.10969916E+002
  0.10970073E+002
  0.10970180E+002
  0.10970244E+002
  0.10970273E+002
  0.10970270E+002
  0.10970241E+002
  0.10970190E+002
  0.10970119E+002
  0.10970032E+002
  0.10969930E+002
  0.10969816E+002
  0.10969692E+002
  0.10969559E+002
  0.10969418E+002
  0.10969270E+002
  0.10969116E+002
  0.10968957E+002
  0.10968794E+002
  0.10968627E+002
  0.10968457E+002
  0.10968284E+002
  0.10968109E+002
  0.10967931E+002
  0.10967752E+002
  0.10967571E+002
  0.10967389E+002
  0.10967205E+002
  0.10967020E+002
  0.10966835E+002
  0.10966649E+002
  0.10966463E+002
  0.10966277E+002
  0.10966090E+002
  0.10965904E+002
  0.10965718E+002
  0.10965533E+002
  0.10965349E+002
  0.10965166E+002
  0.10964985E+002
  0.10964805E+002
  0.10964627E+002
  0.10964452E+002
  0.10964279E+002
  0.10964108E+002
  0.10963941E+002
  0.10963776E+002
  0.10963615E+002
  0.10963458E+002
  0.10963304E+002
  0.10963153E+002
  0.10963007E+002
  0.10962864E+002
  0.10962725E+002
  0.10962590E+002
  0.10962458E+002
  0.10962331E+002
  0.10962207E+002
  0.10962087E+002
  0.10961970E+002
  0.10961857E+002
  0.10961747E+002
  0.10961640E+002
  0.10961535E+002
  0.10961434E+002
  0.10961335E+002
  0.10961239E+002
  0.10961145E+002
  0.10961053E+002
  0.10960962E+002
  0.10960874E+002
  0.10960786E+002
  0.10960701E+002
  0.10960616E+002
  0.10960532E+002
  0.10960449E+002
  0.10960367E+002
  0.10960286E+002
  0.10960205E+002
  0.10960124E+002
  0.10960043E+002
  0.10959963E+002
  0.10959883E+002
  0.10959802E+002
  0.10959722E+002
  0.10959642E+002
  0.10959561E+002
  0.10959480E+002
  0.10959399E+002
  0.10959318E+002
  0.10959236E+002
  0.10959154E+002
  0.10959071E+002
  0.10958988E+002
  0.10958905E+002
  0.10958821E+002
  0.10958737E+002
  0.10958652E+002
  0.10958567E+002
  0.10958481E+002
  0.10958395E+002
  0.10958308E+002
  0.10958221E+002
  0.10958134E+002
  0.10958046E+002
  0.10957957E+002
  0.10957868E+002
  0.10957778E+002
  0.10957688E+002
  0.10957598E+002
  0.10957507E+002
  0.10957416E+002
  0.10957324E+002
  0.10957232E+002
  0.10957139E+002
  0.10957046E+002
  0.10956953E+002
  0.10956859E+002
  0.10956765E+002
  0.10956671E+002
  0.10956577E+002
  0.10956482E+002
  0.10956387E+002
  0.10956292E+002
  0.10956196E+002
  0.10956101E+002
  0.10956005E+002
  0.10955910E+002
  0.10955814E+002
  0.10955719E+002
  0.10955624E+002
  0.10955528E+002
  0.10955433E+002
  0.10955338E+002
  0.10955244E+002
  0.10955149E+002
  0.10955055E+002
  0.10954962E+002
  0.10954869E+002
  0.10954776E+002
  0.10954684E+002
  0.10954592E+002
  0.10954501E+002
  0.10954411E+002
  0.10954321E+002
  0.10954232E+002
  0.10954144E+002
  0.10954057E+002
  0.10953970E+002
  0.10953885E+002
  0.10953800E+002
  0.10953717E+002
  0.10953634E+002
  0.10953552E+002
  0.10953472E+002
  0.10953392E+002
  0.10953314E+002
  0.10953237E+002
  0.10953161E+002
  0.10953086E+002
  0.10953013E+002
  0.10952940E+002
  0.10952869E+002
  0.10952800E+002
  0.10952731E+002
  0.10952664E+002
  0.10952598E+002
  0.10952533E+002
  0.10952470E+002
  0.10952408E+002
  0.10952347E+002
  0.10952288E+002
  0.10952230E+002
  0.10952173E+002
  0.10952118E+002
  0.10952064E+002
  0.10952011E+002
  0.10951960E+002
  0.10951910E+002
  0.10951861E+002
  0.10951813E+002
  0.10951767E+002
  0.10951722E+002
  0.10951678E+002
  0.10951635E+002
  0.10951594E+002
