  0.28931956E+000
  0.28931623E+000
  0.28931399E+000
  0.28931254E+000
  0.28931158E+000
  0.28931094E+000
  0.28931055E+000
  0.28931034E+000
  0.28931028E+000
  0.28931031E+000
  0.28931044E+000
  0.28931062E+000
  0.28931085E+000
  0.28931111E+000
  0.28931139E+000
  0.28931169E+000
  0.28931201E+000
  0.28931233E+000
  0.28931265E+000
  0.28931299E+000
  0.28931333E+000
  0.28931368E+000
  0.28931404E+000
  0.28931442E+000
  0.28931482E+000
  0.28931525E+000
  0.28931570E+000
  0.28931619E+000
  0.28931672E+000
  0.28931729E+000
  0.28931791E+000
  0.28931858E+000
  0.28931931E+000
  0.28932010E+000
  0.28932095E+000
  0.28932186E+000
  0.28932283E+000
  0.28932387E+000
  0.28932496E+000
  0.28932611E+000
  0.28932731E+000
  0.28932855E+000
  0.28932983E+000
  0.28933113E+000
  0.28933245E+000
  0.28933377E+000
  0.28933509E+000
  0.28933639E+000
  0.28933767E+000
  0.28933891E+000
  0.28934011E+000
  0.28934125E+000
  0.28934233E+000
  0.28934334E+000
  0.28934428E+000
  0.28934513E+000
  0.28934590E+000
  0.28934659E+000
  0.28934718E+000
  0.28934769E+000
  0.28934810E+000
  0.28934843E+000
  0.28934866E+000
  0.28934881E+000
  0.28934887E+000
  0.28934885E+000
  0.28934875E+000
  0.28934857E+000
  0.28934832E+000
  0.28934800E+000
  0.28934762E+000
  0.28934717E+000
  0.28934668E+000
  0.28934613E+000
  0.28934554E+000
  0.28934491E+000
  0.28934424E+000
  0.28934355E+000
  0.28934283E+000
  0.28934209E+000
  0.28934134E+000
  0.28934057E+000
  0.28933981E+000
  0.28933903E+000
  0.28933826E+000
  0.28933750E+000
  0.28933674E+000
  0.28933600E+000
  0.28933526E+000
  0.28933455E+000
  0.28933384E+000
  0.28933316E+000
  0.28933250E+000
  0.28933186E+000
  0.28933124E+000
  0.28933065E+000
  0.28933007E+000
  0.28932952E+000
  0.28932900E+000
  0.28932849E+000
  0.28932801E+000
  0.28932756E+000
  0.28932712E+000
  0.28932670E+000
  0.28932631E+000
  0.28932593E+000
  0.28932558E+000
  0.28932524E+000
  0.28932492E+000
  0.28932461E+000
  0.28932432E+000
  0.28932405E+000
  0.28932378E+000
  0.28932354E+000
  0.28932330E+000
  0.28932307E+000
  0.28932286E+000
  0.28932265E+000
  0.28932246E+000
  0.28932227E+000
  0.28932209E+000
  0.28932192E+000
  0.28932175E+000
  0.28932159E+000
  0.28932144E+000
  0.28932129E+000
  0.28932115E+000
  0.28932101E+000
  0.28932088E+000
  0.28932075E+000
  0.28932062E+000
  0.28932050E+000
  0.28932038E+000
  0.28932027E+000
  0.28932016E+000
  0.28932005E+000
  0.28931995E+000
  0.28931984E+000
  0.28931975E+000
  0.28931965E+000
  0.28931956E+000
  0.28931947E+000
  0.28931939E+000
  0.28931931E+000
  0.28931923E+000
  0.28931915E+000
  0.28931908E+000
  0.28931902E+000
  0.28931895E+000
  0.28931889E+000
  0.28931883E+000
  0.28931878E+000
  0.28931873E+000
  0.28931868E+000
  0.28931864E+000
  0.28931860E+000
  0.28931857E+000
  0.28931854E+000
  0.28931851E+000
  0.28931848E+000
  0.28931846E+000
  0.28931845E+000
  0.28931843E+000
  0.28931842E+000
  0.28931842E+000
  0.28931841E+000
  0.28931841E+000
  0.28931841E+000
  0.28931842E+000
  0.28931842E+000
  0.28931844E+000
  0.28931845E+000
  0.28931846E+000
  0.28931848E+000
  0.28931850E+000
  0.28931852E+000
  0.28931854E+000
  0.28931857E+000
  0.28931859E+000
  0.28931862E+000
  0.28931865E+000
  0.28931868E+000
  0.28931871E+000
  0.28931874E+000
  0.28931877E+000
  0.28931880E+000
  0.28931884E+000
  0.28931887E+000
  0.28931890E+000
  0.28931894E+000
  0.28931897E+000
  0.28931900E+000
  0.28931904E+000
  0.28931907E+000
  0.28931910E+000
  0.28931913E+000
  0.28931916E+000
  0.28931919E+000
  0.28931923E+000
  0.28931925E+000
