  0.37555754E+000
  0.37554939E+000
  0.37554351E+000
  0.37553934E+000
  0.37553652E+000
  0.37553478E+000
  0.37553389E+000
  0.37553370E+000
  0.37553405E+000
  0.37553484E+000
  0.37553598E+000
  0.37553739E+000
  0.37553900E+000
  0.37554078E+000
  0.37554268E+000
  0.37554467E+000
  0.37554672E+000
  0.37554881E+000
  0.37555093E+000
  0.37555305E+000
  0.37555518E+000
  0.37555730E+000
  0.37555940E+000
  0.37556148E+000
  0.37556354E+000
  0.37556556E+000
  0.37556756E+000
  0.37556951E+000
  0.37557143E+000
  0.37557331E+000
  0.37557515E+000
  0.37557695E+000
  0.37557870E+000
  0.37558041E+000
  0.37558207E+000
  0.37558369E+000
  0.37558525E+000
  0.37558677E+000
  0.37558823E+000
  0.37558964E+000
  0.37559099E+000
  0.37559228E+000
  0.37559351E+000
  0.37559468E+000
  0.37559579E+000
  0.37559683E+000
  0.37559779E+000
  0.37559869E+000
  0.37559951E+000
  0.37560025E+000
  0.37560091E+000
  0.37560149E+000
  0.37560199E+000
  0.37560240E+000
  0.37560272E+000
  0.37560296E+000
  0.37560311E+000
  0.37560317E+000
  0.37560314E+000
  0.37560303E+000
  0.37560284E+000
  0.37560256E+000
  0.37560220E+000
  0.37560176E+000
  0.37560125E+000
  0.37560067E+000
  0.37560002E+000
  0.37559930E+000
  0.37559853E+000
  0.37559771E+000
  0.37559683E+000
  0.37559591E+000
  0.37559495E+000
  0.37559396E+000
  0.37559294E+000
  0.37559190E+000
  0.37559083E+000
  0.37558976E+000
  0.37558867E+000
  0.37558758E+000
  0.37558649E+000
  0.37558540E+000
  0.37558432E+000
  0.37558325E+000
  0.37558219E+000
  0.37558115E+000
  0.37558013E+000
  0.37557913E+000
  0.37557816E+000
  0.37557721E+000
  0.37557629E+000
  0.37557540E+000
  0.37557454E+000
  0.37557371E+000
  0.37557291E+000
  0.37557214E+000
  0.37557140E+000
  0.37557069E+000
  0.37557001E+000
  0.37556936E+000
  0.37556874E+000
  0.37556815E+000
  0.37556758E+000
  0.37556704E+000
  0.37556653E+000
  0.37556604E+000
  0.37556558E+000
  0.37556514E+000
  0.37556472E+000
  0.37556432E+000
  0.37556394E+000
  0.37556357E+000
  0.37556323E+000
  0.37556290E+000
  0.37556258E+000
  0.37556228E+000
  0.37556199E+000
  0.37556171E+000
  0.37556145E+000
  0.37556120E+000
  0.37556095E+000
  0.37556072E+000
  0.37556049E+000
  0.37556027E+000
  0.37556006E+000
  0.37555985E+000
  0.37555966E+000
  0.37555946E+000
  0.37555928E+000
  0.37555910E+000
  0.37555892E+000
  0.37555875E+000
  0.37555859E+000
  0.37555843E+000
  0.37555827E+000
  0.37555812E+000
  0.37555798E+000
  0.37555783E+000
  0.37555770E+000
  0.37555756E+000
  0.37555744E+000
  0.37555731E+000
  0.37555719E+000
  0.37555708E+000
  0.37555697E+000
  0.37555687E+000
  0.37555677E+000
  0.37555667E+000
  0.37555658E+000
  0.37555650E+000
  0.37555642E+000
  0.37555635E+000
  0.37555628E+000
  0.37555621E+000
  0.37555616E+000
  0.37555610E+000
  0.37555606E+000
  0.37555601E+000
  0.37555598E+000
  0.37555594E+000
  0.37555592E+000
  0.37555590E+000
  0.37555588E+000
  0.37555587E+000
  0.37555586E+000
  0.37555586E+000
  0.37555586E+000
  0.37555586E+000
  0.37555587E+000
  0.37555589E+000
  0.37555590E+000
  0.37555592E+000
  0.37555595E+000
  0.37555598E+000
  0.37555601E+000
  0.37555604E+000
  0.37555607E+000
  0.37555611E+000
  0.37555615E+000
  0.37555619E+000
  0.37555623E+000
  0.37555627E+000
  0.37555632E+000
  0.37555637E+000
  0.37555641E+000
  0.37555646E+000
  0.37555651E+000
  0.37555655E+000
  0.37555660E+000
  0.37555665E+000
  0.37555670E+000
  0.37555675E+000
  0.37555680E+000
  0.37555684E+000
  0.37555689E+000
  0.37555694E+000
  0.37555698E+000
  0.37555703E+000
  0.37555707E+000
  0.37555711E+000
