  0.52114316E-006
  0.52113715E-006
  0.52113312E-006
  0.52113050E-006
  0.52112877E-006
  0.52112764E-006
  0.52112693E-006
  0.52112656E-006
  0.52112643E-006
  0.52112650E-006
  0.52112672E-006
  0.52112705E-006
  0.52112746E-006
  0.52112793E-006
  0.52112844E-006
  0.52112898E-006
  0.52112955E-006
  0.52113012E-006
  0.52113071E-006
  0.52113131E-006
  0.52113193E-006
  0.52113256E-006
  0.52113322E-006
  0.52113390E-006
  0.52113462E-006
  0.52113539E-006
  0.52113621E-006
  0.52113709E-006
  0.52113804E-006
  0.52113907E-006
  0.52114018E-006
  0.52114139E-006
  0.52114270E-006
  0.52114412E-006
  0.52114565E-006
  0.52114729E-006
  0.52114905E-006
  0.52115091E-006
  0.52115289E-006
  0.52115495E-006
  0.52115711E-006
  0.52115935E-006
  0.52116165E-006
  0.52116399E-006
  0.52116636E-006
  0.52116875E-006
  0.52117113E-006
  0.52117347E-006
  0.52117578E-006
  0.52117801E-006
  0.52118017E-006
  0.52118222E-006
  0.52118417E-006
  0.52118599E-006
  0.52118767E-006
  0.52118921E-006
  0.52119060E-006
  0.52119184E-006
  0.52119291E-006
  0.52119382E-006
  0.52119457E-006
  0.52119515E-006
  0.52119558E-006
  0.52119584E-006
  0.52119595E-006
  0.52119591E-006
  0.52119573E-006
  0.52119541E-006
  0.52119496E-006
  0.52119438E-006
  0.52119369E-006
  0.52119289E-006
  0.52119200E-006
  0.52119101E-006
  0.52118995E-006
  0.52118881E-006
  0.52118761E-006
  0.52118636E-006
  0.52118507E-006
  0.52118374E-006
  0.52118238E-006
  0.52118101E-006
  0.52117962E-006
  0.52117823E-006
  0.52117685E-006
  0.52117547E-006
  0.52117411E-006
  0.52117276E-006
  0.52117144E-006
  0.52117015E-006
  0.52116888E-006
  0.52116766E-006
  0.52116647E-006
  0.52116531E-006
  0.52116420E-006
  0.52116312E-006
  0.52116209E-006
  0.52116110E-006
  0.52116015E-006
  0.52115925E-006
  0.52115838E-006
  0.52115756E-006
  0.52115677E-006
  0.52115602E-006
  0.52115531E-006
  0.52115463E-006
  0.52115399E-006
  0.52115338E-006
  0.52115280E-006
  0.52115225E-006
  0.52115173E-006
  0.52115123E-006
  0.52115076E-006
  0.52115031E-006
  0.52114989E-006
  0.52114948E-006
  0.52114910E-006
  0.52114873E-006
  0.52114837E-006
  0.52114803E-006
  0.52114771E-006
  0.52114740E-006
  0.52114710E-006
  0.52114682E-006
  0.52114654E-006
  0.52114627E-006
  0.52114602E-006
  0.52114577E-006
  0.52114553E-006
  0.52114529E-006
  0.52114507E-006
  0.52114485E-006
  0.52114464E-006
  0.52114443E-006
  0.52114423E-006
  0.52114404E-006
  0.52114385E-006
  0.52114367E-006
  0.52114349E-006
  0.52114332E-006
  0.52114316E-006
  0.52114300E-006
  0.52114285E-006
  0.52114270E-006
  0.52114256E-006
  0.52114242E-006
  0.52114230E-006
  0.52114217E-006
  0.52114206E-006
  0.52114195E-006
  0.52114185E-006
  0.52114175E-006
  0.52114166E-006
  0.52114158E-006
  0.52114150E-006
  0.52114143E-006
  0.52114137E-006
  0.52114131E-006
  0.52114126E-006
  0.52114122E-006
  0.52114118E-006
  0.52114115E-006
  0.52114112E-006
  0.52114111E-006
  0.52114109E-006
  0.52114109E-006
  0.52114108E-006
  0.52114109E-006
  0.52114110E-006
  0.52114111E-006
  0.52114113E-006
  0.52114115E-006
  0.52114118E-006
  0.52114121E-006
  0.52114124E-006
  0.52114128E-006
  0.52114132E-006
  0.52114137E-006
  0.52114141E-006
  0.52114146E-006
  0.52114151E-006
  0.52114157E-006
  0.52114162E-006
  0.52114168E-006
  0.52114174E-006
  0.52114179E-006
  0.52114185E-006
  0.52114191E-006
  0.52114197E-006
  0.52114203E-006
  0.52114209E-006
  0.52114215E-006
  0.52114221E-006
  0.52114227E-006
  0.52114233E-006
  0.52114238E-006
  0.52114244E-006
  0.52114250E-006
  0.52114255E-006
  0.52114260E-006
