  0.69328195E-001
  0.69349137E-001
  0.69355052E-001
  0.69355818E-001
  0.69354518E-001
  0.69352261E-001
  0.69349541E-001
  0.69346620E-001
  0.69343655E-001
  0.69340741E-001
  0.69337936E-001
  0.69335279E-001
  0.69332791E-001
  0.69330484E-001
  0.69328366E-001
  0.69326434E-001
  0.69324688E-001
  0.69323121E-001
  0.69321726E-001
  0.69320495E-001
  0.69319418E-001
  0.69318486E-001
  0.69317689E-001
  0.69317017E-001
  0.69316459E-001
  0.69316007E-001
  0.69315651E-001
  0.69315381E-001
  0.69315188E-001
  0.69315066E-001
  0.69315004E-001
  0.69314997E-001
  0.69315036E-001
  0.69315116E-001
  0.69315231E-001
  0.69315374E-001
  0.69315543E-001
  0.69315731E-001
  0.69315936E-001
  0.69316153E-001
  0.69316381E-001
  0.69316617E-001
  0.69316858E-001
  0.69317103E-001
  0.69317352E-001
  0.69317602E-001
  0.69317853E-001
  0.69318105E-001
  0.69318356E-001
  0.69318607E-001
  0.69318857E-001
  0.69319106E-001
  0.69319353E-001
  0.69319598E-001
  0.69319841E-001
  0.69320081E-001
  0.69320319E-001
  0.69320553E-001
  0.69320783E-001
  0.69321009E-001
  0.69321230E-001
  0.69321447E-001
  0.69321658E-001
  0.69321863E-001
  0.69322063E-001
  0.69322256E-001
  0.69322444E-001
  0.69322625E-001
  0.69322799E-001
  0.69322968E-001
  0.69323130E-001
  0.69323286E-001
  0.69323435E-001
  0.69323579E-001
  0.69323717E-001
  0.69323849E-001
  0.69323976E-001
  0.69324098E-001
  0.69324215E-001
  0.69324328E-001
  0.69324437E-001
  0.69324541E-001
  0.69324642E-001
  0.69324739E-001
  0.69324833E-001
  0.69324924E-001
  0.69325012E-001
  0.69325098E-001
  0.69325181E-001
  0.69325263E-001
  0.69325342E-001
  0.69325420E-001
  0.69325496E-001
  0.69325570E-001
  0.69325643E-001
  0.69325715E-001
  0.69325785E-001
  0.69325855E-001
  0.69325923E-001
  0.69325990E-001
  0.69326056E-001
  0.69326121E-001
  0.69326185E-001
  0.69326248E-001
  0.69326310E-001
  0.69326371E-001
  0.69326430E-001
  0.69326489E-001
  0.69326547E-001
  0.69326603E-001
  0.69326658E-001
  0.69326712E-001
  0.69326765E-001
  0.69326817E-001
  0.69326867E-001
  0.69326916E-001
  0.69326964E-001
  0.69327011E-001
  0.69327056E-001
  0.69327100E-001
  0.69327143E-001
  0.69327184E-001
  0.69327224E-001
  0.69327263E-001
  0.69327300E-001
  0.69327336E-001
  0.69327371E-001
  0.69327405E-001
  0.69327437E-001
  0.69327468E-001
  0.69327498E-001
  0.69327527E-001
  0.69327554E-001
  0.69327581E-001
  0.69327606E-001
  0.69327630E-001
  0.69327653E-001
  0.69327675E-001
  0.69327696E-001
  0.69327716E-001
  0.69327735E-001
  0.69327753E-001
  0.69327770E-001
  0.69327786E-001
  0.69327802E-001
  0.69327816E-001
  0.69327830E-001
  0.69327843E-001
  0.69327856E-001
  0.69327867E-001
  0.69327878E-001
  0.69327889E-001
  0.69327899E-001
  0.69327908E-001
  0.69327917E-001
  0.69327925E-001
  0.69327933E-001
  0.69327941E-001
  0.69327948E-001
  0.69327955E-001
  0.69327961E-001
  0.69327967E-001
  0.69327973E-001
  0.69327978E-001
  0.69327983E-001
  0.69327988E-001
  0.69327993E-001
  0.69327998E-001
  0.69328002E-001
  0.69328007E-001
  0.69328011E-001
  0.69328015E-001
  0.69328019E-001
  0.69328023E-001
  0.69328027E-001
  0.69328030E-001
  0.69328034E-001
  0.69328038E-001
  0.69328041E-001
  0.69328045E-001
  0.69328049E-001
  0.69328052E-001
  0.69328056E-001
  0.69328059E-001
  0.69328062E-001
  0.69328066E-001
  0.69328069E-001
  0.69328073E-001
  0.69328076E-001
  0.69328080E-001
  0.69328083E-001
  0.69328086E-001
  0.69328090E-001
  0.69328093E-001
  0.69328096E-001
  0.69328100E-001
  0.69328103E-001
  0.69328106E-001
  0.69328109E-001
  0.69328112E-001
