  0.23372266E+000
  0.23569276E+000
  0.23547177E+000
  0.23514291E+000
  0.23486086E+000
  0.23462805E+000
  0.23443584E+000
  0.23427657E+000
  0.23414434E+000
  0.23403437E+000
  0.23394279E+000
  0.23386651E+000
  0.23380300E+000
  0.23375019E+000
  0.23370637E+000
  0.23367013E+000
  0.23364029E+000
  0.23361585E+000
  0.23359600E+000
  0.23358002E+000
  0.23356732E+000
  0.23355741E+000
  0.23354985E+000
  0.23354428E+000
  0.23354039E+000
  0.23353790E+000
  0.23353659E+000
  0.23353624E+000
  0.23353669E+000
  0.23353779E+000
  0.23353939E+000
  0.23354140E+000
  0.23354372E+000
  0.23354627E+000
  0.23354897E+000
  0.23355179E+000
  0.23355466E+000
  0.23355756E+000
  0.23356047E+000
  0.23356336E+000
  0.23356622E+000
  0.23356905E+000
  0.23357185E+000
  0.23357462E+000
  0.23357737E+000
  0.23358011E+000
  0.23358285E+000
  0.23358560E+000
  0.23358838E+000
  0.23359118E+000
  0.23359402E+000
  0.23359691E+000
  0.23359984E+000
  0.23360283E+000
  0.23360586E+000
  0.23360895E+000
  0.23361208E+000
  0.23361525E+000
  0.23361845E+000
  0.23362167E+000
  0.23362492E+000
  0.23362817E+000
  0.23363142E+000
  0.23363467E+000
  0.23363790E+000
  0.23364110E+000
  0.23364427E+000
  0.23364740E+000
  0.23365047E+000
  0.23365349E+000
  0.23365644E+000
  0.23365933E+000
  0.23366213E+000
  0.23366486E+000
  0.23366749E+000
  0.23367004E+000
  0.23367249E+000
  0.23367484E+000
  0.23367710E+000
  0.23367926E+000
  0.23368133E+000
  0.23368329E+000
  0.23368516E+000
  0.23368694E+000
  0.23368863E+000
  0.23369023E+000
  0.23369174E+000
  0.23369317E+000
  0.23369453E+000
  0.23369581E+000
  0.23369702E+000
  0.23369817E+000
  0.23369926E+000
  0.23370028E+000
  0.23370126E+000
  0.23370218E+000
  0.23370306E+000
  0.23370389E+000
  0.23370468E+000
  0.23370544E+000
  0.23370616E+000
  0.23370685E+000
  0.23370751E+000
  0.23370815E+000
  0.23370875E+000
  0.23370934E+000
  0.23370990E+000
  0.23371044E+000
  0.23371096E+000
  0.23371146E+000
  0.23371194E+000
  0.23371241E+000
  0.23371286E+000
  0.23371330E+000
  0.23371372E+000
  0.23371413E+000
  0.23371452E+000
  0.23371490E+000
  0.23371527E+000
  0.23371563E+000
  0.23371597E+000
  0.23371631E+000
  0.23371663E+000
  0.23371694E+000
  0.23371724E+000
  0.23371753E+000
  0.23371781E+000
  0.23371808E+000
  0.23371834E+000
  0.23371859E+000
  0.23371883E+000
  0.23371907E+000
  0.23371929E+000
  0.23371950E+000
  0.23371971E+000
  0.23371991E+000
  0.23372009E+000
  0.23372027E+000
  0.23372045E+000
  0.23372061E+000
  0.23372077E+000
  0.23372092E+000
  0.23372106E+000
  0.23372119E+000
  0.23372132E+000
  0.23372144E+000
  0.23372155E+000
  0.23372165E+000
  0.23372175E+000
  0.23372184E+000
  0.23372193E+000
  0.23372201E+000
  0.23372208E+000
  0.23372215E+000
  0.23372221E+000
  0.23372227E+000
  0.23372232E+000
  0.23372237E+000
  0.23372241E+000
  0.23372245E+000
  0.23372248E+000
  0.23372251E+000
  0.23372254E+000
  0.23372256E+000
  0.23372258E+000
  0.23372259E+000
  0.23372260E+000
  0.23372261E+000
  0.23372262E+000
  0.23372262E+000
  0.23372263E+000
  0.23372263E+000
  0.23372262E+000
  0.23372262E+000
  0.23372262E+000
  0.23372261E+000
  0.23372260E+000
  0.23372259E+000
  0.23372259E+000
  0.23372258E+000
  0.23372257E+000
  0.23372256E+000
  0.23372254E+000
  0.23372253E+000
  0.23372252E+000
  0.23372251E+000
  0.23372250E+000
  0.23372249E+000
  0.23372248E+000
  0.23372247E+000
  0.23372246E+000
  0.23372245E+000
  0.23372244E+000
  0.23372243E+000
  0.23372243E+000
  0.23372242E+000
  0.23372241E+000
  0.23372240E+000
  0.23372240E+000
  0.23372239E+000
