  0.93159550E+000
  0.93165392E+000
  0.93166940E+000
  0.93167230E+000
  0.93167059E+000
  0.93166679E+000
  0.93166195E+000
  0.93165660E+000
  0.93165105E+000
  0.93164553E+000
  0.93164018E+000
  0.93163510E+000
  0.93163036E+000
  0.93162599E+000
  0.93162200E+000
  0.93161840E+000
  0.93161517E+000
  0.93161229E+000
  0.93160976E+000
  0.93160753E+000
  0.93160559E+000
  0.93160391E+000
  0.93160247E+000
  0.93160123E+000
  0.93160017E+000
  0.93159927E+000
  0.93159851E+000
  0.93159786E+000
  0.93159732E+000
  0.93159685E+000
  0.93159645E+000
  0.93159610E+000
  0.93159579E+000
  0.93159551E+000
  0.93159526E+000
  0.93159501E+000
  0.93159478E+000
  0.93159455E+000
  0.93159432E+000
  0.93159410E+000
  0.93159388E+000
  0.93159367E+000
  0.93159346E+000
  0.93159326E+000
  0.93159307E+000
  0.93159290E+000
  0.93159275E+000
  0.93159262E+000
  0.93159251E+000
  0.93159242E+000
  0.93159237E+000
  0.93159233E+000
  0.93159232E+000
  0.93159234E+000
  0.93159238E+000
  0.93159244E+000
  0.93159252E+000
  0.93159262E+000
  0.93159273E+000
  0.93159285E+000
  0.93159298E+000
  0.93159312E+000
  0.93159326E+000
  0.93159341E+000
  0.93159356E+000
  0.93159371E+000
  0.93159385E+000
  0.93159399E+000
  0.93159413E+000
  0.93159426E+000
  0.93159438E+000
  0.93159450E+000
  0.93159461E+000
  0.93159471E+000
  0.93159481E+000
  0.93159489E+000
  0.93159497E+000
  0.93159504E+000
  0.93159510E+000
  0.93159515E+000
  0.93159520E+000
  0.93159524E+000
  0.93159527E+000
  0.93159530E+000
  0.93159532E+000
  0.93159533E+000
  0.93159534E+000
  0.93159535E+000
  0.93159535E+000
  0.93159534E+000
  0.93159534E+000
  0.93159533E+000
  0.93159532E+000
  0.93159531E+000
  0.93159529E+000
  0.93159527E+000
  0.93159525E+000
  0.93159524E+000
  0.93159522E+000
  0.93159520E+000
  0.93159517E+000
  0.93159515E+000
  0.93159513E+000
  0.93159511E+000
  0.93159509E+000
  0.93159507E+000
  0.93159505E+000
  0.93159503E+000
  0.93159501E+000
  0.93159499E+000
  0.93159497E+000
  0.93159495E+000
  0.93159493E+000
  0.93159491E+000
  0.93159489E+000
  0.93159488E+000
  0.93159486E+000
  0.93159485E+000
  0.93159483E+000
  0.93159482E+000
  0.93159481E+000
  0.93159479E+000
  0.93159478E+000
  0.93159477E+000
  0.93159476E+000
  0.93159475E+000
  0.93159475E+000
  0.93159474E+000
  0.93159473E+000
  0.93159473E+000
  0.93159472E+000
  0.93159472E+000
  0.93159472E+000
  0.93159471E+000
  0.93159471E+000
  0.93159471E+000
  0.93159471E+000
  0.93159471E+000
  0.93159471E+000
  0.93159471E+000
  0.93159472E+000
  0.93159472E+000
  0.93159472E+000
  0.93159473E+000
  0.93159473E+000
  0.93159474E+000
  0.93159475E+000
  0.93159475E+000
  0.93159476E+000
  0.93159477E+000
  0.93159478E+000
  0.93159478E+000
  0.93159479E+000
  0.93159480E+000
  0.93159481E+000
  0.93159482E+000
  0.93159483E+000
  0.93159484E+000
  0.93159485E+000
  0.93159486E+000
  0.93159488E+000
  0.93159489E+000
  0.93159490E+000
  0.93159491E+000
  0.93159492E+000
  0.93159493E+000
  0.93159494E+000
  0.93159496E+000
  0.93159497E+000
  0.93159498E+000
  0.93159499E+000
  0.93159500E+000
  0.93159501E+000
  0.93159503E+000
  0.93159504E+000
  0.93159505E+000
  0.93159506E+000
  0.93159507E+000
  0.93159508E+000
  0.93159509E+000
  0.93159510E+000
  0.93159511E+000
  0.93159512E+000
  0.93159513E+000
  0.93159514E+000
  0.93159515E+000
  0.93159516E+000
  0.93159517E+000
  0.93159518E+000
  0.93159519E+000
  0.93159520E+000
  0.93159521E+000
  0.93159522E+000
  0.93159522E+000
  0.93159523E+000
  0.93159524E+000
  0.93159525E+000
  0.93159526E+000
  0.93159526E+000
  0.93159527E+000
