  0.35419412E+000
  0.35422509E+000
  0.35426061E+000
  0.35429166E+000
  0.35431710E+000
  0.35433716E+000
  0.35435467E+000
  0.35437097E+000
  0.35438211E+000
  0.35439117E+000
  0.35439950E+000
  0.35440549E+000
  0.35441005E+000
  0.35441377E+000
  0.35441650E+000
  0.35441797E+000
  0.35441942E+000
  0.35442017E+000
  0.35442066E+000
  0.35441827E+000
  0.35441806E+000
  0.35441740E+000
  0.35441647E+000
  0.35441535E+000
  0.35441406E+000
  0.35441273E+000
  0.35441113E+000
  0.35440935E+000
  0.35440757E+000
  0.35440570E+000
  0.35440371E+000
  0.35440186E+000
  0.35439984E+000
  0.35439778E+000
  0.35439566E+000
  0.35439323E+000
  0.35439105E+000
  0.35438885E+000
  0.35438662E+000
  0.35438429E+000
  0.35438185E+000
  0.35437958E+000
  0.35437758E+000
  0.35437526E+000
  0.35437293E+000
  0.35437068E+000
  0.35436826E+000
  0.35436589E+000
  0.35436334E+000
  0.35436085E+000
  0.35435853E+000
  0.35435624E+000
  0.35435383E+000
  0.35435153E+000
  0.35434922E+000
  0.35434707E+000
  0.35434479E+000
  0.35434261E+000
  0.35434021E+000
  0.35433805E+000
  0.35433578E+000
  0.35433370E+000
  0.35433159E+000
  0.35432963E+000
  0.35432770E+000
  0.35432585E+000
  0.35432406E+000
  0.35432233E+000
  0.35432054E+000
  0.35431891E+000
  0.35431732E+000
  0.35431596E+000
  0.35431490E+000
  0.35431345E+000
  0.35431208E+000
  0.35431075E+000
  0.35430947E+000
  0.35430823E+000
  0.35430704E+000
  0.35430589E+000
  0.35430477E+000
  0.35430365E+000
  0.35430260E+000
  0.35430159E+000
  0.35430061E+000
  0.35429965E+000
  0.35429872E+000
  0.35429781E+000
  0.35429692E+000
  0.35429605E+000
  0.35429520E+000
  0.35429437E+000
  0.35429354E+000
  0.35429273E+000
  0.35429193E+000
  0.35429113E+000
  0.35429034E+000
  0.35428956E+000
  0.35428878E+000
  0.35428800E+000
  0.35428722E+000
  0.35428644E+000
  0.35428566E+000
  0.35428488E+000
  0.35428409E+000
  0.35428331E+000
  0.35428251E+000
  0.35428171E+000
  0.35428091E+000
  0.35428009E+000
  0.35427927E+000
  0.35427844E+000
  0.35427760E+000
  0.35427674E+000
  0.35427588E+000
  0.35427501E+000
  0.35427413E+000
  0.35427323E+000
  0.35427232E+000
  0.35427140E+000
  0.35427047E+000
  0.35426952E+000
  0.35426857E+000
  0.35426759E+000
  0.35426661E+000
  0.35426561E+000
  0.35426459E+000
  0.35426356E+000
  0.35426252E+000
  0.35426146E+000
  0.35426039E+000
  0.35425931E+000
  0.35425821E+000
  0.35425710E+000
  0.35425598E+000
  0.35425485E+000
  0.35425370E+000
  0.35425254E+000
  0.35425138E+000
  0.35425020E+000
  0.35424901E+000
  0.35424781E+000
  0.35424660E+000
  0.35424538E+000
  0.35424416E+000
  0.35424293E+000
  0.35424169E+000
  0.35424045E+000
  0.35423920E+000
  0.35423795E+000
  0.35423669E+000
  0.35423544E+000
  0.35423418E+000
  0.35423292E+000
  0.35423166E+000
  0.35423041E+000
  0.35422915E+000
  0.35422790E+000
  0.35422665E+000
  0.35422541E+000
  0.35422417E+000
  0.35422294E+000
  0.35422172E+000
  0.35422050E+000
  0.35421930E+000
  0.35421810E+000
  0.35421691E+000
  0.35421574E+000
  0.35421457E+000
  0.35421342E+000
  0.35421228E+000
  0.35421116E+000
  0.35421005E+000
  0.35420895E+000
  0.35420787E+000
  0.35420681E+000
  0.35420576E+000
  0.35420473E+000
  0.35420371E+000
  0.35420271E+000
  0.35420173E+000
  0.35420077E+000
  0.35419982E+000
  0.35419890E+000
  0.35419799E+000
  0.35419710E+000
  0.35419623E+000
  0.35419538E+000
  0.35419454E+000
  0.35419373E+000
  0.35419293E+000
  0.35419216E+000
  0.35419140E+000
  0.35419066E+000
  0.35418994E+000
  0.35418924E+000
  0.35418856E+000
  0.35418789E+000
  0.35418724E+000
  0.35418661E+000
