  0.82261485E+000
  0.82262013E+000
  0.82262387E+000
  0.82262682E+000
  0.82262925E+000
  0.82263130E+000
  0.82263304E+000
  0.82263453E+000
  0.82263582E+000
  0.82263694E+000
  0.82263792E+000
  0.82263879E+000
  0.82263955E+000
  0.82264023E+000
  0.82264083E+000
  0.82264138E+000
  0.82264188E+000
  0.82264233E+000
  0.82264274E+000
  0.82264313E+000
  0.82264348E+000
  0.82264382E+000
  0.82264413E+000
  0.82264443E+000
  0.82264471E+000
  0.82264499E+000
  0.82264525E+000
  0.82264550E+000
  0.82264575E+000
  0.82264599E+000
  0.82264623E+000
  0.82264647E+000
  0.82264670E+000
  0.82264693E+000
  0.82264716E+000
  0.82264739E+000
  0.82264761E+000
  0.82264784E+000
  0.82264806E+000
  0.82264829E+000
  0.82264851E+000
  0.82264874E+000
  0.82264896E+000
  0.82264918E+000
  0.82264940E+000
  0.82264962E+000
  0.82264983E+000
  0.82265005E+000
  0.82265026E+000
  0.82265046E+000
  0.82265067E+000
  0.82265087E+000
  0.82265106E+000
  0.82265125E+000
  0.82265144E+000
  0.82265162E+000
  0.82265180E+000
  0.82265197E+000
  0.82265214E+000
  0.82265230E+000
  0.82265246E+000
  0.82265261E+000
  0.82265276E+000
  0.82265290E+000
  0.82265304E+000
  0.82265317E+000
  0.82265330E+000
  0.82265343E+000
  0.82265355E+000
  0.82265367E+000
  0.82265379E+000
  0.82265391E+000
  0.82265402E+000
  0.82265414E+000
  0.82265425E+000
  0.82265436E+000
  0.82265447E+000
  0.82265458E+000
  0.82265469E+000
  0.82265480E+000
  0.82265491E+000
  0.82265502E+000
  0.82265513E+000
  0.82265525E+000
  0.82265536E+000
  0.82265548E+000
  0.82265559E+000
  0.82265571E+000
  0.82265582E+000
  0.82265594E+000
  0.82265606E+000
  0.82265617E+000
  0.82265629E+000
  0.82265640E+000
  0.82265651E+000
  0.82265662E+000
  0.82265673E+000
  0.82265683E+000
  0.82265693E+000
  0.82265703E+000
  0.82265712E+000
  0.82265720E+000
  0.82265728E+000
  0.82265734E+000
  0.82265741E+000
  0.82265746E+000
  0.82265750E+000
  0.82265754E+000
  0.82265756E+000
  0.82265757E+000
  0.82265757E+000
  0.82265756E+000
  0.82265754E+000
  0.82265750E+000
  0.82265745E+000
  0.82265739E+000
  0.82265731E+000
  0.82265721E+000
  0.82265711E+000
  0.82265698E+000
  0.82265684E+000
  0.82265669E+000
  0.82265652E+000
  0.82265633E+000
  0.82265612E+000
  0.82265591E+000
  0.82265567E+000
  0.82265542E+000
  0.82265515E+000
  0.82265487E+000
  0.82265457E+000
  0.82265425E+000
  0.82265392E+000
  0.82265357E+000
  0.82265321E+000
  0.82265284E+000
  0.82265245E+000
  0.82265204E+000
  0.82265163E+000
  0.82265120E+000
  0.82265075E+000
  0.82265030E+000
  0.82264983E+000
  0.82264936E+000
  0.82264887E+000
  0.82264837E+000
  0.82264787E+000
  0.82264736E+000
  0.82264684E+000
  0.82264631E+000
  0.82264577E+000
  0.82264523E+000
  0.82264469E+000
  0.82264414E+000
  0.82264358E+000
  0.82264303E+000
  0.82264247E+000
  0.82264191E+000
  0.82264135E+000
  0.82264079E+000
  0.82264022E+000
  0.82263966E+000
  0.82263910E+000
  0.82263855E+000
  0.82263799E+000
  0.82263744E+000
  0.82263689E+000
  0.82263635E+000
  0.82263581E+000
  0.82263528E+000
  0.82263475E+000
  0.82263423E+000
  0.82263371E+000
  0.82263320E+000
  0.82263270E+000
  0.82263220E+000
  0.82263171E+000
  0.82263123E+000
  0.82263076E+000
  0.82263030E+000
  0.82262984E+000
  0.82262940E+000
  0.82262896E+000
  0.82262853E+000
  0.82262811E+000
  0.82262770E+000
  0.82262730E+000
  0.82262690E+000
  0.82262652E+000
  0.82262614E+000
  0.82262578E+000
  0.82262542E+000
  0.82262507E+000
  0.82262473E+000
  0.82262440E+000
  0.82262408E+000
  0.82262377E+000
  0.82262347E+000
  0.82262317E+000
  0.82262288E+000
