 -0.57432092E+000 -0.43190780E+000 -0.11426195E+000 -0.56729871E-002 -0.39447190E-002 -0.10642722E-002  0.10817903E-002  0.96014761E+000  0.25658122E+001  0.51504776E+001  0.73807482E+001
 -0.57433793E+000 -0.43193724E+000 -0.11431059E+000 -0.56745514E-002 -0.39527577E-002 -0.10831015E-002  0.10733912E-002  0.96000791E+000  0.25657235E+001  0.51503211E+001  0.73805409E+001
 -0.57434777E+000 -0.43195654E+000 -0.11433824E+000 -0.56744696E-002 -0.39519436E-002 -0.10810668E-002  0.10732807E-002  0.95990445E+000  0.25656514E+001  0.51501893E+001  0.73803690E+001
 -0.57435216E+000 -0.43196734E+000 -0.11435165E+000 -0.56742568E-002 -0.39506458E-002 -0.10779608E-002  0.10745019E-002  0.95982895E+000  0.25655926E+001  0.51500782E+001  0.73802267E+001
 -0.57435257E+000 -0.43197133E+000 -0.11435551E+000 -0.56740517E-002 -0.39495101E-002 -0.10752741E-002  0.10757710E-002  0.95977502E+000  0.25655444E+001  0.51499847E+001  0.73801096E+001
 -0.57435023E+000 -0.43197014E+000 -0.11435301E+000 -0.56738688E-002 -0.39485589E-002 -0.10730423E-002  0.10768749E-002  0.95973759E+000  0.25655049E+001  0.51499063E+001  0.73800138E+001
 -0.57434609E+000 -0.43196521E+000 -0.11434631E+000 -0.56737079E-002 -0.39477635E-002 -0.10711894E-002  0.10778031E-002  0.95971268E+000  0.25654722E+001  0.51498408E+001  0.73799364E+001
 -0.57434091E+000 -0.43195778E+000 -0.11433692E+000 -0.56735668E-002 -0.39470967E-002 -0.10696465E-002  0.10785793E-002  0.95969718E+000  0.25654452E+001  0.51497862E+001  0.73798747E+001
 -0.57433522E+000 -0.43194882E+000 -0.11432589E+000 -0.56734435E-002 -0.39465370E-002 -0.10683596E-002  0.10792253E-002  0.95968865E+000  0.25654227E+001  0.51497411E+001  0.73798262E+001
 -0.57432941E+000 -0.43193909E+000 -0.11431398E+000 -0.56733358E-002 -0.39460666E-002 -0.10672845E-002  0.10797613E-002  0.95968525E+000  0.25654039E+001  0.51497040E+001  0.73797892E+001
 -0.57432373E+000 -0.43192912E+000 -0.11430175E+000 -0.56732418E-002 -0.39456707E-002 -0.10663855E-002  0.10802105E-002  0.95968555E+000  0.25653882E+001  0.51496740E+001  0.73797620E+001
 -0.57431836E+000 -0.43191931E+000 -0.11428960E+000 -0.56731598E-002 -0.39453374E-002 -0.10656334E-002  0.10805878E-002  0.95968849E+000  0.25653752E+001  0.51496501E+001  0.73797430E+001
 -0.57431341E+000 -0.43190994E+000 -0.11427781E+000 -0.56730884E-002 -0.39450570E-002 -0.10650047E-002  0.10809044E-002  0.95969329E+000  0.25653644E+001  0.51496317E+001  0.73797313E+001
 -0.57430891E+000 -0.43190118E+000 -0.11426657E+000 -0.56730264E-002 -0.39448214E-002 -0.10644797E-002  0.10811695E-002  0.95969934E+000  0.25653556E+001  0.51496181E+001  0.73797257E+001
 -0.57430490E+000 -0.43189313E+000 -0.11425603E+000 -0.56729726E-002 -0.39446237E-002 -0.10640422E-002  0.10813919E-002  0.95970624E+000  0.25653484E+001  0.51496088E+001  0.73797255E+001
 -0.57430136E+000 -0.43188584E+000 -0.11424626E+000 -0.56729260E-002 -0.39444584E-002 -0.10636789E-002  0.10815782E-002  0.95971365E+000  0.25653428E+001  0.51496033E+001  0.73797299E+001
 -0.57429828E+000 -0.43187933E+000 -0.11423731E+000 -0.56728859E-002 -0.39443207E-002 -0.10633786E-002  0.10817338E-002  0.95972138E+000  0.25653386E+001  0.51496013E+001  0.73797384E+001
 -0.57429564E+000 -0.43187359E+000 -0.11422921E+000 -0.56728516E-002 -0.39442066E-002 -0.10631316E-002  0.10818632E-002  0.95972928E+000  0.25653356E+001  0.51496025E+001  0.73797504E+001
 -0.57429340E+000 -0.43186857E+000 -0.11422194E+000 -0.56728223E-002 -0.39441128E-002 -0.10629302E-002  0.10819703E-002  0.95973724E+000  0.25653339E+001  0.51496064E+001  0.73797654E+001
 -0.57429152E+000 -0.43186425E+000 -0.11421549E+000 -0.56727975E-002 -0.39440363E-002 -0.10627675E-002  0.10820583E-002  0.95974522E+000  0.25653332E+001  0.51496128E+001  0.73797832E+001
 -0.57428997E+000 -0.43186058E+000 -0.11420982E+000 -0.56727768E-002 -0.39439747E-002 -0.10626378E-002  0.10821302E-002  0.95975316E+000  0.25653335E+001  0.51496216E+001  0.73798034E+001
 -0.57428872E+000 -0.43185749E+000 -0.11420490E+000 -0.56727595E-002 -0.39439258E-002 -0.10625363E-002  0.10821881E-002  0.95976107E+000  0.25653349E+001  0.51496324E+001  0.73798257E+001
 -0.57428773E+000 -0.43185495E+000 -0.11420069E+000 -0.56727455E-002 -0.39438880E-002 -0.10624588E-002  0.10822342E-002  0.95976894E+000  0.25653371E+001  0.51496451E+001  0.73798497E+001
 -0.57428697E+000 -0.43185290E+000 -0.11419713E+000 -0.56727342E-002 -0.39438596E-002 -0.10624018E-002  0.10822702E-002  0.95977679E+000  0.25653403E+001  0.51496595E+001  0.73798754E+001
 -0.57428643E+000 -0.43185128E+000 -0.11419418E+000 -0.56727254E-002 -0.39438393E-002 -0.10623622E-002  0.10822977E-002  0.95978462E+000  0.25653443E+001  0.51496755E+001  0.73799024E+001
 -0.57428606E+000 -0.43185006E+000 -0.11419179E+000 -0.56727188E-002 -0.39438258E-002 -0.10623374E-002  0.10823178E-002  0.95979247E+000  0.25653491E+001  0.51496928E+001  0.73799305E+001
 -0.57428586E+000 -0.43184919E+000 -0.11418990E+000 -0.56727142E-002 -0.39438183E-002 -0.10623252E-002  0.10823319E-002  0.95980035E+000  0.25653548E+001  0.51497113E+001  0.73799595E+001
 -0.57428579E+000 -0.43184863E+000 -0.11418848E+000 -0.56727111E-002 -0.39438158E-002 -0.10623234E-002  0.10823409E-002  0.95980828E+000  0.25653611E+001  0.51497308E+001  0.73799893E+001
 -0.57428585E+000 -0.43184833E+000 -0.11418746E+000 -0.56727096E-002 -0.39438174E-002 -0.10623305E-002  0.10823456E-002  0.95981629E+000  0.25653682E+001  0.51497513E+001  0.73800195E+001
 -0.57428600E+000 -0.43184828E+000 -0.11418682E+000 -0.56727093E-002 -0.39438226E-002 -0.10623449E-002  0.10823469E-002  0.95982440E+000  0.25653760E+001  0.51497726E+001  0.73800501E+001
 -0.57428625E+000 -0.43184842E+000 -0.11418650E+000 -0.56727101E-002 -0.39438308E-002 -0.10623653E-002  0.10823453E-002  0.95983261E+000  0.25653843E+001  0.51497945E+001  0.73800807E+001
 -0.57428657E+000 -0.43184874E+000 -0.11418646E+000 -0.56727118E-002 -0.39438414E-002 -0.10623907E-002  0.10823414E-002  0.95984095E+000  0.25653932E+001  0.51498168E+001  0.73801113E+001
 -0.57428695E+000 -0.43184921E+000 -0.11418667E+000 -0.56727143E-002 -0.39438540E-002 -0.10624201E-002  0.10823358E-002  0.95984941E+000  0.25654026E+001  0.51498395E+001  0.73801416E+001
 -0.57428739E+000 -0.43184981E+000 -0.11418709E+000 -0.56727175E-002 -0.39438682E-002 -0.10624526E-002  0.10823289E-002  0.95985799E+000  0.25654125E+001  0.51498623E+001  0.73801714E+001
 -0.57428788E+000 -0.43185051E+000 -0.11418770E+000 -0.56727212E-002 -0.39438837E-002 -0.10624877E-002  0.10823210E-002  0.95986668E+000  0.25654227E+001  0.51498851E+001  0.73802005E+001
 -0.57428840E+000 -0.43185130E+000 -0.11418846E+000 -0.56727254E-002 -0.39439002E-002 -0.10625247E-002  0.10823123E-002  0.95987546E+000  0.25654333E+001  0.51499078E+001  0.73802288E+001
 -0.57428895E+000 -0.43185216E+000 -0.11418935E+000 -0.56727300E-002 -0.39439174E-002 -0.10625632E-002  0.10823033E-002  0.95988431E+000  0.25654440E+001  0.51499301E+001  0.73802561E+001
 -0.57428952E+000 -0.43185308E+000 -0.11419035E+000 -0.56727348E-002 -0.39439353E-002 -0.10626027E-002  0.10822940E-002  0.95989319E+000  0.25654549E+001  0.51499520E+001  0.73802822E+001
 -0.57429012E+000 -0.43185405E+000 -0.11419143E+000 -0.56727399E-002 -0.39439536E-002 -0.10626431E-002  0.10822846E-002  0.95990207E+000  0.25654659E+001  0.51499733E+001  0.73803070E+001
 -0.57429073E+000 -0.43185506E+000 -0.11419259E+000 -0.56727451E-002 -0.39439721E-002 -0.10626839E-002  0.10822752E-002  0.95991089E+000  0.25654768E+001  0.51499939E+001  0.73803303E+001
 -0.57429136E+000 -0.43185610E+000 -0.11419380E+000 -0.56727505E-002 -0.39439909E-002 -0.10627251E-002  0.10822660E-002  0.95991961E+000  0.25654876E+001  0.51500137E+001  0.73803522E+001
 -0.57429200E+000 -0.43185716E+000 -0.11419505E+000 -0.56727559E-002 -0.39440099E-002 -0.10627664E-002  0.10822569E-002  0.95992818E+000  0.25654983E+001  0.51500325E+001  0.73803726E+001
 -0.57429264E+000 -0.43185824E+000 -0.11419634E+000 -0.56727615E-002 -0.39440289E-002 -0.10628079E-002  0.10822481E-002  0.95993655E+000  0.25655087E+001  0.51500504E+001  0.73803913E+001
 -0.57429330E+000 -0.43185933E+000 -0.11419765E+000 -0.56727671E-002 -0.39440479E-002 -0.10628494E-002  0.10822394E-002  0.95994466E+000  0.25655188E+001  0.51500671E+001  0.73804085E+001
 -0.57429396E+000 -0.43186044E+000 -0.11419898E+000 -0.56727727E-002 -0.39440670E-002 -0.10628909E-002  0.10822310E-002  0.95995247E+000  0.25655285E+001  0.51500828E+001  0.73804242E+001
 -0.57429462E+000 -0.43186155E+000 -0.11420033E+000 -0.56727783E-002 -0.39440861E-002 -0.10629323E-002  0.10822228E-002  0.95995994E+000  0.25655378E+001  0.51500974E+001  0.73804383E+001
 -0.57429529E+000 -0.43186267E+000 -0.11420169E+000 -0.56727839E-002 -0.39441051E-002 -0.10629738E-002  0.10822147E-002  0.95996702E+000  0.25655466E+001  0.51501110E+001  0.73804510E+001
 -0.57429597E+000 -0.43186380E+000 -0.11420306E+000 -0.56727896E-002 -0.39441242E-002 -0.10630152E-002  0.10822067E-002  0.95997371E+000  0.25655551E+001  0.51501234E+001  0.73804624E+001
 -0.57429665E+000 -0.43186493E+000 -0.11420444E+000 -0.56727952E-002 -0.39441432E-002 -0.10630565E-002  0.10821989E-002  0.95997997E+000  0.25655630E+001  0.51501349E+001  0.73804725E+001
 -0.57429733E+000 -0.43186607E+000 -0.11420582E+000 -0.56728008E-002 -0.39441622E-002 -0.10630978E-002  0.10821911E-002  0.95998579E+000  0.25655705E+001  0.51501454E+001  0.73804814E+001
 -0.57429801E+000 -0.43186721E+000 -0.11420720E+000 -0.56728065E-002 -0.39441812E-002 -0.10631390E-002  0.10821833E-002  0.95999118E+000  0.25655775E+001  0.51501551E+001  0.73804893E+001
 -0.57429870E+000 -0.43186834E+000 -0.11420858E+000 -0.56728120E-002 -0.39442001E-002 -0.10631801E-002  0.10821756E-002  0.95999614E+000  0.25655841E+001  0.51501639E+001  0.73804963E+001
 -0.57429938E+000 -0.43186948E+000 -0.11420996E+000 -0.56728176E-002 -0.39442189E-002 -0.10632210E-002  0.10821679E-002  0.96000068E+000  0.25655903E+001  0.51501720E+001  0.73805025E+001
 -0.57430007E+000 -0.43187061E+000 -0.11421134E+000 -0.56728231E-002 -0.39442376E-002 -0.10632618E-002  0.10821601E-002  0.96000483E+000  0.25655961E+001  0.51501795E+001  0.73805079E+001
 -0.57430075E+000 -0.43187174E+000 -0.11421272E+000 -0.56728286E-002 -0.39442562E-002 -0.10633023E-002  0.10821524E-002  0.96000861E+000  0.25656016E+001  0.51501863E+001  0.73805127E+001
 -0.57430143E+000 -0.43187286E+000 -0.11421408E+000 -0.56728341E-002 -0.39442747E-002 -0.10633424E-002  0.10821446E-002  0.96001205E+000  0.25656067E+001  0.51501927E+001  0.73805170E+001
 -0.57430210E+000 -0.43187398E+000 -0.11421544E+000 -0.56728394E-002 -0.39442930E-002 -0.10633822E-002  0.10821369E-002  0.96001518E+000  0.25656116E+001  0.51501987E+001  0.73805208E+001
 -0.57430277E+000 -0.43187508E+000 -0.11421678E+000 -0.56728447E-002 -0.39443110E-002 -0.10634214E-002  0.10821292E-002  0.96001804E+000  0.25656162E+001  0.51502042E+001  0.73805243E+001
 -0.57430343E+000 -0.43187617E+000 -0.11421812E+000 -0.56728499E-002 -0.39443288E-002 -0.10634601E-002  0.10821215E-002  0.96002066E+000  0.25656205E+001  0.51502095E+001  0.73805275E+001
 -0.57430408E+000 -0.43187724E+000 -0.11421943E+000 -0.56728551E-002 -0.39443462E-002 -0.10634981E-002  0.10821139E-002  0.96002306E+000  0.25656247E+001  0.51502145E+001  0.73805305E+001
 -0.57430471E+000 -0.43187830E+000 -0.11422072E+000 -0.56728601E-002 -0.39443633E-002 -0.10635354E-002  0.10821063E-002  0.96002529E+000  0.25656288E+001  0.51502194E+001  0.73805333E+001
 -0.57430534E+000 -0.43187934E+000 -0.11422199E+000 -0.56728650E-002 -0.39443801E-002 -0.10635719E-002  0.10820989E-002  0.96002737E+000  0.25656326E+001  0.51502240E+001  0.73805360E+001
 -0.57430594E+000 -0.43188035E+000 -0.11422324E+000 -0.56728698E-002 -0.39443964E-002 -0.10636074E-002  0.10820915E-002  0.96002932E+000  0.25656364E+001  0.51502286E+001  0.73805387E+001
 -0.57430654E+000 -0.43188134E+000 -0.11422446E+000 -0.56728745E-002 -0.39444123E-002 -0.10636420E-002  0.10820843E-002  0.96003117E+000  0.25656400E+001  0.51502330E+001  0.73805413E+001
 -0.57430711E+000 -0.43188230E+000 -0.11422565E+000 -0.56728790E-002 -0.39444277E-002 -0.10636755E-002  0.10820772E-002  0.96003294E+000  0.25656436E+001  0.51502374E+001  0.73805440E+001
 -0.57430767E+000 -0.43188323E+000 -0.11422681E+000 -0.56728834E-002 -0.39444426E-002 -0.10637079E-002  0.10820703E-002  0.96003465E+000  0.25656471E+001  0.51502418E+001  0.73805467E+001
 -0.57430821E+000 -0.43188414E+000 -0.11422793E+000 -0.56728876E-002 -0.39444569E-002 -0.10637392E-002  0.10820636E-002  0.96003631E+000  0.25656505E+001  0.51502461E+001  0.73805495E+001
 -0.57430873E+000 -0.43188502E+000 -0.11422903E+000 -0.56728917E-002 -0.39444708E-002 -0.10637692E-002  0.10820570E-002  0.96003794E+000  0.25656538E+001  0.51502505E+001  0.73805524E+001
 -0.57430923E+000 -0.43188586E+000 -0.11423009E+000 -0.56728956E-002 -0.39444840E-002 -0.10637980E-002  0.10820506E-002  0.96003954E+000  0.25656571E+001  0.51502548E+001  0.73805554E+001
 -0.57430972E+000 -0.43188668E+000 -0.11423112E+000 -0.56728994E-002 -0.39444967E-002 -0.10638256E-002  0.10820444E-002  0.96004114E+000  0.25656604E+001  0.51502592E+001  0.73805586E+001
 -0.57431018E+000 -0.43188746E+000 -0.11423211E+000 -0.56729030E-002 -0.39445088E-002 -0.10638519E-002  0.10820384E-002  0.96004273E+000  0.25656636E+001  0.51502636E+001  0.73805618E+001
 -0.57431062E+000 -0.43188822E+000 -0.11423307E+000 -0.56729064E-002 -0.39445203E-002 -0.10638768E-002  0.10820326E-002  0.96004431E+000  0.25656668E+001  0.51502680E+001  0.73805651E+001
 -0.57431104E+000 -0.43188894E+000 -0.11423399E+000 -0.56729097E-002 -0.39445312E-002 -0.10639004E-002  0.10820269E-002  0.96004591E+000  0.25656699E+001  0.51502724E+001  0.73805686E+001
 -0.57431144E+000 -0.43188963E+000 -0.11423488E+000 -0.56729128E-002 -0.39445415E-002 -0.10639227E-002  0.10820215E-002  0.96004751E+000  0.25656730E+001  0.51502769E+001  0.73805721E+001
 -0.57431182E+000 -0.43189029E+000 -0.11423573E+000 -0.56729158E-002 -0.39445513E-002 -0.10639437E-002  0.10820163E-002  0.96004912E+000  0.25656761E+001  0.51502814E+001  0.73805758E+001
 -0.57431218E+000 -0.43189092E+000 -0.11423655E+000 -0.56729186E-002 -0.39445604E-002 -0.10639634E-002  0.10820113E-002  0.96005075E+000  0.25656792E+001  0.51502858E+001  0.73805795E+001
 -0.57431252E+000 -0.43189152E+000 -0.11423734E+000 -0.56729213E-002 -0.39445690E-002 -0.10639818E-002  0.10820065E-002  0.96005239E+000  0.25656822E+001  0.51502903E+001  0.73805832E+001
 -0.57431284E+000 -0.43189209E+000 -0.11423810E+000 -0.56729238E-002 -0.39445770E-002 -0.10639990E-002  0.10820018E-002  0.96005404E+000  0.25656851E+001  0.51502948E+001  0.73805870E+001
 -0.57431315E+000 -0.43189264E+000 -0.11423883E+000 -0.56729262E-002 -0.39445845E-002 -0.10640149E-002  0.10819974E-002  0.96005570E+000  0.25656880E+001  0.51502992E+001  0.73805909E+001
 -0.57431344E+000 -0.43189316E+000 -0.11423953E+000 -0.56729285E-002 -0.39445914E-002 -0.10640297E-002  0.10819931E-002  0.96005737E+000  0.25656909E+001  0.51503036E+001  0.73805947E+001
 -0.57431372E+000 -0.43189366E+000 -0.11424021E+000 -0.56729306E-002 -0.39445979E-002 -0.10640434E-002  0.10819890E-002  0.96005906E+000  0.25656938E+001  0.51503080E+001  0.73805986E+001
 -0.57431398E+000 -0.43189414E+000 -0.11424086E+000 -0.56729326E-002 -0.39446039E-002 -0.10640560E-002  0.10819850E-002  0.96006075E+000  0.25656966E+001  0.51503123E+001  0.73806024E+001
 -0.57431423E+000 -0.43189459E+000 -0.11424148E+000 -0.56729345E-002 -0.39446095E-002 -0.10640677E-002  0.10819812E-002  0.96006245E+000  0.25656994E+001  0.51503166E+001  0.73806062E+001
 -0.57431447E+000 -0.43189503E+000 -0.11424209E+000 -0.56729363E-002 -0.39446146E-002 -0.10640783E-002  0.10819776E-002  0.96006416E+000  0.25657021E+001  0.51503208E+001  0.73806100E+001
 -0.57431469E+000 -0.43189544E+000 -0.11424267E+000 -0.56729380E-002 -0.39446193E-002 -0.10640881E-002  0.10819740E-002  0.96006587E+000  0.25657048E+001  0.51503250E+001  0.73806137E+001
 -0.57431491E+000 -0.43189584E+000 -0.11424323E+000 -0.56729396E-002 -0.39446237E-002 -0.10640971E-002  0.10819706E-002  0.96006758E+000  0.25657074E+001  0.51503291E+001  0.73806173E+001
 -0.57431511E+000 -0.43189622E+000 -0.11424377E+000 -0.56729412E-002 -0.39446277E-002 -0.10641053E-002  0.10819673E-002  0.96006929E+000  0.25657100E+001  0.51503331E+001  0.73806209E+001
 -0.57431531E+000 -0.43189659E+000 -0.11424430E+000 -0.56729426E-002 -0.39446314E-002 -0.10641128E-002  0.10819641E-002  0.96007100E+000  0.25657126E+001  0.51503370E+001  0.73806244E+001
 -0.57431550E+000 -0.43189695E+000 -0.11424481E+000 -0.56729440E-002 -0.39446349E-002 -0.10641196E-002  0.10819610E-002  0.96007271E+000  0.25657151E+001  0.51503409E+001  0.73806278E+001
 -0.57431568E+000 -0.43189729E+000 -0.11424530E+000 -0.56729453E-002 -0.39446380E-002 -0.10641259E-002  0.10819580E-002  0.96007441E+000  0.25657176E+001  0.51503446E+001  0.73806311E+001
 -0.57431585E+000 -0.43189762E+000 -0.11424579E+000 -0.56729466E-002 -0.39446410E-002 -0.10641317E-002  0.10819551E-002  0.96007611E+000  0.25657201E+001  0.51503483E+001  0.73806344E+001
 -0.57431602E+000 -0.43189794E+000 -0.11424626E+000 -0.56729478E-002 -0.39446437E-002 -0.10641370E-002  0.10819522E-002  0.96007780E+000  0.25657225E+001  0.51503519E+001  0.73806376E+001
 -0.57431618E+000 -0.43189825E+000 -0.11424671E+000 -0.56729489E-002 -0.39446463E-002 -0.10641419E-002  0.10819493E-002  0.96007949E+000  0.25657248E+001  0.51503555E+001  0.73806407E+001
 -0.57431634E+000 -0.43189855E+000 -0.11424716E+000 -0.56729501E-002 -0.39446487E-002 -0.10641464E-002  0.10819466E-002  0.96008116E+000  0.25657272E+001  0.51503590E+001  0.73806437E+001
 -0.57431649E+000 -0.43189885E+000 -0.11424760E+000 -0.56729511E-002 -0.39446510E-002 -0.10641506E-002  0.10819438E-002  0.96008282E+000  0.25657295E+001  0.51503623E+001  0.73806467E+001
 -0.57431664E+000 -0.43189914E+000 -0.11424803E+000 -0.56729522E-002 -0.39446531E-002 -0.10641546E-002  0.10819411E-002  0.96008447E+000  0.25657317E+001  0.51503657E+001  0.73806495E+001
 -0.57431678E+000 -0.43189942E+000 -0.11424845E+000 -0.56729532E-002 -0.39446551E-002 -0.10641583E-002  0.10819384E-002  0.96008610E+000  0.25657339E+001  0.51503689E+001  0.73806523E+001
 -0.57431693E+000 -0.43189969E+000 -0.11424886E+000 -0.56729542E-002 -0.39446570E-002 -0.10641618E-002  0.10819358E-002  0.96008772E+000  0.25657361E+001  0.51503721E+001  0.73806551E+001
 -0.57431706E+000 -0.43189996E+000 -0.11424926E+000 -0.56729552E-002 -0.39446589E-002 -0.10641651E-002  0.10819331E-002  0.96008933E+000  0.25657383E+001  0.51503752E+001  0.73806578E+001
 -0.57431720E+000 -0.43190022E+000 -0.11424966E+000 -0.56729561E-002 -0.39446607E-002 -0.10641683E-002  0.10819305E-002  0.96009092E+000  0.25657404E+001  0.51503782E+001  0.73806604E+001
 -0.57431733E+000 -0.43190048E+000 -0.11425004E+000 -0.56729570E-002 -0.39446624E-002 -0.10641713E-002  0.10819279E-002  0.96009249E+000  0.25657424E+001  0.51503812E+001  0.73806630E+001
 -0.57431746E+000 -0.43190073E+000 -0.11425042E+000 -0.56729579E-002 -0.39446641E-002 -0.10641743E-002  0.10819253E-002  0.96009404E+000  0.25657445E+001  0.51503841E+001  0.73806655E+001
 -0.57431759E+000 -0.43190098E+000 -0.11425080E+000 -0.56729588E-002 -0.39446657E-002 -0.10641771E-002  0.10819227E-002  0.96009557E+000  0.25657465E+001  0.51503870E+001  0.73806679E+001
 -0.57431772E+000 -0.43190122E+000 -0.11425117E+000 -0.56729597E-002 -0.39446673E-002 -0.10641799E-002  0.10819201E-002  0.96009708E+000  0.25657485E+001  0.51503898E+001  0.73806704E+001
 -0.57431784E+000 -0.43190146E+000 -0.11425153E+000 -0.56729606E-002 -0.39446688E-002 -0.10641826E-002  0.10819175E-002  0.96009857E+000  0.25657504E+001  0.51503926E+001  0.73806727E+001
 -0.57431796E+000 -0.43190169E+000 -0.11425188E+000 -0.56729614E-002 -0.39446704E-002 -0.10641853E-002  0.10819149E-002  0.96010003E+000  0.25657523E+001  0.51503953E+001  0.73806751E+001
 -0.57431807E+000 -0.43190192E+000 -0.11425223E+000 -0.56729622E-002 -0.39446719E-002 -0.10641879E-002  0.10819124E-002  0.96010147E+000  0.25657542E+001  0.51503979E+001  0.73806773E+001
 -0.57431819E+000 -0.43190214E+000 -0.11425256E+000 -0.56729630E-002 -0.39446733E-002 -0.10641905E-002  0.10819098E-002  0.96010289E+000  0.25657560E+001  0.51504005E+001  0.73806796E+001
 -0.57431830E+000 -0.43190235E+000 -0.11425290E+000 -0.56729638E-002 -0.39446748E-002 -0.10641930E-002  0.10819073E-002  0.96010428E+000  0.25657578E+001  0.51504030E+001  0.73806818E+001
 -0.57431841E+000 -0.43190257E+000 -0.11425322E+000 -0.56729646E-002 -0.39446762E-002 -0.10641956E-002  0.10819047E-002  0.96010565E+000  0.25657596E+001  0.51504055E+001  0.73806839E+001
 -0.57431851E+000 -0.43190277E+000 -0.11425354E+000 -0.56729654E-002 -0.39446776E-002 -0.10641980E-002  0.10819022E-002  0.96010699E+000  0.25657613E+001  0.51504079E+001  0.73806860E+001
 -0.57431862E+000 -0.43190297E+000 -0.11425385E+000 -0.56729661E-002 -0.39446790E-002 -0.10642005E-002  0.10818996E-002  0.96010830E+000  0.25657630E+001  0.51504103E+001  0.73806881E+001
 -0.57431872E+000 -0.43190317E+000 -0.11425416E+000 -0.56729669E-002 -0.39446804E-002 -0.10642029E-002  0.10818971E-002  0.96010958E+000  0.25657647E+001  0.51504126E+001  0.73806901E+001
 -0.57431881E+000 -0.43190336E+000 -0.11425445E+000 -0.56729676E-002 -0.39446817E-002 -0.10642053E-002  0.10818946E-002  0.96011083E+000  0.25657663E+001  0.51504148E+001  0.73806921E+001
 -0.57431891E+000 -0.43190355E+000 -0.11425474E+000 -0.56729683E-002 -0.39446830E-002 -0.10642076E-002  0.10818921E-002  0.96011206E+000  0.25657679E+001  0.51504170E+001  0.73806940E+001
 -0.57431900E+000 -0.43190373E+000 -0.11425502E+000 -0.56729690E-002 -0.39446843E-002 -0.10642099E-002  0.10818896E-002  0.96011325E+000  0.25657694E+001  0.51504192E+001  0.73806959E+001
 -0.57431909E+000 -0.43190390E+000 -0.11425529E+000 -0.56729697E-002 -0.39446856E-002 -0.10642122E-002  0.10818871E-002  0.96011441E+000  0.25657709E+001  0.51504213E+001  0.73806977E+001
 -0.57431917E+000 -0.43190407E+000 -0.11425556E+000 -0.56729703E-002 -0.39446868E-002 -0.10642144E-002  0.10818847E-002  0.96011555E+000  0.25657724E+001  0.51504233E+001  0.73806995E+001
 -0.57431925E+000 -0.43190423E+000 -0.11425581E+000 -0.56729710E-002 -0.39446881E-002 -0.10642165E-002  0.10818822E-002  0.96011665E+000  0.25657738E+001  0.51504252E+001  0.73807012E+001
 -0.57431933E+000 -0.43190439E+000 -0.11425606E+000 -0.56729716E-002 -0.39446892E-002 -0.10642186E-002  0.10818798E-002  0.96011772E+000  0.25657752E+001  0.51504271E+001  0.73807029E+001
 -0.57431940E+000 -0.43190454E+000 -0.11425630E+000 -0.56729722E-002 -0.39446904E-002 -0.10642207E-002  0.10818775E-002  0.96011876E+000  0.25657765E+001  0.51504290E+001  0.73807045E+001
 -0.57431948E+000 -0.43190468E+000 -0.11425654E+000 -0.56729728E-002 -0.39446915E-002 -0.10642227E-002  0.10818751E-002  0.96011977E+000  0.25657778E+001  0.51504308E+001  0.73807060E+001
 -0.57431955E+000 -0.43190482E+000 -0.11425676E+000 -0.56729733E-002 -0.39446926E-002 -0.10642246E-002  0.10818728E-002  0.96012075E+000  0.25657790E+001  0.51504325E+001  0.73807075E+001
 -0.57431961E+000 -0.43190496E+000 -0.11425698E+000 -0.56729739E-002 -0.39446936E-002 -0.10642265E-002  0.10818704E-002  0.96012170E+000  0.25657803E+001  0.51504342E+001  0.73807090E+001
 -0.57431967E+000 -0.43190508E+000 -0.11425719E+000 -0.56729744E-002 -0.39446947E-002 -0.10642284E-002  0.10818682E-002  0.96012261E+000  0.25657814E+001  0.51504358E+001  0.73807104E+001
 -0.57431973E+000 -0.43190521E+000 -0.11425739E+000 -0.56729749E-002 -0.39446956E-002 -0.10642301E-002  0.10818659E-002  0.96012350E+000  0.25657826E+001  0.51504373E+001  0.73807117E+001
 -0.57431979E+000 -0.43190532E+000 -0.11425758E+000 -0.56729754E-002 -0.39446966E-002 -0.10642318E-002  0.10818637E-002  0.96012435E+000  0.25657837E+001  0.51504388E+001  0.73807130E+001
 -0.57431984E+000 -0.43190544E+000 -0.11425777E+000 -0.56729759E-002 -0.39446975E-002 -0.10642335E-002  0.10818615E-002  0.96012518E+000  0.25657847E+001  0.51504402E+001  0.73807143E+001
 -0.57431989E+000 -0.43190554E+000 -0.11425794E+000 -0.56729764E-002 -0.39446984E-002 -0.10642350E-002  0.10818594E-002  0.96012597E+000  0.25657857E+001  0.51504416E+001  0.73807155E+001
 -0.57431994E+000 -0.43190564E+000 -0.11425812E+000 -0.56729768E-002 -0.39446992E-002 -0.10642366E-002  0.10818573E-002  0.96012673E+000  0.25657867E+001  0.51504429E+001  0.73807166E+001
 -0.57431999E+000 -0.43190574E+000 -0.11425828E+000 -0.56729772E-002 -0.39447000E-002 -0.10642380E-002  0.10818552E-002  0.96012747E+000  0.25657876E+001  0.51504442E+001  0.73807177E+001
 -0.57432003E+000 -0.43190583E+000 -0.11425843E+000 -0.56729776E-002 -0.39447008E-002 -0.10642394E-002  0.10818531E-002  0.96012818E+000  0.25657885E+001  0.51504454E+001  0.73807187E+001
 -0.57432007E+000 -0.43190592E+000 -0.11425858E+000 -0.56729780E-002 -0.39447015E-002 -0.10642407E-002  0.10818512E-002  0.96012886E+000  0.25657894E+001  0.51504465E+001  0.73807197E+001
 -0.57432011E+000 -0.43190600E+000 -0.11425872E+000 -0.56729784E-002 -0.39447022E-002 -0.10642420E-002  0.10818492E-002  0.96012951E+000  0.25657902E+001  0.51504476E+001  0.73807206E+001
 -0.57432014E+000 -0.43190607E+000 -0.11425886E+000 -0.56729787E-002 -0.39447029E-002 -0.10642431E-002  0.10818473E-002  0.96013014E+000  0.25657910E+001  0.51504486E+001  0.73807215E+001
 -0.57432017E+000 -0.43190615E+000 -0.11425899E+000 -0.56729791E-002 -0.39447035E-002 -0.10642443E-002  0.10818454E-002  0.96013074E+000  0.25657918E+001  0.51504496E+001  0.73807224E+001
 -0.57432020E+000 -0.43190622E+000 -0.11425911E+000 -0.56729794E-002 -0.39447041E-002 -0.10642453E-002  0.10818436E-002  0.96013131E+000  0.25657925E+001  0.51504506E+001  0.73807232E+001
 -0.57432023E+000 -0.43190628E+000 -0.11425922E+000 -0.56729797E-002 -0.39447047E-002 -0.10642463E-002  0.10818418E-002  0.96013186E+000  0.25657932E+001  0.51504515E+001  0.73807239E+001
 -0.57432026E+000 -0.43190634E+000 -0.11425933E+000 -0.56729800E-002 -0.39447052E-002 -0.10642473E-002  0.10818400E-002  0.96013239E+000  0.25657939E+001  0.51504523E+001  0.73807247E+001
 -0.57432028E+000 -0.43190640E+000 -0.11425944E+000 -0.56729803E-002 -0.39447057E-002 -0.10642482E-002  0.10818383E-002  0.96013289E+000  0.25657945E+001  0.51504532E+001  0.73807253E+001
 -0.57432030E+000 -0.43190645E+000 -0.11425954E+000 -0.56729805E-002 -0.39447062E-002 -0.10642490E-002  0.10818367E-002  0.96013337E+000  0.25657951E+001  0.51504539E+001  0.73807260E+001
 -0.57432032E+000 -0.43190650E+000 -0.11425963E+000 -0.56729808E-002 -0.39447067E-002 -0.10642498E-002  0.10818350E-002  0.96013383E+000  0.25657957E+001  0.51504547E+001  0.73807266E+001
 -0.57432034E+000 -0.43190654E+000 -0.11425972E+000 -0.56729810E-002 -0.39447071E-002 -0.10642505E-002  0.10818335E-002  0.96013427E+000  0.25657962E+001  0.51504553E+001  0.73807272E+001
 -0.57432036E+000 -0.43190659E+000 -0.11425980E+000 -0.56729812E-002 -0.39447075E-002 -0.10642512E-002  0.10818319E-002  0.96013469E+000  0.25657967E+001  0.51504560E+001  0.73807277E+001
 -0.57432038E+000 -0.43190663E+000 -0.11425988E+000 -0.56729814E-002 -0.39447079E-002 -0.10642518E-002  0.10818305E-002  0.96013509E+000  0.25657972E+001  0.51504566E+001  0.73807283E+001
 -0.57432039E+000 -0.43190666E+000 -0.11425995E+000 -0.56729816E-002 -0.39447082E-002 -0.10642524E-002  0.10818290E-002  0.96013547E+000  0.25657977E+001  0.51504572E+001  0.73807288E+001
 -0.57432040E+000 -0.43190670E+000 -0.11426002E+000 -0.56729818E-002 -0.39447085E-002 -0.10642530E-002  0.10818276E-002  0.96013584E+000  0.25657981E+001  0.51504578E+001  0.73807292E+001
 -0.57432042E+000 -0.43190673E+000 -0.11426008E+000 -0.56729820E-002 -0.39447088E-002 -0.10642535E-002  0.10818262E-002  0.96013618E+000  0.25657986E+001  0.51504583E+001  0.73807297E+001
 -0.57432043E+000 -0.43190676E+000 -0.11426015E+000 -0.56729822E-002 -0.39447091E-002 -0.10642540E-002  0.10818249E-002  0.96013652E+000  0.25657990E+001  0.51504588E+001  0.73807301E+001
 -0.57432044E+000 -0.43190679E+000 -0.11426020E+000 -0.56729823E-002 -0.39447094E-002 -0.10642544E-002  0.10818237E-002  0.96013683E+000  0.25657993E+001  0.51504593E+001  0.73807305E+001
 -0.57432045E+000 -0.43190681E+000 -0.11426026E+000 -0.56729825E-002 -0.39447096E-002 -0.10642548E-002  0.10818224E-002  0.96013714E+000  0.25657997E+001  0.51504597E+001  0.73807309E+001
 -0.57432045E+000 -0.43190684E+000 -0.11426031E+000 -0.56729826E-002 -0.39447098E-002 -0.10642552E-002  0.10818212E-002  0.96013743E+000  0.25658001E+001  0.51504602E+001  0.73807312E+001
 -0.57432046E+000 -0.43190686E+000 -0.11426036E+000 -0.56729827E-002 -0.39447100E-002 -0.10642555E-002  0.10818201E-002  0.96013770E+000  0.25658004E+001  0.51504606E+001  0.73807316E+001
 -0.57432047E+000 -0.43190688E+000 -0.11426040E+000 -0.56729829E-002 -0.39447102E-002 -0.10642558E-002  0.10818190E-002  0.96013797E+000  0.25658007E+001  0.51504610E+001  0.73807319E+001
 -0.57432047E+000 -0.43190690E+000 -0.11426044E+000 -0.56729830E-002 -0.39447104E-002 -0.10642561E-002  0.10818179E-002  0.96013822E+000  0.25658010E+001  0.51504614E+001  0.73807322E+001
 -0.57432048E+000 -0.43190691E+000 -0.11426048E+000 -0.56729831E-002 -0.39447106E-002 -0.10642564E-002  0.10818168E-002  0.96013847E+000  0.25658013E+001  0.51504617E+001  0.73807325E+001
 -0.57432048E+000 -0.43190693E+000 -0.11426052E+000 -0.56729832E-002 -0.39447108E-002 -0.10642566E-002  0.10818158E-002  0.96013870E+000  0.25658016E+001  0.51504621E+001  0.73807328E+001
 -0.57432049E+000 -0.43190694E+000 -0.11426055E+000 -0.56729833E-002 -0.39447109E-002 -0.10642569E-002  0.10818149E-002  0.96013893E+000  0.25658018E+001  0.51504624E+001  0.73807331E+001
 -0.57432049E+000 -0.43190696E+000 -0.11426059E+000 -0.56729834E-002 -0.39447110E-002 -0.10642571E-002  0.10818139E-002  0.96013915E+000  0.25658021E+001  0.51504627E+001  0.73807334E+001
 -0.57432050E+000 -0.43190697E+000 -0.11426062E+000 -0.56729835E-002 -0.39447112E-002 -0.10642573E-002  0.10818130E-002  0.96013936E+000  0.25658023E+001  0.51504630E+001  0.73807337E+001
 -0.57432050E+000 -0.43190699E+000 -0.11426065E+000 -0.56729836E-002 -0.39447113E-002 -0.10642575E-002  0.10818122E-002  0.96013956E+000  0.25658026E+001  0.51504633E+001  0.73807339E+001
 -0.57432051E+000 -0.43190700E+000 -0.11426068E+000 -0.56729836E-002 -0.39447114E-002 -0.10642577E-002  0.10818114E-002  0.96013975E+000  0.25658028E+001  0.51504636E+001  0.73807342E+001
 -0.57432051E+000 -0.43190701E+000 -0.11426071E+000 -0.56729837E-002 -0.39447115E-002 -0.10642579E-002  0.10818106E-002  0.96013994E+000  0.25658030E+001  0.51504639E+001  0.73807345E+001
 -0.57432051E+000 -0.43190702E+000 -0.11426073E+000 -0.56729838E-002 -0.39447116E-002 -0.10642580E-002  0.10818098E-002  0.96014013E+000  0.25658032E+001  0.51504642E+001  0.73807347E+001
 -0.57432052E+000 -0.43190703E+000 -0.11426076E+000 -0.56729838E-002 -0.39447117E-002 -0.10642582E-002  0.10818091E-002  0.96014031E+000  0.25658035E+001  0.51504645E+001  0.73807350E+001
 -0.57432052E+000 -0.43190704E+000 -0.11426078E+000 -0.56729839E-002 -0.39447118E-002 -0.10642583E-002  0.10818083E-002  0.96014048E+000  0.25658037E+001  0.51504647E+001  0.73807352E+001
 -0.57432052E+000 -0.43190705E+000 -0.11426080E+000 -0.56729840E-002 -0.39447119E-002 -0.10642585E-002  0.10818077E-002  0.96014065E+000  0.25658039E+001  0.51504650E+001  0.73807355E+001
 -0.57432053E+000 -0.43190706E+000 -0.11426083E+000 -0.56729840E-002 -0.39447120E-002 -0.10642587E-002  0.10818070E-002  0.96014082E+000  0.25658040E+001  0.51504653E+001  0.73807357E+001
 -0.57432053E+000 -0.43190707E+000 -0.11426085E+000 -0.56729841E-002 -0.39447121E-002 -0.10642588E-002  0.10818064E-002  0.96014098E+000  0.25658042E+001  0.51504655E+001  0.73807360E+001
 -0.57432053E+000 -0.43190708E+000 -0.11426087E+000 -0.56729842E-002 -0.39447122E-002 -0.10642590E-002  0.10818058E-002  0.96014114E+000  0.25658044E+001  0.51504658E+001  0.73807362E+001
 -0.57432054E+000 -0.43190709E+000 -0.11426089E+000 -0.56729842E-002 -0.39447123E-002 -0.10642592E-002  0.10818052E-002  0.96014130E+000  0.25658046E+001  0.51504660E+001  0.73807365E+001
 -0.57432054E+000 -0.43190710E+000 -0.11426091E+000 -0.56729843E-002 -0.39447124E-002 -0.10642593E-002  0.10818046E-002  0.96014145E+000  0.25658048E+001  0.51504663E+001  0.73807367E+001
 -0.57432055E+000 -0.43190711E+000 -0.11426093E+000 -0.56729843E-002 -0.39447125E-002 -0.10642595E-002  0.10818041E-002  0.96014160E+000  0.25658050E+001  0.51504665E+001  0.73807370E+001
 -0.57432055E+000 -0.43190712E+000 -0.11426095E+000 -0.56729844E-002 -0.39447126E-002 -0.10642597E-002  0.10818036E-002  0.96014175E+000  0.25658051E+001  0.51504668E+001  0.73807372E+001
 -0.57432056E+000 -0.43190713E+000 -0.11426097E+000 -0.56729844E-002 -0.39447127E-002 -0.10642598E-002  0.10818031E-002  0.96014190E+000  0.25658053E+001  0.51504670E+001  0.73807375E+001
 -0.57432056E+000 -0.43190714E+000 -0.11426099E+000 -0.56729845E-002 -0.39447128E-002 -0.10642600E-002  0.10818026E-002  0.96014205E+000  0.25658055E+001  0.51504673E+001  0.73807377E+001
 -0.57432057E+000 -0.43190715E+000 -0.11426101E+000 -0.56729845E-002 -0.39447129E-002 -0.10642602E-002  0.10818022E-002  0.96014219E+000  0.25658056E+001  0.51504675E+001  0.73807380E+001
 -0.57432057E+000 -0.43190717E+000 -0.11426103E+000 -0.56729846E-002 -0.39447130E-002 -0.10642604E-002  0.10818017E-002  0.96014234E+000  0.25658058E+001  0.51504678E+001  0.73807383E+001
 -0.57432058E+000 -0.43190718E+000 -0.11426105E+000 -0.56729846E-002 -0.39447131E-002 -0.10642606E-002  0.10818013E-002  0.96014248E+000  0.25658060E+001  0.51504680E+001  0.73807385E+001
 -0.57432058E+000 -0.43190719E+000 -0.11426107E+000 -0.56729847E-002 -0.39447133E-002 -0.10642608E-002  0.10818009E-002  0.96014262E+000  0.25658061E+001  0.51504683E+001  0.73807388E+001
 -0.57432059E+000 -0.43190720E+000 -0.11426109E+000 -0.56729847E-002 -0.39447134E-002 -0.10642610E-002  0.10818005E-002  0.96014276E+000  0.25658063E+001  0.51504685E+001  0.73807390E+001
 -0.57432060E+000 -0.43190721E+000 -0.11426111E+000 -0.56729848E-002 -0.39447135E-002 -0.10642613E-002  0.10818002E-002  0.96014290E+000  0.25658065E+001  0.51504688E+001  0.73807393E+001
 -0.57432060E+000 -0.43190723E+000 -0.11426113E+000 -0.56729849E-002 -0.39447136E-002 -0.10642615E-002  0.10817998E-002  0.96014303E+000  0.25658066E+001  0.51504690E+001  0.73807396E+001
 -0.57432061E+000 -0.43190724E+000 -0.11426115E+000 -0.56729849E-002 -0.39447137E-002 -0.10642617E-002  0.10817995E-002  0.96014317E+000  0.25658068E+001  0.51504693E+001  0.73807398E+001
 -0.57432062E+000 -0.43190725E+000 -0.11426117E+000 -0.56729850E-002 -0.39447138E-002 -0.10642620E-002  0.10817991E-002  0.96014330E+000  0.25658069E+001  0.51504695E+001  0.73807401E+001
 -0.57432062E+000 -0.43190727E+000 -0.11426119E+000 -0.56729850E-002 -0.39447140E-002 -0.10642622E-002  0.10817988E-002  0.96014343E+000  0.25658071E+001  0.51504698E+001  0.73807403E+001
 -0.57432063E+000 -0.43190728E+000 -0.11426121E+000 -0.56729851E-002 -0.39447141E-002 -0.10642625E-002  0.10817985E-002  0.96014357E+000  0.25658073E+001  0.51504700E+001  0.73807406E+001
 -0.57432064E+000 -0.43190729E+000 -0.11426123E+000 -0.56729851E-002 -0.39447142E-002 -0.10642627E-002  0.10817982E-002  0.96014370E+000  0.25658074E+001  0.51504703E+001  0.73807408E+001
 -0.57432065E+000 -0.43190731E+000 -0.11426125E+000 -0.56729852E-002 -0.39447144E-002 -0.10642630E-002  0.10817979E-002  0.96014382E+000  0.25658076E+001  0.51504705E+001  0.73807411E+001
 -0.57432065E+000 -0.43190732E+000 -0.11426127E+000 -0.56729852E-002 -0.39447145E-002 -0.10642632E-002  0.10817976E-002  0.96014395E+000  0.25658077E+001  0.51504708E+001  0.73807413E+001
 -0.57432066E+000 -0.43190733E+000 -0.11426129E+000 -0.56729853E-002 -0.39447146E-002 -0.10642635E-002  0.10817974E-002  0.96014408E+000  0.25658079E+001  0.51504710E+001  0.73807416E+001
 -0.57432067E+000 -0.43190735E+000 -0.11426131E+000 -0.56729853E-002 -0.39447148E-002 -0.10642637E-002  0.10817971E-002  0.96014420E+000  0.25658080E+001  0.51504712E+001  0.73807418E+001
 -0.57432068E+000 -0.43190736E+000 -0.11426133E+000 -0.56729854E-002 -0.39447149E-002 -0.10642640E-002  0.10817969E-002  0.96014432E+000  0.25658082E+001  0.51504715E+001  0.73807421E+001
 -0.57432068E+000 -0.43190738E+000 -0.11426135E+000 -0.56729855E-002 -0.39447150E-002 -0.10642643E-002  0.10817966E-002  0.96014444E+000  0.25658083E+001  0.51504717E+001  0.73807423E+001
 -0.57432069E+000 -0.43190739E+000 -0.11426137E+000 -0.56729855E-002 -0.39447152E-002 -0.10642645E-002  0.10817964E-002  0.96014456E+000  0.25658085E+001  0.51504719E+001  0.73807426E+001
 -0.57432070E+000 -0.43190741E+000 -0.11426139E+000 -0.56729856E-002 -0.39447153E-002 -0.10642648E-002  0.10817962E-002  0.96014468E+000  0.25658086E+001  0.51504722E+001  0.73807428E+001
 -0.57432071E+000 -0.43190742E+000 -0.11426141E+000 -0.56729856E-002 -0.39447154E-002 -0.10642651E-002  0.10817960E-002  0.96014480E+000  0.25658087E+001  0.51504724E+001  0.73807430E+001
 -0.57432072E+000 -0.43190743E+000 -0.11426143E+000 -0.56729857E-002 -0.39447156E-002 -0.10642653E-002  0.10817958E-002  0.96014491E+000  0.25658089E+001  0.51504726E+001  0.73807433E+001
 -0.57432073E+000 -0.43190745E+000 -0.11426145E+000 -0.56729857E-002 -0.39447157E-002 -0.10642656E-002  0.10817956E-002  0.96014502E+000  0.25658090E+001  0.51504728E+001  0.73807435E+001
 -0.57432073E+000 -0.43190746E+000 -0.11426147E+000 -0.56729858E-002 -0.39447158E-002 -0.10642658E-002  0.10817954E-002  0.96014514E+000  0.25658092E+001  0.51504730E+001  0.73807437E+001
