  0.00000000E+000  0.00000000E+000  0.00000000E+000  0.00000000E+000  0.00000000E+000  0.93662127E-001  0.19283099E+001  0.12499507E+002  0.31295227E+002  0.78686205E+002  0.15900738E+003
  0.00000000E+000  0.00000000E+000  0.00000000E+000  0.00000000E+000  0.00000000E+000  0.93710850E-001  0.19290330E+001  0.12505977E+002  0.31304044E+002  0.78729451E+002  0.15906876E+003
  0.00000000E+000  0.00000000E+000  0.00000000E+000  0.00000000E+000  0.00000000E+000  0.93747588E-001  0.19295798E+001  0.12510947E+002  0.31310739E+002  0.78761769E+002  0.15911465E+003
  0.00000000E+000  0.00000000E+000  0.00000000E+000  0.00000000E+000  0.00000000E+000  0.93776138E-001  0.19300135E+001  0.12514952E+002  0.31316099E+002  0.78787444E+002  0.15915119E+003
  0.00000000E+000  0.00000000E+000  0.00000000E+000  0.00000000E+000  0.00000000E+000  0.93798482E-001  0.19303625E+001  0.12518187E+002  0.31320479E+002  0.78808281E+002  0.15918092E+003
  0.00000000E+000  0.00000000E+000  0.00000000E+000  0.00000000E+000  0.00000000E+000  0.93815874E-001  0.19306444E+001  0.12520814E+002  0.31324085E+002  0.78825332E+002  0.15920531E+003
  0.00000000E+000  0.00000000E+000  0.00000000E+000  0.00000000E+000  0.00000000E+000  0.93829235E-001  0.19308704E+001  0.12522949E+002  0.31327021E+002  0.78839326E+002  0.15922539E+003
  0.00000000E+000  0.00000000E+000  0.00000000E+000  0.00000000E+000  0.00000000E+000  0.93839288E-001  0.19310507E+001  0.12524682E+002  0.31329411E+002  0.78850817E+002  0.15924193E+003
  0.00000000E+000  0.00000000E+000  0.00000000E+000  0.00000000E+000  0.00000000E+000  0.93846614E-001  0.19311932E+001  0.12526081E+002  0.31331353E+002  0.78860239E+002  0.15925556E+003
  0.00000000E+000  0.00000000E+000  0.00000000E+000  0.00000000E+000  0.00000000E+000  0.93851687E-001  0.19313043E+001  0.12527204E+002  0.31332929E+002  0.78867944E+002  0.15926676E+003
  0.00000000E+000  0.00000000E+000  0.00000000E+000  0.00000000E+000  0.00000000E+000  0.93854899E-001  0.19313893E+001  0.12528096E+002  0.31334199E+002  0.78874222E+002  0.15927594E+003
  0.00000000E+000  0.00000000E+000  0.00000000E+000  0.00000000E+000  0.00000000E+000  0.93856569E-001  0.19314524E+001  0.12528797E+002  0.31335215E+002  0.78879309E+002  0.15928343E+003
  0.00000000E+000  0.00000000E+000  0.00000000E+000  0.00000000E+000  0.00000000E+000  0.93856962E-001  0.19314974E+001  0.12529336E+002  0.31336017E+002  0.78883397E+002  0.15928952E+003
  0.00000000E+000  0.00000000E+000  0.00000000E+000  0.00000000E+000  0.00000000E+000  0.93856295E-001  0.19315270E+001  0.12529740E+002  0.31336640E+002  0.78886647E+002  0.15929441E+003
  0.00000000E+000  0.00000000E+000  0.00000000E+000  0.00000000E+000  0.00000000E+000  0.93854749E-001  0.19315437E+001  0.12530029E+002  0.31337112E+002  0.78889191E+002  0.15929830E+003
  0.00000000E+000  0.00000000E+000  0.00000000E+000  0.00000000E+000  0.00000000E+000  0.93852473E-001  0.19315495E+001  0.12530222E+002  0.31337457E+002  0.78891139E+002  0.15930135E+003
  0.00000000E+000  0.00000000E+000  0.00000000E+000  0.00000000E+000  0.00000000E+000  0.93849592E-001  0.19315462E+001  0.12530332E+002  0.31337694E+002  0.78892584E+002  0.15930369E+003
  0.00000000E+000  0.00000000E+000  0.00000000E+000  0.00000000E+000  0.00000000E+000  0.93846209E-001  0.19315351E+001  0.12530373E+002  0.31337842E+002  0.78893601E+002  0.15930542E+003
  0.00000000E+000  0.00000000E+000  0.00000000E+000  0.00000000E+000  0.00000000E+000  0.93842412E-001  0.19315173E+001  0.12530354E+002  0.31337914E+002  0.78894256E+002  0.15930664E+003
  0.00000000E+000  0.00000000E+000  0.00000000E+000  0.00000000E+000  0.00000000E+000  0.93838272E-001  0.19314939E+001  0.12530284E+002  0.31337921E+002  0.78894602E+002  0.15930742E+003
  0.00000000E+000  0.00000000E+000  0.00000000E+000  0.00000000E+000  0.00000000E+000  0.93833849E-001  0.19314657E+001  0.12530172E+002  0.31337873E+002  0.78894686E+002  0.15930783E+003
  0.00000000E+000  0.00000000E+000  0.00000000E+000  0.00000000E+000  0.00000000E+000  0.93829194E-001  0.19314334E+001  0.12530021E+002  0.31337778E+002  0.78894546E+002  0.15930793E+003
  0.00000000E+000  0.00000000E+000  0.00000000E+000  0.00000000E+000  0.00000000E+000  0.93824348E-001  0.19313976E+001  0.12529839E+002  0.31337642E+002  0.78894214E+002  0.15930775E+003
  0.00000000E+000  0.00000000E+000  0.00000000E+000  0.00000000E+000  0.00000000E+000  0.93819348E-001  0.19313587E+001  0.12529630E+002  0.31337471E+002  0.78893718E+002  0.15930735E+003
  0.00000000E+000  0.00000000E+000  0.00000000E+000  0.00000000E+000  0.00000000E+000  0.93814224E-001  0.19313172E+001  0.12529396E+002  0.31337271E+002  0.78893083E+002  0.15930676E+003
  0.00000000E+000  0.00000000E+000  0.00000000E+000  0.00000000E+000  0.00000000E+000  0.93809002E-001  0.19312735E+001  0.12529142E+002  0.31337045E+002  0.78892327E+002  0.15930600E+003
  0.00000000E+000  0.00000000E+000  0.00000000E+000  0.00000000E+000  0.00000000E+000  0.93803703E-001  0.19312278E+001  0.12528869E+002  0.31336796E+002  0.78891468E+002  0.15930510E+003
  0.00000000E+000  0.00000000E+000  0.00000000E+000  0.00000000E+000  0.00000000E+000  0.93798347E-001  0.19311804E+001  0.12528581E+002  0.31336528E+002  0.78890522E+002  0.15930408E+003
  0.00000000E+000  0.00000000E+000  0.00000000E+000  0.00000000E+000  0.00000000E+000  0.93792951E-001  0.19311315E+001  0.12528279E+002  0.31336244E+002  0.78889500E+002  0.15930296E+003
  0.00000000E+000  0.00000000E+000  0.00000000E+000  0.00000000E+000  0.00000000E+000  0.93787528E-001  0.19310814E+001  0.12527965E+002  0.31335945E+002  0.78888414E+002  0.15930176E+003
  0.00000000E+000  0.00000000E+000  0.00000000E+000  0.00000000E+000  0.00000000E+000  0.93782093E-001  0.19310302E+001  0.12527641E+002  0.31335633E+002  0.78887273E+002  0.15930049E+003
  0.00000000E+000  0.00000000E+000  0.00000000E+000  0.00000000E+000  0.00000000E+000  0.93776655E-001  0.19309780E+001  0.12527307E+002  0.31335311E+002  0.78886085E+002  0.15929916E+003
  0.00000000E+000  0.00000000E+000  0.00000000E+000  0.00000000E+000  0.00000000E+000  0.93771228E-001  0.19309250E+001  0.12526964E+002  0.31334978E+002  0.78884856E+002  0.15929778E+003
  0.00000000E+000  0.00000000E+000  0.00000000E+000  0.00000000E+000  0.00000000E+000  0.93765819E-001  0.19308713E+001  0.12526614E+002  0.31334637E+002  0.78883593E+002  0.15929637E+003
  0.00000000E+000  0.00000000E+000  0.00000000E+000  0.00000000E+000  0.00000000E+000  0.93760439E-001  0.19308170E+001  0.12526258E+002  0.31334289E+002  0.78882301E+002  0.15929492E+003
  0.00000000E+000  0.00000000E+000  0.00000000E+000  0.00000000E+000  0.00000000E+000  0.93755095E-001  0.19307622E+001  0.12525895E+002  0.31333934E+002  0.78880983E+002  0.15929345E+003
  0.00000000E+000  0.00000000E+000  0.00000000E+000  0.00000000E+000  0.00000000E+000  0.93749797E-001  0.19307070E+001  0.12525527E+002  0.31333573E+002  0.78879644E+002  0.15929196E+003
  0.00000000E+000  0.00000000E+000  0.00000000E+000  0.00000000E+000  0.00000000E+000  0.93744551E-001  0.19306514E+001  0.12525154E+002  0.31333207E+002  0.78878286E+002  0.15929045E+003
  0.00000000E+000  0.00000000E+000  0.00000000E+000  0.00000000E+000  0.00000000E+000  0.93739366E-001  0.19305956E+001  0.12524776E+002  0.31332836E+002  0.78876912E+002  0.15928894E+003
  0.00000000E+000  0.00000000E+000  0.00000000E+000  0.00000000E+000  0.00000000E+000  0.93734249E-001  0.19305395E+001  0.12524394E+002  0.31332460E+002  0.78875524E+002  0.15928742E+003
  0.00000000E+000  0.00000000E+000  0.00000000E+000  0.00000000E+000  0.00000000E+000  0.93729207E-001  0.19304834E+001  0.12524009E+002  0.31332081E+002  0.78874125E+002  0.15928590E+003
  0.00000000E+000  0.00000000E+000  0.00000000E+000  0.00000000E+000  0.00000000E+000  0.93724245E-001  0.19304272E+001  0.12523620E+002  0.31331698E+002  0.78872716E+002  0.15928437E+003
  0.00000000E+000  0.00000000E+000  0.00000000E+000  0.00000000E+000  0.00000000E+000  0.93719370E-001  0.19303710E+001  0.12523229E+002  0.31331311E+002  0.78871298E+002  0.15928285E+003
  0.00000000E+000  0.00000000E+000  0.00000000E+000  0.00000000E+000  0.00000000E+000  0.93714589E-001  0.19303149E+001  0.12522834E+002  0.31330921E+002  0.78869873E+002  0.15928134E+003
  0.00000000E+000  0.00000000E+000  0.00000000E+000  0.00000000E+000  0.00000000E+000  0.93709905E-001  0.19302590E+001  0.12522438E+002  0.31330529E+002  0.78868441E+002  0.15927983E+003
  0.00000000E+000  0.00000000E+000  0.00000000E+000  0.00000000E+000  0.00000000E+000  0.93705325E-001  0.19302032E+001  0.12522040E+002  0.31330134E+002  0.78867005E+002  0.15927833E+003
  0.00000000E+000  0.00000000E+000  0.00000000E+000  0.00000000E+000  0.00000000E+000  0.93700852E-001  0.19301478E+001  0.12521640E+002  0.31329737E+002  0.78865566E+002  0.15927684E+003
  0.00000000E+000  0.00000000E+000  0.00000000E+000  0.00000000E+000  0.00000000E+000  0.93696491E-001  0.19300928E+001  0.12521239E+002  0.31329338E+002  0.78864123E+002  0.15927536E+003
  0.00000000E+000  0.00000000E+000  0.00000000E+000  0.00000000E+000  0.00000000E+000  0.93692244E-001  0.19300381E+001  0.12520837E+002  0.31328938E+002  0.78862679E+002  0.15927390E+003
  0.00000000E+000  0.00000000E+000  0.00000000E+000  0.00000000E+000  0.00000000E+000  0.93688116E-001  0.19299841E+001  0.12520435E+002  0.31328536E+002  0.78861235E+002  0.15927246E+003
  0.00000000E+000  0.00000000E+000  0.00000000E+000  0.00000000E+000  0.00000000E+000  0.93684110E-001  0.19299306E+001  0.12520033E+002  0.31328133E+002  0.78859792E+002  0.15927103E+003
  0.00000000E+000  0.00000000E+000  0.00000000E+000  0.00000000E+000  0.00000000E+000  0.93680227E-001  0.19298778E+001  0.12519633E+002  0.31327729E+002  0.78858350E+002  0.15926963E+003
  0.00000000E+000  0.00000000E+000  0.00000000E+000  0.00000000E+000  0.00000000E+000  0.93676471E-001  0.19298258E+001  0.12519233E+002  0.31327325E+002  0.78856912E+002  0.15926825E+003
  0.00000000E+000  0.00000000E+000  0.00000000E+000  0.00000000E+000  0.00000000E+000  0.93672844E-001  0.19297746E+001  0.12518835E+002  0.31326921E+002  0.78855478E+002  0.15926689E+003
  0.00000000E+000  0.00000000E+000  0.00000000E+000  0.00000000E+000  0.00000000E+000  0.93669348E-001  0.19297244E+001  0.12518440E+002  0.31326518E+002  0.78854050E+002  0.15926557E+003
  0.00000000E+000  0.00000000E+000  0.00000000E+000  0.00000000E+000  0.00000000E+000  0.93665986E-001  0.19296752E+001  0.12518048E+002  0.31326115E+002  0.78852628E+002  0.15926427E+003
  0.00000000E+000  0.00000000E+000  0.00000000E+000  0.00000000E+000  0.00000000E+000  0.93662760E-001  0.19296271E+001  0.12517659E+002  0.31325713E+002  0.78851214E+002  0.15926300E+003
  0.00000000E+000  0.00000000E+000  0.00000000E+000  0.00000000E+000  0.00000000E+000  0.93659673E-001  0.19295801E+001  0.12517274E+002  0.31325313E+002  0.78849809E+002  0.15926177E+003
  0.00000000E+000  0.00000000E+000  0.00000000E+000  0.00000000E+000  0.00000000E+000  0.93656727E-001  0.19295343E+001  0.12516894E+002  0.31324915E+002  0.78848412E+002  0.15926057E+003
  0.00000000E+000  0.00000000E+000  0.00000000E+000  0.00000000E+000  0.00000000E+000  0.93653925E-001  0.19294898E+001  0.12516519E+002  0.31324518E+002  0.78847026E+002  0.15925940E+003
  0.00000000E+000  0.00000000E+000  0.00000000E+000  0.00000000E+000  0.00000000E+000  0.93651270E-001  0.19294467E+001  0.12516150E+002  0.31324125E+002  0.78845650E+002  0.15925828E+003
  0.00000000E+000  0.00000000E+000  0.00000000E+000  0.00000000E+000  0.00000000E+000  0.93648765E-001  0.19294048E+001  0.12515786E+002  0.31323734E+002  0.78844284E+002  0.15925719E+003
  0.00000000E+000  0.00000000E+000  0.00000000E+000  0.00000000E+000  0.00000000E+000  0.93646413E-001  0.19293644E+001  0.12515428E+002  0.31323346E+002  0.78842929E+002  0.15925614E+003
  0.00000000E+000  0.00000000E+000  0.00000000E+000  0.00000000E+000  0.00000000E+000  0.93644217E-001  0.19293253E+001  0.12515077E+002  0.31322961E+002  0.78841584E+002  0.15925512E+003
  0.00000000E+000  0.00000000E+000  0.00000000E+000  0.00000000E+000  0.00000000E+000  0.93642180E-001  0.19292877E+001  0.12514733E+002  0.31322580E+002  0.78840248E+002  0.15925415E+003
  0.00000000E+000  0.00000000E+000  0.00000000E+000  0.00000000E+000  0.00000000E+000  0.93640304E-001  0.19292514E+001  0.12514396E+002  0.31322203E+002  0.78838922E+002  0.15925321E+003
  0.00000000E+000  0.00000000E+000  0.00000000E+000  0.00000000E+000  0.00000000E+000  0.93638591E-001  0.19292166E+001  0.12514066E+002  0.31321829E+002  0.78837604E+002  0.15925230E+003
  0.00000000E+000  0.00000000E+000  0.00000000E+000  0.00000000E+000  0.00000000E+000  0.93637043E-001  0.19291832E+001  0.12513743E+002  0.31321459E+002  0.78836294E+002  0.15925143E+003
  0.00000000E+000  0.00000000E+000  0.00000000E+000  0.00000000E+000  0.00000000E+000  0.93635661E-001  0.19291511E+001  0.12513428E+002  0.31321093E+002  0.78834990E+002  0.15925059E+003
  0.00000000E+000  0.00000000E+000  0.00000000E+000  0.00000000E+000  0.00000000E+000  0.93634444E-001  0.19291205E+001  0.12513120E+002  0.31320731E+002  0.78833691E+002  0.15924978E+003
  0.00000000E+000  0.00000000E+000  0.00000000E+000  0.00000000E+000  0.00000000E+000  0.93633391E-001  0.19290911E+001  0.12512820E+002  0.31320373E+002  0.78832397E+002  0.15924899E+003
  0.00000000E+000  0.00000000E+000  0.00000000E+000  0.00000000E+000  0.00000000E+000  0.93632502E-001  0.19290630E+001  0.12512526E+002  0.31320019E+002  0.78831104E+002  0.15924823E+003
  0.00000000E+000  0.00000000E+000  0.00000000E+000  0.00000000E+000  0.00000000E+000  0.93631774E-001  0.19290361E+001  0.12512240E+002  0.31319669E+002  0.78829813E+002  0.15924749E+003
  0.00000000E+000  0.00000000E+000  0.00000000E+000  0.00000000E+000  0.00000000E+000  0.93631202E-001  0.19290104E+001  0.12511961E+002  0.31319323E+002  0.78828522E+002  0.15924677E+003
  0.00000000E+000  0.00000000E+000  0.00000000E+000  0.00000000E+000  0.00000000E+000  0.93630783E-001  0.19289859E+001  0.12511689E+002  0.31318980E+002  0.78827229E+002  0.15924606E+003
  0.00000000E+000  0.00000000E+000  0.00000000E+000  0.00000000E+000  0.00000000E+000  0.93630511E-001  0.19289624E+001  0.12511423E+002  0.31318641E+002  0.78825933E+002  0.15924535E+003
  0.00000000E+000  0.00000000E+000  0.00000000E+000  0.00000000E+000  0.00000000E+000  0.93630378E-001  0.19289399E+001  0.12511163E+002  0.31318305E+002  0.78824632E+002  0.15924466E+003
  0.00000000E+000  0.00000000E+000  0.00000000E+000  0.00000000E+000  0.00000000E+000  0.93630379E-001  0.19289184E+001  0.12510909E+002  0.31317973E+002  0.78823325E+002  0.15924396E+003
  0.00000000E+000  0.00000000E+000  0.00000000E+000  0.00000000E+000  0.00000000E+000  0.93630504E-001  0.19288978E+001  0.12510662E+002  0.31317643E+002  0.78822010E+002  0.15924326E+003
  0.00000000E+000  0.00000000E+000  0.00000000E+000  0.00000000E+000  0.00000000E+000  0.93630746E-001  0.19288780E+001  0.12510419E+002  0.31317315E+002  0.78820687E+002  0.15924255E+003
  0.00000000E+000  0.00000000E+000  0.00000000E+000  0.00000000E+000  0.00000000E+000  0.93631095E-001  0.19288589E+001  0.12510182E+002  0.31316990E+002  0.78819354E+002  0.15924183E+003
  0.00000000E+000  0.00000000E+000  0.00000000E+000  0.00000000E+000  0.00000000E+000  0.93631541E-001  0.19288405E+001  0.12509949E+002  0.31316668E+002  0.78818010E+002  0.15924109E+003
  0.00000000E+000  0.00000000E+000  0.00000000E+000  0.00000000E+000  0.00000000E+000  0.93632075E-001  0.19288228E+001  0.12509722E+002  0.31316347E+002  0.78816654E+002  0.15924033E+003
  0.00000000E+000  0.00000000E+000  0.00000000E+000  0.00000000E+000  0.00000000E+000  0.93632687E-001  0.19288057E+001  0.12509498E+002  0.31316028E+002  0.78815285E+002  0.15923955E+003
  0.00000000E+000  0.00000000E+000  0.00000000E+000  0.00000000E+000  0.00000000E+000  0.93633368E-001  0.19287890E+001  0.12509278E+002  0.31315710E+002  0.78813902E+002  0.15923874E+003
  0.00000000E+000  0.00000000E+000  0.00000000E+000  0.00000000E+000  0.00000000E+000  0.93634107E-001  0.19287728E+001  0.12509062E+002  0.31315393E+002  0.78812504E+002  0.15923789E+003
  0.00000000E+000  0.00000000E+000  0.00000000E+000  0.00000000E+000  0.00000000E+000  0.93634896E-001  0.19287570E+001  0.12508849E+002  0.31315077E+002  0.78811091E+002  0.15923701E+003
  0.00000000E+000  0.00000000E+000  0.00000000E+000  0.00000000E+000  0.00000000E+000  0.93635725E-001  0.19287416E+001  0.12508639E+002  0.31314762E+002  0.78809662E+002  0.15923608E+003
  0.00000000E+000  0.00000000E+000  0.00000000E+000  0.00000000E+000  0.00000000E+000  0.93636586E-001  0.19287265E+001  0.12508433E+002  0.31314447E+002  0.78808216E+002  0.15923512E+003
  0.00000000E+000  0.00000000E+000  0.00000000E+000  0.00000000E+000  0.00000000E+000  0.93637471E-001  0.19287117E+001  0.12508228E+002  0.31314133E+002  0.78806754E+002  0.15923410E+003
  0.00000000E+000  0.00000000E+000  0.00000000E+000  0.00000000E+000  0.00000000E+000  0.93638372E-001  0.19286972E+001  0.12508027E+002  0.31313818E+002  0.78805276E+002  0.15923303E+003
  0.00000000E+000  0.00000000E+000  0.00000000E+000  0.00000000E+000  0.00000000E+000  0.93639284E-001  0.19286829E+001  0.12507828E+002  0.31313504E+002  0.78803780E+002  0.15923191E+003
  0.00000000E+000  0.00000000E+000  0.00000000E+000  0.00000000E+000  0.00000000E+000  0.93640198E-001  0.19286688E+001  0.12507631E+002  0.31313190E+002  0.78802268E+002  0.15923074E+003
  0.00000000E+000  0.00000000E+000  0.00000000E+000  0.00000000E+000  0.00000000E+000  0.93641110E-001  0.19286550E+001  0.12507436E+002  0.31312876E+002  0.78800740E+002  0.15922951E+003
  0.00000000E+000  0.00000000E+000  0.00000000E+000  0.00000000E+000  0.00000000E+000  0.93642015E-001  0.19286413E+001  0.12507243E+002  0.31312561E+002  0.78799195E+002  0.15922821E+003
  0.00000000E+000  0.00000000E+000  0.00000000E+000  0.00000000E+000  0.00000000E+000  0.93642908E-001  0.19286278E+001  0.12507052E+002  0.31312247E+002  0.78797634E+002  0.15922686E+003
  0.00000000E+000  0.00000000E+000  0.00000000E+000  0.00000000E+000  0.00000000E+000  0.93643785E-001  0.19286145E+001  0.12506863E+002  0.31311932E+002  0.78796059E+002  0.15922544E+003
  0.00000000E+000  0.00000000E+000  0.00000000E+000  0.00000000E+000  0.00000000E+000  0.93644643E-001  0.19286015E+001  0.12506676E+002  0.31311617E+002  0.78794469E+002  0.15922396E+003
  0.00000000E+000  0.00000000E+000  0.00000000E+000  0.00000000E+000  0.00000000E+000  0.93645480E-001  0.19285886E+001  0.12506491E+002  0.31311302E+002  0.78792865E+002  0.15922241E+003
  0.00000000E+000  0.00000000E+000  0.00000000E+000  0.00000000E+000  0.00000000E+000  0.93646293E-001  0.19285760E+001  0.12506307E+002  0.31310987E+002  0.78791248E+002  0.15922080E+003
  0.00000000E+000  0.00000000E+000  0.00000000E+000  0.00000000E+000  0.00000000E+000  0.93647081E-001  0.19285636E+001  0.12506126E+002  0.31310673E+002  0.78789619E+002  0.15921911E+003
  0.00000000E+000  0.00000000E+000  0.00000000E+000  0.00000000E+000  0.00000000E+000  0.93647842E-001  0.19285514E+001  0.12505946E+002  0.31310358E+002  0.78787978E+002  0.15921737E+003
  0.00000000E+000  0.00000000E+000  0.00000000E+000  0.00000000E+000  0.00000000E+000  0.93648575E-001  0.19285396E+001  0.12505769E+002  0.31310044E+002  0.78786328E+002  0.15921555E+003
  0.00000000E+000  0.00000000E+000  0.00000000E+000  0.00000000E+000  0.00000000E+000  0.93649279E-001  0.19285280E+001  0.12505593E+002  0.31309731E+002  0.78784668E+002  0.15921367E+003
  0.00000000E+000  0.00000000E+000  0.00000000E+000  0.00000000E+000  0.00000000E+000  0.93649956E-001  0.19285167E+001  0.12505420E+002  0.31309418E+002  0.78783001E+002  0.15921172E+003
  0.00000000E+000  0.00000000E+000  0.00000000E+000  0.00000000E+000  0.00000000E+000  0.93650603E-001  0.19285057E+001  0.12505249E+002  0.31309106E+002  0.78781327E+002  0.15920971E+003
  0.00000000E+000  0.00000000E+000  0.00000000E+000  0.00000000E+000  0.00000000E+000  0.93651223E-001  0.19284950E+001  0.12505080E+002  0.31308795E+002  0.78779647E+002  0.15920763E+003
  0.00000000E+000  0.00000000E+000  0.00000000E+000  0.00000000E+000  0.00000000E+000  0.93651814E-001  0.19284847E+001  0.12504914E+002  0.31308486E+002  0.78777962E+002  0.15920549E+003
  0.00000000E+000  0.00000000E+000  0.00000000E+000  0.00000000E+000  0.00000000E+000  0.93652379E-001  0.19284748E+001  0.12504750E+002  0.31308178E+002  0.78776275E+002  0.15920328E+003
  0.00000000E+000  0.00000000E+000  0.00000000E+000  0.00000000E+000  0.00000000E+000  0.93652917E-001  0.19284652E+001  0.12504589E+002  0.31307872E+002  0.78774586E+002  0.15920102E+003
  0.00000000E+000  0.00000000E+000  0.00000000E+000  0.00000000E+000  0.00000000E+000  0.93653430E-001  0.19284561E+001  0.12504430E+002  0.31307568E+002  0.78772896E+002  0.15919870E+003
  0.00000000E+000  0.00000000E+000  0.00000000E+000  0.00000000E+000  0.00000000E+000  0.93653919E-001  0.19284473E+001  0.12504274E+002  0.31307266E+002  0.78771207E+002  0.15919632E+003
  0.00000000E+000  0.00000000E+000  0.00000000E+000  0.00000000E+000  0.00000000E+000  0.93654384E-001  0.19284389E+001  0.12504121E+002  0.31306966E+002  0.78769520E+002  0.15919389E+003
  0.00000000E+000  0.00000000E+000  0.00000000E+000  0.00000000E+000  0.00000000E+000  0.93654828E-001  0.19284309E+001  0.12503970E+002  0.31306669E+002  0.78767836E+002  0.15919140E+003
  0.00000000E+000  0.00000000E+000  0.00000000E+000  0.00000000E+000  0.00000000E+000  0.93655251E-001  0.19284233E+001  0.12503823E+002  0.31306374E+002  0.78766156E+002  0.15918887E+003
  0.00000000E+000  0.00000000E+000  0.00000000E+000  0.00000000E+000  0.00000000E+000  0.93655654E-001  0.19284161E+001  0.12503678E+002  0.31306083E+002  0.78764482E+002  0.15918629E+003
  0.00000000E+000  0.00000000E+000  0.00000000E+000  0.00000000E+000  0.00000000E+000  0.93656039E-001  0.19284094E+001  0.12503537E+002  0.31305795E+002  0.78762815E+002  0.15918366E+003
  0.00000000E+000  0.00000000E+000  0.00000000E+000  0.00000000E+000  0.00000000E+000  0.93656407E-001  0.19284030E+001  0.12503399E+002  0.31305510E+002  0.78761156E+002  0.15918100E+003
  0.00000000E+000  0.00000000E+000  0.00000000E+000  0.00000000E+000  0.00000000E+000  0.93656758E-001  0.19283970E+001  0.12503264E+002  0.31305229E+002  0.78759506E+002  0.15917829E+003
  0.00000000E+000  0.00000000E+000  0.00000000E+000  0.00000000E+000  0.00000000E+000  0.93657095E-001  0.19283915E+001  0.12503132E+002  0.31304951E+002  0.78757867E+002  0.15917556E+003
  0.00000000E+000  0.00000000E+000  0.00000000E+000  0.00000000E+000  0.00000000E+000  0.93657418E-001  0.19283863E+001  0.12503004E+002  0.31304677E+002  0.78756239E+002  0.15917279E+003
  0.00000000E+000  0.00000000E+000  0.00000000E+000  0.00000000E+000  0.00000000E+000  0.93657728E-001  0.19283815E+001  0.12502879E+002  0.31304408E+002  0.78754623E+002  0.15916999E+003
  0.00000000E+000  0.00000000E+000  0.00000000E+000  0.00000000E+000  0.00000000E+000  0.93658026E-001  0.19283770E+001  0.12502757E+002  0.31304142E+002  0.78753021E+002  0.15916716E+003
  0.00000000E+000  0.00000000E+000  0.00000000E+000  0.00000000E+000  0.00000000E+000  0.93658313E-001  0.19283729E+001  0.12502639E+002  0.31303881E+002  0.78751433E+002  0.15916432E+003
  0.00000000E+000  0.00000000E+000  0.00000000E+000  0.00000000E+000  0.00000000E+000  0.93658590E-001  0.19283691E+001  0.12502524E+002  0.31303625E+002  0.78749860E+002  0.15916145E+003
  0.00000000E+000  0.00000000E+000  0.00000000E+000  0.00000000E+000  0.00000000E+000  0.93658858E-001  0.19283657E+001  0.12502412E+002  0.31303373E+002  0.78748304E+002  0.15915857E+003
  0.00000000E+000  0.00000000E+000  0.00000000E+000  0.00000000E+000  0.00000000E+000  0.93659117E-001  0.19283626E+001  0.12502304E+002  0.31303125E+002  0.78746765E+002  0.15915568E+003
  0.00000000E+000  0.00000000E+000  0.00000000E+000  0.00000000E+000  0.00000000E+000  0.93659368E-001  0.19283598E+001  0.12502199E+002  0.31302883E+002  0.78745244E+002  0.15915277E+003
  0.00000000E+000  0.00000000E+000  0.00000000E+000  0.00000000E+000  0.00000000E+000  0.93659611E-001  0.19283572E+001  0.12502098E+002  0.31302645E+002  0.78743742E+002  0.15914986E+003
  0.00000000E+000  0.00000000E+000  0.00000000E+000  0.00000000E+000  0.00000000E+000  0.93659848E-001  0.19283550E+001  0.12502000E+002  0.31302413E+002  0.78742259E+002  0.15914695E+003
  0.00000000E+000  0.00000000E+000  0.00000000E+000  0.00000000E+000  0.00000000E+000  0.93660078E-001  0.19283530E+001  0.12501905E+002  0.31302185E+002  0.78740797E+002  0.15914404E+003
  0.00000000E+000  0.00000000E+000  0.00000000E+000  0.00000000E+000  0.00000000E+000  0.93660302E-001  0.19283512E+001  0.12501814E+002  0.31301963E+002  0.78739355E+002  0.15914113E+003
  0.00000000E+000  0.00000000E+000  0.00000000E+000  0.00000000E+000  0.00000000E+000  0.93660521E-001  0.19283497E+001  0.12501725E+002  0.31301745E+002  0.78737934E+002  0.15913823E+003
  0.00000000E+000  0.00000000E+000  0.00000000E+000  0.00000000E+000  0.00000000E+000  0.93660733E-001  0.19283484E+001  0.12501640E+002  0.31301533E+002  0.78736536E+002  0.15913534E+003
  0.00000000E+000  0.00000000E+000  0.00000000E+000  0.00000000E+000  0.00000000E+000  0.93660941E-001  0.19283472E+001  0.12501559E+002  0.31301326E+002  0.78735159E+002  0.15913246E+003
  0.00000000E+000  0.00000000E+000  0.00000000E+000  0.00000000E+000  0.00000000E+000  0.93661143E-001  0.19283463E+001  0.12501480E+002  0.31301124E+002  0.78733806E+002  0.15912959E+003
  0.00000000E+000  0.00000000E+000  0.00000000E+000  0.00000000E+000  0.00000000E+000  0.93661340E-001  0.19283456E+001  0.12501404E+002  0.31300928E+002  0.78732476E+002  0.15912674E+003
  0.00000000E+000  0.00000000E+000  0.00000000E+000  0.00000000E+000  0.00000000E+000  0.93661532E-001  0.19283450E+001  0.12501332E+002  0.31300736E+002  0.78731169E+002  0.15912391E+003
  0.00000000E+000  0.00000000E+000  0.00000000E+000  0.00000000E+000  0.00000000E+000  0.93661719E-001  0.19283445E+001  0.12501262E+002  0.31300550E+002  0.78729887E+002  0.15912111E+003
  0.00000000E+000  0.00000000E+000  0.00000000E+000  0.00000000E+000  0.00000000E+000  0.93661901E-001  0.19283442E+001  0.12501195E+002  0.31300369E+002  0.78728629E+002  0.15911832E+003
  0.00000000E+000  0.00000000E+000  0.00000000E+000  0.00000000E+000  0.00000000E+000  0.93662078E-001  0.19283440E+001  0.12501131E+002  0.31300194E+002  0.78727395E+002  0.15911557E+003
  0.00000000E+000  0.00000000E+000  0.00000000E+000  0.00000000E+000  0.00000000E+000  0.93662250E-001  0.19283439E+001  0.12501070E+002  0.31300023E+002  0.78726186E+002  0.15911284E+003
  0.00000000E+000  0.00000000E+000  0.00000000E+000  0.00000000E+000  0.00000000E+000  0.93662417E-001  0.19283440E+001  0.12501011E+002  0.31299857E+002  0.78725001E+002  0.15911014E+003
  0.00000000E+000  0.00000000E+000  0.00000000E+000  0.00000000E+000  0.00000000E+000  0.93662578E-001  0.19283441E+001  0.12500955E+002  0.31299697E+002  0.78723842E+002  0.15910748E+003
  0.00000000E+000  0.00000000E+000  0.00000000E+000  0.00000000E+000  0.00000000E+000  0.93662734E-001  0.19283443E+001  0.12500901E+002  0.31299541E+002  0.78722707E+002  0.15910484E+003
  0.00000000E+000  0.00000000E+000  0.00000000E+000  0.00000000E+000  0.00000000E+000  0.93662884E-001  0.19283445E+001  0.12500850E+002  0.31299390E+002  0.78721598E+002  0.15910225E+003
  0.00000000E+000  0.00000000E+000  0.00000000E+000  0.00000000E+000  0.00000000E+000  0.93663028E-001  0.19283449E+001  0.12500800E+002  0.31299244E+002  0.78720513E+002  0.15909969E+003
  0.00000000E+000  0.00000000E+000  0.00000000E+000  0.00000000E+000  0.00000000E+000  0.93663167E-001  0.19283453E+001  0.12500754E+002  0.31299103E+002  0.78719454E+002  0.15909717E+003
  0.00000000E+000  0.00000000E+000  0.00000000E+000  0.00000000E+000  0.00000000E+000  0.93663299E-001  0.19283457E+001  0.12500709E+002  0.31298966E+002  0.78718419E+002  0.15909469E+003
  0.00000000E+000  0.00000000E+000  0.00000000E+000  0.00000000E+000  0.00000000E+000  0.93663425E-001  0.19283461E+001  0.12500666E+002  0.31298834E+002  0.78717409E+002  0.15909225E+003
  0.00000000E+000  0.00000000E+000  0.00000000E+000  0.00000000E+000  0.00000000E+000  0.93663545E-001  0.19283466E+001  0.12500625E+002  0.31298706E+002  0.78716424E+002  0.15908985E+003
  0.00000000E+000  0.00000000E+000  0.00000000E+000  0.00000000E+000  0.00000000E+000  0.93663659E-001  0.19283471E+001  0.12500587E+002  0.31298583E+002  0.78715463E+002  0.15908749E+003
  0.00000000E+000  0.00000000E+000  0.00000000E+000  0.00000000E+000  0.00000000E+000  0.93663766E-001  0.19283476E+001  0.12500549E+002  0.31298464E+002  0.78714527E+002  0.15908517E+003
  0.00000000E+000  0.00000000E+000  0.00000000E+000  0.00000000E+000  0.00000000E+000  0.93663866E-001  0.19283481E+001  0.12500514E+002  0.31298349E+002  0.78713614E+002  0.15908290E+003
  0.00000000E+000  0.00000000E+000  0.00000000E+000  0.00000000E+000  0.00000000E+000  0.93663959E-001  0.19283486E+001  0.12500480E+002  0.31298238E+002  0.78712726E+002  0.15908067E+003
  0.00000000E+000  0.00000000E+000  0.00000000E+000  0.00000000E+000  0.00000000E+000  0.93664046E-001  0.19283491E+001  0.12500448E+002  0.31298131E+002  0.78711861E+002  0.15907849E+003
  0.00000000E+000  0.00000000E+000  0.00000000E+000  0.00000000E+000  0.00000000E+000  0.93664125E-001  0.19283496E+001  0.12500417E+002  0.31298027E+002  0.78711019E+002  0.15907635E+003
  0.00000000E+000  0.00000000E+000  0.00000000E+000  0.00000000E+000  0.00000000E+000  0.93664198E-001  0.19283501E+001  0.12500388E+002  0.31297928E+002  0.78710200E+002  0.15907426E+003
  0.00000000E+000  0.00000000E+000  0.00000000E+000  0.00000000E+000  0.00000000E+000  0.93664263E-001  0.19283505E+001  0.12500359E+002  0.31297832E+002  0.78709404E+002  0.15907221E+003
  0.00000000E+000  0.00000000E+000  0.00000000E+000  0.00000000E+000  0.00000000E+000  0.93664321E-001  0.19283509E+001  0.12500332E+002  0.31297739E+002  0.78708629E+002  0.15907021E+003
  0.00000000E+000  0.00000000E+000  0.00000000E+000  0.00000000E+000  0.00000000E+000  0.93664373E-001  0.19283512E+001  0.12500307E+002  0.31297650E+002  0.78707877E+002  0.15906825E+003
  0.00000000E+000  0.00000000E+000  0.00000000E+000  0.00000000E+000  0.00000000E+000  0.93664418E-001  0.19283516E+001  0.12500282E+002  0.31297564E+002  0.78707147E+002  0.15906634E+003
  0.00000000E+000  0.00000000E+000  0.00000000E+000  0.00000000E+000  0.00000000E+000  0.93664455E-001  0.19283518E+001  0.12500258E+002  0.31297481E+002  0.78706437E+002  0.15906447E+003
  0.00000000E+000  0.00000000E+000  0.00000000E+000  0.00000000E+000  0.00000000E+000  0.93664486E-001  0.19283521E+001  0.12500235E+002  0.31297402E+002  0.78705748E+002  0.15906265E+003
  0.00000000E+000  0.00000000E+000  0.00000000E+000  0.00000000E+000  0.00000000E+000  0.93664510E-001  0.19283523E+001  0.12500214E+002  0.31297325E+002  0.78705080E+002  0.15906087E+003
  0.00000000E+000  0.00000000E+000  0.00000000E+000  0.00000000E+000  0.00000000E+000  0.93664528E-001  0.19283524E+001  0.12500193E+002  0.31297251E+002  0.78704431E+002  0.15905913E+003
  0.00000000E+000  0.00000000E+000  0.00000000E+000  0.00000000E+000  0.00000000E+000  0.93664539E-001  0.19283525E+001  0.12500172E+002  0.31297179E+002  0.78703802E+002  0.15905744E+003
  0.00000000E+000  0.00000000E+000  0.00000000E+000  0.00000000E+000  0.00000000E+000  0.93664544E-001  0.19283525E+001  0.12500153E+002  0.31297110E+002  0.78703192E+002  0.15905580E+003
  0.00000000E+000  0.00000000E+000  0.00000000E+000  0.00000000E+000  0.00000000E+000  0.93664544E-001  0.19283525E+001  0.12500134E+002  0.31297044E+002  0.78702600E+002  0.15905419E+003
  0.00000000E+000  0.00000000E+000  0.00000000E+000  0.00000000E+000  0.00000000E+000  0.93664537E-001  0.19283524E+001  0.12500116E+002  0.31296980E+002  0.78702027E+002  0.15905263E+003
  0.00000000E+000  0.00000000E+000  0.00000000E+000  0.00000000E+000  0.00000000E+000  0.93664524E-001  0.19283522E+001  0.12500098E+002  0.31296919E+002  0.78701471E+002  0.15905111E+003
  0.00000000E+000  0.00000000E+000  0.00000000E+000  0.00000000E+000  0.00000000E+000  0.93664507E-001  0.19283520E+001  0.12500081E+002  0.31296859E+002  0.78700933E+002  0.15904964E+003
  0.00000000E+000  0.00000000E+000  0.00000000E+000  0.00000000E+000  0.00000000E+000  0.93664484E-001  0.19283518E+001  0.12500064E+002  0.31296802E+002  0.78700411E+002  0.15904820E+003
  0.00000000E+000  0.00000000E+000  0.00000000E+000  0.00000000E+000  0.00000000E+000  0.93664456E-001  0.19283514E+001  0.12500048E+002  0.31296747E+002  0.78699906E+002  0.15904680E+003
  0.00000000E+000  0.00000000E+000  0.00000000E+000  0.00000000E+000  0.00000000E+000  0.93664424E-001  0.19283511E+001  0.12500033E+002  0.31296693E+002  0.78699417E+002  0.15904544E+003
  0.00000000E+000  0.00000000E+000  0.00000000E+000  0.00000000E+000  0.00000000E+000  0.93664387E-001  0.19283506E+001  0.12500017E+002  0.31296642E+002  0.78698944E+002  0.15904413E+003
  0.00000000E+000  0.00000000E+000  0.00000000E+000  0.00000000E+000  0.00000000E+000  0.93664347E-001  0.19283502E+001  0.12500002E+002  0.31296592E+002  0.78698486E+002  0.15904285E+003
  0.00000000E+000  0.00000000E+000  0.00000000E+000  0.00000000E+000  0.00000000E+000  0.93664302E-001  0.19283496E+001  0.12499988E+002  0.31296544E+002  0.78698042E+002  0.15904160E+003
  0.00000000E+000  0.00000000E+000  0.00000000E+000  0.00000000E+000  0.00000000E+000  0.93664254E-001  0.19283490E+001  0.12499974E+002  0.31296497E+002  0.78697613E+002  0.15904040E+003
  0.00000000E+000  0.00000000E+000  0.00000000E+000  0.00000000E+000  0.00000000E+000  0.93664203E-001  0.19283484E+001  0.12499960E+002  0.31296453E+002  0.78697198E+002  0.15903923E+003
  0.00000000E+000  0.00000000E+000  0.00000000E+000  0.00000000E+000  0.00000000E+000  0.93664150E-001  0.19283477E+001  0.12499946E+002  0.31296409E+002  0.78696796E+002  0.15903809E+003
  0.00000000E+000  0.00000000E+000  0.00000000E+000  0.00000000E+000  0.00000000E+000  0.93664093E-001  0.19283470E+001  0.12499933E+002  0.31296367E+002  0.78696408E+002  0.15903699E+003
  0.00000000E+000  0.00000000E+000  0.00000000E+000  0.00000000E+000  0.00000000E+000  0.93664035E-001  0.19283463E+001  0.12499920E+002  0.31296327E+002  0.78696032E+002  0.15903593E+003
  0.00000000E+000  0.00000000E+000  0.00000000E+000  0.00000000E+000  0.00000000E+000  0.93663974E-001  0.19283455E+001  0.12499907E+002  0.31296288E+002  0.78695669E+002  0.15903489E+003
  0.00000000E+000  0.00000000E+000  0.00000000E+000  0.00000000E+000  0.00000000E+000  0.93663912E-001  0.19283447E+001  0.12499894E+002  0.31296250E+002  0.78695317E+002  0.15903389E+003
  0.00000000E+000  0.00000000E+000  0.00000000E+000  0.00000000E+000  0.00000000E+000  0.93663848E-001  0.19283438E+001  0.12499882E+002  0.31296213E+002  0.78694977E+002  0.15903292E+003
  0.00000000E+000  0.00000000E+000  0.00000000E+000  0.00000000E+000  0.00000000E+000  0.93663783E-001  0.19283429E+001  0.12499870E+002  0.31296177E+002  0.78694649E+002  0.15903198E+003
  0.00000000E+000  0.00000000E+000  0.00000000E+000  0.00000000E+000  0.00000000E+000  0.93663717E-001  0.19283420E+001  0.12499858E+002  0.31296143E+002  0.78694332E+002  0.15903107E+003
  0.00000000E+000  0.00000000E+000  0.00000000E+000  0.00000000E+000  0.00000000E+000  0.93663650E-001  0.19283411E+001  0.12499846E+002  0.31296110E+002  0.78694025E+002  0.15903019E+003
  0.00000000E+000  0.00000000E+000  0.00000000E+000  0.00000000E+000  0.00000000E+000  0.93663582E-001  0.19283401E+001  0.12499835E+002  0.31296077E+002  0.78693728E+002  0.15902934E+003
  0.00000000E+000  0.00000000E+000  0.00000000E+000  0.00000000E+000  0.00000000E+000  0.93663515E-001  0.19283392E+001  0.12499824E+002  0.31296046E+002  0.78693442E+002  0.15902852E+003
  0.00000000E+000  0.00000000E+000  0.00000000E+000  0.00000000E+000  0.00000000E+000  0.93663447E-001  0.19283382E+001  0.12499813E+002  0.31296016E+002  0.78693165E+002  0.15902772E+003
  0.00000000E+000  0.00000000E+000  0.00000000E+000  0.00000000E+000  0.00000000E+000  0.93663379E-001  0.19283372E+001  0.12499802E+002  0.31295986E+002  0.78692897E+002  0.15902695E+003
  0.00000000E+000  0.00000000E+000  0.00000000E+000  0.00000000E+000  0.00000000E+000  0.93663311E-001  0.19283362E+001  0.12499791E+002  0.31295958E+002  0.78692639E+002  0.15902621E+003
  0.00000000E+000  0.00000000E+000  0.00000000E+000  0.00000000E+000  0.00000000E+000  0.93663243E-001  0.19283352E+001  0.12499781E+002  0.31295930E+002  0.78692389E+002  0.15902549E+003
  0.00000000E+000  0.00000000E+000  0.00000000E+000  0.00000000E+000  0.00000000E+000  0.93663176E-001  0.19283341E+001  0.12499770E+002  0.31295903E+002  0.78692148E+002  0.15902479E+003
  0.00000000E+000  0.00000000E+000  0.00000000E+000  0.00000000E+000  0.00000000E+000  0.93663108E-001  0.19283331E+001  0.12499760E+002  0.31295877E+002  0.78691915E+002  0.15902412E+003
  0.00000000E+000  0.00000000E+000  0.00000000E+000  0.00000000E+000  0.00000000E+000  0.93663042E-001  0.19283321E+001  0.12499750E+002  0.31295852E+002  0.78691690E+002  0.15902347E+003
  0.00000000E+000  0.00000000E+000  0.00000000E+000  0.00000000E+000  0.00000000E+000  0.93662975E-001  0.19283310E+001  0.12499741E+002  0.31295827E+002  0.78691473E+002  0.15902285E+003
  0.00000000E+000  0.00000000E+000  0.00000000E+000  0.00000000E+000  0.00000000E+000  0.93662910E-001  0.19283300E+001  0.12499731E+002  0.31295803E+002  0.78691264E+002  0.15902224E+003
