  0.30295052E+000  0.31846409E+000  0.46007078E+000  0.62776830E+000  0.80307802E+000  0.91016707E+000  0.12870709E+001  0.18877910E+001  0.26316842E+001  0.40997163E+001  0.58392019E+001
  0.30295330E+000  0.31846409E+000  0.46007078E+000  0.62776830E+000  0.80308901E+000  0.91017254E+000  0.12870709E+001  0.18878284E+001  0.26317201E+001  0.40996852E+001  0.58392773E+001
  0.30295566E+000  0.31844274E+000  0.46007078E+000  0.62776830E+000  0.80309796E+000  0.91017702E+000  0.12870709E+001  0.18884732E+001  0.26319925E+001  0.40997354E+001  0.58393535E+001
  0.30295763E+000  0.31846409E+000  0.46005604E+000  0.62776830E+000  0.80310536E+000  0.91033618E+000  0.12870709E+001  0.18887402E+001  0.26320676E+001  0.40996855E+001  0.58394280E+001
  0.30295926E+000  0.31844292E+000  0.46007078E+000  0.62776830E+000  0.80311151E+000  0.91033467E+000  0.12870709E+001  0.18898311E+001  0.26321170E+001  0.40996929E+001  0.58395653E+001
  0.30296061E+000  0.31844298E+000  0.46007078E+000  0.62776830E+000  0.80311663E+000  0.91033710E+000  0.12870709E+001  0.18905691E+001  0.26321656E+001  0.40997032E+001  0.58396223E+001
  0.30296172E+000  0.31844303E+000  0.46007078E+000  0.62776830E+000  0.80312089E+000  0.91033913E+000  0.12870709E+001  0.18906145E+001  0.26321536E+001  0.40997113E+001  0.58396450E+001
  0.30296263E+000  0.31844307E+000  0.46007078E+000  0.62757878E+000  0.80312444E+000  0.91034081E+000  0.12870709E+001  0.18905904E+001  0.26321383E+001  0.40997186E+001  0.58396719E+001
  0.30296338E+000  0.31844309E+000  0.46007078E+000  0.62757878E+000  0.80312739E+000  0.91034220E+000  0.12870709E+001  0.18905984E+001  0.26321358E+001  0.40997317E+001  0.58397056E+001
  0.30296398E+000  0.31844311E+000  0.46007078E+000  0.62757879E+000  0.80312984E+000  0.91034336E+000  0.12870709E+001  0.18906048E+001  0.26321449E+001  0.40997750E+001  0.58397412E+001
  0.30296446E+000  0.31844312E+000  0.46007078E+000  0.62757879E+000  0.80313186E+000  0.91034430E+000  0.12870709E+001  0.18906100E+001  0.26321591E+001  0.40997682E+001  0.58397713E+001
  0.30296485E+000  0.31846409E+000  0.46007078E+000  0.62757879E+000  0.80313353E+000  0.91034508E+000  0.12870709E+001  0.18906141E+001  0.26321693E+001  0.40997631E+001  0.58397964E+001
  0.30296515E+000  0.31846409E+000  0.46007078E+000  0.62757879E+000  0.80313489E+000  0.91034571E+000  0.12870709E+001  0.18906173E+001  0.26321767E+001  0.40997593E+001  0.58398171E+001
  0.30296538E+000  0.31846409E+000  0.46007078E+000  0.62757880E+000  0.80313600E+000  0.91034621E+000  0.12870709E+001  0.18906197E+001  0.26321820E+001  0.40997609E+001  0.58398340E+001
  0.30296554E+000  0.31846409E+000  0.46007078E+000  0.62757880E+000  0.80313689E+000  0.91034662E+000  0.12870709E+001  0.18906214E+001  0.26321856E+001  0.40997633E+001  0.58398474E+001
  0.30296566E+000  0.31846409E+000  0.46007078E+000  0.62757880E+000  0.80313760E+000  0.91034693E+000  0.12870709E+001  0.18906226E+001  0.26321881E+001  0.40997651E+001  0.58398580E+001
  0.30296573E+000  0.31846409E+000  0.46007078E+000  0.62757880E+000  0.80318039E+000  0.91034717E+000  0.12870709E+001  0.18906233E+001  0.26321898E+001  0.40997664E+001  0.58398659E+001
  0.30296576E+000  0.31846409E+000  0.46007078E+000  0.62757880E+000  0.80318080E+000  0.91034734E+000  0.12870709E+001  0.18906236E+001  0.26321907E+001  0.40997673E+001  0.58398717E+001
  0.30296577E+000  0.31846409E+000  0.46007078E+000  0.62757880E+000  0.80318111E+000  0.91034746E+000  0.12870709E+001  0.18906235E+001  0.26321911E+001  0.40997680E+001  0.58398756E+001
  0.30296574E+000  0.31846409E+000  0.46007078E+000  0.62776830E+000  0.80318132E+000  0.91034753E+000  0.12870709E+001  0.18906231E+001  0.26321910E+001  0.40997684E+001  0.58398778E+001
  0.30296570E+000  0.31846409E+000  0.46007078E+000  0.62776830E+000  0.80318146E+000  0.91034756E+000  0.12870709E+001  0.18906224E+001  0.26321906E+001  0.40997686E+001  0.58398787E+001
  0.30296563E+000  0.31846409E+000  0.46007078E+000  0.62776830E+000  0.80318152E+000  0.91034756E+000  0.12870709E+001  0.18906215E+001  0.26321900E+001  0.40997686E+001  0.58398783E+001
  0.30296555E+000  0.31846409E+000  0.46007078E+000  0.62776830E+000  0.80318153E+000  0.91034753E+000  0.12870709E+001  0.18906204E+001  0.26321890E+001  0.40997685E+001  0.58398769E+001
  0.30296545E+000  0.31846409E+000  0.46007078E+000  0.62776830E+000  0.80318149E+000  0.91034747E+000  0.12870709E+001  0.18906535E+001  0.26321879E+001  0.40997682E+001  0.58398747E+001
  0.30296534E+000  0.31846409E+000  0.46007078E+000  0.62776830E+000  0.80318141E+000  0.91034740E+000  0.12870709E+001  0.18906529E+001  0.26321866E+001  0.40997679E+001  0.58398717E+001
  0.30296522E+000  0.31846409E+000  0.46007078E+000  0.62776830E+000  0.80318129E+000  0.91034730E+000  0.12870709E+001  0.18906523E+001  0.26321851E+001  0.40997675E+001  0.58398680E+001
  0.30296510E+000  0.31846409E+000  0.46007078E+000  0.62776830E+000  0.80318115E+000  0.91034719E+000  0.12870709E+001  0.18906517E+001  0.26321834E+001  0.40997669E+001  0.58398639E+001
  0.30296496E+000  0.31846409E+000  0.46007078E+000  0.62776830E+000  0.80318098E+000  0.91034707E+000  0.12870709E+001  0.18906511E+001  0.26321816E+001  0.40997664E+001  0.58398592E+001
  0.30296482E+000  0.31846409E+000  0.46007078E+000  0.62776830E+000  0.80318079E+000  0.91034694E+000  0.12870709E+001  0.18906504E+001  0.26321797E+001  0.40997657E+001  0.58398542E+001
  0.30296468E+000  0.31846409E+000  0.46007078E+000  0.62776830E+000  0.80318058E+000  0.91034680E+000  0.12870709E+001  0.18906498E+001  0.26321776E+001  0.40997650E+001  0.58398489E+001
  0.30296453E+000  0.31846409E+000  0.46007078E+000  0.62776830E+000  0.80318036E+000  0.91034665E+000  0.12870709E+001  0.18906491E+001  0.26321754E+001  0.40997643E+001  0.58398434E+001
  0.30296438E+000  0.31846409E+000  0.46007078E+000  0.62776830E+000  0.80318012E+000  0.91034650E+000  0.12870709E+001  0.18906484E+001  0.26321731E+001  0.40997635E+001  0.58398376E+001
  0.30296423E+000  0.31846409E+000  0.46007078E+000  0.62776830E+000  0.80313743E+000  0.91034634E+000  0.12870709E+001  0.18906477E+001  0.26321707E+001  0.40997627E+001  0.58398316E+001
  0.30296407E+000  0.31846409E+000  0.46007078E+000  0.62776830E+000  0.80313716E+000  0.91034618E+000  0.12870709E+001  0.18906470E+001  0.26321682E+001  0.40997618E+001  0.58398256E+001
  0.30296391E+000  0.31846409E+000  0.46007078E+000  0.62776830E+000  0.80313688E+000  0.91034601E+000  0.12870709E+001  0.18906463E+001  0.26321655E+001  0.40997609E+001  0.58398194E+001
  0.30296376E+000  0.31846409E+000  0.46007078E+000  0.62776830E+000  0.80313660E+000  0.91034585E+000  0.12870709E+001  0.18906456E+001  0.26321628E+001  0.40997599E+001  0.58398131E+001
  0.30296360E+000  0.31846409E+000  0.46007078E+000  0.62776830E+000  0.80313632E+000  0.91034568E+000  0.12870709E+001  0.18906448E+001  0.26321599E+001  0.40997590E+001  0.58398068E+001
  0.30296344E+000  0.31846409E+000  0.46007078E+000  0.62776830E+000  0.80313603E+000  0.91034551E+000  0.12870709E+001  0.18906441E+001  0.26321570E+001  0.40997580E+001  0.58398004E+001
  0.30296328E+000  0.31846409E+000  0.46007078E+000  0.62776830E+000  0.80313574E+000  0.91034534E+000  0.12870709E+001  0.18906433E+001  0.26321539E+001  0.40997570E+001  0.58397940E+001
  0.30296312E+000  0.31846409E+000  0.46007078E+000  0.62776830E+000  0.80313545E+000  0.91034517E+000  0.12870709E+001  0.18906425E+001  0.26321507E+001  0.40997559E+001  0.58397876E+001
  0.30296296E+000  0.31846409E+000  0.46007078E+000  0.62776830E+000  0.80313516E+000  0.91034500E+000  0.12870709E+001  0.18906417E+001  0.26321475E+001  0.40997548E+001  0.58397812E+001
  0.30296280E+000  0.31846409E+000  0.46007078E+000  0.62776830E+000  0.80313487E+000  0.91034483E+000  0.12870709E+001  0.18906409E+001  0.26321441E+001  0.40997537E+001  0.58397749E+001
  0.30296264E+000  0.31844203E+000  0.46007078E+000  0.62776830E+000  0.80313458E+000  0.91034466E+000  0.12870709E+001  0.18906401E+001  0.26321406E+001  0.40997526E+001  0.58397685E+001
  0.30296248E+000  0.31844199E+000  0.46007078E+000  0.62776830E+000  0.80313430E+000  0.91034449E+000  0.12870709E+001  0.18906393E+001  0.26321370E+001  0.40997515E+001  0.58397622E+001
  0.30296233E+000  0.31844195E+000  0.46007078E+000  0.62776830E+000  0.80313401E+000  0.91034432E+000  0.12870709E+001  0.18906385E+001  0.26321333E+001  0.40997504E+001  0.58397559E+001
  0.30296217E+000  0.31844191E+000  0.46007078E+000  0.62776830E+000  0.80313373E+000  0.91034416E+000  0.12870709E+001  0.18906377E+001  0.26321295E+001  0.40997492E+001  0.58397497E+001
  0.30296202E+000  0.31844187E+000  0.46007078E+000  0.62776830E+000  0.80313345E+000  0.91034399E+000  0.12870709E+001  0.18906368E+001  0.26321257E+001  0.40997480E+001  0.58397435E+001
  0.30296187E+000  0.31844183E+000  0.46007078E+000  0.62776830E+000  0.80313317E+000  0.91034383E+000  0.12870709E+001  0.18906360E+001  0.26321217E+001  0.40997468E+001  0.58397374E+001
  0.30296172E+000  0.31844179E+000  0.46007078E+000  0.62776830E+000  0.80313290E+000  0.91034367E+000  0.12870709E+001  0.18906352E+001  0.26321176E+001  0.40997456E+001  0.58397313E+001
  0.30296157E+000  0.31844175E+000  0.46007078E+000  0.62776830E+000  0.80313263E+000  0.91034351E+000  0.12870709E+001  0.18906343E+001  0.26321135E+001  0.40997444E+001  0.58397254E+001
  0.30296142E+000  0.31844171E+000  0.46007078E+000  0.62776830E+000  0.80313236E+000  0.91034335E+000  0.12870709E+001  0.18906335E+001  0.26321093E+001  0.40997432E+001  0.58397195E+001
  0.30296128E+000  0.31844167E+000  0.46007078E+000  0.62776830E+000  0.80313210E+000  0.91034320E+000  0.12870709E+001  0.18906327E+001  0.26321050E+001  0.40997420E+001  0.58397138E+001
  0.30296114E+000  0.31844164E+000  0.46007078E+000  0.62776830E+000  0.80313184E+000  0.91034305E+000  0.12870709E+001  0.18906319E+001  0.26321007E+001  0.40997408E+001  0.58397081E+001
  0.30296100E+000  0.31844160E+000  0.46007078E+000  0.62776830E+000  0.80313159E+000  0.91034290E+000  0.12870709E+001  0.18906310E+001  0.26320963E+001  0.40997397E+001  0.58397026E+001
  0.30296087E+000  0.31844157E+000  0.46007078E+000  0.62776830E+000  0.80313134E+000  0.91034276E+000  0.12870709E+001  0.18906302E+001  0.26320919E+001  0.40997385E+001  0.58396972E+001
  0.30296074E+000  0.31844153E+000  0.46007078E+000  0.62776830E+000  0.80313110E+000  0.91034262E+000  0.12870709E+001  0.18906294E+001  0.26320874E+001  0.40997373E+001  0.58396920E+001
  0.30296062E+000  0.31844150E+000  0.46007078E+000  0.62776830E+000  0.80313087E+000  0.91034248E+000  0.12870709E+001  0.18906287E+001  0.26320830E+001  0.40997362E+001  0.58396869E+001
  0.30296050E+000  0.31844147E+000  0.46007078E+000  0.62776830E+000  0.80313065E+000  0.91034235E+000  0.12870709E+001  0.18906279E+001  0.26320786E+001  0.40997355E+001  0.58396819E+001
  0.30296038E+000  0.31844144E+000  0.46007078E+000  0.62776830E+000  0.80313043E+000  0.91034223E+000  0.12870709E+001  0.18906271E+001  0.26320742E+001  0.40997352E+001  0.58396772E+001
  0.30296027E+000  0.31844141E+000  0.46007078E+000  0.62776830E+000  0.80313022E+000  0.91034211E+000  0.12870709E+001  0.18906264E+001  0.26320698E+001  0.40997350E+001  0.58396726E+001
  0.30296016E+000  0.31844138E+000  0.46007078E+000  0.62776830E+000  0.80313002E+000  0.91034199E+000  0.12870709E+001  0.18906257E+001  0.26320655E+001  0.40997347E+001  0.58396682E+001
  0.30296006E+000  0.31844136E+000  0.46007078E+000  0.62776830E+000  0.80312983E+000  0.91034188E+000  0.12870709E+001  0.18906250E+001  0.26320612E+001  0.40997345E+001  0.58396640E+001
  0.30295996E+000  0.31844133E+000  0.46007078E+000  0.62776830E+000  0.80312965E+000  0.91034177E+000  0.12870709E+001  0.18906243E+001  0.26320570E+001  0.40997342E+001  0.58396599E+001
  0.30295987E+000  0.31844131E+000  0.46007078E+000  0.62776830E+000  0.80312947E+000  0.91034167E+000  0.12870709E+001  0.18906237E+001  0.26320529E+001  0.40997340E+001  0.58396561E+001
  0.30295978E+000  0.31844129E+000  0.46007078E+000  0.62776830E+000  0.80312931E+000  0.91034158E+000  0.12870709E+001  0.18906231E+001  0.26320489E+001  0.40997338E+001  0.58396525E+001
  0.30295970E+000  0.31844127E+000  0.46007078E+000  0.62776830E+000  0.80312915E+000  0.91034149E+000  0.12870709E+001  0.18906225E+001  0.26320450E+001  0.40997336E+001  0.58396490E+001
  0.30295962E+000  0.31844125E+000  0.46007078E+000  0.62776830E+000  0.80312901E+000  0.91034140E+000  0.12870709E+001  0.18906219E+001  0.26320413E+001  0.40997334E+001  0.58396458E+001
  0.30295955E+000  0.31844123E+000  0.46007078E+000  0.62776830E+000  0.80312887E+000  0.91034133E+000  0.12870709E+001  0.18906214E+001  0.26320376E+001  0.40997332E+001  0.58396427E+001
  0.30295949E+000  0.31844121E+000  0.46007078E+000  0.62776830E+000  0.80312874E+000  0.91034125E+000  0.12870709E+001  0.18906208E+001  0.26320341E+001  0.40997330E+001  0.58396399E+001
  0.30295942E+000  0.31844120E+000  0.46007078E+000  0.62776830E+000  0.80312862E+000  0.91034119E+000  0.12870709E+001  0.18906203E+001  0.26320307E+001  0.40997328E+001  0.58396372E+001
  0.30295937E+000  0.31844119E+000  0.46007078E+000  0.62776830E+000  0.80312851E+000  0.91034112E+000  0.12870709E+001  0.18906199E+001  0.26320274E+001  0.40997326E+001  0.58396347E+001
  0.30295932E+000  0.31844117E+000  0.46007078E+000  0.62776830E+000  0.80312841E+000  0.91034107E+000  0.12870709E+001  0.18906194E+001  0.26320196E+001  0.40997324E+001  0.58396324E+001
  0.30295927E+000  0.31844116E+000  0.46007078E+000  0.62776830E+000  0.80312832E+000  0.91034101E+000  0.12870709E+001  0.18903084E+001  0.26318620E+001  0.40997322E+001  0.58396302E+001
  0.30295923E+000  0.31844115E+000  0.46007078E+000  0.62776830E+000  0.80312823E+000  0.91034097E+000  0.12870709E+001  0.18898458E+001  0.26318575E+001  0.40997320E+001  0.58396282E+001
  0.30295919E+000  0.31844114E+000  0.46007078E+000  0.62776830E+000  0.80312815E+000  0.91034092E+000  0.12870709E+001  0.18898069E+001  0.26318533E+001  0.40997318E+001  0.58396264E+001
  0.30295915E+000  0.31844113E+000  0.46007078E+000  0.62776830E+000  0.80312808E+000  0.91034088E+000  0.12870709E+001  0.18897686E+001  0.26318493E+001  0.40997316E+001  0.58396246E+001
  0.30295912E+000  0.31844113E+000  0.46007078E+000  0.62776830E+000  0.80312802E+000  0.91034085E+000  0.12870709E+001  0.18897309E+001  0.26318456E+001  0.40997314E+001  0.58396230E+001
  0.30295909E+000  0.31844112E+000  0.46007078E+000  0.62776830E+000  0.80312796E+000  0.91034081E+000  0.12870709E+001  0.18892960E+001  0.26318420E+001  0.40997312E+001  0.58396216E+001
  0.30295907E+000  0.31844111E+000  0.46007078E+000  0.62776830E+000  0.80312791E+000  0.91034079E+000  0.12870709E+001  0.18888692E+001  0.26318385E+001  0.40997310E+001  0.58396202E+001
  0.30295904E+000  0.31844111E+000  0.46007078E+000  0.62776830E+000  0.80312786E+000  0.91034076E+000  0.12870709E+001  0.18888686E+001  0.26318352E+001  0.40997308E+001  0.58396189E+001
  0.30295903E+000  0.31844110E+000  0.46007078E+000  0.62776830E+000  0.80312782E+000  0.91034074E+000  0.12870709E+001  0.18888681E+001  0.26318320E+001  0.40997306E+001  0.58396178E+001
  0.30295901E+000  0.31844110E+000  0.46007078E+000  0.62776830E+000  0.80312778E+000  0.91034072E+000  0.12870709E+001  0.18888676E+001  0.26318289E+001  0.40997303E+001  0.58396167E+001
  0.30295899E+000  0.31844110E+000  0.46007078E+000  0.62776830E+000  0.80312775E+000  0.91034070E+000  0.12870709E+001  0.18888672E+001  0.26318258E+001  0.40997301E+001  0.58396156E+001
  0.30295898E+000  0.31844110E+000  0.46007078E+000  0.62776830E+000  0.80312772E+000  0.91034069E+000  0.12870709E+001  0.18888579E+001  0.26318228E+001  0.40997299E+001  0.58396147E+001
  0.30295897E+000  0.31844109E+000  0.46007078E+000  0.62776830E+000  0.80312769E+000  0.91034068E+000  0.12870709E+001  0.18888400E+001  0.26318198E+001  0.40997297E+001  0.58396137E+001
  0.30295896E+000  0.31844109E+000  0.46007078E+000  0.62776830E+000  0.80312767E+000  0.91034066E+000  0.12870709E+001  0.18888222E+001  0.26318168E+001  0.40997294E+001  0.58396128E+001
  0.30295895E+000  0.31844109E+000  0.46007078E+000  0.62776830E+000  0.80312765E+000  0.91034065E+000  0.12870709E+001  0.18888046E+001  0.26318138E+001  0.40997292E+001  0.58396120E+001
  0.30295895E+000  0.31844109E+000  0.46007078E+000  0.62776830E+000  0.80312763E+000  0.91034065E+000  0.12870709E+001  0.18887870E+001  0.26318108E+001  0.40997289E+001  0.58396111E+001
  0.30295894E+000  0.31844109E+000  0.46007078E+000  0.62776830E+000  0.80312762E+000  0.91034064E+000  0.12870709E+001  0.18887695E+001  0.26317529E+001  0.40997287E+001  0.58396103E+001
  0.30295894E+000  0.31844109E+000  0.46007078E+000  0.62776830E+000  0.80312760E+000  0.91034063E+000  0.12870709E+001  0.18887520E+001  0.26317521E+001  0.40997284E+001  0.58396095E+001
  0.30295894E+000  0.31844109E+000  0.46007078E+000  0.62776830E+000  0.80312759E+000  0.91034063E+000  0.12870709E+001  0.18887345E+001  0.26317512E+001  0.40997281E+001  0.58396087E+001
  0.30295893E+000  0.31844109E+000  0.46007078E+000  0.62776830E+000  0.80312758E+000  0.91034063E+000  0.12870709E+001  0.18887171E+001  0.26317504E+001  0.40997278E+001  0.58396078E+001
  0.30295893E+000  0.31844109E+000  0.46007078E+000  0.62776830E+000  0.80312757E+000  0.91034062E+000  0.12870709E+001  0.18886996E+001  0.26317496E+001  0.40997275E+001  0.58396070E+001
  0.30295893E+000  0.31844109E+000  0.46007078E+000  0.62776830E+000  0.80312756E+000  0.91034062E+000  0.12870709E+001  0.18886821E+001  0.26317487E+001  0.40997272E+001  0.58396061E+001
  0.30295893E+000  0.31844109E+000  0.46007078E+000  0.62776830E+000  0.80312755E+000  0.91034062E+000  0.12870709E+001  0.18886428E+001  0.26317479E+001  0.40997269E+001  0.58396052E+001
  0.30295893E+000  0.31844109E+000  0.46007078E+000  0.62776830E+000  0.80312755E+000  0.91034062E+000  0.12870709E+001  0.18884541E+001  0.26317470E+001  0.40997266E+001  0.58396043E+001
  0.30295893E+000  0.31844109E+000  0.46007078E+000  0.62776830E+000  0.80312754E+000  0.91034061E+000  0.12870709E+001  0.18884442E+001  0.26317462E+001  0.40997263E+001  0.58396033E+001
  0.30295893E+000  0.31844109E+000  0.46007078E+000  0.62776830E+000  0.80312753E+000  0.91034061E+000  0.12870709E+001  0.18884342E+001  0.26317453E+001  0.40997260E+001  0.58396023E+001
  0.30295893E+000  0.31844109E+000  0.46007078E+000  0.62776830E+000  0.80312753E+000  0.91034061E+000  0.12870709E+001  0.18884242E+001  0.26317445E+001  0.40997256E+001  0.58396013E+001
  0.30295893E+000  0.31844109E+000  0.46007078E+000  0.62776830E+000  0.80312752E+000  0.91034061E+000  0.12870709E+001  0.18884142E+001  0.26317436E+001  0.40997253E+001  0.58396002E+001
  0.30295893E+000  0.31844109E+000  0.46007078E+000  0.62776830E+000  0.80312752E+000  0.91034061E+000  0.12870709E+001  0.18884041E+001  0.26317428E+001  0.40997250E+001  0.58395990E+001
  0.30295893E+000  0.31844109E+000  0.46007078E+000  0.62776830E+000  0.80312751E+000  0.91034061E+000  0.12870709E+001  0.18883940E+001  0.26317419E+001  0.40997246E+001  0.58395978E+001
  0.30295893E+000  0.31844109E+000  0.46007078E+000  0.62776830E+000  0.80312750E+000  0.91034061E+000  0.12870709E+001  0.18883839E+001  0.26317410E+001  0.40997242E+001  0.58395966E+001
  0.30295893E+000  0.31844109E+000  0.46007078E+000  0.62776830E+000  0.80312750E+000  0.91034061E+000  0.12870709E+001  0.18883737E+001  0.26317401E+001  0.40997239E+001  0.58395953E+001
  0.30295893E+000  0.31844109E+000  0.46007078E+000  0.62776830E+000  0.80312749E+000  0.91034061E+000  0.12870709E+001  0.18883636E+001  0.26317392E+001  0.40997235E+001  0.58395939E+001
  0.30295893E+000  0.31844109E+000  0.46007078E+000  0.62776830E+000  0.80312749E+000  0.91034061E+000  0.12870709E+001  0.18883534E+001  0.26317384E+001  0.40997231E+001  0.58395925E+001
  0.30295893E+000  0.31844109E+000  0.46007078E+000  0.62776830E+000  0.80312748E+000  0.91034060E+000  0.12870709E+001  0.18883433E+001  0.26317375E+001  0.40997227E+001  0.58395911E+001
  0.30295892E+000  0.31844109E+000  0.46007078E+000  0.62776830E+000  0.80312747E+000  0.91034060E+000  0.12870709E+001  0.18883332E+001  0.26317366E+001  0.40997224E+001  0.58395896E+001
  0.30295892E+000  0.31844109E+000  0.46007078E+000  0.62776830E+000  0.80312747E+000  0.91034060E+000  0.12870709E+001  0.18883230E+001  0.26317357E+001  0.40997220E+001  0.58395880E+001
  0.30295892E+000  0.31844109E+000  0.46007078E+000  0.62776830E+000  0.80312746E+000  0.91034060E+000  0.12870709E+001  0.18883130E+001  0.26317348E+001  0.40997216E+001  0.58395864E+001
  0.30295892E+000  0.31844109E+000  0.46007078E+000  0.62776830E+000  0.80312745E+000  0.91034060E+000  0.12870709E+001  0.18883029E+001  0.26317339E+001  0.40997212E+001  0.58395847E+001
  0.30295892E+000  0.31844109E+000  0.46007078E+000  0.62776830E+000  0.80312745E+000  0.91034060E+000  0.12870709E+001  0.18882929E+001  0.26317330E+001  0.40997208E+001  0.58395830E+001
  0.30295892E+000  0.31844109E+000  0.46007078E+000  0.62776830E+000  0.80312744E+000  0.91034060E+000  0.12870709E+001  0.18882830E+001  0.26317321E+001  0.40997204E+001  0.58395813E+001
  0.30295892E+000  0.31844109E+000  0.46007078E+000  0.62776830E+000  0.80312743E+000  0.91034060E+000  0.12870709E+001  0.18881486E+001  0.26317312E+001  0.40997200E+001  0.58395795E+001
  0.30295892E+000  0.31844109E+000  0.46007078E+000  0.62776830E+000  0.80312743E+000  0.91034060E+000  0.12870709E+001  0.18879241E+001  0.26317304E+001  0.40997196E+001  0.58395776E+001
  0.30295892E+000  0.31844109E+000  0.46007078E+000  0.62776830E+000  0.80312742E+000  0.91034059E+000  0.12870709E+001  0.18878555E+001  0.26317295E+001  0.40997192E+001  0.58395757E+001
  0.30295891E+000  0.31844109E+000  0.46007078E+000  0.62776830E+000  0.80312741E+000  0.91034059E+000  0.12870709E+001  0.18878534E+001  0.26317286E+001  0.40997187E+001  0.58395738E+001
  0.30295891E+000  0.31844109E+000  0.46007078E+000  0.62776830E+000  0.80312741E+000  0.91034059E+000  0.12870709E+001  0.18878513E+001  0.26317277E+001  0.40997183E+001  0.58395718E+001
  0.30295891E+000  0.31844109E+000  0.46007078E+000  0.62776830E+000  0.80312740E+000  0.91034059E+000  0.12870709E+001  0.18878492E+001  0.26317269E+001  0.40997179E+001  0.58395698E+001
  0.30295891E+000  0.31844109E+000  0.46007078E+000  0.62776830E+000  0.80312739E+000  0.91034059E+000  0.12870709E+001  0.18878471E+001  0.26317260E+001  0.40997175E+001  0.58395677E+001
  0.30295891E+000  0.31844109E+000  0.46007078E+000  0.62776830E+000  0.80312739E+000  0.91034059E+000  0.12870709E+001  0.18878451E+001  0.26317252E+001  0.40997171E+001  0.58395657E+001
  0.30295891E+000  0.31844109E+000  0.46007078E+000  0.62776830E+000  0.80312738E+000  0.91034058E+000  0.12870709E+001  0.18878431E+001  0.26317243E+001  0.40997167E+001  0.58395636E+001
  0.30295890E+000  0.31844109E+000  0.46007078E+000  0.62776830E+000  0.80312737E+000  0.91034058E+000  0.12870709E+001  0.18878411E+001  0.26317235E+001  0.40997163E+001  0.58395614E+001
  0.30295890E+000  0.31844109E+000  0.46007078E+000  0.62776830E+000  0.80312737E+000  0.91034058E+000  0.12870709E+001  0.18878391E+001  0.26317227E+001  0.40997159E+001  0.58395593E+001
  0.30295890E+000  0.31844109E+000  0.46007078E+000  0.62776830E+000  0.80312736E+000  0.91034058E+000  0.12870709E+001  0.18878372E+001  0.26317219E+001  0.40997155E+001  0.58395571E+001
  0.30295890E+000  0.31844109E+000  0.46007078E+000  0.62776830E+000  0.80312735E+000  0.91034058E+000  0.12870709E+001  0.18878353E+001  0.26317210E+001  0.40997151E+001  0.58395549E+001
  0.30295890E+000  0.31844109E+000  0.46007078E+000  0.62776830E+000  0.80312735E+000  0.91034057E+000  0.12870709E+001  0.18878335E+001  0.26317202E+001  0.40997147E+001  0.58395527E+001
  0.30295890E+000  0.31844109E+000  0.46007078E+000  0.62776830E+000  0.80312734E+000  0.91034057E+000  0.12870709E+001  0.18878317E+001  0.26317195E+001  0.40997143E+001  0.58395505E+001
  0.30295889E+000  0.31844109E+000  0.46007078E+000  0.62776830E+000  0.80312733E+000  0.91034057E+000  0.12870709E+001  0.18878299E+001  0.26317187E+001  0.40997139E+001  0.58395483E+001
  0.30295889E+000  0.31844109E+000  0.46007078E+000  0.62776830E+000  0.80312733E+000  0.91034057E+000  0.12870709E+001  0.18878281E+001  0.26317179E+001  0.40997135E+001  0.58395460E+001
  0.30295889E+000  0.31844109E+000  0.46007078E+000  0.62776830E+000  0.80312732E+000  0.91034057E+000  0.12870709E+001  0.18878264E+001  0.26317172E+001  0.40997131E+001  0.58395438E+001
  0.30295889E+000  0.31844109E+000  0.46007078E+000  0.62776830E+000  0.80312732E+000  0.91034057E+000  0.12870709E+001  0.18878247E+001  0.26317164E+001  0.40997127E+001  0.58395415E+001
  0.30295889E+000  0.31844109E+000  0.46007078E+000  0.62776830E+000  0.80312731E+000  0.91034056E+000  0.12870709E+001  0.18878231E+001  0.26317157E+001  0.40997124E+001  0.58395393E+001
  0.30295889E+000  0.31844109E+000  0.46007078E+000  0.62776830E+000  0.80312730E+000  0.91034056E+000  0.12870709E+001  0.18878215E+001  0.26317150E+001  0.40997120E+001  0.58395371E+001
  0.30295889E+000  0.31844109E+000  0.46007078E+000  0.62776830E+000  0.80312730E+000  0.91034056E+000  0.12870709E+001  0.18878199E+001  0.26317143E+001  0.40997116E+001  0.58395348E+001
  0.30295888E+000  0.31844109E+000  0.46007078E+000  0.62776830E+000  0.80312729E+000  0.91034056E+000  0.12870709E+001  0.18878184E+001  0.26317131E+001  0.40997113E+001  0.58395326E+001
  0.30295888E+000  0.31844109E+000  0.46007078E+000  0.62776830E+000  0.80312729E+000  0.91034056E+000  0.12870709E+001  0.18878169E+001  0.26317108E+001  0.40997109E+001  0.58395304E+001
  0.30295888E+000  0.31844109E+000  0.46007078E+000  0.62776830E+000  0.80312728E+000  0.91034056E+000  0.12870709E+001  0.18878155E+001  0.26317085E+001  0.40997106E+001  0.58395282E+001
  0.30295888E+000  0.31844109E+000  0.46007078E+000  0.62776830E+000  0.80312728E+000  0.91034055E+000  0.12870709E+001  0.18878141E+001  0.26317062E+001  0.40997102E+001  0.58395260E+001
  0.30295888E+000  0.31844109E+000  0.46007078E+000  0.62776830E+000  0.80312728E+000  0.91034055E+000  0.12870709E+001  0.18878127E+001  0.26317040E+001  0.40997099E+001  0.58395239E+001
  0.30295888E+000  0.31844109E+000  0.46007078E+000  0.62776830E+000  0.80312727E+000  0.91034055E+000  0.12870709E+001  0.18878114E+001  0.26317019E+001  0.40997095E+001  0.58395217E+001
  0.30295888E+000  0.31844109E+000  0.46007078E+000  0.62776830E+000  0.80312727E+000  0.91034055E+000  0.12870709E+001  0.18878101E+001  0.26316998E+001  0.40997092E+001  0.58395196E+001
  0.30295888E+000  0.31844109E+000  0.46007078E+000  0.62776830E+000  0.80312726E+000  0.91034055E+000  0.12870709E+001  0.18878088E+001  0.26316977E+001  0.40997089E+001  0.58395175E+001
  0.30295887E+000  0.31844109E+000  0.46007078E+000  0.62776830E+000  0.80312726E+000  0.91034055E+000  0.12870709E+001  0.18878076E+001  0.26316957E+001  0.40997086E+001  0.58395154E+001
  0.30295887E+000  0.31844109E+000  0.46007078E+000  0.62776830E+000  0.80312726E+000  0.91034055E+000  0.12870709E+001  0.18878064E+001  0.26316938E+001  0.40997083E+001  0.58395134E+001
  0.30295887E+000  0.31844109E+000  0.46007078E+000  0.62776830E+000  0.80312725E+000  0.91034055E+000  0.12870709E+001  0.18878052E+001  0.26316918E+001  0.40997080E+001  0.58395113E+001
  0.30295887E+000  0.31844109E+000  0.46007078E+000  0.62776830E+000  0.80312725E+000  0.91034055E+000  0.12870709E+001  0.18878041E+001  0.26316900E+001  0.40997077E+001  0.58395093E+001
  0.30295887E+000  0.31844109E+000  0.46007078E+000  0.62776830E+000  0.80312725E+000  0.91034054E+000  0.12870709E+001  0.18878030E+001  0.26316882E+001  0.40997074E+001  0.58395074E+001
  0.30295887E+000  0.31844109E+000  0.46007078E+000  0.62776830E+000  0.80312725E+000  0.91034054E+000  0.12870709E+001  0.18878020E+001  0.26316864E+001  0.40997071E+001  0.58395054E+001
  0.30295887E+000  0.31844109E+000  0.46007078E+000  0.62776830E+000  0.80312724E+000  0.91034054E+000  0.12870709E+001  0.18878010E+001  0.26316847E+001  0.40997068E+001  0.58395035E+001
  0.30295887E+000  0.31844109E+000  0.46007078E+000  0.62776830E+000  0.80312724E+000  0.91034054E+000  0.12870709E+001  0.18878000E+001  0.26316830E+001  0.40997065E+001  0.58395017E+001
  0.30295887E+000  0.31844109E+000  0.46007078E+000  0.62776830E+000  0.80312724E+000  0.91034054E+000  0.12870709E+001  0.18877991E+001  0.26316814E+001  0.40997063E+001  0.58394998E+001
  0.30295887E+000  0.31844109E+000  0.46007078E+000  0.62776830E+000  0.80312724E+000  0.91034054E+000  0.12870709E+001  0.18877982E+001  0.26316798E+001  0.40997060E+001  0.58394980E+001
  0.30295887E+000  0.31844109E+000  0.46007078E+000  0.62776830E+000  0.80312724E+000  0.91034054E+000  0.12870709E+001  0.18877973E+001  0.26316783E+001  0.40997058E+001  0.58394962E+001
  0.30295887E+000  0.31844109E+000  0.46007078E+000  0.62776830E+000  0.80312724E+000  0.91034054E+000  0.12870709E+001  0.18877964E+001  0.26316768E+001  0.40997055E+001  0.58394945E+001
  0.30295887E+000  0.31844109E+000  0.46007078E+000  0.62776830E+000  0.80312723E+000  0.91034054E+000  0.12870709E+001  0.18877956E+001  0.26316754E+001  0.40997053E+001  0.58394928E+001
  0.30295887E+000  0.31844109E+000  0.46007078E+000  0.62776830E+000  0.80312723E+000  0.91034054E+000  0.12870709E+001  0.18877948E+001  0.26316740E+001  0.40997050E+001  0.58394911E+001
  0.30295887E+000  0.31844109E+000  0.46007078E+000  0.62776830E+000  0.80312723E+000  0.91034054E+000  0.12870709E+001  0.18877940E+001  0.26316726E+001  0.40997048E+001  0.58394895E+001
  0.30295887E+000  0.31844109E+000  0.46007078E+000  0.62776830E+000  0.80312723E+000  0.91034054E+000  0.12870709E+001  0.18877933E+001  0.26316713E+001  0.40997046E+001  0.58394879E+001
  0.30295887E+000  0.31844109E+000  0.46007078E+000  0.62776830E+000  0.80312723E+000  0.91034054E+000  0.12870709E+001  0.18877926E+001  0.26316700E+001  0.40997044E+001  0.58394864E+001
  0.30295887E+000  0.31844109E+000  0.46007078E+000  0.62776830E+000  0.80312723E+000  0.91034054E+000  0.12870709E+001  0.18877919E+001  0.26316688E+001  0.40997042E+001  0.58394848E+001
  0.30295887E+000  0.31844109E+000  0.46007078E+000  0.62776830E+000  0.80312723E+000  0.91034054E+000  0.12870709E+001  0.18877912E+001  0.26316676E+001  0.40997040E+001  0.58394833E+001
  0.30295887E+000  0.31844109E+000  0.46007078E+000  0.62776830E+000  0.80312723E+000  0.91034054E+000  0.12870709E+001  0.18877906E+001  0.26316664E+001  0.40997038E+001  0.58394819E+001
  0.30295887E+000  0.31844109E+000  0.46007078E+000  0.62776830E+000  0.80312723E+000  0.91034054E+000  0.12870709E+001  0.18877900E+001  0.26316653E+001  0.40997036E+001  0.58394805E+001
  0.30295887E+000  0.31844109E+000  0.46007078E+000  0.62776830E+000  0.80312723E+000  0.91034054E+000  0.12870709E+001  0.18877894E+001  0.26316642E+001  0.40997034E+001  0.58394791E+001
  0.30295887E+000  0.31844109E+000  0.46007078E+000  0.62776830E+000  0.80312723E+000  0.91034054E+000  0.12870709E+001  0.18877888E+001  0.26316631E+001  0.40997032E+001  0.58394778E+001
  0.30295887E+000  0.31844109E+000  0.46007078E+000  0.62776830E+000  0.80312723E+000  0.91034054E+000  0.12870709E+001  0.18877882E+001  0.26316621E+001  0.40997030E+001  0.58394765E+001
  0.30295887E+000  0.31844109E+000  0.46007078E+000  0.62776830E+000  0.80312723E+000  0.91034054E+000  0.12870709E+001  0.18877877E+001  0.26316611E+001  0.40997028E+001  0.58394752E+001
  0.30295887E+000  0.31844109E+000  0.46007078E+000  0.62776830E+000  0.80312723E+000  0.91034054E+000  0.12870709E+001  0.18877872E+001  0.26316602E+001  0.40997027E+001  0.58394739E+001
  0.30295887E+000  0.31844109E+000  0.46007078E+000  0.62776830E+000  0.80312723E+000  0.91034054E+000  0.12870709E+001  0.18877867E+001  0.26316592E+001  0.40997025E+001  0.58394727E+001
  0.30295887E+000  0.31844109E+000  0.46007078E+000  0.62776830E+000  0.80312723E+000  0.91034055E+000  0.12870709E+001  0.18877862E+001  0.26316583E+001  0.40997024E+001  0.58394716E+001
  0.30295887E+000  0.31844109E+000  0.46007078E+000  0.62776830E+000  0.80312723E+000  0.91034055E+000  0.12870709E+001  0.18877857E+001  0.26316575E+001  0.40997022E+001  0.58394704E+001
  0.30295887E+000  0.31844109E+000  0.46007078E+000  0.62776830E+000  0.80312723E+000  0.91034055E+000  0.12870709E+001  0.18877853E+001  0.26316566E+001  0.40997021E+001  0.58394693E+001
  0.30295888E+000  0.31844109E+000  0.46007078E+000  0.62776830E+000  0.80312723E+000  0.91034055E+000  0.12870709E+001  0.18877849E+001  0.26316558E+001  0.40997019E+001  0.58394682E+001
  0.30295888E+000  0.31844109E+000  0.46007078E+000  0.62776830E+000  0.80312723E+000  0.91034055E+000  0.12870709E+001  0.18877845E+001  0.26316550E+001  0.40997018E+001  0.58394672E+001
  0.30295888E+000  0.31844109E+000  0.46007078E+000  0.62776830E+000  0.80312723E+000  0.91034055E+000  0.12870709E+001  0.18877840E+001  0.26316543E+001  0.40997016E+001  0.58394662E+001
  0.30295888E+000  0.31844109E+000  0.46007078E+000  0.62776830E+000  0.80312723E+000  0.91034055E+000  0.12870709E+001  0.18877837E+001  0.26316535E+001  0.40997015E+001  0.58394652E+001
  0.30295888E+000  0.31844109E+000  0.46007078E+000  0.62776830E+000  0.80312723E+000  0.91034055E+000  0.12870709E+001  0.18877833E+001  0.26316528E+001  0.40997014E+001  0.58394642E+001
  0.30295888E+000  0.31844109E+000  0.46007078E+000  0.62776830E+000  0.80312723E+000  0.91034055E+000  0.12870709E+001  0.18877829E+001  0.26316522E+001  0.40997013E+001  0.58394633E+001
  0.30295888E+000  0.31844109E+000  0.46007078E+000  0.62776830E+000  0.80312723E+000  0.91034055E+000  0.12870709E+001  0.18877826E+001  0.26316515E+001  0.40997011E+001  0.58394624E+001
  0.30295888E+000  0.31844109E+000  0.46007078E+000  0.62776830E+000  0.80312724E+000  0.91034055E+000  0.12870709E+001  0.18877822E+001  0.26316508E+001  0.40997010E+001  0.58394615E+001
  0.30295888E+000  0.31844109E+000  0.46007078E+000  0.62776830E+000  0.80312724E+000  0.91034055E+000  0.12870709E+001  0.18877819E+001  0.26316502E+001  0.40997009E+001  0.58394607E+001
  0.30295888E+000  0.31844109E+000  0.46007078E+000  0.62776830E+000  0.80312724E+000  0.91034055E+000  0.12870709E+001  0.18877816E+001  0.26316496E+001  0.40997008E+001  0.58394598E+001
  0.30295888E+000  0.31844109E+000  0.46007078E+000  0.62776830E+000  0.80312724E+000  0.91034055E+000  0.12870709E+001  0.18877813E+001  0.26316491E+001  0.40997007E+001  0.58394591E+001
  0.30295888E+000  0.31844109E+000  0.46007078E+000  0.62776830E+000  0.80312724E+000  0.91034055E+000  0.12870709E+001  0.18877810E+001  0.26316485E+001  0.40997006E+001  0.58394583E+001
  0.30295888E+000  0.31844109E+000  0.46007078E+000  0.62776830E+000  0.80312724E+000  0.91034055E+000  0.12870709E+001  0.18877807E+001  0.26316480E+001  0.40997005E+001  0.58394575E+001
  0.30295888E+000  0.31844109E+000  0.46007078E+000  0.62776830E+000  0.80312724E+000  0.91034055E+000  0.12870709E+001  0.18877804E+001  0.26316474E+001  0.40997004E+001  0.58394568E+001
  0.30295888E+000  0.31844109E+000  0.46007078E+000  0.62776830E+000  0.80312724E+000  0.91034055E+000  0.12870709E+001  0.18877801E+001  0.26316469E+001  0.40997003E+001  0.58394561E+001
  0.30295888E+000  0.31844109E+000  0.46007078E+000  0.62776830E+000  0.80312724E+000  0.91034056E+000  0.12870709E+001  0.18877799E+001  0.26316464E+001  0.40997002E+001  0.58394554E+001
  0.30295888E+000  0.31844109E+000  0.46007078E+000  0.62776830E+000  0.80312724E+000  0.91034056E+000  0.12870709E+001  0.18877796E+001  0.26316460E+001  0.40997002E+001  0.58394548E+001
  0.30295888E+000  0.31844109E+000  0.46007078E+000  0.62776830E+000  0.80312724E+000  0.91034056E+000  0.12870709E+001  0.18877794E+001  0.26316455E+001  0.40997001E+001  0.58394542E+001
  0.30295888E+000  0.31844109E+000  0.46007078E+000  0.62776830E+000  0.80312724E+000  0.91034056E+000  0.12870709E+001  0.18877791E+001  0.26316451E+001  0.40997000E+001  0.58394535E+001
  0.30295888E+000  0.31844109E+000  0.46007078E+000  0.62776830E+000  0.80312724E+000  0.91034056E+000  0.12870709E+001  0.18877789E+001  0.26316446E+001  0.40996999E+001  0.58394529E+001
  0.30295889E+000  0.31844109E+000  0.46007078E+000  0.62776830E+000  0.80312724E+000  0.91034056E+000  0.12870709E+001  0.18877787E+001  0.26316442E+001  0.40996998E+001  0.58394524E+001
  0.30295889E+000  0.31844109E+000  0.46007078E+000  0.62776830E+000  0.80312724E+000  0.91034056E+000  0.12870709E+001  0.18877785E+001  0.26316438E+001  0.40996998E+001  0.58394518E+001
  0.30295889E+000  0.31844109E+000  0.46007078E+000  0.62776830E+000  0.80312724E+000  0.91034056E+000  0.12870709E+001  0.18877782E+001  0.26316434E+001  0.40996997E+001  0.58394513E+001
  0.30295889E+000  0.31844109E+000  0.46007078E+000  0.62776830E+000  0.80312724E+000  0.91034056E+000  0.12870709E+001  0.18877780E+001  0.26316431E+001  0.40996996E+001  0.58394508E+001
  0.30295889E+000  0.31844109E+000  0.46007078E+000  0.62776830E+000  0.80312724E+000  0.91034056E+000  0.12870709E+001  0.18877778E+001  0.26316427E+001  0.40996996E+001  0.58394503E+001
  0.30295889E+000  0.31844109E+000  0.46007078E+000  0.62776830E+000  0.80312724E+000  0.91034056E+000  0.12870709E+001  0.18877776E+001  0.26316424E+001  0.40996995E+001  0.58394498E+001
  0.30295889E+000  0.31844109E+000  0.46007078E+000  0.62776830E+000  0.80312724E+000  0.91034056E+000  0.12870709E+001  0.18877775E+001  0.26316420E+001  0.40996994E+001  0.58394493E+001
