  0.19204542E+000  0.21882964E+000  0.35551052E+000  0.51873043E+000  0.85884777E+000  0.97803135E+000  0.13453006E+001  0.24995386E+001  0.41184254E+001  0.59825932E+001  0.95098722E+001
  0.19202814E+000  0.21860829E+000  0.35485969E+000  0.51807765E+000  0.85884791E+000  0.97803941E+000  0.13438951E+001  0.24946643E+001  0.41168206E+001  0.59431190E+001  0.94449618E+001
  0.19205803E+000  0.21846392E+000  0.35445651E+000  0.51765574E+000  0.85882931E+000  0.97804455E+000  0.13429267E+001  0.24913944E+001  0.41179013E+001  0.59186420E+001  0.94047796E+001
  0.19205065E+000  0.21835133E+000  0.35416211E+000  0.51736181E+000  0.85882434E+000  0.97803727E+000  0.13398107E+001  0.24891165E+001  0.41190440E+001  0.59003995E+001  0.93752521E+001
  0.19205615E+000  0.21828030E+000  0.35393000E+000  0.51711256E+000  0.85883006E+000  0.97803149E+000  0.13373328E+001  0.24874034E+001  0.41185573E+001  0.58864064E+001  0.93519612E+001
  0.19204002E+000  0.21821269E+000  0.35374004E+000  0.51691553E+000  0.85881717E+000  0.97802681E+000  0.13369871E+001  0.24858404E+001  0.41177608E+001  0.58746613E+001  0.93330752E+001
  0.19203612E+000  0.21815557E+000  0.35358499E+000  0.51677346E+000  0.85888293E+000  0.97801754E+000  0.13363230E+001  0.24845282E+001  0.41171342E+001  0.58652062E+001  0.93175521E+001
  0.19203756E+000  0.21811263E+000  0.35345491E+000  0.51663231E+000  0.85888106E+000  0.97801344E+000  0.13350428E+001  0.24835262E+001  0.41190080E+001  0.58576421E+001  0.93046913E+001
  0.19204425E+000  0.21807240E+000  0.35334687E+000  0.51651859E+000  0.85887954E+000  0.97801015E+000  0.13338643E+001  0.24826077E+001  0.41189498E+001  0.58508036E+001  0.92953456E+001
  0.19205089E+000  0.21804398E+000  0.35327957E+000  0.51642502E+000  0.85887830E+000  0.97801205E+000  0.13329642E+001  0.24821866E+001  0.41189027E+001  0.58453629E+001  0.92954866E+001
  0.19203231E+000  0.21801586E+000  0.35325559E+000  0.51635619E+000  0.85887731E+000  0.97800847E+000  0.13322374E+001  0.24813241E+001  0.41188652E+001  0.58408146E+001  0.92947325E+001
  0.19202432E+000  0.21799535E+000  0.35323665E+000  0.51629036E+000  0.85887651E+000  0.97800317E+000  0.13311922E+001  0.24810388E+001  0.41189871E+001  0.58370057E+001  0.92954041E+001
  0.19206607E+000  0.21796871E+000  0.35326128E+000  0.51615286E+000  0.85887587E+000  0.97800164E+000  0.13307856E+001  0.24807225E+001  0.41188064E+001  0.58337369E+001  0.92952562E+001
  0.19206506E+000  0.21795239E+000  0.35326944E+000  0.51599928E+000  0.85888120E+000  0.97800037E+000  0.13304533E+001  0.24802112E+001  0.41187855E+001  0.58312456E+001  0.92954149E+001
  0.19206421E+000  0.21793870E+000  0.35325141E+000  0.51586409E+000  0.85888415E+000  0.97799935E+000  0.13302119E+001  0.24800530E+001  0.41187684E+001  0.58292863E+001  0.92949430E+001
  0.19206350E+000  0.21792809E+000  0.35323653E+000  0.51575524E+000  0.85887471E+000  0.97801832E+000  0.13298850E+001  0.24798808E+001  0.41187543E+001  0.58270075E+001  0.92940870E+001
  0.19206594E+000  0.21792856E+000  0.35322417E+000  0.51565883E+000  0.85887451E+000  0.97801325E+000  0.13295155E+001  0.24796512E+001  0.41187428E+001  0.58254326E+001  0.92945485E+001
  0.19206576E+000  0.21791971E+000  0.35327716E+000  0.51555832E+000  0.85887438E+000  0.97799725E+000  0.13293793E+001  0.24794149E+001  0.41187335E+001  0.58241175E+001  0.92941429E+001
  0.19206560E+000  0.21791234E+000  0.35326091E+000  0.51550059E+000  0.85888108E+000  0.97799684E+000  0.13291101E+001  0.24792185E+001  0.41187260E+001  0.58230227E+001  0.92938167E+001
  0.19206548E+000  0.21790623E+000  0.35324740E+000  0.51545454E+000  0.85887429E+000  0.97799653E+000  0.13290127E+001  0.24790557E+001  0.41187200E+001  0.58221140E+001  0.92945294E+001
  0.19206537E+000  0.21790118E+000  0.35323619E+000  0.51541659E+000  0.85887431E+000  0.97800185E+000  0.13288907E+001  0.24789217E+001  0.41187153E+001  0.58213639E+001  0.92933251E+001
  0.19206529E+000  0.21789704E+000  0.35322693E+000  0.51538551E+000  0.85887437E+000  0.97799616E+000  0.13287420E+001  0.24788744E+001  0.41187116E+001  0.58207486E+001  0.92952579E+001
  0.19206522E+000  0.21789368E+000  0.35321930E+000  0.51536029E+000  0.85887446E+000  0.97799607E+000  0.13286779E+001  0.24788420E+001  0.41187089E+001  0.58203703E+001  0.92944422E+001
  0.19206517E+000  0.21789097E+000  0.35321305E+000  0.51532842E+000  0.85887458E+000  0.97799604E+000  0.13286264E+001  0.24788163E+001  0.41187070E+001  0.58201221E+001  0.92952927E+001
  0.19206513E+000  0.21788881E+000  0.35320798E+000  0.51531291E+000  0.85887472E+000  0.97799605E+000  0.13284931E+001  0.24787962E+001  0.41187058E+001  0.58195253E+001  0.92927378E+001
  0.19206510E+000  0.21788713E+000  0.35320391E+000  0.51530087E+000  0.85887488E+000  0.97799609E+000  0.13284599E+001  0.24787811E+001  0.41187051E+001  0.58192758E+001  0.92926498E+001
  0.19206508E+000  0.21788585E+000  0.35320068E+000  0.51529177E+000  0.85887505E+000  0.97799617E+000  0.13284348E+001  0.24787700E+001  0.41187049E+001  0.58190859E+001  0.92926046E+001
  0.19206507E+000  0.21788491E+000  0.35319818E+000  0.51527920E+000  0.85887524E+000  0.97799628E+000  0.13284163E+001  0.24787624E+001  0.41187051E+001  0.58189464E+001  0.92925497E+001
  0.19206506E+000  0.21788426E+000  0.35319628E+000  0.51527464E+000  0.85887544E+000  0.97799641E+000  0.13284035E+001  0.24787577E+001  0.41187057E+001  0.58188491E+001  0.92925043E+001
  0.19206506E+000  0.21788384E+000  0.35319490E+000  0.51527180E+000  0.85887565E+000  0.97799656E+000  0.13283953E+001  0.24787554E+001  0.41187066E+001  0.58187869E+001  0.92924684E+001
  0.19206507E+000  0.21788362E+000  0.35319394E+000  0.51527041E+000  0.85887587E+000  0.97799672E+000  0.13283910E+001  0.24787551E+001  0.41187077E+001  0.58187540E+001  0.92924422E+001
  0.19206507E+000  0.21788357E+000  0.35319334E+000  0.51527019E+000  0.85887610E+000  0.97799690E+000  0.13283899E+001  0.24787564E+001  0.41187090E+001  0.58187451E+001  0.92924259E+001
  0.19206508E+000  0.21788364E+000  0.35319304E+000  0.51527094E+000  0.85887633E+000  0.97799708E+000  0.13283913E+001  0.24787591E+001  0.41187105E+001  0.58187558E+001  0.92924194E+001
  0.19206509E+000  0.21788382E+000  0.35319298E+000  0.51527247E+000  0.85887656E+000  0.97799728E+000  0.13283948E+001  0.24787629E+001  0.41187121E+001  0.58187824E+001  0.92924227E+001
  0.19206511E+000  0.21788409E+000  0.35319312E+000  0.51527461E+000  0.85887680E+000  0.97799748E+000  0.13283999E+001  0.24787675E+001  0.41187138E+001  0.58188215E+001  0.92924357E+001
  0.19206512E+000  0.21788443E+000  0.35319342E+000  0.51527724E+000  0.85887705E+000  0.97799768E+000  0.13284063E+001  0.24787728E+001  0.41187156E+001  0.58188706E+001  0.92924580E+001
  0.19206514E+000  0.21788482E+000  0.35319384E+000  0.51528024E+000  0.85887729E+000  0.97799789E+000  0.13284136E+001  0.24787786E+001  0.41187175E+001  0.58189273E+001  0.92924892E+001
  0.19206516E+000  0.21788525E+000  0.35319436E+000  0.51528951E+000  0.85887754E+000  0.97799810E+000  0.13284216E+001  0.24787848E+001  0.41187194E+001  0.58189897E+001  0.92925290E+001
  0.19206517E+000  0.21788571E+000  0.35319497E+000  0.51529299E+000  0.85887778E+000  0.97799832E+000  0.13284302E+001  0.24787913E+001  0.41187214E+001  0.58190562E+001  0.92925768E+001
  0.19206519E+000  0.21788619E+000  0.35319562E+000  0.51529659E+000  0.85887803E+000  0.97799853E+000  0.13284390E+001  0.24787979E+001  0.41187234E+001  0.58191256E+001  0.92926319E+001
  0.19206521E+000  0.21788668E+000  0.35319632E+000  0.51530028E+000  0.85887828E+000  0.97799874E+000  0.13284480E+001  0.24788047E+001  0.41187254E+001  0.58191968E+001  0.92923804E+001
  0.19206523E+000  0.21788718E+000  0.35319705E+000  0.51530402E+000  0.85887853E+000  0.97799896E+000  0.13284572E+001  0.24788115E+001  0.41187275E+001  0.58192690E+001  0.92924268E+001
  0.19206525E+000  0.21788768E+000  0.35319780E+000  0.51530777E+000  0.85887877E+000  0.97799917E+000  0.13284663E+001  0.24788183E+001  0.41187295E+001  0.58193416E+001  0.92924791E+001
  0.19206526E+000  0.21788818E+000  0.35319856E+000  0.51531151E+000  0.85887902E+000  0.97799938E+000  0.13284754E+001  0.24788251E+001  0.41187315E+001  0.58194140E+001  0.92925369E+001
  0.19206528E+000  0.21788868E+000  0.35319932E+000  0.51531522E+000  0.85887926E+000  0.97799959E+000  0.13284843E+001  0.24788319E+001  0.41187336E+001  0.58194860E+001  0.92925998E+001
  0.19206530E+000  0.21788918E+000  0.35320009E+000  0.51531889E+000  0.85887950E+000  0.97799980E+000  0.13285972E+001  0.24788386E+001  0.41187356E+001  0.58195573E+001  0.92926674E+001
  0.19206532E+000  0.21788967E+000  0.35320086E+000  0.51532252E+000  0.85887974E+000  0.97800000E+000  0.13286062E+001  0.24788452E+001  0.41187376E+001  0.58200344E+001  0.92927394E+001
  0.19206534E+000  0.21789015E+000  0.35320162E+000  0.51532609E+000  0.85887997E+000  0.97800020E+000  0.13286150E+001  0.24788517E+001  0.41187395E+001  0.58200894E+001  0.92928155E+001
  0.19206535E+000  0.21789063E+000  0.35320238E+000  0.51532960E+000  0.85888020E+000  0.97800040E+000  0.13286236E+001  0.24788581E+001  0.41187415E+001  0.58200694E+001  0.92914207E+001
  0.19206537E+000  0.21789110E+000  0.35320313E+000  0.51533305E+000  0.85888043E+000  0.97800060E+000  0.13286321E+001  0.24788644E+001  0.41187434E+001  0.58201107E+001  0.92914410E+001
  0.19206539E+000  0.21789157E+000  0.35320388E+000  0.51533643E+000  0.85888065E+000  0.97800079E+000  0.13286403E+001  0.24788706E+001  0.41187453E+001  0.58201512E+001  0.92914655E+001
  0.19206540E+000  0.21789202E+000  0.35320463E+000  0.51533976E+000  0.85888087E+000  0.97800097E+000  0.13286484E+001  0.24788767E+001  0.41187471E+001  0.58201911E+001  0.92914940E+001
  0.19206542E+000  0.21789247E+000  0.35320536E+000  0.51534301E+000  0.85888108E+000  0.97800116E+000  0.13286562E+001  0.24788826E+001  0.41187489E+001  0.58202302E+001  0.92915263E+001
  0.19206544E+000  0.21789291E+000  0.35320609E+000  0.51534620E+000  0.85888129E+000  0.97800133E+000  0.13286639E+001  0.24788884E+001  0.41187506E+001  0.58202685E+001  0.92915622E+001
  0.19206545E+000  0.21789333E+000  0.35320680E+000  0.51536201E+000  0.85888149E+000  0.97800151E+000  0.13286714E+001  0.24788941E+001  0.41187523E+001  0.58203060E+001  0.92916013E+001
  0.19206547E+000  0.21789375E+000  0.35320751E+000  0.51536517E+000  0.85888169E+000  0.97800168E+000  0.13286786E+001  0.24788996E+001  0.41187540E+001  0.58203426E+001  0.92916435E+001
  0.19206548E+000  0.21789416E+000  0.35320819E+000  0.51536825E+000  0.85888187E+000  0.97800184E+000  0.13286857E+001  0.24789050E+001  0.41187556E+001  0.58203782E+001  0.92916883E+001
  0.19206550E+000  0.21789456E+000  0.35320887E+000  0.51537123E+000  0.85888205E+000  0.97800199E+000  0.13286925E+001  0.24789102E+001  0.41187571E+001  0.58204129E+001  0.92917354E+001
  0.19206551E+000  0.21789494E+000  0.35320952E+000  0.51537413E+000  0.85888223E+000  0.97800215E+000  0.13286990E+001  0.24789152E+001  0.41187585E+001  0.58204465E+001  0.92917842E+001
  0.19206552E+000  0.21789532E+000  0.35321015E+000  0.51537692E+000  0.85888239E+000  0.97800229E+000  0.13287053E+001  0.24789201E+001  0.41187599E+001  0.58204789E+001  0.92918345E+001
  0.19206554E+000  0.21789568E+000  0.35321076E+000  0.51537960E+000  0.85888255E+000  0.97800243E+000  0.13287113E+001  0.24789247E+001  0.41187612E+001  0.58205102E+001  0.92918858E+001
  0.19206555E+000  0.21789602E+000  0.35321134E+000  0.51538218E+000  0.85888270E+000  0.97800256E+000  0.13287171E+001  0.24789291E+001  0.41187624E+001  0.58205402E+001  0.92919376E+001
  0.19206556E+000  0.21789635E+000  0.35321189E+000  0.51538464E+000  0.85888284E+000  0.97800268E+000  0.13287226E+001  0.24789334E+001  0.41187636E+001  0.58205780E+001  0.92850896E+001
  0.19206557E+000  0.21789666E+000  0.35321241E+000  0.51538699E+000  0.85888297E+000  0.97800280E+000  0.13287277E+001  0.24789374E+001  0.41187647E+001  0.58206226E+001  0.92851003E+001
  0.19206558E+000  0.21789696E+000  0.35321290E+000  0.51538921E+000  0.85888310E+000  0.97800291E+000  0.13287326E+001  0.24789412E+001  0.41187656E+001  0.58206650E+001  0.92851130E+001
  0.19206559E+000  0.21789724E+000  0.35321336E+000  0.51539132E+000  0.85888322E+000  0.97800301E+000  0.13287372E+001  0.24789448E+001  0.41187665E+001  0.58207051E+001  0.92851274E+001
  0.19206560E+000  0.21789750E+000  0.35321377E+000  0.51539330E+000  0.85888332E+000  0.97800311E+000  0.13287415E+001  0.24789481E+001  0.41187673E+001  0.58207430E+001  0.92851430E+001
  0.19206561E+000  0.21789775E+000  0.35321416E+000  0.51539516E+000  0.85888342E+000  0.97800320E+000  0.13287455E+001  0.24789513E+001  0.41187681E+001  0.58207785E+001  0.92851596E+001
  0.19206562E+000  0.21789798E+000  0.35321450E+000  0.51539689E+000  0.85888352E+000  0.97800328E+000  0.13287493E+001  0.24789542E+001  0.41187687E+001  0.58208118E+001  0.92851768E+001
  0.19206563E+000  0.21789819E+000  0.35321481E+000  0.51539851E+000  0.85888360E+000  0.97800336E+000  0.13287527E+001  0.24789569E+001  0.41187693E+001  0.58208428E+001  0.92851943E+001
  0.19206563E+000  0.21789839E+000  0.35321509E+000  0.51540001E+000  0.85888368E+000  0.97800343E+000  0.13287558E+001  0.24789594E+001  0.41187697E+001  0.58208717E+001  0.92852118E+001
  0.19206564E+000  0.21789857E+000  0.35321532E+000  0.51540140E+000  0.85888375E+000  0.97800349E+000  0.13287587E+001  0.24789617E+001  0.41187701E+001  0.58208983E+001  0.92852292E+001
  0.19206564E+000  0.21789873E+000  0.35321552E+000  0.51540267E+000  0.85888381E+000  0.97800355E+000  0.13287613E+001  0.24789638E+001  0.41187705E+001  0.58209229E+001  0.92852463E+001
  0.19206565E+000  0.21789888E+000  0.35321569E+000  0.51540383E+000  0.85888387E+000  0.97800360E+000  0.13287637E+001  0.24789657E+001  0.41187707E+001  0.58209454E+001  0.92852629E+001
  0.19206565E+000  0.21789902E+000  0.35321582E+000  0.51540489E+000  0.85888392E+000  0.97800365E+000  0.13287658E+001  0.24789675E+001  0.41187709E+001  0.58209659E+001  0.92852607E+001
  0.19206566E+000  0.21789914E+000  0.35321592E+000  0.51540585E+000  0.85888397E+000  0.97800369E+000  0.13287677E+001  0.24789690E+001  0.41187710E+001  0.58209846E+001  0.92852748E+001
  0.19206566E+000  0.21789925E+000  0.35321599E+000  0.51540671E+000  0.85888400E+000  0.97800372E+000  0.13287694E+001  0.24789704E+001  0.41187711E+001  0.58210014E+001  0.92852883E+001
  0.19206567E+000  0.21789934E+000  0.35321603E+000  0.51540748E+000  0.85888404E+000  0.97800375E+000  0.13287708E+001  0.24789716E+001  0.41187711E+001  0.58210166E+001  0.92842571E+001
  0.19206567E+000  0.21789943E+000  0.35321604E+000  0.51540817E+000  0.85888407E+000  0.97800378E+000  0.13287721E+001  0.24789727E+001  0.41187710E+001  0.58210301E+001  0.92842793E+001
  0.19206567E+000  0.21789950E+000  0.35321602E+000  0.51540878E+000  0.85888409E+000  0.97800381E+000  0.13287732E+001  0.24789736E+001  0.41187709E+001  0.58210422E+001  0.92842990E+001
  0.19206568E+000  0.21789956E+000  0.35321598E+000  0.51540932E+000  0.85888411E+000  0.97800383E+000  0.13287741E+001  0.24789744E+001  0.41187707E+001  0.58210528E+001  0.92843165E+001
  0.19206568E+000  0.21789961E+000  0.35321592E+000  0.51540979E+000  0.85888413E+000  0.97800384E+000  0.13287748E+001  0.24789751E+001  0.41187705E+001  0.58210622E+001  0.92843317E+001
  0.19206568E+000  0.21789966E+000  0.35321583E+000  0.51541019E+000  0.85888414E+000  0.97800386E+000  0.13287754E+001  0.24789757E+001  0.41187703E+001  0.58210703E+001  0.92843451E+001
  0.19206568E+000  0.21789969E+000  0.35321573E+000  0.51541054E+000  0.85888416E+000  0.97800387E+000  0.13287759E+001  0.24789762E+001  0.41187700E+001  0.58210774E+001  0.92843566E+001
  0.19206568E+000  0.21789972E+000  0.35321561E+000  0.51541083E+000  0.85888416E+000  0.97800388E+000  0.13287763E+001  0.24789766E+001  0.41187697E+001  0.58210834E+001  0.92843665E+001
  0.19206568E+000  0.21789974E+000  0.35321547E+000  0.51541108E+000  0.85888417E+000  0.97800389E+000  0.13287765E+001  0.24789769E+001  0.41187693E+001  0.58210885E+001  0.92843749E+001
  0.19206568E+000  0.21789976E+000  0.35321532E+000  0.51541128E+000  0.85888417E+000  0.97800389E+000  0.13287767E+001  0.24789772E+001  0.41187690E+001  0.58210928E+001  0.92843819E+001
  0.19206568E+000  0.21789977E+000  0.35321516E+000  0.51541145E+000  0.85888418E+000  0.97800390E+000  0.13287767E+001  0.24789773E+001  0.41187686E+001  0.58210964E+001  0.92843878E+001
  0.19206569E+000  0.21789977E+000  0.35321499E+000  0.51541158E+000  0.85888418E+000  0.97800390E+000  0.13287767E+001  0.24789775E+001  0.41187681E+001  0.58210993E+001  0.92843925E+001
  0.19206569E+000  0.21789977E+000  0.35321480E+000  0.51541168E+000  0.85888418E+000  0.97800390E+000  0.13287766E+001  0.24789775E+001  0.41187677E+001  0.58211017E+001  0.92843964E+001
  0.19206569E+000  0.21789977E+000  0.35321461E+000  0.51541176E+000  0.85888418E+000  0.97800390E+000  0.13287765E+001  0.24789776E+001  0.41187672E+001  0.58211035E+001  0.92843994E+001
  0.19206569E+000  0.21789976E+000  0.35321442E+000  0.51541181E+000  0.85888417E+000  0.97800390E+000  0.13287763E+001  0.24789775E+001  0.41187667E+001  0.58211049E+001  0.92844017E+001
  0.19206569E+000  0.21789976E+000  0.35321422E+000  0.51541184E+000  0.85888417E+000  0.97800390E+000  0.13287761E+001  0.24789775E+001  0.41187662E+001  0.58211059E+001  0.92844033E+001
  0.19206569E+000  0.21789975E+000  0.35321402E+000  0.51541186E+000  0.85888417E+000  0.97800390E+000  0.13287758E+001  0.24789774E+001  0.41187657E+001  0.58211066E+001  0.92844045E+001
  0.19206569E+000  0.21789974E+000  0.35321381E+000  0.51541186E+000  0.85888416E+000  0.97800389E+000  0.13287755E+001  0.24789773E+001  0.41187652E+001  0.58211070E+001  0.92844052E+001
  0.19206569E+000  0.21789972E+000  0.35321360E+000  0.51541185E+000  0.85888416E+000  0.97800389E+000  0.13287752E+001  0.24789772E+001  0.41187647E+001  0.58211072E+001  0.92844055E+001
  0.19206569E+000  0.21789971E+000  0.35321339E+000  0.51541184E+000  0.85888416E+000  0.97800389E+000  0.13287748E+001  0.24789771E+001  0.41187641E+001  0.58211072E+001  0.92844055E+001
  0.19206569E+000  0.21789969E+000  0.35321319E+000  0.51541181E+000  0.85888415E+000  0.97800389E+000  0.13287745E+001  0.24789770E+001  0.41187636E+001  0.58211071E+001  0.92844053E+001
  0.19206569E+000  0.21789968E+000  0.35321298E+000  0.51541178E+000  0.85888415E+000  0.97800388E+000  0.13287741E+001  0.24789768E+001  0.41187630E+001  0.58211068E+001  0.92844049E+001
  0.19206569E+000  0.21789966E+000  0.35321277E+000  0.51541175E+000  0.85888415E+000  0.97800388E+000  0.13287737E+001  0.24789767E+001  0.41187625E+001  0.58211065E+001  0.92844043E+001
  0.19206569E+000  0.21789965E+000  0.35321257E+000  0.51541171E+000  0.85888414E+000  0.97800388E+000  0.13287733E+001  0.24789765E+001  0.41187619E+001  0.58211061E+001  0.92844036E+001
  0.19206569E+000  0.21789963E+000  0.35321237E+000  0.51541167E+000  0.85888414E+000  0.97800388E+000  0.13287729E+001  0.24789764E+001  0.41187614E+001  0.58211056E+001  0.92844029E+001
  0.19206569E+000  0.21789962E+000  0.35321217E+000  0.51541163E+000  0.85888414E+000  0.97800387E+000  0.13287726E+001  0.24789762E+001  0.41187608E+001  0.58211052E+001  0.92844021E+001
  0.19206569E+000  0.21789960E+000  0.35321198E+000  0.51541159E+000  0.85888413E+000  0.97800387E+000  0.13287722E+001  0.24789760E+001  0.41187602E+001  0.58211047E+001  0.92844013E+001
  0.19206569E+000  0.21789959E+000  0.35321179E+000  0.51541155E+000  0.85888413E+000  0.97800387E+000  0.13287718E+001  0.24789759E+001  0.41187596E+001  0.58211042E+001  0.92844005E+001
  0.19206569E+000  0.21789958E+000  0.35321160E+000  0.51541151E+000  0.85888413E+000  0.97800387E+000  0.13287714E+001  0.24789757E+001  0.41187591E+001  0.58211037E+001  0.92843997E+001
  0.19206569E+000  0.21789956E+000  0.35321142E+000  0.51541147E+000  0.85888413E+000  0.97800387E+000  0.13287711E+001  0.24789756E+001  0.41187585E+001  0.58211032E+001  0.92820062E+001
  0.19206569E+000  0.21789955E+000  0.35321124E+000  0.51541144E+000  0.85888413E+000  0.97800386E+000  0.13287707E+001  0.24789754E+001  0.41187579E+001  0.58211028E+001  0.92820003E+001
  0.19206569E+000  0.21789954E+000  0.35321107E+000  0.51541140E+000  0.85888412E+000  0.97800386E+000  0.13287703E+001  0.24789753E+001  0.41187574E+001  0.58211024E+001  0.92819941E+001
  0.19206568E+000  0.21789953E+000  0.35321090E+000  0.51541137E+000  0.85888412E+000  0.97800386E+000  0.13287700E+001  0.24789752E+001  0.41187568E+001  0.58211020E+001  0.92819877E+001
  0.19206568E+000  0.21789952E+000  0.35321074E+000  0.51541134E+000  0.85888412E+000  0.97800386E+000  0.13287697E+001  0.24789750E+001  0.41187563E+001  0.58211017E+001  0.92819811E+001
  0.19206568E+000  0.21789951E+000  0.35321058E+000  0.51541131E+000  0.85888412E+000  0.97800386E+000  0.13287693E+001  0.24789749E+001  0.41187557E+001  0.58211014E+001  0.92819742E+001
  0.19206568E+000  0.21789950E+000  0.35321043E+000  0.51541129E+000  0.85888412E+000  0.97800386E+000  0.13287690E+001  0.24789748E+001  0.41187551E+001  0.58211011E+001  0.92819670E+001
  0.19206568E+000  0.21789949E+000  0.35321028E+000  0.51541127E+000  0.85888412E+000  0.97800386E+000  0.13287687E+001  0.24789746E+001  0.41187546E+001  0.58211009E+001  0.92819596E+001
  0.19206568E+000  0.21789949E+000  0.35321014E+000  0.51541125E+000  0.85888412E+000  0.97800386E+000  0.13287684E+001  0.24789745E+001  0.41187541E+001  0.58211007E+001  0.92819520E+001
  0.19206568E+000  0.21789948E+000  0.35321000E+000  0.51541123E+000  0.85888413E+000  0.97800386E+000  0.13287681E+001  0.24789744E+001  0.41187535E+001  0.58211006E+001  0.92819442E+001
  0.19206568E+000  0.21789947E+000  0.35320987E+000  0.51541121E+000  0.85888413E+000  0.97800386E+000  0.13287678E+001  0.24789743E+001  0.41187530E+001  0.58211004E+001  0.92819362E+001
  0.19206568E+000  0.21789947E+000  0.35320974E+000  0.51541120E+000  0.85888413E+000  0.97800386E+000  0.13287676E+001  0.24789742E+001  0.41187525E+001  0.58211004E+001  0.92819280E+001
  0.19206568E+000  0.21789946E+000  0.35320962E+000  0.51541119E+000  0.85888413E+000  0.97800386E+000  0.13287673E+001  0.24789741E+001  0.41187519E+001  0.58211003E+001  0.92819196E+001
  0.19206568E+000  0.21789946E+000  0.35320950E+000  0.51541118E+000  0.85888413E+000  0.97800386E+000  0.13287671E+001  0.24789740E+001  0.41187514E+001  0.58211003E+001  0.92819110E+001
  0.19206568E+000  0.21789946E+000  0.35320939E+000  0.51541117E+000  0.85888413E+000  0.97800386E+000  0.13287668E+001  0.24789739E+001  0.41187509E+001  0.58211003E+001  0.92819022E+001
  0.19206568E+000  0.21789945E+000  0.35320929E+000  0.51541117E+000  0.85888413E+000  0.97800387E+000  0.13287666E+001  0.24789739E+001  0.41187504E+001  0.58211003E+001  0.92818932E+001
  0.19206568E+000  0.21789945E+000  0.35320919E+000  0.51541116E+000  0.85888414E+000  0.97800387E+000  0.13287664E+001  0.24789738E+001  0.41187499E+001  0.58211004E+001  0.92818841E+001
  0.19206568E+000  0.21789945E+000  0.35320909E+000  0.51541116E+000  0.85888414E+000  0.97800387E+000  0.13287661E+001  0.24789737E+001  0.41187494E+001  0.58211005E+001  0.92818749E+001
  0.19206568E+000  0.21789945E+000  0.35320900E+000  0.51541116E+000  0.85888414E+000  0.97800387E+000  0.13287659E+001  0.24789736E+001  0.41187489E+001  0.58211006E+001  0.92818656E+001
  0.19206568E+000  0.21789944E+000  0.35320891E+000  0.51541116E+000  0.85888414E+000  0.97800387E+000  0.13287657E+001  0.24789736E+001  0.41187484E+001  0.58211007E+001  0.92818561E+001
  0.19206568E+000  0.21789944E+000  0.35320883E+000  0.51541116E+000  0.85888415E+000  0.97800387E+000  0.13287655E+001  0.24789735E+001  0.41187480E+001  0.58211009E+001  0.92818465E+001
  0.19206569E+000  0.21789944E+000  0.35320876E+000  0.51541116E+000  0.85888415E+000  0.97800387E+000  0.13287654E+001  0.24789734E+001  0.41184317E+001  0.58211011E+001  0.92818368E+001
  0.19206569E+000  0.21789944E+000  0.35320868E+000  0.51541117E+000  0.85888415E+000  0.97800387E+000  0.13287652E+001  0.24789734E+001  0.41177255E+001  0.58211012E+001  0.92818271E+001
  0.19206569E+000  0.21789944E+000  0.35320861E+000  0.51541117E+000  0.85888415E+000  0.97800388E+000  0.13287650E+001  0.24789733E+001  0.41170290E+001  0.58211014E+001  0.92818172E+001
  0.19206569E+000  0.21789944E+000  0.35320855E+000  0.51541117E+000  0.85888416E+000  0.97800388E+000  0.13287648E+001  0.24789732E+001  0.41163424E+001  0.58211016E+001  0.92818074E+001
  0.19206569E+000  0.21789944E+000  0.35320849E+000  0.51541118E+000  0.85888416E+000  0.97800388E+000  0.13287647E+001  0.24789732E+001  0.41159380E+001  0.58211018E+001  0.92817974E+001
  0.19206569E+000  0.21789944E+000  0.35320843E+000  0.51541119E+000  0.85888416E+000  0.97800388E+000  0.13287645E+001  0.24789731E+001  0.41158971E+001  0.58211020E+001  0.92817875E+001
  0.19206569E+000  0.21789944E+000  0.35320838E+000  0.51541119E+000  0.85888416E+000  0.97800388E+000  0.13287644E+001  0.24789731E+001  0.41158568E+001  0.58211023E+001  0.92817775E+001
  0.19206569E+000  0.21789944E+000  0.35320833E+000  0.51541120E+000  0.85888417E+000  0.97800388E+000  0.13287643E+001  0.24789730E+001  0.41158172E+001  0.58211025E+001  0.92817675E+001
  0.19206569E+000  0.21789945E+000  0.35320828E+000  0.51541121E+000  0.85888417E+000  0.97800388E+000  0.13287641E+001  0.24789730E+001  0.41157783E+001  0.58211027E+001  0.92817575E+001
  0.19206569E+000  0.21789945E+000  0.35320824E+000  0.51541122E+000  0.85888417E+000  0.97800389E+000  0.13287640E+001  0.24789729E+001  0.41157401E+001  0.58211030E+001  0.92817475E+001
  0.19206569E+000  0.21789945E+000  0.35320820E+000  0.51541123E+000  0.85888417E+000  0.97800389E+000  0.13287639E+001  0.24789729E+001  0.41156763E+001  0.58211032E+001  0.92817376E+001
  0.19206569E+000  0.21789945E+000  0.35320816E+000  0.51541123E+000  0.85888417E+000  0.97800389E+000  0.13287638E+001  0.24789729E+001  0.41155164E+001  0.58211034E+001  0.92817276E+001
  0.19206569E+000  0.21789945E+000  0.35320813E+000  0.51541124E+000  0.85888418E+000  0.97800389E+000  0.13287637E+001  0.24789728E+001  0.41153597E+001  0.58211036E+001  0.92817177E+001
  0.19206569E+000  0.21789945E+000  0.35320810E+000  0.51541125E+000  0.85888418E+000  0.97800389E+000  0.13287636E+001  0.24789728E+001  0.41152061E+001  0.58211039E+001  0.92817079E+001
  0.19206569E+000  0.21789945E+000  0.35320807E+000  0.51541126E+000  0.85888418E+000  0.97800389E+000  0.13287635E+001  0.24789727E+001  0.41150556E+001  0.58211041E+001  0.92816981E+001
  0.19206569E+000  0.21789945E+000  0.35320804E+000  0.51541127E+000  0.85888418E+000  0.97800389E+000  0.13287634E+001  0.24789727E+001  0.41149083E+001  0.58211043E+001  0.92816883E+001
  0.19206569E+000  0.21789946E+000  0.35320801E+000  0.51541127E+000  0.85888418E+000  0.97800389E+000  0.13287633E+001  0.24789726E+001  0.41147641E+001  0.58211045E+001  0.92816787E+001
  0.19206569E+000  0.21789946E+000  0.35320799E+000  0.51541128E+000  0.85888418E+000  0.97800389E+000  0.13287632E+001  0.24789726E+001  0.41146232E+001  0.58211047E+001  0.92800919E+001
  0.19206569E+000  0.21789946E+000  0.35320797E+000  0.51541129E+000  0.85888418E+000  0.97800390E+000  0.13287631E+001  0.24789726E+001  0.41144853E+001  0.58211048E+001  0.92797681E+001
  0.19206569E+000  0.21789946E+000  0.35320794E+000  0.51541129E+000  0.85888419E+000  0.97800390E+000  0.13287630E+001  0.24789725E+001  0.41135366E+001  0.58211050E+001  0.92794474E+001
  0.19206569E+000  0.21789946E+000  0.35320793E+000  0.51541130E+000  0.85888419E+000  0.97800390E+000  0.13287629E+001  0.24789725E+001  0.41134611E+001  0.58211052E+001  0.92791299E+001
  0.19206569E+000  0.21789946E+000  0.35320791E+000  0.51541131E+000  0.85888419E+000  0.97800390E+000  0.13287628E+001  0.24789725E+001  0.41133874E+001  0.58211053E+001  0.92785344E+001
  0.19206569E+000  0.21789946E+000  0.35320789E+000  0.51541131E+000  0.85888419E+000  0.97800390E+000  0.13287628E+001  0.24789724E+001  0.41133155E+001  0.58211055E+001  0.92785342E+001
  0.19206569E+000  0.21789947E+000  0.35320788E+000  0.51541132E+000  0.85888419E+000  0.97800390E+000  0.13287627E+001  0.24789724E+001  0.41132454E+001  0.58211056E+001  0.92785341E+001
  0.19206569E+000  0.21789947E+000  0.35320786E+000  0.51541132E+000  0.85888419E+000  0.97800390E+000  0.13287626E+001  0.24789723E+001  0.41131998E+001  0.58211057E+001  0.92785341E+001
  0.19206569E+000  0.21789947E+000  0.35320785E+000  0.51541132E+000  0.85888419E+000  0.97800390E+000  0.13287626E+001  0.24789723E+001  0.41131764E+001  0.58211058E+001  0.92785341E+001
  0.19206569E+000  0.21789947E+000  0.35320783E+000  0.51541133E+000  0.85888419E+000  0.97800390E+000  0.13287625E+001  0.24789723E+001  0.41131537E+001  0.58211059E+001  0.92764206E+001
  0.19206569E+000  0.21789947E+000  0.35320782E+000  0.51541133E+000  0.85888419E+000  0.97800390E+000  0.13287624E+001  0.24789722E+001  0.41131315E+001  0.58211060E+001  0.92762380E+001
  0.19206569E+000  0.21789947E+000  0.35320781E+000  0.51541133E+000  0.85888419E+000  0.97800390E+000  0.13287624E+001  0.24789722E+001  0.41131099E+001  0.58211060E+001  0.92760584E+001
  0.19206569E+000  0.21789947E+000  0.35320780E+000  0.51541133E+000  0.85888419E+000  0.97800390E+000  0.13287623E+001  0.24789721E+001  0.41130889E+001  0.58211061E+001  0.92758818E+001
  0.19206569E+000  0.21789947E+000  0.35320779E+000  0.51541133E+000  0.85888419E+000  0.97800390E+000  0.13287622E+001  0.24789721E+001  0.41130685E+001  0.58211061E+001  0.92757082E+001
  0.19206569E+000  0.21789947E+000  0.35320778E+000  0.51541133E+000  0.85888419E+000  0.97800390E+000  0.13287622E+001  0.24789720E+001  0.41130486E+001  0.58211062E+001  0.92755378E+001
  0.19206569E+000  0.21789947E+000  0.35320777E+000  0.51541133E+000  0.85888419E+000  0.97800390E+000  0.13287621E+001  0.24789720E+001  0.41130293E+001  0.58211062E+001  0.92753828E+001
  0.19206569E+000  0.21789947E+000  0.35320776E+000  0.51541133E+000  0.85888418E+000  0.97800389E+000  0.13287621E+001  0.24789720E+001  0.41130105E+001  0.58211062E+001  0.92752814E+001
  0.19206569E+000  0.21789947E+000  0.35320775E+000  0.51541132E+000  0.85888418E+000  0.97800389E+000  0.13287620E+001  0.24789719E+001  0.41129923E+001  0.58211061E+001  0.92751820E+001
  0.19206569E+000  0.21789947E+000  0.35320774E+000  0.51541132E+000  0.85888418E+000  0.97800389E+000  0.13287620E+001  0.24789719E+001  0.41129746E+001  0.58211061E+001  0.92750846E+001
  0.19206569E+000  0.21789947E+000  0.35320773E+000  0.51541132E+000  0.85888418E+000  0.97800389E+000  0.13287619E+001  0.24789718E+001  0.41129575E+001  0.58211061E+001  0.92749892E+001
  0.19206569E+000  0.21789947E+000  0.35320772E+000  0.51541131E+000  0.85888418E+000  0.97800389E+000  0.13287619E+001  0.24789718E+001  0.41129408E+001  0.58211060E+001  0.92748959E+001
  0.19206569E+000  0.21789947E+000  0.35320771E+000  0.51541131E+000  0.85888418E+000  0.97800389E+000  0.13287618E+001  0.24789717E+001  0.41129246E+001  0.58211060E+001  0.92748636E+001
  0.19206569E+000  0.21789947E+000  0.35320769E+000  0.51541130E+000  0.85888418E+000  0.97800389E+000  0.13287618E+001  0.24789717E+001  0.41129089E+001  0.58211059E+001  0.92748503E+001
  0.19206569E+000  0.21789947E+000  0.35320768E+000  0.51541130E+000  0.85888418E+000  0.97800389E+000  0.13287617E+001  0.24789717E+001  0.41128937E+001  0.58211058E+001  0.92748374E+001
  0.19206569E+000  0.21789947E+000  0.35320767E+000  0.51541129E+000  0.85888417E+000  0.97800389E+000  0.13287617E+001  0.24789716E+001  0.41118698E+001  0.58211057E+001  0.92748247E+001
  0.19206569E+000  0.21789947E+000  0.35320766E+000  0.51541129E+000  0.85888417E+000  0.97800388E+000  0.13287616E+001  0.24789716E+001  0.41118497E+001  0.58211056E+001  0.92748123E+001
  0.19206569E+000  0.21789946E+000  0.35320765E+000  0.51541128E+000  0.85888417E+000  0.97800388E+000  0.13287616E+001  0.24789715E+001  0.41118302E+001  0.58211055E+001  0.92748003E+001
  0.19206569E+000  0.21789946E+000  0.35320764E+000  0.51541127E+000  0.85888417E+000  0.97800388E+000  0.13287615E+001  0.24789715E+001  0.41118113E+001  0.58211054E+001  0.92747885E+001
  0.19206569E+000  0.21789946E+000  0.35320763E+000  0.51541127E+000  0.85888417E+000  0.97800388E+000  0.13287615E+001  0.24789714E+001  0.41117930E+001  0.58211053E+001  0.92747770E+001
  0.19206569E+000  0.21789946E+000  0.35320762E+000  0.51541126E+000  0.85888417E+000  0.97800388E+000  0.13287614E+001  0.24789714E+001  0.41117753E+001  0.58211052E+001  0.92747658E+001
  0.19206569E+000  0.21789946E+000  0.35320760E+000  0.51541125E+000  0.85888417E+000  0.97800388E+000  0.13287614E+001  0.24789714E+001  0.41117581E+001  0.58211051E+001  0.92747549E+001
  0.19206569E+000  0.21789946E+000  0.35320759E+000  0.51541124E+000  0.85888416E+000  0.97800388E+000  0.13287613E+001  0.24789713E+001  0.41117415E+001  0.58211050E+001  0.92747443E+001
  0.19206569E+000  0.21789946E+000  0.35320758E+000  0.51541123E+000  0.85888416E+000  0.97800388E+000  0.13287613E+001  0.24789713E+001  0.41117254E+001  0.58211048E+001  0.92747339E+001
  0.19206569E+000  0.21789945E+000  0.35320757E+000  0.51541123E+000  0.85888416E+000  0.97800387E+000  0.13287612E+001  0.24789712E+001  0.41117098E+001  0.58211047E+001  0.92747238E+001
  0.19206569E+000  0.21789945E+000  0.35320755E+000  0.51541122E+000  0.85888416E+000  0.97800387E+000  0.13287612E+001  0.24789712E+001  0.41116948E+001  0.58211045E+001  0.92747140E+001
  0.19206569E+000  0.21789945E+000  0.35320754E+000  0.51541121E+000  0.85888416E+000  0.97800387E+000  0.13287611E+001  0.24789712E+001  0.41116802E+001  0.58211044E+001  0.92747045E+001
  0.19206569E+000  0.21789945E+000  0.35320753E+000  0.51541120E+000  0.85888416E+000  0.97800387E+000  0.13287611E+001  0.24789711E+001  0.41116660E+001  0.58211043E+001  0.92746952E+001
  0.19206569E+000  0.21789945E+000  0.35320751E+000  0.51541119E+000  0.85888415E+000  0.97800387E+000  0.13287611E+001  0.24789711E+001  0.41116524E+001  0.58211041E+001  0.92746862E+001
  0.19206569E+000  0.21789944E+000  0.35320750E+000  0.51541118E+000  0.85888415E+000  0.97800387E+000  0.13287610E+001  0.24789710E+001  0.41116392E+001  0.58211040E+001  0.92746774E+001
  0.19206569E+000  0.21789944E+000  0.35320749E+000  0.51541117E+000  0.85888415E+000  0.97800387E+000  0.13287610E+001  0.24789710E+001  0.41116264E+001  0.58211038E+001  0.92746689E+001
  0.19206569E+000  0.21789944E+000  0.35320747E+000  0.51541117E+000  0.85888415E+000  0.97800386E+000  0.13287609E+001  0.24789710E+001  0.41116140E+001  0.58211037E+001  0.92746607E+001
  0.19206569E+000  0.21789944E+000  0.35320746E+000  0.51541116E+000  0.85888415E+000  0.97800386E+000  0.13287609E+001  0.24789709E+001  0.41116020E+001  0.58211036E+001  0.92746526E+001
  0.19206569E+000  0.21789944E+000  0.35320745E+000  0.51541115E+000  0.85888415E+000  0.97800386E+000  0.13287609E+001  0.24789709E+001  0.41115905E+001  0.58211034E+001  0.92746449E+001
  0.19206569E+000  0.21789943E+000  0.35320743E+000  0.51541114E+000  0.85888415E+000  0.97800386E+000  0.13287608E+001  0.24789709E+001  0.41115793E+001  0.58211033E+001  0.92746373E+001
  0.19206569E+000  0.21789943E+000  0.35320742E+000  0.51541113E+000  0.85888414E+000  0.97800386E+000  0.13287608E+001  0.24789708E+001  0.41115685E+001  0.58211032E+001  0.92746300E+001
  0.19206569E+000  0.21789943E+000  0.35320741E+000  0.51541113E+000  0.85888414E+000  0.97800386E+000  0.13287607E+001  0.24789708E+001  0.41115580E+001  0.58211030E+001  0.92746229E+001
  0.19206569E+000  0.21789943E+000  0.35320739E+000  0.51541112E+000  0.85888414E+000  0.97800386E+000  0.13287607E+001  0.24789708E+001  0.41115479E+001  0.58211029E+001  0.92746160E+001
  0.19206569E+000  0.21789943E+000  0.35320738E+000  0.51541111E+000  0.85888414E+000  0.97800386E+000  0.13287607E+001  0.24789707E+001  0.41115381E+001  0.58211028E+001  0.92746094E+001
  0.19206569E+000  0.21789942E+000  0.35320737E+000  0.51541110E+000  0.85888414E+000  0.97800385E+000  0.13287606E+001  0.24789707E+001  0.41115287E+001  0.58211027E+001  0.92746029E+001
  0.19206569E+000  0.21789942E+000  0.35320735E+000  0.51541110E+000  0.85888414E+000  0.97800385E+000  0.13287606E+001  0.24789707E+001  0.41115195E+001  0.58211026E+001  0.92745967E+001
  0.19206569E+000  0.21789942E+000  0.35320734E+000  0.51541109E+000  0.85888414E+000  0.97800385E+000  0.13287606E+001  0.24789707E+001  0.41115107E+001  0.58211025E+001  0.92745906E+001
  0.19206569E+000  0.21789942E+000  0.35320733E+000  0.51541108E+000  0.85888413E+000  0.97800385E+000  0.13287605E+001  0.24789706E+001  0.41115022E+001  0.58211024E+001  0.92745848E+001
  0.19206569E+000  0.21789942E+000  0.35320731E+000  0.51541108E+000  0.85888413E+000  0.97800385E+000  0.13287605E+001  0.24789706E+001  0.41114939E+001  0.58211023E+001  0.92745791E+001
  0.19206569E+000  0.21789942E+000  0.35320730E+000  0.51541107E+000  0.85888413E+000  0.97800385E+000  0.13287605E+001  0.24789706E+001  0.41114860E+001  0.58211022E+001  0.92745737E+001
  0.19206569E+000  0.21789941E+000  0.35320729E+000  0.51541107E+000  0.85888413E+000  0.97800385E+000  0.13287605E+001  0.24789706E+001  0.41114783E+001  0.58211021E+001  0.92745684E+001
  0.19206568E+000  0.21789941E+000  0.35320727E+000  0.51541106E+000  0.85888413E+000  0.97800385E+000  0.13287604E+001  0.24789705E+001  0.41114709E+001  0.58211020E+001  0.92745633E+001
