  0.10529480E+002
  0.10529585E+002
  0.10529677E+002
  0.10529758E+002
  0.10529833E+002
  0.10529901E+002
  0.10529964E+002
  0.10530022E+002
  0.10530075E+002
  0.10530125E+002
  0.10530171E+002
  0.10530215E+002
  0.10530256E+002
  0.10530294E+002
  0.10530330E+002
  0.10530365E+002
  0.10530398E+002
  0.10530430E+002
  0.10530460E+002
  0.10530489E+002
  0.10530518E+002
  0.10530545E+002
  0.10530572E+002
  0.10530598E+002
  0.10530623E+002
  0.10530648E+002
  0.10530672E+002
  0.10530696E+002
  0.10530720E+002
  0.10530743E+002
  0.10530766E+002
  0.10530788E+002
  0.10530810E+002
  0.10530832E+002
  0.10530854E+002
  0.10530875E+002
  0.10530896E+002
  0.10530917E+002
  0.10530937E+002
  0.10530957E+002
  0.10530977E+002
  0.10530996E+002
  0.10531015E+002
  0.10531033E+002
  0.10531051E+002
  0.10531069E+002
  0.10531086E+002
  0.10531103E+002
  0.10531119E+002
  0.10531134E+002
  0.10531149E+002
  0.10531164E+002
  0.10531178E+002
  0.10531191E+002
  0.10531204E+002
  0.10531216E+002
  0.10531227E+002
  0.10531237E+002
  0.10531247E+002
  0.10531256E+002
  0.10531265E+002
  0.10531272E+002
  0.10531279E+002
  0.10531285E+002
  0.10531290E+002
  0.10531294E+002
  0.10531297E+002
  0.10531300E+002
  0.10531302E+002
  0.10531302E+002
  0.10531302E+002
  0.10531301E+002
  0.10531300E+002
  0.10531297E+002
  0.10531293E+002
  0.10531289E+002
  0.10531284E+002
  0.10531278E+002
  0.10531272E+002
  0.10531264E+002
  0.10531256E+002
  0.10531248E+002
  0.10531238E+002
  0.10531229E+002
  0.10531218E+002
  0.10531207E+002
  0.10531196E+002
  0.10531184E+002
  0.10531172E+002
  0.10531160E+002
  0.10531147E+002
  0.10531134E+002
  0.10531121E+002
  0.10531108E+002
  0.10531094E+002
  0.10531081E+002
  0.10531067E+002
  0.10531053E+002
  0.10531040E+002
  0.10531026E+002
  0.10531012E+002
  0.10530999E+002
  0.10530985E+002
  0.10530972E+002
  0.10530958E+002
  0.10530945E+002
  0.10530932E+002
  0.10530919E+002
  0.10530907E+002
  0.10530894E+002
  0.10530882E+002
  0.10530870E+002
  0.10530859E+002
  0.10530847E+002
  0.10530836E+002
  0.10530825E+002
  0.10530814E+002
  0.10530804E+002
  0.10530794E+002
  0.10530784E+002
  0.10530774E+002
  0.10530765E+002
  0.10530755E+002
  0.10530746E+002
  0.10530738E+002
  0.10530729E+002
  0.10530721E+002
  0.10530713E+002
  0.10530705E+002
  0.10530698E+002
  0.10530690E+002
  0.10530683E+002
  0.10530676E+002
  0.10530669E+002
  0.10530662E+002
  0.10530655E+002
  0.10530648E+002
  0.10530641E+002
  0.10530635E+002
  0.10530628E+002
  0.10530622E+002
  0.10530615E+002
  0.10530608E+002
  0.10530602E+002
  0.10530595E+002
  0.10530588E+002
  0.10530581E+002
  0.10530574E+002
  0.10530567E+002
  0.10530560E+002
  0.10530552E+002
  0.10530545E+002
  0.10530537E+002
  0.10530529E+002
  0.10530521E+002
  0.10530513E+002
  0.10530504E+002
  0.10530496E+002
  0.10530487E+002
  0.10530478E+002
  0.10530468E+002
  0.10530459E+002
  0.10530449E+002
  0.10530439E+002
  0.10530429E+002
  0.10530418E+002
  0.10530407E+002
  0.10530396E+002
  0.10530385E+002
  0.10530374E+002
  0.10530362E+002
  0.10530350E+002
  0.10530338E+002
  0.10530326E+002
  0.10530314E+002
  0.10530301E+002
  0.10530289E+002
  0.10530276E+002
  0.10530263E+002
  0.10530250E+002
  0.10530237E+002
  0.10530223E+002
  0.10530210E+002
  0.10530196E+002
  0.10530183E+002
  0.10530169E+002
  0.10530156E+002
  0.10530142E+002
  0.10530128E+002
  0.10530115E+002
  0.10530101E+002
  0.10530088E+002
  0.10530074E+002
  0.10530061E+002
  0.10530047E+002
  0.10530034E+002
  0.10530021E+002
  0.10530007E+002
  0.10529994E+002
  0.10529981E+002
