  0.58278113E+000  0.31263744E+000  0.23779839E+001  0.38844523E+002
  0.58273320E+000  0.31344783E+000  0.23770548E+001  0.38845110E+002
  0.58122703E+000  0.31468824E+000  0.23768249E+001  0.38845972E+002
  0.58119000E+000  0.31451236E+000  0.23762292E+001  0.38847107E+002
  0.58076195E+000  0.31478457E+000  0.23765135E+001  0.38847276E+002
  0.58075008E+000  0.31468759E+000  0.23767537E+001  0.38847418E+002
  0.57944710E+000  0.31589585E+000  0.23769786E+001  0.38847539E+002
  0.57947570E+000  0.31581749E+000  0.23731409E+001  0.38851658E+002
  0.57950042E+000  0.31576813E+000  0.23715208E+001  0.38853517E+002
  0.57952180E+000  0.31571074E+000  0.23680143E+001  0.38857258E+002
  0.57954008E+000  0.31566227E+000  0.23647389E+001  0.38860749E+002
  0.57955559E+000  0.31562184E+000  0.23649085E+001  0.38860778E+002
  0.57956943E+000  0.31533053E+000  0.23630558E+001  0.38863071E+002
  0.57958034E+000  0.31530094E+000  0.23632120E+001  0.38863087E+002
  0.57958913E+000  0.31527363E+000  0.23615901E+001  0.38864874E+002
  0.57959647E+000  0.31525188E+000  0.23617325E+001  0.38864884E+002
  0.57960253E+000  0.31523084E+000  0.23618700E+001  0.38864893E+002
  0.57958517E+000  0.31523661E+000  0.23605155E+001  0.38866386E+002
  0.57958879E+000  0.31522000E+000  0.23606409E+001  0.38866395E+002
  0.57959142E+000  0.31517829E+000  0.23607871E+001  0.38866405E+002
  0.57959316E+000  0.31516754E+000  0.23608985E+001  0.38866416E+002
  0.57959411E+000  0.31515812E+000  0.23610048E+001  0.38866428E+002
  0.57959435E+000  0.31514979E+000  0.23611065E+001  0.38866441E+002
  0.57959395E+000  0.31514239E+000  0.23612042E+001  0.38866455E+002
  0.57959298E+000  0.31513579E+000  0.23612983E+001  0.38866470E+002
  0.57959149E+000  0.31512982E+000  0.23601064E+001  0.38867769E+002
  0.57958953E+000  0.31512440E+000  0.23601954E+001  0.38867785E+002
  0.57958715E+000  0.31511941E+000  0.23602824E+001  0.38867801E+002
  0.57958438E+000  0.31511480E+000  0.23603680E+001  0.38867817E+002
  0.57958127E+000  0.31511046E+000  0.23604525E+001  0.38867832E+002
  0.57957784E+000  0.31510634E+000  0.23605364E+001  0.38867847E+002
  0.57957414E+000  0.31510238E+000  0.23606201E+001  0.38867861E+002
  0.57957019E+000  0.31509852E+000  0.23607039E+001  0.38867874E+002
  0.57956603E+000  0.31509473E+000  0.23607879E+001  0.38867885E+002
  0.57956168E+000  0.31509097E+000  0.23608725E+001  0.38867895E+002
  0.57955719E+000  0.31508721E+000  0.23609575E+001  0.38867903E+002
  0.57955257E+000  0.31508344E+000  0.23610429E+001  0.38867910E+002
  0.57954785E+000  0.31507963E+000  0.23611287E+001  0.38867915E+002
  0.57954308E+000  0.31507579E+000  0.23612145E+001  0.38867919E+002
  0.57953828E+000  0.31507190E+000  0.23613000E+001  0.38867922E+002
  0.57953348E+000  0.31506797E+000  0.23613847E+001  0.38867925E+002
  0.57952870E+000  0.31506400E+000  0.23614681E+001  0.38867927E+002
  0.57952399E+000  0.31506000E+000  0.23615497E+001  0.38867930E+002
  0.57951935E+000  0.31505598E+000  0.23616289E+001  0.38867933E+002
  0.57951482E+000  0.31505195E+000  0.23617051E+001  0.38867938E+002
  0.57951042E+000  0.31504793E+000  0.23617778E+001  0.38867944E+002
  0.57950617E+000  0.31504392E+000  0.23618464E+001  0.38867952E+002
  0.57950208E+000  0.31503995E+000  0.23619106E+001  0.38867963E+002
  0.57949816E+000  0.31503603E+000  0.23619700E+001  0.38867976E+002
  0.57949441E+000  0.31503219E+000  0.23620245E+001  0.38867991E+002
  0.57949083E+000  0.31502843E+000  0.23620740E+001  0.38868009E+002
  0.57948741E+000  0.31502477E+000  0.23621184E+001  0.38868030E+002
  0.57948415E+000  0.31502123E+000  0.23621579E+001  0.38868053E+002
  0.57948102E+000  0.31501781E+000  0.23621927E+001  0.38868077E+002
  0.57947800E+000  0.31501453E+000  0.23622229E+001  0.38868104E+002
  0.57947507E+000  0.31501138E+000  0.23622489E+001  0.38868132E+002
  0.57947221E+000  0.31500836E+000  0.23622710E+001  0.38868161E+002
  0.57946937E+000  0.31500547E+000  0.23622893E+001  0.38868190E+002
  0.57946655E+000  0.31500270E+000  0.23623042E+001  0.38868220E+002
  0.57946371E+000  0.31500002E+000  0.23623160E+001  0.38868250E+002
  0.57946083E+000  0.31499744E+000  0.23623248E+001  0.38868280E+002
  0.57945788E+000  0.31499493E+000  0.23623309E+001  0.38868309E+002
  0.57945486E+000  0.31499247E+000  0.23623344E+001  0.38868338E+002
  0.57945174E+000  0.31499006E+000  0.23623354E+001  0.38868367E+002
  0.57944851E+000  0.31498767E+000  0.23623341E+001  0.38868394E+002
  0.57944517E+000  0.31498530E+000  0.23623305E+001  0.38868420E+002
  0.57944170E+000  0.31498292E+000  0.23623247E+001  0.38868445E+002
  0.57943809E+000  0.31498054E+000  0.23623168E+001  0.38868469E+002
  0.57943435E+000  0.31497815E+000  0.23623068E+001  0.38868492E+002
  0.57943048E+000  0.31497573E+000  0.23622948E+001  0.38868513E+002
  0.57942647E+000  0.31497329E+000  0.23622808E+001  0.38868534E+002
  0.57942232E+000  0.31497083E+000  0.23622648E+001  0.38868552E+002
  0.57941804E+000  0.31496832E+000  0.23622469E+001  0.38868570E+002
  0.57941363E+000  0.31496579E+000  0.23622270E+001  0.38868586E+002
  0.57940909E+000  0.31496322E+000  0.23622053E+001  0.38868601E+002
  0.57940444E+000  0.31496062E+000  0.23621817E+001  0.38868614E+002
  0.57939967E+000  0.31495798E+000  0.23621564E+001  0.38868627E+002
  0.57939479E+000  0.31495531E+000  0.23621292E+001  0.38868638E+002
  0.57938981E+000  0.31495260E+000  0.23621004E+001  0.38868648E+002
  0.57938474E+000  0.31494985E+000  0.23620698E+001  0.38868657E+002
  0.57937958E+000  0.31494708E+000  0.23620376E+001  0.38868666E+002
  0.57937434E+000  0.31494427E+000  0.23620037E+001  0.38868673E+002
  0.57936903E+000  0.31494143E+000  0.23619683E+001  0.38868680E+002
  0.57936366E+000  0.31493857E+000  0.23619314E+001  0.38868685E+002
  0.57935823E+000  0.31493568E+000  0.23618930E+001  0.38868691E+002
  0.57935275E+000  0.31493277E+000  0.23618531E+001  0.38868696E+002
  0.57934724E+000  0.31492983E+000  0.23618119E+001  0.38868700E+002
  0.57934169E+000  0.31492688E+000  0.23617693E+001  0.38868705E+002
  0.57933612E+000  0.31492391E+000  0.23617255E+001  0.38868709E+002
  0.57933053E+000  0.31492093E+000  0.23616804E+001  0.38868713E+002
  0.57932494E+000  0.31491794E+000  0.23616342E+001  0.38868717E+002
  0.57931935E+000  0.31491495E+000  0.23615869E+001  0.38868721E+002
  0.57931377E+000  0.31491195E+000  0.23615385E+001  0.38868725E+002
  0.57930820E+000  0.31490896E+000  0.23614892E+001  0.38868730E+002
  0.57930266E+000  0.31490597E+000  0.23614389E+001  0.38868735E+002
  0.57929715E+000  0.31490299E+000  0.23613879E+001  0.38868740E+002
  0.57929168E+000  0.31490002E+000  0.23613360E+001  0.38868745E+002
  0.57928625E+000  0.31489707E+000  0.23612835E+001  0.38868751E+002
  0.57928088E+000  0.31489414E+000  0.23612303E+001  0.38868758E+002
  0.57927556E+000  0.31489123E+000  0.23611766E+001  0.38868765E+002
  0.57927031E+000  0.31488835E+000  0.23611224E+001  0.38868772E+002
  0.57926513E+000  0.31488550E+000  0.23610679E+001  0.38868781E+002
  0.57926002E+000  0.31488268E+000  0.23610130E+001  0.38868789E+002
  0.57925500E+000  0.31487990E+000  0.23609579E+001  0.38868798E+002
  0.57925006E+000  0.31487716E+000  0.23609027E+001  0.38868808E+002
  0.57924521E+000  0.31487446E+000  0.23608474E+001  0.38868818E+002
  0.57924046E+000  0.31487181E+000  0.23607921E+001  0.38868829E+002
  0.57923580E+000  0.31486921E+000  0.23607369E+001  0.38868840E+002
  0.57923125E+000  0.31486666E+000  0.23606818E+001  0.38868852E+002
  0.57922681E+000  0.31486416E+000  0.23606270E+001  0.38868864E+002
  0.57922247E+000  0.31486171E+000  0.23605724E+001  0.38868877E+002
  0.57921824E+000  0.31485933E+000  0.23605183E+001  0.38868890E+002
  0.57921412E+000  0.31485700E+000  0.23604645E+001  0.38868903E+002
  0.57921012E+000  0.31485473E+000  0.23604112E+001  0.38868917E+002
  0.57920624E+000  0.31485253E+000  0.23603585E+001  0.38868931E+002
  0.57920247E+000  0.31485038E+000  0.23603064E+001  0.38868945E+002
  0.57919882E+000  0.31484831E+000  0.23602549E+001  0.38868959E+002
  0.57919529E+000  0.31484629E+000  0.23602041E+001  0.38868974E+002
  0.57919188E+000  0.31484434E+000  0.23601541E+001  0.38868989E+002
  0.57918858E+000  0.31484246E+000  0.23601048E+001  0.38869003E+002
  0.57918541E+000  0.31484064E+000  0.23600563E+001  0.38869018E+002
  0.57918235E+000  0.31483889E+000  0.23600087E+001  0.38869033E+002
  0.57917940E+000  0.31483720E+000  0.23599619E+001  0.38869048E+002
  0.57917658E+000  0.31483558E+000  0.23599160E+001  0.38869062E+002
  0.57917386E+000  0.31483402E+000  0.23598711E+001  0.38869077E+002
  0.57917126E+000  0.31483252E+000  0.23598271E+001  0.38869091E+002
  0.57916877E+000  0.31483109E+000  0.23597840E+001  0.38869105E+002
  0.57916639E+000  0.31482972E+000  0.23597419E+001  0.38869119E+002
  0.57916411E+000  0.31482841E+000  0.23597007E+001  0.38869133E+002
  0.57916194E+000  0.31482717E+000  0.23596605E+001  0.38869146E+002
  0.57915987E+000  0.31482598E+000  0.23596213E+001  0.38869158E+002
  0.57915791E+000  0.31482484E+000  0.23595831E+001  0.38869170E+002
  0.57915603E+000  0.31482376E+000  0.23595459E+001  0.38869182E+002
  0.57915426E+000  0.31482274E+000  0.23595096E+001  0.38869193E+002
  0.57915257E+000  0.31482177E+000  0.23594744E+001  0.38869203E+002
  0.57915098E+000  0.31482085E+000  0.23594401E+001  0.38869212E+002
  0.57914947E+000  0.31481998E+000  0.23594068E+001  0.38869221E+002
  0.57914804E+000  0.31481916E+000  0.23593744E+001  0.38869229E+002
  0.57914670E+000  0.31481839E+000  0.23593430E+001  0.38869236E+002
  0.57914543E+000  0.31481766E+000  0.23593125E+001  0.38869242E+002
  0.57914424E+000  0.31481697E+000  0.23592830E+001  0.38869247E+002
  0.57914312E+000  0.31481632E+000  0.23592543E+001  0.38869251E+002
  0.57914207E+000  0.31481572E+000  0.23592266E+001  0.38869254E+002
  0.57914109E+000  0.31481515E+000  0.23591998E+001  0.38869255E+002
  0.57914017E+000  0.31481462E+000  0.23591738E+001  0.38869256E+002
  0.57913931E+000  0.31481412E+000  0.23591487E+001  0.38869255E+002
  0.57913851E+000  0.31481365E+000  0.23591244E+001  0.38869253E+002
  0.57913776E+000  0.31481322E+000  0.23591010E+001  0.38869250E+002
  0.57913707E+000  0.31481282E+000  0.23590783E+001  0.38869245E+002
  0.57913643E+000  0.31481245E+000  0.23590565E+001  0.38869239E+002
  0.57913584E+000  0.31481210E+000  0.23590354E+001  0.38869231E+002
  0.57913529E+000  0.31481178E+000  0.23590150E+001  0.38869222E+002
  0.57913478E+000  0.31481148E+000  0.23589954E+001  0.38869212E+002
  0.57913432E+000  0.31481121E+000  0.23589765E+001  0.38869200E+002
  0.57913389E+000  0.31481095E+000  0.23589584E+001  0.38869187E+002
  0.57913350E+000  0.31481072E+000  0.23589408E+001  0.38869172E+002
  0.57913314E+000  0.31481051E+000  0.23589240E+001  0.38869155E+002
  0.57913282E+000  0.31481032E+000  0.23589078E+001  0.38869137E+002
  0.57913253E+000  0.31481014E+000  0.23588922E+001  0.38869117E+002
  0.57913226E+000  0.31480998E+000  0.23588772E+001  0.38869096E+002
  0.57913202E+000  0.31480983E+000  0.23588628E+001  0.38869074E+002
  0.57913181E+000  0.31480970E+000  0.23588490E+001  0.38869049E+002
  0.57913162E+000  0.31480958E+000  0.23588357E+001  0.38869024E+002
  0.57913145E+000  0.31480948E+000  0.23588230E+001  0.38868996E+002
  0.57913130E+000  0.31480938E+000  0.23588108E+001  0.38868968E+002
  0.57913117E+000  0.31480930E+000  0.23587990E+001  0.38868938E+002
  0.57913106E+000  0.31480923E+000  0.23587878E+001  0.38868906E+002
  0.57913096E+000  0.31480916E+000  0.23587770E+001  0.38868873E+002
  0.57913088E+000  0.31480911E+000  0.23587667E+001  0.38868839E+002
  0.57913082E+000  0.31480906E+000  0.23587569E+001  0.38868803E+002
  0.57913076E+000  0.31480902E+000  0.23587474E+001  0.38868766E+002
  0.57913072E+000  0.31480899E+000  0.23587384E+001  0.38868728E+002
  0.57913069E+000  0.31480896E+000  0.23587297E+001  0.38868689E+002
  0.57913067E+000  0.31480894E+000  0.23587214E+001  0.38868648E+002
  0.57913065E+000  0.31480892E+000  0.23587135E+001  0.38868607E+002
  0.57913065E+000  0.31480891E+000  0.23587059E+001  0.38868564E+002
  0.57913065E+000  0.31480891E+000  0.23586987E+001  0.38868521E+002
  0.57913066E+000  0.31480890E+000  0.23586918E+001  0.38868476E+002
  0.57913068E+000  0.31480891E+000  0.23586852E+001  0.38868431E+002
  0.57913070E+000  0.31480891E+000  0.23586790E+001  0.38868385E+002
  0.57913073E+000  0.31480892E+000  0.23586730E+001  0.38868338E+002
  0.57913076E+000  0.31480893E+000  0.23586672E+001  0.38868291E+002
  0.57913079E+000  0.31480895E+000  0.23586618E+001  0.38868243E+002
  0.57913083E+000  0.31480896E+000  0.23586566E+001  0.38868194E+002
  0.57913087E+000  0.31480898E+000  0.23586516E+001  0.38868145E+002
  0.57913092E+000  0.31480900E+000  0.23586469E+001  0.38868095E+002
  0.57913096E+000  0.31480902E+000  0.23586424E+001  0.38868045E+002
  0.57913101E+000  0.31480904E+000  0.23586382E+001  0.38867995E+002
  0.57913106E+000  0.31480907E+000  0.23586341E+001  0.38867945E+002
  0.57913111E+000  0.31480909E+000  0.23586302E+001  0.38867894E+002
  0.57913117E+000  0.31480912E+000  0.23586266E+001  0.38867843E+002
  0.57913122E+000  0.31480914E+000  0.23586231E+001  0.38867792E+002
  0.57913127E+000  0.31480917E+000  0.23586197E+001  0.38867741E+002
  0.57913133E+000  0.31480920E+000  0.23586166E+001  0.38867690E+002
  0.57913138E+000  0.31480922E+000  0.23586136E+001  0.38867639E+002
  0.57913144E+000  0.31480925E+000  0.23586107E+001  0.38867589E+002
  0.57913149E+000  0.31480928E+000  0.23586080E+001  0.38867538E+002
  0.57913154E+000  0.31480930E+000  0.23586054E+001  0.38867488E+002
  0.57913159E+000  0.31480933E+000  0.23586030E+001  0.38867438E+002
  0.57913164E+000  0.31480936E+000  0.23586006E+001  0.38867388E+002
