  0.49046815E-002  0.57116700E-001  0.10123147E+001  0.41043590E+002
  0.48867329E-002  0.57203539E-001  0.10129673E+001  0.41043289E+002
  0.48759222E-002  0.57260442E-001  0.10134863E+001  0.41043089E+002
  0.48693415E-002  0.57300331E-001  0.10138933E+001  0.41042976E+002
  0.48656149E-002  0.57328503E-001  0.10142099E+001  0.41042932E+002
  0.48639180E-002  0.57347834E-001  0.10144555E+001  0.41042942E+002
  0.48636747E-002  0.57360308E-001  0.10146461E+001  0.41042990E+002
  0.48644568E-002  0.57367486E-001  0.10147942E+001  0.41043066E+002
  0.48659440E-002  0.57370626E-001  0.10149087E+001  0.41043161E+002
  0.48678918E-002  0.57370761E-001  0.10149962E+001  0.41043270E+002
  0.48701170E-002  0.57368721E-001  0.10150616E+001  0.41043390E+002
  0.48724856E-002  0.57365160E-001  0.10151085E+001  0.41043518E+002
  0.48748997E-002  0.57360585E-001  0.10151395E+001  0.41043652E+002
  0.48772896E-002  0.57355387E-001  0.10151570E+001  0.41043791E+002
  0.48796065E-002  0.57349859E-001  0.10151628E+001  0.41043934E+002
  0.48818176E-002  0.57344214E-001  0.10151584E+001  0.41044081E+002
  0.48839024E-002  0.57338606E-001  0.10151450E+001  0.41044229E+002
  0.48858484E-002  0.57333139E-001  0.10151240E+001  0.41044380E+002
  0.48876502E-002  0.57327878E-001  0.10150962E+001  0.41044533E+002
  0.48893067E-002  0.57322860E-001  0.10150626E+001  0.41044687E+002
  0.48908208E-002  0.57318099E-001  0.10150241E+001  0.41044842E+002
  0.48921972E-002  0.57313593E-001  0.10149813E+001  0.41044998E+002
  0.48934425E-002  0.57309326E-001  0.10149350E+001  0.41045154E+002
  0.48945643E-002  0.57305278E-001  0.10148857E+001  0.41045310E+002
  0.48955707E-002  0.57301418E-001  0.10148341E+001  0.41045466E+002
  0.48964702E-002  0.57297718E-001  0.10147808E+001  0.41045622E+002
  0.48972712E-002  0.57294143E-001  0.10147263E+001  0.41045777E+002
  0.48979822E-002  0.57290662E-001  0.10146710E+001  0.41045930E+002
  0.48986113E-002  0.57287246E-001  0.10146155E+001  0.41046083E+002
  0.48991665E-002  0.57283865E-001  0.10145602E+001  0.41046233E+002
  0.48996556E-002  0.57280498E-001  0.10145056E+001  0.41046382E+002
  0.49000858E-002  0.57277122E-001  0.10144520E+001  0.41046529E+002
  0.49004639E-002  0.57273725E-001  0.10143998E+001  0.41046672E+002
  0.49007966E-002  0.57270296E-001  0.10143493E+001  0.41046814E+002
  0.49010897E-002  0.57266834E-001  0.10143008E+001  0.41046951E+002
  0.49013489E-002  0.57263340E-001  0.10142545E+001  0.41047086E+002
  0.49015793E-002  0.57259824E-001  0.10142107E+001  0.41047217E+002
  0.49017854E-002  0.57256298E-001  0.10141694E+001  0.41047344E+002
  0.49019714E-002  0.57252782E-001  0.10141307E+001  0.41047467E+002
  0.49021408E-002  0.57249297E-001  0.10140948E+001  0.41047586E+002
  0.49022967E-002  0.57245867E-001  0.10140616E+001  0.41047701E+002
  0.49024417E-002  0.57242519E-001  0.10140309E+001  0.41047812E+002
  0.49025779E-002  0.57239277E-001  0.10140029E+001  0.41047919E+002
  0.49027069E-002  0.57236164E-001  0.10139772E+001  0.41048022E+002
  0.49028300E-002  0.57233200E-001  0.10139537E+001  0.41048120E+002
  0.49029478E-002  0.57230401E-001  0.10139323E+001  0.41048215E+002
  0.49030610E-002  0.57227776E-001  0.10139128E+001  0.41048305E+002
  0.49031696E-002  0.57225330E-001  0.10138948E+001  0.41048392E+002
  0.49032735E-002  0.57223063E-001  0.10138782E+001  0.41048476E+002
  0.49033725E-002  0.57220967E-001  0.10138629E+001  0.41048555E+002
  0.49034663E-002  0.57219032E-001  0.10138484E+001  0.41048632E+002
  0.49035546E-002  0.57217243E-001  0.10138348E+001  0.41048705E+002
  0.49036369E-002  0.57215582E-001  0.10138217E+001  0.41048775E+002
  0.49037131E-002  0.57214030E-001  0.10138090E+001  0.41048842E+002
  0.49037830E-002  0.57212568E-001  0.10137965E+001  0.41048907E+002
  0.49038466E-002  0.57211176E-001  0.10137842E+001  0.41048968E+002
  0.49039040E-002  0.57209837E-001  0.10137719E+001  0.41049027E+002
  0.49039554E-002  0.57208533E-001  0.10137595E+001  0.41049083E+002
  0.49040011E-002  0.57207250E-001  0.10137469E+001  0.41049136E+002
  0.49040416E-002  0.57205977E-001  0.10137341E+001  0.41049186E+002
  0.49040773E-002  0.57204703E-001  0.10137209E+001  0.41049234E+002
  0.49041086E-002  0.57203420E-001  0.10137074E+001  0.41049278E+002
  0.49041361E-002  0.57202122E-001  0.10136936E+001  0.41049321E+002
  0.49041601E-002  0.57200805E-001  0.10136793E+001  0.41049360E+002
  0.49041810E-002  0.57199464E-001  0.10136645E+001  0.41049396E+002
  0.49041992E-002  0.57198098E-001  0.10136494E+001  0.41049430E+002
  0.49042150E-002  0.57196705E-001  0.10136337E+001  0.41049460E+002
  0.49042286E-002  0.57195285E-001  0.10136176E+001  0.41049488E+002
  0.49042403E-002  0.57193839E-001  0.10136011E+001  0.41049512E+002
  0.49042502E-002  0.57192366E-001  0.10135840E+001  0.41049534E+002
  0.49042585E-002  0.57190868E-001  0.10135666E+001  0.41049553E+002
  0.49042653E-002  0.57189346E-001  0.10135486E+001  0.41049568E+002
  0.49042707E-002  0.57187802E-001  0.10135303E+001  0.41049581E+002
  0.49042749E-002  0.57186238E-001  0.10135116E+001  0.41049591E+002
  0.49042778E-002  0.57184656E-001  0.10134924E+001  0.41049597E+002
  0.49042797E-002  0.57183058E-001  0.10134729E+001  0.41049601E+002
  0.49042807E-002  0.57181447E-001  0.10134531E+001  0.41049602E+002
  0.49042808E-002  0.57179826E-001  0.10134330E+001  0.41049601E+002
  0.49042801E-002  0.57178196E-001  0.10134125E+001  0.41049596E+002
  0.49042788E-002  0.57176561E-001  0.10133918E+001  0.41049589E+002
  0.49042770E-002  0.57174924E-001  0.10133709E+001  0.41049580E+002
  0.49042747E-002  0.57173286E-001  0.10133497E+001  0.41049568E+002
  0.49042721E-002  0.57171651E-001  0.10133284E+001  0.41049554E+002
  0.49042692E-002  0.57170021E-001  0.10133069E+001  0.41049538E+002
  0.49042663E-002  0.57168399E-001  0.10132853E+001  0.41049520E+002
  0.49042633E-002  0.57166787E-001  0.10132636E+001  0.41049500E+002
  0.49042604E-002  0.57165187E-001  0.10132418E+001  0.41049478E+002
  0.49042576E-002  0.57163603E-001  0.10132200E+001  0.41049455E+002
  0.49042551E-002  0.57162035E-001  0.10131981E+001  0.41049430E+002
  0.49042528E-002  0.57160486E-001  0.10131763E+001  0.41049404E+002
  0.49042510E-002  0.57158959E-001  0.10131544E+001  0.41049376E+002
  0.49042495E-002  0.57157454E-001  0.10131327E+001  0.41049348E+002
  0.49042486E-002  0.57155973E-001  0.10131110E+001  0.41049319E+002
  0.49042481E-002  0.57154519E-001  0.10130894E+001  0.41049288E+002
  0.49042483E-002  0.57153092E-001  0.10130679E+001  0.41049257E+002
  0.49042490E-002  0.57151694E-001  0.10130465E+001  0.41049226E+002
  0.49042502E-002  0.57150326E-001  0.10130253E+001  0.41049193E+002
  0.49042521E-002  0.57148988E-001  0.10130043E+001  0.41049161E+002
  0.49042546E-002  0.57147682E-001  0.10129835E+001  0.41049128E+002
  0.49042578E-002  0.57146409E-001  0.10129629E+001  0.41049095E+002
  0.49042615E-002  0.57145169E-001  0.10129425E+001  0.41049062E+002
  0.49042658E-002  0.57143963E-001  0.10129224E+001  0.41049029E+002
  0.49042706E-002  0.57142791E-001  0.10129025E+001  0.41048996E+002
  0.49042761E-002  0.57141653E-001  0.10128830E+001  0.41048963E+002
  0.49042820E-002  0.57140550E-001  0.10128637E+001  0.41048930E+002
  0.49042884E-002  0.57139482E-001  0.10128447E+001  0.41048897E+002
  0.49042953E-002  0.57138448E-001  0.10128261E+001  0.41048865E+002
  0.49043026E-002  0.57137449E-001  0.10128078E+001  0.41048833E+002
  0.49043103E-002  0.57136485E-001  0.10127898E+001  0.41048801E+002
  0.49043184E-002  0.57135554E-001  0.10127722E+001  0.41048770E+002
  0.49043268E-002  0.57134657E-001  0.10127550E+001  0.41048740E+002
  0.49043354E-002  0.57133794E-001  0.10127381E+001  0.41048710E+002
  0.49043443E-002  0.57132963E-001  0.10127217E+001  0.41048680E+002
  0.49043533E-002  0.57132165E-001  0.10127056E+001  0.41048651E+002
  0.49043626E-002  0.57131398E-001  0.10126899E+001  0.41048623E+002
  0.49043719E-002  0.57130662E-001  0.10126747E+001  0.41048595E+002
  0.49043813E-002  0.57129957E-001  0.10126598E+001  0.41048568E+002
  0.49043908E-002  0.57129281E-001  0.10126454E+001  0.41048541E+002
  0.49044003E-002  0.57128634E-001  0.10126313E+001  0.41048515E+002
  0.49044097E-002  0.57128016E-001  0.10126177E+001  0.41048489E+002
  0.49044192E-002  0.57127424E-001  0.10126045E+001  0.41048465E+002
  0.49044285E-002  0.57126859E-001  0.10125917E+001  0.41048440E+002
  0.49044378E-002  0.57126320E-001  0.10125793E+001  0.41048416E+002
  0.49044469E-002  0.57125806E-001  0.10125674E+001  0.41048393E+002
  0.49044559E-002  0.57125315E-001  0.10125558E+001  0.41048371E+002
  0.49044648E-002  0.57124848E-001  0.10125447E+001  0.41048348E+002
  0.49044734E-002  0.57124402E-001  0.10125339E+001  0.41048327E+002
  0.49044819E-002  0.57123979E-001  0.10125235E+001  0.41048305E+002
  0.49044902E-002  0.57123576E-001  0.10125136E+001  0.41048284E+002
  0.49044983E-002  0.57123193E-001  0.10125040E+001  0.41048264E+002
  0.49045061E-002  0.57122829E-001  0.10124948E+001  0.41048243E+002
  0.49045138E-002  0.57122483E-001  0.10124859E+001  0.41048223E+002
  0.49045212E-002  0.57122154E-001  0.10124774E+001  0.41048203E+002
  0.49045283E-002  0.57121843E-001  0.10124693E+001  0.41048184E+002
  0.49045353E-002  0.57121547E-001  0.10124615E+001  0.41048164E+002
  0.49045420E-002  0.57121267E-001  0.10124540E+001  0.41048145E+002
  0.49045484E-002  0.57121001E-001  0.10124469E+001  0.41048125E+002
  0.49045547E-002  0.57120749E-001  0.10124401E+001  0.41048105E+002
  0.49045607E-002  0.57120511E-001  0.10124335E+001  0.41048085E+002
  0.49045665E-002  0.57120285E-001  0.10124273E+001  0.41048065E+002
  0.49045720E-002  0.57120071E-001  0.10124214E+001  0.41048045E+002
  0.49045773E-002  0.57119869E-001  0.10124157E+001  0.41048025E+002
  0.49045825E-002  0.57119677E-001  0.10124103E+001  0.41048004E+002
  0.49045873E-002  0.57119496E-001  0.10124051E+001  0.41047982E+002
  0.49045920E-002  0.57119325E-001  0.10124002E+001  0.41047960E+002
  0.49045965E-002  0.57119164E-001  0.10123956E+001  0.41047938E+002
  0.49046008E-002  0.57119011E-001  0.10123911E+001  0.41047915E+002
  0.49046049E-002  0.57118866E-001  0.10123869E+001  0.41047892E+002
  0.49046089E-002  0.57118730E-001  0.10123829E+001  0.41047867E+002
  0.49046126E-002  0.57118601E-001  0.10123791E+001  0.41047842E+002
  0.49046162E-002  0.57118480E-001  0.10123754E+001  0.41047816E+002
  0.49046196E-002  0.57118365E-001  0.10123720E+001  0.41047790E+002
  0.49046228E-002  0.57118257E-001  0.10123687E+001  0.41047762E+002
  0.49046259E-002  0.57118155E-001  0.10123656E+001  0.41047734E+002
  0.49046289E-002  0.57118058E-001  0.10123627E+001  0.41047705E+002
  0.49046317E-002  0.57117968E-001  0.10123599E+001  0.41047674E+002
  0.49046344E-002  0.57117882E-001  0.10123573E+001  0.41047643E+002
  0.49046369E-002  0.57117802E-001  0.10123548E+001  0.41047611E+002
  0.49046393E-002  0.57117726E-001  0.10123524E+001  0.41047578E+002
  0.49046416E-002  0.57117655E-001  0.10123502E+001  0.41047544E+002
  0.49046438E-002  0.57117587E-001  0.10123480E+001  0.41047508E+002
  0.49046459E-002  0.57117524E-001  0.10123460E+001  0.41047472E+002
  0.49046478E-002  0.57117465E-001  0.10123441E+001  0.41047435E+002
  0.49046497E-002  0.57117409E-001  0.10123423E+001  0.41047396E+002
  0.49046515E-002  0.57117357E-001  0.10123407E+001  0.41047357E+002
  0.49046532E-002  0.57117308E-001  0.10123391E+001  0.41047316E+002
  0.49046548E-002  0.57117261E-001  0.10123375E+001  0.41047275E+002
  0.49046563E-002  0.57117218E-001  0.10123361E+001  0.41047232E+002
  0.49046577E-002  0.57117178E-001  0.10123348E+001  0.41047189E+002
  0.49046591E-002  0.57117140E-001  0.10123335E+001  0.41047145E+002
  0.49046604E-002  0.57117104E-001  0.10123323E+001  0.41047100E+002
  0.49046616E-002  0.57117071E-001  0.10123312E+001  0.41047053E+002
  0.49046627E-002  0.57117040E-001  0.10123301E+001  0.41047007E+002
  0.49046638E-002  0.57117012E-001  0.10123291E+001  0.41046959E+002
  0.49046649E-002  0.57116985E-001  0.10123282E+001  0.41046910E+002
  0.49046658E-002  0.57116960E-001  0.10123273E+001  0.41046861E+002
  0.49046668E-002  0.57116936E-001  0.10123265E+001  0.41046811E+002
  0.49046677E-002  0.57116915E-001  0.10123257E+001  0.41046761E+002
  0.49046685E-002  0.57116895E-001  0.10123249E+001  0.41046710E+002
  0.49046693E-002  0.57116876E-001  0.10123242E+001  0.41046658E+002
  0.49046700E-002  0.57116859E-001  0.10123236E+001  0.41046606E+002
  0.49046707E-002  0.57116843E-001  0.10123230E+001  0.41046553E+002
  0.49046714E-002  0.57116829E-001  0.10123224E+001  0.41046500E+002
  0.49046720E-002  0.57116815E-001  0.10123219E+001  0.41046447E+002
  0.49046726E-002  0.57116803E-001  0.10123214E+001  0.41046394E+002
  0.49046731E-002  0.57116791E-001  0.10123209E+001  0.41046340E+002
  0.49046736E-002  0.57116781E-001  0.10123205E+001  0.41046286E+002
  0.49046741E-002  0.57116771E-001  0.10123201E+001  0.41046232E+002
  0.49046746E-002  0.57116762E-001  0.10123197E+001  0.41046178E+002
  0.49046750E-002  0.57116754E-001  0.10123193E+001  0.41046124E+002
  0.49046754E-002  0.57116747E-001  0.10123190E+001  0.41046070E+002
  0.49046758E-002  0.57116741E-001  0.10123187E+001  0.41046016E+002
  0.49046762E-002  0.57116734E-001  0.10123184E+001  0.41045962E+002
  0.49046765E-002  0.57116729E-001  0.10123181E+001  0.41045908E+002
  0.49046768E-002  0.57116724E-001  0.10123179E+001  0.41045854E+002
  0.49046771E-002  0.57116720E-001  0.10123176E+001  0.41045801E+002
  0.49046774E-002  0.57116715E-001  0.10123174E+001  0.41045748E+002
  0.49046777E-002  0.57116712E-001  0.10123172E+001  0.41045696E+002
  0.49046780E-002  0.57116707E-001  0.10123170E+001  0.41045643E+002
  0.49046783E-002  0.57116704E-001  0.10123168E+001  0.41045592E+002
