  0.66099455E-001
  0.66090818E-001
  0.66098268E-001
  0.66103283E-001
  0.66106906E-001
  0.66109914E-001
  0.66112549E-001
  0.66114887E-001
  0.66116973E-001
  0.66118824E-001
  0.66120457E-001
  0.66121896E-001
  0.66123163E-001
  0.66124280E-001
  0.66125264E-001
  0.66126134E-001
  0.66126907E-001
  0.66127595E-001
  0.66128212E-001
  0.66128766E-001
  0.66129271E-001
  0.66129730E-001
  0.66130153E-001
  0.66130546E-001
  0.66130913E-001
  0.66131261E-001
  0.66131592E-001
  0.66131911E-001
  0.66132221E-001
  0.66132523E-001
  0.66132821E-001
  0.66133117E-001
  0.66133411E-001
  0.66133706E-001
  0.66134001E-001
  0.66134298E-001
  0.66134597E-001
  0.66134898E-001
  0.66135201E-001
  0.66135506E-001
  0.66135813E-001
  0.66136121E-001
  0.66136430E-001
  0.66136738E-001
  0.66137044E-001
  0.66137349E-001
  0.66137651E-001
  0.66137949E-001
  0.66138242E-001
  0.66138529E-001
  0.66138810E-001
  0.66139083E-001
  0.66139348E-001
  0.66139605E-001
  0.66139852E-001
  0.66140091E-001
  0.66140319E-001
  0.66140537E-001
  0.66140746E-001
  0.66140944E-001
  0.66141132E-001
  0.66141309E-001
  0.66141477E-001
  0.66141634E-001
  0.66141781E-001
  0.66141918E-001
  0.66142044E-001
  0.66142160E-001
  0.66142266E-001
  0.66142362E-001
  0.66142447E-001
  0.66142522E-001
  0.66142587E-001
  0.66142642E-001
  0.66142687E-001
  0.66142722E-001
  0.66142747E-001
  0.66142763E-001
  0.66142769E-001
  0.66142767E-001
  0.66142756E-001
  0.66142736E-001
  0.66142709E-001
  0.66142674E-001
  0.66142632E-001
  0.66142583E-001
  0.66142527E-001
  0.66142466E-001
  0.66142399E-001
  0.66142327E-001
  0.66142250E-001
  0.66142170E-001
  0.66142085E-001
  0.66141997E-001
  0.66141906E-001
  0.66141813E-001
  0.66141717E-001
  0.66141620E-001
  0.66141521E-001
  0.66141421E-001
  0.66141320E-001
  0.66141219E-001
  0.66141117E-001
  0.66141016E-001
  0.66140914E-001
  0.66140814E-001
  0.66140713E-001
  0.66140614E-001
  0.66140516E-001
  0.66140419E-001
  0.66140323E-001
  0.66140229E-001
  0.66140136E-001
  0.66140045E-001
  0.66139956E-001
  0.66139869E-001
  0.66139784E-001
  0.66139700E-001
  0.66139619E-001
  0.66139540E-001
  0.66139463E-001
  0.66139389E-001
  0.66139316E-001
  0.66139246E-001
  0.66139177E-001
  0.66139111E-001
  0.66139047E-001
  0.66138985E-001
  0.66138925E-001
  0.66138867E-001
  0.66138811E-001
  0.66138756E-001
  0.66138703E-001
  0.66138652E-001
  0.66138603E-001
  0.66138554E-001
  0.66138507E-001
  0.66138462E-001
  0.66138417E-001
  0.66138373E-001
  0.66138331E-001
  0.66138289E-001
  0.66138247E-001
  0.66138206E-001
  0.66138166E-001
  0.66138125E-001
  0.66138085E-001
  0.66138045E-001
  0.66138004E-001
  0.66137963E-001
  0.66137922E-001
  0.66137881E-001
  0.66137839E-001
  0.66137796E-001
  0.66137752E-001
  0.66137708E-001
  0.66137662E-001
  0.66137616E-001
  0.66137568E-001
  0.66137519E-001
  0.66137469E-001
  0.66137418E-001
  0.66137365E-001
  0.66137311E-001
  0.66137255E-001
  0.66137199E-001
  0.66137140E-001
  0.66137080E-001
  0.66137019E-001
  0.66136956E-001
  0.66136892E-001
  0.66136826E-001
  0.66136759E-001
  0.66136691E-001
  0.66136621E-001
  0.66136550E-001
  0.66136478E-001
  0.66136405E-001
  0.66136330E-001
  0.66136254E-001
  0.66136178E-001
  0.66136100E-001
  0.66136022E-001
  0.66135942E-001
  0.66135862E-001
  0.66135782E-001
  0.66135701E-001
  0.66135619E-001
  0.66135537E-001
  0.66135454E-001
  0.66135372E-001
  0.66135289E-001
  0.66135206E-001
  0.66135123E-001
  0.66135040E-001
  0.66134957E-001
  0.66134875E-001
  0.66134792E-001
  0.66134710E-001
  0.66134627E-001
