  0.42099906E+000
  0.42162520E+000
  0.42206255E+000
  0.42239174E+000
  0.42264247E+000
  0.42283138E+000
  0.42297026E+000
  0.42306816E+000
  0.42313226E+000
  0.42316861E+000
  0.42318225E+000
  0.42317730E+000
  0.42315722E+000
  0.42312487E+000
  0.42308263E+000
  0.42303242E+000
  0.42297588E+000
  0.42291438E+000
  0.42284906E+000
  0.42278085E+000
  0.42271055E+000
  0.42263882E+000
  0.42256620E+000
  0.42249317E+000
  0.42242013E+000
  0.42234742E+000
  0.42227534E+000
  0.42220417E+000
  0.42213414E+000
  0.42206546E+000
  0.42199832E+000
  0.42193291E+000
  0.42186938E+000
  0.42180788E+000
  0.42174855E+000
  0.42169153E+000
  0.42163691E+000
  0.42158480E+000
  0.42153529E+000
  0.42148844E+000
  0.42144430E+000
  0.42140290E+000
  0.42136425E+000
  0.42132833E+000
  0.42129511E+000
  0.42126454E+000
  0.42123652E+000
  0.42121097E+000
  0.42118776E+000
  0.42116676E+000
  0.42114782E+000
  0.42113078E+000
  0.42111550E+000
  0.42110180E+000
  0.42108953E+000
  0.42107853E+000
  0.42106867E+000
  0.42105980E+000
  0.42105182E+000
  0.42104460E+000
  0.42103805E+000
  0.42103210E+000
  0.42102667E+000
  0.42102169E+000
  0.42101713E+000
  0.42101293E+000
  0.42100906E+000
  0.42100551E+000
  0.42100223E+000
  0.42099923E+000
  0.42099646E+000
  0.42099394E+000
  0.42099164E+000
  0.42098955E+000
  0.42098766E+000
  0.42098597E+000
  0.42098446E+000
  0.42098314E+000
  0.42098197E+000
  0.42098097E+000
  0.42098012E+000
  0.42097941E+000
  0.42097883E+000
  0.42097837E+000
  0.42097803E+000
  0.42097779E+000
  0.42097765E+000
  0.42097760E+000
  0.42097762E+000
  0.42097772E+000
  0.42097788E+000
  0.42097809E+000
  0.42097836E+000
  0.42097866E+000
  0.42097900E+000
  0.42097938E+000
  0.42097978E+000
  0.42098019E+000
  0.42098063E+000
  0.42098108E+000
  0.42098153E+000
  0.42098200E+000
  0.42098246E+000
  0.42098293E+000
  0.42098339E+000
  0.42098386E+000
  0.42098431E+000
  0.42098477E+000
  0.42098521E+000
  0.42098565E+000
  0.42098608E+000
  0.42098650E+000
  0.42098692E+000
  0.42098732E+000
  0.42098771E+000
  0.42098810E+000
  0.42098847E+000
  0.42098884E+000
  0.42098919E+000
  0.42098954E+000
  0.42098987E+000
  0.42099020E+000
  0.42099052E+000
  0.42099082E+000
  0.42099112E+000
  0.42099141E+000
  0.42099169E+000
  0.42099196E+000
  0.42099223E+000
  0.42099248E+000
  0.42099273E+000
  0.42099297E+000
  0.42099320E+000
  0.42099343E+000
  0.42099364E+000
  0.42099385E+000
  0.42099405E+000
  0.42099425E+000
  0.42099444E+000
  0.42099462E+000
  0.42099480E+000
  0.42099497E+000
  0.42099513E+000
  0.42099529E+000
  0.42099544E+000
  0.42099559E+000
  0.42099573E+000
  0.42099586E+000
  0.42099600E+000
  0.42099612E+000
  0.42099624E+000
  0.42099636E+000
  0.42099647E+000
  0.42099658E+000
  0.42099669E+000
  0.42099679E+000
  0.42099689E+000
  0.42099698E+000
  0.42099707E+000
  0.42099716E+000
  0.42099724E+000
  0.42099732E+000
  0.42099740E+000
  0.42099748E+000
  0.42099755E+000
  0.42099762E+000
  0.42099769E+000
  0.42099775E+000
  0.42099781E+000
  0.42099787E+000
  0.42099793E+000
  0.42099799E+000
  0.42099804E+000
  0.42099809E+000
  0.42099814E+000
  0.42099819E+000
  0.42099824E+000
  0.42099828E+000
  0.42099832E+000
  0.42099836E+000
  0.42099840E+000
  0.42099844E+000
  0.42099847E+000
  0.42099851E+000
  0.42099854E+000
  0.42099857E+000
  0.42099860E+000
  0.42099863E+000
  0.42099866E+000
  0.42099869E+000
  0.42099871E+000
  0.42099874E+000
  0.42099876E+000
  0.42099878E+000
  0.42099880E+000
  0.42099882E+000
  0.42099884E+000
  0.42099885E+000
  0.42099886E+000
  0.42099887E+000
