  0.63665401E+000  0.10814865E+000  0.15963799E+000  0.77955566E+000
  0.63442659E+000  0.10987256E+000  0.16012561E+000  0.78207612E+000
  0.63273042E+000  0.11197153E+000  0.16024230E+000  0.78330604E+000
  0.63294072E+000  0.11221375E+000  0.16040582E+000  0.78400678E+000
  0.63310822E+000  0.11249060E+000  0.16051744E+000  0.78445374E+000
  0.63349017E+000  0.11250587E+000  0.16063354E+000  0.78469604E+000
  0.63251575E+000  0.11385169E+000  0.16071500E+000  0.78479870E+000
  0.63283523E+000  0.11386488E+000  0.16103917E+000  0.78453345E+000
  0.63310605E+000  0.11386066E+000  0.16117567E+000  0.78438675E+000
  0.63333066E+000  0.11386638E+000  0.16126902E+000  0.78420848E+000
  0.63350960E+000  0.11386331E+000  0.16135241E+000  0.78400377E+000
  0.63364531E+000  0.11386385E+000  0.16135744E+000  0.78384271E+000
  0.63374249E+000  0.11342891E+000  0.16183039E+000  0.78362720E+000
  0.63380302E+000  0.11342733E+000  0.16182204E+000  0.78344719E+000
  0.63383448E+000  0.11341966E+000  0.16184463E+000  0.78323185E+000
  0.63383876E+000  0.11341393E+000  0.16182594E+000  0.78305116E+000
  0.63381936E+000  0.11340723E+000  0.16180560E+000  0.78287143E+000
  0.63377931E+000  0.11340011E+000  0.16181017E+000  0.78266803E+000
  0.63372142E+000  0.11338688E+000  0.16179101E+000  0.78249702E+000
  0.63364827E+000  0.11337840E+000  0.16176532E+000  0.78233151E+000
  0.63356217E+000  0.11337053E+000  0.16173773E+000  0.78217189E+000
  0.63346518E+000  0.11336254E+000  0.16170929E+000  0.78201837E+000
  0.63335914E+000  0.11335448E+000  0.16168026E+000  0.78187103E+000
  0.63324568E+000  0.11334637E+000  0.16165085E+000  0.78172988E+000
  0.63312631E+000  0.11333820E+000  0.16162123E+000  0.78159487E+000
  0.63300235E+000  0.11332999E+000  0.16161537E+000  0.78144207E+000
  0.63287503E+000  0.11332171E+000  0.16158571E+000  0.78131903E+000
  0.63274547E+000  0.11331324E+000  0.16155630E+000  0.78120177E+000
  0.63261469E+000  0.11330476E+000  0.16152704E+000  0.78109016E+000
  0.63248363E+000  0.11329613E+000  0.16149811E+000  0.78098404E+000
  0.63235319E+000  0.11328734E+000  0.16146959E+000  0.78088326E+000
  0.63222418E+000  0.11327835E+000  0.16144153E+000  0.78078766E+000
  0.63209733E+000  0.11326916E+000  0.16141403E+000  0.78069708E+000
  0.63197336E+000  0.11325975E+000  0.16138713E+000  0.78061138E+000
  0.63185289E+000  0.11325011E+000  0.16136091E+000  0.78053041E+000
  0.63173651E+000  0.11324025E+000  0.16133543E+000  0.78045403E+000
  0.63162471E+000  0.11323019E+000  0.16131075E+000  0.78038209E+000
  0.63151795E+000  0.11321996E+000  0.16128694E+000  0.78031446E+000
  0.63141661E+000  0.11320961E+000  0.16126406E+000  0.78025099E+000
  0.63132097E+000  0.11319919E+000  0.16124216E+000  0.78019154E+000
  0.63123126E+000  0.11318876E+000  0.16122130E+000  0.78013597E+000
  0.63114762E+000  0.11317841E+000  0.16120151E+000  0.78008415E+000
  0.63107010E+000  0.11316821E+000  0.16118285E+000  0.78003593E+000
  0.63099869E+000  0.11315824E+000  0.16116532E+000  0.77999117E+000
  0.63093327E+000  0.11314859E+000  0.16114896E+000  0.77994973E+000
  0.63087369E+000  0.11313933E+000  0.16113376E+000  0.77991146E+000
  0.63081971E+000  0.11313053E+000  0.16111972E+000  0.77987623E+000
  0.63077105E+000  0.11312225E+000  0.16110681E+000  0.77984387E+000
  0.63072736E+000  0.11311452E+000  0.16109501E+000  0.77981424E+000
  0.63068830E+000  0.11310739E+000  0.16108426E+000  0.77978718E+000
  0.63065348E+000  0.11310085E+000  0.16107451E+000  0.77976252E+000
  0.63062250E+000  0.11309493E+000  0.16106569E+000  0.77974011E+000
  0.63059498E+000  0.11308959E+000  0.16105774E+000  0.77971977E+000
  0.63057054E+000  0.11308482E+000  0.16105058E+000  0.77970135E+000
  0.63054882E+000  0.11308058E+000  0.16104413E+000  0.77968467E+000
  0.63052949E+000  0.11307683E+000  0.16103833E+000  0.77966957E+000
  0.63051224E+000  0.11307353E+000  0.16103310E+000  0.77965590E+000
  0.63049680E+000  0.11307063E+000  0.16102838E+000  0.77964350E+000
  0.63048294E+000  0.11306817E+000  0.16102400E+000  0.77963225E+000
  0.63047045E+000  0.11306594E+000  0.16102010E+000  0.77962201E+000
  0.63045914E+000  0.11306397E+000  0.16101654E+000  0.77961267E+000
  0.63044887E+000  0.11306222E+000  0.16101328E+000  0.77960413E+000
  0.63043952E+000  0.11306068E+000  0.16101027E+000  0.77959630E+000
  0.63043097E+000  0.11305930E+000  0.16100749E+000  0.77958911E+000
  0.63042314E+000  0.11305806E+000  0.16100491E+000  0.77958248E+000
  0.63041597E+000  0.11305695E+000  0.16100251E+000  0.77957638E+000
  0.63040939E+000  0.11305593E+000  0.16100028E+000  0.77957075E+000
  0.63040335E+000  0.11305501E+000  0.16099820E+000  0.77956556E+000
  0.63039783E+000  0.11305417E+000  0.16099626E+000  0.77956078E+000
  0.63039277E+000  0.11305340E+000  0.16099446E+000  0.77955637E+000
  0.63038817E+000  0.11305269E+000  0.16099278E+000  0.77955233E+000
  0.63038398E+000  0.11305203E+000  0.16099122E+000  0.77954862E+000
  0.63038020E+000  0.11305143E+000  0.16098977E+000  0.77954524E+000
  0.63037681E+000  0.11305088E+000  0.16098844E+000  0.77954216E+000
  0.63037377E+000  0.11305037E+000  0.16098722E+000  0.77953939E+000
  0.63037109E+000  0.11304990E+000  0.16098610E+000  0.77953689E+000
  0.63036875E+000  0.11304947E+000  0.16098509E+000  0.77953465E+000
  0.63036672E+000  0.11304907E+000  0.16098417E+000  0.77953267E+000
  0.63036500E+000  0.11304871E+000  0.16098335E+000  0.77953093E+000
  0.63036357E+000  0.11304838E+000  0.16098261E+000  0.77952942E+000
  0.63036240E+000  0.11304809E+000  0.16098197E+000  0.77952811E+000
  0.63036150E+000  0.11304782E+000  0.16098140E+000  0.77952700E+000
  0.63036083E+000  0.11304758E+000  0.16098091E+000  0.77952608E+000
  0.63036040E+000  0.11304737E+000  0.16098049E+000  0.77952533E+000
  0.63036017E+000  0.11304718E+000  0.16098013E+000  0.77952473E+000
  0.63036013E+000  0.11304702E+000  0.16097984E+000  0.77952427E+000
  0.63036028E+000  0.11304687E+000  0.16097960E+000  0.77952394E+000
  0.63036058E+000  0.11304675E+000  0.16097941E+000  0.77952373E+000
  0.63036104E+000  0.11304665E+000  0.16097927E+000  0.77952362E+000
  0.63036163E+000  0.11304657E+000  0.16097916E+000  0.77952360E+000
  0.63036235E+000  0.11304650E+000  0.16097909E+000  0.77952366E+000
  0.63036317E+000  0.11304645E+000  0.16097905E+000  0.77952380E+000
  0.63036408E+000  0.11304641E+000  0.16097903E+000  0.77952399E+000
  0.63036508E+000  0.11304639E+000  0.16097903E+000  0.77952424E+000
  0.63036616E+000  0.11304638E+000  0.16097905E+000  0.77952453E+000
  0.63036729E+000  0.11304638E+000  0.16097908E+000  0.77952486E+000
  0.63036848E+000  0.11304639E+000  0.16097911E+000  0.77952522E+000
  0.63036971E+000  0.11304641E+000  0.16097916E+000  0.77952560E+000
  0.63037097E+000  0.11304643E+000  0.16097920E+000  0.77952600E+000
  0.63037226E+000  0.11304647E+000  0.16097925E+000  0.77952642E+000
  0.63037358E+000  0.11304650E+000  0.16097930E+000  0.77952685E+000
  0.63037490E+000  0.11304655E+000  0.16097935E+000  0.77952728E+000
  0.63037624E+000  0.11304659E+000  0.16097939E+000  0.77952772E+000
  0.63037758E+000  0.11304664E+000  0.16097943E+000  0.77952816E+000
  0.63037891E+000  0.11304670E+000  0.16097946E+000  0.77952859E+000
  0.63038024E+000  0.11304675E+000  0.16097949E+000  0.77952903E+000
  0.63038157E+000  0.11304681E+000  0.16097952E+000  0.77952946E+000
  0.63038288E+000  0.11304686E+000  0.16097954E+000  0.77952988E+000
  0.63038417E+000  0.11304692E+000  0.16097955E+000  0.77953030E+000
  0.63038545E+000  0.11304697E+000  0.16097956E+000  0.77953071E+000
  0.63038671E+000  0.11304703E+000  0.16097956E+000  0.77953112E+000
  0.63038795E+000  0.11304709E+000  0.16097956E+000  0.77953151E+000
  0.63038916E+000  0.11304714E+000  0.16097956E+000  0.77953190E+000
  0.63039035E+000  0.11304719E+000  0.16097955E+000  0.77953228E+000
  0.63039152E+000  0.11304725E+000  0.16097954E+000  0.77953264E+000
  0.63039266E+000  0.11304730E+000  0.16097953E+000  0.77953300E+000
  0.63039377E+000  0.11304735E+000  0.16097951E+000  0.77953336E+000
  0.63039485E+000  0.11304740E+000  0.16097949E+000  0.77953370E+000
  0.63039591E+000  0.11304745E+000  0.16097948E+000  0.77953403E+000
  0.63039693E+000  0.11304750E+000  0.16097946E+000  0.77953436E+000
  0.63039793E+000  0.11304754E+000  0.16097944E+000  0.77953467E+000
  0.63039890E+000  0.11304759E+000  0.16097942E+000  0.77953498E+000
  0.63039984E+000  0.11304764E+000  0.16097940E+000  0.77953528E+000
  0.63040075E+000  0.11304768E+000  0.16097938E+000  0.77953558E+000
  0.63040163E+000  0.11304773E+000  0.16097936E+000  0.77953586E+000
  0.63040248E+000  0.11304778E+000  0.16097934E+000  0.77953614E+000
  0.63040330E+000  0.11304782E+000  0.16097933E+000  0.77953641E+000
  0.63040410E+000  0.11304787E+000  0.16097931E+000  0.77953668E+000
  0.63040486E+000  0.11304791E+000  0.16097930E+000  0.77953694E+000
  0.63040560E+000  0.11304796E+000  0.16097929E+000  0.77953719E+000
  0.63040631E+000  0.11304801E+000  0.16097927E+000  0.77953743E+000
  0.63040699E+000  0.11304805E+000  0.16097926E+000  0.77953767E+000
  0.63040764E+000  0.11304810E+000  0.16097926E+000  0.77953790E+000
  0.63040827E+000  0.11304815E+000  0.16097925E+000  0.77953813E+000
  0.63040888E+000  0.11304820E+000  0.16097924E+000  0.77953835E+000
  0.63040945E+000  0.11304824E+000  0.16097924E+000  0.77953857E+000
  0.63041001E+000  0.11304829E+000  0.16097924E+000  0.77953878E+000
  0.63041054E+000  0.11304834E+000  0.16097923E+000  0.77953898E+000
  0.63041104E+000  0.11304838E+000  0.16097923E+000  0.77953918E+000
  0.63041153E+000  0.11304843E+000  0.16097924E+000  0.77953938E+000
  0.63041199E+000  0.11304848E+000  0.16097924E+000  0.77953957E+000
  0.63041243E+000  0.11304853E+000  0.16097924E+000  0.77953976E+000
  0.63041286E+000  0.11304857E+000  0.16097925E+000  0.77953994E+000
  0.63041326E+000  0.11304862E+000  0.16097926E+000  0.77954011E+000
  0.63041364E+000  0.11304867E+000  0.16097926E+000  0.77954028E+000
  0.63041401E+000  0.11304871E+000  0.16097927E+000  0.77954045E+000
  0.63041435E+000  0.11304876E+000  0.16097928E+000  0.77954061E+000
  0.63041469E+000  0.11304880E+000  0.16097929E+000  0.77954077E+000
  0.63041500E+000  0.11304884E+000  0.16097931E+000  0.77954093E+000
  0.63041530E+000  0.11304889E+000  0.16097932E+000  0.77954108E+000
  0.63041559E+000  0.11304893E+000  0.16097933E+000  0.77954123E+000
  0.63041586E+000  0.11304897E+000  0.16097935E+000  0.77954137E+000
  0.63041612E+000  0.11304901E+000  0.16097936E+000  0.77954151E+000
  0.63041636E+000  0.11304905E+000  0.16097938E+000  0.77954164E+000
  0.63041660E+000  0.11304909E+000  0.16097939E+000  0.77954178E+000
  0.63041682E+000  0.11304913E+000  0.16097941E+000  0.77954190E+000
  0.63041703E+000  0.11304916E+000  0.16097943E+000  0.77954203E+000
  0.63041723E+000  0.11304920E+000  0.16097944E+000  0.77954215E+000
  0.63041742E+000  0.11304923E+000  0.16097946E+000  0.77954227E+000
  0.63041760E+000  0.11304927E+000  0.16097948E+000  0.77954239E+000
  0.63041777E+000  0.11304930E+000  0.16097950E+000  0.77954250E+000
  0.63041794E+000  0.11304933E+000  0.16097952E+000  0.77954261E+000
  0.63041809E+000  0.11304936E+000  0.16097953E+000  0.77954271E+000
  0.63041824E+000  0.11304939E+000  0.16097955E+000  0.77954282E+000
  0.63041838E+000  0.11304942E+000  0.16097957E+000  0.77954292E+000
  0.63041852E+000  0.11304945E+000  0.16097959E+000  0.77954302E+000
  0.63041865E+000  0.11304948E+000  0.16097961E+000  0.77954311E+000
  0.63041877E+000  0.11304950E+000  0.16097963E+000  0.77954320E+000
  0.63041889E+000  0.11304953E+000  0.16097965E+000  0.77954329E+000
  0.63041900E+000  0.11304955E+000  0.16097966E+000  0.77954338E+000
  0.63041910E+000  0.11304958E+000  0.16097968E+000  0.77954346E+000
  0.63041920E+000  0.11304960E+000  0.16097970E+000  0.77954354E+000
  0.63041930E+000  0.11304962E+000  0.16097972E+000  0.77954362E+000
  0.63041939E+000  0.11304964E+000  0.16097974E+000  0.77954370E+000
  0.63041948E+000  0.11304966E+000  0.16097975E+000  0.77954377E+000
  0.63041956E+000  0.11304968E+000  0.16097977E+000  0.77954384E+000
  0.63041964E+000  0.11304970E+000  0.16097979E+000  0.77954391E+000
  0.63041971E+000  0.11304972E+000  0.16097980E+000  0.77954398E+000
  0.63041978E+000  0.11304974E+000  0.16097982E+000  0.77954404E+000
  0.63041985E+000  0.11304976E+000  0.16097984E+000  0.77954410E+000
  0.63041992E+000  0.11304977E+000  0.16097985E+000  0.77954416E+000
  0.63041998E+000  0.11304979E+000  0.16097987E+000  0.77954422E+000
  0.63042004E+000  0.11304980E+000  0.16097988E+000  0.77954427E+000
  0.63042009E+000  0.11304982E+000  0.16097990E+000  0.77954432E+000
  0.63042015E+000  0.11304983E+000  0.16097991E+000  0.77954437E+000
  0.63042020E+000  0.11304984E+000  0.16097993E+000  0.77954442E+000
  0.63042025E+000  0.11304986E+000  0.16097994E+000  0.77954447E+000
  0.63042029E+000  0.11304987E+000  0.16097995E+000  0.77954451E+000
  0.63042034E+000  0.11304988E+000  0.16097997E+000  0.77954455E+000
  0.63042038E+000  0.11304989E+000  0.16097998E+000  0.77954459E+000
  0.63042042E+000  0.11304990E+000  0.16097999E+000  0.77954463E+000
  0.63042046E+000  0.11304991E+000  0.16098000E+000  0.77954467E+000
  0.63042049E+000  0.11304992E+000  0.16098001E+000  0.77954470E+000
  0.63042053E+000  0.11304993E+000  0.16098003E+000  0.77954473E+000
  0.63042056E+000  0.11304994E+000  0.16098004E+000  0.77954476E+000
  0.63042059E+000  0.11304995E+000  0.16098005E+000  0.77954479E+000
  0.63042062E+000  0.11304996E+000  0.16098006E+000  0.77954482E+000
  0.63042064E+000  0.11304996E+000  0.16098006E+000  0.77954484E+000
  0.63042066E+000  0.11304997E+000  0.16098007E+000  0.77954485E+000
  0.63042067E+000  0.11304998E+000  0.16098008E+000  0.77954485E+000
