 -0.51982404E-001  0.47365254E-002  0.44192679E+000  0.12893155E+001
 -0.51792064E-001  0.47945423E-002  0.44240109E+000  0.12910974E+001
 -0.51678847E-001  0.48113087E-002  0.44261499E+000  0.12925029E+001
 -0.51609861E-001  0.48146671E-002  0.44273131E+000  0.12936310E+001
 -0.51570003E-001  0.48122597E-002  0.44280017E+000  0.12945276E+001
 -0.51550651E-001  0.48071694E-002  0.44284094E+000  0.12952282E+001
 -0.51546026E-001  0.48014374E-002  0.44286226E+000  0.12957635E+001
 -0.51551939E-001  0.47959050E-002  0.44286860E+000  0.12961602E+001
 -0.51565289E-001  0.47907146E-002  0.44286306E+000  0.12964407E+001
 -0.51583683E-001  0.47858943E-002  0.44284843E+000  0.12966240E+001
 -0.51605300E-001  0.47814317E-002  0.44282724E+000  0.12967258E+001
 -0.51628775E-001  0.47773016E-002  0.44280149E+000  0.12967594E+001
 -0.51653088E-001  0.47734755E-002  0.44277290E+000  0.12967358E+001
 -0.51677485E-001  0.47699274E-002  0.44274284E+000  0.12966644E+001
 -0.51701419E-001  0.47666352E-002  0.44271240E+000  0.12965531E+001
 -0.51724506E-001  0.47635806E-002  0.44268238E+000  0.12964084E+001
 -0.51746484E-001  0.47607499E-002  0.44265332E+000  0.12962361E+001
 -0.51767184E-001  0.47581346E-002  0.44262562E+000  0.12960411E+001
 -0.51786507E-001  0.47557280E-002  0.44259947E+000  0.12958277E+001
 -0.51804410E-001  0.47535255E-002  0.44257497E+000  0.12955995E+001
 -0.51820891E-001  0.47515214E-002  0.44255209E+000  0.12953597E+001
 -0.51835976E-001  0.47497116E-002  0.44253074E+000  0.12951110E+001
 -0.51849715E-001  0.47480927E-002  0.44251076E+000  0.12948558E+001
 -0.51862169E-001  0.47466583E-002  0.44249196E+000  0.12945964E+001
 -0.51873410E-001  0.47453991E-002  0.44247412E+000  0.12943346E+001
 -0.51883517E-001  0.47443057E-002  0.44245697E+000  0.12940721E+001
 -0.51892571E-001  0.47433684E-002  0.44244025E+000  0.12938105E+001
 -0.51900653E-001  0.47425757E-002  0.44242372E+000  0.12935512E+001
 -0.51907846E-001  0.47419154E-002  0.44240712E+000  0.12932955E+001
 -0.51914230E-001  0.47413733E-002  0.44239021E+000  0.12930446E+001
 -0.51919883E-001  0.47409344E-002  0.44237281E+000  0.12927996E+001
 -0.51924879E-001  0.47405829E-002  0.44235472E+000  0.12925614E+001
 -0.51929291E-001  0.47403030E-002  0.44233581E+000  0.12923308E+001
 -0.51933186E-001  0.47400784E-002  0.44231601E+000  0.12921088E+001
 -0.51936624E-001  0.47398939E-002  0.44229527E+000  0.12918958E+001
 -0.51939666E-001  0.47397348E-002  0.44227360E+000  0.12916926E+001
 -0.51942362E-001  0.47395881E-002  0.44225108E+000  0.12914995E+001
 -0.51944761E-001  0.47394421E-002  0.44222782E+000  0.12913169E+001
 -0.51946905E-001  0.47392877E-002  0.44220397E+000  0.12911450E+001
 -0.51948833E-001  0.47391180E-002  0.44217973E+000  0.12909839E+001
 -0.51950576E-001  0.47389284E-002  0.44215535E+000  0.12908337E+001
 -0.51952164E-001  0.47387170E-002  0.44213106E+000  0.12906941E+001
 -0.51953618E-001  0.47384844E-002  0.44210713E+000  0.12905651E+001
 -0.51954960E-001  0.47382330E-002  0.44208382E+000  0.12904464E+001
 -0.51956205E-001  0.47379672E-002  0.44206137E+000  0.12903375E+001
 -0.51957365E-001  0.47376927E-002  0.44204000E+000  0.12902380E+001
 -0.51958451E-001  0.47374153E-002  0.44201990E+000  0.12901474E+001
 -0.51959470E-001  0.47371418E-002  0.44200121E+000  0.12900652E+001
 -0.51960427E-001  0.47368781E-002  0.44198404E+000  0.12899907E+001
 -0.51961328E-001  0.47366295E-002  0.44196843E+000  0.12899235E+001
 -0.51962175E-001  0.47364001E-002  0.44195441E+000  0.12898628E+001
 -0.51962971E-001  0.47361931E-002  0.44194195E+000  0.12898081E+001
 -0.51963719E-001  0.47360101E-002  0.44193097E+000  0.12897589E+001
 -0.51964422E-001  0.47358517E-002  0.44192140E+000  0.12897145E+001
 -0.51965081E-001  0.47357173E-002  0.44191311E+000  0.12896745E+001
 -0.51965700E-001  0.47356054E-002  0.44190599E+000  0.12896384E+001
 -0.51966280E-001  0.47355145E-002  0.44189990E+000  0.12896057E+001
 -0.51966827E-001  0.47354417E-002  0.44189471E+000  0.12895760E+001
 -0.51967341E-001  0.47353850E-002  0.44189030E+000  0.12895491E+001
 -0.51967827E-001  0.47353416E-002  0.44188656E+000  0.12895245E+001
 -0.51968287E-001  0.47353096E-002  0.44188339E+000  0.12895020E+001
 -0.51968724E-001  0.47352868E-002  0.44188070E+000  0.12894813E+001
 -0.51969141E-001  0.47352715E-002  0.44187841E+000  0.12894623E+001
 -0.51969539E-001  0.47352623E-002  0.44187646E+000  0.12894447E+001
 -0.51969922E-001  0.47352580E-002  0.44187480E+000  0.12894285E+001
 -0.51970290E-001  0.47352577E-002  0.44187340E+000  0.12894135E+001
 -0.51970644E-001  0.47352608E-002  0.44187221E+000  0.12893996E+001
 -0.51970987E-001  0.47352665E-002  0.44187121E+000  0.12893867E+001
 -0.51971319E-001  0.47352747E-002  0.44187038E+000  0.12893748E+001
 -0.51971641E-001  0.47352849E-002  0.44186971E+000  0.12893637E+001
 -0.51971953E-001  0.47352971E-002  0.44186918E+000  0.12893535E+001
 -0.51972256E-001  0.47353110E-002  0.44186878E+000  0.12893441E+001
 -0.51972550E-001  0.47353265E-002  0.44186851E+000  0.12893354E+001
 -0.51972836E-001  0.47353436E-002  0.44186836E+000  0.12893275E+001
 -0.51973114E-001  0.47353622E-002  0.44186832E+000  0.12893202E+001
 -0.51973384E-001  0.47353823E-002  0.44186839E+000  0.12893137E+001
 -0.51973647E-001  0.47354038E-002  0.44186856E+000  0.12893077E+001
 -0.51973902E-001  0.47354266E-002  0.44186883E+000  0.12893023E+001
 -0.51974151E-001  0.47354507E-002  0.44186919E+000  0.12892976E+001
 -0.51974393E-001  0.47354760E-002  0.44186964E+000  0.12892933E+001
 -0.51974628E-001  0.47355025E-002  0.44187017E+000  0.12892896E+001
 -0.51974858E-001  0.47355300E-002  0.44187078E+000  0.12892863E+001
 -0.51975081E-001  0.47355585E-002  0.44187146E+000  0.12892835E+001
 -0.51975299E-001  0.47355879E-002  0.44187221E+000  0.12892811E+001
 -0.51975511E-001  0.47356180E-002  0.44187302E+000  0.12892791E+001
 -0.51975718E-001  0.47356488E-002  0.44187389E+000  0.12892775E+001
 -0.51975920E-001  0.47356801E-002  0.44187481E+000  0.12892762E+001
 -0.51976117E-001  0.47357119E-002  0.44187578E+000  0.12892752E+001
 -0.51976309E-001  0.47357439E-002  0.44187680E+000  0.12892744E+001
 -0.51976497E-001  0.47357761E-002  0.44187785E+000  0.12892739E+001
 -0.51976681E-001  0.47358083E-002  0.44187893E+000  0.12892736E+001
 -0.51976861E-001  0.47358405E-002  0.44188004E+000  0.12892735E+001
 -0.51977037E-001  0.47358725E-002  0.44188118E+000  0.12892736E+001
 -0.51977210E-001  0.47359042E-002  0.44188233E+000  0.12892738E+001
 -0.51977378E-001  0.47359354E-002  0.44188350E+000  0.12892741E+001
 -0.51977544E-001  0.47359662E-002  0.44188468E+000  0.12892746E+001
 -0.51977706E-001  0.47359964E-002  0.44188588E+000  0.12892751E+001
 -0.51977864E-001  0.47360259E-002  0.44188707E+000  0.12892757E+001
 -0.51978020E-001  0.47360547E-002  0.44188827E+000  0.12892764E+001
 -0.51978172E-001  0.47360827E-002  0.44188946E+000  0.12892771E+001
 -0.51978321E-001  0.47361098E-002  0.44189065E+000  0.12892778E+001
 -0.51978467E-001  0.47361360E-002  0.44189184E+000  0.12892786E+001
 -0.51978610E-001  0.47361612E-002  0.44189301E+000  0.12892794E+001
 -0.51978749E-001  0.47361855E-002  0.44189417E+000  0.12892803E+001
 -0.51978886E-001  0.47362088E-002  0.44189532E+000  0.12892811E+001
 -0.51979020E-001  0.47362310E-002  0.44189645E+000  0.12892819E+001
 -0.51979150E-001  0.47362522E-002  0.44189757E+000  0.12892827E+001
 -0.51979277E-001  0.47362724E-002  0.44189866E+000  0.12892836E+001
 -0.51979401E-001  0.47362916E-002  0.44189974E+000  0.12892844E+001
 -0.51979522E-001  0.47363098E-002  0.44190079E+000  0.12892852E+001
 -0.51979640E-001  0.47363270E-002  0.44190182E+000  0.12892860E+001
 -0.51979755E-001  0.47363431E-002  0.44190283E+000  0.12892867E+001
 -0.51979866E-001  0.47363584E-002  0.44190382E+000  0.12892875E+001
 -0.51979974E-001  0.47363727E-002  0.44190478E+000  0.12892883E+001
 -0.51980079E-001  0.47363861E-002  0.44190571E+000  0.12892890E+001
 -0.51980181E-001  0.47363986E-002  0.44190662E+000  0.12892897E+001
 -0.51980280E-001  0.47364103E-002  0.44190750E+000  0.12892904E+001
 -0.51980375E-001  0.47364212E-002  0.44190836E+000  0.12892911E+001
 -0.51980467E-001  0.47364314E-002  0.44190919E+000  0.12892918E+001
 -0.51980556E-001  0.47364408E-002  0.44190999E+000  0.12892924E+001
 -0.51980642E-001  0.47364495E-002  0.44191077E+000  0.12892931E+001
 -0.51980725E-001  0.47364575E-002  0.44191152E+000  0.12892937E+001
 -0.51980805E-001  0.47364650E-002  0.44191224E+000  0.12892943E+001
 -0.51980881E-001  0.47364718E-002  0.44191294E+000  0.12892949E+001
 -0.51980955E-001  0.47364781E-002  0.44191361E+000  0.12892955E+001
 -0.51981026E-001  0.47364839E-002  0.44191425E+000  0.12892961E+001
 -0.51981094E-001  0.47364892E-002  0.44191487E+000  0.12892967E+001
 -0.51981159E-001  0.47364940E-002  0.44191547E+000  0.12892972E+001
 -0.51981222E-001  0.47364985E-002  0.44191604E+000  0.12892978E+001
 -0.51981282E-001  0.47365025E-002  0.44191659E+000  0.12892983E+001
 -0.51981339E-001  0.47365062E-002  0.44191712E+000  0.12892988E+001
 -0.51981394E-001  0.47365095E-002  0.44191762E+000  0.12892993E+001
 -0.51981446E-001  0.47365125E-002  0.44191810E+000  0.12892998E+001
 -0.51981496E-001  0.47365153E-002  0.44191856E+000  0.12893003E+001
 -0.51981544E-001  0.47365177E-002  0.44191900E+000  0.12893008E+001
 -0.51981590E-001  0.47365199E-002  0.44191941E+000  0.12893012E+001
 -0.51981633E-001  0.47365219E-002  0.44191981E+000  0.12893017E+001
 -0.51981675E-001  0.47365237E-002  0.44192019E+000  0.12893021E+001
 -0.51981714E-001  0.47365253E-002  0.44192055E+000  0.12893025E+001
 -0.51981752E-001  0.47365267E-002  0.44192090E+000  0.12893030E+001
 -0.51981788E-001  0.47365280E-002  0.44192122E+000  0.12893034E+001
 -0.51981822E-001  0.47365291E-002  0.44192153E+000  0.12893038E+001
 -0.51981854E-001  0.47365301E-002  0.44192183E+000  0.12893042E+001
 -0.51981885E-001  0.47365310E-002  0.44192211E+000  0.12893046E+001
 -0.51981914E-001  0.47365317E-002  0.44192237E+000  0.12893049E+001
 -0.51981942E-001  0.47365323E-002  0.44192262E+000  0.12893053E+001
 -0.51981969E-001  0.47365329E-002  0.44192286E+000  0.12893056E+001
 -0.51981994E-001  0.47365334E-002  0.44192309E+000  0.12893060E+001
 -0.51982018E-001  0.47365337E-002  0.44192330E+000  0.12893063E+001
 -0.51982041E-001  0.47365341E-002  0.44192351E+000  0.12893066E+001
 -0.51982062E-001  0.47365343E-002  0.44192370E+000  0.12893070E+001
 -0.51982082E-001  0.47365345E-002  0.44192388E+000  0.12893073E+001
 -0.51982102E-001  0.47365347E-002  0.44192405E+000  0.12893076E+001
 -0.51982120E-001  0.47365348E-002  0.44192421E+000  0.12893079E+001
 -0.51982137E-001  0.47365348E-002  0.44192436E+000  0.12893082E+001
 -0.51982154E-001  0.47365349E-002  0.44192451E+000  0.12893084E+001
 -0.51982169E-001  0.47365349E-002  0.44192465E+000  0.12893087E+001
 -0.51982184E-001  0.47365348E-002  0.44192477E+000  0.12893090E+001
 -0.51982198E-001  0.47365348E-002  0.44192490E+000  0.12893092E+001
 -0.51982211E-001  0.47365347E-002  0.44192501E+000  0.12893095E+001
 -0.51982224E-001  0.47365346E-002  0.44192512E+000  0.12893097E+001
 -0.51982236E-001  0.47365344E-002  0.44192522E+000  0.12893099E+001
 -0.51982247E-001  0.47365343E-002  0.44192532E+000  0.12893102E+001
 -0.51982257E-001  0.47365342E-002  0.44192541E+000  0.12893104E+001
 -0.51982267E-001  0.47365340E-002  0.44192549E+000  0.12893106E+001
 -0.51982277E-001  0.47365338E-002  0.44192557E+000  0.12893108E+001
 -0.51982286E-001  0.47365336E-002  0.44192565E+000  0.12893110E+001
 -0.51982294E-001  0.47365334E-002  0.44192572E+000  0.12893112E+001
 -0.51982302E-001  0.47365332E-002  0.44192579E+000  0.12893114E+001
 -0.51982309E-001  0.47365330E-002  0.44192585E+000  0.12893116E+001
 -0.51982316E-001  0.47365328E-002  0.44192591E+000  0.12893118E+001
 -0.51982322E-001  0.47365326E-002  0.44192597E+000  0.12893119E+001
 -0.51982329E-001  0.47365324E-002  0.44192602E+000  0.12893121E+001
 -0.51982334E-001  0.47365322E-002  0.44192607E+000  0.12893123E+001
 -0.51982340E-001  0.47365320E-002  0.44192612E+000  0.12893124E+001
 -0.51982345E-001  0.47365318E-002  0.44192616E+000  0.12893126E+001
 -0.51982349E-001  0.47365316E-002  0.44192620E+000  0.12893127E+001
 -0.51982354E-001  0.47365313E-002  0.44192624E+000  0.12893129E+001
 -0.51982358E-001  0.47365311E-002  0.44192628E+000  0.12893130E+001
 -0.51982362E-001  0.47365309E-002  0.44192631E+000  0.12893131E+001
 -0.51982365E-001  0.47365307E-002  0.44192635E+000  0.12893133E+001
 -0.51982369E-001  0.47365305E-002  0.44192638E+000  0.12893134E+001
 -0.51982372E-001  0.47365303E-002  0.44192640E+000  0.12893135E+001
 -0.51982375E-001  0.47365301E-002  0.44192643E+000  0.12893136E+001
 -0.51982377E-001  0.47365300E-002  0.44192646E+000  0.12893137E+001
 -0.51982380E-001  0.47365298E-002  0.44192648E+000  0.12893138E+001
 -0.51982382E-001  0.47365296E-002  0.44192650E+000  0.12893139E+001
 -0.51982384E-001  0.47365294E-002  0.44192652E+000  0.12893140E+001
 -0.51982386E-001  0.47365293E-002  0.44192654E+000  0.12893141E+001
 -0.51982388E-001  0.47365291E-002  0.44192656E+000  0.12893142E+001
 -0.51982389E-001  0.47365290E-002  0.44192658E+000  0.12893143E+001
 -0.51982391E-001  0.47365288E-002  0.44192659E+000  0.12893144E+001
 -0.51982392E-001  0.47365287E-002  0.44192661E+000  0.12893144E+001
 -0.51982393E-001  0.47365285E-002  0.44192662E+000  0.12893145E+001
 -0.51982395E-001  0.47365284E-002  0.44192663E+000  0.12893146E+001
 -0.51982396E-001  0.47365283E-002  0.44192665E+000  0.12893147E+001
 -0.51982396E-001  0.47365282E-002  0.44192666E+000  0.12893147E+001
 -0.51982398E-001  0.47365281E-002  0.44192667E+000  0.12893148E+001
 -0.51982399E-001  0.47365279E-002  0.44192667E+000  0.12893148E+001
 -0.51982401E-001  0.47365278E-002  0.44192668E+000  0.12893148E+001
