 -0.16986735E-001
 -0.16927520E-001
 -0.16892903E-001
 -0.16872127E-001
 -0.16860331E-001
 -0.16854784E-001
 -0.16853684E-001
 -0.16855741E-001
 -0.16860018E-001
 -0.16865795E-001
 -0.16872522E-001
 -0.16879790E-001
 -0.16887292E-001
 -0.16894802E-001
 -0.16902156E-001
 -0.16909239E-001
 -0.16915975E-001
 -0.16922312E-001
 -0.16928223E-001
 -0.16933695E-001
 -0.16938729E-001
 -0.16943333E-001
 -0.16947523E-001
 -0.16951319E-001
 -0.16954744E-001
 -0.16957821E-001
 -0.16960576E-001
 -0.16963034E-001
 -0.16965221E-001
 -0.16967162E-001
 -0.16968880E-001
 -0.16970398E-001
 -0.16971739E-001
 -0.16972923E-001
 -0.16973969E-001
 -0.16974894E-001
 -0.16975715E-001
 -0.16976447E-001
 -0.16977101E-001
 -0.16977691E-001
 -0.16978225E-001
 -0.16978712E-001
 -0.16979159E-001
 -0.16979573E-001
 -0.16979957E-001
 -0.16980317E-001
 -0.16980654E-001
 -0.16980971E-001
 -0.16981269E-001
 -0.16981549E-001
 -0.16981812E-001
 -0.16982059E-001
 -0.16982291E-001
 -0.16982507E-001
 -0.16982708E-001
 -0.16982895E-001
 -0.16983068E-001
 -0.16983229E-001
 -0.16983378E-001
 -0.16983517E-001
 -0.16983645E-001
 -0.16983765E-001
 -0.16983877E-001
 -0.16983982E-001
 -0.16984081E-001
 -0.16984174E-001
 -0.16984262E-001
 -0.16984346E-001
 -0.16984426E-001
 -0.16984502E-001
 -0.16984575E-001
 -0.16984645E-001
 -0.16984711E-001
 -0.16984775E-001
 -0.16984837E-001
 -0.16984895E-001
 -0.16984952E-001
 -0.16985006E-001
 -0.16985057E-001
 -0.16985107E-001
 -0.16985155E-001
 -0.16985200E-001
 -0.16985244E-001
 -0.16985286E-001
 -0.16985327E-001
 -0.16985366E-001
 -0.16985403E-001
 -0.16985439E-001
 -0.16985474E-001
 -0.16985507E-001
 -0.16985540E-001
 -0.16985571E-001
 -0.16985601E-001
 -0.16985631E-001
 -0.16985660E-001
 -0.16985688E-001
 -0.16985715E-001
 -0.16985742E-001
 -0.16985768E-001
 -0.16985794E-001
 -0.16985819E-001
 -0.16985844E-001
 -0.16985868E-001
 -0.16985892E-001
 -0.16985915E-001
 -0.16985938E-001
 -0.16985961E-001
 -0.16985983E-001
 -0.16986005E-001
 -0.16986027E-001
 -0.16986048E-001
 -0.16986069E-001
 -0.16986090E-001
 -0.16986110E-001
 -0.16986130E-001
 -0.16986150E-001
 -0.16986169E-001
 -0.16986188E-001
 -0.16986206E-001
 -0.16986224E-001
 -0.16986242E-001
 -0.16986259E-001
 -0.16986276E-001
 -0.16986293E-001
 -0.16986309E-001
 -0.16986325E-001
 -0.16986340E-001
 -0.16986355E-001
 -0.16986370E-001
 -0.16986384E-001
 -0.16986398E-001
 -0.16986411E-001
 -0.16986424E-001
 -0.16986436E-001
 -0.16986449E-001
 -0.16986460E-001
 -0.16986472E-001
 -0.16986483E-001
 -0.16986494E-001
 -0.16986504E-001
 -0.16986514E-001
 -0.16986524E-001
 -0.16986533E-001
 -0.16986542E-001
 -0.16986551E-001
 -0.16986559E-001
 -0.16986567E-001
 -0.16986575E-001
 -0.16986582E-001
 -0.16986589E-001
 -0.16986596E-001
 -0.16986603E-001
 -0.16986609E-001
 -0.16986615E-001
 -0.16986621E-001
 -0.16986627E-001
 -0.16986632E-001
 -0.16986637E-001
 -0.16986642E-001
 -0.16986647E-001
 -0.16986652E-001
 -0.16986656E-001
 -0.16986660E-001
 -0.16986664E-001
 -0.16986668E-001
 -0.16986671E-001
 -0.16986675E-001
 -0.16986678E-001
 -0.16986681E-001
 -0.16986684E-001
 -0.16986687E-001
 -0.16986690E-001
 -0.16986692E-001
 -0.16986695E-001
 -0.16986697E-001
 -0.16986699E-001
 -0.16986701E-001
 -0.16986703E-001
 -0.16986705E-001
 -0.16986707E-001
 -0.16986709E-001
 -0.16986710E-001
 -0.16986712E-001
 -0.16986713E-001
 -0.16986714E-001
 -0.16986716E-001
 -0.16986717E-001
 -0.16986718E-001
 -0.16986719E-001
 -0.16986720E-001
 -0.16986721E-001
 -0.16986722E-001
 -0.16986723E-001
 -0.16986723E-001
 -0.16986724E-001
 -0.16986725E-001
 -0.16986725E-001
 -0.16986726E-001
 -0.16986727E-001
 -0.16986728E-001
