  0.43798579E+000
  0.43855272E+000
  0.43895545E+000
  0.43926387E+000
  0.43950280E+000
  0.43968617E+000
  0.43982395E+000
  0.43992390E+000
  0.43999228E+000
  0.44003441E+000
  0.44005477E+000
  0.44005709E+000
  0.44004452E+000
  0.44001967E+000
  0.43998479E+000
  0.43994166E+000
  0.43989186E+000
  0.43983669E+000
  0.43977728E+000
  0.43971455E+000
  0.43964928E+000
  0.43958215E+000
  0.43951373E+000
  0.43944449E+000
  0.43937487E+000
  0.43930524E+000
  0.43923592E+000
  0.43916720E+000
  0.43909936E+000
  0.43903262E+000
  0.43896720E+000
  0.43890330E+000
  0.43884112E+000
  0.43878080E+000
  0.43872252E+000
  0.43866642E+000
  0.43861263E+000
  0.43856125E+000
  0.43851239E+000
  0.43846613E+000
  0.43842252E+000
  0.43838161E+000
  0.43834341E+000
  0.43830790E+000
  0.43827507E+000
  0.43824486E+000
  0.43821718E+000
  0.43819194E+000
  0.43816903E+000
  0.43814831E+000
  0.43812963E+000
  0.43811284E+000
  0.43809779E+000
  0.43808430E+000
  0.43807223E+000
  0.43806142E+000
  0.43805174E+000
  0.43804303E+000
  0.43803520E+000
  0.43802812E+000
  0.43802170E+000
  0.43801587E+000
  0.43801054E+000
  0.43800567E+000
  0.43800121E+000
  0.43799710E+000
  0.43799333E+000
  0.43798985E+000
  0.43798666E+000
  0.43798373E+000
  0.43798104E+000
  0.43797858E+000
  0.43797635E+000
  0.43797432E+000
  0.43797250E+000
  0.43797087E+000
  0.43796942E+000
  0.43796814E+000
  0.43796703E+000
  0.43796608E+000
  0.43796527E+000
  0.43796461E+000
  0.43796407E+000
  0.43796366E+000
  0.43796336E+000
  0.43796316E+000
  0.43796305E+000
  0.43796303E+000
  0.43796309E+000
  0.43796322E+000
  0.43796342E+000
  0.43796366E+000
  0.43796396E+000
  0.43796429E+000
  0.43796466E+000
  0.43796507E+000
  0.43796549E+000
  0.43796594E+000
  0.43796640E+000
  0.43796687E+000
  0.43796735E+000
  0.43796784E+000
  0.43796833E+000
  0.43796882E+000
  0.43796931E+000
  0.43796979E+000
  0.43797027E+000
  0.43797075E+000
  0.43797122E+000
  0.43797168E+000
  0.43797213E+000
  0.43797257E+000
  0.43797301E+000
  0.43797343E+000
  0.43797384E+000
  0.43797425E+000
  0.43797464E+000
  0.43797502E+000
  0.43797540E+000
  0.43797576E+000
  0.43797611E+000
  0.43797646E+000
  0.43797679E+000
  0.43797712E+000
  0.43797743E+000
  0.43797774E+000
  0.43797803E+000
  0.43797832E+000
  0.43797860E+000
  0.43797887E+000
  0.43797913E+000
  0.43797938E+000
  0.43797963E+000
  0.43797986E+000
  0.43798009E+000
  0.43798031E+000
  0.43798053E+000
  0.43798073E+000
  0.43798093E+000
  0.43798112E+000
  0.43798131E+000
  0.43798149E+000
  0.43798166E+000
  0.43798183E+000
  0.43798199E+000
  0.43798215E+000
  0.43798229E+000
  0.43798244E+000
  0.43798258E+000
  0.43798271E+000
  0.43798284E+000
  0.43798296E+000
  0.43798308E+000
  0.43798320E+000
  0.43798331E+000
  0.43798342E+000
  0.43798352E+000
  0.43798362E+000
  0.43798371E+000
  0.43798381E+000
  0.43798390E+000
  0.43798398E+000
  0.43798406E+000
  0.43798414E+000
  0.43798422E+000
  0.43798429E+000
  0.43798436E+000
  0.43798443E+000
  0.43798450E+000
  0.43798456E+000
  0.43798462E+000
  0.43798468E+000
  0.43798473E+000
  0.43798479E+000
  0.43798484E+000
  0.43798489E+000
  0.43798494E+000
  0.43798498E+000
  0.43798503E+000
  0.43798507E+000
  0.43798511E+000
  0.43798515E+000
  0.43798519E+000
  0.43798522E+000
  0.43798526E+000
  0.43798529E+000
  0.43798532E+000
  0.43798535E+000
  0.43798538E+000
  0.43798541E+000
  0.43798543E+000
  0.43798546E+000
  0.43798548E+000
  0.43798550E+000
  0.43798553E+000
  0.43798555E+000
  0.43798556E+000
  0.43798558E+000
  0.43798559E+000
  0.43798560E+000
