  0.73642971E+000
  0.73583767E+000
  0.73560156E+000
  0.73547788E+000
  0.73538694E+000
  0.73531753E+000
  0.73526568E+000
  0.73522696E+000
  0.73519838E+000
  0.73517818E+000
  0.73516466E+000
  0.73515652E+000
  0.73515240E+000
  0.73515110E+000
  0.73515164E+000
  0.73515324E+000
  0.73515526E+000
  0.73515713E+000
  0.73515778E+000
  0.73515735E+000
  0.73515591E+000
  0.73515347E+000
  0.73515006E+000
  0.73514569E+000
  0.73514043E+000
  0.73513435E+000
  0.73512753E+000
  0.73512007E+000
  0.73511207E+000
  0.73510363E+000
  0.73509487E+000
  0.73508588E+000
  0.73507677E+000
  0.73506762E+000
  0.73505851E+000
  0.73504951E+000
  0.73504068E+000
  0.73503208E+000
  0.73502374E+000
  0.73501569E+000
  0.73500796E+000
  0.73500055E+000
  0.73499349E+000
  0.73498677E+000
  0.73498039E+000
  0.73497433E+000
  0.73496859E+000
  0.73496316E+000
  0.73495802E+000
  0.73495315E+000
  0.73494853E+000
  0.73494415E+000
  0.73494000E+000
  0.73493604E+000
  0.73493228E+000
  0.73492869E+000
  0.73492527E+000
  0.73492201E+000
  0.73491890E+000
  0.73491594E+000
  0.73491313E+000
  0.73491045E+000
  0.73490792E+000
  0.73490553E+000
  0.73490327E+000
  0.73490115E+000
  0.73489916E+000
  0.73489730E+000
  0.73489557E+000
  0.73489396E+000
  0.73489247E+000
  0.73489109E+000
  0.73488981E+000
  0.73488864E+000
  0.73488757E+000
  0.73488659E+000
  0.73488570E+000
  0.73488489E+000
  0.73488415E+000
  0.73488348E+000
  0.73488287E+000
  0.73488232E+000
  0.73488183E+000
  0.73488138E+000
  0.73488098E+000
  0.73488061E+000
  0.73488028E+000
  0.73487998E+000
  0.73487970E+000
  0.73487945E+000
  0.73487922E+000
  0.73487900E+000
  0.73487880E+000
  0.73487861E+000
  0.73487842E+000
  0.73487825E+000
  0.73487808E+000
  0.73487792E+000
  0.73487776E+000
  0.73487760E+000
  0.73487745E+000
  0.73487729E+000
  0.73487714E+000
  0.73487698E+000
  0.73487683E+000
  0.73487668E+000
  0.73487652E+000
  0.73487637E+000
  0.73487622E+000
  0.73487607E+000
  0.73487591E+000
  0.73487576E+000
  0.73487561E+000
  0.73487546E+000
  0.73487531E+000
  0.73487517E+000
  0.73487502E+000
  0.73487488E+000
  0.73487473E+000
  0.73487460E+000
  0.73487446E+000
  0.73487433E+000
  0.73487419E+000
  0.73487407E+000
  0.73487394E+000
  0.73487382E+000
  0.73487370E+000
  0.73487359E+000
  0.73487348E+000
  0.73487337E+000
  0.73487326E+000
  0.73487316E+000
  0.73487307E+000
  0.73487297E+000
  0.73487288E+000
  0.73487280E+000
  0.73487272E+000
  0.73487264E+000
  0.73487256E+000
  0.73487249E+000
  0.73487242E+000
  0.73487236E+000
  0.73487230E+000
  0.73487224E+000
  0.73487219E+000
  0.73487213E+000
  0.73487209E+000
  0.73487204E+000
  0.73487200E+000
  0.73487196E+000
  0.73487192E+000
  0.73487188E+000
  0.73487185E+000
  0.73487182E+000
  0.73487180E+000
  0.73487177E+000
  0.73487175E+000
  0.73487173E+000
  0.73487171E+000
  0.73487169E+000
  0.73487168E+000
  0.73487166E+000
  0.73487165E+000
  0.73487164E+000
  0.73487163E+000
  0.73487163E+000
  0.73487162E+000
  0.73487162E+000
  0.73487161E+000
  0.73487161E+000
  0.73487161E+000
  0.73487161E+000
  0.73487161E+000
  0.73487161E+000
  0.73487161E+000
  0.73487161E+000
  0.73487161E+000
  0.73487162E+000
  0.73487162E+000
  0.73487163E+000
  0.73487163E+000
  0.73487163E+000
  0.73487164E+000
  0.73487164E+000
  0.73487165E+000
  0.73487166E+000
  0.73487166E+000
  0.73487167E+000
  0.73487167E+000
  0.73487168E+000
  0.73487168E+000
  0.73487169E+000
  0.73487169E+000
  0.73487170E+000
  0.73487170E+000
  0.73487171E+000
  0.73487171E+000
  0.73487172E+000
  0.73487172E+000
  0.73487175E+000
