  0.30519956E+001
  0.29398686E+001
  0.29561740E+001
  0.29735007E+001
  0.29854637E+001
  0.29944259E+001
  0.30019935E+001
  0.30083778E+001
  0.30137839E+001
  0.30183980E+001
  0.30222417E+001
  0.30254571E+001
  0.30281888E+001
  0.30305171E+001
  0.30325037E+001
  0.30342041E+001
  0.30356633E+001
  0.30369132E+001
  0.30379836E+001
  0.30388992E+001
  0.30396905E+001
  0.30403693E+001
  0.30409490E+001
  0.30414424E+001
  0.30418642E+001
  0.30422255E+001
  0.30425335E+001
  0.30427965E+001
  0.30430187E+001
  0.30432071E+001
  0.30433663E+001
  0.30435011E+001
  0.30436149E+001
  0.30437116E+001
  0.30437938E+001
  0.30438646E+001
  0.30439255E+001
  0.30439796E+001
  0.30440276E+001
  0.30440713E+001
  0.30441119E+001
  0.30441500E+001
  0.30441864E+001
  0.30442215E+001
  0.30442556E+001
  0.30442885E+001
  0.30443211E+001
  0.30443525E+001
  0.30443830E+001
  0.30444121E+001
  0.30444404E+001
  0.30444672E+001
  0.30444925E+001
  0.30445165E+001
  0.30445391E+001
  0.30445605E+001
  0.30445803E+001
  0.30445996E+001
  0.30446175E+001
  0.30446351E+001
  0.30446519E+001
  0.30446684E+001
  0.30446847E+001
  0.30447008E+001
  0.30447170E+001
  0.30447332E+001
  0.30447495E+001
  0.30447660E+001
  0.30447825E+001
  0.30447993E+001
  0.30448160E+001
  0.30448328E+001
  0.30448497E+001
  0.30448665E+001
  0.30448832E+001
  0.30448998E+001
  0.30449161E+001
  0.30449323E+001
  0.30449481E+001
  0.30449637E+001
  0.30449789E+001
  0.30449937E+001
  0.30450082E+001
  0.30450222E+001
  0.30450358E+001
  0.30450489E+001
  0.30450616E+001
  0.30450738E+001
  0.30450856E+001
  0.30450970E+001
  0.30451079E+001
  0.30451185E+001
  0.30451286E+001
  0.30451383E+001
  0.30451477E+001
  0.30451567E+001
  0.30451654E+001
  0.30451738E+001
  0.30451819E+001
  0.30451897E+001
  0.30451972E+001
  0.30452045E+001
  0.30452115E+001
  0.30452183E+001
  0.30452249E+001
  0.30452313E+001
  0.30452375E+001
  0.30452436E+001
  0.30452494E+001
  0.30452551E+001
  0.30452607E+001
  0.30452661E+001
  0.30452713E+001
  0.30452764E+001
  0.30452814E+001
  0.30452862E+001
  0.30452909E+001
  0.30452954E+001
  0.30452999E+001
  0.30453042E+001
  0.30453084E+001
  0.30453125E+001
  0.30453164E+001
  0.30453203E+001
  0.30453240E+001
  0.30453276E+001
  0.30453311E+001
  0.30453345E+001
  0.30453378E+001
  0.30453410E+001
  0.30453441E+001
  0.30453471E+001
  0.30453500E+001
  0.30453528E+001
  0.30453555E+001
  0.30453581E+001
  0.30453607E+001
  0.30453631E+001
  0.30453654E+001
  0.30453677E+001
  0.30453698E+001
  0.30453719E+001
  0.30453739E+001
  0.30453758E+001
  0.30453776E+001
  0.30453793E+001
  0.30453810E+001
  0.30453826E+001
  0.30453841E+001
  0.30453855E+001
  0.30453868E+001
  0.30453881E+001
  0.30453893E+001
  0.30453904E+001
  0.30453915E+001
  0.30453924E+001
  0.30453933E+001
  0.30453942E+001
  0.30453949E+001
  0.30453956E+001
  0.30453962E+001
  0.30453968E+001
  0.30453973E+001
  0.30453977E+001
  0.30453981E+001
  0.30453984E+001
  0.30453986E+001
  0.30453988E+001
  0.30453989E+001
  0.30453990E+001
  0.30453990E+001
  0.30453989E+001
  0.30453988E+001
  0.30453987E+001
  0.30453985E+001
  0.30453982E+001
  0.30453979E+001
  0.30453976E+001
  0.30453972E+001
  0.30453968E+001
  0.30453963E+001
  0.30453959E+001
  0.30453953E+001
  0.30453948E+001
  0.30453942E+001
  0.30453936E+001
  0.30453929E+001
  0.30453923E+001
  0.30453916E+001
  0.30453909E+001
  0.30453901E+001
  0.30453894E+001
  0.30453886E+001
  0.30453878E+001
  0.30453870E+001
  0.30453862E+001
  0.30453854E+001
  0.30453846E+001
  0.30453839E+001
  0.30453830E+001
