  0.69748979E+000  0.89525861E+000  0.10048097E+001  0.25829985E+001
  0.69693329E+000  0.89484784E+000  0.10046605E+001  0.25829208E+001
  0.69648672E+000  0.89464712E+000  0.10041172E+001  0.25827642E+001
  0.69635278E+000  0.89429116E+000  0.10037212E+001  0.25825710E+001
  0.69622680E+000  0.89402204E+000  0.10034590E+001  0.25823458E+001
  0.69614820E+000  0.89377441E+000  0.10032429E+001  0.25821454E+001
  0.69583223E+000  0.89381695E+000  0.10030600E+001  0.25819654E+001
  0.69578444E+000  0.89363278E+000  0.10029619E+001  0.25817467E+001
  0.69574314E+000  0.89348077E+000  0.10028444E+001  0.25815833E+001
  0.69570700E+000  0.89334876E+000  0.10027544E+001  0.25814294E+001
  0.69567462E+000  0.89323461E+000  0.10026797E+001  0.25812921E+001
  0.69564474E+000  0.89313793E+000  0.10025917E+001  0.25811938E+001
  0.69561502E+000  0.89301282E+000  0.10025768E+001  0.25810896E+001
  0.69558923E+000  0.89294183E+000  0.10025103E+001  0.25810122E+001
  0.69556539E+000  0.89287855E+000  0.10024676E+001  0.25809303E+001
  0.69554279E+000  0.89282567E+000  0.10024171E+001  0.25808693E+001
  0.69552120E+000  0.89278013E+000  0.10023731E+001  0.25808147E+001
  0.69549683E+000  0.89274456E+000  0.10023458E+001  0.25807547E+001
  0.69547678E+000  0.89270417E+000  0.10023188E+001  0.25807109E+001
  0.69545731E+000  0.89267350E+000  0.10022910E+001  0.25806716E+001
  0.69543833E+000  0.89264846E+000  0.10022652E+001  0.25806361E+001
  0.69541977E+000  0.89262689E+000  0.10022425E+001  0.25806040E+001
  0.69540155E+000  0.89260832E+000  0.10022226E+001  0.25805750E+001
  0.69538363E+000  0.89259232E+000  0.10022050E+001  0.25805486E+001
  0.69536597E+000  0.89257852E+000  0.10021895E+001  0.25805246E+001
  0.69534853E+000  0.89256662E+000  0.10021854E+001  0.25804930E+001
  0.69533129E+000  0.89255632E+000  0.10021732E+001  0.25804729E+001
  0.69531423E+000  0.89254726E+000  0.10021624E+001  0.25804545E+001
  0.69529735E+000  0.89253946E+000  0.10021525E+001  0.25804375E+001
  0.69528065E+000  0.89253262E+000  0.10021436E+001  0.25804217E+001
  0.69526413E+000  0.89252655E+000  0.10021355E+001  0.25804071E+001
  0.69524780E+000  0.89252111E+000  0.10021280E+001  0.25803934E+001
  0.69523170E+000  0.89251617E+000  0.10021210E+001  0.25803806E+001
  0.69521584E+000  0.89251160E+000  0.10021145E+001  0.25803686E+001
  0.69520026E+000  0.89250732E+000  0.10021083E+001  0.25803573E+001
  0.69518501E+000  0.89250323E+000  0.10021024E+001  0.25803465E+001
  0.69517011E+000  0.89249927E+000  0.10020967E+001  0.25803363E+001
  0.69515562E+000  0.89249538E+000  0.10020911E+001  0.25803266E+001
  0.69514157E+000  0.89249151E+000  0.10020857E+001  0.25803173E+001
  0.69512802E+000  0.89248762E+000  0.10020804E+001  0.25803084E+001
  0.69511501E+000  0.89248370E+000  0.10020752E+001  0.25802998E+001
  0.69510257E+000  0.89247972E+000  0.10020701E+001  0.25802916E+001
  0.69509073E+000  0.89247569E+000  0.10020650E+001  0.25802836E+001
  0.69507952E+000  0.89247160E+000  0.10020600E+001  0.25802759E+001
  0.69506896E+000  0.89246746E+000  0.10020551E+001  0.25802685E+001
  0.69505905E+000  0.89246328E+000  0.10020502E+001  0.25802614E+001
  0.69504981E+000  0.89245909E+000  0.10020454E+001  0.25802545E+001
  0.69504121E+000  0.89245489E+000  0.10020407E+001  0.25802478E+001
  0.69503325E+000  0.89245072E+000  0.10020361E+001  0.25802415E+001
  0.69502590E+000  0.89244658E+000  0.10020316E+001  0.25802353E+001
  0.69501913E+000  0.89244251E+000  0.10020273E+001  0.25802295E+001
  0.69501291E+000  0.89243853E+000  0.10020230E+001  0.25802239E+001
  0.69500720E+000  0.89243464E+000  0.10020189E+001  0.25802186E+001
  0.69500195E+000  0.89243086E+000  0.10020149E+001  0.25802135E+001
  0.69499713E+000  0.89242720E+000  0.10020110E+001  0.25802088E+001
  0.69499270E+000  0.89242368E+000  0.10020073E+001  0.25802043E+001
  0.69498862E+000  0.89242029E+000  0.10020037E+001  0.25802000E+001
  0.69498486E+000  0.89241705E+000  0.10020002E+001  0.25801961E+001
  0.69498138E+000  0.89241407E+000  0.10019968E+001  0.25801924E+001
  0.69497816E+000  0.89241112E+000  0.10019936E+001  0.25801889E+001
  0.69497516E+000  0.89240831E+000  0.10019905E+001  0.25801857E+001
  0.69497238E+000  0.89240564E+000  0.10019876E+001  0.25801827E+001
  0.69496980E+000  0.89240311E+000  0.10019847E+001  0.25801799E+001
  0.69496739E+000  0.89240072E+000  0.10019821E+001  0.25801774E+001
  0.69496515E+000  0.89239846E+000  0.10019795E+001  0.25801750E+001
  0.69496306E+000  0.89239634E+000  0.10019770E+001  0.25801729E+001
  0.69496112E+000  0.89239435E+000  0.10019747E+001  0.25801709E+001
  0.69495931E+000  0.89239248E+000  0.10019725E+001  0.25801691E+001
  0.69495764E+000  0.89239074E+000  0.10019704E+001  0.25801675E+001
  0.69495609E+000  0.89238912E+000  0.10019684E+001  0.25801661E+001
  0.69495466E+000  0.89238762E+000  0.10019665E+001  0.25801648E+001
  0.69495335E+000  0.89238623E+000  0.10019647E+001  0.25801636E+001
  0.69495214E+000  0.89238495E+000  0.10019630E+001  0.25801626E+001
  0.69495104E+000  0.89238377E+000  0.10019614E+001  0.25801617E+001
  0.69495003E+000  0.89238270E+000  0.10019599E+001  0.25801610E+001
  0.69494912E+000  0.89238172E+000  0.10019585E+001  0.25801603E+001
  0.69494830E+000  0.89238083E+000  0.10019572E+001  0.25801597E+001
  0.69494756E+000  0.89238002E+000  0.10019559E+001  0.25801593E+001
  0.69494691E+000  0.89237929E+000  0.10019547E+001  0.25801589E+001
  0.69494632E+000  0.89237864E+000  0.10019536E+001  0.25801586E+001
  0.69494580E+000  0.89237806E+000  0.10019525E+001  0.25801584E+001
  0.69494535E+000  0.89237754E+000  0.10019515E+001  0.25801582E+001
  0.69494496E+000  0.89237708E+000  0.10019505E+001  0.25801581E+001
  0.69494462E+000  0.89237667E+000  0.10019496E+001  0.25801580E+001
  0.69494433E+000  0.89237631E+000  0.10019487E+001  0.25801580E+001
  0.69494408E+000  0.89237599E+000  0.10019479E+001  0.25801580E+001
  0.69494387E+000  0.89237572E+000  0.10019471E+001  0.25801581E+001
  0.69494370E+000  0.89237548E+000  0.10019463E+001  0.25801582E+001
  0.69494356E+000  0.89237527E+000  0.10019455E+001  0.25801583E+001
  0.69494345E+000  0.89237508E+000  0.10019448E+001  0.25801584E+001
  0.69494336E+000  0.89237492E+000  0.10019440E+001  0.25801586E+001
  0.69494330E+000  0.89237479E+000  0.10019433E+001  0.25801587E+001
  0.69494325E+000  0.89237466E+000  0.10019426E+001  0.25801589E+001
  0.69494321E+000  0.89237456E+000  0.10019419E+001  0.25801591E+001
  0.69494319E+000  0.89237446E+000  0.10019411E+001  0.25801593E+001
  0.69494318E+000  0.89237437E+000  0.10019404E+001  0.25801596E+001
  0.69494317E+000  0.89237430E+000  0.10019397E+001  0.25801598E+001
  0.69494318E+000  0.89237423E+000  0.10019390E+001  0.25801600E+001
  0.69494318E+000  0.89237416E+000  0.10019383E+001  0.25801603E+001
  0.69494319E+000  0.89237409E+000  0.10019376E+001  0.25801605E+001
  0.69494320E+000  0.89237403E+000  0.10019369E+001  0.25801608E+001
  0.69494322E+000  0.89237397E+000  0.10019361E+001  0.25801611E+001
  0.69494323E+000  0.89237391E+000  0.10019354E+001  0.25801613E+001
  0.69494324E+000  0.89237385E+000  0.10019347E+001  0.25801616E+001
  0.69494325E+000  0.89237379E+000  0.10019340E+001  0.25801619E+001
  0.69494325E+000  0.89237372E+000  0.10019332E+001  0.25801622E+001
  0.69494326E+000  0.89237366E+000  0.10019325E+001  0.25801625E+001
  0.69494326E+000  0.89237359E+000  0.10019318E+001  0.25801628E+001
  0.69494326E+000  0.89237352E+000  0.10019310E+001  0.25801631E+001
  0.69494326E+000  0.89237345E+000  0.10019303E+001  0.25801634E+001
  0.69494325E+000  0.89237338E+000  0.10019295E+001  0.25801638E+001
  0.69494324E+000  0.89237330E+000  0.10019288E+001  0.25801641E+001
  0.69494323E+000  0.89237322E+000  0.10019281E+001  0.25801645E+001
  0.69494321E+000  0.89237315E+000  0.10019274E+001  0.25801648E+001
  0.69494319E+000  0.89237306E+000  0.10019266E+001  0.25801652E+001
  0.69494317E+000  0.89237298E+000  0.10019259E+001  0.25801655E+001
  0.69494315E+000  0.89237290E+000  0.10019252E+001  0.25801659E+001
  0.69494312E+000  0.89237282E+000  0.10019245E+001  0.25801663E+001
  0.69494309E+000  0.89237273E+000  0.10019238E+001  0.25801667E+001
  0.69494306E+000  0.89237264E+000  0.10019231E+001  0.25801671E+001
  0.69494302E+000  0.89237256E+000  0.10019225E+001  0.25801675E+001
  0.69494299E+000  0.89237247E+000  0.10019218E+001  0.25801679E+001
  0.69494295E+000  0.89237239E+000  0.10019211E+001  0.25801683E+001
  0.69494291E+000  0.89237230E+000  0.10019205E+001  0.25801688E+001
  0.69494287E+000  0.89237221E+000  0.10019199E+001  0.25801692E+001
  0.69494283E+000  0.89237213E+000  0.10019192E+001  0.25801696E+001
  0.69494279E+000  0.89237204E+000  0.10019186E+001  0.25801701E+001
  0.69494274E+000  0.89237196E+000  0.10019180E+001  0.25801705E+001
  0.69494270E+000  0.89237188E+000  0.10019175E+001  0.25801709E+001
  0.69494265E+000  0.89237180E+000  0.10019169E+001  0.25801713E+001
  0.69494260E+000  0.89237172E+000  0.10019163E+001  0.25801718E+001
  0.69494256E+000  0.89237164E+000  0.10019158E+001  0.25801722E+001
  0.69494251E+000  0.89237156E+000  0.10019153E+001  0.25801726E+001
  0.69494246E+000  0.89237148E+000  0.10019148E+001  0.25801730E+001
  0.69494242E+000  0.89237141E+000  0.10019143E+001  0.25801734E+001
  0.69494237E+000  0.89237134E+000  0.10019138E+001  0.25801738E+001
  0.69494232E+000  0.89237126E+000  0.10019133E+001  0.25801741E+001
  0.69494228E+000  0.89237120E+000  0.10019128E+001  0.25801745E+001
  0.69494223E+000  0.89237113E+000  0.10019124E+001  0.25801748E+001
  0.69494218E+000  0.89237106E+000  0.10019120E+001  0.25801751E+001
  0.69494214E+000  0.89237100E+000  0.10019115E+001  0.25801754E+001
  0.69494209E+000  0.89237094E+000  0.10019111E+001  0.25801757E+001
  0.69494205E+000  0.89237088E+000  0.10019108E+001  0.25801760E+001
  0.69494201E+000  0.89237082E+000  0.10019104E+001  0.25801762E+001
  0.69494197E+000  0.89237077E+000  0.10019100E+001  0.25801764E+001
  0.69494192E+000  0.89237072E+000  0.10019097E+001  0.25801766E+001
  0.69494188E+000  0.89237067E+000  0.10019093E+001  0.25801767E+001
  0.69494185E+000  0.89237062E+000  0.10019090E+001  0.25801768E+001
  0.69494181E+000  0.89237057E+000  0.10019087E+001  0.25801769E+001
  0.69494177E+000  0.89237053E+000  0.10019084E+001  0.25801769E+001
  0.69494174E+000  0.89237049E+000  0.10019081E+001  0.25801769E+001
  0.69494170E+000  0.89237045E+000  0.10019078E+001  0.25801769E+001
  0.69494167E+000  0.89237041E+000  0.10019075E+001  0.25801768E+001
  0.69494164E+000  0.89237037E+000  0.10019073E+001  0.25801767E+001
  0.69494161E+000  0.89237034E+000  0.10019070E+001  0.25801765E+001
  0.69494158E+000  0.89237031E+000  0.10019068E+001  0.25801763E+001
  0.69494155E+000  0.89237027E+000  0.10019066E+001  0.25801761E+001
  0.69494153E+000  0.89237025E+000  0.10019063E+001  0.25801758E+001
  0.69494150E+000  0.89237022E+000  0.10019061E+001  0.25801755E+001
  0.69494148E+000  0.89237019E+000  0.10019059E+001  0.25801751E+001
  0.69494146E+000  0.89237017E+000  0.10019057E+001  0.25801747E+001
  0.69494143E+000  0.89237015E+000  0.10019056E+001  0.25801742E+001
  0.69494142E+000  0.89237013E+000  0.10019054E+001  0.25801737E+001
  0.69494140E+000  0.89237011E+000  0.10019052E+001  0.25801731E+001
  0.69494138E+000  0.89237010E+000  0.10019051E+001  0.25801725E+001
  0.69494136E+000  0.89237008E+000  0.10019049E+001  0.25801719E+001
  0.69494135E+000  0.89237007E+000  0.10019048E+001  0.25801712E+001
  0.69494133E+000  0.89237005E+000  0.10019046E+001  0.25801704E+001
  0.69494132E+000  0.89237004E+000  0.10019045E+001  0.25801697E+001
  0.69494131E+000  0.89237003E+000  0.10019044E+001  0.25801688E+001
  0.69494130E+000  0.89237002E+000  0.10019043E+001  0.25801680E+001
  0.69494129E+000  0.89237001E+000  0.10019042E+001  0.25801670E+001
  0.69494128E+000  0.89237001E+000  0.10019040E+001  0.25801661E+001
  0.69494127E+000  0.89237000E+000  0.10019039E+001  0.25801651E+001
  0.69494126E+000  0.89236999E+000  0.10019039E+001  0.25801641E+001
  0.69494125E+000  0.89236999E+000  0.10019038E+001  0.25801630E+001
  0.69494125E+000  0.89236998E+000  0.10019037E+001  0.25801619E+001
  0.69494124E+000  0.89236998E+000  0.10019036E+001  0.25801608E+001
  0.69494124E+000  0.89236998E+000  0.10019035E+001  0.25801596E+001
  0.69494123E+000  0.89236998E+000  0.10019034E+001  0.25801584E+001
  0.69494123E+000  0.89236997E+000  0.10019034E+001  0.25801572E+001
  0.69494123E+000  0.89236997E+000  0.10019033E+001  0.25801559E+001
  0.69494122E+000  0.89236997E+000  0.10019033E+001  0.25801546E+001
  0.69494122E+000  0.89236997E+000  0.10019032E+001  0.25801533E+001
  0.69494122E+000  0.89236997E+000  0.10019031E+001  0.25801520E+001
  0.69494122E+000  0.89236997E+000  0.10019031E+001  0.25801506E+001
  0.69494121E+000  0.89236997E+000  0.10019030E+001  0.25801493E+001
  0.69494121E+000  0.89236997E+000  0.10019030E+001  0.25801479E+001
  0.69494121E+000  0.89236997E+000  0.10019029E+001  0.25801465E+001
  0.69494121E+000  0.89236998E+000  0.10019029E+001  0.25801451E+001
  0.69494121E+000  0.89236998E+000  0.10019029E+001  0.25801436E+001
  0.69494121E+000  0.89236998E+000  0.10019028E+001  0.25801422E+001
  0.69494121E+000  0.89236998E+000  0.10019028E+001  0.25801408E+001
  0.69494121E+000  0.89236998E+000  0.10019028E+001  0.25801393E+001
  0.69494121E+000  0.89236998E+000  0.10019027E+001  0.25801379E+001
  0.69494121E+000  0.89236998E+000  0.10019027E+001  0.25801364E+001
  0.69494121E+000  0.89236998E+000  0.10019027E+001  0.25801350E+001
  0.69494121E+000  0.89236998E+000  0.10019026E+001  0.25801335E+001
  0.69494121E+000  0.89236999E+000  0.10019026E+001  0.25801321E+001
  0.69494121E+000  0.89236999E+000  0.10019026E+001  0.25801306E+001
