  0.78141226E+000  0.89720221E+000  0.11003477E+001  0.24015944E+001
  0.78016015E+000  0.89639767E+000  0.11007307E+001  0.24020740E+001
  0.78000541E+000  0.89529690E+000  0.11006287E+001  0.24020842E+001
  0.77976299E+000  0.89461492E+000  0.11004910E+001  0.24020672E+001
  0.77952623E+000  0.89413744E+000  0.11003463E+001  0.24020437E+001
  0.77932196E+000  0.89382216E+000  0.11001533E+001  0.24020135E+001
  0.77914837E+000  0.89367461E+000  0.10998743E+001  0.24019773E+001
  0.77900053E+000  0.89357602E+000  0.10996125E+001  0.24019368E+001
  0.77887472E+000  0.89350394E+000  0.10993796E+001  0.24018933E+001
  0.77876737E+000  0.89345044E+000  0.10991736E+001  0.24018481E+001
  0.77867536E+000  0.89341092E+000  0.10989927E+001  0.24018021E+001
  0.77859630E+000  0.89338235E+000  0.10988339E+001  0.24017556E+001
  0.77852819E+000  0.89336232E+000  0.10986946E+001  0.24017091E+001
  0.77846939E+000  0.89334883E+000  0.10985726E+001  0.24016628E+001
  0.77841847E+000  0.89334026E+000  0.10984660E+001  0.24016171E+001
  0.77837429E+000  0.89333539E+000  0.10983733E+001  0.24015718E+001
  0.77833590E+000  0.89333324E+000  0.10982930E+001  0.24015270E+001
  0.77830245E+000  0.89333297E+000  0.10982238E+001  0.24014827E+001
  0.77827326E+000  0.89333399E+000  0.10981644E+001  0.24014390E+001
  0.77824769E+000  0.89333580E+000  0.10981138E+001  0.24013960E+001
  0.77822527E+000  0.89333807E+000  0.10980710E+001  0.24013537E+001
  0.77820554E+000  0.89334050E+000  0.10980350E+001  0.24013121E+001
  0.77818815E+000  0.89334294E+000  0.10980050E+001  0.24012713E+001
  0.77817275E+000  0.89334526E+000  0.10979802E+001  0.24012314E+001
  0.77815909E+000  0.89334733E+000  0.10979598E+001  0.24011923E+001
  0.77814691E+000  0.89334909E+000  0.10979433E+001  0.24011542E+001
  0.77813601E+000  0.89335049E+000  0.10979301E+001  0.24011171E+001
  0.77812621E+000  0.89335152E+000  0.10979195E+001  0.24010811E+001
  0.77811734E+000  0.89335213E+000  0.10979112E+001  0.24010461E+001
  0.77810926E+000  0.89335233E+000  0.10979046E+001  0.24010124E+001
  0.77810186E+000  0.89335214E+000  0.10978994E+001  0.24009798E+001
  0.77809503E+000  0.89335157E+000  0.10978951E+001  0.24009485E+001
  0.77808868E+000  0.89335063E+000  0.10978916E+001  0.24009185E+001
  0.77808274E+000  0.89334936E+000  0.10978885E+001  0.24008898E+001
  0.77807714E+000  0.89334778E+000  0.10978857E+001  0.24008625E+001
  0.77807184E+000  0.89334592E+000  0.10978828E+001  0.24008365E+001
  0.77806677E+000  0.89334380E+000  0.10978799E+001  0.24008119E+001
  0.77806191E+000  0.89334147E+000  0.10978768E+001  0.24007886E+001
  0.77805723E+000  0.89333896E+000  0.10978733E+001  0.24007666E+001
  0.77805271E+000  0.89333628E+000  0.10978696E+001  0.24007459E+001
  0.77804832E+000  0.89333350E+000  0.10978655E+001  0.24007264E+001
  0.77804406E+000  0.89333061E+000  0.10978611E+001  0.24007082E+001
  0.77803992E+000  0.89332767E+000  0.10978564E+001  0.24006911E+001
  0.77803589E+000  0.89332469E+000  0.10978514E+001  0.24006750E+001
  0.77803197E+000  0.89332170E+000  0.10978463E+001  0.24006601E+001
  0.77802816E+000  0.89331871E+000  0.10978410E+001  0.24006460E+001
  0.77802446E+000  0.89331577E+000  0.10978356E+001  0.24006329E+001
  0.77802088E+000  0.89331286E+000  0.10978302E+001  0.24006207E+001
  0.77801741E+000  0.89331001E+000  0.10978249E+001  0.24006092E+001
  0.77801406E+000  0.89330723E+000  0.10978196E+001  0.24005985E+001
  0.77801084E+000  0.89330454E+000  0.10978145E+001  0.24005885E+001
  0.77800773E+000  0.89330192E+000  0.10978096E+001  0.24005791E+001
  0.77800475E+000  0.89329939E+000  0.10978048E+001  0.24005703E+001
  0.77800190E+000  0.89329696E+000  0.10978003E+001  0.24005620E+001
  0.77799917E+000  0.89329461E+000  0.10977960E+001  0.24005543E+001
  0.77799657E+000  0.89329235E+000  0.10977920E+001  0.24005470E+001
  0.77799409E+000  0.89329017E+000  0.10977882E+001  0.24005401E+001
  0.77799174E+000  0.89328809E+000  0.10977847E+001  0.24005337E+001
  0.77798951E+000  0.89328609E+000  0.10977813E+001  0.24005276E+001
  0.77798739E+000  0.89328417E+000  0.10977783E+001  0.24005219E+001
  0.77798540E+000  0.89328234E+000  0.10977754E+001  0.24005165E+001
  0.77798352E+000  0.89328059E+000  0.10977727E+001  0.24005114E+001
  0.77798175E+000  0.89327893E+000  0.10977703E+001  0.24005066E+001
  0.77798009E+000  0.89327735E+000  0.10977681E+001  0.24005020E+001
  0.77797854E+000  0.89327586E+000  0.10977660E+001  0.24004977E+001
  0.77797709E+000  0.89327446E+000  0.10977642E+001  0.24004936E+001
  0.77797575E+000  0.89327314E+000  0.10977625E+001  0.24004897E+001
  0.77797450E+000  0.89327191E+000  0.10977610E+001  0.24004860E+001
  0.77797335E+000  0.89327076E+000  0.10977597E+001  0.24004825E+001
  0.77797230E+000  0.89326971E+000  0.10977585E+001  0.24004791E+001
  0.77797133E+000  0.89326873E+000  0.10977576E+001  0.24004759E+001
  0.77797044E+000  0.89326784E+000  0.10977567E+001  0.24004729E+001
  0.77796964E+000  0.89326703E+000  0.10977560E+001  0.24004700E+001
  0.77796892E+000  0.89326630E+000  0.10977555E+001  0.24004672E+001
  0.77796826E+000  0.89326564E+000  0.10977551E+001  0.24004646E+001
  0.77796768E+000  0.89326506E+000  0.10977548E+001  0.24004621E+001
  0.77796715E+000  0.89326454E+000  0.10977546E+001  0.24004597E+001
  0.77796669E+000  0.89326408E+000  0.10977546E+001  0.24004574E+001
  0.77796628E+000  0.89326367E+000  0.10977547E+001  0.24004552E+001
  0.77796592E+000  0.89326332E+000  0.10977548E+001  0.24004530E+001
  0.77796561E+000  0.89326301E+000  0.10977551E+001  0.24004510E+001
  0.77796533E+000  0.89326274E+000  0.10977554E+001  0.24004491E+001
  0.77796510E+000  0.89326250E+000  0.10977558E+001  0.24004472E+001
  0.77796489E+000  0.89326230E+000  0.10977562E+001  0.24004455E+001
  0.77796472E+000  0.89326212E+000  0.10977568E+001  0.24004437E+001
  0.77796457E+000  0.89326196E+000  0.10977573E+001  0.24004421E+001
  0.77796444E+000  0.89326181E+000  0.10977579E+001  0.24004405E+001
  0.77796433E+000  0.89326168E+000  0.10977586E+001  0.24004390E+001
  0.77796423E+000  0.89326155E+000  0.10977592E+001  0.24004376E+001
  0.77796415E+000  0.89326143E+000  0.10977599E+001  0.24004362E+001
  0.77796408E+000  0.89326131E+000  0.10977606E+001  0.24004348E+001
  0.77796401E+000  0.89326119E+000  0.10977614E+001  0.24004335E+001
  0.77796395E+000  0.89326106E+000  0.10977621E+001  0.24004323E+001
  0.77796390E+000  0.89326093E+000  0.10977628E+001  0.24004311E+001
  0.77796385E+000  0.89326079E+000  0.10977635E+001  0.24004300E+001
  0.77796380E+000  0.89326065E+000  0.10977643E+001  0.24004288E+001
  0.77796375E+000  0.89326049E+000  0.10977650E+001  0.24004278E+001
  0.77796370E+000  0.89326033E+000  0.10977657E+001  0.24004267E+001
  0.77796365E+000  0.89326016E+000  0.10977664E+001  0.24004257E+001
  0.77796359E+000  0.89325998E+000  0.10977670E+001  0.24004248E+001
  0.77796354E+000  0.89325979E+000  0.10977677E+001  0.24004238E+001
  0.77796348E+000  0.89325960E+000  0.10977683E+001  0.24004230E+001
  0.77796342E+000  0.89325939E+000  0.10977690E+001  0.24004221E+001
  0.77796335E+000  0.89325918E+000  0.10977696E+001  0.24004213E+001
  0.77796328E+000  0.89325896E+000  0.10977702E+001  0.24004204E+001
  0.77796321E+000  0.89325874E+000  0.10977707E+001  0.24004197E+001
  0.77796314E+000  0.89325851E+000  0.10977713E+001  0.24004189E+001
  0.77796307E+000  0.89325828E+000  0.10977718E+001  0.24004182E+001
  0.77796299E+000  0.89325805E+000  0.10977723E+001  0.24004175E+001
  0.77796291E+000  0.89325781E+000  0.10977728E+001  0.24004169E+001
  0.77796283E+000  0.89325757E+000  0.10977733E+001  0.24004162E+001
  0.77796275E+000  0.89325733E+000  0.10977737E+001  0.24004156E+001
  0.77796266E+000  0.89325709E+000  0.10977741E+001  0.24004151E+001
  0.77796258E+000  0.89325685E+000  0.10977746E+001  0.24004145E+001
  0.77796249E+000  0.89325662E+000  0.10977749E+001  0.24004140E+001
  0.77796241E+000  0.89325638E+000  0.10977753E+001  0.24004135E+001
  0.77796232E+000  0.89325614E+000  0.10977757E+001  0.24004130E+001
  0.77796223E+000  0.89325591E+000  0.10977760E+001  0.24004126E+001
  0.77796215E+000  0.89325568E+000  0.10977763E+001  0.24004122E+001
  0.77796206E+000  0.89325545E+000  0.10977766E+001  0.24004118E+001
  0.77796198E+000  0.89325523E+000  0.10977769E+001  0.24004114E+001
  0.77796190E+000  0.89325501E+000  0.10977772E+001  0.24004111E+001
  0.77796181E+000  0.89325480E+000  0.10977774E+001  0.24004108E+001
  0.77796173E+000  0.89325459E+000  0.10977777E+001  0.24004105E+001
  0.77796165E+000  0.89325438E+000  0.10977779E+001  0.24004102E+001
  0.77796158E+000  0.89325418E+000  0.10977781E+001  0.24004100E+001
  0.77796150E+000  0.89325399E+000  0.10977783E+001  0.24004097E+001
  0.77796143E+000  0.89325380E+000  0.10977785E+001  0.24004095E+001
  0.77796135E+000  0.89325361E+000  0.10977786E+001  0.24004093E+001
  0.77796128E+000  0.89325343E+000  0.10977788E+001  0.24004091E+001
  0.77796121E+000  0.89325326E+000  0.10977790E+001  0.24004090E+001
  0.77796115E+000  0.89325309E+000  0.10977791E+001  0.24004088E+001
  0.77796108E+000  0.89325293E+000  0.10977792E+001  0.24004087E+001
  0.77796102E+000  0.89325277E+000  0.10977793E+001  0.24004085E+001
  0.77796096E+000  0.89325262E+000  0.10977795E+001  0.24004084E+001
  0.77796090E+000  0.89325247E+000  0.10977796E+001  0.24004083E+001
  0.77796084E+000  0.89325233E+000  0.10977797E+001  0.24004081E+001
  0.77796079E+000  0.89325220E+000  0.10977798E+001  0.24004080E+001
  0.77796074E+000  0.89325207E+000  0.10977798E+001  0.24004079E+001
  0.77796069E+000  0.89325194E+000  0.10977799E+001  0.24004078E+001
  0.77796064E+000  0.89325182E+000  0.10977800E+001  0.24004076E+001
  0.77796059E+000  0.89325171E+000  0.10977800E+001  0.24004075E+001
  0.77796055E+000  0.89325160E+000  0.10977801E+001  0.24004074E+001
  0.77796051E+000  0.89325149E+000  0.10977802E+001  0.24004072E+001
  0.77796047E+000  0.89325139E+000  0.10977802E+001  0.24004070E+001
  0.77796043E+000  0.89325130E+000  0.10977803E+001  0.24004068E+001
  0.77796039E+000  0.89325121E+000  0.10977803E+001  0.24004066E+001
  0.77796036E+000  0.89325112E+000  0.10977803E+001  0.24004064E+001
  0.77796033E+000  0.89325104E+000  0.10977804E+001  0.24004062E+001
  0.77796030E+000  0.89325096E+000  0.10977804E+001  0.24004059E+001
  0.77796027E+000  0.89325089E+000  0.10977804E+001  0.24004056E+001
  0.77796024E+000  0.89325082E+000  0.10977805E+001  0.24004053E+001
  0.77796022E+000  0.89325075E+000  0.10977805E+001  0.24004049E+001
  0.77796020E+000  0.89325069E+000  0.10977805E+001  0.24004046E+001
  0.77796018E+000  0.89325063E+000  0.10977805E+001  0.24004041E+001
  0.77796016E+000  0.89325058E+000  0.10977806E+001  0.24004037E+001
  0.77796014E+000  0.89325053E+000  0.10977806E+001  0.24004032E+001
  0.77796012E+000  0.89325048E+000  0.10977806E+001  0.24004027E+001
  0.77796011E+000  0.89325043E+000  0.10977806E+001  0.24004022E+001
  0.77796009E+000  0.89325039E+000  0.10977806E+001  0.24004016E+001
  0.77796008E+000  0.89325035E+000  0.10977806E+001  0.24004010E+001
  0.77796007E+000  0.89325031E+000  0.10977806E+001  0.24004003E+001
  0.77796006E+000  0.89325028E+000  0.10977807E+001  0.24003996E+001
  0.77796005E+000  0.89325025E+000  0.10977807E+001  0.24003989E+001
  0.77796004E+000  0.89325022E+000  0.10977807E+001  0.24003981E+001
  0.77796004E+000  0.89325019E+000  0.10977807E+001  0.24003973E+001
  0.77796003E+000  0.89325017E+000  0.10977807E+001  0.24003964E+001
  0.77796003E+000  0.89325014E+000  0.10977807E+001  0.24003956E+001
  0.77796002E+000  0.89325012E+000  0.10977807E+001  0.24003946E+001
  0.77796002E+000  0.89325011E+000  0.10977807E+001  0.24003937E+001
  0.77796002E+000  0.89325009E+000  0.10977807E+001  0.24003927E+001
  0.77796002E+000  0.89325007E+000  0.10977808E+001  0.24003916E+001
  0.77796001E+000  0.89325006E+000  0.10977808E+001  0.24003906E+001
  0.77796001E+000  0.89325004E+000  0.10977808E+001  0.24003895E+001
  0.77796001E+000  0.89325003E+000  0.10977808E+001  0.24003883E+001
  0.77796002E+000  0.89325002E+000  0.10977808E+001  0.24003872E+001
  0.77796002E+000  0.89325001E+000  0.10977808E+001  0.24003860E+001
  0.77796002E+000  0.89325001E+000  0.10977808E+001  0.24003847E+001
  0.77796002E+000  0.89325000E+000  0.10977808E+001  0.24003835E+001
  0.77796002E+000  0.89324999E+000  0.10977808E+001  0.24003822E+001
  0.77796003E+000  0.89324999E+000  0.10977808E+001  0.24003809E+001
  0.77796003E+000  0.89324998E+000  0.10977808E+001  0.24003795E+001
  0.77796003E+000  0.89324998E+000  0.10977808E+001  0.24003782E+001
  0.77796003E+000  0.89324997E+000  0.10977808E+001  0.24003768E+001
  0.77796004E+000  0.89324997E+000  0.10977809E+001  0.24003754E+001
  0.77796004E+000  0.89324997E+000  0.10977809E+001  0.24003740E+001
  0.77796005E+000  0.89324997E+000  0.10977809E+001  0.24003726E+001
  0.77796005E+000  0.89324996E+000  0.10977809E+001  0.24003712E+001
  0.77796005E+000  0.89324996E+000  0.10977809E+001  0.24003697E+001
  0.77796006E+000  0.89324996E+000  0.10977809E+001  0.24003682E+001
  0.77796006E+000  0.89324996E+000  0.10977809E+001  0.24003668E+001
  0.77796006E+000  0.89324996E+000  0.10977809E+001  0.24003653E+001
  0.77796007E+000  0.89324996E+000  0.10977809E+001  0.24003638E+001
  0.77796007E+000  0.89324996E+000  0.10977809E+001  0.24003623E+001
  0.77796007E+000  0.89324996E+000  0.10977809E+001  0.24003608E+001
  0.77796008E+000  0.89324996E+000  0.10977809E+001  0.24003593E+001
  0.77796008E+000  0.89324996E+000  0.10977809E+001  0.24003578E+001
  0.77796008E+000  0.89324996E+000  0.10977809E+001  0.24003564E+001
  0.77796008E+000  0.89324996E+000  0.10977809E+001  0.24003549E+001
  0.77796009E+000  0.89324997E+000  0.10977810E+001  0.24003534E+001
