  0.49770238E+000
  0.49644245E+000
  0.49571426E+000
  0.49518580E+000
  0.49477021E+000
  0.49443398E+000
  0.49415852E+000
  0.49393077E+000
  0.49374199E+000
  0.49358520E+000
  0.49345451E+000
  0.49334535E+000
  0.49325408E+000
  0.49317773E+000
  0.49311381E+000
  0.49306033E+000
  0.49301567E+000
  0.49297843E+000
  0.49294747E+000
  0.49292176E+000
  0.49290055E+000
  0.49288312E+000
  0.49286890E+000
  0.49285741E+000
  0.49284822E+000
  0.49284098E+000
  0.49283537E+000
  0.49283114E+000
  0.49282806E+000
  0.49282593E+000
  0.49282457E+000
  0.49282385E+000
  0.49282363E+000
  0.49282381E+000
  0.49282430E+000
  0.49282502E+000
  0.49282591E+000
  0.49282690E+000
  0.49282796E+000
  0.49282904E+000
  0.49283012E+000
  0.49283116E+000
  0.49283216E+000
  0.49283309E+000
  0.49283394E+000
  0.49283471E+000
  0.49283540E+000
  0.49283600E+000
  0.49283652E+000
  0.49283696E+000
  0.49283733E+000
  0.49283763E+000
  0.49283787E+000
  0.49283807E+000
  0.49283821E+000
  0.49283833E+000
  0.49283841E+000
  0.49283847E+000
  0.49283850E+000
  0.49283853E+000
  0.49283854E+000
  0.49283855E+000
  0.49283856E+000
  0.49283856E+000
  0.49283857E+000
  0.49283857E+000
  0.49283859E+000
  0.49283860E+000
  0.49283863E+000
  0.49283865E+000
  0.49283869E+000
  0.49283873E+000
  0.49283878E+000
  0.49283884E+000
  0.49283890E+000
  0.49283897E+000
  0.49283905E+000
  0.49283913E+000
  0.49283922E+000
  0.49283932E+000
  0.49283943E+000
  0.49283953E+000
  0.49283965E+000
  0.49283977E+000
  0.49283990E+000
  0.49284003E+000
  0.49284016E+000
  0.49284030E+000
  0.49284045E+000
  0.49284060E+000
  0.49284075E+000
  0.49284091E+000
  0.49284106E+000
  0.49284123E+000
  0.49284139E+000
  0.49284156E+000
  0.49284173E+000
  0.49284190E+000
  0.49284207E+000
  0.49284224E+000
  0.49284242E+000
  0.49284259E+000
  0.49284277E+000
  0.49284294E+000
  0.49284312E+000
  0.49284330E+000
  0.49284347E+000
  0.49284365E+000
  0.49284382E+000
  0.49284400E+000
  0.49284417E+000
  0.49284435E+000
  0.49284452E+000
  0.49284469E+000
  0.49284486E+000
  0.49284503E+000
  0.49284519E+000
  0.49284535E+000
  0.49284552E+000
  0.49284568E+000
  0.49284583E+000
  0.49284599E+000
  0.49284614E+000
  0.49284629E+000
  0.49284644E+000
  0.49284659E+000
  0.49284673E+000
  0.49284687E+000
  0.49284701E+000
  0.49284715E+000
  0.49284728E+000
  0.49284741E+000
  0.49284754E+000
  0.49284767E+000
  0.49284779E+000
  0.49284791E+000
  0.49284802E+000
  0.49284814E+000
  0.49284825E+000
  0.49284836E+000
  0.49284847E+000
  0.49284857E+000
  0.49284867E+000
  0.49284877E+000
  0.49284887E+000
  0.49284896E+000
  0.49284905E+000
  0.49284914E+000
  0.49284923E+000
  0.49284931E+000
  0.49284939E+000
  0.49284947E+000
  0.49284955E+000
  0.49284962E+000
  0.49284970E+000
  0.49284977E+000
  0.49284984E+000
  0.49284990E+000
  0.49284997E+000
  0.49285003E+000
  0.49285009E+000
  0.49285015E+000
  0.49285020E+000
  0.49285026E+000
  0.49285031E+000
  0.49285036E+000
  0.49285041E+000
  0.49285046E+000
  0.49285051E+000
  0.49285055E+000
  0.49285060E+000
  0.49285064E+000
  0.49285068E+000
  0.49285072E+000
  0.49285076E+000
  0.49285079E+000
  0.49285083E+000
  0.49285086E+000
  0.49285089E+000
  0.49285092E+000
  0.49285095E+000
  0.49285098E+000
  0.49285101E+000
  0.49285104E+000
  0.49285106E+000
  0.49285109E+000
  0.49285111E+000
  0.49285113E+000
  0.49285116E+000
  0.49285118E+000
  0.49285120E+000
  0.49285122E+000
  0.49285124E+000
  0.49285125E+000
  0.49285127E+000
  0.49285129E+000
  0.49285130E+000
  0.49285132E+000
  0.49285133E+000
  0.49285134E+000
