 -0.47077723E-001  0.61853225E-001  0.14542415E+001  0.42332906E+002
 -0.46905331E-001  0.61998082E-001  0.14553684E+001  0.42334386E+002
 -0.46802925E-001  0.62071750E-001  0.14561013E+001  0.42335592E+002
 -0.46740519E-001  0.62114998E-001  0.14566246E+001  0.42336607E+002
 -0.46704388E-001  0.62140763E-001  0.14570101E+001  0.42337460E+002
 -0.46686734E-001  0.62155003E-001  0.14572964E+001  0.42338170E+002
 -0.46682351E-001  0.62161746E-001  0.14575083E+001  0.42338754E+002
 -0.46687483E-001  0.62163391E-001  0.14576628E+001  0.42339226E+002
 -0.46699345E-001  0.62161340E-001  0.14577718E+001  0.42339602E+002
 -0.46715792E-001  0.62156655E-001  0.14578447E+001  0.42339894E+002
 -0.46735183E-001  0.62150153E-001  0.14578889E+001  0.42340116E+002
 -0.46756290E-001  0.62142461E-001  0.14579100E+001  0.42340278E+002
 -0.46778188E-001  0.62134060E-001  0.14579124E+001  0.42340388E+002
 -0.46800195E-001  0.62125314E-001  0.14578999E+001  0.42340456E+002
 -0.46821812E-001  0.62116494E-001  0.14578752E+001  0.42340487E+002
 -0.46842688E-001  0.62107795E-001  0.14578407E+001  0.42340489E+002
 -0.46862582E-001  0.62099356E-001  0.14577984E+001  0.42340466E+002
 -0.46881335E-001  0.62091274E-001  0.14577496E+001  0.42340422E+002
 -0.46898857E-001  0.62083606E-001  0.14576957E+001  0.42340361E+002
 -0.46915103E-001  0.62076386E-001  0.14576376E+001  0.42340287E+002
 -0.46930070E-001  0.62069621E-001  0.14575762E+001  0.42340202E+002
 -0.46943779E-001  0.62063305E-001  0.14575121E+001  0.42340109E+002
 -0.46956273E-001  0.62057419E-001  0.14574457E+001  0.42340010E+002
 -0.46967605E-001  0.62051936E-001  0.14573777E+001  0.42339907E+002
 -0.46977840E-001  0.62046818E-001  0.14573083E+001  0.42339801E+002
 -0.46987047E-001  0.62042023E-001  0.14572378E+001  0.42339694E+002
 -0.46995300E-001  0.62037511E-001  0.14571665E+001  0.42339587E+002
 -0.47002671E-001  0.62033238E-001  0.14570947E+001  0.42339482E+002
 -0.47009235E-001  0.62029161E-001  0.14570226E+001  0.42339378E+002
 -0.47015063E-001  0.62025239E-001  0.14569505E+001  0.42339278E+002
 -0.47020227E-001  0.62021432E-001  0.14568784E+001  0.42339182E+002
 -0.47024794E-001  0.62017705E-001  0.14568067E+001  0.42339090E+002
 -0.47028827E-001  0.62014028E-001  0.14567356E+001  0.42339003E+002
 -0.47032389E-001  0.62010375E-001  0.14566653E+001  0.42338922E+002
 -0.47035535E-001  0.62006728E-001  0.14565961E+001  0.42338847E+002
 -0.47038317E-001  0.62003075E-001  0.14565281E+001  0.42338779E+002
 -0.47040782E-001  0.61999412E-001  0.14564617E+001  0.42338716E+002
 -0.47042976E-001  0.61995740E-001  0.14563972E+001  0.42338661E+002
 -0.47044934E-001  0.61992069E-001  0.14563347E+001  0.42338612E+002
 -0.47046692E-001  0.61988415E-001  0.14562745E+001  0.42338570E+002
 -0.47048280E-001  0.61984796E-001  0.14562169E+001  0.42338535E+002
 -0.47049722E-001  0.61981236E-001  0.14561620E+001  0.42338506E+002
 -0.47051041E-001  0.61977762E-001  0.14561100E+001  0.42338484E+002
 -0.47052253E-001  0.61974397E-001  0.14560610E+001  0.42338468E+002
 -0.47053375E-001  0.61971168E-001  0.14560151E+001  0.42338458E+002
 -0.47054417E-001  0.61968094E-001  0.14559723E+001  0.42338453E+002
 -0.47055390E-001  0.61965191E-001  0.14559327E+001  0.42338453E+002
 -0.47056300E-001  0.61962472E-001  0.14558960E+001  0.42338457E+002
 -0.47057154E-001  0.61959941E-001  0.14558623E+001  0.42338466E+002
 -0.47057955E-001  0.61957597E-001  0.14558313E+001  0.42338479E+002
 -0.47058708E-001  0.61955432E-001  0.14558028E+001  0.42338495E+002
 -0.47059416E-001  0.61953436E-001  0.14557767E+001  0.42338513E+002
 -0.47060082E-001  0.61951592E-001  0.14557526E+001  0.42338534E+002
 -0.47060708E-001  0.61949882E-001  0.14557304E+001  0.42338557E+002
 -0.47061298E-001  0.61948285E-001  0.14557096E+001  0.42338581E+002
 -0.47061853E-001  0.61946782E-001  0.14556902E+001  0.42338607E+002
 -0.47062377E-001  0.61945351E-001  0.14556718E+001  0.42338632E+002
 -0.47062872E-001  0.61943974E-001  0.14556542E+001  0.42338659E+002
 -0.47063340E-001  0.61942635E-001  0.14556372E+001  0.42338685E+002
 -0.47063786E-001  0.61941319E-001  0.14556206E+001  0.42338711E+002
 -0.47064210E-001  0.61940013E-001  0.14556043E+001  0.42338736E+002
 -0.47064616E-001  0.61938707E-001  0.14555881E+001  0.42338760E+002
 -0.47065005E-001  0.61937394E-001  0.14555720E+001  0.42338783E+002
 -0.47065379E-001  0.61936067E-001  0.14555557E+001  0.42338805E+002
 -0.47065741E-001  0.61934722E-001  0.14555394E+001  0.42338825E+002
 -0.47066090E-001  0.61933356E-001  0.14555228E+001  0.42338843E+002
 -0.47066429E-001  0.61931966E-001  0.14555059E+001  0.42338860E+002
 -0.47066759E-001  0.61930552E-001  0.14554888E+001  0.42338874E+002
 -0.47067079E-001  0.61929113E-001  0.14554714E+001  0.42338887E+002
 -0.47067391E-001  0.61927651E-001  0.14554537E+001  0.42338898E+002
 -0.47067694E-001  0.61926165E-001  0.14554357E+001  0.42338906E+002
 -0.47067990E-001  0.61924657E-001  0.14554174E+001  0.42338912E+002
 -0.47068279E-001  0.61923128E-001  0.14553988E+001  0.42338916E+002
 -0.47068561E-001  0.61921582E-001  0.14553799E+001  0.42338918E+002
 -0.47068836E-001  0.61920018E-001  0.14553608E+001  0.42338918E+002
 -0.47069104E-001  0.61918441E-001  0.14553413E+001  0.42338915E+002
 -0.47069366E-001  0.61916851E-001  0.14553217E+001  0.42338910E+002
 -0.47069622E-001  0.61915253E-001  0.14553018E+001  0.42338903E+002
 -0.47069871E-001  0.61913647E-001  0.14552817E+001  0.42338894E+002
 -0.47070114E-001  0.61912037E-001  0.14552615E+001  0.42338883E+002
 -0.47070351E-001  0.61910426E-001  0.14552410E+001  0.42338870E+002
 -0.47070583E-001  0.61908816E-001  0.14552205E+001  0.42338855E+002
 -0.47070809E-001  0.61907209E-001  0.14551999E+001  0.42338838E+002
 -0.47071029E-001  0.61905609E-001  0.14551791E+001  0.42338819E+002
 -0.47071244E-001  0.61904017E-001  0.14551583E+001  0.42338799E+002
 -0.47071454E-001  0.61902436E-001  0.14551375E+001  0.42338778E+002
 -0.47071659E-001  0.61900867E-001  0.14551166E+001  0.42338754E+002
 -0.47071859E-001  0.61899314E-001  0.14550958E+001  0.42338730E+002
 -0.47072054E-001  0.61897779E-001  0.14550749E+001  0.42338705E+002
 -0.47072244E-001  0.61896262E-001  0.14550541E+001  0.42338678E+002
 -0.47072430E-001  0.61894767E-001  0.14550334E+001  0.42338650E+002
 -0.47072612E-001  0.61893294E-001  0.14550127E+001  0.42338622E+002
 -0.47072789E-001  0.61891846E-001  0.14549921E+001  0.42338592E+002
 -0.47072961E-001  0.61890423E-001  0.14549717E+001  0.42338562E+002
 -0.47073130E-001  0.61889028E-001  0.14549514E+001  0.42338531E+002
 -0.47073295E-001  0.61887660E-001  0.14549312E+001  0.42338500E+002
 -0.47073455E-001  0.61886322E-001  0.14549112E+001  0.42338469E+002
 -0.47073612E-001  0.61885014E-001  0.14548914E+001  0.42338437E+002
 -0.47073765E-001  0.61883737E-001  0.14548718E+001  0.42338404E+002
 -0.47073914E-001  0.61882492E-001  0.14548523E+001  0.42338372E+002
 -0.47074059E-001  0.61881279E-001  0.14548332E+001  0.42338340E+002
 -0.47074201E-001  0.61880099E-001  0.14548142E+001  0.42338307E+002
 -0.47074339E-001  0.61878952E-001  0.14547955E+001  0.42338275E+002
 -0.47074473E-001  0.61877839E-001  0.14547771E+001  0.42338243E+002
 -0.47074604E-001  0.61876759E-001  0.14547590E+001  0.42338211E+002
 -0.47074731E-001  0.61875713E-001  0.14547412E+001  0.42338179E+002
 -0.47074855E-001  0.61874701E-001  0.14547236E+001  0.42338148E+002
 -0.47074975E-001  0.61873722E-001  0.14547064E+001  0.42338117E+002
 -0.47075091E-001  0.61872776E-001  0.14546896E+001  0.42338086E+002
 -0.47075204E-001  0.61871864E-001  0.14546730E+001  0.42338056E+002
 -0.47075313E-001  0.61870984E-001  0.14546568E+001  0.42338026E+002
 -0.47075419E-001  0.61870137E-001  0.14546410E+001  0.42337996E+002
 -0.47075522E-001  0.61869321E-001  0.14546255E+001  0.42337968E+002
 -0.47075621E-001  0.61868537E-001  0.14546104E+001  0.42337939E+002
 -0.47075717E-001  0.61867784E-001  0.14545956E+001  0.42337912E+002
 -0.47075809E-001  0.61867061E-001  0.14545813E+001  0.42337885E+002
 -0.47075898E-001  0.61866367E-001  0.14545673E+001  0.42337858E+002
 -0.47075984E-001  0.61865703E-001  0.14545537E+001  0.42337832E+002
 -0.47076067E-001  0.61865066E-001  0.14545405E+001  0.42337807E+002
 -0.47076146E-001  0.61864457E-001  0.14545277E+001  0.42337782E+002
 -0.47076223E-001  0.61863874E-001  0.14545153E+001  0.42337758E+002
 -0.47076296E-001  0.61863317E-001  0.14545032E+001  0.42337734E+002
 -0.47076367E-001  0.61862785E-001  0.14544916E+001  0.42337711E+002
 -0.47076434E-001  0.61862277E-001  0.14544803E+001  0.42337688E+002
 -0.47076499E-001  0.61861793E-001  0.14544694E+001  0.42337666E+002
 -0.47076561E-001  0.61861331E-001  0.14544589E+001  0.42337645E+002
 -0.47076620E-001  0.61860892E-001  0.14544488E+001  0.42337623E+002
 -0.47076677E-001  0.61860473E-001  0.14544390E+001  0.42337603E+002
 -0.47076732E-001  0.61860074E-001  0.14544296E+001  0.42337582E+002
 -0.47076783E-001  0.61859695E-001  0.14544206E+001  0.42337562E+002
 -0.47076833E-001  0.61859335E-001  0.14544119E+001  0.42337542E+002
 -0.47076880E-001  0.61858992E-001  0.14544035E+001  0.42337523E+002
 -0.47076925E-001  0.61858667E-001  0.14543955E+001  0.42337503E+002
 -0.47076968E-001  0.61858358E-001  0.14543879E+001  0.42337484E+002
 -0.47077009E-001  0.61858065E-001  0.14543805E+001  0.42337465E+002
 -0.47077048E-001  0.61857787E-001  0.14543734E+001  0.42337446E+002
 -0.47077085E-001  0.61857523E-001  0.14543667E+001  0.42337427E+002
 -0.47077120E-001  0.61857273E-001  0.14543603E+001  0.42337407E+002
 -0.47077154E-001  0.61857036E-001  0.14543541E+001  0.42337388E+002
 -0.47077185E-001  0.61856812E-001  0.14543482E+001  0.42337368E+002
 -0.47077216E-001  0.61856599E-001  0.14543426E+001  0.42337349E+002
 -0.47077245E-001  0.61856398E-001  0.14543372E+001  0.42337328E+002
 -0.47077272E-001  0.61856208E-001  0.14543321E+001  0.42337308E+002
 -0.47077298E-001  0.61856027E-001  0.14543272E+001  0.42337287E+002
 -0.47077322E-001  0.61855857E-001  0.14543226E+001  0.42337265E+002
 -0.47077346E-001  0.61855696E-001  0.14543182E+001  0.42337243E+002
 -0.47077368E-001  0.61855544E-001  0.14543140E+001  0.42337221E+002
 -0.47077389E-001  0.61855400E-001  0.14543100E+001  0.42337198E+002
 -0.47077409E-001  0.61855264E-001  0.14543062E+001  0.42337174E+002
 -0.47077428E-001  0.61855135E-001  0.14543026E+001  0.42337149E+002
 -0.47077446E-001  0.61855014E-001  0.14542991E+001  0.42337123E+002
 -0.47077463E-001  0.61854900E-001  0.14542959E+001  0.42337097E+002
 -0.47077479E-001  0.61854791E-001  0.14542928E+001  0.42337070E+002
 -0.47077494E-001  0.61854689E-001  0.14542898E+001  0.42337042E+002
 -0.47077509E-001  0.61854593E-001  0.14542871E+001  0.42337013E+002
 -0.47077522E-001  0.61854503E-001  0.14542844E+001  0.42336983E+002
 -0.47077535E-001  0.61854417E-001  0.14542819E+001  0.42336952E+002
 -0.47077547E-001  0.61854337E-001  0.14542795E+001  0.42336920E+002
 -0.47077559E-001  0.61854261E-001  0.14542773E+001  0.42336887E+002
 -0.47077570E-001  0.61854189E-001  0.14542752E+001  0.42336853E+002
 -0.47077580E-001  0.61854122E-001  0.14542732E+001  0.42336818E+002
 -0.47077590E-001  0.61854059E-001  0.14542713E+001  0.42336782E+002
 -0.47077599E-001  0.61853999E-001  0.14542695E+001  0.42336745E+002
 -0.47077608E-001  0.61853943E-001  0.14542678E+001  0.42336707E+002
 -0.47077616E-001  0.61853891E-001  0.14542661E+001  0.42336667E+002
 -0.47077624E-001  0.61853841E-001  0.14542646E+001  0.42336627E+002
 -0.47077631E-001  0.61853795E-001  0.14542632E+001  0.42336586E+002
 -0.47077638E-001  0.61853752E-001  0.14542618E+001  0.42336544E+002
 -0.47077644E-001  0.61853711E-001  0.14542606E+001  0.42336500E+002
 -0.47077650E-001  0.61853673E-001  0.14542594E+001  0.42336456E+002
 -0.47077656E-001  0.61853637E-001  0.14542582E+001  0.42336411E+002
 -0.47077661E-001  0.61853604E-001  0.14542571E+001  0.42336365E+002
 -0.47077666E-001  0.61853573E-001  0.14542561E+001  0.42336319E+002
 -0.47077671E-001  0.61853544E-001  0.14542552E+001  0.42336271E+002
 -0.47077675E-001  0.61853517E-001  0.14542543E+001  0.42336223E+002
 -0.47077679E-001  0.61853491E-001  0.14542534E+001  0.42336174E+002
 -0.47077683E-001  0.61853468E-001  0.14542527E+001  0.42336124E+002
 -0.47077686E-001  0.61853446E-001  0.14542519E+001  0.42336074E+002
 -0.47077689E-001  0.61853426E-001  0.14542512E+001  0.42336023E+002
 -0.47077693E-001  0.61853407E-001  0.14542506E+001  0.42335971E+002
 -0.47077695E-001  0.61853390E-001  0.14542499E+001  0.42335919E+002
 -0.47077698E-001  0.61853374E-001  0.14542494E+001  0.42335867E+002
 -0.47077700E-001  0.61853359E-001  0.14542488E+001  0.42335814E+002
 -0.47077703E-001  0.61853345E-001  0.14542483E+001  0.42335761E+002
 -0.47077705E-001  0.61853333E-001  0.14542478E+001  0.42335707E+002
 -0.47077707E-001  0.61853321E-001  0.14542474E+001  0.42335654E+002
 -0.47077708E-001  0.61853310E-001  0.14542470E+001  0.42335600E+002
 -0.47077710E-001  0.61853301E-001  0.14542466E+001  0.42335546E+002
 -0.47077711E-001  0.61853292E-001  0.14542462E+001  0.42335492E+002
 -0.47077713E-001  0.61853284E-001  0.14542459E+001  0.42335438E+002
 -0.47077714E-001  0.61853276E-001  0.14542456E+001  0.42335384E+002
 -0.47077715E-001  0.61853269E-001  0.14542453E+001  0.42335330E+002
 -0.47077716E-001  0.61853263E-001  0.14542450E+001  0.42335276E+002
 -0.47077717E-001  0.61853258E-001  0.14542447E+001  0.42335223E+002
 -0.47077718E-001  0.61853252E-001  0.14542445E+001  0.42335169E+002
 -0.47077718E-001  0.61853248E-001  0.14542443E+001  0.42335116E+002
 -0.47077719E-001  0.61853244E-001  0.14542441E+001  0.42335063E+002
 -0.47077720E-001  0.61853240E-001  0.14542439E+001  0.42335010E+002
 -0.47077721E-001  0.61853235E-001  0.14542437E+001  0.42334958E+002
 -0.47077723E-001  0.61853231E-001  0.14542435E+001  0.42334906E+002
