  0.69372989E+000
  0.69195618E+000
  0.69092805E+000
  0.69018436E+000
  0.68960220E+000
  0.68913302E+000
  0.68875004E+000
  0.68843438E+000
  0.68817348E+000
  0.68795738E+000
  0.68777762E+000
  0.68762775E+000
  0.68750271E+000
  0.68739832E+000
  0.68731105E+000
  0.68723818E+000
  0.68717746E+000
  0.68712693E+000
  0.68708501E+000
  0.68705031E+000
  0.68702173E+000
  0.68699833E+000
  0.68697932E+000
  0.68696401E+000
  0.68695181E+000
  0.68694226E+000
  0.68693492E+000
  0.68692944E+000
  0.68692549E+000
  0.68692281E+000
  0.68692115E+000
  0.68692033E+000
  0.68692017E+000
  0.68692053E+000
  0.68692128E+000
  0.68692232E+000
  0.68692357E+000
  0.68692494E+000
  0.68692638E+000
  0.68692783E+000
  0.68692927E+000
  0.68693064E+000
  0.68693194E+000
  0.68693315E+000
  0.68693425E+000
  0.68693522E+000
  0.68693609E+000
  0.68693684E+000
  0.68693748E+000
  0.68693801E+000
  0.68693845E+000
  0.68693880E+000
  0.68693907E+000
  0.68693927E+000
  0.68693942E+000
  0.68693953E+000
  0.68693959E+000
  0.68693963E+000
  0.68693964E+000
  0.68693964E+000
  0.68693962E+000
  0.68693961E+000
  0.68693959E+000
  0.68693957E+000
  0.68693956E+000
  0.68693955E+000
  0.68693955E+000
  0.68693957E+000
  0.68693959E+000
  0.68693963E+000
  0.68693968E+000
  0.68693974E+000
  0.68693982E+000
  0.68693990E+000
  0.68694000E+000
  0.68694012E+000
  0.68694024E+000
  0.68694038E+000
  0.68694052E+000
  0.68694068E+000
  0.68694085E+000
  0.68694103E+000
  0.68694121E+000
  0.68694141E+000
  0.68694161E+000
  0.68694182E+000
  0.68694204E+000
  0.68694226E+000
  0.68694248E+000
  0.68694271E+000
  0.68694295E+000
  0.68694319E+000
  0.68694343E+000
  0.68694367E+000
  0.68694392E+000
  0.68694416E+000
  0.68694441E+000
  0.68694466E+000
  0.68694490E+000
  0.68694515E+000
  0.68694540E+000
  0.68694565E+000
  0.68694589E+000
  0.68694614E+000
  0.68694638E+000
  0.68694662E+000
  0.68694686E+000
  0.68694710E+000
  0.68694733E+000
  0.68694756E+000
  0.68694779E+000
  0.68694802E+000
  0.68694825E+000
  0.68694847E+000
  0.68694869E+000
  0.68694890E+000
  0.68694912E+000
  0.68694933E+000
  0.68694953E+000
  0.68694974E+000
  0.68694994E+000
  0.68695013E+000
  0.68695033E+000
  0.68695052E+000
  0.68695070E+000
  0.68695089E+000
  0.68695107E+000
  0.68695124E+000
  0.68695141E+000
  0.68695158E+000
  0.68695175E+000
  0.68695191E+000
  0.68695207E+000
  0.68695223E+000
  0.68695238E+000
  0.68695253E+000
  0.68695267E+000
  0.68695282E+000
  0.68695296E+000
  0.68695309E+000
  0.68695322E+000
  0.68695335E+000
  0.68695348E+000
  0.68695360E+000
  0.68695372E+000
  0.68695384E+000
  0.68695395E+000
  0.68695406E+000
  0.68695417E+000
  0.68695427E+000
  0.68695438E+000
  0.68695448E+000
  0.68695457E+000
  0.68695467E+000
  0.68695476E+000
  0.68695485E+000
  0.68695493E+000
  0.68695501E+000
  0.68695510E+000
  0.68695517E+000
  0.68695525E+000
  0.68695532E+000
  0.68695540E+000
  0.68695547E+000
  0.68695553E+000
  0.68695560E+000
  0.68695566E+000
  0.68695572E+000
  0.68695578E+000
  0.68695584E+000
  0.68695589E+000
  0.68695595E+000
  0.68695600E+000
  0.68695605E+000
  0.68695610E+000
  0.68695614E+000
  0.68695619E+000
  0.68695623E+000
  0.68695627E+000
  0.68695631E+000
  0.68695635E+000
  0.68695639E+000
  0.68695643E+000
  0.68695646E+000
  0.68695649E+000
  0.68695653E+000
  0.68695656E+000
  0.68695659E+000
  0.68695661E+000
  0.68695664E+000
  0.68695667E+000
  0.68695669E+000
  0.68695672E+000
  0.68695674E+000
  0.68695676E+000
  0.68695679E+000
  0.68695681E+000
  0.68695683E+000
  0.68695684E+000
  0.68695685E+000
