  0.10950479E+002
  0.10951211E+002
  0.10951739E+002
  0.10952150E+002
  0.10952475E+002
  0.10952732E+002
  0.10952934E+002
  0.10953090E+002
  0.10953208E+002
  0.10953294E+002
  0.10953354E+002
  0.10953392E+002
  0.10953413E+002
  0.10953419E+002
  0.10953413E+002
  0.10953397E+002
  0.10953374E+002
  0.10953344E+002
  0.10953309E+002
  0.10953270E+002
  0.10953228E+002
  0.10953184E+002
  0.10953138E+002
  0.10953091E+002
  0.10953043E+002
  0.10952995E+002
  0.10952948E+002
  0.10952900E+002
  0.10952854E+002
  0.10952808E+002
  0.10952764E+002
  0.10952721E+002
  0.10952680E+002
  0.10952640E+002
  0.10952602E+002
  0.10952567E+002
  0.10952533E+002
  0.10952501E+002
  0.10952472E+002
  0.10952445E+002
  0.10952421E+002
  0.10952399E+002
  0.10952379E+002
  0.10952361E+002
  0.10952346E+002
  0.10952333E+002
  0.10952322E+002
  0.10952314E+002
  0.10952307E+002
  0.10952301E+002
  0.10952297E+002
  0.10952295E+002
  0.10952293E+002
  0.10952293E+002
  0.10952293E+002
  0.10952294E+002
  0.10952295E+002
  0.10952297E+002
  0.10952299E+002
  0.10952301E+002
  0.10952303E+002
  0.10952304E+002
  0.10952305E+002
  0.10952306E+002
  0.10952307E+002
  0.10952307E+002
  0.10952307E+002
  0.10952305E+002
  0.10952304E+002
  0.10952302E+002
  0.10952299E+002
  0.10952295E+002
  0.10952291E+002
  0.10952286E+002
  0.10952281E+002
  0.10952275E+002
  0.10952268E+002
  0.10952261E+002
  0.10952254E+002
  0.10952245E+002
  0.10952236E+002
  0.10952227E+002
  0.10952217E+002
  0.10952207E+002
  0.10952196E+002
  0.10952185E+002
  0.10952174E+002
  0.10952162E+002
  0.10952150E+002
  0.10952138E+002
  0.10952125E+002
  0.10952112E+002
  0.10952100E+002
  0.10952086E+002
  0.10952073E+002
  0.10952060E+002
  0.10952047E+002
  0.10952034E+002
  0.10952020E+002
  0.10952007E+002
  0.10951994E+002
  0.10951981E+002
  0.10951967E+002
  0.10951955E+002
  0.10951942E+002
  0.10951929E+002
  0.10951916E+002
  0.10951904E+002
  0.10951892E+002
  0.10951880E+002
  0.10951868E+002
  0.10951857E+002
  0.10951845E+002
  0.10951834E+002
  0.10951824E+002
  0.10951813E+002
  0.10951803E+002
  0.10951793E+002
  0.10951783E+002
  0.10951773E+002
  0.10951764E+002
  0.10951755E+002
  0.10951746E+002
  0.10951737E+002
  0.10951729E+002
  0.10951721E+002
  0.10951713E+002
  0.10951705E+002
  0.10951697E+002
  0.10951690E+002
  0.10951683E+002
  0.10951676E+002
  0.10951669E+002
  0.10951662E+002
  0.10951655E+002
  0.10951649E+002
  0.10951642E+002
  0.10951636E+002
  0.10951629E+002
  0.10951623E+002
  0.10951616E+002
  0.10951610E+002
  0.10951603E+002
  0.10951597E+002
  0.10951590E+002
  0.10951584E+002
  0.10951577E+002
  0.10951570E+002
  0.10951563E+002
  0.10951556E+002
  0.10951549E+002
  0.10951541E+002
  0.10951534E+002
  0.10951526E+002
  0.10951518E+002
  0.10951510E+002
  0.10951501E+002
  0.10951493E+002
  0.10951484E+002
  0.10951475E+002
  0.10951466E+002
  0.10951456E+002
  0.10951446E+002
  0.10951436E+002
  0.10951426E+002
  0.10951416E+002
  0.10951405E+002
  0.10951394E+002
  0.10951383E+002
  0.10951372E+002
  0.10951360E+002
  0.10951348E+002
  0.10951336E+002
  0.10951324E+002
  0.10951312E+002
  0.10951299E+002
  0.10951287E+002
  0.10951274E+002
  0.10951261E+002
  0.10951248E+002
  0.10951235E+002
  0.10951222E+002
  0.10951208E+002
  0.10951195E+002
  0.10951181E+002
  0.10951168E+002
  0.10951154E+002
  0.10951141E+002
  0.10951127E+002
  0.10951114E+002
  0.10951100E+002
  0.10951086E+002
  0.10951073E+002
  0.10951059E+002
  0.10951046E+002
  0.10951033E+002
  0.10951019E+002
  0.10951006E+002
  0.10950993E+002
  0.10950980E+002
