  0.18971263E+001
  0.18915453E+001
  0.18879883E+001
  0.18853520E+001
  0.18832604E+001
  0.18815535E+001
  0.18801416E+001
  0.18789631E+001
  0.18779770E+001
  0.18771497E+001
  0.18764531E+001
  0.18758653E+001
  0.18753684E+001
  0.18749479E+001
  0.18745915E+001
  0.18742892E+001
  0.18740329E+001
  0.18738155E+001
  0.18736313E+001
  0.18734751E+001
  0.18733428E+001
  0.18732308E+001
  0.18731363E+001
  0.18730565E+001
  0.18729892E+001
  0.18729327E+001
  0.18728851E+001
  0.18728453E+001
  0.18728118E+001
  0.18727836E+001
  0.18727598E+001
  0.18727396E+001
  0.18727224E+001
  0.18727075E+001
  0.18726944E+001
  0.18726828E+001
  0.18726723E+001
  0.18726626E+001
  0.18726535E+001
  0.18726448E+001
  0.18726363E+001
  0.18726280E+001
  0.18726197E+001
  0.18726115E+001
  0.18726033E+001
  0.18725950E+001
  0.18725867E+001
  0.18725785E+001
  0.18725703E+001
  0.18725621E+001
  0.18725540E+001
  0.18725461E+001
  0.18725383E+001
  0.18725307E+001
  0.18725233E+001
  0.18725161E+001
  0.18725092E+001
  0.18725025E+001
  0.18724961E+001
  0.18724900E+001
  0.18724842E+001
  0.18724786E+001
  0.18724734E+001
  0.18724684E+001
  0.18724637E+001
  0.18724592E+001
  0.18724551E+001
  0.18724512E+001
  0.18724476E+001
  0.18724442E+001
  0.18724411E+001
  0.18724383E+001
  0.18724356E+001
  0.18724332E+001
  0.18724311E+001
  0.18724291E+001
  0.18724273E+001
  0.18724257E+001
  0.18724243E+001
  0.18724230E+001
  0.18724219E+001
  0.18724210E+001
  0.18724201E+001
  0.18724194E+001
  0.18724188E+001
  0.18724183E+001
  0.18724178E+001
  0.18724175E+001
  0.18724172E+001
  0.18724170E+001
  0.18724168E+001
  0.18724167E+001
  0.18724166E+001
  0.18724165E+001
  0.18724165E+001
  0.18724165E+001
  0.18724165E+001
  0.18724165E+001
  0.18724166E+001
  0.18724166E+001
  0.18724167E+001
  0.18724168E+001
  0.18724168E+001
  0.18724169E+001
  0.18724169E+001
  0.18724170E+001
  0.18724171E+001
  0.18724171E+001
  0.18724172E+001
  0.18724172E+001
  0.18724173E+001
  0.18724173E+001
  0.18724173E+001
  0.18724174E+001
  0.18724174E+001
  0.18724174E+001
  0.18724174E+001
  0.18724174E+001
  0.18724175E+001
  0.18724175E+001
  0.18724175E+001
  0.18724175E+001
  0.18724175E+001
  0.18724175E+001
  0.18724175E+001
  0.18724174E+001
  0.18724174E+001
  0.18724174E+001
  0.18724174E+001
  0.18724174E+001
  0.18724174E+001
  0.18724174E+001
  0.18724173E+001
  0.18724173E+001
  0.18724173E+001
  0.18724173E+001
  0.18724173E+001
  0.18724172E+001
  0.18724172E+001
  0.18724172E+001
  0.18724172E+001
  0.18724172E+001
  0.18724172E+001
  0.18724171E+001
  0.18724171E+001
  0.18724171E+001
  0.18724171E+001
  0.18724171E+001
  0.18724171E+001
  0.18724171E+001
  0.18724171E+001
  0.18724171E+001
  0.18724171E+001
  0.18724170E+001
  0.18724170E+001
  0.18724170E+001
  0.18724170E+001
  0.18724170E+001
  0.18724171E+001
  0.18724171E+001
  0.18724171E+001
  0.18724171E+001
  0.18724171E+001
  0.18724171E+001
  0.18724171E+001
  0.18724171E+001
  0.18724171E+001
  0.18724171E+001
  0.18724171E+001
  0.18724172E+001
  0.18724172E+001
  0.18724172E+001
  0.18724172E+001
  0.18724172E+001
  0.18724172E+001
  0.18724173E+001
  0.18724173E+001
  0.18724173E+001
  0.18724173E+001
  0.18724173E+001
  0.18724174E+001
  0.18724174E+001
  0.18724174E+001
  0.18724174E+001
  0.18724174E+001
  0.18724174E+001
  0.18724175E+001
  0.18724175E+001
  0.18724175E+001
  0.18724175E+001
  0.18724175E+001
  0.18724175E+001
  0.18724176E+001
  0.18724176E+001
  0.18724176E+001
  0.18724176E+001
  0.18724176E+001
  0.18724176E+001
  0.18724176E+001
  0.18724176E+001
