  0.69328195E-001
  0.68928246E-001
  0.68726325E-001
  0.68615582E-001
  0.68557052E-001
  0.68531744E-001
  0.68529152E-001
  0.68542525E-001
  0.68567440E-001
  0.68600291E-001
  0.68638324E-001
  0.68679490E-001
  0.68722261E-001
  0.68765471E-001
  0.68808239E-001
  0.68849916E-001
  0.68890029E-001
  0.68928238E-001
  0.68964425E-001
  0.68998364E-001
  0.69029950E-001
  0.69059137E-001
  0.69085944E-001
  0.69110425E-001
  0.69132662E-001
  0.69152762E-001
  0.69170844E-001
  0.69187039E-001
  0.69201478E-001
  0.69214300E-001
  0.69225644E-001
  0.69235649E-001
  0.69244446E-001
  0.69252166E-001
  0.69258929E-001
  0.69264850E-001
  0.69270033E-001
  0.69274580E-001
  0.69278577E-001
  0.69282104E-001
  0.69285232E-001
  0.69288023E-001
  0.69290531E-001
  0.69292802E-001
  0.69294872E-001
  0.69296773E-001
  0.69298534E-001
  0.69300172E-001
  0.69301702E-001
  0.69303138E-001
  0.69304488E-001
  0.69305759E-001
  0.69306956E-001
  0.69308082E-001
  0.69309142E-001
  0.69310138E-001
  0.69311072E-001
  0.69311949E-001
  0.69312771E-001
  0.69313543E-001
  0.69314267E-001
  0.69314948E-001
  0.69315589E-001
  0.69316193E-001
  0.69316763E-001
  0.69317302E-001
  0.69317813E-001
  0.69318297E-001
  0.69318755E-001
  0.69319191E-001
  0.69319603E-001
  0.69319995E-001
  0.69320365E-001
  0.69320716E-001
  0.69321047E-001
  0.69321360E-001
  0.69321655E-001
  0.69321933E-001
  0.69322194E-001
  0.69322439E-001
  0.69322669E-001
  0.69322884E-001
  0.69323086E-001
  0.69323274E-001
  0.69323450E-001
  0.69323614E-001
  0.69323768E-001
  0.69323912E-001
  0.69324046E-001
  0.69324172E-001
  0.69324290E-001
  0.69324401E-001
  0.69324507E-001
  0.69324606E-001
  0.69324700E-001
  0.69324790E-001
  0.69324876E-001
  0.69324958E-001
  0.69325038E-001
  0.69325114E-001
  0.69325189E-001
  0.69325261E-001
  0.69325332E-001
  0.69325402E-001
  0.69325470E-001
  0.69325537E-001
  0.69325603E-001
  0.69325668E-001
  0.69325732E-001
  0.69325796E-001
  0.69325859E-001
  0.69325921E-001
  0.69325982E-001
  0.69326043E-001
  0.69326103E-001
  0.69326163E-001
  0.69326222E-001
  0.69326280E-001
  0.69326337E-001
  0.69326394E-001
  0.69326449E-001
  0.69326504E-001
  0.69326558E-001
  0.69326611E-001
  0.69326663E-001
  0.69326714E-001
  0.69326764E-001
  0.69326814E-001
  0.69326862E-001
  0.69326909E-001
  0.69326955E-001
  0.69327000E-001
  0.69327043E-001
  0.69327086E-001
  0.69327128E-001
  0.69327169E-001
  0.69327208E-001
  0.69327247E-001
  0.69327284E-001
  0.69327321E-001
  0.69327356E-001
  0.69327390E-001
  0.69327423E-001
  0.69327456E-001
  0.69327487E-001
  0.69327517E-001
  0.69327547E-001
  0.69327575E-001
  0.69327602E-001
  0.69327629E-001
  0.69327654E-001
  0.69327679E-001
  0.69327703E-001
  0.69327726E-001
  0.69327748E-001
  0.69327769E-001
  0.69327790E-001
  0.69327810E-001
  0.69327828E-001
  0.69327847E-001
  0.69327864E-001
  0.69327881E-001
  0.69327897E-001
  0.69327912E-001
  0.69327927E-001
  0.69327941E-001
  0.69327955E-001
  0.69327967E-001
  0.69327980E-001
  0.69327991E-001
  0.69328002E-001
  0.69328013E-001
  0.69328023E-001
  0.69328033E-001
  0.69328042E-001
  0.69328051E-001
  0.69328059E-001
  0.69328067E-001
  0.69328074E-001
  0.69328081E-001
  0.69328088E-001
  0.69328094E-001
  0.69328100E-001
  0.69328105E-001
  0.69328111E-001
  0.69328115E-001
  0.69328120E-001
  0.69328124E-001
  0.69328129E-001
  0.69328132E-001
  0.69328136E-001
  0.69328139E-001
  0.69328143E-001
  0.69328145E-001
  0.69328148E-001
  0.69328151E-001
  0.69328153E-001
  0.69328156E-001
  0.69328159E-001
  0.69328162E-001
