  0.37555754E+000
  0.37554397E+000
  0.37553245E+000
  0.37552242E+000
  0.37551359E+000
  0.37550581E+000
  0.37549895E+000
  0.37549290E+000
  0.37548756E+000
  0.37548287E+000
  0.37547874E+000
  0.37547511E+000
  0.37547193E+000
  0.37546914E+000
  0.37546670E+000
  0.37546458E+000
  0.37546273E+000
  0.37546112E+000
  0.37545973E+000
  0.37545853E+000
  0.37545750E+000
  0.37545663E+000
  0.37545589E+000
  0.37545527E+000
  0.37545477E+000
  0.37545436E+000
  0.37545404E+000
  0.37545381E+000
  0.37545365E+000
  0.37545355E+000
  0.37545352E+000
  0.37545355E+000
  0.37545363E+000
  0.37545376E+000
  0.37545393E+000
  0.37545416E+000
  0.37545442E+000
  0.37545472E+000
  0.37545507E+000
  0.37545545E+000
  0.37545587E+000
  0.37545633E+000
  0.37545683E+000
  0.37545737E+000
  0.37545794E+000
  0.37545856E+000
  0.37545921E+000
  0.37545990E+000
  0.37546064E+000
  0.37546141E+000
  0.37546223E+000
  0.37546309E+000
  0.37546399E+000
  0.37546494E+000
  0.37546593E+000
  0.37546697E+000
  0.37546805E+000
  0.37546917E+000
  0.37547034E+000
  0.37547155E+000
  0.37547280E+000
  0.37547410E+000
  0.37547543E+000
  0.37547680E+000
  0.37547821E+000
  0.37547966E+000
  0.37548114E+000
  0.37548265E+000
  0.37548419E+000
  0.37548576E+000
  0.37548735E+000
  0.37548896E+000
  0.37549059E+000
  0.37549224E+000
  0.37549391E+000
  0.37549558E+000
  0.37549726E+000
  0.37549894E+000
  0.37550063E+000
  0.37550232E+000
  0.37550400E+000
  0.37550567E+000
  0.37550733E+000
  0.37550898E+000
  0.37551062E+000
  0.37551223E+000
  0.37551383E+000
  0.37551540E+000
  0.37551695E+000
  0.37551847E+000
  0.37551996E+000
  0.37552143E+000
  0.37552286E+000
  0.37552426E+000
  0.37552563E+000
  0.37552696E+000
  0.37552826E+000
  0.37552952E+000
  0.37553075E+000
  0.37553193E+000
  0.37553309E+000
  0.37553420E+000
  0.37553528E+000
  0.37553632E+000
  0.37553733E+000
  0.37553830E+000
  0.37553923E+000
  0.37554013E+000
  0.37554099E+000
  0.37554182E+000
  0.37554261E+000
  0.37554338E+000
  0.37554411E+000
  0.37554481E+000
  0.37554548E+000
  0.37554612E+000
  0.37554673E+000
  0.37554731E+000
  0.37554787E+000
  0.37554840E+000
  0.37554891E+000
  0.37554939E+000
  0.37554984E+000
  0.37555028E+000
  0.37555069E+000
  0.37555109E+000
  0.37555146E+000
  0.37555181E+000
  0.37555215E+000
  0.37555247E+000
  0.37555277E+000
  0.37555305E+000
  0.37555332E+000
  0.37555358E+000
  0.37555382E+000
  0.37555405E+000
  0.37555426E+000
  0.37555447E+000
  0.37555466E+000
  0.37555484E+000
  0.37555501E+000
  0.37555517E+000
  0.37555533E+000
  0.37555547E+000
  0.37555561E+000
  0.37555573E+000
  0.37555585E+000
  0.37555597E+000
  0.37555607E+000
  0.37555618E+000
  0.37555627E+000
  0.37555636E+000
  0.37555644E+000
  0.37555652E+000
  0.37555660E+000
  0.37555667E+000
  0.37555673E+000
  0.37555679E+000
  0.37555685E+000
  0.37555690E+000
  0.37555696E+000
  0.37555700E+000
  0.37555705E+000
  0.37555709E+000
  0.37555713E+000
  0.37555716E+000
  0.37555720E+000
  0.37555723E+000
  0.37555726E+000
  0.37555729E+000
  0.37555731E+000
  0.37555734E+000
  0.37555736E+000
  0.37555738E+000
  0.37555740E+000
  0.37555742E+000
  0.37555743E+000
  0.37555745E+000
  0.37555746E+000
  0.37555747E+000
  0.37555748E+000
  0.37555749E+000
  0.37555750E+000
  0.37555751E+000
  0.37555752E+000
  0.37555753E+000
  0.37555753E+000
  0.37555754E+000
  0.37555754E+000
  0.37555755E+000
  0.37555755E+000
  0.37555755E+000
  0.37555756E+000
  0.37555756E+000
  0.37555756E+000
  0.37555756E+000
  0.37555756E+000
  0.37555756E+000
  0.37555757E+000
  0.37555757E+000
