  0.28931956E+000
  0.28915775E+000
  0.28931138E+000
  0.28937940E+000
  0.28941404E+000
  0.28943484E+000
  0.28944705E+000
  0.28945300E+000
  0.28945423E+000
  0.28945176E+000
  0.28944643E+000
  0.28943891E+000
  0.28942978E+000
  0.28941949E+000
  0.28940843E+000
  0.28939691E+000
  0.28938520E+000
  0.28937350E+000
  0.28936198E+000
  0.28935079E+000
  0.28934004E+000
  0.28932980E+000
  0.28932015E+000
  0.28931112E+000
  0.28930274E+000
  0.28929504E+000
  0.28928802E+000
  0.28928168E+000
  0.28927601E+000
  0.28927100E+000
  0.28926661E+000
  0.28926284E+000
  0.28925963E+000
  0.28925696E+000
  0.28925479E+000
  0.28925308E+000
  0.28925178E+000
  0.28925084E+000
  0.28925021E+000
  0.28924985E+000
  0.28924972E+000
  0.28924976E+000
  0.28924994E+000
  0.28925022E+000
  0.28925057E+000
  0.28925097E+000
  0.28925139E+000
  0.28925182E+000
  0.28925226E+000
  0.28925269E+000
  0.28925313E+000
  0.28925356E+000
  0.28925400E+000
  0.28925445E+000
  0.28925491E+000
  0.28925541E+000
  0.28925593E+000
  0.28925649E+000
  0.28925708E+000
  0.28925772E+000
  0.28925840E+000
  0.28925913E+000
  0.28925990E+000
  0.28926072E+000
  0.28926158E+000
  0.28926248E+000
  0.28926343E+000
  0.28926441E+000
  0.28926543E+000
  0.28926648E+000
  0.28926756E+000
  0.28926868E+000
  0.28926981E+000
  0.28927097E+000
  0.28927215E+000
  0.28927335E+000
  0.28927456E+000
  0.28927579E+000
  0.28927702E+000
  0.28927825E+000
  0.28927949E+000
  0.28928073E+000
  0.28928197E+000
  0.28928319E+000
  0.28928442E+000
  0.28928563E+000
  0.28928682E+000
  0.28928801E+000
  0.28928917E+000
  0.28929032E+000
  0.28929144E+000
  0.28929255E+000
  0.28929363E+000
  0.28929469E+000
  0.28929572E+000
  0.28929673E+000
  0.28929771E+000
  0.28929866E+000
  0.28929959E+000
  0.28930049E+000
  0.28930136E+000
  0.28930220E+000
  0.28930301E+000
  0.28930380E+000
  0.28930455E+000
  0.28930528E+000
  0.28930598E+000
  0.28930666E+000
  0.28930730E+000
  0.28930793E+000
  0.28930852E+000
  0.28930909E+000
  0.28930964E+000
  0.28931016E+000
  0.28931066E+000
  0.28931114E+000
  0.28931160E+000
  0.28931203E+000
  0.28931244E+000
  0.28931284E+000
  0.28931321E+000
  0.28931357E+000
  0.28931391E+000
  0.28931423E+000
  0.28931454E+000
  0.28931483E+000
  0.28931511E+000
  0.28931537E+000
  0.28931561E+000
  0.28931585E+000
  0.28931607E+000
  0.28931628E+000
  0.28931648E+000
  0.28931667E+000
  0.28931684E+000
  0.28931701E+000
  0.28931717E+000
  0.28931732E+000
  0.28931746E+000
  0.28931759E+000
  0.28931772E+000
  0.28931784E+000
  0.28931795E+000
  0.28931805E+000
  0.28931815E+000
  0.28931824E+000
  0.28931833E+000
  0.28931842E+000
  0.28931849E+000
  0.28931857E+000
  0.28931864E+000
  0.28931870E+000
  0.28931876E+000
  0.28931882E+000
  0.28931887E+000
  0.28931892E+000
  0.28931897E+000
  0.28931902E+000
  0.28931906E+000
  0.28931910E+000
  0.28931913E+000
  0.28931917E+000
  0.28931920E+000
  0.28931923E+000
  0.28931926E+000
  0.28931928E+000
  0.28931931E+000
  0.28931933E+000
  0.28931935E+000
  0.28931937E+000
  0.28931939E+000
  0.28931941E+000
  0.28931943E+000
  0.28931944E+000
  0.28931945E+000
  0.28931947E+000
  0.28931948E+000
  0.28931949E+000
  0.28931950E+000
  0.28931951E+000
  0.28931952E+000
  0.28931952E+000
  0.28931953E+000
  0.28931954E+000
  0.28931954E+000
  0.28931955E+000
  0.28931955E+000
  0.28931956E+000
  0.28931956E+000
  0.28931956E+000
  0.28931957E+000
  0.28931957E+000
  0.28931957E+000
  0.28931957E+000
  0.28931957E+000
  0.28931958E+000
  0.28931958E+000
  0.28931958E+000
  0.28931958E+000
  0.28931958E+000
