  0.52114316E-006
  0.52085169E-006
  0.52112843E-006
  0.52125094E-006
  0.52131334E-006
  0.52135080E-006
  0.52137280E-006
  0.52138352E-006
  0.52138573E-006
  0.52138129E-006
  0.52137168E-006
  0.52135814E-006
  0.52134169E-006
  0.52132316E-006
  0.52130323E-006
  0.52128248E-006
  0.52126138E-006
  0.52124031E-006
  0.52121957E-006
  0.52119942E-006
  0.52118005E-006
  0.52116161E-006
  0.52114421E-006
  0.52112795E-006
  0.52111286E-006
  0.52109899E-006
  0.52108635E-006
  0.52107493E-006
  0.52106472E-006
  0.52105568E-006
  0.52104778E-006
  0.52104098E-006
  0.52103520E-006
  0.52103040E-006
  0.52102649E-006
  0.52102341E-006
  0.52102106E-006
  0.52101936E-006
  0.52101824E-006
  0.52101759E-006
  0.52101735E-006
  0.52101742E-006
  0.52101775E-006
  0.52101825E-006
  0.52101889E-006
  0.52101960E-006
  0.52102036E-006
  0.52102114E-006
  0.52102193E-006
  0.52102271E-006
  0.52102349E-006
  0.52102427E-006
  0.52102506E-006
  0.52102587E-006
  0.52102671E-006
  0.52102760E-006
  0.52102854E-006
  0.52102954E-006
  0.52103062E-006
  0.52103177E-006
  0.52103299E-006
  0.52103430E-006
  0.52103570E-006
  0.52103717E-006
  0.52103872E-006
  0.52104034E-006
  0.52104204E-006
  0.52104381E-006
  0.52104565E-006
  0.52104754E-006
  0.52104949E-006
  0.52105150E-006
  0.52105355E-006
  0.52105564E-006
  0.52105777E-006
  0.52105992E-006
  0.52106211E-006
  0.52106431E-006
  0.52106652E-006
  0.52106875E-006
  0.52107098E-006
  0.52107321E-006
  0.52107544E-006
  0.52107765E-006
  0.52107985E-006
  0.52108203E-006
  0.52108419E-006
  0.52108632E-006
  0.52108842E-006
  0.52109048E-006
  0.52109251E-006
  0.52109450E-006
  0.52109645E-006
  0.52109836E-006
  0.52110022E-006
  0.52110203E-006
  0.52110380E-006
  0.52110552E-006
  0.52110718E-006
  0.52110880E-006
  0.52111037E-006
  0.52111188E-006
  0.52111334E-006
  0.52111476E-006
  0.52111612E-006
  0.52111743E-006
  0.52111870E-006
  0.52111991E-006
  0.52112108E-006
  0.52112220E-006
  0.52112327E-006
  0.52112430E-006
  0.52112529E-006
  0.52112623E-006
  0.52112713E-006
  0.52112799E-006
  0.52112881E-006
  0.52112959E-006
  0.52113034E-006
  0.52113105E-006
  0.52113172E-006
  0.52113237E-006
  0.52113298E-006
  0.52113356E-006
  0.52113411E-006
  0.52113463E-006
  0.52113513E-006
  0.52113560E-006
  0.52113605E-006
  0.52113647E-006
  0.52113687E-006
  0.52113725E-006
  0.52113760E-006
  0.52113794E-006
  0.52113826E-006
  0.52113856E-006
  0.52113885E-006
  0.52113912E-006
  0.52113937E-006
  0.52113961E-006
  0.52113984E-006
  0.52114005E-006
  0.52114025E-006
  0.52114044E-006
  0.52114062E-006
  0.52114079E-006
  0.52114094E-006
  0.52114109E-006
  0.52114123E-006
  0.52114136E-006
  0.52114149E-006
  0.52114161E-006
  0.52114172E-006
  0.52114182E-006
  0.52114192E-006
  0.52114201E-006
  0.52114209E-006
  0.52114217E-006
  0.52114225E-006
  0.52114232E-006
  0.52114239E-006
  0.52114245E-006
  0.52114251E-006
  0.52114256E-006
  0.52114261E-006
  0.52114266E-006
  0.52114270E-006
  0.52114274E-006
  0.52114278E-006
  0.52114282E-006
  0.52114285E-006
  0.52114288E-006
  0.52114291E-006
  0.52114294E-006
  0.52114296E-006
  0.52114299E-006
  0.52114301E-006
  0.52114303E-006
  0.52114304E-006
  0.52114306E-006
  0.52114308E-006
  0.52114309E-006
  0.52114310E-006
  0.52114311E-006
  0.52114312E-006
  0.52114313E-006
  0.52114314E-006
  0.52114315E-006
  0.52114315E-006
  0.52114316E-006
  0.52114317E-006
  0.52114317E-006
  0.52114317E-006
  0.52114318E-006
  0.52114318E-006
  0.52114318E-006
  0.52114318E-006
  0.52114319E-006
  0.52114319E-006
  0.52114319E-006
