  0.23372266E+000
  0.21872484E+000
  0.22116550E+000
  0.22372070E+000
  0.22547808E+000
  0.22678352E+000
  0.22787186E+000
  0.22877941E+000
  0.22953929E+000
  0.23018104E+000
  0.23071064E+000
  0.23114968E+000
  0.23151947E+000
  0.23183209E+000
  0.23209681E+000
  0.23232178E+000
  0.23251361E+000
  0.23267692E+000
  0.23281593E+000
  0.23293423E+000
  0.23303605E+000
  0.23312313E+000
  0.23319731E+000
  0.23326033E+000
  0.23331416E+000
  0.23336031E+000
  0.23339970E+000
  0.23343341E+000
  0.23346200E+000
  0.23348631E+000
  0.23350697E+000
  0.23352455E+000
  0.23353948E+000
  0.23355224E+000
  0.23356317E+000
  0.23357262E+000
  0.23358082E+000
  0.23358813E+000
  0.23359464E+000
  0.23360059E+000
  0.23360615E+000
  0.23361136E+000
  0.23361637E+000
  0.23362122E+000
  0.23362594E+000
  0.23363051E+000
  0.23363506E+000
  0.23363945E+000
  0.23364371E+000
  0.23364780E+000
  0.23365175E+000
  0.23365549E+000
  0.23365901E+000
  0.23366231E+000
  0.23366538E+000
  0.23366825E+000
  0.23367085E+000
  0.23367332E+000
  0.23367554E+000
  0.23367766E+000
  0.23367961E+000
  0.23368144E+000
  0.23368319E+000
  0.23368485E+000
  0.23368644E+000
  0.23368798E+000
  0.23368946E+000
  0.23369090E+000
  0.23369230E+000
  0.23369366E+000
  0.23369498E+000
  0.23369625E+000
  0.23369749E+000
  0.23369868E+000
  0.23369981E+000
  0.23370090E+000
  0.23370193E+000
  0.23370291E+000
  0.23370383E+000
  0.23370470E+000
  0.23370551E+000
  0.23370625E+000
  0.23370695E+000
  0.23370758E+000
  0.23370816E+000
  0.23370869E+000
  0.23370917E+000
  0.23370960E+000
  0.23370999E+000
  0.23371034E+000
  0.23371065E+000
  0.23371093E+000
  0.23371117E+000
  0.23371139E+000
  0.23371159E+000
  0.23371177E+000
  0.23371193E+000
  0.23371207E+000
  0.23371221E+000
  0.23371233E+000
  0.23371245E+000
  0.23371257E+000
  0.23371268E+000
  0.23371280E+000
  0.23371291E+000
  0.23371303E+000
  0.23371314E+000
  0.23371327E+000
  0.23371339E+000
  0.23371352E+000
  0.23371365E+000
  0.23371379E+000
  0.23371394E+000
  0.23371408E+000
  0.23371424E+000
  0.23371439E+000
  0.23371455E+000
  0.23371472E+000
  0.23371488E+000
  0.23371505E+000
  0.23371523E+000
  0.23371540E+000
  0.23371558E+000
  0.23371576E+000
  0.23371593E+000
  0.23371611E+000
  0.23371629E+000
  0.23371647E+000
  0.23371665E+000
  0.23371683E+000
  0.23371700E+000
  0.23371718E+000
  0.23371735E+000
  0.23371752E+000
  0.23371769E+000
  0.23371786E+000
  0.23371803E+000
  0.23371819E+000
  0.23371835E+000
  0.23371850E+000
  0.23371866E+000
  0.23371881E+000
  0.23371896E+000
  0.23371910E+000
  0.23371924E+000
  0.23371938E+000
  0.23371952E+000
  0.23371965E+000
  0.23371977E+000
  0.23371990E+000
  0.23372002E+000
  0.23372014E+000
  0.23372025E+000
  0.23372036E+000
  0.23372047E+000
  0.23372057E+000
  0.23372067E+000
  0.23372077E+000
  0.23372086E+000
  0.23372095E+000
  0.23372104E+000
  0.23372112E+000
  0.23372120E+000
  0.23372128E+000
  0.23372135E+000
  0.23372142E+000
  0.23372149E+000
  0.23372156E+000
  0.23372162E+000
  0.23372168E+000
  0.23372174E+000
  0.23372179E+000
  0.23372184E+000
  0.23372189E+000
  0.23372194E+000
  0.23372198E+000
  0.23372202E+000
  0.23372206E+000
  0.23372210E+000
  0.23372213E+000
  0.23372217E+000
  0.23372220E+000
  0.23372223E+000
  0.23372225E+000
  0.23372228E+000
  0.23372230E+000
  0.23372233E+000
  0.23372235E+000
  0.23372237E+000
  0.23372239E+000
  0.23372240E+000
  0.23372242E+000
  0.23372243E+000
  0.23372245E+000
  0.23372246E+000
  0.23372247E+000
  0.23372248E+000
  0.23372249E+000
  0.23372251E+000
  0.23372250E+000
