  0.82261485E+000
  0.82261003E+000
  0.82260596E+000
  0.82260251E+000
  0.82259956E+000
  0.82259700E+000
  0.82259477E+000
  0.82259282E+000
  0.82259111E+000
  0.82258959E+000
  0.82258825E+000
  0.82258705E+000
  0.82258597E+000
  0.82258500E+000
  0.82258413E+000
  0.82258333E+000
  0.82258261E+000
  0.82258194E+000
  0.82258133E+000
  0.82258076E+000
  0.82258024E+000
  0.82257975E+000
  0.82257929E+000
  0.82257885E+000
  0.82257845E+000
  0.82257806E+000
  0.82257770E+000
  0.82257735E+000
  0.82257702E+000
  0.82257671E+000
  0.82257641E+000
  0.82257612E+000
  0.82257585E+000
  0.82257559E+000
  0.82257534E+000
  0.82257510E+000
  0.82257488E+000
  0.82257467E+000
  0.82257447E+000
  0.82257428E+000
  0.82257411E+000
  0.82257395E+000
  0.82257381E+000
  0.82257368E+000
  0.82257356E+000
  0.82257346E+000
  0.82257338E+000
  0.82257331E+000
  0.82257326E+000
  0.82257323E+000
  0.82257322E+000
  0.82257322E+000
  0.82257325E+000
  0.82257329E+000
  0.82257335E+000
  0.82257344E+000
  0.82257354E+000
  0.82257367E+000
  0.82257381E+000
  0.82257398E+000
  0.82257417E+000
  0.82257437E+000
  0.82257460E+000
  0.82257485E+000
  0.82257512E+000
  0.82257542E+000
  0.82257573E+000
  0.82257606E+000
  0.82257642E+000
  0.82257679E+000
  0.82257718E+000
  0.82257759E+000
  0.82257802E+000
  0.82257847E+000
  0.82257894E+000
  0.82257942E+000
  0.82257992E+000
  0.82258043E+000
  0.82258096E+000
  0.82258150E+000
  0.82258205E+000
  0.82258261E+000
  0.82258319E+000
  0.82258377E+000
  0.82258437E+000
  0.82258497E+000
  0.82258558E+000
  0.82258619E+000
  0.82258681E+000
  0.82258744E+000
  0.82258807E+000
  0.82258870E+000
  0.82258933E+000
  0.82258997E+000
  0.82259061E+000
  0.82259124E+000
  0.82259188E+000
  0.82259252E+000
  0.82259315E+000
  0.82259378E+000
  0.82259441E+000
  0.82259504E+000
  0.82259566E+000
  0.82259628E+000
  0.82259689E+000
  0.82259750E+000
  0.82259810E+000
  0.82259870E+000
  0.82259929E+000
  0.82259987E+000
  0.82260045E+000
  0.82260102E+000
  0.82260159E+000
  0.82260215E+000
  0.82260270E+000
  0.82260324E+000
  0.82260377E+000
  0.82260430E+000
  0.82260482E+000
  0.82260532E+000
  0.82260582E+000
  0.82260632E+000
  0.82260680E+000
  0.82260727E+000
  0.82260774E+000
  0.82260819E+000
  0.82260864E+000
  0.82260907E+000
  0.82260950E+000
  0.82260992E+000
  0.82261033E+000
  0.82261073E+000
  0.82261111E+000
  0.82261149E+000
  0.82261186E+000
  0.82261222E+000
  0.82261257E+000
  0.82261291E+000
  0.82261324E+000
  0.82261356E+000
  0.82261387E+000
  0.82261417E+000
  0.82261447E+000
  0.82261475E+000
  0.82261502E+000
  0.82261528E+000
  0.82261553E+000
  0.82261577E+000
  0.82261601E+000
  0.82261623E+000
  0.82261644E+000
  0.82261665E+000
  0.82261684E+000
  0.82261703E+000
  0.82261721E+000
  0.82261737E+000
  0.82261753E+000
  0.82261768E+000
  0.82261782E+000
  0.82261796E+000
  0.82261808E+000
  0.82261820E+000
  0.82261830E+000
  0.82261840E+000
  0.82261849E+000
  0.82261858E+000
  0.82261865E+000
  0.82261872E+000
  0.82261878E+000
  0.82261884E+000
  0.82261889E+000
  0.82261893E+000
  0.82261896E+000
  0.82261899E+000
  0.82261901E+000
  0.82261903E+000
  0.82261904E+000
  0.82261904E+000
  0.82261904E+000
  0.82261903E+000
  0.82261902E+000
  0.82261901E+000
  0.82261899E+000
  0.82261897E+000
  0.82261894E+000
  0.82261891E+000
  0.82261887E+000
  0.82261883E+000
  0.82261879E+000
  0.82261875E+000
  0.82261870E+000
  0.82261865E+000
  0.82261860E+000
  0.82261854E+000
  0.82261849E+000
  0.82261843E+000
  0.82261837E+000
  0.82261831E+000
  0.82261825E+000
  0.82261818E+000
