  0.35340881E+000
  0.35355131E+000
  0.35365495E+000
  0.35373796E+000
  0.35380394E+000
  0.35385783E+000
  0.35390389E+000
  0.35394156E+000
  0.35397368E+000
  0.35400120E+000
  0.35402396E+000
  0.35404554E+000
  0.35406136E+000
  0.35407553E+000
  0.35408632E+000
  0.35409639E+000
  0.35410547E+000
  0.35411255E+000
  0.35411902E+000
  0.35412406E+000
  0.35412861E+000
  0.35413190E+000
  0.35413493E+000
  0.35413727E+000
  0.35413918E+000
  0.35414232E+000
  0.35414373E+000
  0.35414482E+000
  0.35414568E+000
  0.35414550E+000
  0.35414611E+000
  0.35414668E+000
  0.35414723E+000
  0.35414761E+000
  0.35414818E+000
  0.35414847E+000
  0.35414876E+000
  0.35414939E+000
  0.35414975E+000
  0.35415023E+000
  0.35415077E+000
  0.35415128E+000
  0.35415188E+000
  0.35415261E+000
  0.35415353E+000
  0.35415423E+000
  0.35415462E+000
  0.35415525E+000
  0.35415595E+000
  0.35415660E+000
  0.35415717E+000
  0.35415759E+000
  0.35415818E+000
  0.35415874E+000
  0.35415936E+000
  0.35415993E+000
  0.35416050E+000
  0.35416167E+000
  0.35416220E+000
  0.35416242E+000
  0.35416328E+000
  0.35416387E+000
  0.35416429E+000
  0.35416480E+000
  0.35416529E+000
  0.35416585E+000
  0.35416618E+000
  0.35416652E+000
  0.35416689E+000
  0.35416722E+000
  0.35416751E+000
  0.35416783E+000
  0.35416835E+000
  0.35416869E+000
  0.35416898E+000
  0.35416924E+000
  0.35416949E+000
  0.35416964E+000
  0.35417033E+000
  0.35417054E+000
  0.35417072E+000
  0.35417087E+000
  0.35417103E+000
  0.35417120E+000
  0.35417135E+000
  0.35417150E+000
  0.35417165E+000
  0.35417180E+000
  0.35417194E+000
  0.35417207E+000
  0.35417221E+000
  0.35417234E+000
  0.35417247E+000
  0.35417260E+000
  0.35417273E+000
  0.35417286E+000
  0.35417299E+000
  0.35417312E+000
  0.35417325E+000
  0.35417339E+000
  0.35417352E+000
  0.35417366E+000
  0.35417380E+000
  0.35417394E+000
  0.35417408E+000
  0.35417423E+000
  0.35417437E+000
  0.35417452E+000
  0.35417468E+000
  0.35417483E+000
  0.35417498E+000
  0.35417515E+000
  0.35417531E+000
  0.35417547E+000
  0.35417563E+000
  0.35417579E+000
  0.35417596E+000
  0.35417612E+000
  0.35417629E+000
  0.35417645E+000
  0.35417662E+000
  0.35417679E+000
  0.35417696E+000
  0.35417713E+000
  0.35417729E+000
  0.35417746E+000
  0.35417762E+000
  0.35417779E+000
  0.35417795E+000
  0.35417811E+000
  0.35417827E+000
  0.35417843E+000
  0.35417859E+000
  0.35417874E+000
  0.35417889E+000
  0.35417904E+000
  0.35417918E+000
  0.35417932E+000
  0.35417946E+000
  0.35417959E+000
  0.35417972E+000
  0.35417984E+000
  0.35417996E+000
  0.35418007E+000
  0.35418018E+000
  0.35418028E+000
  0.35418038E+000
  0.35418047E+000
  0.35418056E+000
  0.35418064E+000
  0.35418071E+000
  0.35418077E+000
  0.35418083E+000
  0.35418088E+000
  0.35418093E+000
  0.35418096E+000
  0.35418099E+000
  0.35418102E+000
  0.35418103E+000
  0.35418104E+000
  0.35418104E+000
  0.35418103E+000
  0.35418102E+000
  0.35418100E+000
  0.35418097E+000
  0.35418093E+000
  0.35418089E+000
  0.35418084E+000
  0.35418078E+000
  0.35418072E+000
  0.35418065E+000
  0.35418057E+000
  0.35418049E+000
  0.35418040E+000
  0.35418030E+000
  0.35418020E+000
  0.35418009E+000
  0.35417998E+000
  0.35417986E+000
  0.35417974E+000
  0.35417961E+000
  0.35417948E+000
  0.35417935E+000
  0.35417921E+000
  0.35417906E+000
  0.35417892E+000
  0.35417877E+000
  0.35417861E+000
  0.35417846E+000
  0.35417830E+000
  0.35417815E+000
  0.35417798E+000
  0.35417782E+000
  0.35417766E+000
  0.35417749E+000
  0.35417732E+000
  0.35417716E+000
  0.35417699E+000
  0.35417682E+000
  0.35417665E+000
