  0.43022108E+000
  0.43029404E+000
  0.43033191E+000
  0.43036708E+000
  0.43039488E+000
  0.43042072E+000
  0.43044303E+000
  0.43046231E+000
  0.43048065E+000
  0.43049665E+000
  0.43050971E+000
  0.43051740E+000
  0.43052901E+000
  0.43053453E+000
  0.43054437E+000
  0.43055160E+000
  0.43055715E+000
  0.43056210E+000
  0.43056452E+000
  0.43056706E+000
  0.43056995E+000
  0.43057288E+000
  0.43057595E+000
  0.43057865E+000
  0.43058002E+000
  0.43058083E+000
  0.43058195E+000
  0.43058249E+000
  0.43058299E+000
  0.43058332E+000
  0.43058328E+000
  0.43058404E+000
  0.43058404E+000
  0.43058456E+000
  0.43058468E+000
  0.43058494E+000
  0.43058524E+000
  0.43058544E+000
  0.43058481E+000
  0.43058484E+000
  0.43058489E+000
  0.43058496E+000
  0.43058512E+000
  0.43058536E+000
  0.43058545E+000
  0.43058600E+000
  0.43058608E+000
  0.43058583E+000
  0.43058656E+000
  0.43058695E+000
  0.43058733E+000
  0.43058749E+000
  0.43058811E+000
  0.43058838E+000
  0.43058903E+000
  0.43058943E+000
  0.43059025E+000
  0.43059075E+000
  0.43059125E+000
  0.43059165E+000
  0.43059209E+000
  0.43059258E+000
  0.43059302E+000
  0.43059337E+000
  0.43059377E+000
  0.43059412E+000
  0.43059430E+000
  0.43059449E+000
  0.43059475E+000
  0.43059500E+000
  0.43059527E+000
  0.43059553E+000
  0.43059576E+000
  0.43059589E+000
  0.43059612E+000
  0.43059630E+000
  0.43059673E+000
  0.43059691E+000
  0.43059704E+000
  0.43059718E+000
  0.43059736E+000
  0.43059755E+000
  0.43059770E+000
  0.43059786E+000
  0.43059801E+000
  0.43059815E+000
  0.43059829E+000
  0.43059844E+000
  0.43059770E+000
  0.43059783E+000
  0.43059798E+000
  0.43059812E+000
  0.43059826E+000
  0.43059841E+000
  0.43059855E+000
  0.43059869E+000
  0.43059884E+000
  0.43059899E+000
  0.43059915E+000
  0.43059930E+000
  0.43059946E+000
  0.43059963E+000
  0.43059979E+000
  0.43059996E+000
  0.43060013E+000
  0.43060030E+000
  0.43060047E+000
  0.43060065E+000
  0.43060083E+000
  0.43060101E+000
  0.43060119E+000
  0.43060138E+000
  0.43060157E+000
  0.43060176E+000
  0.43060195E+000
  0.43060214E+000
  0.43060233E+000
  0.43060252E+000
  0.43060271E+000
  0.43060290E+000
  0.43060310E+000
  0.43060329E+000
  0.43060348E+000
  0.43060367E+000
  0.43060386E+000
  0.43060405E+000
  0.43060423E+000
  0.43060442E+000
  0.43060460E+000
  0.43060477E+000
  0.43060495E+000
  0.43060512E+000
  0.43060529E+000
  0.43060546E+000
  0.43060562E+000
  0.43060577E+000
  0.43060593E+000
  0.43060608E+000
  0.43060622E+000
  0.43060636E+000
  0.43060649E+000
  0.43060661E+000
  0.43060673E+000
  0.43060685E+000
  0.43060696E+000
  0.43060706E+000
  0.43060716E+000
  0.43060725E+000
  0.43060733E+000
  0.43060741E+000
  0.43060747E+000
  0.43060753E+000
  0.43060758E+000
  0.43060763E+000
  0.43060766E+000
  0.43060769E+000
  0.43060771E+000
  0.43060772E+000
  0.43060773E+000
  0.43060772E+000
  0.43060771E+000
  0.43060770E+000
  0.43060767E+000
  0.43060764E+000
  0.43060760E+000
  0.43060755E+000
  0.43060749E+000
  0.43060743E+000
  0.43060736E+000
  0.43060728E+000
  0.43060720E+000
  0.43060711E+000
  0.43060702E+000
  0.43060692E+000
  0.43060681E+000
  0.43060669E+000
  0.43060657E+000
  0.43060645E+000
  0.43060632E+000
  0.43060619E+000
  0.43060605E+000
  0.43060591E+000
  0.43060577E+000
  0.43060562E+000
  0.43060547E+000
  0.43060532E+000
  0.43060517E+000
  0.43060501E+000
  0.43060485E+000
  0.43060469E+000
  0.43060452E+000
  0.43060436E+000
  0.43060419E+000
  0.43060403E+000
  0.43060386E+000
  0.43060369E+000
  0.43060352E+000
  0.43060335E+000
  0.43060319E+000
  0.43060302E+000
