  0.93159550E+000
  0.93109491E+000
  0.93080450E+000
  0.93062220E+000
  0.93050892E+000
  0.93044380E+000
  0.93041318E+000
  0.93040767E+000
  0.93042056E+000
  0.93044665E+000
  0.93048195E+000
  0.93052345E+000
  0.93056884E+000
  0.93061638E+000
  0.93066474E+000
  0.93071304E+000
  0.93076055E+000
  0.93080677E+000
  0.93085136E+000
  0.93089410E+000
  0.93093487E+000
  0.93097361E+000
  0.93101033E+000
  0.93104506E+000
  0.93107789E+000
  0.93110890E+000
  0.93113820E+000
  0.93116588E+000
  0.93119207E+000
  0.93121687E+000
  0.93124038E+000
  0.93126272E+000
  0.93128396E+000
  0.93130420E+000
  0.93132351E+000
  0.93134195E+000
  0.93135956E+000
  0.93137639E+000
  0.93139247E+000
  0.93140782E+000
  0.93142244E+000
  0.93143633E+000
  0.93144951E+000
  0.93146196E+000
  0.93147367E+000
  0.93148464E+000
  0.93149487E+000
  0.93150436E+000
  0.93151311E+000
  0.93152115E+000
  0.93152848E+000
  0.93153515E+000
  0.93154117E+000
  0.93154660E+000
  0.93155148E+000
  0.93155584E+000
  0.93155975E+000
  0.93156325E+000
  0.93156638E+000
  0.93156920E+000
  0.93157173E+000
  0.93157401E+000
  0.93157609E+000
  0.93157797E+000
  0.93157970E+000
  0.93158129E+000
  0.93158275E+000
  0.93158409E+000
  0.93158534E+000
  0.93158650E+000
  0.93158757E+000
  0.93158856E+000
  0.93158948E+000
  0.93159032E+000
  0.93159110E+000
  0.93159182E+000
  0.93159248E+000
  0.93159308E+000
  0.93159363E+000
  0.93159412E+000
  0.93159457E+000
  0.93159496E+000
  0.93159532E+000
  0.93159563E+000
  0.93159591E+000
  0.93159615E+000
  0.93159635E+000
  0.93159653E+000
  0.93159668E+000
  0.93159680E+000
  0.93159690E+000
  0.93159698E+000
  0.93159703E+000
  0.93159708E+000
  0.93159711E+000
  0.93159712E+000
  0.93159713E+000
  0.93159712E+000
  0.93159711E+000
  0.93159709E+000
  0.93159706E+000
  0.93159703E+000
  0.93159700E+000
  0.93159696E+000
  0.93159692E+000
  0.93159688E+000
  0.93159684E+000
  0.93159679E+000
  0.93159675E+000
  0.93159671E+000
  0.93159667E+000
  0.93159662E+000
  0.93159658E+000
  0.93159654E+000
  0.93159650E+000
  0.93159646E+000
  0.93159642E+000
  0.93159639E+000
  0.93159635E+000
  0.93159632E+000
  0.93159628E+000
  0.93159625E+000
  0.93159622E+000
  0.93159619E+000
  0.93159616E+000
  0.93159613E+000
  0.93159611E+000
  0.93159608E+000
  0.93159605E+000
  0.93159603E+000
  0.93159601E+000
  0.93159598E+000
  0.93159596E+000
  0.93159594E+000
  0.93159592E+000
  0.93159590E+000
  0.93159588E+000
  0.93159586E+000
  0.93159584E+000
  0.93159583E+000
  0.93159581E+000
  0.93159579E+000
  0.93159578E+000
  0.93159576E+000
  0.93159575E+000
  0.93159574E+000
  0.93159572E+000
  0.93159571E+000
  0.93159570E+000
  0.93159569E+000
  0.93159567E+000
  0.93159566E+000
  0.93159565E+000
  0.93159564E+000
  0.93159563E+000
  0.93159562E+000
  0.93159561E+000
  0.93159561E+000
  0.93159560E+000
  0.93159559E+000
  0.93159558E+000
  0.93159557E+000
  0.93159557E+000
  0.93159556E+000
  0.93159555E+000
  0.93159555E+000
  0.93159554E+000
  0.93159553E+000
  0.93159553E+000
  0.93159552E+000
  0.93159552E+000
  0.93159551E+000
  0.93159551E+000
  0.93159550E+000
  0.93159550E+000
  0.93159549E+000
  0.93159549E+000
  0.93159548E+000
  0.93159548E+000
  0.93159548E+000
  0.93159547E+000
  0.93159547E+000
  0.93159547E+000
  0.93159546E+000
  0.93159546E+000
  0.93159546E+000
  0.93159546E+000
  0.93159545E+000
  0.93159545E+000
  0.93159545E+000
  0.93159545E+000
  0.93159544E+000
  0.93159544E+000
  0.93159544E+000
  0.93159544E+000
  0.93159544E+000
  0.93159544E+000
  0.93159544E+000
  0.93159544E+000
  0.93159544E+000
