  0.00000000E+000  0.00000000E+000  0.00000000E+000  0.00000000E+000  0.00000000E+000  0.93662127E-001  0.19283099E+001  0.12499507E+002  0.31295227E+002  0.78686205E+002  0.15900738E+003
  0.00000000E+000  0.00000000E+000  0.00000000E+000  0.00000000E+000  0.00000000E+000  0.93685052E-001  0.19285968E+001  0.12500308E+002  0.31295549E+002  0.78684777E+002  0.15900481E+003
  0.00000000E+000  0.00000000E+000  0.00000000E+000  0.00000000E+000  0.00000000E+000  0.93705130E-001  0.19288385E+001  0.12500976E+002  0.31295848E+002  0.78683656E+002  0.15900272E+003
  0.00000000E+000  0.00000000E+000  0.00000000E+000  0.00000000E+000  0.00000000E+000  0.93722704E-001  0.19290430E+001  0.12501543E+002  0.31296123E+002  0.78682815E+002  0.15900107E+003
  0.00000000E+000  0.00000000E+000  0.00000000E+000  0.00000000E+000  0.00000000E+000  0.93738125E-001  0.19292186E+001  0.12502035E+002  0.31296378E+002  0.78682192E+002  0.15899974E+003
  0.00000000E+000  0.00000000E+000  0.00000000E+000  0.00000000E+000  0.00000000E+000  0.93751661E-001  0.19293709E+001  0.12502466E+002  0.31296614E+002  0.78681739E+002  0.15899868E+003
  0.00000000E+000  0.00000000E+000  0.00000000E+000  0.00000000E+000  0.00000000E+000  0.93763479E-001  0.19295038E+001  0.12502847E+002  0.31296834E+002  0.78681420E+002  0.15899781E+003
  0.00000000E+000  0.00000000E+000  0.00000000E+000  0.00000000E+000  0.00000000E+000  0.93773781E-001  0.19296203E+001  0.12503185E+002  0.31297040E+002  0.78681209E+002  0.15899712E+003
  0.00000000E+000  0.00000000E+000  0.00000000E+000  0.00000000E+000  0.00000000E+000  0.93782768E-001  0.19297229E+001  0.12503488E+002  0.31297232E+002  0.78681082E+002  0.15899656E+003
  0.00000000E+000  0.00000000E+000  0.00000000E+000  0.00000000E+000  0.00000000E+000  0.93790616E-001  0.19298136E+001  0.12503760E+002  0.31297414E+002  0.78681024E+002  0.15899611E+003
  0.00000000E+000  0.00000000E+000  0.00000000E+000  0.00000000E+000  0.00000000E+000  0.93797469E-001  0.19298941E+001  0.12504006E+002  0.31297586E+002  0.78681021E+002  0.15899575E+003
  0.00000000E+000  0.00000000E+000  0.00000000E+000  0.00000000E+000  0.00000000E+000  0.93803451E-001  0.19299659E+001  0.12504231E+002  0.31297750E+002  0.78681062E+002  0.15899547E+003
  0.00000000E+000  0.00000000E+000  0.00000000E+000  0.00000000E+000  0.00000000E+000  0.93808672E-001  0.19300301E+001  0.12504438E+002  0.31297906E+002  0.78681139E+002  0.15899524E+003
  0.00000000E+000  0.00000000E+000  0.00000000E+000  0.00000000E+000  0.00000000E+000  0.93813225E-001  0.19300879E+001  0.12504629E+002  0.31298056E+002  0.78681244E+002  0.15899507E+003
  0.00000000E+000  0.00000000E+000  0.00000000E+000  0.00000000E+000  0.00000000E+000  0.93817192E-001  0.19301400E+001  0.12504806E+002  0.31298199E+002  0.78681373E+002  0.15899494E+003
  0.00000000E+000  0.00000000E+000  0.00000000E+000  0.00000000E+000  0.00000000E+000  0.93820643E-001  0.19301872E+001  0.12504973E+002  0.31298338E+002  0.78681520E+002  0.15899485E+003
  0.00000000E+000  0.00000000E+000  0.00000000E+000  0.00000000E+000  0.00000000E+000  0.93823636E-001  0.19302302E+001  0.12505130E+002  0.31298472E+002  0.78681683E+002  0.15899479E+003
  0.00000000E+000  0.00000000E+000  0.00000000E+000  0.00000000E+000  0.00000000E+000  0.93826224E-001  0.19302694E+001  0.12505278E+002  0.31298601E+002  0.78681858E+002  0.15899475E+003
  0.00000000E+000  0.00000000E+000  0.00000000E+000  0.00000000E+000  0.00000000E+000  0.93828451E-001  0.19303055E+001  0.12505420E+002  0.31298727E+002  0.78682043E+002  0.15899473E+003
  0.00000000E+000  0.00000000E+000  0.00000000E+000  0.00000000E+000  0.00000000E+000  0.93830357E-001  0.19303386E+001  0.12505556E+002  0.31298850E+002  0.78682237E+002  0.15899473E+003
  0.00000000E+000  0.00000000E+000  0.00000000E+000  0.00000000E+000  0.00000000E+000  0.93831975E-001  0.19303692E+001  0.12505687E+002  0.31298970E+002  0.78682437E+002  0.15899475E+003
  0.00000000E+000  0.00000000E+000  0.00000000E+000  0.00000000E+000  0.00000000E+000  0.93833334E-001  0.19303976E+001  0.12505814E+002  0.31299088E+002  0.78682643E+002  0.15899478E+003
  0.00000000E+000  0.00000000E+000  0.00000000E+000  0.00000000E+000  0.00000000E+000  0.93834460E-001  0.19304240E+001  0.12505938E+002  0.31299203E+002  0.78682854E+002  0.15899482E+003
  0.00000000E+000  0.00000000E+000  0.00000000E+000  0.00000000E+000  0.00000000E+000  0.93835374E-001  0.19304487E+001  0.12506058E+002  0.31299316E+002  0.78683068E+002  0.15899487E+003
  0.00000000E+000  0.00000000E+000  0.00000000E+000  0.00000000E+000  0.00000000E+000  0.93836095E-001  0.19304717E+001  0.12506176E+002  0.31299427E+002  0.78683286E+002  0.15899493E+003
  0.00000000E+000  0.00000000E+000  0.00000000E+000  0.00000000E+000  0.00000000E+000  0.93836640E-001  0.19304933E+001  0.12506291E+002  0.31299537E+002  0.78683507E+002  0.15899499E+003
  0.00000000E+000  0.00000000E+000  0.00000000E+000  0.00000000E+000  0.00000000E+000  0.93837023E-001  0.19305136E+001  0.12506404E+002  0.31299645E+002  0.78683730E+002  0.15899506E+003
  0.00000000E+000  0.00000000E+000  0.00000000E+000  0.00000000E+000  0.00000000E+000  0.93837257E-001  0.19305326E+001  0.12506516E+002  0.31299752E+002  0.78683956E+002  0.15899514E+003
  0.00000000E+000  0.00000000E+000  0.00000000E+000  0.00000000E+000  0.00000000E+000  0.93837354E-001  0.19305506E+001  0.12506627E+002  0.31299858E+002  0.78684184E+002  0.15899522E+003
  0.00000000E+000  0.00000000E+000  0.00000000E+000  0.00000000E+000  0.00000000E+000  0.93837322E-001  0.19305675E+001  0.12506736E+002  0.31299964E+002  0.78684413E+002  0.15899531E+003
  0.00000000E+000  0.00000000E+000  0.00000000E+000  0.00000000E+000  0.00000000E+000  0.93837171E-001  0.19305834E+001  0.12506844E+002  0.31300068E+002  0.78684645E+002  0.15899540E+003
  0.00000000E+000  0.00000000E+000  0.00000000E+000  0.00000000E+000  0.00000000E+000  0.93836909E-001  0.19305985E+001  0.12506951E+002  0.31300172E+002  0.78684878E+002  0.15899549E+003
  0.00000000E+000  0.00000000E+000  0.00000000E+000  0.00000000E+000  0.00000000E+000  0.93836543E-001  0.19306126E+001  0.12507056E+002  0.31300276E+002  0.78685113E+002  0.15899558E+003
  0.00000000E+000  0.00000000E+000  0.00000000E+000  0.00000000E+000  0.00000000E+000  0.93836081E-001  0.19306259E+001  0.12507161E+002  0.31300379E+002  0.78685350E+002  0.15899568E+003
  0.00000000E+000  0.00000000E+000  0.00000000E+000  0.00000000E+000  0.00000000E+000  0.93835528E-001  0.19306384E+001  0.12507265E+002  0.31300482E+002  0.78685588E+002  0.15899578E+003
  0.00000000E+000  0.00000000E+000  0.00000000E+000  0.00000000E+000  0.00000000E+000  0.93834891E-001  0.19306500E+001  0.12507367E+002  0.31300585E+002  0.78685829E+002  0.15899589E+003
  0.00000000E+000  0.00000000E+000  0.00000000E+000  0.00000000E+000  0.00000000E+000  0.93834175E-001  0.19306609E+001  0.12507468E+002  0.31300688E+002  0.78686071E+002  0.15899599E+003
  0.00000000E+000  0.00000000E+000  0.00000000E+000  0.00000000E+000  0.00000000E+000  0.93833387E-001  0.19306710E+001  0.12507568E+002  0.31300791E+002  0.78686315E+002  0.15899610E+003
  0.00000000E+000  0.00000000E+000  0.00000000E+000  0.00000000E+000  0.00000000E+000  0.93832531E-001  0.19306803E+001  0.12507666E+002  0.31300894E+002  0.78686560E+002  0.15899622E+003
  0.00000000E+000  0.00000000E+000  0.00000000E+000  0.00000000E+000  0.00000000E+000  0.93831612E-001  0.19306889E+001  0.12507763E+002  0.31300997E+002  0.78686808E+002  0.15899633E+003
  0.00000000E+000  0.00000000E+000  0.00000000E+000  0.00000000E+000  0.00000000E+000  0.93830635E-001  0.19306966E+001  0.12507858E+002  0.31301101E+002  0.78687058E+002  0.15899645E+003
  0.00000000E+000  0.00000000E+000  0.00000000E+000  0.00000000E+000  0.00000000E+000  0.93829604E-001  0.19307036E+001  0.12507951E+002  0.31301205E+002  0.78687310E+002  0.15899657E+003
  0.00000000E+000  0.00000000E+000  0.00000000E+000  0.00000000E+000  0.00000000E+000  0.93828523E-001  0.19307097E+001  0.12508042E+002  0.31301308E+002  0.78687565E+002  0.15899670E+003
  0.00000000E+000  0.00000000E+000  0.00000000E+000  0.00000000E+000  0.00000000E+000  0.93827394E-001  0.19307149E+001  0.12508131E+002  0.31301413E+002  0.78687822E+002  0.15899683E+003
  0.00000000E+000  0.00000000E+000  0.00000000E+000  0.00000000E+000  0.00000000E+000  0.93826223E-001  0.19307193E+001  0.12508217E+002  0.31301517E+002  0.78688082E+002  0.15899696E+003
  0.00000000E+000  0.00000000E+000  0.00000000E+000  0.00000000E+000  0.00000000E+000  0.93825009E-001  0.19307228E+001  0.12508300E+002  0.31301621E+002  0.78688345E+002  0.15899710E+003
  0.00000000E+000  0.00000000E+000  0.00000000E+000  0.00000000E+000  0.00000000E+000  0.93823757E-001  0.19307254E+001  0.12508381E+002  0.31301726E+002  0.78688611E+002  0.15899724E+003
  0.00000000E+000  0.00000000E+000  0.00000000E+000  0.00000000E+000  0.00000000E+000  0.93822467E-001  0.19307270E+001  0.12508458E+002  0.31301830E+002  0.78688880E+002  0.15899739E+003
  0.00000000E+000  0.00000000E+000  0.00000000E+000  0.00000000E+000  0.00000000E+000  0.93821141E-001  0.19307277E+001  0.12508532E+002  0.31301935E+002  0.78689154E+002  0.15899754E+003
  0.00000000E+000  0.00000000E+000  0.00000000E+000  0.00000000E+000  0.00000000E+000  0.93819779E-001  0.19307273E+001  0.12508602E+002  0.31302039E+002  0.78689431E+002  0.15899770E+003
  0.00000000E+000  0.00000000E+000  0.00000000E+000  0.00000000E+000  0.00000000E+000  0.93818382E-001  0.19307258E+001  0.12508669E+002  0.31302143E+002  0.78689712E+002  0.15899786E+003
  0.00000000E+000  0.00000000E+000  0.00000000E+000  0.00000000E+000  0.00000000E+000  0.93816950E-001  0.19307233E+001  0.12508731E+002  0.31302246E+002  0.78689998E+002  0.15899803E+003
  0.00000000E+000  0.00000000E+000  0.00000000E+000  0.00000000E+000  0.00000000E+000  0.93815482E-001  0.19307197E+001  0.12508790E+002  0.31302349E+002  0.78690288E+002  0.15899820E+003
  0.00000000E+000  0.00000000E+000  0.00000000E+000  0.00000000E+000  0.00000000E+000  0.93813978E-001  0.19307149E+001  0.12508843E+002  0.31302451E+002  0.78690584E+002  0.15899838E+003
  0.00000000E+000  0.00000000E+000  0.00000000E+000  0.00000000E+000  0.00000000E+000  0.93812436E-001  0.19307090E+001  0.12508893E+002  0.31302552E+002  0.78690884E+002  0.15899857E+003
  0.00000000E+000  0.00000000E+000  0.00000000E+000  0.00000000E+000  0.00000000E+000  0.93810854E-001  0.19307020E+001  0.12508938E+002  0.31302652E+002  0.78691190E+002  0.15899876E+003
  0.00000000E+000  0.00000000E+000  0.00000000E+000  0.00000000E+000  0.00000000E+000  0.93809230E-001  0.19306937E+001  0.12508977E+002  0.31302751E+002  0.78691502E+002  0.15899896E+003
  0.00000000E+000  0.00000000E+000  0.00000000E+000  0.00000000E+000  0.00000000E+000  0.93807563E-001  0.19306843E+001  0.12509012E+002  0.31302848E+002  0.78691819E+002  0.15899917E+003
  0.00000000E+000  0.00000000E+000  0.00000000E+000  0.00000000E+000  0.00000000E+000  0.93805851E-001  0.19306736E+001  0.12509042E+002  0.31302944E+002  0.78692143E+002  0.15899938E+003
  0.00000000E+000  0.00000000E+000  0.00000000E+000  0.00000000E+000  0.00000000E+000  0.93804089E-001  0.19306617E+001  0.12509067E+002  0.31303037E+002  0.78692472E+002  0.15899960E+003
  0.00000000E+000  0.00000000E+000  0.00000000E+000  0.00000000E+000  0.00000000E+000  0.93802278E-001  0.19306487E+001  0.12509087E+002  0.31303128E+002  0.78692807E+002  0.15899983E+003
  0.00000000E+000  0.00000000E+000  0.00000000E+000  0.00000000E+000  0.00000000E+000  0.93800413E-001  0.19306343E+001  0.12509102E+002  0.31303217E+002  0.78693148E+002  0.15900007E+003
  0.00000000E+000  0.00000000E+000  0.00000000E+000  0.00000000E+000  0.00000000E+000  0.93798494E-001  0.19306188E+001  0.12509111E+002  0.31303303E+002  0.78693495E+002  0.15900031E+003
  0.00000000E+000  0.00000000E+000  0.00000000E+000  0.00000000E+000  0.00000000E+000  0.93796519E-001  0.19306020E+001  0.12509115E+002  0.31303385E+002  0.78693848E+002  0.15900057E+003
  0.00000000E+000  0.00000000E+000  0.00000000E+000  0.00000000E+000  0.00000000E+000  0.93794486E-001  0.19305840E+001  0.12509113E+002  0.31303465E+002  0.78694206E+002  0.15900083E+003
  0.00000000E+000  0.00000000E+000  0.00000000E+000  0.00000000E+000  0.00000000E+000  0.93792395E-001  0.19305648E+001  0.12509107E+002  0.31303541E+002  0.78694570E+002  0.15900111E+003
  0.00000000E+000  0.00000000E+000  0.00000000E+000  0.00000000E+000  0.00000000E+000  0.93790245E-001  0.19305444E+001  0.12509094E+002  0.31303612E+002  0.78694938E+002  0.15900139E+003
  0.00000000E+000  0.00000000E+000  0.00000000E+000  0.00000000E+000  0.00000000E+000  0.93788038E-001  0.19305228E+001  0.12509077E+002  0.31303680E+002  0.78695311E+002  0.15900168E+003
  0.00000000E+000  0.00000000E+000  0.00000000E+000  0.00000000E+000  0.00000000E+000  0.93785773E-001  0.19305000E+001  0.12509054E+002  0.31303744E+002  0.78695688E+002  0.15900199E+003
  0.00000000E+000  0.00000000E+000  0.00000000E+000  0.00000000E+000  0.00000000E+000  0.93783454E-001  0.19304760E+001  0.12509025E+002  0.31303803E+002  0.78696068E+002  0.15900231E+003
  0.00000000E+000  0.00000000E+000  0.00000000E+000  0.00000000E+000  0.00000000E+000  0.93781082E-001  0.19304509E+001  0.12508991E+002  0.31303858E+002  0.78696451E+002  0.15900263E+003
  0.00000000E+000  0.00000000E+000  0.00000000E+000  0.00000000E+000  0.00000000E+000  0.93778660E-001  0.19304248E+001  0.12508952E+002  0.31303908E+002  0.78696837E+002  0.15900297E+003
  0.00000000E+000  0.00000000E+000  0.00000000E+000  0.00000000E+000  0.00000000E+000  0.93776191E-001  0.19303975E+001  0.12508908E+002  0.31303953E+002  0.78697224E+002  0.15900332E+003
  0.00000000E+000  0.00000000E+000  0.00000000E+000  0.00000000E+000  0.00000000E+000  0.93773680E-001  0.19303692E+001  0.12508858E+002  0.31303993E+002  0.78697611E+002  0.15900369E+003
  0.00000000E+000  0.00000000E+000  0.00000000E+000  0.00000000E+000  0.00000000E+000  0.93771131E-001  0.19303400E+001  0.12508803E+002  0.31304028E+002  0.78697999E+002  0.15900406E+003
  0.00000000E+000  0.00000000E+000  0.00000000E+000  0.00000000E+000  0.00000000E+000  0.93768548E-001  0.19303098E+001  0.12508743E+002  0.31304058E+002  0.78698386E+002  0.15900445E+003
  0.00000000E+000  0.00000000E+000  0.00000000E+000  0.00000000E+000  0.00000000E+000  0.93765937E-001  0.19302788E+001  0.12508679E+002  0.31304083E+002  0.78698771E+002  0.15900486E+003
  0.00000000E+000  0.00000000E+000  0.00000000E+000  0.00000000E+000  0.00000000E+000  0.93763301E-001  0.19302470E+001  0.12508609E+002  0.31304103E+002  0.78699155E+002  0.15900527E+003
  0.00000000E+000  0.00000000E+000  0.00000000E+000  0.00000000E+000  0.00000000E+000  0.93760647E-001  0.19302144E+001  0.12508535E+002  0.31304118E+002  0.78699536E+002  0.15900570E+003
  0.00000000E+000  0.00000000E+000  0.00000000E+000  0.00000000E+000  0.00000000E+000  0.93757980E-001  0.19301811E+001  0.12508457E+002  0.31304128E+002  0.78699913E+002  0.15900614E+003
  0.00000000E+000  0.00000000E+000  0.00000000E+000  0.00000000E+000  0.00000000E+000  0.93755305E-001  0.19301473E+001  0.12508374E+002  0.31304133E+002  0.78700286E+002  0.15900660E+003
  0.00000000E+000  0.00000000E+000  0.00000000E+000  0.00000000E+000  0.00000000E+000  0.93752626E-001  0.19301128E+001  0.12508287E+002  0.31304134E+002  0.78700655E+002  0.15900707E+003
  0.00000000E+000  0.00000000E+000  0.00000000E+000  0.00000000E+000  0.00000000E+000  0.93749950E-001  0.19300779E+001  0.12508197E+002  0.31304129E+002  0.78701019E+002  0.15900756E+003
  0.00000000E+000  0.00000000E+000  0.00000000E+000  0.00000000E+000  0.00000000E+000  0.93747281E-001  0.19300426E+001  0.12508102E+002  0.31304120E+002  0.78701378E+002  0.15900806E+003
  0.00000000E+000  0.00000000E+000  0.00000000E+000  0.00000000E+000  0.00000000E+000  0.93744624E-001  0.19300069E+001  0.12508004E+002  0.31304106E+002  0.78701730E+002  0.15900857E+003
  0.00000000E+000  0.00000000E+000  0.00000000E+000  0.00000000E+000  0.00000000E+000  0.93741983E-001  0.19299709E+001  0.12507902E+002  0.31304088E+002  0.78702076E+002  0.15900909E+003
  0.00000000E+000  0.00000000E+000  0.00000000E+000  0.00000000E+000  0.00000000E+000  0.93739364E-001  0.19299347E+001  0.12507797E+002  0.31304066E+002  0.78702415E+002  0.15900963E+003
  0.00000000E+000  0.00000000E+000  0.00000000E+000  0.00000000E+000  0.00000000E+000  0.93736770E-001  0.19298983E+001  0.12507689E+002  0.31304039E+002  0.78702747E+002  0.15901018E+003
  0.00000000E+000  0.00000000E+000  0.00000000E+000  0.00000000E+000  0.00000000E+000  0.93734204E-001  0.19298618E+001  0.12507579E+002  0.31304008E+002  0.78703071E+002  0.15901074E+003
  0.00000000E+000  0.00000000E+000  0.00000000E+000  0.00000000E+000  0.00000000E+000  0.93731672E-001  0.19298253E+001  0.12507465E+002  0.31303973E+002  0.78703388E+002  0.15901131E+003
  0.00000000E+000  0.00000000E+000  0.00000000E+000  0.00000000E+000  0.00000000E+000  0.93729176E-001  0.19297887E+001  0.12507349E+002  0.31303934E+002  0.78703696E+002  0.15901190E+003
  0.00000000E+000  0.00000000E+000  0.00000000E+000  0.00000000E+000  0.00000000E+000  0.93726720E-001  0.19297521E+001  0.12507231E+002  0.31303891E+002  0.78703996E+002  0.15901249E+003
  0.00000000E+000  0.00000000E+000  0.00000000E+000  0.00000000E+000  0.00000000E+000  0.93724307E-001  0.19297156E+001  0.12507111E+002  0.31303845E+002  0.78704286E+002  0.15901310E+003
  0.00000000E+000  0.00000000E+000  0.00000000E+000  0.00000000E+000  0.00000000E+000  0.93721939E-001  0.19296793E+001  0.12506989E+002  0.31303795E+002  0.78704568E+002  0.15901371E+003
  0.00000000E+000  0.00000000E+000  0.00000000E+000  0.00000000E+000  0.00000000E+000  0.93719618E-001  0.19296431E+001  0.12506865E+002  0.31303741E+002  0.78704840E+002  0.15901434E+003
  0.00000000E+000  0.00000000E+000  0.00000000E+000  0.00000000E+000  0.00000000E+000  0.93717348E-001  0.19296071E+001  0.12506740E+002  0.31303684E+002  0.78705102E+002  0.15901497E+003
  0.00000000E+000  0.00000000E+000  0.00000000E+000  0.00000000E+000  0.00000000E+000  0.93715130E-001  0.19295713E+001  0.12506613E+002  0.31303623E+002  0.78705355E+002  0.15901561E+003
  0.00000000E+000  0.00000000E+000  0.00000000E+000  0.00000000E+000  0.00000000E+000  0.93712966E-001  0.19295358E+001  0.12506486E+002  0.31303559E+002  0.78705597E+002  0.15901625E+003
  0.00000000E+000  0.00000000E+000  0.00000000E+000  0.00000000E+000  0.00000000E+000  0.93710856E-001  0.19295006E+001  0.12506357E+002  0.31303492E+002  0.78705828E+002  0.15901690E+003
  0.00000000E+000  0.00000000E+000  0.00000000E+000  0.00000000E+000  0.00000000E+000  0.93708803E-001  0.19294657E+001  0.12506227E+002  0.31303422E+002  0.78706048E+002  0.15901756E+003
  0.00000000E+000  0.00000000E+000  0.00000000E+000  0.00000000E+000  0.00000000E+000  0.93706807E-001  0.19294312E+001  0.12506097E+002  0.31303349E+002  0.78706258E+002  0.15901822E+003
  0.00000000E+000  0.00000000E+000  0.00000000E+000  0.00000000E+000  0.00000000E+000  0.93704869E-001  0.19293971E+001  0.12505966E+002  0.31303273E+002  0.78706455E+002  0.15901888E+003
  0.00000000E+000  0.00000000E+000  0.00000000E+000  0.00000000E+000  0.00000000E+000  0.93702990E-001  0.19293633E+001  0.12505835E+002  0.31303194E+002  0.78706642E+002  0.15901955E+003
  0.00000000E+000  0.00000000E+000  0.00000000E+000  0.00000000E+000  0.00000000E+000  0.93701170E-001  0.19293300E+001  0.12505703E+002  0.31303113E+002  0.78706816E+002  0.15902021E+003
  0.00000000E+000  0.00000000E+000  0.00000000E+000  0.00000000E+000  0.00000000E+000  0.93699408E-001  0.19292972E+001  0.12505571E+002  0.31303029E+002  0.78706978E+002  0.15902088E+003
  0.00000000E+000  0.00000000E+000  0.00000000E+000  0.00000000E+000  0.00000000E+000  0.93697705E-001  0.19292649E+001  0.12505440E+002  0.31302942E+002  0.78707129E+002  0.15902154E+003
  0.00000000E+000  0.00000000E+000  0.00000000E+000  0.00000000E+000  0.00000000E+000  0.93696060E-001  0.19292330E+001  0.12505308E+002  0.31302853E+002  0.78707266E+002  0.15902220E+003
  0.00000000E+000  0.00000000E+000  0.00000000E+000  0.00000000E+000  0.00000000E+000  0.93694474E-001  0.19292017E+001  0.12505177E+002  0.31302761E+002  0.78707391E+002  0.15902286E+003
  0.00000000E+000  0.00000000E+000  0.00000000E+000  0.00000000E+000  0.00000000E+000  0.93692945E-001  0.19291708E+001  0.12505047E+002  0.31302667E+002  0.78707503E+002  0.15902351E+003
  0.00000000E+000  0.00000000E+000  0.00000000E+000  0.00000000E+000  0.00000000E+000  0.93691472E-001  0.19291406E+001  0.12504916E+002  0.31302571E+002  0.78707603E+002  0.15902416E+003
  0.00000000E+000  0.00000000E+000  0.00000000E+000  0.00000000E+000  0.00000000E+000  0.93690056E-001  0.19291109E+001  0.12504787E+002  0.31302473E+002  0.78707689E+002  0.15902479E+003
  0.00000000E+000  0.00000000E+000  0.00000000E+000  0.00000000E+000  0.00000000E+000  0.93688694E-001  0.19290818E+001  0.12504658E+002  0.31302374E+002  0.78707762E+002  0.15902542E+003
  0.00000000E+000  0.00000000E+000  0.00000000E+000  0.00000000E+000  0.00000000E+000  0.93687387E-001  0.19290533E+001  0.12504530E+002  0.31302272E+002  0.78707822E+002  0.15902604E+003
  0.00000000E+000  0.00000000E+000  0.00000000E+000  0.00000000E+000  0.00000000E+000  0.93686132E-001  0.19290254E+001  0.12504403E+002  0.31302168E+002  0.78707869E+002  0.15902665E+003
  0.00000000E+000  0.00000000E+000  0.00000000E+000  0.00000000E+000  0.00000000E+000  0.93684929E-001  0.19289982E+001  0.12504278E+002  0.31302063E+002  0.78707902E+002  0.15902725E+003
  0.00000000E+000  0.00000000E+000  0.00000000E+000  0.00000000E+000  0.00000000E+000  0.93683776E-001  0.19289716E+001  0.12504153E+002  0.31301957E+002  0.78707922E+002  0.15902784E+003
  0.00000000E+000  0.00000000E+000  0.00000000E+000  0.00000000E+000  0.00000000E+000  0.93682672E-001  0.19289456E+001  0.12504029E+002  0.31301849E+002  0.78707928E+002  0.15902841E+003
  0.00000000E+000  0.00000000E+000  0.00000000E+000  0.00000000E+000  0.00000000E+000  0.93681615E-001  0.19289202E+001  0.12503907E+002  0.31301739E+002  0.78707922E+002  0.15902896E+003
  0.00000000E+000  0.00000000E+000  0.00000000E+000  0.00000000E+000  0.00000000E+000  0.93680605E-001  0.19288956E+001  0.12503787E+002  0.31301629E+002  0.78707902E+002  0.15902950E+003
  0.00000000E+000  0.00000000E+000  0.00000000E+000  0.00000000E+000  0.00000000E+000  0.93679640E-001  0.19288715E+001  0.12503667E+002  0.31301518E+002  0.78707868E+002  0.15903002E+003
  0.00000000E+000  0.00000000E+000  0.00000000E+000  0.00000000E+000  0.00000000E+000  0.93678718E-001  0.19288482E+001  0.12503550E+002  0.31301405E+002  0.78707822E+002  0.15903052E+003
  0.00000000E+000  0.00000000E+000  0.00000000E+000  0.00000000E+000  0.00000000E+000  0.93677839E-001  0.19288255E+001  0.12503434E+002  0.31301292E+002  0.78707763E+002  0.15903101E+003
  0.00000000E+000  0.00000000E+000  0.00000000E+000  0.00000000E+000  0.00000000E+000  0.93676999E-001  0.19288035E+001  0.12503319E+002  0.31301178E+002  0.78707691E+002  0.15903147E+003
  0.00000000E+000  0.00000000E+000  0.00000000E+000  0.00000000E+000  0.00000000E+000  0.93676200E-001  0.19287821E+001  0.12503207E+002  0.31301064E+002  0.78707606E+002  0.15903191E+003
  0.00000000E+000  0.00000000E+000  0.00000000E+000  0.00000000E+000  0.00000000E+000  0.93675437E-001  0.19287615E+001  0.12503096E+002  0.31300949E+002  0.78707509E+002  0.15903233E+003
  0.00000000E+000  0.00000000E+000  0.00000000E+000  0.00000000E+000  0.00000000E+000  0.93674712E-001  0.19287414E+001  0.12502987E+002  0.31300834E+002  0.78707399E+002  0.15903273E+003
  0.00000000E+000  0.00000000E+000  0.00000000E+000  0.00000000E+000  0.00000000E+000  0.93674021E-001  0.19287221E+001  0.12502879E+002  0.31300719E+002  0.78707278E+002  0.15903310E+003
  0.00000000E+000  0.00000000E+000  0.00000000E+000  0.00000000E+000  0.00000000E+000  0.93673364E-001  0.19287034E+001  0.12502774E+002  0.31300603E+002  0.78707145E+002  0.15903345E+003
  0.00000000E+000  0.00000000E+000  0.00000000E+000  0.00000000E+000  0.00000000E+000  0.93672739E-001  0.19286853E+001  0.12502671E+002  0.31300488E+002  0.78707000E+002  0.15903378E+003
  0.00000000E+000  0.00000000E+000  0.00000000E+000  0.00000000E+000  0.00000000E+000  0.93672146E-001  0.19286679E+001  0.12502569E+002  0.31300372E+002  0.78706844E+002  0.15903408E+003
  0.00000000E+000  0.00000000E+000  0.00000000E+000  0.00000000E+000  0.00000000E+000  0.93671582E-001  0.19286512E+001  0.12502470E+002  0.31300257E+002  0.78706677E+002  0.15903436E+003
  0.00000000E+000  0.00000000E+000  0.00000000E+000  0.00000000E+000  0.00000000E+000  0.93671046E-001  0.19286350E+001  0.12502373E+002  0.31300142E+002  0.78706500E+002  0.15903461E+003
  0.00000000E+000  0.00000000E+000  0.00000000E+000  0.00000000E+000  0.00000000E+000  0.93670538E-001  0.19286195E+001  0.12502277E+002  0.31300028E+002  0.78706313E+002  0.15903484E+003
  0.00000000E+000  0.00000000E+000  0.00000000E+000  0.00000000E+000  0.00000000E+000  0.93670055E-001  0.19286045E+001  0.12502184E+002  0.31299914E+002  0.78706116E+002  0.15903504E+003
  0.00000000E+000  0.00000000E+000  0.00000000E+000  0.00000000E+000  0.00000000E+000  0.93669598E-001  0.19285902E+001  0.12502093E+002  0.31299801E+002  0.78705909E+002  0.15903522E+003
  0.00000000E+000  0.00000000E+000  0.00000000E+000  0.00000000E+000  0.00000000E+000  0.93669165E-001  0.19285764E+001  0.12502004E+002  0.31299688E+002  0.78705693E+002  0.15903537E+003
  0.00000000E+000  0.00000000E+000  0.00000000E+000  0.00000000E+000  0.00000000E+000  0.93668754E-001  0.19285632E+001  0.12501917E+002  0.31299577E+002  0.78705469E+002  0.15903549E+003
  0.00000000E+000  0.00000000E+000  0.00000000E+000  0.00000000E+000  0.00000000E+000  0.93668364E-001  0.19285505E+001  0.12501832E+002  0.31299466E+002  0.78705237E+002  0.15903559E+003
  0.00000000E+000  0.00000000E+000  0.00000000E+000  0.00000000E+000  0.00000000E+000  0.93667996E-001  0.19285384E+001  0.12501749E+002  0.31299356E+002  0.78704996E+002  0.15903566E+003
  0.00000000E+000  0.00000000E+000  0.00000000E+000  0.00000000E+000  0.00000000E+000  0.93667647E-001  0.19285268E+001  0.12501668E+002  0.31299247E+002  0.78704749E+002  0.15903571E+003
  0.00000000E+000  0.00000000E+000  0.00000000E+000  0.00000000E+000  0.00000000E+000  0.93667317E-001  0.19285157E+001  0.12501590E+002  0.31299140E+002  0.78704494E+002  0.15903573E+003
  0.00000000E+000  0.00000000E+000  0.00000000E+000  0.00000000E+000  0.00000000E+000  0.93667004E-001  0.19285051E+001  0.12501513E+002  0.31299033E+002  0.78704233E+002  0.15903573E+003
  0.00000000E+000  0.00000000E+000  0.00000000E+000  0.00000000E+000  0.00000000E+000  0.93666709E-001  0.19284950E+001  0.12501439E+002  0.31298928E+002  0.78703966E+002  0.15903571E+003
  0.00000000E+000  0.00000000E+000  0.00000000E+000  0.00000000E+000  0.00000000E+000  0.93666429E-001  0.19284853E+001  0.12501366E+002  0.31298824E+002  0.78703693E+002  0.15903566E+003
  0.00000000E+000  0.00000000E+000  0.00000000E+000  0.00000000E+000  0.00000000E+000  0.93666165E-001  0.19284760E+001  0.12501296E+002  0.31298722E+002  0.78703416E+002  0.15903559E+003
  0.00000000E+000  0.00000000E+000  0.00000000E+000  0.00000000E+000  0.00000000E+000  0.93665915E-001  0.19284672E+001  0.12501227E+002  0.31298621E+002  0.78703133E+002  0.15903550E+003
  0.00000000E+000  0.00000000E+000  0.00000000E+000  0.00000000E+000  0.00000000E+000  0.93665679E-001  0.19284589E+001  0.12501161E+002  0.31298522E+002  0.78702846E+002  0.15903538E+003
  0.00000000E+000  0.00000000E+000  0.00000000E+000  0.00000000E+000  0.00000000E+000  0.93665457E-001  0.19284509E+001  0.12501097E+002  0.31298424E+002  0.78702555E+002  0.15903524E+003
  0.00000000E+000  0.00000000E+000  0.00000000E+000  0.00000000E+000  0.00000000E+000  0.93665246E-001  0.19284432E+001  0.12501034E+002  0.31298328E+002  0.78702261E+002  0.15903508E+003
  0.00000000E+000  0.00000000E+000  0.00000000E+000  0.00000000E+000  0.00000000E+000  0.93665048E-001  0.19284360E+001  0.12500973E+002  0.31298233E+002  0.78701964E+002  0.15903491E+003
  0.00000000E+000  0.00000000E+000  0.00000000E+000  0.00000000E+000  0.00000000E+000  0.93664860E-001  0.19284291E+001  0.12500915E+002  0.31298140E+002  0.78701664E+002  0.15903471E+003
  0.00000000E+000  0.00000000E+000  0.00000000E+000  0.00000000E+000  0.00000000E+000  0.93664683E-001  0.19284226E+001  0.12500858E+002  0.31298049E+002  0.78701362E+002  0.15903449E+003
  0.00000000E+000  0.00000000E+000  0.00000000E+000  0.00000000E+000  0.00000000E+000  0.93664517E-001  0.19284163E+001  0.12500803E+002  0.31297960E+002  0.78701058E+002  0.15903426E+003
  0.00000000E+000  0.00000000E+000  0.00000000E+000  0.00000000E+000  0.00000000E+000  0.93664359E-001  0.19284104E+001  0.12500750E+002  0.31297872E+002  0.78700753E+002  0.15903401E+003
  0.00000000E+000  0.00000000E+000  0.00000000E+000  0.00000000E+000  0.00000000E+000  0.93664211E-001  0.19284048E+001  0.12500698E+002  0.31297786E+002  0.78700447E+002  0.15903374E+003
  0.00000000E+000  0.00000000E+000  0.00000000E+000  0.00000000E+000  0.00000000E+000  0.93664071E-001  0.19283994E+001  0.12500649E+002  0.31297702E+002  0.78700140E+002  0.15903345E+003
  0.00000000E+000  0.00000000E+000  0.00000000E+000  0.00000000E+000  0.00000000E+000  0.93663939E-001  0.19283944E+001  0.12500601E+002  0.31297620E+002  0.78699833E+002  0.15903316E+003
  0.00000000E+000  0.00000000E+000  0.00000000E+000  0.00000000E+000  0.00000000E+000  0.93663815E-001  0.19283896E+001  0.12500554E+002  0.31297539E+002  0.78699527E+002  0.15903284E+003
  0.00000000E+000  0.00000000E+000  0.00000000E+000  0.00000000E+000  0.00000000E+000  0.93663699E-001  0.19283850E+001  0.12500510E+002  0.31297460E+002  0.78699220E+002  0.15903252E+003
  0.00000000E+000  0.00000000E+000  0.00000000E+000  0.00000000E+000  0.00000000E+000  0.93663589E-001  0.19283807E+001  0.12500467E+002  0.31297384E+002  0.78698915E+002  0.15903218E+003
  0.00000000E+000  0.00000000E+000  0.00000000E+000  0.00000000E+000  0.00000000E+000  0.93663485E-001  0.19283766E+001  0.12500425E+002  0.31297309E+002  0.78698611E+002  0.15903183E+003
  0.00000000E+000  0.00000000E+000  0.00000000E+000  0.00000000E+000  0.00000000E+000  0.93663388E-001  0.19283727E+001  0.12500385E+002  0.31297236E+002  0.78698308E+002  0.15903147E+003
  0.00000000E+000  0.00000000E+000  0.00000000E+000  0.00000000E+000  0.00000000E+000  0.93663297E-001  0.19283690E+001  0.12500347E+002  0.31297164E+002  0.78698007E+002  0.15903110E+003
  0.00000000E+000  0.00000000E+000  0.00000000E+000  0.00000000E+000  0.00000000E+000  0.93663211E-001  0.19283656E+001  0.12500309E+002  0.31297095E+002  0.78697708E+002  0.15903073E+003
  0.00000000E+000  0.00000000E+000  0.00000000E+000  0.00000000E+000  0.00000000E+000  0.93663130E-001  0.19283623E+001  0.12500274E+002  0.31297027E+002  0.78697411E+002  0.15903034E+003
  0.00000000E+000  0.00000000E+000  0.00000000E+000  0.00000000E+000  0.00000000E+000  0.93663055E-001  0.19283592E+001  0.12500239E+002  0.31296962E+002  0.78697117E+002  0.15902995E+003
  0.00000000E+000  0.00000000E+000  0.00000000E+000  0.00000000E+000  0.00000000E+000  0.93662984E-001  0.19283562E+001  0.12500206E+002  0.31296898E+002  0.78696826E+002  0.15902954E+003
  0.00000000E+000  0.00000000E+000  0.00000000E+000  0.00000000E+000  0.00000000E+000  0.93662917E-001  0.19283534E+001  0.12500175E+002  0.31296835E+002  0.78696538E+002  0.15902914E+003
  0.00000000E+000  0.00000000E+000  0.00000000E+000  0.00000000E+000  0.00000000E+000  0.93662855E-001  0.19283508E+001  0.12500144E+002  0.31296775E+002  0.78696253E+002  0.15902873E+003
  0.00000000E+000  0.00000000E+000  0.00000000E+000  0.00000000E+000  0.00000000E+000  0.93662797E-001  0.19283483E+001  0.12500115E+002  0.31296716E+002  0.78695971E+002  0.15902831E+003
  0.00000000E+000  0.00000000E+000  0.00000000E+000  0.00000000E+000  0.00000000E+000  0.93662742E-001  0.19283460E+001  0.12500087E+002  0.31296659E+002  0.78695693E+002  0.15902789E+003
  0.00000000E+000  0.00000000E+000  0.00000000E+000  0.00000000E+000  0.00000000E+000  0.93662692E-001  0.19283437E+001  0.12500060E+002  0.31296604E+002  0.78695420E+002  0.15902747E+003
  0.00000000E+000  0.00000000E+000  0.00000000E+000  0.00000000E+000  0.00000000E+000  0.93662644E-001  0.19283416E+001  0.12500034E+002  0.31296551E+002  0.78695150E+002  0.15902704E+003
  0.00000000E+000  0.00000000E+000  0.00000000E+000  0.00000000E+000  0.00000000E+000  0.93662600E-001  0.19283397E+001  0.12500009E+002  0.31296499E+002  0.78694884E+002  0.15902662E+003
  0.00000000E+000  0.00000000E+000  0.00000000E+000  0.00000000E+000  0.00000000E+000  0.93662559E-001  0.19283378E+001  0.12499985E+002  0.31296448E+002  0.78694622E+002  0.15902619E+003
  0.00000000E+000  0.00000000E+000  0.00000000E+000  0.00000000E+000  0.00000000E+000  0.93662520E-001  0.19283361E+001  0.12499963E+002  0.31296400E+002  0.78694365E+002  0.15902576E+003
  0.00000000E+000  0.00000000E+000  0.00000000E+000  0.00000000E+000  0.00000000E+000  0.93662484E-001  0.19283344E+001  0.12499941E+002  0.31296353E+002  0.78694113E+002  0.15902533E+003
  0.00000000E+000  0.00000000E+000  0.00000000E+000  0.00000000E+000  0.00000000E+000  0.93662451E-001  0.19283328E+001  0.12499920E+002  0.31296307E+002  0.78693865E+002  0.15902491E+003
  0.00000000E+000  0.00000000E+000  0.00000000E+000  0.00000000E+000  0.00000000E+000  0.93662421E-001  0.19283314E+001  0.12499900E+002  0.31296263E+002  0.78693622E+002  0.15902448E+003
  0.00000000E+000  0.00000000E+000  0.00000000E+000  0.00000000E+000  0.00000000E+000  0.93662392E-001  0.19283300E+001  0.12499881E+002  0.31296221E+002  0.78693383E+002  0.15902406E+003
  0.00000000E+000  0.00000000E+000  0.00000000E+000  0.00000000E+000  0.00000000E+000  0.93662366E-001  0.19283287E+001  0.12499863E+002  0.31296180E+002  0.78693150E+002  0.15902363E+003
  0.00000000E+000  0.00000000E+000  0.00000000E+000  0.00000000E+000  0.00000000E+000  0.93662341E-001  0.19283275E+001  0.12499845E+002  0.31296140E+002  0.78692921E+002  0.15902321E+003
  0.00000000E+000  0.00000000E+000  0.00000000E+000  0.00000000E+000  0.00000000E+000  0.93662319E-001  0.19283263E+001  0.12499829E+002  0.31296102E+002  0.78692698E+002  0.15902280E+003
  0.00000000E+000  0.00000000E+000  0.00000000E+000  0.00000000E+000  0.00000000E+000  0.93662298E-001  0.19283252E+001  0.12499813E+002  0.31296065E+002  0.78692479E+002  0.15902239E+003
  0.00000000E+000  0.00000000E+000  0.00000000E+000  0.00000000E+000  0.00000000E+000  0.93662279E-001  0.19283242E+001  0.12499797E+002  0.31296029E+002  0.78692266E+002  0.15902198E+003
  0.00000000E+000  0.00000000E+000  0.00000000E+000  0.00000000E+000  0.00000000E+000  0.93662262E-001  0.19283233E+001  0.12499783E+002  0.31295995E+002  0.78692057E+002  0.15902157E+003
  0.00000000E+000  0.00000000E+000  0.00000000E+000  0.00000000E+000  0.00000000E+000  0.93662246E-001  0.19283224E+001  0.12499769E+002  0.31295962E+002  0.78691854E+002  0.15902117E+003
  0.00000000E+000  0.00000000E+000  0.00000000E+000  0.00000000E+000  0.00000000E+000  0.93662231E-001  0.19283216E+001  0.12499756E+002  0.31295930E+002  0.78691655E+002  0.15902078E+003
  0.00000000E+000  0.00000000E+000  0.00000000E+000  0.00000000E+000  0.00000000E+000  0.93662218E-001  0.19283208E+001  0.12499743E+002  0.31295899E+002  0.78691462E+002  0.15902039E+003
  0.00000000E+000  0.00000000E+000  0.00000000E+000  0.00000000E+000  0.00000000E+000  0.93662206E-001  0.19283200E+001  0.12499731E+002  0.31295870E+002  0.78691274E+002  0.15902001E+003
  0.00000000E+000  0.00000000E+000  0.00000000E+000  0.00000000E+000  0.00000000E+000  0.93662194E-001  0.19283193E+001  0.12499720E+002  0.31295842E+002  0.78691090E+002  0.15901963E+003
  0.00000000E+000  0.00000000E+000  0.00000000E+000  0.00000000E+000  0.00000000E+000  0.93662184E-001  0.19283187E+001  0.12499709E+002  0.31295814E+002  0.78690912E+002  0.15901926E+003
  0.00000000E+000  0.00000000E+000  0.00000000E+000  0.00000000E+000  0.00000000E+000  0.93662175E-001  0.19283181E+001  0.12499699E+002  0.31295788E+002  0.78690738E+002  0.15901889E+003
  0.00000000E+000  0.00000000E+000  0.00000000E+000  0.00000000E+000  0.00000000E+000  0.93662166E-001  0.19283175E+001  0.12499689E+002  0.31295763E+002  0.78690570E+002  0.15901853E+003
  0.00000000E+000  0.00000000E+000  0.00000000E+000  0.00000000E+000  0.00000000E+000  0.93662159E-001  0.19283170E+001  0.12499679E+002  0.31295739E+002  0.78690406E+002  0.15901818E+003
  0.00000000E+000  0.00000000E+000  0.00000000E+000  0.00000000E+000  0.00000000E+000  0.93662152E-001  0.19283165E+001  0.12499670E+002  0.31295716E+002  0.78690247E+002  0.15901783E+003
  0.00000000E+000  0.00000000E+000  0.00000000E+000  0.00000000E+000  0.00000000E+000  0.93662145E-001  0.19283160E+001  0.12499662E+002  0.31295694E+002  0.78690092E+002  0.15901749E+003
  0.00000000E+000  0.00000000E+000  0.00000000E+000  0.00000000E+000  0.00000000E+000  0.93662140E-001  0.19283156E+001  0.12499654E+002  0.31295672E+002  0.78689943E+002  0.15901716E+003
  0.00000000E+000  0.00000000E+000  0.00000000E+000  0.00000000E+000  0.00000000E+000  0.93662135E-001  0.19283152E+001  0.12499646E+002  0.31295652E+002  0.78689797E+002  0.15901684E+003
  0.00000000E+000  0.00000000E+000  0.00000000E+000  0.00000000E+000  0.00000000E+000  0.93662130E-001  0.19283148E+001  0.12499639E+002  0.31295632E+002  0.78689657E+002  0.15901652E+003
