  0.19295654E+000  0.21697926E+000  0.35407682E+000  0.51640611E+000  0.86326590E+000  0.98296369E+000  0.13337783E+001  0.24914345E+001  0.41459881E+001  0.58117755E+001  0.93497776E+001
  0.19278822E+000  0.21728341E+000  0.35384829E+000  0.51512351E+000  0.86237807E+000  0.98197975E+000  0.13322392E+001  0.24889135E+001  0.41320383E+001  0.58140557E+001  0.93519392E+001
  0.19265820E+000  0.21747115E+000  0.35369521E+000  0.51521597E+000  0.86177300E+000  0.98099953E+000  0.13305103E+001  0.24872130E+001  0.41221630E+001  0.58155191E+001  0.93397779E+001
  0.19257371E+000  0.21757180E+000  0.35357790E+000  0.51527174E+000  0.86128830E+000  0.98051859E+000  0.13295526E+001  0.24860403E+001  0.41148425E+001  0.58166071E+001  0.93308246E+001
  0.19248824E+000  0.21763624E+000  0.35348898E+000  0.51530980E+000  0.86097898E+000  0.98028675E+000  0.13292589E+001  0.24850699E+001  0.41115584E+001  0.58176474E+001  0.93238440E+001
  0.19243384E+000  0.21767824E+000  0.35340869E+000  0.51536057E+000  0.86065723E+000  0.97980705E+000  0.13290082E+001  0.24840150E+001  0.41074697E+001  0.58183487E+001  0.93166459E+001
  0.19238965E+000  0.21775954E+000  0.35333982E+000  0.51538986E+000  0.86025641E+000  0.97964799E+000  0.13288649E+001  0.24833633E+001  0.41043529E+001  0.58186198E+001  0.93083367E+001
  0.19234010E+000  0.21778282E+000  0.35328485E+000  0.51540334E+000  0.86006791E+000  0.97930178E+000  0.13287274E+001  0.24825661E+001  0.41015025E+001  0.58192970E+001  0.93018775E+001
  0.19229799E+000  0.21782023E+000  0.35325819E+000  0.51541359E+000  0.85991976E+000  0.97934285E+000  0.13287593E+001  0.24823897E+001  0.41009314E+001  0.58195080E+001  0.92963306E+001
  0.19228139E+000  0.21785080E+000  0.35327267E+000  0.51542155E+000  0.85977093E+000  0.97915809E+000  0.13288184E+001  0.24820623E+001  0.41013834E+001  0.58197061E+001  0.92946230E+001
  0.19225598E+000  0.21786977E+000  0.35325189E+000  0.51542753E+000  0.85966397E+000  0.97901919E+000  0.13288436E+001  0.24816592E+001  0.41033637E+001  0.58199204E+001  0.92916220E+001
  0.19222820E+000  0.21788837E+000  0.35325571E+000  0.51543939E+000  0.85964683E+000  0.97888606E+000  0.13288838E+001  0.24812851E+001  0.41047239E+001  0.58197739E+001  0.92885662E+001
  0.19220668E+000  0.21790085E+000  0.35327631E+000  0.51546104E+000  0.85952948E+000  0.97875349E+000  0.13288745E+001  0.24810815E+001  0.41057079E+001  0.58203198E+001  0.92886451E+001
  0.19218600E+000  0.21791154E+000  0.35327588E+000  0.51545148E+000  0.85946097E+000  0.97869475E+000  0.13289073E+001  0.24808582E+001  0.41060522E+001  0.58204067E+001  0.92863296E+001
  0.19218192E+000  0.21792223E+000  0.35325430E+000  0.51545822E+000  0.85937027E+000  0.97857313E+000  0.13289334E+001  0.24805208E+001  0.41059200E+001  0.58204440E+001  0.92838661E+001
  0.19213442E+000  0.21792857E+000  0.35327540E+000  0.51546349E+000  0.85930013E+000  0.97854749E+000  0.13288798E+001  0.24804555E+001  0.41086424E+001  0.58204737E+001  0.92823698E+001
  0.19213190E+000  0.21793466E+000  0.35326865E+000  0.51546756E+000  0.85928742E+000  0.97844110E+000  0.13288469E+001  0.24804206E+001  0.41085727E+001  0.58204972E+001  0.92813112E+001
  0.19214036E+000  0.21793955E+000  0.35326591E+000  0.51547065E+000  0.85919280E+000  0.97843700E+000  0.13289675E+001  0.24802777E+001  0.41084376E+001  0.58208710E+001  0.92803010E+001
  0.19213105E+000  0.21792598E+000  0.35325907E+000  0.51547294E+000  0.85915838E+000  0.97840889E+000  0.13289401E+001  0.24801550E+001  0.41083231E+001  0.58209334E+001  0.92814217E+001
  0.19210584E+000  0.21793010E+000  0.35326760E+000  0.51547455E+000  0.85912865E+000  0.97830581E+000  0.13289166E+001  0.24800495E+001  0.41084594E+001  0.58209854E+001  0.92805839E+001
  0.19210942E+000  0.21793338E+000  0.35326462E+000  0.51547561E+000  0.85910296E+000  0.97827281E+000  0.13288963E+001  0.24799587E+001  0.41083059E+001  0.58210285E+001  0.92792273E+001
  0.19211224E+000  0.21793594E+000  0.35326763E+000  0.51547621E+000  0.85908071E+000  0.97824955E+000  0.13288788E+001  0.24798805E+001  0.41082201E+001  0.58210641E+001  0.92789989E+001
  0.19211442E+000  0.21793789E+000  0.35317867E+000  0.51547642E+000  0.85906142E+000  0.97824642E+000  0.13288636E+001  0.24798130E+001  0.41081809E+001  0.58210932E+001  0.92786880E+001
  0.19211605E+000  0.21793932E+000  0.35319423E+000  0.51547631E+000  0.85904465E+000  0.97824274E+000  0.13288504E+001  0.24797547E+001  0.41081734E+001  0.58211169E+001  0.92782660E+001
  0.19207103E+000  0.21794032E+000  0.35320913E+000  0.51547593E+000  0.85903003E+000  0.97823864E+000  0.13288389E+001  0.24797042E+001  0.41081868E+001  0.58211359E+001  0.92779280E+001
  0.19206786E+000  0.21794094E+000  0.35322341E+000  0.51547532E+000  0.85901851E+000  0.97823422E+000  0.13289775E+001  0.24796603E+001  0.41082135E+001  0.58211511E+001  0.92776604E+001
  0.19206510E+000  0.21794125E+000  0.35323713E+000  0.51547452E+000  0.85902378E+000  0.97822954E+000  0.13289675E+001  0.24796220E+001  0.41082481E+001  0.58211629E+001  0.92774500E+001
  0.19206268E+000  0.21794130E+000  0.35325031E+000  0.51547357E+000  0.85902723E+000  0.97816661E+000  0.13289586E+001  0.24795885E+001  0.41082871E+001  0.58211719E+001  0.92772855E+001
  0.19206054E+000  0.21794113E+000  0.35336272E+000  0.51547249E+000  0.85902915E+000  0.97817146E+000  0.13289506E+001  0.24795590E+001  0.41083278E+001  0.58211785E+001  0.92772245E+001
  0.19205865E+000  0.21794077E+000  0.35336557E+000  0.51547129E+000  0.85902980E+000  0.97817440E+000  0.13289434E+001  0.24795328E+001  0.41083688E+001  0.58211832E+001  0.92771768E+001
  0.19205695E+000  0.21794026E+000  0.35336733E+000  0.51547001E+000  0.85902940E+000  0.97817579E+000  0.13289369E+001  0.24795093E+001  0.41085023E+001  0.58211863E+001  0.92771265E+001
  0.19205541E+000  0.21793962E+000  0.35333533E+000  0.51546866E+000  0.85902812E+000  0.97817590E+000  0.13289309E+001  0.24794881E+001  0.41084811E+001  0.58215887E+001  0.92770751E+001
  0.19205401E+000  0.21793888E+000  0.35333604E+000  0.51546724E+000  0.85902613E+000  0.97817498E+000  0.13289253E+001  0.24794687E+001  0.41126240E+001  0.58215173E+001  0.92768516E+001
  0.19205271E+000  0.21793807E+000  0.35333639E+000  0.51546577E+000  0.85895441E+000  0.97809002E+000  0.13289201E+001  0.24794507E+001  0.41126024E+001  0.58214944E+001  0.92762726E+001
  0.19205150E+000  0.21793718E+000  0.35333645E+000  0.51546426E+000  0.85894919E+000  0.97808415E+000  0.13289151E+001  0.24794339E+001  0.41125813E+001  0.58214730E+001  0.92761886E+001
  0.19205035E+000  0.21793624E+000  0.35333628E+000  0.51546272E+000  0.85894422E+000  0.97807862E+000  0.13289104E+001  0.24794180E+001  0.41125609E+001  0.58214527E+001  0.92761130E+001
  0.19204925E+000  0.21793526E+000  0.35333593E+000  0.51546116E+000  0.85893945E+000  0.97807334E+000  0.13289058E+001  0.24794027E+001  0.41125410E+001  0.58214333E+001  0.92760436E+001
  0.19204819E+000  0.21793426E+000  0.35333544E+000  0.51545958E+000  0.85893482E+000  0.97806826E+000  0.13289013E+001  0.24793879E+001  0.41125215E+001  0.58214146E+001  0.92759790E+001
  0.19204715E+000  0.21793323E+000  0.35333484E+000  0.51545798E+000  0.85893029E+000  0.97806331E+000  0.13288970E+001  0.24793735E+001  0.41125022E+001  0.58213963E+001  0.92759176E+001
  0.19204613E+000  0.21793218E+000  0.35333416E+000  0.51545637E+000  0.85892583E+000  0.97805845E+000  0.13288927E+001  0.24793592E+001  0.41124831E+001  0.58213783E+001  0.92758584E+001
  0.19204513E+000  0.21793112E+000  0.35333341E+000  0.51545476E+000  0.85892142E+000  0.97805366E+000  0.13288884E+001  0.24793452E+001  0.41124640E+001  0.58213605E+001  0.92758007E+001
  0.19204413E+000  0.21793005E+000  0.35333261E+000  0.51545315E+000  0.85891703E+000  0.97804890E+000  0.13288842E+001  0.24793312E+001  0.41124448E+001  0.58213429E+001  0.92757438E+001
  0.19208982E+000  0.21792898E+000  0.35333177E+000  0.51545153E+000  0.85891266E+000  0.97804417E+000  0.13288800E+001  0.24793173E+001  0.41124254E+001  0.58213253E+001  0.92756872E+001
  0.19208867E+000  0.21792791E+000  0.35333091E+000  0.51544992E+000  0.85890831E+000  0.97803945E+000  0.13288758E+001  0.24793034E+001  0.41124058E+001  0.58213077E+001  0.92756307E+001
  0.19208753E+000  0.21792684E+000  0.35333003E+000  0.51544831E+000  0.85890396E+000  0.97803474E+000  0.13288716E+001  0.24792895E+001  0.41123860E+001  0.58212901E+001  0.92755741E+001
  0.19208639E+000  0.21792578E+000  0.35332914E+000  0.51544672E+000  0.85889962E+000  0.97803003E+000  0.13288675E+001  0.24792757E+001  0.41123659E+001  0.58212726E+001  0.92755172E+001
  0.19208525E+000  0.21792471E+000  0.35332824E+000  0.51544513E+000  0.85889529E+000  0.97802533E+000  0.13288633E+001  0.24792619E+001  0.41123456E+001  0.58212551E+001  0.92754604E+001
  0.19208412E+000  0.21792366E+000  0.35332733E+000  0.51544356E+000  0.85889099E+000  0.97802065E+000  0.13288592E+001  0.24792482E+001  0.41123252E+001  0.58212377E+001  0.92754035E+001
  0.19208299E+000  0.21792261E+000  0.35332642E+000  0.51544201E+000  0.85888671E+000  0.97801600E+000  0.13288551E+001  0.24792345E+001  0.41123046E+001  0.58212205E+001  0.92753469E+001
  0.19208187E+000  0.21792157E+000  0.35332551E+000  0.51544047E+000  0.85888247E+000  0.97801139E+000  0.13288511E+001  0.24792210E+001  0.41122840E+001  0.58212034E+001  0.92752905E+001
  0.19208077E+000  0.21792053E+000  0.35332461E+000  0.51543896E+000  0.85887829E+000  0.97800682E+000  0.13288470E+001  0.24792077E+001  0.41122635E+001  0.58211865E+001  0.92752347E+001
  0.19207968E+000  0.21791951E+000  0.35330260E+000  0.51543747E+000  0.85887416E+000  0.97800232E+000  0.13288431E+001  0.24791946E+001  0.41122431E+001  0.58211699E+001  0.92751797E+001
  0.19207862E+000  0.21791851E+000  0.35330205E+000  0.51543601E+000  0.85887011E+000  0.97799789E+000  0.13288392E+001  0.24791817E+001  0.41122229E+001  0.58211536E+001  0.92751257E+001
  0.19207757E+000  0.21791751E+000  0.35330149E+000  0.51543458E+000  0.85886614E+000  0.97799355E+000  0.13288354E+001  0.24791691E+001  0.41122030E+001  0.58211404E+001  0.92750728E+001
  0.19207655E+000  0.21791654E+000  0.35330093E+000  0.51543318E+000  0.85886226E+000  0.97798931E+000  0.13288316E+001  0.24791569E+001  0.41121834E+001  0.58211381E+001  0.92750213E+001
  0.19207556E+000  0.21791558E+000  0.35330037E+000  0.51543182E+000  0.85885849E+000  0.97798517E+000  0.13288280E+001  0.24791449E+001  0.41121643E+001  0.58211358E+001  0.92749713E+001
  0.19207460E+000  0.21791465E+000  0.35329981E+000  0.51543050E+000  0.85885483E+000  0.97798115E+000  0.13288244E+001  0.24791333E+001  0.41121456E+001  0.58211336E+001  0.92749229E+001
  0.19207367E+000  0.21791374E+000  0.35329926E+000  0.51542922E+000  0.85885128E+000  0.97797933E+000  0.13288210E+001  0.24791221E+001  0.41121275E+001  0.58211315E+001  0.92748763E+001
  0.19207278E+000  0.21791286E+000  0.35329871E+000  0.51542799E+000  0.85884786E+000  0.97806075E+000  0.13288177E+001  0.24791114E+001  0.41121099E+001  0.58211294E+001  0.92748314E+001
  0.19207192E+000  0.21791200E+000  0.35329818E+000  0.51542679E+000  0.85884456E+000  0.97805657E+000  0.13288145E+001  0.24791010E+001  0.41120929E+001  0.58211274E+001  0.92747884E+001
  0.19207109E+000  0.21791118E+000  0.35329766E+000  0.51542565E+000  0.85884140E+000  0.97805256E+000  0.13288114E+001  0.24790911E+001  0.41120766E+001  0.58211254E+001  0.92747473E+001
  0.19207031E+000  0.21791039E+000  0.35329715E+000  0.51542455E+000  0.85883838E+000  0.97804871E+000  0.13288084E+001  0.24790816E+001  0.41120609E+001  0.58211235E+001  0.92747082E+001
  0.19206955E+000  0.21790962E+000  0.35329666E+000  0.51542351E+000  0.85883549E+000  0.97804504E+000  0.13288056E+001  0.24790725E+001  0.41120459E+001  0.58211217E+001  0.92746711E+001
  0.19206884E+000  0.21790890E+000  0.35329619E+000  0.51542251E+000  0.85883275E+000  0.97804155E+000  0.13288029E+001  0.24790639E+001  0.41120316E+001  0.58211200E+001  0.92746360E+001
  0.19206817E+000  0.21790820E+000  0.35329574E+000  0.51542157E+000  0.85883015E+000  0.97803823E+000  0.13288004E+001  0.24790558E+001  0.41120179E+001  0.58211184E+001  0.92746029E+001
  0.19206753E+000  0.21790755E+000  0.35329531E+000  0.51542067E+000  0.85882769E+000  0.97803509E+000  0.13287980E+001  0.24790481E+001  0.41120050E+001  0.58211169E+001  0.92745718E+001
  0.19206693E+000  0.21790693E+000  0.35329490E+000  0.51541983E+000  0.85882538E+000  0.97803213E+000  0.13287957E+001  0.24790409E+001  0.41119928E+001  0.58211154E+001  0.92745427E+001
  0.19206637E+000  0.21790634E+000  0.35329451E+000  0.51541904E+000  0.85882321E+000  0.97802935E+000  0.13287936E+001  0.24790341E+001  0.41130103E+001  0.58211140E+001  0.92745156E+001
  0.19206977E+000  0.21790579E+000  0.35329415E+000  0.51541831E+000  0.85882118E+000  0.97802675E+000  0.13287916E+001  0.24790278E+001  0.41130091E+001  0.58211127E+001  0.92744904E+001
  0.19206933E+000  0.21790527E+000  0.35329381E+000  0.51541762E+000  0.85881929E+000  0.97802433E+000  0.13287897E+001  0.24790219E+001  0.41130084E+001  0.58211115E+001  0.92744672E+001
  0.19206892E+000  0.21790479E+000  0.35329350E+000  0.51541698E+000  0.85881753E+000  0.97802208E+000  0.13287880E+001  0.24790164E+001  0.41130080E+001  0.58211104E+001  0.92744459E+001
  0.19206855E+000  0.21790435E+000  0.35329321E+000  0.51541639E+000  0.85881591E+000  0.97802000E+000  0.13287864E+001  0.24790114E+001  0.41130080E+001  0.58211094E+001  0.92744414E+001
  0.19206820E+000  0.21790393E+000  0.35329294E+000  0.51541585E+000  0.85881442E+000  0.97801808E+000  0.13287849E+001  0.24790067E+001  0.41130082E+001  0.58211084E+001  0.92744389E+001
  0.19206788E+000  0.21790355E+000  0.35329269E+000  0.51541535E+000  0.85881305E+000  0.97801632E+000  0.13287835E+001  0.24790025E+001  0.41130087E+001  0.58211076E+001  0.92744367E+001
  0.19206759E+000  0.21790320E+000  0.35322569E+000  0.51541489E+000  0.85881180E+000  0.97801471E+000  0.13287822E+001  0.24789986E+001  0.41130093E+001  0.58211068E+001  0.92744349E+001
  0.19206732E+000  0.21790288E+000  0.35322519E+000  0.51541448E+000  0.85881066E+000  0.97801325E+000  0.13287811E+001  0.24789951E+001  0.41130100E+001  0.58211060E+001  0.92744334E+001
  0.19206708E+000  0.21790259E+000  0.35322472E+000  0.51541410E+000  0.85880963E+000  0.97801193E+000  0.13287800E+001  0.24789919E+001  0.41130108E+001  0.58211054E+001  0.92744322E+001
  0.19206687E+000  0.21790232E+000  0.35322427E+000  0.51541376E+000  0.85880871E+000  0.97801074E+000  0.13287790E+001  0.24789890E+001  0.41130118E+001  0.58211048E+001  0.92744314E+001
  0.19206668E+000  0.21790208E+000  0.35322385E+000  0.51541346E+000  0.85880788E+000  0.97800968E+000  0.13287782E+001  0.24789865E+001  0.41130128E+001  0.58211043E+001  0.92744308E+001
  0.19206651E+000  0.21790187E+000  0.35322344E+000  0.51541319E+000  0.85880715E+000  0.97800873E+000  0.13287774E+001  0.24789842E+001  0.41130138E+001  0.58211038E+001  0.92744306E+001
  0.19206635E+000  0.21790167E+000  0.35322306E+000  0.51541295E+000  0.85880650E+000  0.97800789E+000  0.13287767E+001  0.24789822E+001  0.41130150E+001  0.58211034E+001  0.92744306E+001
  0.19206622E+000  0.21790150E+000  0.35322269E+000  0.51541274E+000  0.85880593E+000  0.97800716E+000  0.13287760E+001  0.24789804E+001  0.41130162E+001  0.58211030E+001  0.92744309E+001
  0.19206611E+000  0.21790134E+000  0.35322234E+000  0.51541256E+000  0.85880543E+000  0.97800652E+000  0.13287755E+001  0.24789788E+001  0.41130175E+001  0.58211027E+001  0.92744315E+001
  0.19206601E+000  0.21790121E+000  0.35322200E+000  0.51541239E+000  0.85880500E+000  0.97800596E+000  0.13287750E+001  0.24789775E+001  0.41130189E+001  0.58211025E+001  0.92744324E+001
  0.19206592E+000  0.21790108E+000  0.35322168E+000  0.51541225E+000  0.85880463E+000  0.97800548E+000  0.13287745E+001  0.24789763E+001  0.41130204E+001  0.58211022E+001  0.92744334E+001
  0.19206585E+000  0.21790098E+000  0.35322137E+000  0.51541213E+000  0.85880432E+000  0.97800508E+000  0.13287741E+001  0.24789754E+001  0.41130220E+001  0.58211020E+001  0.92744348E+001
  0.19206579E+000  0.21790088E+000  0.35322107E+000  0.51541203E+000  0.85880406E+000  0.97800474E+000  0.13287737E+001  0.24789745E+001  0.41130237E+001  0.58211019E+001  0.92744363E+001
  0.19206574E+000  0.21790080E+000  0.35322077E+000  0.51541195E+000  0.85880384E+000  0.97800445E+000  0.13287734E+001  0.24789738E+001  0.41130255E+001  0.58211017E+001  0.92744380E+001
  0.19206570E+000  0.21790073E+000  0.35322049E+000  0.51541187E+000  0.85888443E+000  0.97800422E+000  0.13287731E+001  0.24789733E+001  0.41130275E+001  0.58211016E+001  0.92744400E+001
  0.19206566E+000  0.21790067E+000  0.35322021E+000  0.51541181E+000  0.85888429E+000  0.97800404E+000  0.13287729E+001  0.24789728E+001  0.41130295E+001  0.58211015E+001  0.92744421E+001
  0.19206564E+000  0.21790061E+000  0.35321993E+000  0.51541176E+000  0.85888418E+000  0.97800389E+000  0.13287726E+001  0.24789725E+001  0.41130317E+001  0.58211015E+001  0.92744445E+001
  0.19206562E+000  0.21790056E+000  0.35321966E+000  0.51541172E+000  0.85888410E+000  0.97800378E+000  0.13287724E+001  0.24789722E+001  0.41130339E+001  0.58211014E+001  0.92744469E+001
  0.19206560E+000  0.21790052E+000  0.35321940E+000  0.51541169E+000  0.85888404E+000  0.97800370E+000  0.13287722E+001  0.24789720E+001  0.41130363E+001  0.58211014E+001  0.92744496E+001
  0.19206559E+000  0.21790048E+000  0.35321913E+000  0.51541166E+000  0.85888400E+000  0.97800364E+000  0.13287720E+001  0.24789718E+001  0.41130387E+001  0.58211014E+001  0.92744524E+001
  0.19206559E+000  0.21790045E+000  0.35321887E+000  0.51541164E+000  0.85888398E+000  0.97800361E+000  0.13287719E+001  0.24789717E+001  0.41130411E+001  0.58211013E+001  0.92744553E+001
  0.19206559E+000  0.21790042E+000  0.35321861E+000  0.51541163E+000  0.85888397E+000  0.97800359E+000  0.13287717E+001  0.24789717E+001  0.41130436E+001  0.58211013E+001  0.92744584E+001
  0.19206559E+000  0.21790040E+000  0.35321836E+000  0.51541162E+000  0.85888397E+000  0.97800359E+000  0.13287715E+001  0.24789717E+001  0.41130461E+001  0.58211013E+001  0.92744616E+001
  0.19206559E+000  0.21790037E+000  0.35321810E+000  0.51541161E+000  0.85888398E+000  0.97800360E+000  0.13287714E+001  0.24789717E+001  0.41130485E+001  0.58211014E+001  0.92744650E+001
  0.19206559E+000  0.21790035E+000  0.35321784E+000  0.51541160E+000  0.85888400E+000  0.97800362E+000  0.13287712E+001  0.24789717E+001  0.41130509E+001  0.58211014E+001  0.92744684E+001
  0.19206560E+000  0.21790033E+000  0.35321759E+000  0.51541160E+000  0.85888402E+000  0.97800365E+000  0.13287711E+001  0.24789718E+001  0.41130533E+001  0.58211014E+001  0.92744719E+001
  0.19206561E+000  0.21790031E+000  0.35321734E+000  0.51541159E+000  0.85888405E+000  0.97800368E+000  0.13287709E+001  0.24789718E+001  0.41130555E+001  0.58211014E+001  0.92744756E+001
  0.19206561E+000  0.21790029E+000  0.35321709E+000  0.51541159E+000  0.85888408E+000  0.97800372E+000  0.13287708E+001  0.24789719E+001  0.41130576E+001  0.58211014E+001  0.92744793E+001
  0.19206562E+000  0.21790027E+000  0.35321684E+000  0.51541159E+000  0.85888411E+000  0.97800375E+000  0.13287706E+001  0.24789720E+001  0.41130596E+001  0.58211014E+001  0.92744831E+001
  0.19206563E+000  0.21790025E+000  0.35321659E+000  0.51541158E+000  0.85888414E+000  0.97800379E+000  0.13287705E+001  0.24789720E+001  0.41130614E+001  0.58211015E+001  0.92744870E+001
  0.19206564E+000  0.21790024E+000  0.35321634E+000  0.51541158E+000  0.85888417E+000  0.97800383E+000  0.13287703E+001  0.24789721E+001  0.41130630E+001  0.58211015E+001  0.92744910E+001
  0.19206564E+000  0.21790022E+000  0.35321609E+000  0.51541158E+000  0.85888420E+000  0.97800387E+000  0.13287702E+001  0.24789722E+001  0.41130644E+001  0.58211015E+001  0.92744950E+001
  0.19206565E+000  0.21790020E+000  0.35321584E+000  0.51541158E+000  0.85888423E+000  0.97800391E+000  0.13287700E+001  0.24789723E+001  0.41130656E+001  0.58211015E+001  0.92744991E+001
  0.19206566E+000  0.21790018E+000  0.35321560E+000  0.51541157E+000  0.85888426E+000  0.97800394E+000  0.13287698E+001  0.24789723E+001  0.41130666E+001  0.58211016E+001  0.92745032E+001
  0.19206567E+000  0.21790016E+000  0.35321536E+000  0.51541157E+000  0.85888429E+000  0.97800398E+000  0.13287696E+001  0.24789724E+001  0.41130673E+001  0.58211016E+001  0.92745074E+001
  0.19206567E+000  0.21790015E+000  0.35321512E+000  0.51541156E+000  0.85888431E+000  0.97800401E+000  0.13287695E+001  0.24789724E+001  0.41130678E+001  0.58211016E+001  0.92745115E+001
  0.19206568E+000  0.21790013E+000  0.35321488E+000  0.51541156E+000  0.85888434E+000  0.97800403E+000  0.13287693E+001  0.24789725E+001  0.41130680E+001  0.58211016E+001  0.92745158E+001
  0.19206568E+000  0.21790011E+000  0.35321464E+000  0.51541155E+000  0.85888435E+000  0.97800406E+000  0.13287691E+001  0.24789725E+001  0.41130679E+001  0.58211016E+001  0.92745200E+001
  0.19206569E+000  0.21790009E+000  0.35321441E+000  0.51541154E+000  0.85888437E+000  0.97800408E+000  0.13287689E+001  0.24789726E+001  0.41130676E+001  0.58211016E+001  0.92745242E+001
  0.19206569E+000  0.21790007E+000  0.35321418E+000  0.51541153E+000  0.85888439E+000  0.97800409E+000  0.13287687E+001  0.24789726E+001  0.41130670E+001  0.58211016E+001  0.92745284E+001
  0.19206569E+000  0.21790005E+000  0.35321395E+000  0.51541152E+000  0.85888440E+000  0.97800411E+000  0.13287685E+001  0.24789726E+001  0.41130660E+001  0.58211016E+001  0.92745327E+001
  0.19206570E+000  0.21790003E+000  0.35321373E+000  0.51541151E+000  0.85888441E+000  0.97800412E+000  0.13287683E+001  0.24789726E+001  0.41130648E+001  0.58211016E+001  0.92745369E+001
  0.19206570E+000  0.21790001E+000  0.35321350E+000  0.51541150E+000  0.85888442E+000  0.97800413E+000  0.13287682E+001  0.24789726E+001  0.41130633E+001  0.58211016E+001  0.92745410E+001
  0.19206570E+000  0.21789999E+000  0.35321329E+000  0.51541149E+000  0.85888442E+000  0.97800413E+000  0.13287680E+001  0.24789726E+001  0.41130614E+001  0.58211016E+001  0.92745452E+001
  0.19206570E+000  0.21789997E+000  0.35321307E+000  0.51541148E+000  0.85888442E+000  0.97800414E+000  0.13287678E+001  0.24789726E+001  0.41130593E+001  0.58211016E+001  0.92745493E+001
  0.19206570E+000  0.21789995E+000  0.35321286E+000  0.51541147E+000  0.85888442E+000  0.97800414E+000  0.13287676E+001  0.24789726E+001  0.41130568E+001  0.58211016E+001  0.92745533E+001
  0.19206570E+000  0.21789993E+000  0.35321266E+000  0.51541146E+000  0.85888442E+000  0.97800413E+000  0.13287674E+001  0.24789725E+001  0.41130541E+001  0.58211016E+001  0.92745573E+001
  0.19206570E+000  0.21789991E+000  0.35321245E+000  0.51541144E+000  0.85888442E+000  0.97800413E+000  0.13287672E+001  0.24789725E+001  0.41130511E+001  0.58211016E+001  0.92745612E+001
  0.19206570E+000  0.21789989E+000  0.35321225E+000  0.51541143E+000  0.85888442E+000  0.97800412E+000  0.13287670E+001  0.24789725E+001  0.41130477E+001  0.58211016E+001  0.92745650E+001
  0.19206570E+000  0.21789987E+000  0.35321206E+000  0.51541141E+000  0.85888441E+000  0.97800411E+000  0.13287668E+001  0.24789724E+001  0.41130441E+001  0.58211016E+001  0.92745688E+001
  0.19206570E+000  0.21789985E+000  0.35321187E+000  0.51541140E+000  0.85888440E+000  0.97800410E+000  0.13287666E+001  0.24789724E+001  0.41130402E+001  0.58211016E+001  0.92745724E+001
  0.19206570E+000  0.21789983E+000  0.35321169E+000  0.51541139E+000  0.85888439E+000  0.97800409E+000  0.13287664E+001  0.24789723E+001  0.41130360E+001  0.58211016E+001  0.92745760E+001
  0.19206570E+000  0.21789981E+000  0.35321150E+000  0.51541137E+000  0.85888438E+000  0.97800408E+000  0.13287662E+001  0.24789723E+001  0.41130316E+001  0.58211016E+001  0.92745794E+001
  0.19206569E+000  0.21789979E+000  0.35321133E+000  0.51541136E+000  0.85888437E+000  0.97800406E+000  0.13287660E+001  0.24789722E+001  0.41130269E+001  0.58211016E+001  0.92745827E+001
  0.19206569E+000  0.21789977E+000  0.35321116E+000  0.51541134E+000  0.85888436E+000  0.97800405E+000  0.13287658E+001  0.24789721E+001  0.41130219E+001  0.58211016E+001  0.92745859E+001
  0.19206569E+000  0.21789975E+000  0.35321099E+000  0.51541133E+000  0.85888434E+000  0.97800403E+000  0.13287656E+001  0.24789721E+001  0.41130166E+001  0.58211016E+001  0.92745890E+001
  0.19206569E+000  0.21789973E+000  0.35321082E+000  0.51541131E+000  0.85888433E+000  0.97800401E+000  0.13287654E+001  0.24789720E+001  0.41130112E+001  0.58211016E+001  0.92745919E+001
  0.19206568E+000  0.21789971E+000  0.35321067E+000  0.51541130E+000  0.85888431E+000  0.97800399E+000  0.13287652E+001  0.24789719E+001  0.41130055E+001  0.58211015E+001  0.92745947E+001
  0.19206568E+000  0.21789970E+000  0.35321051E+000  0.51541128E+000  0.85888430E+000  0.97800397E+000  0.13287651E+001  0.24789719E+001  0.41129995E+001  0.58211015E+001  0.92745974E+001
  0.19206568E+000  0.21789968E+000  0.35321036E+000  0.51541127E+000  0.85888428E+000  0.97800395E+000  0.13287649E+001  0.24789718E+001  0.41129934E+001  0.58211015E+001  0.92745999E+001
  0.19206567E+000  0.21789966E+000  0.35321022E+000  0.51541125E+000  0.85888426E+000  0.97800393E+000  0.13287647E+001  0.24789717E+001  0.41129870E+001  0.58211015E+001  0.92746022E+001
  0.19206567E+000  0.21789965E+000  0.35321008E+000  0.51541124E+000  0.85888425E+000  0.97800391E+000  0.13287645E+001  0.24789717E+001  0.41129804E+001  0.58211015E+001  0.92746044E+001
  0.19206567E+000  0.21789963E+000  0.35320994E+000  0.51541122E+000  0.85888423E+000  0.97800388E+000  0.13287644E+001  0.24789716E+001  0.41129737E+001  0.58211015E+001  0.92746064E+001
  0.19206566E+000  0.21789961E+000  0.35320981E+000  0.51541121E+000  0.85888421E+000  0.97800386E+000  0.13287642E+001  0.24789715E+001  0.41129668E+001  0.58211015E+001  0.92746082E+001
  0.19206566E+000  0.21789960E+000  0.35320968E+000  0.51541119E+000  0.85888419E+000  0.97800384E+000  0.13287640E+001  0.24789714E+001  0.41129597E+001  0.58211014E+001  0.92746099E+001
  0.19206566E+000  0.21789958E+000  0.35320956E+000  0.51541118E+000  0.85888417E+000  0.97800382E+000  0.13287639E+001  0.24789714E+001  0.41129525E+001  0.58211014E+001  0.92746114E+001
  0.19206565E+000  0.21789957E+000  0.35320944E+000  0.51541117E+000  0.85888416E+000  0.97800380E+000  0.13287637E+001  0.24789713E+001  0.41129451E+001  0.58211014E+001  0.92746127E+001
  0.19206565E+000  0.21789956E+000  0.35320933E+000  0.51541115E+000  0.85888414E+000  0.97800378E+000  0.13287636E+001  0.24789712E+001  0.41129376E+001  0.58211014E+001  0.92746139E+001
  0.19206565E+000  0.21789954E+000  0.35320922E+000  0.51541114E+000  0.85888412E+000  0.97800376E+000  0.13287634E+001  0.24789711E+001  0.41129300E+001  0.58211014E+001  0.92746149E+001
  0.19206565E+000  0.21789953E+000  0.35320911E+000  0.51541113E+000  0.85888411E+000  0.97800373E+000  0.13287633E+001  0.24789711E+001  0.41129222E+001  0.58211014E+001  0.92746157E+001
  0.19206564E+000  0.21789952E+000  0.35320901E+000  0.51541112E+000  0.85888409E+000  0.97800372E+000  0.13287631E+001  0.24789710E+001  0.41129144E+001  0.58211014E+001  0.92746164E+001
  0.19206564E+000  0.21789951E+000  0.35320891E+000  0.51541111E+000  0.85888407E+000  0.97800370E+000  0.13287630E+001  0.24789709E+001  0.41129065E+001  0.58211013E+001  0.92746169E+001
  0.19206564E+000  0.21789949E+000  0.35320882E+000  0.51541109E+000  0.85888406E+000  0.97800368E+000  0.13287629E+001  0.24789709E+001  0.41128985E+001  0.58211013E+001  0.92746172E+001
  0.19206563E+000  0.21789948E+000  0.35320873E+000  0.51541108E+000  0.85888404E+000  0.97800366E+000  0.13287627E+001  0.24789708E+001  0.41128904E+001  0.58211013E+001  0.92746173E+001
  0.19206563E+000  0.21789947E+000  0.35320864E+000  0.51541107E+000  0.85888403E+000  0.97800364E+000  0.13287626E+001  0.24789707E+001  0.41118737E+001  0.58211013E+001  0.92746173E+001
  0.19206563E+000  0.21789946E+000  0.35320856E+000  0.51541106E+000  0.85888402E+000  0.97800363E+000  0.13287625E+001  0.24789707E+001  0.41118633E+001  0.58211013E+001  0.92746172E+001
  0.19206563E+000  0.21789945E+000  0.35320848E+000  0.51541105E+000  0.85888400E+000  0.97800361E+000  0.13287624E+001  0.24789706E+001  0.41118518E+001  0.58211013E+001  0.92746169E+001
  0.19206563E+000  0.21789945E+000  0.35320840E+000  0.51541105E+000  0.85888399E+000  0.97800360E+000  0.13287623E+001  0.24789706E+001  0.41118402E+001  0.58211013E+001  0.92746164E+001
  0.19206563E+000  0.21789944E+000  0.35320833E+000  0.51541104E+000  0.85888398E+000  0.97800359E+000  0.13287622E+001  0.24789705E+001  0.41118286E+001  0.58211013E+001  0.92746158E+001
  0.19206562E+000  0.21789943E+000  0.35320826E+000  0.51541103E+000  0.85888397E+000  0.97800358E+000  0.13287621E+001  0.24789705E+001  0.41118171E+001  0.58211013E+001  0.92746151E+001
  0.19206562E+000  0.21789942E+000  0.35320819E+000  0.51541102E+000  0.85888396E+000  0.97800357E+000  0.13287620E+001  0.24789704E+001  0.41118055E+001  0.58211013E+001  0.92746142E+001
  0.19206562E+000  0.21789942E+000  0.35320813E+000  0.51541102E+000  0.85888395E+000  0.97800356E+000  0.13287619E+001  0.24789704E+001  0.41117939E+001  0.58211012E+001  0.92746132E+001
  0.19206562E+000  0.21789941E+000  0.35320807E+000  0.51541101E+000  0.85888394E+000  0.97800355E+000  0.13287618E+001  0.24789704E+001  0.41117824E+001  0.58211012E+001  0.92746120E+001
  0.19206562E+000  0.21789940E+000  0.35320801E+000  0.51541100E+000  0.85888393E+000  0.97800354E+000  0.13287617E+001  0.24789703E+001  0.41117709E+001  0.58211012E+001  0.92746107E+001
  0.19206562E+000  0.21789940E+000  0.35320796E+000  0.51541100E+000  0.85888393E+000  0.97800353E+000  0.13287616E+001  0.24789703E+001  0.41117594E+001  0.58211012E+001  0.92746093E+001
  0.19206562E+000  0.21789939E+000  0.35320790E+000  0.51541099E+000  0.85888392E+000  0.97800353E+000  0.13287615E+001  0.24789702E+001  0.41117480E+001  0.58211012E+001  0.92746078E+001
  0.19206562E+000  0.21789939E+000  0.35320785E+000  0.51541099E+000  0.85888392E+000  0.97800352E+000  0.13287614E+001  0.24789702E+001  0.41117367E+001  0.58211012E+001  0.92746062E+001
  0.19206562E+000  0.21789938E+000  0.35320781E+000  0.51541098E+000  0.85888391E+000  0.97800352E+000  0.13287613E+001  0.24789702E+001  0.41117255E+001  0.58211012E+001  0.92746045E+001
  0.19206562E+000  0.21789938E+000  0.35320776E+000  0.51541098E+000  0.85888391E+000  0.97800352E+000  0.13287613E+001  0.24789702E+001  0.41117144E+001  0.58211012E+001  0.92746027E+001
  0.19206562E+000  0.21789938E+000  0.35320772E+000  0.51541098E+000  0.85888391E+000  0.97800352E+000  0.13287612E+001  0.24789701E+001  0.41117033E+001  0.58211012E+001  0.92746007E+001
  0.19206562E+000  0.21789937E+000  0.35320768E+000  0.51541097E+000  0.85888391E+000  0.97800352E+000  0.13287611E+001  0.24789701E+001  0.41116924E+001  0.58211012E+001  0.92745987E+001
  0.19206562E+000  0.21789937E+000  0.35320764E+000  0.51541097E+000  0.85888390E+000  0.97800352E+000  0.13287611E+001  0.24789701E+001  0.41116816E+001  0.58211012E+001  0.92745967E+001
  0.19206562E+000  0.21789937E+000  0.35320761E+000  0.51541097E+000  0.85888390E+000  0.97800352E+000  0.13287610E+001  0.24789701E+001  0.41116709E+001  0.58211012E+001  0.92745945E+001
  0.19206562E+000  0.21789936E+000  0.35320757E+000  0.51541097E+000  0.85888390E+000  0.97800352E+000  0.13287610E+001  0.24789701E+001  0.41116604E+001  0.58211012E+001  0.92745923E+001
  0.19206562E+000  0.21789936E+000  0.35320754E+000  0.51541097E+000  0.85888391E+000  0.97800353E+000  0.13287609E+001  0.24789701E+001  0.41116500E+001  0.58211012E+001  0.92745900E+001
  0.19206562E+000  0.21789936E+000  0.35320751E+000  0.51541096E+000  0.85888391E+000  0.97800353E+000  0.13287609E+001  0.24789701E+001  0.41116397E+001  0.58211012E+001  0.92745876E+001
  0.19206563E+000  0.21789936E+000  0.35320748E+000  0.51541096E+000  0.85888391E+000  0.97800354E+000  0.13287608E+001  0.24789701E+001  0.41116296E+001  0.58211012E+001  0.92745852E+001
  0.19206563E+000  0.21789936E+000  0.35320745E+000  0.51541096E+000  0.85888391E+000  0.97800354E+000  0.13287608E+001  0.24789701E+001  0.41116196E+001  0.58211012E+001  0.92745827E+001
  0.19206563E+000  0.21789936E+000  0.35320743E+000  0.51541096E+000  0.85888392E+000  0.97800355E+000  0.13287607E+001  0.24789701E+001  0.41116099E+001  0.58211012E+001  0.92745802E+001
  0.19206563E+000  0.21789936E+000  0.35320740E+000  0.51541096E+000  0.85888392E+000  0.97800355E+000  0.13287607E+001  0.24789701E+001  0.41116002E+001  0.58211012E+001  0.92745777E+001
  0.19206563E+000  0.21789936E+000  0.35320738E+000  0.51541096E+000  0.85888392E+000  0.97800356E+000  0.13287606E+001  0.24789701E+001  0.41115908E+001  0.58211012E+001  0.92745751E+001
  0.19206563E+000  0.21789936E+000  0.35320736E+000  0.51541096E+000  0.85888393E+000  0.97800357E+000  0.13287606E+001  0.24789701E+001  0.41115815E+001  0.58211012E+001  0.92745724E+001
  0.19206564E+000  0.21789936E+000  0.35320734E+000  0.51541096E+000  0.85888393E+000  0.97800358E+000  0.13287606E+001  0.24789701E+001  0.41115724E+001  0.58211012E+001  0.92745698E+001
  0.19206564E+000  0.21789936E+000  0.35320732E+000  0.51541097E+000  0.85888394E+000  0.97800359E+000  0.13287605E+001  0.24789701E+001  0.41115635E+001  0.58211012E+001  0.92745671E+001
  0.19206564E+000  0.21789936E+000  0.35320730E+000  0.51541097E+000  0.85888394E+000  0.97800360E+000  0.13287605E+001  0.24789701E+001  0.41115547E+001  0.58211012E+001  0.92745644E+001
  0.19206564E+000  0.21789936E+000  0.35320729E+000  0.51541097E+000  0.85888395E+000  0.97800360E+000  0.13287605E+001  0.24789701E+001  0.41115462E+001  0.58211012E+001  0.92745617E+001
  0.19206564E+000  0.21789936E+000  0.35320727E+000  0.51541097E+000  0.85888396E+000  0.97800361E+000  0.13287604E+001  0.24789701E+001  0.41115378E+001  0.58211012E+001  0.92745590E+001
  0.19206564E+000  0.21789936E+000  0.35320726E+000  0.51541097E+000  0.85888396E+000  0.97800362E+000  0.13287604E+001  0.24789701E+001  0.41115296E+001  0.58211012E+001  0.92745563E+001
  0.19206565E+000  0.21789936E+000  0.35320724E+000  0.51541097E+000  0.85888397E+000  0.97800363E+000  0.13287604E+001  0.24789701E+001  0.41115216E+001  0.58211012E+001  0.92745536E+001
  0.19206565E+000  0.21789936E+000  0.35320723E+000  0.51541097E+000  0.85888398E+000  0.97800364E+000  0.13287604E+001  0.24789701E+001  0.41115138E+001  0.58211012E+001  0.92745509E+001
  0.19206565E+000  0.21789936E+000  0.35320722E+000  0.51541097E+000  0.85888398E+000  0.97800365E+000  0.13287603E+001  0.24789701E+001  0.41115062E+001  0.58211012E+001  0.92745482E+001
  0.19206565E+000  0.21789936E+000  0.35320721E+000  0.51541098E+000  0.85888399E+000  0.97800366E+000  0.13287603E+001  0.24789701E+001  0.41114987E+001  0.58211013E+001  0.92745455E+001
  0.19206565E+000  0.21789936E+000  0.35320720E+000  0.51541098E+000  0.85888400E+000  0.97800367E+000  0.13287603E+001  0.24789702E+001  0.41114915E+001  0.58211013E+001  0.92745428E+001
  0.19206566E+000  0.21789937E+000  0.35320719E+000  0.51541098E+000  0.85888400E+000  0.97800368E+000  0.13287603E+001  0.24789702E+001  0.41114844E+001  0.58211013E+001  0.92745401E+001
  0.19206566E+000  0.21789937E+000  0.35320718E+000  0.51541098E+000  0.85888401E+000  0.97800369E+000  0.13287603E+001  0.24789702E+001  0.41114775E+001  0.58211013E+001  0.92745374E+001
  0.19206566E+000  0.21789937E+000  0.35320717E+000  0.51541098E+000  0.85888402E+000  0.97800370E+000  0.13287603E+001  0.24789702E+001  0.41114709E+001  0.58211013E+001  0.92745348E+001
  0.19206566E+000  0.21789937E+000  0.35320716E+000  0.51541099E+000  0.85888402E+000  0.97800371E+000  0.13287602E+001  0.24789702E+001  0.41114643E+001  0.58211013E+001  0.92745322E+001
  0.19206566E+000  0.21789937E+000  0.35320716E+000  0.51541099E+000  0.85888403E+000  0.97800372E+000  0.13287602E+001  0.24789702E+001  0.41114580E+001  0.58211013E+001  0.92745296E+001
  0.19206567E+000  0.21789937E+000  0.35320715E+000  0.51541099E+000  0.85888404E+000  0.97800373E+000  0.13287602E+001  0.24789702E+001  0.41114519E+001  0.58211013E+001  0.92745270E+001
  0.19206567E+000  0.21789937E+000  0.35320714E+000  0.51541099E+000  0.85888404E+000  0.97800374E+000  0.13287602E+001  0.24789702E+001  0.41114459E+001  0.58211013E+001  0.92745245E+001
  0.19206567E+000  0.21789937E+000  0.35320714E+000  0.51541099E+000  0.85888405E+000  0.97800374E+000  0.13287602E+001  0.24789702E+001  0.41114401E+001  0.58211013E+001  0.92745220E+001
  0.19206567E+000  0.21789937E+000  0.35320713E+000  0.51541099E+000  0.85888405E+000  0.97800375E+000  0.13287602E+001  0.24789702E+001  0.41114345E+001  0.58211013E+001  0.92745195E+001
  0.19206567E+000  0.21789938E+000  0.35320712E+000  0.51541099E+000  0.85888406E+000  0.97800376E+000  0.13287602E+001  0.24789702E+001  0.41114290E+001  0.58211013E+001  0.92745171E+001
  0.19206567E+000  0.21789938E+000  0.35320712E+000  0.51541100E+000  0.85888406E+000  0.97800376E+000  0.13287602E+001  0.24789703E+001  0.41114237E+001  0.58211013E+001  0.92745147E+001
  0.19206567E+000  0.21789937E+000  0.35320711E+000  0.51541100E+000  0.85888406E+000  0.97800376E+000  0.13287601E+001  0.24789703E+001  0.41114185E+001  0.58211013E+001  0.92745123E+001
  0.19206567E+000  0.21789937E+000  0.35320710E+000  0.51541100E+000  0.85888406E+000  0.97800376E+000  0.13287601E+001  0.24789702E+001  0.41114135E+001  0.58211013E+001  0.92745100E+001
