  0.30329126E+000  0.31981865E+000  0.46216852E+000  0.63074352E+000  0.80553242E+000  0.91310691E+000  0.12934894E+001  0.18903427E+001  0.26345227E+001  0.41128992E+001  0.58382818E+001
  0.30324181E+000  0.31952099E+000  0.46173848E+000  0.63013143E+000  0.80516191E+000  0.91263041E+000  0.12921629E+001  0.18899412E+001  0.26353169E+001  0.41162452E+001  0.58383508E+001
  0.30320090E+000  0.31935674E+000  0.46145830E+000  0.62973296E+000  0.80485981E+000  0.91229828E+000  0.12913003E+001  0.18897699E+001  0.26364548E+001  0.41131935E+001  0.58387899E+001
  0.30316655E+000  0.31922710E+000  0.46124720E+000  0.62943289E+000  0.80459549E+000  0.91205006E+000  0.12906512E+001  0.18904511E+001  0.26358158E+001  0.41111921E+001  0.58387053E+001
  0.30313750E+000  0.31911738E+000  0.46107679E+000  0.62919083E+000  0.80440177E+000  0.91180200E+000  0.12901280E+001  0.18909094E+001  0.26352451E+001  0.41097189E+001  0.58388359E+001
  0.30311282E+000  0.31902624E+000  0.46093539E+000  0.62899010E+000  0.80423893E+000  0.91161766E+000  0.12896944E+001  0.18909441E+001  0.26347470E+001  0.41080681E+001  0.58389425E+001
  0.30316942E+000  0.31894962E+000  0.46081665E+000  0.62882161E+000  0.80407253E+000  0.91141508E+000  0.12893308E+001  0.18909593E+001  0.26348597E+001  0.41071043E+001  0.58392078E+001
  0.30314359E+000  0.31888060E+000  0.46071616E+000  0.62867910E+000  0.80398301E+000  0.91132158E+000  0.12890234E+001  0.18909866E+001  0.26351135E+001  0.41061684E+001  0.58391144E+001
  0.30312167E+000  0.31882971E+000  0.46063105E+000  0.62855845E+000  0.80382768E+000  0.91113175E+000  0.12887632E+001  0.18909590E+001  0.26356867E+001  0.41052536E+001  0.58395507E+001
  0.30310301E+000  0.31877279E+000  0.46055884E+000  0.62845613E+000  0.80376162E+000  0.91110526E+000  0.12885427E+001  0.18909533E+001  0.26355814E+001  0.41045847E+001  0.58395776E+001
  0.30308707E+000  0.31874325E+000  0.46049742E+000  0.62836912E+000  0.80370635E+000  0.91101867E+000  0.12883553E+001  0.18908949E+001  0.26352446E+001  0.41039678E+001  0.58395993E+001
  0.30307342E+000  0.31870887E+000  0.46036660E+000  0.62829499E+000  0.80363843E+000  0.91092578E+000  0.12881957E+001  0.18908708E+001  0.26350844E+001  0.41034378E+001  0.58396267E+001
  0.30306170E+000  0.31868041E+000  0.46040041E+000  0.62823177E+000  0.80359795E+000  0.91085946E+000  0.12880597E+001  0.18908480E+001  0.26349269E+001  0.41030011E+001  0.58396281E+001
  0.30305160E+000  0.31865567E+000  0.46036226E+000  0.62817778E+000  0.80353713E+000  0.91081786E+000  0.12879435E+001  0.18908259E+001  0.26349164E+001  0.41021411E+001  0.58396385E+001
  0.30304287E+000  0.31862576E+000  0.46032962E+000  0.62813159E+000  0.80351010E+000  0.91078232E+000  0.12878442E+001  0.18908041E+001  0.26340743E+001  0.41022580E+001  0.58396464E+001
  0.30303532E+000  0.31860996E+000  0.46030166E+000  0.62809205E+000  0.80345747E+000  0.91073951E+000  0.12877592E+001  0.18907827E+001  0.26340371E+001  0.41019992E+001  0.58396522E+001
  0.30302875E+000  0.31859780E+000  0.46027771E+000  0.62805819E+000  0.80343655E+000  0.91068243E+000  0.12876865E+001  0.18907616E+001  0.26337817E+001  0.41017784E+001  0.58397880E+001
  0.30302303E+000  0.31858743E+000  0.46025716E+000  0.62802916E+000  0.80341870E+000  0.91067576E+000  0.12876241E+001  0.18907407E+001  0.26337721E+001  0.41015559E+001  0.58397619E+001
  0.30301803E+000  0.31857596E+000  0.46023953E+000  0.62798927E+000  0.80336442E+000  0.91065152E+000  0.12875707E+001  0.18907252E+001  0.26336522E+001  0.41013941E+001  0.58397386E+001
  0.30301365E+000  0.31856609E+000  0.46022438E+000  0.62798285E+000  0.80335041E+000  0.91060969E+000  0.12875248E+001  0.18907143E+001  0.26336082E+001  0.41012486E+001  0.58397179E+001
  0.30300979E+000  0.31855759E+000  0.46021134E+000  0.62796446E+000  0.80333830E+000  0.91060014E+000  0.12874853E+001  0.18907040E+001  0.26335675E+001  0.41011043E+001  0.58396992E+001
  0.30300638E+000  0.31855027E+000  0.46020011E+000  0.62794862E+000  0.80332781E+000  0.91059527E+000  0.12874514E+001  0.18906942E+001  0.26325473E+001  0.41010041E+001  0.58396823E+001
  0.30300335E+000  0.31854395E+000  0.46019043E+000  0.62793497E+000  0.80331867E+000  0.91058258E+000  0.12874222E+001  0.18906849E+001  0.26325289E+001  0.41009049E+001  0.58396670E+001
  0.30300065E+000  0.31853848E+000  0.46018207E+000  0.62792319E+000  0.80331068E+000  0.91043787E+000  0.12873970E+001  0.18906762E+001  0.26325144E+001  0.41008314E+001  0.58396529E+001
  0.30299822E+000  0.31853373E+000  0.46017483E+000  0.62791300E+000  0.80330366E+000  0.91043406E+000  0.12873752E+001  0.18906679E+001  0.26325029E+001  0.41007365E+001  0.58396464E+001
  0.30299641E+000  0.31852961E+000  0.46016854E+000  0.62790416E+000  0.80329744E+000  0.91043058E+000  0.12873564E+001  0.18906602E+001  0.26324195E+001  0.41006825E+001  0.58396427E+001
  0.30299511E+000  0.31852601E+000  0.46016307E+000  0.62789646E+000  0.80329190E+000  0.91042738E+000  0.12873400E+001  0.18906530E+001  0.26323839E+001  0.41006364E+001  0.58396387E+001
  0.30299388E+000  0.31852285E+000  0.46015827E+000  0.62788974E+000  0.80328692E+000  0.91042440E+000  0.12873256E+001  0.18898479E+001  0.26323530E+001  0.41005968E+001  0.58396344E+001
  0.30299272E+000  0.31852007E+000  0.46015405E+000  0.62788382E+000  0.80328240E+000  0.91042161E+000  0.12873131E+001  0.18897432E+001  0.26323270E+001  0.41004809E+001  0.58396299E+001
  0.30299161E+000  0.31851759E+000  0.46015030E+000  0.62787858E+000  0.80327826E+000  0.91041897E+000  0.12873019E+001  0.18890640E+001  0.26323039E+001  0.41004462E+001  0.58396251E+001
  0.30299054E+000  0.31851536E+000  0.46014695E+000  0.62787388E+000  0.80327442E+000  0.91041645E+000  0.12872920E+001  0.18890306E+001  0.26322836E+001  0.41004153E+001  0.58396202E+001
  0.30298950E+000  0.31851334E+000  0.46014391E+000  0.62786965E+000  0.80327083E+000  0.91041402E+000  0.12872831E+001  0.18890004E+001  0.26319985E+001  0.41003874E+001  0.58396151E+001
  0.30298849E+000  0.31851149E+000  0.46014113E+000  0.62786577E+000  0.80326742E+000  0.91041167E+000  0.12872749E+001  0.18889731E+001  0.26319872E+001  0.41003621E+001  0.58396099E+001
  0.30298750E+000  0.31850977E+000  0.46013856E+000  0.62786220E+000  0.80326417E+000  0.91040937E+000  0.12872674E+001  0.18888926E+001  0.26319771E+001  0.41003388E+001  0.58396046E+001
  0.30298653E+000  0.31850816E+000  0.46013616E+000  0.62785885E+000  0.80326103E+000  0.91040711E+000  0.12872603E+001  0.18887733E+001  0.26319680E+001  0.41003171E+001  0.58395993E+001
  0.30298557E+000  0.31850663E+000  0.46013387E+000  0.62785568E+000  0.80325797E+000  0.91040489E+000  0.12872537E+001  0.18885830E+001  0.26319598E+001  0.41002968E+001  0.58395938E+001
  0.30298462E+000  0.31850516E+000  0.46013169E+000  0.62785265E+000  0.80325498E+000  0.91040268E+000  0.12872473E+001  0.18885413E+001  0.26319523E+001  0.41002775E+001  0.58395884E+001
  0.30298369E+000  0.31850373E+000  0.46012957E+000  0.62784971E+000  0.80325202E+000  0.91040049E+000  0.12872412E+001  0.18885176E+001  0.26319455E+001  0.41002590E+001  0.58395829E+001
  0.30298275E+000  0.31850234E+000  0.46012750E+000  0.62784684E+000  0.80324909E+000  0.91039831E+000  0.12872351E+001  0.18884949E+001  0.26319393E+001  0.41002411E+001  0.58395774E+001
  0.30298183E+000  0.31850097E+000  0.46012546E+000  0.62784402E+000  0.80324618E+000  0.91039614E+000  0.12872292E+001  0.18884732E+001  0.26319187E+001  0.41002237E+001  0.58395719E+001
  0.30298091E+000  0.31849961E+000  0.46012345E+000  0.62784123E+000  0.80324328E+000  0.91039398E+000  0.12872234E+001  0.18884525E+001  0.26319098E+001  0.41002066E+001  0.58395664E+001
  0.30297999E+000  0.31849826E+000  0.46012145E+000  0.62783846E+000  0.80324039E+000  0.91039182E+000  0.12872176E+001  0.18884326E+001  0.26319012E+001  0.41001899E+001  0.58395609E+001
  0.30297908E+000  0.31849692E+000  0.46011946E+000  0.62783570E+000  0.80323751E+000  0.91038967E+000  0.12872118E+001  0.18884136E+001  0.26318930E+001  0.41001734E+001  0.58395554E+001
  0.30297818E+000  0.31849557E+000  0.46011747E+000  0.62783294E+000  0.80323463E+000  0.91038753E+000  0.12872061E+001  0.18883955E+001  0.26318851E+001  0.41001571E+001  0.58395500E+001
  0.30297729E+000  0.31849424E+000  0.46011548E+000  0.62783020E+000  0.80323176E+000  0.91038540E+000  0.12872003E+001  0.18883784E+001  0.26318775E+001  0.41001410E+001  0.58395447E+001
  0.30297641E+000  0.31849290E+000  0.46011350E+000  0.62782745E+000  0.80322891E+000  0.91038329E+000  0.12871946E+001  0.18883621E+001  0.26318701E+001  0.41001250E+001  0.58395394E+001
  0.30297554E+000  0.31849157E+000  0.46011152E+000  0.62782472E+000  0.80322609E+000  0.91038120E+000  0.12871889E+001  0.18882812E+001  0.26318631E+001  0.41001093E+001  0.58395342E+001
  0.30297468E+000  0.31849024E+000  0.46010956E+000  0.62782200E+000  0.80322329E+000  0.91037913E+000  0.12871832E+001  0.18880343E+001  0.26318562E+001  0.41000937E+001  0.58395290E+001
  0.30297383E+000  0.31848893E+000  0.46010761E+000  0.62781930E+000  0.80322052E+000  0.91037709E+000  0.12871776E+001  0.18879726E+001  0.26318496E+001  0.41000784E+001  0.58395240E+001
  0.30297301E+000  0.31848763E+000  0.46010569E+000  0.62781663E+000  0.80321780E+000  0.91037509E+000  0.12871720E+001  0.18879660E+001  0.26318437E+001  0.41000633E+001  0.58395190E+001
  0.30297220E+000  0.31848635E+000  0.46010379E+000  0.62781400E+000  0.80321513E+000  0.91037313E+000  0.12871665E+001  0.18879597E+001  0.26318392E+001  0.41000485E+001  0.58395142E+001
  0.30297141E+000  0.31848509E+000  0.46010192E+000  0.62781141E+000  0.80321251E+000  0.91037121E+000  0.12871610E+001  0.18879535E+001  0.26318309E+001  0.41000340E+001  0.58395094E+001
  0.30297064E+000  0.31848385E+000  0.46010008E+000  0.62780887E+000  0.80320995E+000  0.91036933E+000  0.12871557E+001  0.18879476E+001  0.26318251E+001  0.41000198E+001  0.58395048E+001
  0.30296989E+000  0.31848265E+000  0.46009829E+000  0.62780639E+000  0.80316345E+000  0.91036751E+000  0.12871505E+001  0.18879418E+001  0.26318133E+001  0.41000060E+001  0.58395003E+001
  0.30296916E+000  0.31848147E+000  0.46009654E+000  0.62780397E+000  0.80316108E+000  0.91036574E+000  0.12871455E+001  0.18879363E+001  0.26318049E+001  0.40999926E+001  0.58394959E+001
  0.30296846E+000  0.31848032E+000  0.46009485E+000  0.62780161E+000  0.80315879E+000  0.91036402E+000  0.12871406E+001  0.18879310E+001  0.26317968E+001  0.40999796E+001  0.58394917E+001
  0.30296779E+000  0.31847922E+000  0.46009320E+000  0.62779934E+000  0.80315658E+000  0.91036237E+000  0.12871358E+001  0.18879259E+001  0.26317891E+001  0.40999670E+001  0.58394876E+001
  0.30296714E+000  0.31845342E+000  0.46009161E+000  0.62779714E+000  0.80315445E+000  0.91036077E+000  0.12871312E+001  0.18879065E+001  0.26317818E+001  0.40999549E+001  0.58394837E+001
  0.30296651E+000  0.31845251E+000  0.46009008E+000  0.62779502E+000  0.80315241E+000  0.91035924E+000  0.12871268E+001  0.18879014E+001  0.26317748E+001  0.40999432E+001  0.58394800E+001
  0.30296592E+000  0.31845163E+000  0.46008861E+000  0.62779298E+000  0.80315046E+000  0.91035777E+000  0.12871225E+001  0.18878966E+001  0.26317682E+001  0.40999321E+001  0.58394764E+001
  0.30296535E+000  0.31845079E+000  0.46008721E+000  0.62779104E+000  0.80314860E+000  0.91035637E+000  0.12871184E+001  0.18878921E+001  0.26317619E+001  0.40999214E+001  0.58394730E+001
  0.30296481E+000  0.31844999E+000  0.46008586E+000  0.62778918E+000  0.80314683E+000  0.91035504E+000  0.12871145E+001  0.18878880E+001  0.26317559E+001  0.40999112E+001  0.58394698E+001
  0.30296430E+000  0.31844923E+000  0.46008458E+000  0.62778740E+000  0.80314516E+000  0.91035378E+000  0.12871108E+001  0.18878841E+001  0.26317502E+001  0.40999015E+001  0.58394668E+001
  0.30296381E+000  0.31844851E+000  0.46008337E+000  0.62778572E+000  0.80314357E+000  0.91035258E+000  0.12871073E+001  0.18878805E+001  0.26317448E+001  0.40998924E+001  0.58394639E+001
  0.30296336E+000  0.31844783E+000  0.46008222E+000  0.62778414E+000  0.80314208E+000  0.91035145E+000  0.12871040E+001  0.18878772E+001  0.26317397E+001  0.40998837E+001  0.58394612E+001
  0.30296293E+000  0.31844718E+000  0.46008114E+000  0.62778264E+000  0.80314067E+000  0.91035039E+000  0.12871009E+001  0.18878740E+001  0.26317349E+001  0.40998756E+001  0.58394587E+001
  0.30296253E+000  0.31844658E+000  0.46008012E+000  0.62778123E+000  0.80313936E+000  0.91034939E+000  0.12870979E+001  0.18878711E+001  0.26317304E+001  0.40997694E+001  0.58394564E+001
  0.30296216E+000  0.31844602E+000  0.46007917E+000  0.62777991E+000  0.80313813E+000  0.91034847E+000  0.12870952E+001  0.18878685E+001  0.26317261E+001  0.40997622E+001  0.58394543E+001
  0.30296181E+000  0.31844549E+000  0.46007828E+000  0.62777868E+000  0.80313700E+000  0.91034761E+000  0.12870926E+001  0.18878660E+001  0.26317221E+001  0.40997556E+001  0.58394523E+001
  0.30296149E+000  0.31844500E+000  0.46007746E+000  0.62777754E+000  0.80313594E+000  0.91034681E+000  0.12870902E+001  0.18878636E+001  0.26317184E+001  0.40997494E+001  0.58394505E+001
  0.30296120E+000  0.31844455E+000  0.46007669E+000  0.62777648E+000  0.80313497E+000  0.91034608E+000  0.12870880E+001  0.18878615E+001  0.26317149E+001  0.40997437E+001  0.58394489E+001
  0.30296093E+000  0.31844413E+000  0.46007599E+000  0.62777550E+000  0.80313408E+000  0.91034540E+000  0.12870859E+001  0.18878595E+001  0.26317117E+001  0.40997385E+001  0.58394475E+001
  0.30296068E+000  0.31844375E+000  0.46007534E+000  0.62777460E+000  0.80313327E+000  0.91034479E+000  0.12870841E+001  0.18878577E+001  0.26317087E+001  0.40997337E+001  0.58394462E+001
  0.30296045E+000  0.31844340E+000  0.46007474E+000  0.62777378E+000  0.80313252E+000  0.91034423E+000  0.12870824E+001  0.18878560E+001  0.26317060E+001  0.40997293E+001  0.58394450E+001
  0.30296025E+000  0.31844308E+000  0.46007420E+000  0.62777303E+000  0.80313185E+000  0.91034372E+000  0.12870808E+001  0.18878544E+001  0.26317035E+001  0.40997253E+001  0.58394440E+001
  0.30296007E+000  0.31844280E+000  0.46007372E+000  0.62777236E+000  0.80313125E+000  0.91034326E+000  0.12870794E+001  0.18878530E+001  0.26317013E+001  0.40997217E+001  0.58394432E+001
  0.30295990E+000  0.31844254E+000  0.46007327E+000  0.62777175E+000  0.80313070E+000  0.91034286E+000  0.12870781E+001  0.18878517E+001  0.26316993E+001  0.40997185E+001  0.58394424E+001
  0.30295976E+000  0.31844231E+000  0.46007288E+000  0.62777120E+000  0.80313022E+000  0.91034249E+000  0.12870770E+001  0.18878505E+001  0.26316975E+001  0.40997156E+001  0.58394418E+001
  0.30295963E+000  0.31844210E+000  0.46007253E+000  0.62777071E+000  0.80312979E+000  0.91034217E+000  0.12870759E+001  0.18878493E+001  0.26316959E+001  0.40997131E+001  0.58394413E+001
  0.30295951E+000  0.31844192E+000  0.46007221E+000  0.62777028E+000  0.80312941E+000  0.91034189E+000  0.12870750E+001  0.18878483E+001  0.26316946E+001  0.40997108E+001  0.58394409E+001
  0.30295941E+000  0.31844176E+000  0.46007194E+000  0.62776990E+000  0.80312908E+000  0.91034165E+000  0.12870742E+001  0.18878473E+001  0.26316935E+001  0.40997088E+001  0.58394406E+001
  0.30295933E+000  0.31844162E+000  0.46007170E+000  0.62776956E+000  0.80312880E+000  0.91034143E+000  0.12870735E+001  0.18878464E+001  0.26316926E+001  0.40997071E+001  0.58394404E+001
  0.30295925E+000  0.31844150E+000  0.46007149E+000  0.62776927E+000  0.80312855E+000  0.91034125E+000  0.12870729E+001  0.18878455E+001  0.26316918E+001  0.40997056E+001  0.58394402E+001
  0.30295919E+000  0.31844139E+000  0.46007131E+000  0.62776902E+000  0.80312834E+000  0.91034110E+000  0.12870724E+001  0.18878447E+001  0.26316911E+001  0.40997044E+001  0.58394402E+001
  0.30295913E+000  0.31844131E+000  0.46007115E+000  0.62776881E+000  0.80312816E+000  0.91034097E+000  0.12870720E+001  0.18878440E+001  0.26316905E+001  0.40997033E+001  0.58394402E+001
  0.30295909E+000  0.31844123E+000  0.46007102E+000  0.62776863E+000  0.80312801E+000  0.91034086E+000  0.12870716E+001  0.18878433E+001  0.26316901E+001  0.40997024E+001  0.58394403E+001
  0.30295905E+000  0.31844117E+000  0.46007092E+000  0.62776848E+000  0.80312788E+000  0.91034078E+000  0.12870713E+001  0.18878426E+001  0.26316897E+001  0.40997017E+001  0.58394404E+001
  0.30295902E+000  0.31844112E+000  0.46007083E+000  0.62776836E+000  0.80312778E+000  0.91034071E+000  0.12870710E+001  0.18878420E+001  0.26316894E+001  0.40997011E+001  0.58394406E+001
  0.30295900E+000  0.31844108E+000  0.46007076E+000  0.62776826E+000  0.80312770E+000  0.91034066E+000  0.12870708E+001  0.18878413E+001  0.26316892E+001  0.40997007E+001  0.58394408E+001
  0.30295898E+000  0.31844105E+000  0.46007070E+000  0.62776818E+000  0.80312764E+000  0.91034062E+000  0.12870707E+001  0.18878407E+001  0.26316891E+001  0.40997003E+001  0.58394411E+001
  0.30295897E+000  0.31844102E+000  0.46007066E+000  0.62776812E+000  0.80312759E+000  0.91034059E+000  0.12870705E+001  0.18878402E+001  0.26316890E+001  0.40997001E+001  0.58394414E+001
  0.30295896E+000  0.31844101E+000  0.46007063E+000  0.62776808E+000  0.80312756E+000  0.91034057E+000  0.12870704E+001  0.18878396E+001  0.26316890E+001  0.40996999E+001  0.58394418E+001
  0.30295895E+000  0.31844100E+000  0.46007060E+000  0.62776805E+000  0.80312753E+000  0.91034056E+000  0.12870704E+001  0.18878390E+001  0.26316889E+001  0.40996999E+001  0.58394421E+001
  0.30295895E+000  0.31844099E+000  0.46007059E+000  0.62776803E+000  0.80312752E+000  0.91034055E+000  0.12870703E+001  0.18878385E+001  0.26316890E+001  0.40996998E+001  0.58394425E+001
  0.30295895E+000  0.31844099E+000  0.46007058E+000  0.62776802E+000  0.80312751E+000  0.91034056E+000  0.12870703E+001  0.18878379E+001  0.26316890E+001  0.40996999E+001  0.58394429E+001
  0.30295895E+000  0.31844099E+000  0.46007058E+000  0.62776802E+000  0.80312751E+000  0.91034056E+000  0.12870703E+001  0.18878373E+001  0.26316890E+001  0.40996999E+001  0.58394434E+001
  0.30295895E+000  0.31844099E+000  0.46007059E+000  0.62776802E+000  0.80312751E+000  0.91034057E+000  0.12870703E+001  0.18878368E+001  0.26316890E+001  0.40997000E+001  0.58394438E+001
  0.30295895E+000  0.31844099E+000  0.46007059E+000  0.62776803E+000  0.80312752E+000  0.91034058E+000  0.12870703E+001  0.18878362E+001  0.26316891E+001  0.40997002E+001  0.58394443E+001
  0.30295895E+000  0.31844100E+000  0.46007060E+000  0.62776805E+000  0.80312752E+000  0.91034060E+000  0.12870704E+001  0.18878356E+001  0.26316891E+001  0.40997003E+001  0.58394448E+001
  0.30295896E+000  0.31844101E+000  0.46007061E+000  0.62776806E+000  0.80312754E+000  0.91034061E+000  0.12870704E+001  0.18878350E+001  0.26316891E+001  0.40997005E+001  0.58394452E+001
  0.30295896E+000  0.31844102E+000  0.46007063E+000  0.62776808E+000  0.80312755E+000  0.91034063E+000  0.12870704E+001  0.18878344E+001  0.26316891E+001  0.40997006E+001  0.58394457E+001
  0.30295897E+000  0.31844103E+000  0.46007064E+000  0.62776810E+000  0.80312756E+000  0.91034064E+000  0.12870705E+001  0.18878338E+001  0.26316891E+001  0.40997008E+001  0.58394462E+001
  0.30295897E+000  0.31844103E+000  0.46007066E+000  0.62776813E+000  0.80312757E+000  0.91034066E+000  0.12870705E+001  0.18878332E+001  0.26316890E+001  0.40997010E+001  0.58394467E+001
  0.30295897E+000  0.31844104E+000  0.46007067E+000  0.62776815E+000  0.80312758E+000  0.91034067E+000  0.12870706E+001  0.18878325E+001  0.26316890E+001  0.40997012E+001  0.58394472E+001
  0.30295898E+000  0.31844105E+000  0.46007069E+000  0.62776817E+000  0.80312759E+000  0.91034069E+000  0.12870706E+001  0.18878319E+001  0.26316889E+001  0.40997013E+001  0.58394477E+001
  0.30295898E+000  0.31844106E+000  0.46007070E+000  0.62776819E+000  0.80312760E+000  0.91034070E+000  0.12870707E+001  0.18878312E+001  0.26316888E+001  0.40997015E+001  0.58394482E+001
  0.30295898E+000  0.31844107E+000  0.46007072E+000  0.62776821E+000  0.80312761E+000  0.91034071E+000  0.12870707E+001  0.18878305E+001  0.26316886E+001  0.40997017E+001  0.58394487E+001
  0.30295899E+000  0.31844108E+000  0.46007073E+000  0.62776823E+000  0.80312762E+000  0.91034072E+000  0.12870707E+001  0.18878298E+001  0.26316885E+001  0.40997018E+001  0.58394491E+001
  0.30295899E+000  0.31844108E+000  0.46007074E+000  0.62776824E+000  0.80312762E+000  0.91034073E+000  0.12870708E+001  0.18878291E+001  0.26316883E+001  0.40997020E+001  0.58394496E+001
  0.30295899E+000  0.31844109E+000  0.46007076E+000  0.62776826E+000  0.80312762E+000  0.91034073E+000  0.12870708E+001  0.18878284E+001  0.26316880E+001  0.40997021E+001  0.58394501E+001
  0.30295899E+000  0.31844110E+000  0.46007077E+000  0.62776827E+000  0.80312762E+000  0.91034074E+000  0.12870708E+001  0.18878276E+001  0.26316878E+001  0.40997022E+001  0.58394506E+001
  0.30295899E+000  0.31844110E+000  0.46007077E+000  0.62776829E+000  0.80312762E+000  0.91034074E+000  0.12870709E+001  0.18878269E+001  0.26316875E+001  0.40997023E+001  0.58394510E+001
  0.30295899E+000  0.31844111E+000  0.46007078E+000  0.62776830E+000  0.80312762E+000  0.91034075E+000  0.12870709E+001  0.18878261E+001  0.26316872E+001  0.40997024E+001  0.58394515E+001
  0.30295899E+000  0.31844111E+000  0.46007079E+000  0.62776831E+000  0.80312762E+000  0.91034075E+000  0.12870709E+001  0.18878253E+001  0.26316869E+001  0.40997025E+001  0.58394519E+001
  0.30295899E+000  0.31844111E+000  0.46007080E+000  0.62776832E+000  0.80312761E+000  0.91034075E+000  0.12870709E+001  0.18878245E+001  0.26316866E+001  0.40997026E+001  0.58394524E+001
  0.30295899E+000  0.31844111E+000  0.46007080E+000  0.62776832E+000  0.80312761E+000  0.91034074E+000  0.12870709E+001  0.18878237E+001  0.26316862E+001  0.40997026E+001  0.58394528E+001
  0.30295898E+000  0.31844112E+000  0.46007080E+000  0.62776833E+000  0.80312760E+000  0.91034074E+000  0.12870710E+001  0.18878228E+001  0.26316858E+001  0.40997027E+001  0.58394532E+001
  0.30295898E+000  0.31844112E+000  0.46007081E+000  0.62776833E+000  0.80312759E+000  0.91034074E+000  0.12870710E+001  0.18878220E+001  0.26316854E+001  0.40997027E+001  0.58394536E+001
  0.30295898E+000  0.31844112E+000  0.46007081E+000  0.62776833E+000  0.80312758E+000  0.91034073E+000  0.12870710E+001  0.18878212E+001  0.26316849E+001  0.40997028E+001  0.58394540E+001
  0.30295897E+000  0.31844112E+000  0.46007081E+000  0.62776833E+000  0.80312757E+000  0.91034073E+000  0.12870710E+001  0.18878203E+001  0.26316844E+001  0.40997028E+001  0.58394544E+001
  0.30295897E+000  0.31844112E+000  0.46007081E+000  0.62776833E+000  0.80312756E+000  0.91034072E+000  0.12870710E+001  0.18878194E+001  0.26316839E+001  0.40997028E+001  0.58394548E+001
  0.30295897E+000  0.31844112E+000  0.46007081E+000  0.62776833E+000  0.80312755E+000  0.91034071E+000  0.12870710E+001  0.18878186E+001  0.26316834E+001  0.40997028E+001  0.58394551E+001
  0.30295896E+000  0.31844111E+000  0.46007081E+000  0.62776833E+000  0.80312753E+000  0.91034070E+000  0.12870710E+001  0.18878177E+001  0.26316829E+001  0.40997028E+001  0.58394554E+001
  0.30295896E+000  0.31844111E+000  0.46007080E+000  0.62776833E+000  0.80312752E+000  0.91034069E+000  0.12870710E+001  0.18878168E+001  0.26316823E+001  0.40997028E+001  0.58394558E+001
  0.30295895E+000  0.31844111E+000  0.46007080E+000  0.62776832E+000  0.80312750E+000  0.91034068E+000  0.12870710E+001  0.18878159E+001  0.26316818E+001  0.40997028E+001  0.58394561E+001
  0.30295895E+000  0.31844111E+000  0.46007080E+000  0.62776832E+000  0.80312749E+000  0.91034067E+000  0.12870709E+001  0.18878151E+001  0.26316812E+001  0.40997027E+001  0.58394564E+001
  0.30295894E+000  0.31844110E+000  0.46007079E+000  0.62776831E+000  0.80312747E+000  0.91034066E+000  0.12870709E+001  0.18878142E+001  0.26316806E+001  0.40997027E+001  0.58394566E+001
  0.30295894E+000  0.31844110E+000  0.46007079E+000  0.62776831E+000  0.80312746E+000  0.91034065E+000  0.12870709E+001  0.18878133E+001  0.26316799E+001  0.40997027E+001  0.58394569E+001
  0.30295893E+000  0.31844110E+000  0.46007079E+000  0.62776830E+000  0.80312744E+000  0.91034064E+000  0.12870709E+001  0.18878124E+001  0.26316793E+001  0.40997026E+001  0.58394571E+001
  0.30295893E+000  0.31844109E+000  0.46007078E+000  0.62776829E+000  0.80312742E+000  0.91034062E+000  0.12870709E+001  0.18878115E+001  0.26316786E+001  0.40997026E+001  0.58394573E+001
  0.30295892E+000  0.31844109E+000  0.46007077E+000  0.62776829E+000  0.80312740E+000  0.91034061E+000  0.12870709E+001  0.18878106E+001  0.26316779E+001  0.40997025E+001  0.58394575E+001
  0.30295892E+000  0.31844109E+000  0.46007077E+000  0.62776828E+000  0.80312739E+000  0.91034060E+000  0.12870709E+001  0.18878097E+001  0.26316773E+001  0.40997024E+001  0.58394577E+001
  0.30295891E+000  0.31844108E+000  0.46007076E+000  0.62776827E+000  0.80312737E+000  0.91034059E+000  0.12870708E+001  0.18878089E+001  0.26316766E+001  0.40997024E+001  0.58394579E+001
  0.30295891E+000  0.31844108E+000  0.46007076E+000  0.62776826E+000  0.80312735E+000  0.91034057E+000  0.12870708E+001  0.18878080E+001  0.26316759E+001  0.40997023E+001  0.58394580E+001
  0.30295890E+000  0.31844107E+000  0.46007075E+000  0.62776825E+000  0.80312734E+000  0.91034056E+000  0.12870708E+001  0.18878071E+001  0.26316751E+001  0.40997022E+001  0.58394581E+001
  0.30295890E+000  0.31844107E+000  0.46007074E+000  0.62776824E+000  0.80312732E+000  0.91034055E+000  0.12870708E+001  0.18878062E+001  0.26316744E+001  0.40997021E+001  0.58394582E+001
  0.30295889E+000  0.31844107E+000  0.46007074E+000  0.62776823E+000  0.80312730E+000  0.91034054E+000  0.12870708E+001  0.18878054E+001  0.26316737E+001  0.40997020E+001  0.58394583E+001
  0.30295889E+000  0.31844106E+000  0.46007073E+000  0.62776823E+000  0.80312729E+000  0.91034053E+000  0.12870707E+001  0.18878045E+001  0.26316729E+001  0.40997020E+001  0.58394584E+001
  0.30295888E+000  0.31844106E+000  0.46007072E+000  0.62776822E+000  0.80312727E+000  0.91034051E+000  0.12870707E+001  0.18878037E+001  0.26316722E+001  0.40997019E+001  0.58394584E+001
  0.30295888E+000  0.31844105E+000  0.46007072E+000  0.62776821E+000  0.80312725E+000  0.91034050E+000  0.12870707E+001  0.18878029E+001  0.26316715E+001  0.40997018E+001  0.58394584E+001
  0.30295887E+000  0.31844105E+000  0.46007071E+000  0.62776820E+000  0.80312724E+000  0.91034049E+000  0.12870707E+001  0.18878020E+001  0.26316707E+001  0.40997017E+001  0.58394585E+001
  0.30295887E+000  0.31844105E+000  0.46007071E+000  0.62776819E+000  0.80312723E+000  0.91034048E+000  0.12870707E+001  0.18878012E+001  0.26316699E+001  0.40997016E+001  0.58394585E+001
  0.30295886E+000  0.31844104E+000  0.46007070E+000  0.62776818E+000  0.80312721E+000  0.91034047E+000  0.12870707E+001  0.18878004E+001  0.26316692E+001  0.40997015E+001  0.58394584E+001
  0.30295886E+000  0.31844104E+000  0.46007069E+000  0.62776818E+000  0.80312720E+000  0.91034046E+000  0.12870706E+001  0.18877996E+001  0.26316684E+001  0.40997014E+001  0.58394584E+001
  0.30295885E+000  0.31844103E+000  0.46007069E+000  0.62776817E+000  0.80312718E+000  0.91034045E+000  0.12870706E+001  0.18877989E+001  0.26316677E+001  0.40997013E+001  0.58394583E+001
  0.30295885E+000  0.31844103E+000  0.46007068E+000  0.62776816E+000  0.80312717E+000  0.91034044E+000  0.12870706E+001  0.18877981E+001  0.26316669E+001  0.40997012E+001  0.58394583E+001
  0.30295885E+000  0.31844103E+000  0.46007068E+000  0.62776815E+000  0.80312716E+000  0.91034043E+000  0.12870706E+001  0.18877973E+001  0.26316662E+001  0.40997011E+001  0.58394582E+001
  0.30295884E+000  0.31844102E+000  0.46007067E+000  0.62776815E+000  0.80312715E+000  0.91034043E+000  0.12870706E+001  0.18877966E+001  0.26316654E+001  0.40997011E+001  0.58394581E+001
  0.30295884E+000  0.31844102E+000  0.46007067E+000  0.62776814E+000  0.80312714E+000  0.91034042E+000  0.12870706E+001  0.18877959E+001  0.26316647E+001  0.40997010E+001  0.58394580E+001
  0.30295884E+000  0.31844102E+000  0.46007067E+000  0.62776814E+000  0.80312713E+000  0.91034041E+000  0.12870706E+001  0.18877952E+001  0.26316639E+001  0.40997009E+001  0.58394578E+001
  0.30295884E+000  0.31844102E+000  0.46007066E+000  0.62776813E+000  0.80312712E+000  0.91034041E+000  0.12870706E+001  0.18877945E+001  0.26316632E+001  0.40997008E+001  0.58394577E+001
  0.30295883E+000  0.31844102E+000  0.46007066E+000  0.62776813E+000  0.80312711E+000  0.91034040E+000  0.12870705E+001  0.18877938E+001  0.26316625E+001  0.40997007E+001  0.58394575E+001
  0.30295883E+000  0.31844101E+000  0.46007066E+000  0.62776812E+000  0.80312711E+000  0.91034040E+000  0.12870705E+001  0.18877931E+001  0.26316617E+001  0.40997006E+001  0.58394574E+001
  0.30295883E+000  0.31844101E+000  0.46007065E+000  0.62776812E+000  0.80312710E+000  0.91034039E+000  0.12870705E+001  0.18877924E+001  0.26316610E+001  0.40997005E+001  0.58394572E+001
  0.30295883E+000  0.31844101E+000  0.46007065E+000  0.62776812E+000  0.80312709E+000  0.91034039E+000  0.12870705E+001  0.18877918E+001  0.26316603E+001  0.40997005E+001  0.58394570E+001
  0.30295883E+000  0.31844101E+000  0.46007065E+000  0.62776811E+000  0.80312709E+000  0.91034039E+000  0.12870705E+001  0.18877912E+001  0.26316596E+001  0.40997004E+001  0.58394568E+001
  0.30295883E+000  0.31844101E+000  0.46007065E+000  0.62776811E+000  0.80312708E+000  0.91034038E+000  0.12870705E+001  0.18877905E+001  0.26316589E+001  0.40997003E+001  0.58394566E+001
  0.30295882E+000  0.31844101E+000  0.46007065E+000  0.62776811E+000  0.80312708E+000  0.91034038E+000  0.12870705E+001  0.18877899E+001  0.26316582E+001  0.40997002E+001  0.58394563E+001
  0.30295882E+000  0.31844101E+000  0.46007065E+000  0.62776811E+000  0.80312708E+000  0.91034038E+000  0.12870705E+001  0.18877894E+001  0.26316575E+001  0.40997002E+001  0.58394561E+001
  0.30295882E+000  0.31844101E+000  0.46007065E+000  0.62776811E+000  0.80312707E+000  0.91034038E+000  0.12870705E+001  0.18877888E+001  0.26316569E+001  0.40997001E+001  0.58394559E+001
  0.30295882E+000  0.31844101E+000  0.46007065E+000  0.62776811E+000  0.80312707E+000  0.91034038E+000  0.12870705E+001  0.18877882E+001  0.26316562E+001  0.40997000E+001  0.58394556E+001
  0.30295882E+000  0.31844101E+000  0.46007065E+000  0.62776811E+000  0.80312707E+000  0.91034038E+000  0.12870705E+001  0.18877877E+001  0.26316556E+001  0.40997000E+001  0.58394554E+001
  0.30295882E+000  0.31844101E+000  0.46007065E+000  0.62776811E+000  0.80312707E+000  0.91034038E+000  0.12870705E+001  0.18877872E+001  0.26316549E+001  0.40996999E+001  0.58394551E+001
  0.30295882E+000  0.31844101E+000  0.46007065E+000  0.62776811E+000  0.80312707E+000  0.91034038E+000  0.12870705E+001  0.18877866E+001  0.26316543E+001  0.40996998E+001  0.58394548E+001
  0.30295882E+000  0.31844101E+000  0.46007065E+000  0.62776811E+000  0.80312707E+000  0.91034038E+000  0.12870705E+001  0.18877861E+001  0.26316537E+001  0.40996998E+001  0.58394546E+001
  0.30295882E+000  0.31844101E+000  0.46007065E+000  0.62776812E+000  0.80312707E+000  0.91034039E+000  0.12870705E+001  0.18877857E+001  0.26316531E+001  0.40996997E+001  0.58394543E+001
  0.30295883E+000  0.31844101E+000  0.46007065E+000  0.62776812E+000  0.80312707E+000  0.91034039E+000  0.12870705E+001  0.18877852E+001  0.26316525E+001  0.40996997E+001  0.58394540E+001
  0.30295883E+000  0.31844101E+000  0.46007066E+000  0.62776812E+000  0.80312708E+000  0.91034039E+000  0.12870705E+001  0.18877847E+001  0.26316519E+001  0.40996996E+001  0.58394537E+001
  0.30295883E+000  0.31844101E+000  0.46007066E+000  0.62776813E+000  0.80312708E+000  0.91034039E+000  0.12870705E+001  0.18877843E+001  0.26316514E+001  0.40996996E+001  0.58394534E+001
  0.30295883E+000  0.31844102E+000  0.46007066E+000  0.62776813E+000  0.80312708E+000  0.91034040E+000  0.12870705E+001  0.18877839E+001  0.26316508E+001  0.40996996E+001  0.58394531E+001
  0.30295883E+000  0.31844102E+000  0.46007066E+000  0.62776813E+000  0.80312708E+000  0.91034040E+000  0.12870706E+001  0.18877834E+001  0.26316503E+001  0.40996995E+001  0.58394528E+001
  0.30295883E+000  0.31844102E+000  0.46007067E+000  0.62776814E+000  0.80312709E+000  0.91034041E+000  0.12870706E+001  0.18877830E+001  0.26316497E+001  0.40996995E+001  0.58394525E+001
  0.30295883E+000  0.31844102E+000  0.46007067E+000  0.62776814E+000  0.80312709E+000  0.91034041E+000  0.12870706E+001  0.18877827E+001  0.26316492E+001  0.40996994E+001  0.58394522E+001
  0.30295883E+000  0.31844102E+000  0.46007067E+000  0.62776815E+000  0.80312710E+000  0.91034041E+000  0.12870706E+001  0.18877823E+001  0.26316487E+001  0.40996994E+001  0.58394519E+001
  0.30295884E+000  0.31844103E+000  0.46007068E+000  0.62776815E+000  0.80312710E+000  0.91034042E+000  0.12870706E+001  0.18877819E+001  0.26316482E+001  0.40996994E+001  0.58394516E+001
  0.30295884E+000  0.31844103E+000  0.46007068E+000  0.62776816E+000  0.80312710E+000  0.91034042E+000  0.12870706E+001  0.18877816E+001  0.26316477E+001  0.40996993E+001  0.58394513E+001
  0.30295884E+000  0.31844103E+000  0.46007068E+000  0.62776816E+000  0.80312711E+000  0.91034043E+000  0.12870706E+001  0.18877812E+001  0.26316473E+001  0.40996993E+001  0.58394510E+001
  0.30295884E+000  0.31844103E+000  0.46007069E+000  0.62776817E+000  0.80312711E+000  0.91034043E+000  0.12870706E+001  0.18877809E+001  0.26316468E+001  0.40996993E+001  0.58394507E+001
  0.30295884E+000  0.31844104E+000  0.46007069E+000  0.62776817E+000  0.80312712E+000  0.91034044E+000  0.12870706E+001  0.18877806E+001  0.26316464E+001  0.40996992E+001  0.58394504E+001
  0.30295885E+000  0.31844104E+000  0.46007070E+000  0.62776818E+000  0.80312712E+000  0.91034044E+000  0.12870706E+001  0.18877803E+001  0.26316459E+001  0.40996992E+001  0.58394501E+001
  0.30295885E+000  0.31844104E+000  0.46007070E+000  0.62776818E+000  0.80312713E+000  0.91034045E+000  0.12870707E+001  0.18877800E+001  0.26316455E+001  0.40996992E+001  0.58394498E+001
  0.30295885E+000  0.31844104E+000  0.46007070E+000  0.62776819E+000  0.80312713E+000  0.91034046E+000  0.12870707E+001  0.18877797E+001  0.26316451E+001  0.40996992E+001  0.58394495E+001
  0.30295885E+000  0.31844105E+000  0.46007071E+000  0.62776819E+000  0.80312714E+000  0.91034046E+000  0.12870707E+001  0.18877794E+001  0.26316447E+001  0.40996991E+001  0.58394492E+001
  0.30295885E+000  0.31844105E+000  0.46007071E+000  0.62776820E+000  0.80312714E+000  0.91034047E+000  0.12870707E+001  0.18877791E+001  0.26316443E+001  0.40996991E+001  0.58394489E+001
  0.30295886E+000  0.31844105E+000  0.46007072E+000  0.62776821E+000  0.80312715E+000  0.91034047E+000  0.12870707E+001  0.18877789E+001  0.26316439E+001  0.40996991E+001  0.58394486E+001
  0.30295886E+000  0.31844105E+000  0.46007072E+000  0.62776821E+000  0.80312716E+000  0.91034048E+000  0.12870707E+001  0.18877786E+001  0.26316435E+001  0.40996991E+001  0.58394483E+001
  0.30295886E+000  0.31844106E+000  0.46007072E+000  0.62776822E+000  0.80312716E+000  0.91034048E+000  0.12870707E+001  0.18877784E+001  0.26316432E+001  0.40996990E+001  0.58394480E+001
  0.30295886E+000  0.31844106E+000  0.46007073E+000  0.62776822E+000  0.80312717E+000  0.91034049E+000  0.12870707E+001  0.18877782E+001  0.26316428E+001  0.40996990E+001  0.58394477E+001
  0.30295886E+000  0.31844106E+000  0.46007073E+000  0.62776823E+000  0.80312717E+000  0.91034049E+000  0.12870708E+001  0.18877779E+001  0.26316425E+001  0.40996990E+001  0.58394475E+001
  0.30295886E+000  0.31844106E+000  0.46007073E+000  0.62776823E+000  0.80312717E+000  0.91034050E+000  0.12870708E+001  0.18877777E+001  0.26316422E+001  0.40996990E+001  0.58394472E+001
  0.30295887E+000  0.31844107E+000  0.46007074E+000  0.62776824E+000  0.80312718E+000  0.91034050E+000  0.12870708E+001  0.18877775E+001  0.26316419E+001  0.40996990E+001  0.58394469E+001
  0.30295887E+000  0.31844107E+000  0.46007074E+000  0.62776824E+000  0.80312718E+000  0.91034050E+000  0.12870708E+001  0.18877773E+001  0.26316416E+001  0.40996989E+001  0.58394466E+001
  0.30295887E+000  0.31844107E+000  0.46007074E+000  0.62776825E+000  0.80312719E+000  0.91034051E+000  0.12870708E+001  0.18877771E+001  0.26316413E+001  0.40996989E+001  0.58394464E+001
  0.30295887E+000  0.31844107E+000  0.46007075E+000  0.62776825E+000  0.80312719E+000  0.91034051E+000  0.12870708E+001  0.18877770E+001  0.26316410E+001  0.40996989E+001  0.58394461E+001
  0.30295887E+000  0.31844107E+000  0.46007075E+000  0.62776825E+000  0.80312720E+000  0.91034052E+000  0.12870708E+001  0.18877768E+001  0.26316407E+001  0.40996989E+001  0.58394459E+001
  0.30295887E+000  0.31844108E+000  0.46007075E+000  0.62776826E+000  0.80312720E+000  0.91034052E+000  0.12870708E+001  0.18877766E+001  0.26316404E+001  0.40996989E+001  0.58394456E+001
  0.30295888E+000  0.31844108E+000  0.46007076E+000  0.62776826E+000  0.80312720E+000  0.91034053E+000  0.12870708E+001  0.18877765E+001  0.26316402E+001  0.40996989E+001  0.58394454E+001
  0.30295888E+000  0.31844108E+000  0.46007076E+000  0.62776827E+000  0.80312721E+000  0.91034053E+000  0.12870708E+001  0.18877763E+001  0.26316399E+001  0.40996988E+001  0.58394451E+001
  0.30295888E+000  0.31844108E+000  0.46007076E+000  0.62776827E+000  0.80312722E+000  0.91034054E+000  0.12870708E+001  0.18877762E+001  0.26316397E+001  0.40996988E+001  0.58394449E+001
  0.30295889E+000  0.31844108E+000  0.46007076E+000  0.62776827E+000  0.80312724E+000  0.91034056E+000  0.12870708E+001  0.18877760E+001  0.26316395E+001  0.40996988E+001  0.58394447E+001
