  0.10529480E+002
  0.10529461E+002
  0.10529438E+002
  0.10529416E+002
  0.10529397E+002
  0.10529380E+002
  0.10529366E+002
  0.10529353E+002
  0.10529342E+002
  0.10529332E+002
  0.10529324E+002
  0.10529317E+002
  0.10529310E+002
  0.10529305E+002
  0.10529300E+002
  0.10529296E+002
  0.10529293E+002
  0.10529289E+002
  0.10529287E+002
  0.10529284E+002
  0.10529282E+002
  0.10529281E+002
  0.10529279E+002
  0.10529278E+002
  0.10529277E+002
  0.10529276E+002
  0.10529275E+002
  0.10529274E+002
  0.10529274E+002
  0.10529273E+002
  0.10529273E+002
  0.10529272E+002
  0.10529272E+002
  0.10529272E+002
  0.10529272E+002
  0.10529272E+002
  0.10529272E+002
  0.10529272E+002
  0.10529272E+002
  0.10529272E+002
  0.10529272E+002
  0.10529272E+002
  0.10529273E+002
  0.10529273E+002
  0.10529273E+002
  0.10529273E+002
  0.10529274E+002
  0.10529274E+002
  0.10529274E+002
  0.10529275E+002
  0.10529275E+002
  0.10529276E+002
  0.10529276E+002
  0.10529277E+002
  0.10529277E+002
  0.10529278E+002
  0.10529278E+002
  0.10529279E+002
  0.10529279E+002
  0.10529280E+002
  0.10529281E+002
  0.10529281E+002
  0.10529282E+002
  0.10529283E+002
  0.10529283E+002
  0.10529284E+002
  0.10529285E+002
  0.10529286E+002
  0.10529287E+002
  0.10529287E+002
  0.10529288E+002
  0.10529289E+002
  0.10529290E+002
  0.10529291E+002
  0.10529292E+002
  0.10529293E+002
  0.10529294E+002
  0.10529295E+002
  0.10529296E+002
  0.10529297E+002
  0.10529298E+002
  0.10529300E+002
  0.10529301E+002
  0.10529302E+002
  0.10529303E+002
  0.10529304E+002
  0.10529305E+002
  0.10529307E+002
  0.10529308E+002
  0.10529309E+002
  0.10529310E+002
  0.10529311E+002
  0.10529313E+002
  0.10529314E+002
  0.10529315E+002
  0.10529316E+002
  0.10529318E+002
  0.10529319E+002
  0.10529320E+002
  0.10529321E+002
  0.10529323E+002
  0.10529324E+002
  0.10529325E+002
  0.10529326E+002
  0.10529327E+002
  0.10529329E+002
  0.10529330E+002
  0.10529331E+002
  0.10529332E+002
  0.10529334E+002
  0.10529335E+002
  0.10529336E+002
  0.10529337E+002
  0.10529338E+002
  0.10529339E+002
  0.10529341E+002
  0.10529342E+002
  0.10529343E+002
  0.10529344E+002
  0.10529345E+002
  0.10529346E+002
  0.10529347E+002
  0.10529349E+002
  0.10529350E+002
  0.10529351E+002
  0.10529352E+002
  0.10529353E+002
  0.10529354E+002
  0.10529355E+002
  0.10529356E+002
  0.10529357E+002
  0.10529359E+002
  0.10529360E+002
  0.10529361E+002
  0.10529362E+002
  0.10529363E+002
  0.10529364E+002
  0.10529365E+002
  0.10529366E+002
  0.10529367E+002
  0.10529369E+002
  0.10529370E+002
  0.10529371E+002
  0.10529372E+002
  0.10529373E+002
  0.10529374E+002
  0.10529376E+002
  0.10529377E+002
  0.10529378E+002
  0.10529379E+002
  0.10529380E+002
  0.10529382E+002
  0.10529383E+002
  0.10529384E+002
  0.10529385E+002
  0.10529387E+002
  0.10529388E+002
  0.10529389E+002
  0.10529391E+002
  0.10529392E+002
  0.10529393E+002
  0.10529394E+002
  0.10529396E+002
  0.10529397E+002
  0.10529398E+002
  0.10529400E+002
  0.10529401E+002
  0.10529402E+002
  0.10529404E+002
  0.10529405E+002
  0.10529406E+002
  0.10529408E+002
  0.10529409E+002
  0.10529411E+002
  0.10529412E+002
  0.10529413E+002
  0.10529415E+002
  0.10529416E+002
  0.10529417E+002
  0.10529419E+002
  0.10529420E+002
  0.10529421E+002
  0.10529422E+002
  0.10529424E+002
  0.10529425E+002
  0.10529426E+002
  0.10529428E+002
  0.10529429E+002
  0.10529430E+002
  0.10529431E+002
  0.10529433E+002
  0.10529434E+002
  0.10529435E+002
  0.10529436E+002
  0.10529437E+002
  0.10529438E+002
  0.10529440E+002
  0.10529441E+002
  0.10529442E+002
  0.10529443E+002
