  0.57915546E+000  0.31479032E+000  0.23585576E+001  0.38865423E+002
  0.57914651E+000  0.31419917E+000  0.23591554E+001  0.38865348E+002
  0.57913862E+000  0.31420781E+000  0.23591399E+001  0.38865271E+002
  0.57913172E+000  0.31427398E+000  0.23590613E+001  0.38865203E+002
  0.57912572E+000  0.31433862E+000  0.23589811E+001  0.38865148E+002
  0.57909837E+000  0.31441783E+000  0.23589065E+001  0.38865104E+002
  0.57909401E+000  0.31448409E+000  0.23588215E+001  0.38865068E+002
  0.57909037E+000  0.31452653E+000  0.23587597E+001  0.38865040E+002
  0.57908738E+000  0.31456295E+000  0.23587038E+001  0.38865018E+002
  0.57908494E+000  0.31459419E+000  0.23586531E+001  0.38865002E+002
  0.57908300E+000  0.31462098E+000  0.23586073E+001  0.38864989E+002
  0.57908148E+000  0.31464395E+000  0.23585658E+001  0.38864980E+002
  0.57908031E+000  0.31466365E+000  0.23585283E+001  0.38864974E+002
  0.57907944E+000  0.31468056E+000  0.23584943E+001  0.38864970E+002
  0.57907883E+000  0.31469509E+000  0.23584635E+001  0.38864968E+002
  0.57907842E+000  0.31470759E+000  0.23584356E+001  0.38864968E+002
  0.57907820E+000  0.31471834E+000  0.23584102E+001  0.38864968E+002
  0.57907812E+000  0.31472761E+000  0.23583872E+001  0.38864969E+002
  0.57907816E+000  0.31473561E+000  0.23583664E+001  0.38864971E+002
  0.57907831E+000  0.31474252E+000  0.23583474E+001  0.38864974E+002
  0.57907854E+000  0.31474850E+000  0.23583302E+001  0.38864977E+002
  0.57907884E+000  0.31475367E+000  0.23583145E+001  0.38864980E+002
  0.57907920E+000  0.31475816E+000  0.23583002E+001  0.38864983E+002
  0.57907961E+000  0.31476207E+000  0.23582873E+001  0.38864987E+002
  0.57908006E+000  0.31476547E+000  0.23582755E+001  0.38864990E+002
  0.57908054E+000  0.31476844E+000  0.23582647E+001  0.38864994E+002
  0.57908105E+000  0.31477103E+000  0.23582550E+001  0.38864997E+002
  0.57908158E+000  0.31477331E+000  0.23582461E+001  0.38865000E+002
  0.57908213E+000  0.31477531E+000  0.23582380E+001  0.38865003E+002
  0.57908269E+000  0.31477707E+000  0.23582307E+001  0.38865006E+002
  0.57908327E+000  0.31477863E+000  0.23582241E+001  0.38865009E+002
  0.57908385E+000  0.31478002E+000  0.23582182E+001  0.38865012E+002
  0.57908444E+000  0.31478125E+000  0.23582129E+001  0.38865015E+002
  0.57908503E+000  0.31478235E+000  0.23582081E+001  0.38865017E+002
  0.57908563E+000  0.31478333E+000  0.23582040E+001  0.38865019E+002
  0.57908623E+000  0.31478422E+000  0.23582003E+001  0.38865021E+002
  0.57908683E+000  0.31478502E+000  0.23581971E+001  0.38865023E+002
  0.57908743E+000  0.31478575E+000  0.23581944E+001  0.38865024E+002
  0.57908803E+000  0.31478641E+000  0.23581921E+001  0.38865026E+002
  0.57908863E+000  0.31478701E+000  0.23581903E+001  0.38865027E+002
  0.57908922E+000  0.31478757E+000  0.23581888E+001  0.38865028E+002
  0.57908982E+000  0.31478808E+000  0.23581878E+001  0.38865029E+002
  0.57909041E+000  0.31478855E+000  0.23581871E+001  0.38865029E+002
  0.57909100E+000  0.31478899E+000  0.23581868E+001  0.38865029E+002
  0.57909159E+000  0.31478940E+000  0.23581869E+001  0.38865029E+002
  0.57909217E+000  0.31478979E+000  0.23581872E+001  0.38865029E+002
  0.57909275E+000  0.31479016E+000  0.23581878E+001  0.38865029E+002
  0.57909334E+000  0.31479051E+000  0.23581887E+001  0.38865029E+002
  0.57909391E+000  0.31479085E+000  0.23581899E+001  0.38865028E+002
  0.57909449E+000  0.31479117E+000  0.23581913E+001  0.38865027E+002
  0.57909507E+000  0.31479149E+000  0.23581930E+001  0.38865026E+002
  0.57909565E+000  0.31479180E+000  0.23581948E+001  0.38865025E+002
  0.57909623E+000  0.31479211E+000  0.23581969E+001  0.38865024E+002
  0.57909681E+000  0.31479241E+000  0.23581991E+001  0.38865023E+002
  0.57909739E+000  0.31479271E+000  0.23582015E+001  0.38865022E+002
  0.57909798E+000  0.31479302E+000  0.23582040E+001  0.38865021E+002
  0.57909856E+000  0.31479332E+000  0.23582066E+001  0.38865019E+002
  0.57909916E+000  0.31479362E+000  0.23582094E+001  0.38865018E+002
  0.57909975E+000  0.31479391E+000  0.23582123E+001  0.38865016E+002
  0.57910036E+000  0.31479421E+000  0.23582154E+001  0.38865015E+002
  0.57910096E+000  0.31479452E+000  0.23582185E+001  0.38865013E+002
  0.57910158E+000  0.31479482E+000  0.23582217E+001  0.38865012E+002
  0.57910219E+000  0.31479512E+000  0.23582250E+001  0.38865010E+002
  0.57910282E+000  0.31479542E+000  0.23582284E+001  0.38865009E+002
  0.57910345E+000  0.31479572E+000  0.23582319E+001  0.38865007E+002
  0.57910408E+000  0.31479603E+000  0.23582354E+001  0.38865006E+002
  0.57910472E+000  0.31479634E+000  0.23582390E+001  0.38865004E+002
  0.57910536E+000  0.31479667E+000  0.23582427E+001  0.38865003E+002
  0.57910600E+000  0.31479703E+000  0.23582464E+001  0.38865001E+002
  0.57910665E+000  0.31479750E+000  0.23582500E+001  0.38865000E+002
  0.57910730E+000  0.31479836E+000  0.23582534E+001  0.38864999E+002
  0.57910796E+000  0.31479858E+000  0.23582575E+001  0.38864997E+002
  0.57910862E+000  0.31479879E+000  0.23582617E+001  0.38864996E+002
  0.57910927E+000  0.31479901E+000  0.23582659E+001  0.38864995E+002
  0.57910993E+000  0.31479924E+000  0.23582702E+001  0.38864994E+002
  0.57911058E+000  0.31479946E+000  0.23582745E+001  0.38864992E+002
  0.57911123E+000  0.31479969E+000  0.23582788E+001  0.38864991E+002
  0.57911188E+000  0.31479991E+000  0.23582832E+001  0.38864990E+002
  0.57911252E+000  0.31480014E+000  0.23582876E+001  0.38864989E+002
  0.57911315E+000  0.31480038E+000  0.23582920E+001  0.38864988E+002
  0.57911379E+000  0.31480061E+000  0.23582965E+001  0.38864987E+002
  0.57911441E+000  0.31480084E+000  0.23583009E+001  0.38864987E+002
  0.57911503E+000  0.31480108E+000  0.23583054E+001  0.38864986E+002
  0.57911564E+000  0.31480132E+000  0.23583099E+001  0.38864985E+002
  0.57911624E+000  0.31480155E+000  0.23583144E+001  0.38864984E+002
  0.57911684E+000  0.31480179E+000  0.23583189E+001  0.38864984E+002
  0.57911742E+000  0.31480203E+000  0.23583234E+001  0.38864983E+002
  0.57911800E+000  0.31480227E+000  0.23583279E+001  0.38864983E+002
  0.57911856E+000  0.31480250E+000  0.23583324E+001  0.38864982E+002
  0.57911912E+000  0.31480274E+000  0.23583369E+001  0.38864982E+002
  0.57911966E+000  0.31480298E+000  0.23583414E+001  0.38864981E+002
  0.57912020E+000  0.31480321E+000  0.23583459E+001  0.38864981E+002
  0.57912072E+000  0.31480344E+000  0.23583504E+001  0.38864981E+002
  0.57912123E+000  0.31480368E+000  0.23583549E+001  0.38864980E+002
  0.57912173E+000  0.31480390E+000  0.23583594E+001  0.38864980E+002
  0.57912221E+000  0.31480413E+000  0.23583638E+001  0.38864980E+002
  0.57912269E+000  0.31480436E+000  0.23583682E+001  0.38864980E+002
  0.57912315E+000  0.31480458E+000  0.23583726E+001  0.38864980E+002
  0.57912360E+000  0.31480480E+000  0.23583770E+001  0.38864980E+002
  0.57912403E+000  0.31480501E+000  0.23583814E+001  0.38864980E+002
  0.57912446E+000  0.31480522E+000  0.23583857E+001  0.38864980E+002
  0.57912487E+000  0.31480543E+000  0.23583900E+001  0.38864980E+002
  0.57912527E+000  0.31480563E+000  0.23583943E+001  0.38864980E+002
  0.57912565E+000  0.31480583E+000  0.23583985E+001  0.38864980E+002
  0.57912603E+000  0.31480603E+000  0.23584027E+001  0.38864980E+002
  0.57912639E+000  0.31480622E+000  0.23584069E+001  0.38864980E+002
  0.57912674E+000  0.31480640E+000  0.23584110E+001  0.38864980E+002
  0.57912707E+000  0.31480659E+000  0.23584151E+001  0.38864981E+002
  0.57912740E+000  0.31480676E+000  0.23584191E+001  0.38864981E+002
  0.57912771E+000  0.31480693E+000  0.23584231E+001  0.38864981E+002
  0.57912801E+000  0.31480710E+000  0.23584270E+001  0.38864982E+002
  0.57912830E+000  0.31480726E+000  0.23584308E+001  0.38864982E+002
  0.57912858E+000  0.31480742E+000  0.23584347E+001  0.38864983E+002
  0.57912885E+000  0.31480757E+000  0.23584384E+001  0.38864983E+002
  0.57912910E+000  0.31480772E+000  0.23584421E+001  0.38864984E+002
  0.57912935E+000  0.31480786E+000  0.23584457E+001  0.38864984E+002
  0.57912959E+000  0.31480799E+000  0.23584493E+001  0.38864985E+002
  0.57912981E+000  0.31480812E+000  0.23584528E+001  0.38864986E+002
  0.57913003E+000  0.31480825E+000  0.23584562E+001  0.38864986E+002
  0.57913023E+000  0.31480837E+000  0.23584595E+001  0.38864987E+002
  0.57913043E+000  0.31480848E+000  0.23584628E+001  0.38864988E+002
  0.57913061E+000  0.31480859E+000  0.23584661E+001  0.38864989E+002
  0.57913079E+000  0.31480870E+000  0.23584692E+001  0.38864990E+002
  0.57913096E+000  0.31480880E+000  0.23584723E+001  0.38864991E+002
  0.57913112E+000  0.31480889E+000  0.23584753E+001  0.38864993E+002
  0.57913128E+000  0.31480898E+000  0.23584782E+001  0.38864994E+002
  0.57913142E+000  0.31480907E+000  0.23584811E+001  0.38864995E+002
  0.57913156E+000  0.31480915E+000  0.23584839E+001  0.38864997E+002
  0.57913169E+000  0.31480923E+000  0.23584866E+001  0.38864998E+002
  0.57913181E+000  0.31480931E+000  0.23584893E+001  0.38865000E+002
  0.57913193E+000  0.31480938E+000  0.23584919E+001  0.38865001E+002
  0.57913204E+000  0.31480944E+000  0.23584944E+001  0.38865003E+002
  0.57913214E+000  0.31480950E+000  0.23584968E+001  0.38865005E+002
  0.57913224E+000  0.31480956E+000  0.23584992E+001  0.38865007E+002
  0.57913233E+000  0.31480962E+000  0.23585015E+001  0.38865009E+002
  0.57913241E+000  0.31480967E+000  0.23585037E+001  0.38865011E+002
  0.57913249E+000  0.31480972E+000  0.23585059E+001  0.38865013E+002
  0.57913257E+000  0.31480976E+000  0.23585080E+001  0.38865015E+002
  0.57913264E+000  0.31480981E+000  0.23585100E+001  0.38865018E+002
  0.57913270E+000  0.31480985E+000  0.23585120E+001  0.38865020E+002
  0.57913276E+000  0.31480988E+000  0.23585139E+001  0.38865023E+002
  0.57913282E+000  0.31480992E+000  0.23585158E+001  0.38865025E+002
  0.57913287E+000  0.31480995E+000  0.23585176E+001  0.38865028E+002
  0.57913292E+000  0.31480998E+000  0.23585193E+001  0.38865031E+002
  0.57913297E+000  0.31481001E+000  0.23585209E+001  0.38865034E+002
  0.57913301E+000  0.31481003E+000  0.23585226E+001  0.38865037E+002
  0.57913305E+000  0.31481006E+000  0.23585241E+001  0.38865040E+002
  0.57913308E+000  0.31481008E+000  0.23585256E+001  0.38865043E+002
  0.57913311E+000  0.31481010E+000  0.23585270E+001  0.38865047E+002
  0.57913314E+000  0.31481012E+000  0.23585284E+001  0.38865050E+002
  0.57913317E+000  0.31481014E+000  0.23585298E+001  0.38865054E+002
  0.57913320E+000  0.31481015E+000  0.23585311E+001  0.38865057E+002
  0.57913322E+000  0.31481016E+000  0.23585323E+001  0.38865061E+002
  0.57913324E+000  0.31481018E+000  0.23585335E+001  0.38865065E+002
  0.57913326E+000  0.31481019E+000  0.23585346E+001  0.38865068E+002
  0.57913327E+000  0.31481020E+000  0.23585358E+001  0.38865072E+002
  0.57913329E+000  0.31481021E+000  0.23585368E+001  0.38865076E+002
  0.57913330E+000  0.31481022E+000  0.23585378E+001  0.38865080E+002
  0.57913331E+000  0.31481022E+000  0.23585388E+001  0.38865085E+002
  0.57913332E+000  0.31481023E+000  0.23585398E+001  0.38865089E+002
  0.57913333E+000  0.31481024E+000  0.23585407E+001  0.38865093E+002
  0.57913333E+000  0.31481024E+000  0.23585415E+001  0.38865098E+002
  0.57913334E+000  0.31481025E+000  0.23585424E+001  0.38865102E+002
  0.57913334E+000  0.31481025E+000  0.23585432E+001  0.38865106E+002
  0.57913335E+000  0.31481025E+000  0.23585439E+001  0.38865111E+002
  0.57913335E+000  0.31481025E+000  0.23585446E+001  0.38865116E+002
  0.57913335E+000  0.31481026E+000  0.23585454E+001  0.38865120E+002
  0.57913336E+000  0.31481026E+000  0.23585460E+001  0.38865125E+002
  0.57913336E+000  0.31481026E+000  0.23585467E+001  0.38865130E+002
  0.57913336E+000  0.31481026E+000  0.23585473E+001  0.38865134E+002
  0.57913336E+000  0.31481026E+000  0.23585479E+001  0.38865139E+002
  0.57913335E+000  0.31481026E+000  0.23585484E+001  0.38865144E+002
  0.57913335E+000  0.31481026E+000  0.23585490E+001  0.38865149E+002
  0.57913335E+000  0.31481026E+000  0.23585495E+001  0.38865154E+002
  0.57913335E+000  0.31481026E+000  0.23585500E+001  0.38865159E+002
  0.57913335E+000  0.31481026E+000  0.23585505E+001  0.38865163E+002
  0.57913334E+000  0.31481026E+000  0.23585509E+001  0.38865168E+002
  0.57913334E+000  0.31481026E+000  0.23585513E+001  0.38865173E+002
  0.57913334E+000  0.31481026E+000  0.23585517E+001  0.38865178E+002
  0.57913334E+000  0.31481026E+000  0.23585521E+001  0.38865183E+002
  0.57913333E+000  0.31481025E+000  0.23585525E+001  0.38865188E+002
  0.57913333E+000  0.31481025E+000  0.23585529E+001  0.38865193E+002
  0.57913332E+000  0.31481025E+000  0.23585532E+001  0.38865198E+002
  0.57913332E+000  0.31481025E+000  0.23585535E+001  0.38865203E+002
  0.57913332E+000  0.31481025E+000  0.23585539E+001  0.38865207E+002
  0.57913331E+000  0.31481025E+000  0.23585542E+001  0.38865212E+002
  0.57913331E+000  0.31481024E+000  0.23585544E+001  0.38865217E+002
  0.57913331E+000  0.31481024E+000  0.23585547E+001  0.38865222E+002
  0.57913330E+000  0.31481024E+000  0.23585550E+001  0.38865227E+002
  0.57913330E+000  0.31481024E+000  0.23585552E+001  0.38865231E+002
  0.57913329E+000  0.31481024E+000  0.23585555E+001  0.38865236E+002
  0.57913329E+000  0.31481023E+000  0.23585557E+001  0.38865240E+002
  0.57913329E+000  0.31481023E+000  0.23585559E+001  0.38865245E+002
  0.57913328E+000  0.31481023E+000  0.23585561E+001  0.38865250E+002
  0.57913328E+000  0.31481023E+000  0.23585563E+001  0.38865254E+002
  0.57913328E+000  0.31481023E+000  0.23585565E+001  0.38865258E+002
  0.57913327E+000  0.31481023E+000  0.23585567E+001  0.38865263E+002
  0.57913327E+000  0.31481022E+000  0.23585568E+001  0.38865267E+002
  0.57913327E+000  0.31481022E+000  0.23585570E+001  0.38865271E+002
  0.57913326E+000  0.31481022E+000  0.23585572E+001  0.38865275E+002
