  0.49046815E-002  0.57116700E-001  0.10123147E+001  0.41043590E+002
  0.49094549E-002  0.57108795E-001  0.10122885E+001  0.41043543E+002
  0.49129908E-002  0.57102392E-001  0.10122650E+001  0.41043477E+002
  0.49154645E-002  0.57097383E-001  0.10122452E+001  0.41043413E+002
  0.49170760E-002  0.57093583E-001  0.10122287E+001  0.41043354E+002
  0.49180099E-002  0.57090801E-001  0.10122152E+001  0.41043303E+002
  0.49184234E-002  0.57088864E-001  0.10122043E+001  0.41043256E+002
  0.49184459E-002  0.57087617E-001  0.10121955E+001  0.41043215E+002
  0.49181812E-002  0.57086928E-001  0.10121885E+001  0.41043179E+002
  0.49177116E-002  0.57086686E-001  0.10121830E+001  0.41043147E+002
  0.49171016E-002  0.57086798E-001  0.10121788E+001  0.41043118E+002
  0.49164013E-002  0.57087186E-001  0.10121756E+001  0.41043093E+002
  0.49156491E-002  0.57087785E-001  0.10121733E+001  0.41043070E+002
  0.49148743E-002  0.57088541E-001  0.10121718E+001  0.41043050E+002
  0.49140988E-002  0.57089413E-001  0.10121709E+001  0.41043032E+002
  0.49133386E-002  0.57090364E-001  0.10121706E+001  0.41043015E+002
  0.49126051E-002  0.57091367E-001  0.10121706E+001  0.41043001E+002
  0.49119063E-002  0.57092399E-001  0.10121711E+001  0.41042987E+002
  0.49112472E-002  0.57093443E-001  0.10121718E+001  0.41042975E+002
  0.49106310E-002  0.57094484E-001  0.10121728E+001  0.41042965E+002
  0.49100588E-002  0.57095512E-001  0.10121740E+001  0.41042955E+002
  0.49095309E-002  0.57096519E-001  0.10121754E+001  0.41042946E+002
  0.49090464E-002  0.57097497E-001  0.10121769E+001  0.41042938E+002
  0.49086040E-002  0.57098444E-001  0.10121785E+001  0.41042930E+002
  0.49082017E-002  0.57099355E-001  0.10121801E+001  0.41042924E+002
  0.49078373E-002  0.57100229E-001  0.10121818E+001  0.41042918E+002
  0.49075086E-002  0.57101063E-001  0.10121836E+001  0.41042912E+002
  0.49072129E-002  0.57101857E-001  0.10121854E+001  0.41042907E+002
  0.49069479E-002  0.57102611E-001  0.10121871E+001  0.41042902E+002
  0.49067109E-002  0.57103324E-001  0.10121889E+001  0.41042898E+002
  0.49064997E-002  0.57103998E-001  0.10121907E+001  0.41042894E+002
  0.49063118E-002  0.57104631E-001  0.10121924E+001  0.41042891E+002
  0.49061450E-002  0.57105226E-001  0.10121941E+001  0.41042888E+002
  0.49059974E-002  0.57105783E-001  0.10121957E+001  0.41042885E+002
  0.49058669E-002  0.57106304E-001  0.10121973E+001  0.41042883E+002
  0.49057516E-002  0.57106788E-001  0.10121989E+001  0.41042881E+002
  0.49056501E-002  0.57107238E-001  0.10122004E+001  0.41042879E+002
  0.49055607E-002  0.57107655E-001  0.10122018E+001  0.41042877E+002
  0.49054820E-002  0.57108040E-001  0.10122032E+001  0.41042876E+002
  0.49054129E-002  0.57108394E-001  0.10122046E+001  0.41042875E+002
  0.49053521E-002  0.57108720E-001  0.10122059E+001  0.41042874E+002
  0.49052986E-002  0.57109019E-001  0.10122071E+001  0.41042873E+002
  0.49052515E-002  0.57109292E-001  0.10122083E+001  0.41042872E+002
  0.49052101E-002  0.57109542E-001  0.10122095E+001  0.41042872E+002
  0.49051735E-002  0.57109770E-001  0.10122106E+001  0.41042872E+002
  0.49051411E-002  0.57109977E-001  0.10122117E+001  0.41042872E+002
  0.49051124E-002  0.57110167E-001  0.10122127E+001  0.41042872E+002
  0.49050867E-002  0.57110340E-001  0.10122138E+001  0.41042872E+002
  0.49050637E-002  0.57110498E-001  0.10122147E+001  0.41042873E+002
  0.49050429E-002  0.57110643E-001  0.10122157E+001  0.41042873E+002
  0.49050239E-002  0.57110778E-001  0.10122167E+001  0.41042874E+002
  0.49050065E-002  0.57110903E-001  0.10122177E+001  0.41042874E+002
  0.49049903E-002  0.57111019E-001  0.10122186E+001  0.41042875E+002
  0.49049751E-002  0.57111129E-001  0.10122196E+001  0.41042876E+002
  0.49049608E-002  0.57111234E-001  0.10122205E+001  0.41042877E+002
  0.49049472E-002  0.57111334E-001  0.10122215E+001  0.41042878E+002
  0.49049342E-002  0.57111431E-001  0.10122225E+001  0.41042879E+002
  0.49049217E-002  0.57111526E-001  0.10122234E+001  0.41042880E+002
  0.49049095E-002  0.57111619E-001  0.10122245E+001  0.41042882E+002
  0.49048978E-002  0.57111711E-001  0.10122255E+001  0.41042883E+002
  0.49048863E-002  0.57111802E-001  0.10122265E+001  0.41042884E+002
  0.49048752E-002  0.57111893E-001  0.10122276E+001  0.41042886E+002
  0.49048643E-002  0.57111984E-001  0.10122287E+001  0.41042887E+002
  0.49048537E-002  0.57112075E-001  0.10122298E+001  0.41042889E+002
  0.49048433E-002  0.57112167E-001  0.10122309E+001  0.41042891E+002
  0.49048328E-002  0.57112260E-001  0.10122321E+001  0.41042892E+002
  0.49048221E-002  0.57112354E-001  0.10122333E+001  0.41042894E+002
  0.49048104E-002  0.57112450E-001  0.10122345E+001  0.41042896E+002
  0.49047963E-002  0.57112549E-001  0.10122357E+001  0.41042898E+002
  0.49047770E-002  0.57112650E-001  0.10122369E+001  0.41042900E+002
  0.49047460E-002  0.57112756E-001  0.10122382E+001  0.41042902E+002
  0.49047328E-002  0.57112854E-001  0.10122395E+001  0.41042905E+002
  0.49047260E-002  0.57112947E-001  0.10122408E+001  0.41042907E+002
  0.49047223E-002  0.57113038E-001  0.10122421E+001  0.41042909E+002
  0.49047200E-002  0.57113127E-001  0.10122434E+001  0.41042912E+002
  0.49047186E-002  0.57113216E-001  0.10122448E+001  0.41042915E+002
  0.49047176E-002  0.57113305E-001  0.10122462E+001  0.41042917E+002
  0.49047169E-002  0.57113393E-001  0.10122475E+001  0.41042920E+002
  0.49047164E-002  0.57113480E-001  0.10122489E+001  0.41042923E+002
  0.49047159E-002  0.57113567E-001  0.10122503E+001  0.41042926E+002
  0.49047156E-002  0.57113654E-001  0.10122517E+001  0.41042929E+002
  0.49047152E-002  0.57113741E-001  0.10122531E+001  0.41042932E+002
  0.49047149E-002  0.57113826E-001  0.10122545E+001  0.41042935E+002
  0.49047146E-002  0.57113912E-001  0.10122559E+001  0.41042938E+002
  0.49047143E-002  0.57113996E-001  0.10122573E+001  0.41042941E+002
  0.49047140E-002  0.57114080E-001  0.10122587E+001  0.41042944E+002
  0.49047137E-002  0.57114163E-001  0.10122601E+001  0.41042947E+002
  0.49047134E-002  0.57114245E-001  0.10122615E+001  0.41042951E+002
  0.49047131E-002  0.57114326E-001  0.10122629E+001  0.41042954E+002
  0.49047127E-002  0.57114406E-001  0.10122642E+001  0.41042957E+002
  0.49047124E-002  0.57114485E-001  0.10122656E+001  0.41042961E+002
  0.49047121E-002  0.57114562E-001  0.10122670E+001  0.41042964E+002
  0.49047117E-002  0.57114638E-001  0.10122683E+001  0.41042968E+002
  0.49047113E-002  0.57114713E-001  0.10122697E+001  0.41042971E+002
  0.49047109E-002  0.57114786E-001  0.10122710E+001  0.41042975E+002
  0.49047105E-002  0.57114858E-001  0.10122723E+001  0.41042979E+002
  0.49047100E-002  0.57114929E-001  0.10122736E+001  0.41042982E+002
  0.49047096E-002  0.57114997E-001  0.10122749E+001  0.41042986E+002
  0.49047091E-002  0.57115065E-001  0.10122761E+001  0.41042989E+002
  0.49047086E-002  0.57115130E-001  0.10122774E+001  0.41042993E+002
  0.49047081E-002  0.57115194E-001  0.10122786E+001  0.41042997E+002
  0.49047076E-002  0.57115256E-001  0.10122798E+001  0.41043001E+002
  0.49047071E-002  0.57115316E-001  0.10122810E+001  0.41043004E+002
  0.49047065E-002  0.57115375E-001  0.10122821E+001  0.41043008E+002
  0.49047060E-002  0.57115432E-001  0.10122833E+001  0.41043012E+002
  0.49047054E-002  0.57115487E-001  0.10122844E+001  0.41043015E+002
  0.49047048E-002  0.57115541E-001  0.10122855E+001  0.41043019E+002
  0.49047043E-002  0.57115592E-001  0.10122865E+001  0.41043023E+002
  0.49047037E-002  0.57115642E-001  0.10122876E+001  0.41043026E+002
  0.49047031E-002  0.57115691E-001  0.10122886E+001  0.41043030E+002
  0.49047025E-002  0.57115737E-001  0.10122896E+001  0.41043034E+002
  0.49047019E-002  0.57115782E-001  0.10122906E+001  0.41043038E+002
  0.49047013E-002  0.57115826E-001  0.10122915E+001  0.41043041E+002
  0.49047007E-002  0.57115867E-001  0.10122925E+001  0.41043045E+002
  0.49047000E-002  0.57115908E-001  0.10122934E+001  0.41043049E+002
  0.49046995E-002  0.57115946E-001  0.10122942E+001  0.41043053E+002
  0.49046989E-002  0.57115983E-001  0.10122951E+001  0.41043056E+002
  0.49046983E-002  0.57116019E-001  0.10122959E+001  0.41043060E+002
  0.49046977E-002  0.57116053E-001  0.10122967E+001  0.41043064E+002
  0.49046971E-002  0.57116086E-001  0.10122975E+001  0.41043067E+002
  0.49046966E-002  0.57116117E-001  0.10122982E+001  0.41043071E+002
  0.49046960E-002  0.57116147E-001  0.10122990E+001  0.41043075E+002
  0.49046955E-002  0.57116176E-001  0.10122997E+001  0.41043079E+002
  0.49046949E-002  0.57116203E-001  0.10123003E+001  0.41043082E+002
  0.49046944E-002  0.57116230E-001  0.10123010E+001  0.41043086E+002
  0.49046939E-002  0.57116255E-001  0.10123016E+001  0.41043090E+002
  0.49046934E-002  0.57116279E-001  0.10123022E+001  0.41043094E+002
  0.49046929E-002  0.57116301E-001  0.10123028E+001  0.41043098E+002
  0.49046925E-002  0.57116323E-001  0.10123034E+001  0.41043102E+002
  0.49046920E-002  0.57116344E-001  0.10123039E+001  0.41043105E+002
  0.49046916E-002  0.57116363E-001  0.10123044E+001  0.41043109E+002
  0.49046911E-002  0.57116382E-001  0.10123049E+001  0.41043113E+002
  0.49046907E-002  0.57116400E-001  0.10123054E+001  0.41043117E+002
  0.49046903E-002  0.57116417E-001  0.10123059E+001  0.41043121E+002
  0.49046899E-002  0.57116432E-001  0.10123063E+001  0.41043125E+002
  0.49046895E-002  0.57116448E-001  0.10123067E+001  0.41043129E+002
  0.49046892E-002  0.57116462E-001  0.10123071E+001  0.41043133E+002
  0.49046888E-002  0.57116476E-001  0.10123075E+001  0.41043137E+002
  0.49046885E-002  0.57116488E-001  0.10123079E+001  0.41043141E+002
  0.49046882E-002  0.57116501E-001  0.10123082E+001  0.41043146E+002
  0.49046879E-002  0.57116512E-001  0.10123085E+001  0.41043150E+002
  0.49046876E-002  0.57116523E-001  0.10123089E+001  0.41043154E+002
  0.49046873E-002  0.57116533E-001  0.10123092E+001  0.41043158E+002
  0.49046870E-002  0.57116543E-001  0.10123094E+001  0.41043163E+002
  0.49046867E-002  0.57116552E-001  0.10123097E+001  0.41043167E+002
  0.49046865E-002  0.57116561E-001  0.10123100E+001  0.41043172E+002
  0.49046862E-002  0.57116569E-001  0.10123102E+001  0.41043176E+002
  0.49046860E-002  0.57116576E-001  0.10123105E+001  0.41043181E+002
  0.49046858E-002  0.57116584E-001  0.10123107E+001  0.41043185E+002
  0.49046855E-002  0.57116590E-001  0.10123109E+001  0.41043190E+002
  0.49046853E-002  0.57116597E-001  0.10123111E+001  0.41043195E+002
  0.49046851E-002  0.57116603E-001  0.10123113E+001  0.41043199E+002
  0.49046849E-002  0.57116608E-001  0.10123115E+001  0.41043204E+002
  0.49046848E-002  0.57116614E-001  0.10123116E+001  0.41043209E+002
  0.49046846E-002  0.57116619E-001  0.10123118E+001  0.41043214E+002
  0.49046844E-002  0.57116623E-001  0.10123120E+001  0.41043219E+002
  0.49046843E-002  0.57116628E-001  0.10123121E+001  0.41043224E+002
  0.49046841E-002  0.57116632E-001  0.10123123E+001  0.41043228E+002
  0.49046840E-002  0.57116636E-001  0.10123124E+001  0.41043234E+002
  0.49046838E-002  0.57116639E-001  0.10123125E+001  0.41043239E+002
  0.49046837E-002  0.57116643E-001  0.10123126E+001  0.41043244E+002
  0.49046836E-002  0.57116646E-001  0.10123127E+001  0.41043249E+002
  0.49046835E-002  0.57116649E-001  0.10123128E+001  0.41043254E+002
  0.49046834E-002  0.57116652E-001  0.10123129E+001  0.41043259E+002
  0.49046833E-002  0.57116655E-001  0.10123130E+001  0.41043264E+002
  0.49046832E-002  0.57116657E-001  0.10123131E+001  0.41043270E+002
  0.49046831E-002  0.57116659E-001  0.10123132E+001  0.41043275E+002
  0.49046830E-002  0.57116662E-001  0.10123133E+001  0.41043280E+002
  0.49046829E-002  0.57116664E-001  0.10123134E+001  0.41043285E+002
  0.49046828E-002  0.57116666E-001  0.10123134E+001  0.41043291E+002
  0.49046827E-002  0.57116668E-001  0.10123135E+001  0.41043296E+002
  0.49046827E-002  0.57116669E-001  0.10123136E+001  0.41043301E+002
  0.49046826E-002  0.57116671E-001  0.10123136E+001  0.41043307E+002
  0.49046825E-002  0.57116673E-001  0.10123137E+001  0.41043312E+002
  0.49046825E-002  0.57116674E-001  0.10123137E+001  0.41043317E+002
  0.49046824E-002  0.57116675E-001  0.10123138E+001  0.41043323E+002
  0.49046824E-002  0.57116677E-001  0.10123138E+001  0.41043328E+002
  0.49046823E-002  0.57116678E-001  0.10123139E+001  0.41043333E+002
  0.49046823E-002  0.57116679E-001  0.10123139E+001  0.41043339E+002
  0.49046822E-002  0.57116680E-001  0.10123140E+001  0.41043344E+002
  0.49046822E-002  0.57116681E-001  0.10123140E+001  0.41043349E+002
  0.49046821E-002  0.57116682E-001  0.10123140E+001  0.41043354E+002
  0.49046821E-002  0.57116683E-001  0.10123141E+001  0.41043359E+002
  0.49046821E-002  0.57116684E-001  0.10123141E+001  0.41043365E+002
  0.49046820E-002  0.57116685E-001  0.10123141E+001  0.41043370E+002
  0.49046820E-002  0.57116686E-001  0.10123142E+001  0.41043375E+002
  0.49046820E-002  0.57116686E-001  0.10123142E+001  0.41043380E+002
  0.49046819E-002  0.57116687E-001  0.10123142E+001  0.41043385E+002
  0.49046819E-002  0.57116688E-001  0.10123142E+001  0.41043390E+002
  0.49046819E-002  0.57116689E-001  0.10123143E+001  0.41043395E+002
  0.49046819E-002  0.57116689E-001  0.10123143E+001  0.41043399E+002
  0.49046818E-002  0.57116690E-001  0.10123143E+001  0.41043404E+002
  0.49046818E-002  0.57116690E-001  0.10123143E+001  0.41043409E+002
  0.49046818E-002  0.57116691E-001  0.10123143E+001  0.41043414E+002
  0.49046818E-002  0.57116692E-001  0.10123144E+001  0.41043418E+002
  0.49046818E-002  0.57116692E-001  0.10123144E+001  0.41043423E+002
  0.49046818E-002  0.57116693E-001  0.10123144E+001  0.41043427E+002
  0.49046818E-002  0.57116693E-001  0.10123144E+001  0.41043432E+002
  0.49046818E-002  0.57116694E-001  0.10123144E+001  0.41043436E+002
  0.49046817E-002  0.57116695E-001  0.10123144E+001  0.41043440E+002
