  0.42099906E+000
  0.42115402E+000
  0.42109855E+000
  0.42105289E+000
  0.42101628E+000
  0.42098747E+000
  0.42096518E+000
  0.42094828E+000
  0.42093579E+000
  0.42092689E+000
  0.42092089E+000
  0.42091722E+000
  0.42091541E+000
  0.42091508E+000
  0.42091590E+000
  0.42091762E+000
  0.42092002E+000
  0.42092294E+000
  0.42092622E+000
  0.42092977E+000
  0.42093348E+000
  0.42093728E+000
  0.42094112E+000
  0.42094494E+000
  0.42094871E+000
  0.42095241E+000
  0.42095599E+000
  0.42095946E+000
  0.42096279E+000
  0.42096597E+000
  0.42096900E+000
  0.42097187E+000
  0.42097458E+000
  0.42097712E+000
  0.42097951E+000
  0.42098173E+000
  0.42098379E+000
  0.42098569E+000
  0.42098745E+000
  0.42098905E+000
  0.42099051E+000
  0.42099184E+000
  0.42099303E+000
  0.42099410E+000
  0.42099506E+000
  0.42099590E+000
  0.42099665E+000
  0.42099730E+000
  0.42099786E+000
  0.42099835E+000
  0.42099876E+000
  0.42099911E+000
  0.42099941E+000
  0.42099966E+000
  0.42099986E+000
  0.42100003E+000
  0.42100017E+000
  0.42100028E+000
  0.42100037E+000
  0.42100044E+000
  0.42100050E+000
  0.42100054E+000
  0.42100058E+000
  0.42100061E+000
  0.42100064E+000
  0.42100066E+000
  0.42100069E+000
  0.42100072E+000
  0.42100075E+000
  0.42100081E+000
  0.42100091E+000
  0.42100070E+000
  0.42100072E+000
  0.42100073E+000
  0.42100072E+000
  0.42100071E+000
  0.42100070E+000
  0.42100069E+000
  0.42100067E+000
  0.42100065E+000
  0.42100063E+000
  0.42100061E+000
  0.42100059E+000
  0.42100056E+000
  0.42100054E+000
  0.42100052E+000
  0.42100049E+000
  0.42100047E+000
  0.42100044E+000
  0.42100042E+000
  0.42100039E+000
  0.42100036E+000
  0.42100034E+000
  0.42100031E+000
  0.42100028E+000
  0.42100026E+000
  0.42100023E+000
  0.42100020E+000
  0.42100018E+000
  0.42100015E+000
  0.42100012E+000
  0.42100010E+000
  0.42100007E+000
  0.42100004E+000
  0.42100002E+000
  0.42099999E+000
  0.42099996E+000
  0.42099994E+000
  0.42099991E+000
  0.42099989E+000
  0.42099986E+000
  0.42099984E+000
  0.42099981E+000
  0.42099979E+000
  0.42099977E+000
  0.42099975E+000
  0.42099972E+000
  0.42099970E+000
  0.42099968E+000
  0.42099966E+000
  0.42099964E+000
  0.42099962E+000
  0.42099960E+000
  0.42099958E+000
  0.42099956E+000
  0.42099954E+000
  0.42099952E+000
  0.42099951E+000
  0.42099949E+000
  0.42099947E+000
  0.42099946E+000
  0.42099944E+000
  0.42099942E+000
  0.42099941E+000
  0.42099939E+000
  0.42099938E+000
  0.42099937E+000
  0.42099935E+000
  0.42099934E+000
  0.42099933E+000
  0.42099932E+000
  0.42099931E+000
  0.42099929E+000
  0.42099928E+000
  0.42099927E+000
  0.42099926E+000
  0.42099925E+000
  0.42099924E+000
  0.42099924E+000
  0.42099923E+000
  0.42099922E+000
  0.42099921E+000
  0.42099920E+000
  0.42099920E+000
  0.42099919E+000
  0.42099918E+000
  0.42099918E+000
  0.42099917E+000
  0.42099916E+000
  0.42099916E+000
  0.42099915E+000
  0.42099915E+000
  0.42099914E+000
  0.42099914E+000
  0.42099913E+000
  0.42099913E+000
  0.42099912E+000
  0.42099912E+000
  0.42099912E+000
  0.42099911E+000
  0.42099911E+000
  0.42099911E+000
  0.42099910E+000
  0.42099910E+000
  0.42099910E+000
  0.42099910E+000
  0.42099909E+000
  0.42099909E+000
  0.42099909E+000
  0.42099909E+000
  0.42099908E+000
  0.42099908E+000
  0.42099908E+000
  0.42099908E+000
  0.42099908E+000
  0.42099908E+000
  0.42099907E+000
  0.42099907E+000
  0.42099907E+000
  0.42099907E+000
  0.42099907E+000
  0.42099907E+000
  0.42099907E+000
  0.42099907E+000
  0.42099907E+000
  0.42099907E+000
  0.42099906E+000
  0.42099906E+000
  0.42099906E+000
  0.42099906E+000
