  0.63042047E+000  0.11305634E+000  0.16097455E+000  0.77954496E+000
  0.63079342E+000  0.11311967E+000  0.16116054E+000  0.77954255E+000
  0.63068554E+000  0.11309437E+000  0.16110697E+000  0.77950742E+000
  0.63059252E+000  0.11307795E+000  0.16105706E+000  0.77948414E+000
  0.63051567E+000  0.11306471E+000  0.16101674E+000  0.77946812E+000
  0.63045336E+000  0.11305429E+000  0.16098499E+000  0.77945733E+000
  0.63040343E+000  0.11303103E+000  0.16097583E+000  0.77945053E+000
  0.63036393E+000  0.11302505E+000  0.16095745E+000  0.77944677E+000
  0.63033313E+000  0.11302074E+000  0.16094403E+000  0.77944536E+000
  0.63030956E+000  0.11301778E+000  0.16093460E+000  0.77944571E+000
  0.63029199E+000  0.11301592E+000  0.16092836E+000  0.77944738E+000
  0.63027940E+000  0.11301494E+000  0.16092462E+000  0.77945001E+000
  0.63027091E+000  0.11301466E+000  0.16092284E+000  0.77945334E+000
  0.63026580E+000  0.11301492E+000  0.16092254E+000  0.77945714E+000
  0.63026347E+000  0.11301561E+000  0.16092337E+000  0.77946125E+000
  0.63026340E+000  0.11301662E+000  0.16092502E+000  0.77946554E+000
  0.63026516E+000  0.11301787E+000  0.16092724E+000  0.77946992E+000
  0.63026839E+000  0.11301928E+000  0.16092986E+000  0.77947431E+000
  0.63027279E+000  0.11302082E+000  0.16093272E+000  0.77947865E+000
  0.63027811E+000  0.11302243E+000  0.16093570E+000  0.77948292E+000
  0.63028412E+000  0.11302407E+000  0.16093873E+000  0.77948708E+000
  0.63029066E+000  0.11302573E+000  0.16094173E+000  0.77949110E+000
  0.63029757E+000  0.11302737E+000  0.16094465E+000  0.77949498E+000
  0.63030472E+000  0.11302899E+000  0.16094746E+000  0.77949870E+000
  0.63031200E+000  0.11303056E+000  0.16095014E+000  0.77950226E+000
  0.63031932E+000  0.11303208E+000  0.16095268E+000  0.77950565E+000
  0.63032660E+000  0.11303354E+000  0.16095505E+000  0.77950888E+000
  0.63033379E+000  0.11303493E+000  0.16095727E+000  0.77951194E+000
  0.63034082E+000  0.11303626E+000  0.16095933E+000  0.77951484E+000
  0.63034765E+000  0.11303752E+000  0.16096123E+000  0.77951757E+000
  0.63035424E+000  0.11303871E+000  0.16096299E+000  0.77952014E+000
  0.63036057E+000  0.11303983E+000  0.16096461E+000  0.77952256E+000
  0.63036661E+000  0.11304088E+000  0.16096609E+000  0.77952483E+000
  0.63037234E+000  0.11304186E+000  0.16096745E+000  0.77952695E+000
  0.63037775E+000  0.11304277E+000  0.16096869E+000  0.77952892E+000
  0.63038282E+000  0.11304362E+000  0.16096982E+000  0.77953075E+000
  0.63038756E+000  0.11304440E+000  0.16097085E+000  0.77953244E+000
  0.63039195E+000  0.11304512E+000  0.16097179E+000  0.77953401E+000
  0.63039602E+000  0.11304579E+000  0.16097264E+000  0.77953544E+000
  0.63039974E+000  0.11304640E+000  0.16097341E+000  0.77953676E+000
  0.63040315E+000  0.11304695E+000  0.16097410E+000  0.77953795E+000
  0.63040623E+000  0.11304745E+000  0.16097472E+000  0.77953904E+000
  0.63040902E+000  0.11304790E+000  0.16097528E+000  0.77954002E+000
  0.63041152E+000  0.11304831E+000  0.16097579E+000  0.77954090E+000
  0.63041374E+000  0.11304867E+000  0.16097624E+000  0.77954168E+000
  0.63041570E+000  0.11304900E+000  0.16097663E+000  0.77954238E+000
  0.63041743E+000  0.11304928E+000  0.16097699E+000  0.77954299E+000
  0.63041893E+000  0.11304953E+000  0.16097730E+000  0.77954352E+000
  0.63042023E+000  0.11304974E+000  0.16097758E+000  0.77954399E+000
  0.63042134E+000  0.11304993E+000  0.16097782E+000  0.77954439E+000
  0.63042228E+000  0.11305009E+000  0.16097803E+000  0.77954474E+000
  0.63042308E+000  0.11305022E+000  0.16097822E+000  0.77954503E+000
  0.63042374E+000  0.11305033E+000  0.16097838E+000  0.77954527E+000
  0.63042429E+000  0.11305043E+000  0.16097852E+000  0.77954548E+000
  0.63042474E+000  0.11305050E+000  0.16097865E+000  0.77954565E+000
  0.63042510E+000  0.11305056E+000  0.16097876E+000  0.77954579E+000
  0.63042539E+000  0.11305061E+000  0.16097886E+000  0.77954590E+000
  0.63042562E+000  0.11305065E+000  0.16097895E+000  0.77954599E+000
  0.63042579E+000  0.11305068E+000  0.16097903E+000  0.77954607E+000
  0.63042592E+000  0.11305070E+000  0.16097910E+000  0.77954613E+000
  0.63042602E+000  0.11305072E+000  0.16097917E+000  0.77954617E+000
  0.63042610E+000  0.11305073E+000  0.16097923E+000  0.77954621E+000
  0.63042615E+000  0.11305074E+000  0.16097929E+000  0.77954624E+000
  0.63042618E+000  0.11305074E+000  0.16097935E+000  0.77954627E+000
  0.63042621E+000  0.11305075E+000  0.16097941E+000  0.77954629E+000
  0.63042623E+000  0.11305075E+000  0.16097946E+000  0.77954631E+000
  0.63042624E+000  0.11305075E+000  0.16097952E+000  0.77954633E+000
  0.63042626E+000  0.11305076E+000  0.16097958E+000  0.77954635E+000
  0.63042629E+000  0.11305077E+000  0.16097966E+000  0.77954638E+000
  0.63042634E+000  0.11305079E+000  0.16097978E+000  0.77954642E+000
  0.63042644E+000  0.11305083E+000  0.16097999E+000  0.77954650E+000
  0.63042591E+000  0.11305076E+000  0.16097978E+000  0.77954645E+000
  0.63042592E+000  0.11305076E+000  0.16097984E+000  0.77954646E+000
  0.63042591E+000  0.11305075E+000  0.16097988E+000  0.77954645E+000
  0.63042588E+000  0.11305075E+000  0.16097991E+000  0.77954644E+000
  0.63042584E+000  0.11305074E+000  0.16097994E+000  0.77954643E+000
  0.63042578E+000  0.11305073E+000  0.16097997E+000  0.77954642E+000
  0.63042572E+000  0.11305072E+000  0.16097999E+000  0.77954641E+000
  0.63042565E+000  0.11305071E+000  0.16098002E+000  0.77954639E+000
  0.63042558E+000  0.11305070E+000  0.16098004E+000  0.77954638E+000
  0.63042551E+000  0.11305069E+000  0.16098006E+000  0.77954636E+000
  0.63042543E+000  0.11305067E+000  0.16098008E+000  0.77954635E+000
  0.63042535E+000  0.11305066E+000  0.16098010E+000  0.77954633E+000
  0.63042527E+000  0.11305065E+000  0.16098011E+000  0.77954632E+000
  0.63042518E+000  0.11305064E+000  0.16098013E+000  0.77954630E+000
  0.63042510E+000  0.11305063E+000  0.16098014E+000  0.77954629E+000
  0.63042501E+000  0.11305062E+000  0.16098016E+000  0.77954627E+000
  0.63042492E+000  0.11305061E+000  0.16098017E+000  0.77954626E+000
  0.63042484E+000  0.11305060E+000  0.16098018E+000  0.77954624E+000
  0.63042475E+000  0.11305059E+000  0.16098020E+000  0.77954622E+000
  0.63042466E+000  0.11305058E+000  0.16098021E+000  0.77954621E+000
  0.63042457E+000  0.11305057E+000  0.16098022E+000  0.77954619E+000
  0.63042448E+000  0.11305056E+000  0.16098023E+000  0.77954617E+000
  0.63042440E+000  0.11305055E+000  0.16098024E+000  0.77954616E+000
  0.63042431E+000  0.11305054E+000  0.16098024E+000  0.77954614E+000
  0.63042422E+000  0.11305053E+000  0.16098025E+000  0.77954612E+000
  0.63042413E+000  0.11305052E+000  0.16098026E+000  0.77954610E+000
  0.63042405E+000  0.11305051E+000  0.16098027E+000  0.77954608E+000
  0.63042396E+000  0.11305050E+000  0.16098027E+000  0.77954606E+000
  0.63042388E+000  0.11305049E+000  0.16098028E+000  0.77954604E+000
  0.63042379E+000  0.11305048E+000  0.16098029E+000  0.77954603E+000
  0.63042371E+000  0.11305047E+000  0.16098029E+000  0.77954601E+000
  0.63042363E+000  0.11305046E+000  0.16098030E+000  0.77954599E+000
  0.63042355E+000  0.11305045E+000  0.16098030E+000  0.77954597E+000
  0.63042346E+000  0.11305044E+000  0.16098031E+000  0.77954594E+000
  0.63042339E+000  0.11305043E+000  0.16098031E+000  0.77954592E+000
  0.63042331E+000  0.11305043E+000  0.16098032E+000  0.77954590E+000
  0.63042323E+000  0.11305042E+000  0.16098032E+000  0.77954588E+000
  0.63042315E+000  0.11305041E+000  0.16098032E+000  0.77954586E+000
  0.63042308E+000  0.11305040E+000  0.16098033E+000  0.77954584E+000
  0.63042301E+000  0.11305039E+000  0.16098033E+000  0.77954582E+000
  0.63042294E+000  0.11305038E+000  0.16098033E+000  0.77954580E+000
  0.63042287E+000  0.11305038E+000  0.16098033E+000  0.77954578E+000
  0.63042280E+000  0.11305037E+000  0.16098034E+000  0.77954576E+000
  0.63042273E+000  0.11305036E+000  0.16098034E+000  0.77954574E+000
  0.63042267E+000  0.11305035E+000  0.16098034E+000  0.77954572E+000
  0.63042260E+000  0.11305035E+000  0.16098034E+000  0.77954570E+000
  0.63042254E+000  0.11305034E+000  0.16098034E+000  0.77954568E+000
  0.63042248E+000  0.11305033E+000  0.16098034E+000  0.77954565E+000
  0.63042242E+000  0.11305033E+000  0.16098035E+000  0.77954564E+000
  0.63042236E+000  0.11305032E+000  0.16098035E+000  0.77954562E+000
  0.63042231E+000  0.11305032E+000  0.16098035E+000  0.77954560E+000
  0.63042225E+000  0.11305031E+000  0.16098035E+000  0.77954558E+000
  0.63042220E+000  0.11305030E+000  0.16098035E+000  0.77954556E+000
  0.63042215E+000  0.11305030E+000  0.16098035E+000  0.77954554E+000
  0.63042210E+000  0.11305029E+000  0.16098035E+000  0.77954552E+000
  0.63042205E+000  0.11305029E+000  0.16098035E+000  0.77954550E+000
  0.63042201E+000  0.11305028E+000  0.16098035E+000  0.77954548E+000
  0.63042196E+000  0.11305028E+000  0.16098035E+000  0.77954547E+000
  0.63042192E+000  0.11305027E+000  0.16098035E+000  0.77954545E+000
  0.63042188E+000  0.11305026E+000  0.16098035E+000  0.77954543E+000
  0.63042184E+000  0.11305026E+000  0.16098034E+000  0.77954541E+000
  0.63042180E+000  0.11305025E+000  0.16098034E+000  0.77954540E+000
  0.63042176E+000  0.11305025E+000  0.16098034E+000  0.77954538E+000
  0.63042172E+000  0.11305024E+000  0.16098034E+000  0.77954537E+000
  0.63042169E+000  0.11305024E+000  0.16098034E+000  0.77954535E+000
  0.63042166E+000  0.11305024E+000  0.16098034E+000  0.77954533E+000
  0.63042162E+000  0.11305023E+000  0.16098034E+000  0.77954532E+000
  0.63042159E+000  0.11305023E+000  0.16098034E+000  0.77954531E+000
  0.63042156E+000  0.11305022E+000  0.16098033E+000  0.77954529E+000
  0.63042154E+000  0.11305022E+000  0.16098033E+000  0.77954528E+000
  0.63042151E+000  0.11305021E+000  0.16098033E+000  0.77954526E+000
  0.63042148E+000  0.11305021E+000  0.16098033E+000  0.77954525E+000
  0.63042146E+000  0.11305021E+000  0.16098033E+000  0.77954524E+000
  0.63042143E+000  0.11305020E+000  0.16098033E+000  0.77954523E+000
  0.63042141E+000  0.11305020E+000  0.16098032E+000  0.77954521E+000
  0.63042139E+000  0.11305020E+000  0.16098032E+000  0.77954520E+000
  0.63042137E+000  0.11305019E+000  0.16098032E+000  0.77954519E+000
  0.63042135E+000  0.11305019E+000  0.16098032E+000  0.77954518E+000
  0.63042133E+000  0.11305019E+000  0.16098032E+000  0.77954517E+000
  0.63042131E+000  0.11305018E+000  0.16098032E+000  0.77954516E+000
  0.63042130E+000  0.11305018E+000  0.16098031E+000  0.77954515E+000
  0.63042128E+000  0.11305018E+000  0.16098031E+000  0.77954514E+000
  0.63042127E+000  0.11305017E+000  0.16098031E+000  0.77954513E+000
  0.63042125E+000  0.11305017E+000  0.16098031E+000  0.77954512E+000
  0.63042124E+000  0.11305017E+000  0.16098031E+000  0.77954511E+000
  0.63042123E+000  0.11305016E+000  0.16098031E+000  0.77954510E+000
  0.63042121E+000  0.11305016E+000  0.16098030E+000  0.77954509E+000
  0.63042120E+000  0.11305016E+000  0.16098030E+000  0.77954509E+000
  0.63042119E+000  0.11305016E+000  0.16098030E+000  0.77954508E+000
  0.63042118E+000  0.11305016E+000  0.16098030E+000  0.77954507E+000
  0.63042117E+000  0.11305015E+000  0.16098030E+000  0.77954506E+000
  0.63042116E+000  0.11305015E+000  0.16098030E+000  0.77954506E+000
  0.63042115E+000  0.11305015E+000  0.16098029E+000  0.77954505E+000
  0.63042114E+000  0.11305015E+000  0.16098029E+000  0.77954504E+000
  0.63042113E+000  0.11305015E+000  0.16098029E+000  0.77954504E+000
  0.63042113E+000  0.11305014E+000  0.16098029E+000  0.77954503E+000
  0.63042112E+000  0.11305014E+000  0.16098029E+000  0.77954503E+000
  0.63042111E+000  0.11305014E+000  0.16098029E+000  0.77954502E+000
  0.63042111E+000  0.11305014E+000  0.16098029E+000  0.77954502E+000
  0.63042110E+000  0.11305014E+000  0.16098028E+000  0.77954501E+000
  0.63042110E+000  0.11305014E+000  0.16098028E+000  0.77954501E+000
  0.63042109E+000  0.11305013E+000  0.16098028E+000  0.77954500E+000
  0.63042108E+000  0.11305013E+000  0.16098028E+000  0.77954500E+000
  0.63042108E+000  0.11305013E+000  0.16098028E+000  0.77954500E+000
  0.63042108E+000  0.11305013E+000  0.16098028E+000  0.77954499E+000
  0.63042107E+000  0.11305013E+000  0.16098028E+000  0.77954499E+000
  0.63042107E+000  0.11305013E+000  0.16098028E+000  0.77954499E+000
  0.63042106E+000  0.11305013E+000  0.16098028E+000  0.77954498E+000
  0.63042106E+000  0.11305013E+000  0.16098027E+000  0.77954498E+000
  0.63042106E+000  0.11305012E+000  0.16098027E+000  0.77954498E+000
  0.63042105E+000  0.11305012E+000  0.16098027E+000  0.77954497E+000
  0.63042105E+000  0.11305012E+000  0.16098027E+000  0.77954497E+000
  0.63042105E+000  0.11305012E+000  0.16098027E+000  0.77954497E+000
  0.63042105E+000  0.11305012E+000  0.16098027E+000  0.77954497E+000
  0.63042104E+000  0.11305012E+000  0.16098027E+000  0.77954497E+000
  0.63042104E+000  0.11305012E+000  0.16098027E+000  0.77954496E+000
  0.63042104E+000  0.11305012E+000  0.16098027E+000  0.77954496E+000
  0.63042104E+000  0.11305012E+000  0.16098027E+000  0.77954496E+000
  0.63042104E+000  0.11305012E+000  0.16098027E+000  0.77954496E+000
  0.63042103E+000  0.11305012E+000  0.16098027E+000  0.77954496E+000
  0.63042103E+000  0.11305012E+000  0.16098027E+000  0.77954496E+000
  0.63042103E+000  0.11305012E+000  0.16098026E+000  0.77954496E+000
  0.63042103E+000  0.11305012E+000  0.16098026E+000  0.77954495E+000
  0.63042103E+000  0.11305011E+000  0.16098026E+000  0.77954495E+000
  0.63042103E+000  0.11305011E+000  0.16098026E+000  0.77954495E+000
  0.63042103E+000  0.11305011E+000  0.16098026E+000  0.77954495E+000
  0.63042102E+000  0.11305011E+000  0.16098026E+000  0.77954495E+000
  0.63042102E+000  0.11305011E+000  0.16098026E+000  0.77954495E+000
  0.63042102E+000  0.11305011E+000  0.16098026E+000  0.77954495E+000
