 -0.51982404E-001  0.47365254E-002  0.44192679E+000  0.12893155E+001
 -0.51412918E-001  0.47661448E-002  0.44199545E+000  0.12892676E+001
 -0.51526208E-001  0.47580152E-002  0.44194968E+000  0.12892129E+001
 -0.51626564E-001  0.47513596E-002  0.44191287E+000  0.12891741E+001
 -0.51710365E-001  0.47461017E-002  0.44188396E+000  0.12891456E+001
 -0.51778756E-001  0.47420146E-002  0.44186175E+000  0.12891250E+001
 -0.51833878E-001  0.47388747E-002  0.44184513E+000  0.12891108E+001
 -0.51877884E-001  0.47364926E-002  0.44183310E+000  0.12891016E+001
 -0.51912702E-001  0.47347136E-002  0.44182484E+000  0.12890965E+001
 -0.51939998E-001  0.47334124E-002  0.44181962E+000  0.12890947E+001
 -0.51961159E-001  0.47324888E-002  0.44181686E+000  0.12890955E+001
 -0.51977345E-001  0.47318615E-002  0.44181607E+000  0.12890984E+001
 -0.51989517E-001  0.47314669E-002  0.44181683E+000  0.12891030E+001
 -0.51998471E-001  0.47312529E-002  0.44181881E+000  0.12891089E+001
 -0.52004857E-001  0.47311788E-002  0.44182172E+000  0.12891157E+001
 -0.52009211E-001  0.47312119E-002  0.44182534E+000  0.12891233E+001
 -0.52011968E-001  0.47313264E-002  0.44182948E+000  0.12891314E+001
 -0.52013483E-001  0.47315012E-002  0.44183399E+000  0.12891399E+001
 -0.52014044E-001  0.47317195E-002  0.44183874E+000  0.12891486E+001
 -0.52013881E-001  0.47319678E-002  0.44184365E+000  0.12891575E+001
 -0.52013182E-001  0.47322355E-002  0.44184862E+000  0.12891664E+001
 -0.52012095E-001  0.47325139E-002  0.44185360E+000  0.12891753E+001
 -0.52010740E-001  0.47327962E-002  0.44185853E+000  0.12891840E+001
 -0.52009210E-001  0.47330771E-002  0.44186337E+000  0.12891927E+001
 -0.52007579E-001  0.47333527E-002  0.44186810E+000  0.12892011E+001
 -0.52005904E-001  0.47336199E-002  0.44187269E+000  0.12892094E+001
 -0.52004228E-001  0.47338763E-002  0.44187712E+000  0.12892174E+001
 -0.52002584E-001  0.47341204E-002  0.44188138E+000  0.12892251E+001
 -0.52000995E-001  0.47343512E-002  0.44188545E+000  0.12892325E+001
 -0.51999477E-001  0.47345680E-002  0.44188933E+000  0.12892396E+001
 -0.51998043E-001  0.47347706E-002  0.44189301E+000  0.12892464E+001
 -0.51996697E-001  0.47349590E-002  0.44189650E+000  0.12892529E+001
 -0.51995445E-001  0.47351333E-002  0.44189979E+000  0.12892590E+001
 -0.51994285E-001  0.47352939E-002  0.44190287E+000  0.12892648E+001
 -0.51993217E-001  0.47354414E-002  0.44190576E+000  0.12892702E+001
 -0.51992238E-001  0.47355761E-002  0.44190845E+000  0.12892753E+001
 -0.51991343E-001  0.47356988E-002  0.44191095E+000  0.12892800E+001
 -0.51990528E-001  0.47358101E-002  0.44191326E+000  0.12892844E+001
 -0.51989788E-001  0.47359107E-002  0.44191538E+000  0.12892884E+001
 -0.51989117E-001  0.47360011E-002  0.44191733E+000  0.12892922E+001
 -0.51988510E-001  0.47360821E-002  0.44191910E+000  0.12892955E+001
 -0.51987962E-001  0.47361543E-002  0.44192070E+000  0.12892986E+001
 -0.51987468E-001  0.47362183E-002  0.44192215E+000  0.12893014E+001
 -0.51987023E-001  0.47362748E-002  0.44192344E+000  0.12893039E+001
 -0.51986623E-001  0.47363243E-002  0.44192459E+000  0.12893061E+001
 -0.51986263E-001  0.47363674E-002  0.44192560E+000  0.12893081E+001
 -0.51985939E-001  0.47364047E-002  0.44192649E+000  0.12893098E+001
 -0.51985649E-001  0.47364367E-002  0.44192726E+000  0.12893113E+001
 -0.51985388E-001  0.47364640E-002  0.44192792E+000  0.12893126E+001
 -0.51985155E-001  0.47364870E-002  0.44192848E+000  0.12893137E+001
 -0.51984945E-001  0.47365062E-002  0.44192896E+000  0.12893147E+001
 -0.51984757E-001  0.47365222E-002  0.44192935E+000  0.12893155E+001
 -0.51984588E-001  0.47365352E-002  0.44192968E+000  0.12893162E+001
 -0.51984436E-001  0.47365459E-002  0.44192995E+000  0.12893167E+001
 -0.51984299E-001  0.47365544E-002  0.44193016E+000  0.12893172E+001
 -0.51984176E-001  0.47365611E-002  0.44193033E+000  0.12893176E+001
 -0.51984064E-001  0.47365664E-002  0.44193046E+000  0.12893179E+001
 -0.51983962E-001  0.47365706E-002  0.44193056E+000  0.12893181E+001
 -0.51983869E-001  0.47365737E-002  0.44193063E+000  0.12893183E+001
 -0.51983784E-001  0.47365761E-002  0.44193068E+000  0.12893184E+001
 -0.51983705E-001  0.47365779E-002  0.44193071E+000  0.12893186E+001
 -0.51983631E-001  0.47365792E-002  0.44193073E+000  0.12893186E+001
 -0.51983561E-001  0.47365802E-002  0.44193074E+000  0.12893187E+001
 -0.51983494E-001  0.47365809E-002  0.44193075E+000  0.12893188E+001
 -0.51983429E-001  0.47365815E-002  0.44193075E+000  0.12893188E+001
 -0.51983363E-001  0.47365821E-002  0.44193074E+000  0.12893189E+001
 -0.51983291E-001  0.47365831E-002  0.44193074E+000  0.12893189E+001
 -0.51983206E-001  0.47365849E-002  0.44193074E+000  0.12893189E+001
 -0.51983092E-001  0.47365885E-002  0.44193074E+000  0.12893189E+001
 -0.51982919E-001  0.47365958E-002  0.44193075E+000  0.12893190E+001
 -0.51982621E-001  0.47366120E-002  0.44193078E+000  0.12893190E+001
 -0.51983249E-001  0.47365744E-002  0.44193063E+000  0.12893190E+001
 -0.51983144E-001  0.47365782E-002  0.44193060E+000  0.12893190E+001
 -0.51983074E-001  0.47365796E-002  0.44193056E+000  0.12893190E+001
 -0.51983023E-001  0.47365797E-002  0.44193052E+000  0.12893190E+001
 -0.51982985E-001  0.47365792E-002  0.44193046E+000  0.12893190E+001
 -0.51982953E-001  0.47365783E-002  0.44193041E+000  0.12893189E+001
 -0.51982927E-001  0.47365771E-002  0.44193035E+000  0.12893189E+001
 -0.51982904E-001  0.47365759E-002  0.44193029E+000  0.12893189E+001
 -0.51982883E-001  0.47365745E-002  0.44193022E+000  0.12893188E+001
 -0.51982864E-001  0.47365730E-002  0.44193016E+000  0.12893188E+001
 -0.51982847E-001  0.47365715E-002  0.44193009E+000  0.12893188E+001
 -0.51982831E-001  0.47365700E-002  0.44193002E+000  0.12893187E+001
 -0.51982816E-001  0.47365684E-002  0.44192996E+000  0.12893187E+001
 -0.51982802E-001  0.47365668E-002  0.44192989E+000  0.12893187E+001
 -0.51982788E-001  0.47365652E-002  0.44192982E+000  0.12893186E+001
 -0.51982775E-001  0.47365636E-002  0.44192975E+000  0.12893186E+001
 -0.51982763E-001  0.47365620E-002  0.44192968E+000  0.12893185E+001
 -0.51982751E-001  0.47365604E-002  0.44192961E+000  0.12893185E+001
 -0.51982739E-001  0.47365589E-002  0.44192954E+000  0.12893185E+001
 -0.51982728E-001  0.47365573E-002  0.44192946E+000  0.12893184E+001
 -0.51982717E-001  0.47365558E-002  0.44192939E+000  0.12893184E+001
 -0.51982707E-001  0.47365542E-002  0.44192932E+000  0.12893183E+001
 -0.51982697E-001  0.47365528E-002  0.44192925E+000  0.12893183E+001
 -0.51982687E-001  0.47365513E-002  0.44192918E+000  0.12893182E+001
 -0.51982677E-001  0.47365499E-002  0.44192911E+000  0.12893182E+001
 -0.51982668E-001  0.47365485E-002  0.44192904E+000  0.12893182E+001
 -0.51982658E-001  0.47365472E-002  0.44192897E+000  0.12893181E+001
 -0.51982649E-001  0.47365459E-002  0.44192891E+000  0.12893181E+001
 -0.51982641E-001  0.47365446E-002  0.44192884E+000  0.12893180E+001
 -0.51982632E-001  0.47365434E-002  0.44192877E+000  0.12893180E+001
 -0.51982624E-001  0.47365422E-002  0.44192871E+000  0.12893179E+001
 -0.51982616E-001  0.47365411E-002  0.44192864E+000  0.12893179E+001
 -0.51982608E-001  0.47365400E-002  0.44192858E+000  0.12893178E+001
 -0.51982600E-001  0.47365390E-002  0.44192851E+000  0.12893178E+001
 -0.51982593E-001  0.47365380E-002  0.44192845E+000  0.12893177E+001
 -0.51982585E-001  0.47365371E-002  0.44192839E+000  0.12893177E+001
 -0.51982578E-001  0.47365362E-002  0.44192833E+000  0.12893176E+001
 -0.51982571E-001  0.47365354E-002  0.44192827E+000  0.12893176E+001
 -0.51982565E-001  0.47365346E-002  0.44192822E+000  0.12893175E+001
 -0.51982558E-001  0.47365338E-002  0.44192816E+000  0.12893175E+001
 -0.51982552E-001  0.47365331E-002  0.44192811E+000  0.12893174E+001
 -0.51982546E-001  0.47365324E-002  0.44192805E+000  0.12893174E+001
 -0.51982540E-001  0.47365318E-002  0.44192800E+000  0.12893173E+001
 -0.51982534E-001  0.47365312E-002  0.44192795E+000  0.12893173E+001
 -0.51982528E-001  0.47365307E-002  0.44192790E+000  0.12893172E+001
 -0.51982523E-001  0.47365301E-002  0.44192785E+000  0.12893172E+001
 -0.51982518E-001  0.47365297E-002  0.44192781E+000  0.12893171E+001
 -0.51982513E-001  0.47365292E-002  0.44192776E+000  0.12893171E+001
 -0.51982508E-001  0.47365288E-002  0.44192772E+000  0.12893170E+001
 -0.51982503E-001  0.47365284E-002  0.44192768E+000  0.12893170E+001
 -0.51982499E-001  0.47365281E-002  0.44192764E+000  0.12893170E+001
 -0.51982494E-001  0.47365277E-002  0.44192760E+000  0.12893169E+001
 -0.51982490E-001  0.47365274E-002  0.44192756E+000  0.12893169E+001
 -0.51982486E-001  0.47365271E-002  0.44192752E+000  0.12893168E+001
 -0.51982482E-001  0.47365269E-002  0.44192749E+000  0.12893168E+001
 -0.51982478E-001  0.47365266E-002  0.44192746E+000  0.12893167E+001
 -0.51982475E-001  0.47365264E-002  0.44192742E+000  0.12893167E+001
 -0.51982471E-001  0.47365262E-002  0.44192739E+000  0.12893167E+001
 -0.51982468E-001  0.47365260E-002  0.44192736E+000  0.12893166E+001
 -0.51982465E-001  0.47365259E-002  0.44192733E+000  0.12893166E+001
 -0.51982462E-001  0.47365257E-002  0.44192731E+000  0.12893165E+001
 -0.51982459E-001  0.47365256E-002  0.44192728E+000  0.12893165E+001
 -0.51982456E-001  0.47365255E-002  0.44192725E+000  0.12893165E+001
 -0.51982454E-001  0.47365254E-002  0.44192723E+000  0.12893164E+001
 -0.51982451E-001  0.47365253E-002  0.44192721E+000  0.12893164E+001
 -0.51982449E-001  0.47365252E-002  0.44192719E+000  0.12893164E+001
 -0.51982446E-001  0.47365251E-002  0.44192716E+000  0.12893163E+001
 -0.51982444E-001  0.47365250E-002  0.44192714E+000  0.12893163E+001
 -0.51982442E-001  0.47365250E-002  0.44192713E+000  0.12893163E+001
 -0.51982440E-001  0.47365249E-002  0.44192711E+000  0.12893162E+001
 -0.51982438E-001  0.47365249E-002  0.44192709E+000  0.12893162E+001
 -0.51982436E-001  0.47365249E-002  0.44192707E+000  0.12893162E+001
 -0.51982435E-001  0.47365248E-002  0.44192706E+000  0.12893161E+001
 -0.51982433E-001  0.47365248E-002  0.44192704E+000  0.12893161E+001
 -0.51982432E-001  0.47365248E-002  0.44192703E+000  0.12893161E+001
 -0.51982430E-001  0.47365248E-002  0.44192702E+000  0.12893161E+001
 -0.51982429E-001  0.47365248E-002  0.44192700E+000  0.12893160E+001
 -0.51982427E-001  0.47365248E-002  0.44192699E+000  0.12893160E+001
 -0.51982426E-001  0.47365248E-002  0.44192698E+000  0.12893160E+001
 -0.51982425E-001  0.47365248E-002  0.44192697E+000  0.12893160E+001
 -0.51982424E-001  0.47365248E-002  0.44192696E+000  0.12893159E+001
 -0.51982423E-001  0.47365248E-002  0.44192695E+000  0.12893159E+001
 -0.51982422E-001  0.47365248E-002  0.44192694E+000  0.12893159E+001
 -0.51982421E-001  0.47365248E-002  0.44192693E+000  0.12893159E+001
 -0.51982420E-001  0.47365248E-002  0.44192692E+000  0.12893159E+001
 -0.51982419E-001  0.47365248E-002  0.44192691E+000  0.12893158E+001
 -0.51982418E-001  0.47365249E-002  0.44192691E+000  0.12893158E+001
 -0.51982417E-001  0.47365249E-002  0.44192690E+000  0.12893158E+001
 -0.51982417E-001  0.47365249E-002  0.44192689E+000  0.12893158E+001
 -0.51982416E-001  0.47365249E-002  0.44192689E+000  0.12893158E+001
 -0.51982415E-001  0.47365249E-002  0.44192688E+000  0.12893158E+001
 -0.51982415E-001  0.47365250E-002  0.44192688E+000  0.12893157E+001
 -0.51982414E-001  0.47365250E-002  0.44192687E+000  0.12893157E+001
 -0.51982413E-001  0.47365250E-002  0.44192687E+000  0.12893157E+001
 -0.51982413E-001  0.47365250E-002  0.44192686E+000  0.12893157E+001
 -0.51982412E-001  0.47365250E-002  0.44192686E+000  0.12893157E+001
 -0.51982412E-001  0.47365251E-002  0.44192685E+000  0.12893157E+001
 -0.51982411E-001  0.47365251E-002  0.44192685E+000  0.12893157E+001
 -0.51982411E-001  0.47365251E-002  0.44192685E+000  0.12893156E+001
 -0.51982411E-001  0.47365251E-002  0.44192684E+000  0.12893156E+001
 -0.51982410E-001  0.47365251E-002  0.44192684E+000  0.12893156E+001
 -0.51982410E-001  0.47365252E-002  0.44192684E+000  0.12893156E+001
 -0.51982410E-001  0.47365252E-002  0.44192684E+000  0.12893156E+001
 -0.51982409E-001  0.47365252E-002  0.44192683E+000  0.12893156E+001
 -0.51982409E-001  0.47365252E-002  0.44192683E+000  0.12893156E+001
 -0.51982409E-001  0.47365252E-002  0.44192683E+000  0.12893156E+001
 -0.51982408E-001  0.47365252E-002  0.44192683E+000  0.12893156E+001
 -0.51982408E-001  0.47365252E-002  0.44192682E+000  0.12893156E+001
 -0.51982408E-001  0.47365253E-002  0.44192682E+000  0.12893156E+001
 -0.51982408E-001  0.47365253E-002  0.44192682E+000  0.12893156E+001
 -0.51982407E-001  0.47365253E-002  0.44192682E+000  0.12893156E+001
 -0.51982407E-001  0.47365253E-002  0.44192682E+000  0.12893155E+001
 -0.51982407E-001  0.47365253E-002  0.44192682E+000  0.12893155E+001
 -0.51982407E-001  0.47365253E-002  0.44192681E+000  0.12893155E+001
 -0.51982407E-001  0.47365253E-002  0.44192681E+000  0.12893155E+001
 -0.51982407E-001  0.47365253E-002  0.44192681E+000  0.12893155E+001
 -0.51982406E-001  0.47365253E-002  0.44192681E+000  0.12893155E+001
 -0.51982406E-001  0.47365253E-002  0.44192681E+000  0.12893155E+001
 -0.51982406E-001  0.47365254E-002  0.44192681E+000  0.12893155E+001
 -0.51982406E-001  0.47365254E-002  0.44192681E+000  0.12893155E+001
 -0.51982406E-001  0.47365254E-002  0.44192681E+000  0.12893155E+001
 -0.51982406E-001  0.47365254E-002  0.44192681E+000  0.12893155E+001
 -0.51982406E-001  0.47365254E-002  0.44192680E+000  0.12893155E+001
 -0.51982406E-001  0.47365254E-002  0.44192680E+000  0.12893155E+001
 -0.51982406E-001  0.47365254E-002  0.44192680E+000  0.12893155E+001
 -0.51982405E-001  0.47365254E-002  0.44192680E+000  0.12893155E+001
 -0.51982405E-001  0.47365253E-002  0.44192680E+000  0.12893155E+001
 -0.51982406E-001  0.47365253E-002  0.44192680E+000  0.12893155E+001
 -0.51982405E-001  0.47365253E-002  0.44192680E+000  0.12893155E+001
