 -0.16986735E-001
 -0.16802340E-001
 -0.16840354E-001
 -0.16873653E-001
 -0.16901209E-001
 -0.16923508E-001
 -0.16941327E-001
 -0.16955426E-001
 -0.16966474E-001
 -0.16975042E-001
 -0.16981604E-001
 -0.16986553E-001
 -0.16990210E-001
 -0.16992843E-001
 -0.16994665E-001
 -0.16995854E-001
 -0.16996550E-001
 -0.16996869E-001
 -0.16996903E-001
 -0.16996726E-001
 -0.16996396E-001
 -0.16995961E-001
 -0.16995456E-001
 -0.16994910E-001
 -0.16994345E-001
 -0.16993778E-001
 -0.16993222E-001
 -0.16992685E-001
 -0.16992173E-001
 -0.16991690E-001
 -0.16991239E-001
 -0.16990821E-001
 -0.16990436E-001
 -0.16990083E-001
 -0.16989762E-001
 -0.16989469E-001
 -0.16989205E-001
 -0.16988966E-001
 -0.16988751E-001
 -0.16988558E-001
 -0.16988384E-001
 -0.16988228E-001
 -0.16988089E-001
 -0.16987964E-001
 -0.16987853E-001
 -0.16987753E-001
 -0.16987664E-001
 -0.16987584E-001
 -0.16987513E-001
 -0.16987449E-001
 -0.16987392E-001
 -0.16987341E-001
 -0.16987296E-001
 -0.16987255E-001
 -0.16987219E-001
 -0.16987186E-001
 -0.16987156E-001
 -0.16987129E-001
 -0.16987104E-001
 -0.16987082E-001
 -0.16987061E-001
 -0.16987042E-001
 -0.16987023E-001
 -0.16987006E-001
 -0.16986989E-001
 -0.16986971E-001
 -0.16986952E-001
 -0.16986928E-001
 -0.16986895E-001
 -0.16986841E-001
 -0.16986744E-001
 -0.16986950E-001
 -0.16986918E-001
 -0.16986898E-001
 -0.16986885E-001
 -0.16986875E-001
 -0.16986867E-001
 -0.16986861E-001
 -0.16986856E-001
 -0.16986851E-001
 -0.16986846E-001
 -0.16986842E-001
 -0.16986839E-001
 -0.16986836E-001
 -0.16986832E-001
 -0.16986829E-001
 -0.16986827E-001
 -0.16986824E-001
 -0.16986821E-001
 -0.16986819E-001
 -0.16986816E-001
 -0.16986814E-001
 -0.16986812E-001
 -0.16986810E-001
 -0.16986808E-001
 -0.16986805E-001
 -0.16986803E-001
 -0.16986801E-001
 -0.16986800E-001
 -0.16986798E-001
 -0.16986796E-001
 -0.16986794E-001
 -0.16986792E-001
 -0.16986791E-001
 -0.16986789E-001
 -0.16986787E-001
 -0.16986786E-001
 -0.16986784E-001
 -0.16986783E-001
 -0.16986781E-001
 -0.16986780E-001
 -0.16986778E-001
 -0.16986777E-001
 -0.16986775E-001
 -0.16986774E-001
 -0.16986773E-001
 -0.16986771E-001
 -0.16986770E-001
 -0.16986769E-001
 -0.16986768E-001
 -0.16986767E-001
 -0.16986765E-001
 -0.16986764E-001
 -0.16986763E-001
 -0.16986762E-001
 -0.16986761E-001
 -0.16986760E-001
 -0.16986759E-001
 -0.16986758E-001
 -0.16986757E-001
 -0.16986757E-001
 -0.16986756E-001
 -0.16986755E-001
 -0.16986754E-001
 -0.16986753E-001
 -0.16986753E-001
 -0.16986752E-001
 -0.16986751E-001
 -0.16986750E-001
 -0.16986750E-001
 -0.16986749E-001
 -0.16986749E-001
 -0.16986748E-001
 -0.16986747E-001
 -0.16986747E-001
 -0.16986746E-001
 -0.16986746E-001
 -0.16986745E-001
 -0.16986745E-001
 -0.16986745E-001
 -0.16986744E-001
 -0.16986744E-001
 -0.16986743E-001
 -0.16986743E-001
 -0.16986743E-001
 -0.16986742E-001
 -0.16986742E-001
 -0.16986742E-001
 -0.16986741E-001
 -0.16986741E-001
 -0.16986741E-001
 -0.16986740E-001
 -0.16986740E-001
 -0.16986740E-001
 -0.16986740E-001
 -0.16986740E-001
 -0.16986739E-001
 -0.16986739E-001
 -0.16986739E-001
 -0.16986739E-001
 -0.16986739E-001
 -0.16986738E-001
 -0.16986738E-001
 -0.16986738E-001
 -0.16986738E-001
 -0.16986738E-001
 -0.16986738E-001
 -0.16986738E-001
 -0.16986737E-001
 -0.16986737E-001
 -0.16986737E-001
 -0.16986737E-001
 -0.16986737E-001
 -0.16986737E-001
 -0.16986737E-001
 -0.16986737E-001
 -0.16986737E-001
 -0.16986737E-001
 -0.16986737E-001
 -0.16986736E-001
 -0.16986736E-001
 -0.16986736E-001
 -0.16986736E-001
 -0.16986736E-001
 -0.16986736E-001
 -0.16986736E-001
 -0.16986736E-001
 -0.16986736E-001
 -0.16986736E-001
 -0.16986736E-001
