  0.43798579E+000
  0.43795636E+000
  0.43793891E+000
  0.43792655E+000
  0.43791749E+000
  0.43791098E+000
  0.43790651E+000
  0.43790371E+000
  0.43790226E+000
  0.43790193E+000
  0.43790249E+000
  0.43790377E+000
  0.43790562E+000
  0.43790792E+000
  0.43791056E+000
  0.43791347E+000
  0.43791657E+000
  0.43791980E+000
  0.43792312E+000
  0.43792649E+000
  0.43792987E+000
  0.43793324E+000
  0.43793657E+000
  0.43793985E+000
  0.43794306E+000
  0.43794618E+000
  0.43794922E+000
  0.43795214E+000
  0.43795496E+000
  0.43795766E+000
  0.43796024E+000
  0.43796269E+000
  0.43796501E+000
  0.43796721E+000
  0.43796927E+000
  0.43797120E+000
  0.43797299E+000
  0.43797466E+000
  0.43797620E+000
  0.43797761E+000
  0.43797890E+000
  0.43798007E+000
  0.43798112E+000
  0.43798207E+000
  0.43798291E+000
  0.43798366E+000
  0.43798431E+000
  0.43798488E+000
  0.43798537E+000
  0.43798579E+000
  0.43798615E+000
  0.43798645E+000
  0.43798670E+000
  0.43798691E+000
  0.43798708E+000
  0.43798721E+000
  0.43798732E+000
  0.43798741E+000
  0.43798747E+000
  0.43798752E+000
  0.43798756E+000
  0.43798759E+000
  0.43798760E+000
  0.43798762E+000
  0.43798763E+000
  0.43798763E+000
  0.43798764E+000
  0.43798764E+000
  0.43798765E+000
  0.43798765E+000
  0.43798766E+000
  0.43798765E+000
  0.43798764E+000
  0.43798762E+000
  0.43798761E+000
  0.43798759E+000
  0.43798757E+000
  0.43798755E+000
  0.43798752E+000
  0.43798750E+000
  0.43798748E+000
  0.43798745E+000
  0.43798742E+000
  0.43798740E+000
  0.43798737E+000
  0.43798735E+000
  0.43798732E+000
  0.43798729E+000
  0.43798726E+000
  0.43798723E+000
  0.43798721E+000
  0.43798718E+000
  0.43798715E+000
  0.43798712E+000
  0.43798709E+000
  0.43798706E+000
  0.43798703E+000
  0.43798700E+000
  0.43798698E+000
  0.43798695E+000
  0.43798692E+000
  0.43798689E+000
  0.43798686E+000
  0.43798683E+000
  0.43798680E+000
  0.43798678E+000
  0.43798675E+000
  0.43798672E+000
  0.43798670E+000
  0.43798667E+000
  0.43798664E+000
  0.43798662E+000
  0.43798659E+000
  0.43798657E+000
  0.43798654E+000
  0.43798652E+000
  0.43798649E+000
  0.43798647E+000
  0.43798645E+000
  0.43798643E+000
  0.43798640E+000
  0.43798638E+000
  0.43798636E+000
  0.43798634E+000
  0.43798632E+000
  0.43798630E+000
  0.43798628E+000
  0.43798626E+000
  0.43798625E+000
  0.43798623E+000
  0.43798621E+000
  0.43798620E+000
  0.43798618E+000
  0.43798616E+000
  0.43798615E+000
  0.43798613E+000
  0.43798612E+000
  0.43798611E+000
  0.43798609E+000
  0.43798608E+000
  0.43798607E+000
  0.43798605E+000
  0.43798604E+000
  0.43798603E+000
  0.43798602E+000
  0.43798601E+000
  0.43798600E+000
  0.43798599E+000
  0.43798598E+000
  0.43798597E+000
  0.43798596E+000
  0.43798595E+000
  0.43798595E+000
  0.43798594E+000
  0.43798593E+000
  0.43798592E+000
  0.43798592E+000
  0.43798591E+000
  0.43798590E+000
  0.43798590E+000
  0.43798589E+000
  0.43798589E+000
  0.43798588E+000
  0.43798588E+000
  0.43798587E+000
  0.43798587E+000
  0.43798586E+000
  0.43798586E+000
  0.43798586E+000
  0.43798585E+000
  0.43798585E+000
  0.43798584E+000
  0.43798584E+000
  0.43798584E+000
  0.43798584E+000
  0.43798583E+000
  0.43798583E+000
  0.43798583E+000
  0.43798583E+000
  0.43798582E+000
  0.43798582E+000
  0.43798582E+000
  0.43798582E+000
  0.43798582E+000
  0.43798581E+000
  0.43798581E+000
  0.43798581E+000
  0.43798581E+000
  0.43798581E+000
  0.43798581E+000
  0.43798581E+000
  0.43798580E+000
  0.43798580E+000
  0.43798580E+000
  0.43798580E+000
  0.43798580E+000
  0.43798580E+000
  0.43798580E+000
  0.43798580E+000
  0.43798580E+000
