  0.12921932E+001
  0.12921620E+001
  0.12921698E+001
  0.12921827E+001
  0.12921957E+001
  0.12922079E+001
  0.12922190E+001
  0.12922290E+001
  0.12922380E+001
  0.12922461E+001
  0.12922534E+001
  0.12922599E+001
  0.12922657E+001
  0.12922708E+001
  0.12922755E+001
  0.12922796E+001
  0.12922833E+001
  0.12922866E+001
  0.12922896E+001
  0.12922922E+001
  0.12922946E+001
  0.12922967E+001
  0.12922986E+001
  0.12923003E+001
  0.12923018E+001
  0.12923032E+001
  0.12923044E+001
  0.12923055E+001
  0.12923065E+001
  0.12923074E+001
  0.12923082E+001
  0.12923089E+001
  0.12923095E+001
  0.12923101E+001
  0.12923106E+001
  0.12923111E+001
  0.12923115E+001
  0.12923119E+001
  0.12923122E+001
  0.12923125E+001
  0.12923128E+001
  0.12923131E+001
  0.12923133E+001
  0.12923135E+001
  0.12923137E+001
  0.12923138E+001
  0.12923140E+001
  0.12923141E+001
  0.12923142E+001
  0.12923143E+001
  0.12923144E+001
  0.12923145E+001
  0.12923146E+001
  0.12923147E+001
  0.12923148E+001
  0.12923149E+001
  0.12923149E+001
  0.12923150E+001
  0.12923151E+001
  0.12923151E+001
  0.12923152E+001
  0.12923152E+001
  0.12923153E+001
  0.12923154E+001
  0.12923154E+001
  0.12923155E+001
  0.12923155E+001
  0.12923156E+001
  0.12923156E+001
  0.12923156E+001
  0.12923157E+001
  0.12923158E+001
  0.12923158E+001
  0.12923159E+001
  0.12923159E+001
  0.12923159E+001
  0.12923160E+001
  0.12923160E+001
  0.12923161E+001
  0.12923161E+001
  0.12923161E+001
  0.12923162E+001
  0.12923162E+001
  0.12923162E+001
  0.12923162E+001
  0.12923163E+001
  0.12923163E+001
  0.12923163E+001
  0.12923163E+001
  0.12923164E+001
  0.12923164E+001
  0.12923164E+001
  0.12923164E+001
  0.12923165E+001
  0.12923165E+001
  0.12923165E+001
  0.12923165E+001
  0.12923165E+001
  0.12923166E+001
  0.12923166E+001
  0.12923166E+001
  0.12923166E+001
  0.12923166E+001
  0.12923167E+001
  0.12923167E+001
  0.12923167E+001
  0.12923167E+001
  0.12923167E+001
  0.12923168E+001
  0.12923168E+001
  0.12923168E+001
  0.12923168E+001
  0.12923168E+001
  0.12923169E+001
  0.12923169E+001
  0.12923169E+001
  0.12923169E+001
  0.12923169E+001
  0.12923170E+001
  0.12923170E+001
  0.12923170E+001
  0.12923170E+001
  0.12923170E+001
  0.12923171E+001
  0.12923171E+001
  0.12923171E+001
  0.12923171E+001
  0.12923171E+001
  0.12923172E+001
  0.12923172E+001
  0.12923172E+001
  0.12923172E+001
  0.12923172E+001
  0.12923173E+001
  0.12923173E+001
  0.12923173E+001
  0.12923173E+001
  0.12923174E+001
  0.12923174E+001
  0.12923174E+001
  0.12923174E+001
  0.12923175E+001
  0.12923175E+001
  0.12923175E+001
  0.12923175E+001
  0.12923176E+001
  0.12923176E+001
  0.12923176E+001
  0.12923176E+001
  0.12923177E+001
  0.12923177E+001
  0.12923177E+001
  0.12923178E+001
  0.12923178E+001
  0.12923178E+001
  0.12923178E+001
  0.12923179E+001
  0.12923179E+001
  0.12923179E+001
  0.12923180E+001
  0.12923180E+001
  0.12923180E+001
  0.12923181E+001
  0.12923181E+001
  0.12923181E+001
  0.12923182E+001
  0.12923182E+001
  0.12923182E+001
  0.12923183E+001
  0.12923183E+001
  0.12923184E+001
  0.12923184E+001
  0.12923184E+001
  0.12923185E+001
  0.12923185E+001
  0.12923185E+001
  0.12923186E+001
  0.12923186E+001
  0.12923186E+001
  0.12923187E+001
  0.12923187E+001
  0.12923188E+001
  0.12923188E+001
  0.12923188E+001
  0.12923189E+001
  0.12923189E+001
  0.12923189E+001
  0.12923190E+001
  0.12923190E+001
  0.12923190E+001
  0.12923191E+001
  0.12923191E+001
  0.12923192E+001
  0.12923192E+001
  0.12923192E+001
  0.12923193E+001
  0.12923193E+001
  0.12923193E+001
  0.12923194E+001
  0.12923194E+001
