  0.73517977E+000
  0.73496478E+000
  0.73478567E+000
  0.73466723E+000
  0.73459681E+000
  0.73455915E+000
  0.73454252E+000
  0.73453912E+000
  0.73454379E+000
  0.73455317E+000
  0.73456513E+000
  0.73457835E+000
  0.73459163E+000
  0.73460423E+000
  0.73461614E+000
  0.73462743E+000
  0.73463817E+000
  0.73464847E+000
  0.73465841E+000
  0.73466807E+000
  0.73467750E+000
  0.73468676E+000
  0.73469588E+000
  0.73470487E+000
  0.73471373E+000
  0.73472247E+000
  0.73473107E+000
  0.73473951E+000
  0.73474777E+000
  0.73475583E+000
  0.73476366E+000
  0.73477123E+000
  0.73477851E+000
  0.73478549E+000
  0.73479215E+000
  0.73479847E+000
  0.73480443E+000
  0.73481004E+000
  0.73481529E+000
  0.73482017E+000
  0.73482470E+000
  0.73482888E+000
  0.73483272E+000
  0.73483624E+000
  0.73483945E+000
  0.73484236E+000
  0.73484501E+000
  0.73484739E+000
  0.73484954E+000
  0.73485148E+000
  0.73485322E+000
  0.73485478E+000
  0.73485618E+000
  0.73485744E+000
  0.73485858E+000
  0.73485961E+000
  0.73486053E+000
  0.73486138E+000
  0.73486215E+000
  0.73486286E+000
  0.73486351E+000
  0.73486412E+000
  0.73486468E+000
  0.73486521E+000
  0.73486571E+000
  0.73486617E+000
  0.73486661E+000
  0.73486700E+000
  0.73486729E+000
  0.73486737E+000
  0.73486803E+000
  0.73486852E+000
  0.73486894E+000
  0.73486931E+000
  0.73486961E+000
  0.73486986E+000
  0.73487006E+000
  0.73487022E+000
  0.73487036E+000
  0.73487048E+000
  0.73487058E+000
  0.73487067E+000
  0.73487074E+000
  0.73487081E+000
  0.73487087E+000
  0.73487092E+000
  0.73487097E+000
  0.73487102E+000
  0.73487106E+000
  0.73487109E+000
  0.73487113E+000
  0.73487116E+000
  0.73487119E+000
  0.73487121E+000
  0.73487124E+000
  0.73487126E+000
  0.73487128E+000
  0.73487131E+000
  0.73487132E+000
  0.73487134E+000
  0.73487136E+000
  0.73487138E+000
  0.73487139E+000
  0.73487141E+000
  0.73487142E+000
  0.73487144E+000
  0.73487145E+000
  0.73487146E+000
  0.73487148E+000
  0.73487149E+000
  0.73487150E+000
  0.73487151E+000
  0.73487152E+000
  0.73487154E+000
  0.73487155E+000
  0.73487156E+000
  0.73487157E+000
  0.73487158E+000
  0.73487159E+000
  0.73487159E+000
  0.73487160E+000
  0.73487161E+000
  0.73487162E+000
  0.73487163E+000
  0.73487164E+000
  0.73487164E+000
  0.73487165E+000
  0.73487166E+000
  0.73487167E+000
  0.73487167E+000
  0.73487168E+000
  0.73487169E+000
  0.73487169E+000
  0.73487170E+000
  0.73487170E+000
  0.73487171E+000
  0.73487171E+000
  0.73487172E+000
  0.73487172E+000
  0.73487173E+000
  0.73487173E+000
  0.73487174E+000
  0.73487174E+000
  0.73487174E+000
  0.73487175E+000
  0.73487175E+000
  0.73487176E+000
  0.73487176E+000
  0.73487176E+000
  0.73487177E+000
  0.73487177E+000
  0.73487177E+000
  0.73487177E+000
  0.73487178E+000
  0.73487178E+000
  0.73487178E+000
  0.73487178E+000
  0.73487179E+000
  0.73487179E+000
  0.73487179E+000
  0.73487179E+000
  0.73487179E+000
  0.73487179E+000
  0.73487179E+000
  0.73487180E+000
  0.73487180E+000
  0.73487180E+000
  0.73487180E+000
  0.73487180E+000
  0.73487180E+000
  0.73487180E+000
  0.73487180E+000
  0.73487180E+000
  0.73487180E+000
  0.73487180E+000
  0.73487180E+000
  0.73487181E+000
  0.73487181E+000
  0.73487181E+000
  0.73487181E+000
  0.73487181E+000
  0.73487181E+000
  0.73487181E+000
  0.73487181E+000
  0.73487181E+000
  0.73487181E+000
  0.73487181E+000
  0.73487181E+000
  0.73487181E+000
  0.73487181E+000
  0.73487181E+000
  0.73487181E+000
  0.73487181E+000
  0.73487181E+000
  0.73487181E+000
  0.73487181E+000
  0.73487181E+000
  0.73487180E+000
  0.73487180E+000
  0.73487180E+000
