  0.69482209E+000  0.89214148E+000  0.10017917E+001  0.25800177E+001
  0.69480547E+000  0.89215487E+000  0.10017395E+001  0.25799486E+001
  0.69480843E+000  0.89217348E+000  0.10017509E+001  0.25799466E+001
  0.69481557E+000  0.89219759E+000  0.10017629E+001  0.25799550E+001
  0.69482375E+000  0.89221909E+000  0.10017755E+001  0.25799649E+001
  0.69482843E+000  0.89224155E+000  0.10017874E+001  0.25799745E+001
  0.69483656E+000  0.89226060E+000  0.10017957E+001  0.25799834E+001
  0.69484432E+000  0.89227483E+000  0.10018058E+001  0.25799914E+001
  0.69485163E+000  0.89228716E+000  0.10018150E+001  0.25799987E+001
  0.69485846E+000  0.89229786E+000  0.10018234E+001  0.25800052E+001
  0.69486481E+000  0.89230712E+000  0.10018310E+001  0.25800109E+001
  0.69487067E+000  0.89231515E+000  0.10018379E+001  0.25800161E+001
  0.69487607E+000  0.89232212E+000  0.10018442E+001  0.25800206E+001
  0.69488106E+000  0.89232815E+000  0.10018498E+001  0.25800247E+001
  0.69488565E+000  0.89233339E+000  0.10018549E+001  0.25800282E+001
  0.69488988E+000  0.89233793E+000  0.10018595E+001  0.25800314E+001
  0.69489379E+000  0.89234188E+000  0.10018637E+001  0.25800342E+001
  0.69489739E+000  0.89234531E+000  0.10018674E+001  0.25800367E+001
  0.69490072E+000  0.89234829E+000  0.10018707E+001  0.25800389E+001
  0.69490381E+000  0.89235088E+000  0.10018736E+001  0.25800408E+001
  0.69490667E+000  0.89235314E+000  0.10018763E+001  0.25800425E+001
  0.69490932E+000  0.89235510E+000  0.10018786E+001  0.25800440E+001
  0.69491178E+000  0.89235680E+000  0.10018807E+001  0.25800453E+001
  0.69491407E+000  0.89235829E+000  0.10018826E+001  0.25800465E+001
  0.69491620E+000  0.89235958E+000  0.10018842E+001  0.25800476E+001
  0.69491818E+000  0.89236070E+000  0.10018856E+001  0.25800485E+001
  0.69492002E+000  0.89236168E+000  0.10018869E+001  0.25800493E+001
  0.69492174E+000  0.89236253E+000  0.10018880E+001  0.25800500E+001
  0.69492333E+000  0.89236326E+000  0.10018890E+001  0.25800507E+001
  0.69492481E+000  0.89236391E+000  0.10018898E+001  0.25800513E+001
  0.69492618E+000  0.89236446E+000  0.10018906E+001  0.25800518E+001
  0.69492746E+000  0.89236495E+000  0.10018912E+001  0.25800522E+001
  0.69492864E+000  0.89236537E+000  0.10018918E+001  0.25800527E+001
  0.69492973E+000  0.89236574E+000  0.10018923E+001  0.25800530E+001
  0.69493073E+000  0.89236606E+000  0.10018927E+001  0.25800534E+001
  0.69493166E+000  0.89236633E+000  0.10018931E+001  0.25800537E+001
  0.69493251E+000  0.89236658E+000  0.10018934E+001  0.25800539E+001
  0.69493329E+000  0.89236679E+000  0.10018937E+001  0.25800542E+001
  0.69493400E+000  0.89236697E+000  0.10018939E+001  0.25800544E+001
  0.69493464E+000  0.89236713E+000  0.10018941E+001  0.25800546E+001
  0.69493523E+000  0.89236728E+000  0.10018943E+001  0.25800547E+001
  0.69493576E+000  0.89236740E+000  0.10018945E+001  0.25800549E+001
  0.69493623E+000  0.89236752E+000  0.10018947E+001  0.25800550E+001
  0.69493666E+000  0.89236762E+000  0.10018948E+001  0.25800552E+001
  0.69493705E+000  0.89236771E+000  0.10018950E+001  0.25800553E+001
  0.69493739E+000  0.89236779E+000  0.10018951E+001  0.25800554E+001
  0.69493769E+000  0.89236786E+000  0.10018952E+001  0.25800555E+001
  0.69493796E+000  0.89236793E+000  0.10018953E+001  0.25800556E+001
  0.69493820E+000  0.89236800E+000  0.10018954E+001  0.25800556E+001
  0.69493841E+000  0.89236806E+000  0.10018955E+001  0.25800557E+001
  0.69493860E+000  0.89236812E+000  0.10018956E+001  0.25800558E+001
  0.69493876E+000  0.89236817E+000  0.10018957E+001  0.25800558E+001
  0.69493891E+000  0.89236823E+000  0.10018958E+001  0.25800559E+001
  0.69493904E+000  0.89236828E+000  0.10018959E+001  0.25800559E+001
  0.69493916E+000  0.89236833E+000  0.10018960E+001  0.25800560E+001
  0.69493927E+000  0.89236839E+000  0.10018960E+001  0.25800560E+001
  0.69493936E+000  0.89236844E+000  0.10018961E+001  0.25800561E+001
  0.69493945E+000  0.89236849E+000  0.10018962E+001  0.25800561E+001
  0.69493954E+000  0.89236854E+000  0.10018963E+001  0.25800561E+001
  0.69493961E+000  0.89236860E+000  0.10018964E+001  0.25800562E+001
  0.69493969E+000  0.89236865E+000  0.10018965E+001  0.25800562E+001
  0.69493975E+000  0.89236870E+000  0.10018966E+001  0.25800562E+001
  0.69493982E+000  0.89236874E+000  0.10018967E+001  0.25800563E+001
  0.69493988E+000  0.89236879E+000  0.10018968E+001  0.25800563E+001
  0.69493994E+000  0.89236884E+000  0.10018969E+001  0.25800563E+001
  0.69493999E+000  0.89236888E+000  0.10018970E+001  0.25800563E+001
  0.69494004E+000  0.89236892E+000  0.10018971E+001  0.25800563E+001
  0.69494008E+000  0.89236896E+000  0.10018971E+001  0.25800564E+001
  0.69494011E+000  0.89236900E+000  0.10018972E+001  0.25800564E+001
  0.69494011E+000  0.89236902E+000  0.10018972E+001  0.25800563E+001
  0.69494021E+000  0.89236909E+000  0.10018974E+001  0.25800564E+001
  0.69494027E+000  0.89236913E+000  0.10018975E+001  0.25800564E+001
  0.69494033E+000  0.89236917E+000  0.10018976E+001  0.25800565E+001
  0.69494038E+000  0.89236920E+000  0.10018977E+001  0.25800565E+001
  0.69494042E+000  0.89236923E+000  0.10018978E+001  0.25800565E+001
  0.69494046E+000  0.89236926E+000  0.10018979E+001  0.25800565E+001
  0.69494049E+000  0.89236928E+000  0.10018980E+001  0.25800565E+001
  0.69494053E+000  0.89236931E+000  0.10018981E+001  0.25800565E+001
  0.69494056E+000  0.89236933E+000  0.10018982E+001  0.25800565E+001
  0.69494059E+000  0.89236936E+000  0.10018982E+001  0.25800565E+001
  0.69494061E+000  0.89236938E+000  0.10018983E+001  0.25800565E+001
  0.69494064E+000  0.89236940E+000  0.10018984E+001  0.25800565E+001
  0.69494066E+000  0.89236941E+000  0.10018985E+001  0.25800565E+001
  0.69494068E+000  0.89236943E+000  0.10018985E+001  0.25800565E+001
  0.69494070E+000  0.89236945E+000  0.10018986E+001  0.25800565E+001
  0.69494071E+000  0.89236946E+000  0.10018987E+001  0.25800565E+001
  0.69494073E+000  0.89236947E+000  0.10018988E+001  0.25800565E+001
  0.69494075E+000  0.89236949E+000  0.10018988E+001  0.25800565E+001
  0.69494076E+000  0.89236950E+000  0.10018989E+001  0.25800565E+001
  0.69494077E+000  0.89236951E+000  0.10018990E+001  0.25800565E+001
  0.69494078E+000  0.89236952E+000  0.10018990E+001  0.25800565E+001
  0.69494080E+000  0.89236953E+000  0.10018991E+001  0.25800565E+001
  0.69494081E+000  0.89236954E+000  0.10018992E+001  0.25800565E+001
  0.69494082E+000  0.89236955E+000  0.10018992E+001  0.25800565E+001
  0.69494083E+000  0.89236956E+000  0.10018993E+001  0.25800565E+001
  0.69494083E+000  0.89236957E+000  0.10018994E+001  0.25800565E+001
  0.69494084E+000  0.89236958E+000  0.10018994E+001  0.25800565E+001
  0.69494085E+000  0.89236959E+000  0.10018995E+001  0.25800565E+001
  0.69494086E+000  0.89236960E+000  0.10018996E+001  0.25800566E+001
  0.69494087E+000  0.89236961E+000  0.10018996E+001  0.25800566E+001
  0.69494087E+000  0.89236961E+000  0.10018997E+001  0.25800566E+001
  0.69494088E+000  0.89236962E+000  0.10018997E+001  0.25800566E+001
  0.69494089E+000  0.89236963E+000  0.10018998E+001  0.25800566E+001
  0.69494089E+000  0.89236964E+000  0.10018999E+001  0.25800566E+001
  0.69494090E+000  0.89236965E+000  0.10018999E+001  0.25800566E+001
  0.69494090E+000  0.89236965E+000  0.10019000E+001  0.25800566E+001
  0.69494091E+000  0.89236966E+000  0.10019000E+001  0.25800566E+001
  0.69494092E+000  0.89236967E+000  0.10019001E+001  0.25800566E+001
  0.69494092E+000  0.89236968E+000  0.10019002E+001  0.25800566E+001
  0.69494093E+000  0.89236968E+000  0.10019002E+001  0.25800566E+001
  0.69494093E+000  0.89236969E+000  0.10019003E+001  0.25800566E+001
  0.69494094E+000  0.89236970E+000  0.10019003E+001  0.25800566E+001
  0.69494094E+000  0.89236971E+000  0.10019004E+001  0.25800567E+001
  0.69494095E+000  0.89236971E+000  0.10019004E+001  0.25800567E+001
  0.69494095E+000  0.89236972E+000  0.10019005E+001  0.25800567E+001
  0.69494096E+000  0.89236973E+000  0.10019005E+001  0.25800567E+001
  0.69494096E+000  0.89236973E+000  0.10019006E+001  0.25800567E+001
  0.69494097E+000  0.89236974E+000  0.10019006E+001  0.25800567E+001
  0.69494097E+000  0.89236975E+000  0.10019007E+001  0.25800568E+001
  0.69494098E+000  0.89236975E+000  0.10019007E+001  0.25800568E+001
  0.69494098E+000  0.89236976E+000  0.10019008E+001  0.25800568E+001
  0.69494099E+000  0.89236977E+000  0.10019008E+001  0.25800568E+001
  0.69494099E+000  0.89236977E+000  0.10019009E+001  0.25800568E+001
  0.69494100E+000  0.89236978E+000  0.10019009E+001  0.25800569E+001
  0.69494100E+000  0.89236979E+000  0.10019010E+001  0.25800569E+001
  0.69494101E+000  0.89236979E+000  0.10019010E+001  0.25800569E+001
  0.69494101E+000  0.89236980E+000  0.10019010E+001  0.25800570E+001
  0.69494102E+000  0.89236981E+000  0.10019011E+001  0.25800570E+001
  0.69494102E+000  0.89236981E+000  0.10019011E+001  0.25800570E+001
  0.69494103E+000  0.89236982E+000  0.10019012E+001  0.25800571E+001
  0.69494103E+000  0.89236982E+000  0.10019012E+001  0.25800571E+001
  0.69494103E+000  0.89236983E+000  0.10019012E+001  0.25800571E+001
  0.69494104E+000  0.89236983E+000  0.10019013E+001  0.25800572E+001
  0.69494104E+000  0.89236984E+000  0.10019013E+001  0.25800572E+001
  0.69494105E+000  0.89236984E+000  0.10019013E+001  0.25800573E+001
  0.69494105E+000  0.89236985E+000  0.10019014E+001  0.25800573E+001
  0.69494106E+000  0.89236985E+000  0.10019014E+001  0.25800574E+001
  0.69494106E+000  0.89236986E+000  0.10019014E+001  0.25800574E+001
  0.69494106E+000  0.89236986E+000  0.10019014E+001  0.25800575E+001
  0.69494107E+000  0.89236987E+000  0.10019015E+001  0.25800575E+001
  0.69494107E+000  0.89236987E+000  0.10019015E+001  0.25800576E+001
  0.69494108E+000  0.89236988E+000  0.10019015E+001  0.25800577E+001
  0.69494108E+000  0.89236988E+000  0.10019016E+001  0.25800577E+001
  0.69494108E+000  0.89236988E+000  0.10019016E+001  0.25800578E+001
  0.69494109E+000  0.89236989E+000  0.10019016E+001  0.25800579E+001
  0.69494109E+000  0.89236989E+000  0.10019016E+001  0.25800580E+001
  0.69494109E+000  0.89236990E+000  0.10019016E+001  0.25800580E+001
  0.69494110E+000  0.89236990E+000  0.10019017E+001  0.25800581E+001
  0.69494110E+000  0.89236990E+000  0.10019017E+001  0.25800582E+001
  0.69494110E+000  0.89236991E+000  0.10019017E+001  0.25800583E+001
  0.69494110E+000  0.89236991E+000  0.10019017E+001  0.25800584E+001
  0.69494111E+000  0.89236991E+000  0.10019017E+001  0.25800585E+001
  0.69494111E+000  0.89236991E+000  0.10019018E+001  0.25800586E+001
  0.69494111E+000  0.89236992E+000  0.10019018E+001  0.25800587E+001
  0.69494112E+000  0.89236992E+000  0.10019018E+001  0.25800588E+001
  0.69494112E+000  0.89236992E+000  0.10019018E+001  0.25800589E+001
  0.69494112E+000  0.89236992E+000  0.10019018E+001  0.25800590E+001
  0.69494112E+000  0.89236993E+000  0.10019018E+001  0.25800591E+001
  0.69494113E+000  0.89236993E+000  0.10019018E+001  0.25800592E+001
  0.69494113E+000  0.89236993E+000  0.10019019E+001  0.25800593E+001
  0.69494113E+000  0.89236993E+000  0.10019019E+001  0.25800594E+001
  0.69494113E+000  0.89236994E+000  0.10019019E+001  0.25800595E+001
  0.69494113E+000  0.89236994E+000  0.10019019E+001  0.25800596E+001
  0.69494114E+000  0.89236994E+000  0.10019019E+001  0.25800598E+001
  0.69494114E+000  0.89236994E+000  0.10019019E+001  0.25800599E+001
  0.69494114E+000  0.89236994E+000  0.10019019E+001  0.25800600E+001
  0.69494114E+000  0.89236994E+000  0.10019019E+001  0.25800601E+001
  0.69494114E+000  0.89236995E+000  0.10019019E+001  0.25800603E+001
  0.69494114E+000  0.89236995E+000  0.10019020E+001  0.25800604E+001
  0.69494114E+000  0.89236995E+000  0.10019020E+001  0.25800605E+001
  0.69494115E+000  0.89236995E+000  0.10019020E+001  0.25800607E+001
  0.69494115E+000  0.89236995E+000  0.10019020E+001  0.25800608E+001
  0.69494115E+000  0.89236995E+000  0.10019020E+001  0.25800609E+001
  0.69494115E+000  0.89236995E+000  0.10019020E+001  0.25800611E+001
  0.69494115E+000  0.89236995E+000  0.10019020E+001  0.25800612E+001
  0.69494115E+000  0.89236995E+000  0.10019020E+001  0.25800614E+001
  0.69494115E+000  0.89236995E+000  0.10019020E+001  0.25800615E+001
  0.69494115E+000  0.89236996E+000  0.10019020E+001  0.25800616E+001
  0.69494115E+000  0.89236996E+000  0.10019020E+001  0.25800618E+001
  0.69494115E+000  0.89236996E+000  0.10019020E+001  0.25800619E+001
  0.69494115E+000  0.89236996E+000  0.10019020E+001  0.25800621E+001
  0.69494116E+000  0.89236996E+000  0.10019020E+001  0.25800622E+001
  0.69494116E+000  0.89236996E+000  0.10019020E+001  0.25800623E+001
  0.69494116E+000  0.89236996E+000  0.10019020E+001  0.25800625E+001
  0.69494116E+000  0.89236996E+000  0.10019020E+001  0.25800626E+001
  0.69494116E+000  0.89236996E+000  0.10019021E+001  0.25800628E+001
  0.69494116E+000  0.89236996E+000  0.10019021E+001  0.25800629E+001
  0.69494116E+000  0.89236996E+000  0.10019021E+001  0.25800630E+001
  0.69494116E+000  0.89236996E+000  0.10019021E+001  0.25800632E+001
  0.69494116E+000  0.89236996E+000  0.10019021E+001  0.25800633E+001
  0.69494116E+000  0.89236996E+000  0.10019021E+001  0.25800635E+001
  0.69494116E+000  0.89236996E+000  0.10019021E+001  0.25800636E+001
  0.69494116E+000  0.89236996E+000  0.10019021E+001  0.25800637E+001
  0.69494116E+000  0.89236996E+000  0.10019021E+001  0.25800639E+001
  0.69494116E+000  0.89236996E+000  0.10019021E+001  0.25800640E+001
  0.69494116E+000  0.89236996E+000  0.10019021E+001  0.25800641E+001
  0.69494116E+000  0.89236996E+000  0.10019021E+001  0.25800643E+001
  0.69494116E+000  0.89236996E+000  0.10019021E+001  0.25800644E+001
  0.69494116E+000  0.89236996E+000  0.10019021E+001  0.25800645E+001
  0.69494116E+000  0.89236996E+000  0.10019021E+001  0.25800646E+001
