 -0.37213934E+000
 -0.37224997E+000
 -0.37226079E+000
 -0.37225499E+000
 -0.37224642E+000
 -0.37223795E+000
 -0.37223026E+000
 -0.37222342E+000
 -0.37221743E+000
 -0.37221218E+000
 -0.37220761E+000
 -0.37220362E+000
 -0.37220016E+000
 -0.37219716E+000
 -0.37219455E+000
 -0.37219229E+000
 -0.37219032E+000
 -0.37218862E+000
 -0.37218715E+000
 -0.37218587E+000
 -0.37218477E+000
 -0.37218381E+000
 -0.37218298E+000
 -0.37218227E+000
 -0.37218165E+000
 -0.37218112E+000
 -0.37218065E+000
 -0.37218026E+000
 -0.37217991E+000
 -0.37217962E+000
 -0.37217937E+000
 -0.37217915E+000
 -0.37217896E+000
 -0.37217880E+000
 -0.37217867E+000
 -0.37217855E+000
 -0.37217846E+000
 -0.37217838E+000
 -0.37217831E+000
 -0.37217825E+000
 -0.37217821E+000
 -0.37217817E+000
 -0.37217814E+000
 -0.37217812E+000
 -0.37217811E+000
 -0.37217810E+000
 -0.37217810E+000
 -0.37217809E+000
 -0.37217810E+000
 -0.37217810E+000
 -0.37217811E+000
 -0.37217812E+000
 -0.37217814E+000
 -0.37217815E+000
 -0.37217816E+000
 -0.37217818E+000
 -0.37217820E+000
 -0.37217821E+000
 -0.37217823E+000
 -0.37217825E+000
 -0.37217827E+000
 -0.37217829E+000
 -0.37217831E+000
 -0.37217834E+000
 -0.37217836E+000
 -0.37217839E+000
 -0.37217841E+000
 -0.37217845E+000
 -0.37217850E+000
 -0.37217863E+000
 -0.37217851E+000
 -0.37217853E+000
 -0.37217856E+000
 -0.37217860E+000
 -0.37217864E+000
 -0.37217868E+000
 -0.37217871E+000
 -0.37217876E+000
 -0.37217880E+000
 -0.37217884E+000
 -0.37217888E+000
 -0.37217893E+000
 -0.37217897E+000
 -0.37217902E+000
 -0.37217906E+000
 -0.37217911E+000
 -0.37217916E+000
 -0.37217920E+000
 -0.37217925E+000
 -0.37217930E+000
 -0.37217935E+000
 -0.37217940E+000
 -0.37217945E+000
 -0.37217950E+000
 -0.37217955E+000
 -0.37217960E+000
 -0.37217965E+000
 -0.37217970E+000
 -0.37217975E+000
 -0.37217980E+000
 -0.37217985E+000
 -0.37217991E+000
 -0.37217996E+000
 -0.37218001E+000
 -0.37218005E+000
 -0.37218010E+000
 -0.37218015E+000
 -0.37218020E+000
 -0.37218025E+000
 -0.37218030E+000
 -0.37218035E+000
 -0.37218039E+000
 -0.37218044E+000
 -0.37218049E+000
 -0.37218053E+000
 -0.37218058E+000
 -0.37218063E+000
 -0.37218067E+000
 -0.37218072E+000
 -0.37218076E+000
 -0.37218080E+000
 -0.37218085E+000
 -0.37218089E+000
 -0.37218093E+000
 -0.37218098E+000
 -0.37218102E+000
 -0.37218106E+000
 -0.37218110E+000
 -0.37218114E+000
 -0.37218119E+000
 -0.37218123E+000
 -0.37218127E+000
 -0.37218131E+000
 -0.37218135E+000
 -0.37218139E+000
 -0.37218143E+000
 -0.37218147E+000
 -0.37218151E+000
 -0.37218155E+000
 -0.37218160E+000
 -0.37218164E+000
 -0.37218168E+000
 -0.37218172E+000
 -0.37218176E+000
 -0.37218180E+000
 -0.37218184E+000
 -0.37218189E+000
 -0.37218193E+000
 -0.37218197E+000
 -0.37218201E+000
 -0.37218206E+000
 -0.37218210E+000
 -0.37218214E+000
 -0.37218219E+000
 -0.37218223E+000
 -0.37218228E+000
 -0.37218232E+000
 -0.37218237E+000
 -0.37218241E+000
 -0.37218246E+000
 -0.37218250E+000
 -0.37218255E+000
 -0.37218260E+000
 -0.37218265E+000
 -0.37218269E+000
 -0.37218274E+000
 -0.37218279E+000
 -0.37218284E+000
 -0.37218288E+000
 -0.37218293E+000
 -0.37218298E+000
 -0.37218303E+000
 -0.37218308E+000
 -0.37218313E+000
 -0.37218317E+000
 -0.37218322E+000
 -0.37218327E+000
 -0.37218332E+000
 -0.37218337E+000
 -0.37218342E+000
 -0.37218346E+000
 -0.37218351E+000
 -0.37218356E+000
 -0.37218361E+000
 -0.37218366E+000
 -0.37218370E+000
 -0.37218375E+000
 -0.37218380E+000
 -0.37218384E+000
 -0.37218389E+000
 -0.37218393E+000
 -0.37218398E+000
 -0.37218402E+000
 -0.37218407E+000
 -0.37218411E+000
 -0.37218415E+000
 -0.37218419E+000
 -0.37218424E+000
 -0.37218428E+000
 -0.37218432E+000
