  0.96937122E+000
  0.96938839E+000
  0.96937903E+000
  0.96936663E+000
  0.96935457E+000
  0.96934344E+000
  0.96933334E+000
  0.96932422E+000
  0.96931602E+000
  0.96930866E+000
  0.96930207E+000
  0.96929618E+000
  0.96929091E+000
  0.96928620E+000
  0.96928200E+000
  0.96927825E+000
  0.96927490E+000
  0.96927191E+000
  0.96926923E+000
  0.96926685E+000
  0.96926472E+000
  0.96926282E+000
  0.96926113E+000
  0.96925961E+000
  0.96925826E+000
  0.96925705E+000
  0.96925597E+000
  0.96925501E+000
  0.96925415E+000
  0.96925338E+000
  0.96925269E+000
  0.96925208E+000
  0.96925153E+000
  0.96925104E+000
  0.96925060E+000
  0.96925021E+000
  0.96924986E+000
  0.96924954E+000
  0.96924926E+000
  0.96924901E+000
  0.96924878E+000
  0.96924858E+000
  0.96924840E+000
  0.96924824E+000
  0.96924809E+000
  0.96924796E+000
  0.96924784E+000
  0.96924773E+000
  0.96924763E+000
  0.96924754E+000
  0.96924745E+000
  0.96924737E+000
  0.96924730E+000
  0.96924723E+000
  0.96924716E+000
  0.96924709E+000
  0.96924703E+000
  0.96924697E+000
  0.96924691E+000
  0.96924685E+000
  0.96924679E+000
  0.96924674E+000
  0.96924668E+000
  0.96924663E+000
  0.96924657E+000
  0.96924652E+000
  0.96924647E+000
  0.96924643E+000
  0.96924639E+000
  0.96924639E+000
  0.96924628E+000
  0.96924623E+000
  0.96924618E+000
  0.96924613E+000
  0.96924609E+000
  0.96924605E+000
  0.96924601E+000
  0.96924597E+000
  0.96924594E+000
  0.96924590E+000
  0.96924587E+000
  0.96924584E+000
  0.96924580E+000
  0.96924577E+000
  0.96924574E+000
  0.96924572E+000
  0.96924569E+000
  0.96924566E+000
  0.96924563E+000
  0.96924560E+000
  0.96924558E+000
  0.96924555E+000
  0.96924553E+000
  0.96924550E+000
  0.96924548E+000
  0.96924545E+000
  0.96924543E+000
  0.96924540E+000
  0.96924538E+000
  0.96924535E+000
  0.96924533E+000
  0.96924531E+000
  0.96924528E+000
  0.96924526E+000
  0.96924523E+000
  0.96924521E+000
  0.96924519E+000
  0.96924517E+000
  0.96924514E+000
  0.96924512E+000
  0.96924510E+000
  0.96924508E+000
  0.96924505E+000
  0.96924503E+000
  0.96924501E+000
  0.96924499E+000
  0.96924497E+000
  0.96924495E+000
  0.96924493E+000
  0.96924491E+000
  0.96924489E+000
  0.96924487E+000
  0.96924485E+000
  0.96924483E+000
  0.96924481E+000
  0.96924479E+000
  0.96924478E+000
  0.96924476E+000
  0.96924474E+000
  0.96924472E+000
  0.96924471E+000
  0.96924469E+000
  0.96924467E+000
  0.96924466E+000
  0.96924464E+000
  0.96924463E+000
  0.96924461E+000
  0.96924460E+000
  0.96924458E+000
  0.96924457E+000
  0.96924456E+000
  0.96924454E+000
  0.96924453E+000
  0.96924452E+000
  0.96924451E+000
  0.96924450E+000
  0.96924448E+000
  0.96924447E+000
  0.96924446E+000
  0.96924445E+000
  0.96924444E+000
  0.96924443E+000
  0.96924442E+000
  0.96924441E+000
  0.96924440E+000
  0.96924439E+000
  0.96924439E+000
  0.96924438E+000
  0.96924437E+000
  0.96924436E+000
  0.96924435E+000
  0.96924435E+000
  0.96924434E+000
  0.96924433E+000
  0.96924433E+000
  0.96924432E+000
  0.96924431E+000
  0.96924431E+000
  0.96924430E+000
  0.96924430E+000
  0.96924429E+000
  0.96924429E+000
  0.96924428E+000
  0.96924428E+000
  0.96924427E+000
  0.96924427E+000
  0.96924426E+000
  0.96924426E+000
  0.96924426E+000
  0.96924425E+000
  0.96924425E+000
  0.96924424E+000
  0.96924424E+000
  0.96924424E+000
  0.96924423E+000
  0.96924423E+000
  0.96924423E+000
  0.96924423E+000
  0.96924422E+000
  0.96924422E+000
  0.96924422E+000
  0.96924422E+000
  0.96924421E+000
  0.96924421E+000
  0.96924421E+000
  0.96924421E+000
  0.96924421E+000
  0.96924420E+000
  0.96924420E+000
  0.96924420E+000
