  0.49293558E+000
  0.49294599E+000
  0.49294012E+000
  0.49293221E+000
  0.49292444E+000
  0.49291723E+000
  0.49291064E+000
  0.49290468E+000
  0.49289930E+000
  0.49289446E+000
  0.49289011E+000
  0.49288622E+000
  0.49288274E+000
  0.49287963E+000
  0.49287685E+000
  0.49287437E+000
  0.49287215E+000
  0.49287017E+000
  0.49286840E+000
  0.49286681E+000
  0.49286540E+000
  0.49286413E+000
  0.49286300E+000
  0.49286199E+000
  0.49286108E+000
  0.49286027E+000
  0.49285954E+000
  0.49285889E+000
  0.49285831E+000
  0.49285779E+000
  0.49285732E+000
  0.49285691E+000
  0.49285653E+000
  0.49285620E+000
  0.49285589E+000
  0.49285562E+000
  0.49285538E+000
  0.49285517E+000
  0.49285497E+000
  0.49285480E+000
  0.49285464E+000
  0.49285450E+000
  0.49285437E+000
  0.49285426E+000
  0.49285416E+000
  0.49285406E+000
  0.49285398E+000
  0.49285390E+000
  0.49285383E+000
  0.49285377E+000
  0.49285371E+000
  0.49285366E+000
  0.49285360E+000
  0.49285355E+000
  0.49285351E+000
  0.49285346E+000
  0.49285342E+000
  0.49285337E+000
  0.49285333E+000
  0.49285329E+000
  0.49285325E+000
  0.49285321E+000
  0.49285318E+000
  0.49285314E+000
  0.49285310E+000
  0.49285307E+000
  0.49285304E+000
  0.49285301E+000
  0.49285298E+000
  0.49285298E+000
  0.49285291E+000
  0.49285287E+000
  0.49285284E+000
  0.49285281E+000
  0.49285278E+000
  0.49285275E+000
  0.49285273E+000
  0.49285270E+000
  0.49285268E+000
  0.49285266E+000
  0.49285263E+000
  0.49285261E+000
  0.49285259E+000
  0.49285257E+000
  0.49285255E+000
  0.49285254E+000
  0.49285252E+000
  0.49285250E+000
  0.49285248E+000
  0.49285247E+000
  0.49285245E+000
  0.49285244E+000
  0.49285242E+000
  0.49285241E+000
  0.49285239E+000
  0.49285238E+000
  0.49285236E+000
  0.49285235E+000
  0.49285233E+000
  0.49285232E+000
  0.49285230E+000
  0.49285229E+000
  0.49285228E+000
  0.49285226E+000
  0.49285225E+000
  0.49285224E+000
  0.49285222E+000
  0.49285221E+000
  0.49285220E+000
  0.49285218E+000
  0.49285217E+000
  0.49285216E+000
  0.49285214E+000
  0.49285213E+000
  0.49285212E+000
  0.49285211E+000
  0.49285209E+000
  0.49285208E+000
  0.49285207E+000
  0.49285206E+000
  0.49285205E+000
  0.49285204E+000
  0.49285203E+000
  0.49285201E+000
  0.49285200E+000
  0.49285199E+000
  0.49285198E+000
  0.49285197E+000
  0.49285196E+000
  0.49285195E+000
  0.49285194E+000
  0.49285193E+000
  0.49285192E+000
  0.49285191E+000
  0.49285191E+000
  0.49285190E+000
  0.49285189E+000
  0.49285188E+000
  0.49285187E+000
  0.49285186E+000
  0.49285186E+000
  0.49285185E+000
  0.49285184E+000
  0.49285183E+000
  0.49285183E+000
  0.49285182E+000
  0.49285181E+000
  0.49285181E+000
  0.49285180E+000
  0.49285180E+000
  0.49285179E+000
  0.49285178E+000
  0.49285178E+000
  0.49285177E+000
  0.49285177E+000
  0.49285176E+000
  0.49285176E+000
  0.49285175E+000
  0.49285175E+000
  0.49285174E+000
  0.49285174E+000
  0.49285174E+000
  0.49285173E+000
  0.49285173E+000
  0.49285173E+000
  0.49285172E+000
  0.49285172E+000
  0.49285171E+000
  0.49285171E+000
  0.49285171E+000
  0.49285171E+000
  0.49285170E+000
  0.49285170E+000
  0.49285170E+000
  0.49285169E+000
  0.49285169E+000
  0.49285169E+000
  0.49285169E+000
  0.49285169E+000
  0.49285168E+000
  0.49285168E+000
  0.49285168E+000
  0.49285168E+000
  0.49285168E+000
  0.49285167E+000
  0.49285167E+000
  0.49285167E+000
  0.49285167E+000
  0.49285167E+000
  0.49285167E+000
  0.49285167E+000
  0.49285167E+000
  0.49285166E+000
  0.49285166E+000
  0.49285166E+000
  0.49285166E+000
  0.49285166E+000
  0.49285166E+000
  0.49285166E+000
  0.49285166E+000
