  0.57591271E+000  0.94032537E+000  0.10817375E+001  0.34479927E+001
  0.57594484E+000  0.94031300E+000  0.10817969E+001  0.34480258E+001
  0.57593179E+000  0.94028869E+000  0.10817889E+001  0.34480193E+001
  0.57591727E+000  0.94026554E+000  0.10817750E+001  0.34480086E+001
  0.57590362E+000  0.94024490E+000  0.10817612E+001  0.34479977E+001
  0.57589128E+000  0.94022680E+000  0.10817484E+001  0.34479877E+001
  0.57588027E+000  0.94021102E+000  0.10817367E+001  0.34479785E+001
  0.57587048E+000  0.94019729E+000  0.10817261E+001  0.34479702E+001
  0.57586182E+000  0.94018536E+000  0.10817166E+001  0.34479628E+001
  0.57585417E+000  0.94017499E+000  0.10817080E+001  0.34479562E+001
  0.57584740E+000  0.94016598E+000  0.10817002E+001  0.34479503E+001
  0.57584144E+000  0.94015814E+000  0.10816933E+001  0.34479451E+001
  0.57583619E+000  0.94015133E+000  0.10816870E+001  0.34479404E+001
  0.57583154E+000  0.94014539E+000  0.10816815E+001  0.34479363E+001
  0.57582744E+000  0.94014022E+000  0.10816764E+001  0.34479326E+001
  0.57582382E+000  0.94013570E+000  0.10816720E+001  0.34479294E+001
  0.57582061E+000  0.94013175E+000  0.10816680E+001  0.34479265E+001
  0.57581776E+000  0.94012830E+000  0.10816644E+001  0.34479239E+001
  0.57581523E+000  0.94012528E+000  0.10816612E+001  0.34479217E+001
  0.57581297E+000  0.94012264E+000  0.10816584E+001  0.34479197E+001
  0.57581096E+000  0.94012032E+000  0.10816558E+001  0.34479179E+001
  0.57580917E+000  0.94011828E+000  0.10816536E+001  0.34479163E+001
  0.57580757E+000  0.94011649E+000  0.10816516E+001  0.34479150E+001
  0.57580613E+000  0.94011491E+000  0.10816499E+001  0.34479137E+001
  0.57580484E+000  0.94011352E+000  0.10816484E+001  0.34479126E+001
  0.57580368E+000  0.94011230E+000  0.10816470E+001  0.34479116E+001
  0.57580264E+000  0.94011122E+000  0.10816458E+001  0.34479108E+001
  0.57580170E+000  0.94011027E+000  0.10816448E+001  0.34479100E+001
  0.57580086E+000  0.94010943E+000  0.10816439E+001  0.34479093E+001
  0.57580010E+000  0.94010869E+000  0.10816431E+001  0.34479086E+001
  0.57579941E+000  0.94010804E+000  0.10816424E+001  0.34479081E+001
  0.57579879E+000  0.94010746E+000  0.10816418E+001  0.34479076E+001
  0.57579824E+000  0.94010694E+000  0.10816413E+001  0.34479071E+001
  0.57579774E+000  0.94010649E+000  0.10816409E+001  0.34479067E+001
  0.57579729E+000  0.94010609E+000  0.10816405E+001  0.34479064E+001
  0.57579688E+000  0.94010573E+000  0.10816401E+001  0.34479060E+001
  0.57579652E+000  0.94010542E+000  0.10816399E+001  0.34479057E+001
  0.57579620E+000  0.94010514E+000  0.10816396E+001  0.34479054E+001
  0.57579591E+000  0.94010490E+000  0.10816394E+001  0.34479052E+001
  0.57579565E+000  0.94010468E+000  0.10816392E+001  0.34479050E+001
  0.57579542E+000  0.94010448E+000  0.10816391E+001  0.34479048E+001
  0.57579522E+000  0.94010431E+000  0.10816390E+001  0.34479046E+001
  0.57579504E+000  0.94010416E+000  0.10816388E+001  0.34479044E+001
  0.57579489E+000  0.94010403E+000  0.10816388E+001  0.34479043E+001
  0.57579475E+000  0.94010391E+000  0.10816387E+001  0.34479041E+001
  0.57579463E+000  0.94010380E+000  0.10816386E+001  0.34479040E+001
  0.57579452E+000  0.94010371E+000  0.10816386E+001  0.34479039E+001
  0.57579443E+000  0.94010363E+000  0.10816385E+001  0.34479038E+001
  0.57579435E+000  0.94010355E+000  0.10816385E+001  0.34479036E+001
  0.57579428E+000  0.94010348E+000  0.10816384E+001  0.34479035E+001
  0.57579422E+000  0.94010342E+000  0.10816384E+001  0.34479035E+001
  0.57579417E+000  0.94010336E+000  0.10816384E+001  0.34479034E+001
  0.57579412E+000  0.94010331E+000  0.10816384E+001  0.34479033E+001
  0.57579408E+000  0.94010326E+000  0.10816384E+001  0.34479032E+001
  0.57579405E+000  0.94010321E+000  0.10816384E+001  0.34479031E+001
  0.57579401E+000  0.94010316E+000  0.10816384E+001  0.34479030E+001
  0.57579398E+000  0.94010312E+000  0.10816383E+001  0.34479030E+001
  0.57579396E+000  0.94010307E+000  0.10816383E+001  0.34479029E+001
  0.57579393E+000  0.94010303E+000  0.10816383E+001  0.34479028E+001
  0.57579391E+000  0.94010299E+000  0.10816383E+001  0.34479028E+001
  0.57579389E+000  0.94010295E+000  0.10816383E+001  0.34479027E+001
  0.57579387E+000  0.94010292E+000  0.10816383E+001  0.34479026E+001
  0.57579385E+000  0.94010288E+000  0.10816384E+001  0.34479026E+001
  0.57579384E+000  0.94010285E+000  0.10816384E+001  0.34479025E+001
  0.57579383E+000  0.94010281E+000  0.10816384E+001  0.34479025E+001
  0.57579382E+000  0.94010278E+000  0.10816384E+001  0.34479024E+001
  0.57579381E+000  0.94010276E+000  0.10816384E+001  0.34479024E+001
  0.57579382E+000  0.94010273E+000  0.10816384E+001  0.34479023E+001
  0.57579382E+000  0.94010271E+000  0.10816385E+001  0.34479023E+001
  0.57579385E+000  0.94010271E+000  0.10816386E+001  0.34479023E+001
  0.57579382E+000  0.94010267E+000  0.10816385E+001  0.34479022E+001
  0.57579377E+000  0.94010264E+000  0.10816385E+001  0.34479021E+001
  0.57579377E+000  0.94010262E+000  0.10816385E+001  0.34479021E+001
  0.57579377E+000  0.94010260E+000  0.10816386E+001  0.34479021E+001
  0.57579377E+000  0.94010259E+000  0.10816386E+001  0.34479020E+001
  0.57579378E+000  0.94010258E+000  0.10816387E+001  0.34479020E+001
  0.57579378E+000  0.94010257E+000  0.10816387E+001  0.34479020E+001
  0.57579379E+000  0.94010256E+000  0.10816387E+001  0.34479019E+001
  0.57579380E+000  0.94010256E+000  0.10816388E+001  0.34479019E+001
  0.57579382E+000  0.94010255E+000  0.10816388E+001  0.34479019E+001
  0.57579383E+000  0.94010255E+000  0.10816389E+001  0.34479019E+001
  0.57579385E+000  0.94010255E+000  0.10816389E+001  0.34479019E+001
  0.57579386E+000  0.94010255E+000  0.10816390E+001  0.34479019E+001
  0.57579388E+000  0.94010256E+000  0.10816391E+001  0.34479018E+001
  0.57579390E+000  0.94010256E+000  0.10816391E+001  0.34479018E+001
  0.57579392E+000  0.94010257E+000  0.10816392E+001  0.34479018E+001
  0.57579394E+000  0.94010257E+000  0.10816392E+001  0.34479018E+001
  0.57579396E+000  0.94010258E+000  0.10816393E+001  0.34479018E+001
  0.57579398E+000  0.94010259E+000  0.10816394E+001  0.34479018E+001
  0.57579401E+000  0.94010260E+000  0.10816394E+001  0.34479018E+001
  0.57579403E+000  0.94010261E+000  0.10816395E+001  0.34479018E+001
  0.57579405E+000  0.94010262E+000  0.10816396E+001  0.34479018E+001
  0.57579407E+000  0.94010263E+000  0.10816396E+001  0.34479018E+001
  0.57579410E+000  0.94010264E+000  0.10816397E+001  0.34479018E+001
  0.57579412E+000  0.94010265E+000  0.10816398E+001  0.34479018E+001
  0.57579414E+000  0.94010266E+000  0.10816398E+001  0.34479018E+001
  0.57579417E+000  0.94010267E+000  0.10816399E+001  0.34479018E+001
  0.57579419E+000  0.94010268E+000  0.10816400E+001  0.34479018E+001
  0.57579421E+000  0.94010270E+000  0.10816400E+001  0.34479018E+001
  0.57579424E+000  0.94010271E+000  0.10816401E+001  0.34479018E+001
  0.57579426E+000  0.94010272E+000  0.10816401E+001  0.34479018E+001
  0.57579428E+000  0.94010273E+000  0.10816402E+001  0.34479018E+001
  0.57579431E+000  0.94010275E+000  0.10816403E+001  0.34479018E+001
  0.57579433E+000  0.94010276E+000  0.10816403E+001  0.34479018E+001
  0.57579435E+000  0.94010277E+000  0.10816404E+001  0.34479019E+001
  0.57579437E+000  0.94010278E+000  0.10816405E+001  0.34479019E+001
  0.57579439E+000  0.94010279E+000  0.10816405E+001  0.34479019E+001
  0.57579441E+000  0.94010280E+000  0.10816406E+001  0.34479019E+001
  0.57579443E+000  0.94010282E+000  0.10816406E+001  0.34479019E+001
  0.57579445E+000  0.94010283E+000  0.10816407E+001  0.34479019E+001
  0.57579447E+000  0.94010284E+000  0.10816408E+001  0.34479019E+001
  0.57579449E+000  0.94010285E+000  0.10816408E+001  0.34479020E+001
  0.57579451E+000  0.94010286E+000  0.10816409E+001  0.34479020E+001
  0.57579453E+000  0.94010287E+000  0.10816409E+001  0.34479020E+001
  0.57579455E+000  0.94010288E+000  0.10816410E+001  0.34479020E+001
  0.57579457E+000  0.94010289E+000  0.10816410E+001  0.34479020E+001
  0.57579459E+000  0.94010290E+000  0.10816411E+001  0.34479021E+001
  0.57579460E+000  0.94010291E+000  0.10816411E+001  0.34479021E+001
  0.57579462E+000  0.94010292E+000  0.10816412E+001  0.34479021E+001
  0.57579464E+000  0.94010292E+000  0.10816412E+001  0.34479022E+001
  0.57579465E+000  0.94010293E+000  0.10816413E+001  0.34479022E+001
  0.57579467E+000  0.94010294E+000  0.10816413E+001  0.34479022E+001
  0.57579468E+000  0.94010295E+000  0.10816414E+001  0.34479023E+001
  0.57579470E+000  0.94010296E+000  0.10816414E+001  0.34479023E+001
  0.57579471E+000  0.94010296E+000  0.10816415E+001  0.34479024E+001
  0.57579472E+000  0.94010297E+000  0.10816415E+001  0.34479024E+001
  0.57579474E+000  0.94010298E+000  0.10816415E+001  0.34479025E+001
  0.57579475E+000  0.94010298E+000  0.10816416E+001  0.34479025E+001
  0.57579476E+000  0.94010299E+000  0.10816416E+001  0.34479026E+001
  0.57579477E+000  0.94010300E+000  0.10816417E+001  0.34479026E+001
  0.57579479E+000  0.94010300E+000  0.10816417E+001  0.34479027E+001
  0.57579480E+000  0.94010301E+000  0.10816417E+001  0.34479027E+001
  0.57579481E+000  0.94010301E+000  0.10816418E+001  0.34479028E+001
  0.57579482E+000  0.94010302E+000  0.10816418E+001  0.34479029E+001
  0.57579483E+000  0.94010302E+000  0.10816418E+001  0.34479029E+001
  0.57579484E+000  0.94010303E+000  0.10816419E+001  0.34479030E+001
  0.57579485E+000  0.94010303E+000  0.10816419E+001  0.34479031E+001
  0.57579486E+000  0.94010304E+000  0.10816419E+001  0.34479032E+001
  0.57579487E+000  0.94010304E+000  0.10816419E+001  0.34479033E+001
  0.57579487E+000  0.94010305E+000  0.10816420E+001  0.34479034E+001
  0.57579488E+000  0.94010305E+000  0.10816420E+001  0.34479035E+001
  0.57579489E+000  0.94010305E+000  0.10816420E+001  0.34479036E+001
  0.57579490E+000  0.94010306E+000  0.10816420E+001  0.34479037E+001
  0.57579491E+000  0.94010306E+000  0.10816421E+001  0.34479038E+001
  0.57579491E+000  0.94010306E+000  0.10816421E+001  0.34479039E+001
  0.57579492E+000  0.94010307E+000  0.10816421E+001  0.34479040E+001
  0.57579493E+000  0.94010307E+000  0.10816421E+001  0.34479041E+001
  0.57579493E+000  0.94010307E+000  0.10816421E+001  0.34479042E+001
  0.57579494E+000  0.94010308E+000  0.10816422E+001  0.34479044E+001
  0.57579494E+000  0.94010308E+000  0.10816422E+001  0.34479045E+001
  0.57579495E+000  0.94010308E+000  0.10816422E+001  0.34479046E+001
  0.57579496E+000  0.94010308E+000  0.10816422E+001  0.34479047E+001
  0.57579496E+000  0.94010309E+000  0.10816422E+001  0.34479049E+001
  0.57579497E+000  0.94010309E+000  0.10816423E+001  0.34479050E+001
  0.57579497E+000  0.94010309E+000  0.10816423E+001  0.34479052E+001
  0.57579497E+000  0.94010309E+000  0.10816423E+001  0.34479053E+001
  0.57579498E+000  0.94010309E+000  0.10816423E+001  0.34479055E+001
  0.57579498E+000  0.94010310E+000  0.10816423E+001  0.34479056E+001
  0.57579499E+000  0.94010310E+000  0.10816423E+001  0.34479058E+001
  0.57579499E+000  0.94010310E+000  0.10816423E+001  0.34479060E+001
  0.57579499E+000  0.94010310E+000  0.10816424E+001  0.34479061E+001
  0.57579500E+000  0.94010310E+000  0.10816424E+001  0.34479063E+001
  0.57579500E+000  0.94010310E+000  0.10816424E+001  0.34479065E+001
  0.57579500E+000  0.94010311E+000  0.10816424E+001  0.34479066E+001
  0.57579501E+000  0.94010311E+000  0.10816424E+001  0.34479068E+001
  0.57579501E+000  0.94010311E+000  0.10816424E+001  0.34479070E+001
  0.57579501E+000  0.94010311E+000  0.10816424E+001  0.34479072E+001
  0.57579502E+000  0.94010311E+000  0.10816424E+001  0.34479074E+001
  0.57579502E+000  0.94010311E+000  0.10816424E+001  0.34479075E+001
  0.57579502E+000  0.94010311E+000  0.10816424E+001  0.34479077E+001
  0.57579502E+000  0.94010311E+000  0.10816424E+001  0.34479079E+001
  0.57579503E+000  0.94010312E+000  0.10816425E+001  0.34479081E+001
  0.57579503E+000  0.94010312E+000  0.10816425E+001  0.34479083E+001
  0.57579503E+000  0.94010312E+000  0.10816425E+001  0.34479085E+001
  0.57579503E+000  0.94010312E+000  0.10816425E+001  0.34479087E+001
  0.57579503E+000  0.94010312E+000  0.10816425E+001  0.34479089E+001
  0.57579504E+000  0.94010312E+000  0.10816425E+001  0.34479091E+001
  0.57579504E+000  0.94010312E+000  0.10816425E+001  0.34479093E+001
  0.57579504E+000  0.94010312E+000  0.10816425E+001  0.34479095E+001
  0.57579504E+000  0.94010312E+000  0.10816425E+001  0.34479096E+001
  0.57579504E+000  0.94010312E+000  0.10816425E+001  0.34479098E+001
  0.57579505E+000  0.94010313E+000  0.10816425E+001  0.34479100E+001
  0.57579505E+000  0.94010313E+000  0.10816425E+001  0.34479102E+001
  0.57579505E+000  0.94010313E+000  0.10816425E+001  0.34479104E+001
  0.57579505E+000  0.94010313E+000  0.10816425E+001  0.34479106E+001
  0.57579505E+000  0.94010313E+000  0.10816425E+001  0.34479108E+001
  0.57579505E+000  0.94010313E+000  0.10816425E+001  0.34479110E+001
  0.57579505E+000  0.94010313E+000  0.10816425E+001  0.34479112E+001
  0.57579505E+000  0.94010313E+000  0.10816425E+001  0.34479114E+001
  0.57579506E+000  0.94010313E+000  0.10816425E+001  0.34479116E+001
  0.57579506E+000  0.94010313E+000  0.10816426E+001  0.34479117E+001
  0.57579506E+000  0.94010313E+000  0.10816426E+001  0.34479119E+001
  0.57579506E+000  0.94010313E+000  0.10816426E+001  0.34479121E+001
  0.57579506E+000  0.94010313E+000  0.10816426E+001  0.34479123E+001
  0.57579506E+000  0.94010313E+000  0.10816426E+001  0.34479125E+001
  0.57579506E+000  0.94010314E+000  0.10816426E+001  0.34479126E+001
  0.57579506E+000  0.94010314E+000  0.10816426E+001  0.34479128E+001
  0.57579506E+000  0.94010314E+000  0.10816426E+001  0.34479130E+001
  0.57579506E+000  0.94010314E+000  0.10816426E+001  0.34479131E+001
  0.57579507E+000  0.94010314E+000  0.10816426E+001  0.34479133E+001
