 -0.47077723E-001  0.61853225E-001  0.14542415E+001  0.42332906E+002
 -0.46503463E-001  0.61874939E-001  0.14542839E+001  0.42332810E+002
 -0.46613217E-001  0.61860408E-001  0.14542147E+001  0.42332690E+002
 -0.46711100E-001  0.61848743E-001  0.14541580E+001  0.42332587E+002
 -0.46793289E-001  0.61839684E-001  0.14541127E+001  0.42332500E+002
 -0.46860746E-001  0.61832816E-001  0.14540770E+001  0.42332428E+002
 -0.46915454E-001  0.61827738E-001  0.14540494E+001  0.42332367E+002
 -0.46959438E-001  0.61824109E-001  0.14540286E+001  0.42332317E+002
 -0.46994521E-001  0.61821641E-001  0.14540133E+001  0.42332276E+002
 -0.47022286E-001  0.61820099E-001  0.14540026E+001  0.42332242E+002
 -0.47044058E-001  0.61819287E-001  0.14539956E+001  0.42332214E+002
 -0.47060944E-001  0.61819047E-001  0.14539917E+001  0.42332191E+002
 -0.47073868E-001  0.61819252E-001  0.14539902E+001  0.42332173E+002
 -0.47083596E-001  0.61819794E-001  0.14539906E+001  0.42332159E+002
 -0.47090758E-001  0.61820592E-001  0.14539926E+001  0.42332147E+002
 -0.47095872E-001  0.61821576E-001  0.14539959E+001  0.42332139E+002
 -0.47099363E-001  0.61822694E-001  0.14540001E+001  0.42332132E+002
 -0.47101577E-001  0.61823901E-001  0.14540051E+001  0.42332127E+002
 -0.47102797E-001  0.61825162E-001  0.14540106E+001  0.42332124E+002
 -0.47103250E-001  0.61826452E-001  0.14540165E+001  0.42332122E+002
 -0.47103123E-001  0.61827748E-001  0.14540226E+001  0.42332121E+002
 -0.47102564E-001  0.61829032E-001  0.14540290E+001  0.42332121E+002
 -0.47101694E-001  0.61830294E-001  0.14540354E+001  0.42332122E+002
 -0.47100606E-001  0.61831521E-001  0.14540418E+001  0.42332123E+002
 -0.47099378E-001  0.61832708E-001  0.14540482E+001  0.42332125E+002
 -0.47098067E-001  0.61833849E-001  0.14540545E+001  0.42332127E+002
 -0.47096720E-001  0.61834939E-001  0.14540607E+001  0.42332129E+002
 -0.47095371E-001  0.61835978E-001  0.14540667E+001  0.42332132E+002
 -0.47094047E-001  0.61836962E-001  0.14540726E+001  0.42332135E+002
 -0.47092766E-001  0.61837892E-001  0.14540782E+001  0.42332138E+002
 -0.47091543E-001  0.61838768E-001  0.14540837E+001  0.42332141E+002
 -0.47090386E-001  0.61839590E-001  0.14540889E+001  0.42332144E+002
 -0.47089300E-001  0.61840360E-001  0.14540939E+001  0.42332147E+002
 -0.47088288E-001  0.61841077E-001  0.14540986E+001  0.42332150E+002
 -0.47087350E-001  0.61841745E-001  0.14541031E+001  0.42332153E+002
 -0.47086486E-001  0.61842364E-001  0.14541073E+001  0.42332156E+002
 -0.47085693E-001  0.61842937E-001  0.14541113E+001  0.42332159E+002
 -0.47084967E-001  0.61843465E-001  0.14541151E+001  0.42332162E+002
 -0.47084306E-001  0.61843950E-001  0.14541186E+001  0.42332164E+002
 -0.47083704E-001  0.61844395E-001  0.14541219E+001  0.42332167E+002
 -0.47083158E-001  0.61844802E-001  0.14541250E+001  0.42332169E+002
 -0.47082664E-001  0.61845173E-001  0.14541278E+001  0.42332172E+002
 -0.47082217E-001  0.61845511E-001  0.14541305E+001  0.42332174E+002
 -0.47081813E-001  0.61845817E-001  0.14541329E+001  0.42332176E+002
 -0.47081449E-001  0.61846094E-001  0.14541352E+001  0.42332178E+002
 -0.47081122E-001  0.61846345E-001  0.14541373E+001  0.42332180E+002
 -0.47080827E-001  0.61846571E-001  0.14541392E+001  0.42332182E+002
 -0.47080562E-001  0.61846776E-001  0.14541410E+001  0.42332184E+002
 -0.47080325E-001  0.61846962E-001  0.14541427E+001  0.42332185E+002
 -0.47080112E-001  0.61847130E-001  0.14541442E+001  0.42332187E+002
 -0.47079921E-001  0.61847284E-001  0.14541457E+001  0.42332188E+002
 -0.47079750E-001  0.61847425E-001  0.14541470E+001  0.42332190E+002
 -0.47079598E-001  0.61847554E-001  0.14541483E+001  0.42332191E+002
 -0.47079461E-001  0.61847675E-001  0.14541495E+001  0.42332193E+002
 -0.47079339E-001  0.61847788E-001  0.14541507E+001  0.42332194E+002
 -0.47079229E-001  0.61847895E-001  0.14541518E+001  0.42332196E+002
 -0.47079130E-001  0.61847998E-001  0.14541529E+001  0.42332197E+002
 -0.47079041E-001  0.61848097E-001  0.14541540E+001  0.42332198E+002
 -0.47078960E-001  0.61848193E-001  0.14541551E+001  0.42332200E+002
 -0.47078886E-001  0.61848287E-001  0.14541562E+001  0.42332201E+002
 -0.47078818E-001  0.61848380E-001  0.14541572E+001  0.42332203E+002
 -0.47078756E-001  0.61848472E-001  0.14541583E+001  0.42332204E+002
 -0.47078697E-001  0.61848564E-001  0.14541594E+001  0.42332206E+002
 -0.47078641E-001  0.61848656E-001  0.14541605E+001  0.42332208E+002
 -0.47078586E-001  0.61848749E-001  0.14541617E+001  0.42332209E+002
 -0.47078530E-001  0.61848842E-001  0.14541628E+001  0.42332211E+002
 -0.47078469E-001  0.61848938E-001  0.14541640E+001  0.42332213E+002
 -0.47078396E-001  0.61849035E-001  0.14541652E+001  0.42332215E+002
 -0.47078296E-001  0.61849137E-001  0.14541664E+001  0.42332217E+002
 -0.47078142E-001  0.61849245E-001  0.14541677E+001  0.42332219E+002
 -0.47077875E-001  0.61849368E-001  0.14541690E+001  0.42332221E+002
 -0.47078516E-001  0.61849428E-001  0.14541701E+001  0.42332224E+002
 -0.47078418E-001  0.61849525E-001  0.14541714E+001  0.42332226E+002
 -0.47078351E-001  0.61849617E-001  0.14541727E+001  0.42332228E+002
 -0.47078303E-001  0.61849707E-001  0.14541740E+001  0.42332231E+002
 -0.47078266E-001  0.61849795E-001  0.14541753E+001  0.42332234E+002
 -0.47078236E-001  0.61849883E-001  0.14541766E+001  0.42332236E+002
 -0.47078210E-001  0.61849970E-001  0.14541779E+001  0.42332239E+002
 -0.47078187E-001  0.61850056E-001  0.14541792E+001  0.42332242E+002
 -0.47078167E-001  0.61850142E-001  0.14541805E+001  0.42332244E+002
 -0.47078149E-001  0.61850227E-001  0.14541818E+001  0.42332247E+002
 -0.47078132E-001  0.61850312E-001  0.14541832E+001  0.42332250E+002
 -0.47078116E-001  0.61850396E-001  0.14541845E+001  0.42332253E+002
 -0.47078101E-001  0.61850480E-001  0.14541858E+001  0.42332256E+002
 -0.47078087E-001  0.61850563E-001  0.14541872E+001  0.42332260E+002
 -0.47078074E-001  0.61850645E-001  0.14541885E+001  0.42332263E+002
 -0.47078062E-001  0.61850726E-001  0.14541898E+001  0.42332266E+002
 -0.47078049E-001  0.61850807E-001  0.14541912E+001  0.42332269E+002
 -0.47078038E-001  0.61850886E-001  0.14541925E+001  0.42332273E+002
 -0.47078027E-001  0.61850965E-001  0.14541938E+001  0.42332276E+002
 -0.47078016E-001  0.61851042E-001  0.14541951E+001  0.42332279E+002
 -0.47078005E-001  0.61851118E-001  0.14541964E+001  0.42332283E+002
 -0.47077995E-001  0.61851193E-001  0.14541976E+001  0.42332286E+002
 -0.47077985E-001  0.61851266E-001  0.14541989E+001  0.42332290E+002
 -0.47077976E-001  0.61851338E-001  0.14542002E+001  0.42332293E+002
 -0.47077967E-001  0.61851408E-001  0.14542014E+001  0.42332297E+002
 -0.47077958E-001  0.61851477E-001  0.14542026E+001  0.42332300E+002
 -0.47077949E-001  0.61851545E-001  0.14542038E+001  0.42332304E+002
 -0.47077940E-001  0.61851610E-001  0.14542050E+001  0.42332308E+002
 -0.47077932E-001  0.61851675E-001  0.14542062E+001  0.42332311E+002
 -0.47077924E-001  0.61851737E-001  0.14542074E+001  0.42332315E+002
 -0.47077916E-001  0.61851798E-001  0.14542085E+001  0.42332318E+002
 -0.47077909E-001  0.61851858E-001  0.14542096E+001  0.42332322E+002
 -0.47077901E-001  0.61851915E-001  0.14542107E+001  0.42332326E+002
 -0.47077894E-001  0.61851971E-001  0.14542118E+001  0.42332329E+002
 -0.47077887E-001  0.61852025E-001  0.14542128E+001  0.42332333E+002
 -0.47077880E-001  0.61852078E-001  0.14542139E+001  0.42332337E+002
 -0.47077874E-001  0.61852129E-001  0.14542149E+001  0.42332340E+002
 -0.47077868E-001  0.61852178E-001  0.14542159E+001  0.42332344E+002
 -0.47077862E-001  0.61852225E-001  0.14542168E+001  0.42332348E+002
 -0.47077856E-001  0.61852271E-001  0.14542178E+001  0.42332351E+002
 -0.47077850E-001  0.61852315E-001  0.14542187E+001  0.42332355E+002
 -0.47077844E-001  0.61852358E-001  0.14542196E+001  0.42332359E+002
 -0.47077839E-001  0.61852399E-001  0.14542205E+001  0.42332362E+002
 -0.47077834E-001  0.61852439E-001  0.14542213E+001  0.42332366E+002
 -0.47077829E-001  0.61852477E-001  0.14542221E+001  0.42332370E+002
 -0.47077824E-001  0.61852513E-001  0.14542229E+001  0.42332373E+002
 -0.47077819E-001  0.61852549E-001  0.14542237E+001  0.42332377E+002
 -0.47077815E-001  0.61852582E-001  0.14542245E+001  0.42332381E+002
 -0.47077811E-001  0.61852615E-001  0.14542252E+001  0.42332385E+002
 -0.47077806E-001  0.61852646E-001  0.14542259E+001  0.42332388E+002
 -0.47077803E-001  0.61852675E-001  0.14542266E+001  0.42332392E+002
 -0.47077799E-001  0.61852704E-001  0.14542273E+001  0.42332396E+002
 -0.47077795E-001  0.61852731E-001  0.14542279E+001  0.42332399E+002
 -0.47077792E-001  0.61852757E-001  0.14542285E+001  0.42332403E+002
 -0.47077788E-001  0.61852782E-001  0.14542291E+001  0.42332407E+002
 -0.47077785E-001  0.61852805E-001  0.14542297E+001  0.42332411E+002
 -0.47077782E-001  0.61852828E-001  0.14542302E+001  0.42332414E+002
 -0.47077779E-001  0.61852849E-001  0.14542308E+001  0.42332418E+002
 -0.47077776E-001  0.61852870E-001  0.14542313E+001  0.42332422E+002
 -0.47077773E-001  0.61852889E-001  0.14542318E+001  0.42332426E+002
 -0.47077771E-001  0.61852908E-001  0.14542322E+001  0.42332430E+002
 -0.47077768E-001  0.61852925E-001  0.14542327E+001  0.42332434E+002
 -0.47077766E-001  0.61852942E-001  0.14542331E+001  0.42332438E+002
 -0.47077764E-001  0.61852958E-001  0.14542335E+001  0.42332442E+002
 -0.47077762E-001  0.61852973E-001  0.14542339E+001  0.42332446E+002
 -0.47077759E-001  0.61852987E-001  0.14542343E+001  0.42332450E+002
 -0.47077758E-001  0.61853001E-001  0.14542347E+001  0.42332454E+002
 -0.47077756E-001  0.61853013E-001  0.14542350E+001  0.42332458E+002
 -0.47077754E-001  0.61853026E-001  0.14542353E+001  0.42332462E+002
 -0.47077752E-001  0.61853037E-001  0.14542356E+001  0.42332466E+002
 -0.47077751E-001  0.61853048E-001  0.14542359E+001  0.42332470E+002
 -0.47077749E-001  0.61853058E-001  0.14542362E+001  0.42332475E+002
 -0.47077748E-001  0.61853068E-001  0.14542365E+001  0.42332479E+002
 -0.47077746E-001  0.61853077E-001  0.14542368E+001  0.42332483E+002
 -0.47077745E-001  0.61853085E-001  0.14542370E+001  0.42332488E+002
 -0.47077744E-001  0.61853093E-001  0.14542372E+001  0.42332492E+002
 -0.47077743E-001  0.61853101E-001  0.14542375E+001  0.42332497E+002
 -0.47077742E-001  0.61853108E-001  0.14542377E+001  0.42332501E+002
 -0.47077741E-001  0.61853115E-001  0.14542379E+001  0.42332506E+002
 -0.47077740E-001  0.61853121E-001  0.14542381E+001  0.42332510E+002
 -0.47077739E-001  0.61853127E-001  0.14542383E+001  0.42332515E+002
 -0.47077738E-001  0.61853133E-001  0.14542384E+001  0.42332520E+002
 -0.47077737E-001  0.61853138E-001  0.14542386E+001  0.42332525E+002
 -0.47077736E-001  0.61853143E-001  0.14542387E+001  0.42332530E+002
 -0.47077735E-001  0.61853148E-001  0.14542389E+001  0.42332534E+002
 -0.47077735E-001  0.61853153E-001  0.14542390E+001  0.42332539E+002
 -0.47077734E-001  0.61853157E-001  0.14542392E+001  0.42332544E+002
 -0.47077733E-001  0.61853161E-001  0.14542393E+001  0.42332549E+002
 -0.47077733E-001  0.61853164E-001  0.14542394E+001  0.42332554E+002
 -0.47077732E-001  0.61853168E-001  0.14542395E+001  0.42332559E+002
 -0.47077732E-001  0.61853171E-001  0.14542396E+001  0.42332565E+002
 -0.47077731E-001  0.61853174E-001  0.14542397E+001  0.42332570E+002
 -0.47077731E-001  0.61853177E-001  0.14542398E+001  0.42332575E+002
 -0.47077730E-001  0.61853180E-001  0.14542399E+001  0.42332580E+002
 -0.47077730E-001  0.61853182E-001  0.14542400E+001  0.42332585E+002
 -0.47077729E-001  0.61853185E-001  0.14542401E+001  0.42332591E+002
 -0.47077729E-001  0.61853187E-001  0.14542401E+001  0.42332596E+002
 -0.47077729E-001  0.61853189E-001  0.14542402E+001  0.42332601E+002
 -0.47077728E-001  0.61853191E-001  0.14542403E+001  0.42332606E+002
 -0.47077728E-001  0.61853193E-001  0.14542403E+001  0.42332612E+002
 -0.47077728E-001  0.61853194E-001  0.14542404E+001  0.42332617E+002
 -0.47077727E-001  0.61853196E-001  0.14542405E+001  0.42332622E+002
 -0.47077727E-001  0.61853198E-001  0.14542405E+001  0.42332628E+002
 -0.47077727E-001  0.61853199E-001  0.14542406E+001  0.42332633E+002
 -0.47077727E-001  0.61853201E-001  0.14542406E+001  0.42332638E+002
 -0.47077726E-001  0.61853202E-001  0.14542407E+001  0.42332644E+002
 -0.47077726E-001  0.61853203E-001  0.14542407E+001  0.42332649E+002
 -0.47077726E-001  0.61853204E-001  0.14542407E+001  0.42332654E+002
 -0.47077726E-001  0.61853205E-001  0.14542408E+001  0.42332659E+002
 -0.47077726E-001  0.61853206E-001  0.14542408E+001  0.42332665E+002
 -0.47077725E-001  0.61853207E-001  0.14542409E+001  0.42332670E+002
 -0.47077725E-001  0.61853208E-001  0.14542409E+001  0.42332675E+002
 -0.47077725E-001  0.61853209E-001  0.14542409E+001  0.42332680E+002
 -0.47077725E-001  0.61853210E-001  0.14542409E+001  0.42332685E+002
 -0.47077725E-001  0.61853211E-001  0.14542410E+001  0.42332690E+002
 -0.47077725E-001  0.61853212E-001  0.14542410E+001  0.42332695E+002
 -0.47077725E-001  0.61853212E-001  0.14542410E+001  0.42332700E+002
 -0.47077724E-001  0.61853213E-001  0.14542410E+001  0.42332705E+002
 -0.47077724E-001  0.61853214E-001  0.14542411E+001  0.42332710E+002
 -0.47077724E-001  0.61853214E-001  0.14542411E+001  0.42332715E+002
 -0.47077724E-001  0.61853215E-001  0.14542411E+001  0.42332720E+002
 -0.47077724E-001  0.61853216E-001  0.14542411E+001  0.42332725E+002
 -0.47077724E-001  0.61853216E-001  0.14542411E+001  0.42332729E+002
 -0.47077724E-001  0.61853217E-001  0.14542412E+001  0.42332734E+002
 -0.47077724E-001  0.61853217E-001  0.14542412E+001  0.42332738E+002
 -0.47077724E-001  0.61853218E-001  0.14542412E+001  0.42332743E+002
 -0.47077724E-001  0.61853218E-001  0.14542412E+001  0.42332747E+002
 -0.47077724E-001  0.61853219E-001  0.14542412E+001  0.42332752E+002
 -0.47077723E-001  0.61853220E-001  0.14542412E+001  0.42332756E+002
