  0.15114920E+001
  0.15115200E+001
  0.15115071E+001
  0.15114915E+001
  0.15114768E+001
  0.15114634E+001
  0.15114515E+001
  0.15114409E+001
  0.15114315E+001
  0.15114232E+001
  0.15114159E+001
  0.15114094E+001
  0.15114036E+001
  0.15113986E+001
  0.15113941E+001
  0.15113901E+001
  0.15113866E+001
  0.15113835E+001
  0.15113807E+001
  0.15113783E+001
  0.15113762E+001
  0.15113742E+001
  0.15113726E+001
  0.15113711E+001
  0.15113697E+001
  0.15113685E+001
  0.15113675E+001
  0.15113666E+001
  0.15113658E+001
  0.15113650E+001
  0.15113644E+001
  0.15113638E+001
  0.15113633E+001
  0.15113628E+001
  0.15113624E+001
  0.15113621E+001
  0.15113618E+001
  0.15113615E+001
  0.15113612E+001
  0.15113610E+001
  0.15113608E+001
  0.15113607E+001
  0.15113605E+001
  0.15113604E+001
  0.15113603E+001
  0.15113602E+001
  0.15113601E+001
  0.15113600E+001
  0.15113599E+001
  0.15113598E+001
  0.15113598E+001
  0.15113597E+001
  0.15113597E+001
  0.15113596E+001
  0.15113596E+001
  0.15113595E+001
  0.15113595E+001
  0.15113595E+001
  0.15113594E+001
  0.15113594E+001
  0.15113594E+001
  0.15113593E+001
  0.15113593E+001
  0.15113593E+001
  0.15113593E+001
  0.15113592E+001
  0.15113592E+001
  0.15113592E+001
  0.15113592E+001
  0.15113593E+001
  0.15113592E+001
  0.15113592E+001
  0.15113591E+001
  0.15113591E+001
  0.15113591E+001
  0.15113591E+001
  0.15113591E+001
  0.15113592E+001
  0.15113592E+001
  0.15113592E+001
  0.15113592E+001
  0.15113592E+001
  0.15113592E+001
  0.15113592E+001
  0.15113592E+001
  0.15113593E+001
  0.15113593E+001
  0.15113593E+001
  0.15113593E+001
  0.15113594E+001
  0.15113594E+001
  0.15113594E+001
  0.15113594E+001
  0.15113594E+001
  0.15113595E+001
  0.15113595E+001
  0.15113595E+001
  0.15113596E+001
  0.15113596E+001
  0.15113596E+001
  0.15113596E+001
  0.15113597E+001
  0.15113597E+001
  0.15113597E+001
  0.15113597E+001
  0.15113598E+001
  0.15113598E+001
  0.15113598E+001
  0.15113598E+001
  0.15113599E+001
  0.15113599E+001
  0.15113599E+001
  0.15113599E+001
  0.15113600E+001
  0.15113600E+001
  0.15113600E+001
  0.15113601E+001
  0.15113601E+001
  0.15113601E+001
  0.15113601E+001
  0.15113602E+001
  0.15113602E+001
  0.15113602E+001
  0.15113602E+001
  0.15113603E+001
  0.15113603E+001
  0.15113603E+001
  0.15113603E+001
  0.15113604E+001
  0.15113604E+001
  0.15113604E+001
  0.15113605E+001
  0.15113605E+001
  0.15113605E+001
  0.15113605E+001
  0.15113606E+001
  0.15113606E+001
  0.15113606E+001
  0.15113607E+001
  0.15113607E+001
  0.15113607E+001
  0.15113608E+001
  0.15113608E+001
  0.15113608E+001
  0.15113609E+001
  0.15113609E+001
  0.15113610E+001
  0.15113610E+001
  0.15113610E+001
  0.15113611E+001
  0.15113611E+001
  0.15113611E+001
  0.15113612E+001
  0.15113612E+001
  0.15113613E+001
  0.15113613E+001
  0.15113614E+001
  0.15113614E+001
  0.15113614E+001
  0.15113615E+001
  0.15113615E+001
  0.15113616E+001
  0.15113616E+001
  0.15113617E+001
  0.15113617E+001
  0.15113618E+001
  0.15113618E+001
  0.15113619E+001
  0.15113619E+001
  0.15113620E+001
  0.15113620E+001
  0.15113621E+001
  0.15113621E+001
  0.15113622E+001
  0.15113622E+001
  0.15113623E+001
  0.15113623E+001
  0.15113624E+001
  0.15113624E+001
  0.15113625E+001
  0.15113625E+001
  0.15113626E+001
  0.15113626E+001
  0.15113627E+001
  0.15113627E+001
  0.15113628E+001
  0.15113628E+001
  0.15113629E+001
  0.15113629E+001
  0.15113630E+001
  0.15113630E+001
  0.15113631E+001
  0.15113631E+001
  0.15113632E+001
  0.15113632E+001
  0.15113632E+001
  0.15113633E+001
  0.15113633E+001
  0.15113634E+001
  0.15113634E+001
