  0.89053436E+000
  0.89061360E+000
  0.89066783E+000
  0.89071276E+000
  0.89075082E+000
  0.89078303E+000
  0.89081021E+000
  0.89083311E+000
  0.89085236E+000
  0.89086852E+000
  0.89088206E+000
  0.89089340E+000
  0.89090288E+000
  0.89091079E+000
  0.89091738E+000
  0.89092286E+000
  0.89092741E+000
  0.89093117E+000
  0.89093428E+000
  0.89093684E+000
  0.89093894E+000
  0.89094065E+000
  0.89094204E+000
  0.89094316E+000
  0.89094405E+000
  0.89094476E+000
  0.89094532E+000
  0.89094575E+000
  0.89094608E+000
  0.89094632E+000
  0.89094650E+000
  0.89094661E+000
  0.89094669E+000
  0.89094673E+000
  0.89094674E+000
  0.89094673E+000
  0.89094671E+000
  0.89094668E+000
  0.89094664E+000
  0.89094659E+000
  0.89094654E+000
  0.89094650E+000
  0.89094645E+000
  0.89094641E+000
  0.89094637E+000
  0.89094633E+000
  0.89094630E+000
  0.89094628E+000
  0.89094626E+000
  0.89094625E+000
  0.89094625E+000
  0.89094625E+000
  0.89094625E+000
  0.89094627E+000
  0.89094628E+000
  0.89094630E+000
  0.89094633E+000
  0.89094635E+000
  0.89094638E+000
  0.89094641E+000
  0.89094644E+000
  0.89094648E+000
  0.89094651E+000
  0.89094654E+000
  0.89094657E+000
  0.89094660E+000
  0.89094663E+000
  0.89094666E+000
  0.89094669E+000
  0.89094675E+000
  0.89094672E+000
  0.89094672E+000
  0.89094673E+000
  0.89094674E+000
  0.89094674E+000
  0.89094675E+000
  0.89094675E+000
  0.89094676E+000
  0.89094676E+000
  0.89094675E+000
  0.89094675E+000
  0.89094674E+000
  0.89094674E+000
  0.89094673E+000
  0.89094672E+000
  0.89094670E+000
  0.89094669E+000
  0.89094668E+000
  0.89094666E+000
  0.89094665E+000
  0.89094663E+000
  0.89094661E+000
  0.89094659E+000
  0.89094657E+000
  0.89094655E+000
  0.89094653E+000
  0.89094651E+000
  0.89094649E+000
  0.89094647E+000
  0.89094645E+000
  0.89094643E+000
  0.89094641E+000
  0.89094639E+000
  0.89094637E+000
  0.89094635E+000
  0.89094633E+000
  0.89094631E+000
  0.89094629E+000
  0.89094627E+000
  0.89094625E+000
  0.89094623E+000
  0.89094621E+000
  0.89094619E+000
  0.89094617E+000
  0.89094615E+000
  0.89094614E+000
  0.89094612E+000
  0.89094610E+000
  0.89094608E+000
  0.89094607E+000
  0.89094605E+000
  0.89094603E+000
  0.89094602E+000
  0.89094600E+000
  0.89094599E+000
  0.89094597E+000
  0.89094596E+000
  0.89094595E+000
  0.89094593E+000
  0.89094592E+000
  0.89094591E+000
  0.89094589E+000
  0.89094588E+000
  0.89094587E+000
  0.89094586E+000
  0.89094585E+000
  0.89094584E+000
  0.89094583E+000
  0.89094582E+000
  0.89094581E+000
  0.89094580E+000
  0.89094579E+000
  0.89094578E+000
  0.89094577E+000
  0.89094576E+000
  0.89094575E+000
  0.89094574E+000
  0.89094573E+000
  0.89094573E+000
  0.89094572E+000
  0.89094571E+000
  0.89094570E+000
  0.89094570E+000
  0.89094569E+000
  0.89094568E+000
  0.89094568E+000
  0.89094567E+000
  0.89094567E+000
  0.89094566E+000
  0.89094565E+000
  0.89094565E+000
  0.89094564E+000
  0.89094564E+000
  0.89094563E+000
  0.89094563E+000
  0.89094562E+000
  0.89094562E+000
  0.89094561E+000
  0.89094561E+000
  0.89094561E+000
  0.89094560E+000
  0.89094560E+000
  0.89094559E+000
  0.89094559E+000
  0.89094559E+000
  0.89094558E+000
  0.89094558E+000
  0.89094558E+000
  0.89094557E+000
  0.89094557E+000
  0.89094557E+000
  0.89094556E+000
  0.89094556E+000
  0.89094556E+000
  0.89094555E+000
  0.89094555E+000
  0.89094555E+000
  0.89094555E+000
  0.89094554E+000
  0.89094554E+000
  0.89094554E+000
  0.89094554E+000
  0.89094554E+000
  0.89094553E+000
  0.89094553E+000
  0.89094553E+000
  0.89094553E+000
  0.89094553E+000
  0.89094552E+000
  0.89094552E+000
