  0.10950479E+002
  0.10950615E+002
  0.10950537E+002
  0.10950469E+002
  0.10950413E+002
  0.10950368E+002
  0.10950331E+002
  0.10950301E+002
  0.10950278E+002
  0.10950259E+002
  0.10950245E+002
  0.10950234E+002
  0.10950226E+002
  0.10950220E+002
  0.10950216E+002
  0.10950214E+002
  0.10950213E+002
  0.10950212E+002
  0.10950213E+002
  0.10950214E+002
  0.10950216E+002
  0.10950218E+002
  0.10950220E+002
  0.10950223E+002
  0.10950225E+002
  0.10950228E+002
  0.10950231E+002
  0.10950234E+002
  0.10950236E+002
  0.10950239E+002
  0.10950242E+002
  0.10950244E+002
  0.10950247E+002
  0.10950249E+002
  0.10950251E+002
  0.10950253E+002
  0.10950256E+002
  0.10950257E+002
  0.10950259E+002
  0.10950261E+002
  0.10950263E+002
  0.10950264E+002
  0.10950266E+002
  0.10950267E+002
  0.10950268E+002
  0.10950269E+002
  0.10950270E+002
  0.10950271E+002
  0.10950272E+002
  0.10950273E+002
  0.10950274E+002
  0.10950275E+002
  0.10950276E+002
  0.10950276E+002
  0.10950277E+002
  0.10950278E+002
  0.10950278E+002
  0.10950279E+002
  0.10950280E+002
  0.10950280E+002
  0.10950281E+002
  0.10950282E+002
  0.10950283E+002
  0.10950283E+002
  0.10950284E+002
  0.10950285E+002
  0.10950286E+002
  0.10950286E+002
  0.10950287E+002
  0.10950288E+002
  0.10950289E+002
  0.10950290E+002
  0.10950291E+002
  0.10950292E+002
  0.10950293E+002
  0.10950294E+002
  0.10950295E+002
  0.10950296E+002
  0.10950297E+002
  0.10950298E+002
  0.10950299E+002
  0.10950300E+002
  0.10950301E+002
  0.10950302E+002
  0.10950303E+002
  0.10950305E+002
  0.10950306E+002
  0.10950307E+002
  0.10950308E+002
  0.10950309E+002
  0.10950311E+002
  0.10950312E+002
  0.10950313E+002
  0.10950314E+002
  0.10950315E+002
  0.10950317E+002
  0.10950318E+002
  0.10950319E+002
  0.10950320E+002
  0.10950321E+002
  0.10950323E+002
  0.10950324E+002
  0.10950325E+002
  0.10950326E+002
  0.10950328E+002
  0.10950329E+002
  0.10950330E+002
  0.10950331E+002
  0.10950332E+002
  0.10950333E+002
  0.10950335E+002
  0.10950336E+002
  0.10950337E+002
  0.10950338E+002
  0.10950339E+002
  0.10950340E+002
  0.10950341E+002
  0.10950343E+002
  0.10950344E+002
  0.10950345E+002
  0.10950346E+002
  0.10950347E+002
  0.10950348E+002
  0.10950349E+002
  0.10950350E+002
  0.10950351E+002
  0.10950353E+002
  0.10950354E+002
  0.10950355E+002
  0.10950356E+002
  0.10950357E+002
  0.10950358E+002
  0.10950359E+002
  0.10950360E+002
  0.10950361E+002
  0.10950362E+002
  0.10950363E+002
  0.10950365E+002
  0.10950366E+002
  0.10950367E+002
  0.10950368E+002
  0.10950369E+002
  0.10950370E+002
  0.10950371E+002
  0.10950373E+002
  0.10950374E+002
  0.10950375E+002
  0.10950376E+002
  0.10950377E+002
  0.10950378E+002
  0.10950380E+002
  0.10950381E+002
  0.10950382E+002
  0.10950383E+002
  0.10950385E+002
  0.10950386E+002
  0.10950387E+002
  0.10950388E+002
  0.10950390E+002
  0.10950391E+002
  0.10950392E+002
  0.10950394E+002
  0.10950395E+002
  0.10950396E+002
  0.10950398E+002
  0.10950399E+002
  0.10950400E+002
  0.10950402E+002
  0.10950403E+002
  0.10950404E+002
  0.10950406E+002
  0.10950407E+002
  0.10950408E+002
  0.10950410E+002
  0.10950411E+002
  0.10950412E+002
  0.10950414E+002
  0.10950415E+002
  0.10950416E+002
  0.10950418E+002
  0.10950419E+002
  0.10950420E+002
  0.10950422E+002
  0.10950423E+002
  0.10950424E+002
  0.10950425E+002
  0.10950427E+002
  0.10950428E+002
  0.10950429E+002
  0.10950430E+002
  0.10950432E+002
  0.10950433E+002
  0.10950434E+002
  0.10950435E+002
  0.10950436E+002
  0.10950437E+002
  0.10950439E+002
  0.10950440E+002
  0.10950441E+002
  0.10950442E+002
