  0.52304222E+000
  0.52557529E+000
  0.52551358E+000
  0.52516960E+000
  0.52483159E+000
  0.52453780E+000
  0.52428908E+000
  0.52408021E+000
  0.52390540E+000
  0.52375934E+000
  0.52363758E+000
  0.52353654E+000
  0.52345243E+000
  0.52338235E+000
  0.52332412E+000
  0.52327583E+000
  0.52323587E+000
  0.52320287E+000
  0.52317567E+000
  0.52315331E+000
  0.52313497E+000
  0.52311996E+000
  0.52310771E+000
  0.52309774E+000
  0.52308964E+000
  0.52308307E+000
  0.52307776E+000
  0.52307346E+000
  0.52306999E+000
  0.52306720E+000
  0.52306494E+000
  0.52306311E+000
  0.52306163E+000
  0.52306042E+000
  0.52305943E+000
  0.52305861E+000
  0.52305794E+000
  0.52305737E+000
  0.52305689E+000
  0.52305648E+000
  0.52305612E+000
  0.52305581E+000
  0.52305553E+000
  0.52305529E+000
  0.52305506E+000
  0.52305486E+000
  0.52305466E+000
  0.52305447E+000
  0.52305429E+000
  0.52305410E+000
  0.52305391E+000
  0.52305370E+000
  0.52305349E+000
  0.52305327E+000
  0.52305303E+000
  0.52305278E+000
  0.52305252E+000
  0.52305224E+000
  0.52305196E+000
  0.52305166E+000
  0.52305136E+000
  0.52305105E+000
  0.52305074E+000
  0.52305043E+000
  0.52305011E+000
  0.52304979E+000
  0.52304945E+000
  0.52304908E+000
  0.52304860E+000
  0.52304781E+000
  0.52304550E+000
  0.52304564E+000
  0.52304571E+000
  0.52304572E+000
  0.52304570E+000
  0.52304566E+000
  0.52304560E+000
  0.52304554E+000
  0.52304547E+000
  0.52304540E+000
  0.52304533E+000
  0.52304525E+000
  0.52304518E+000
  0.52304510E+000
  0.52304503E+000
  0.52304495E+000
  0.52304488E+000
  0.52304481E+000
  0.52304473E+000
  0.52304466E+000
  0.52304459E+000
  0.52304452E+000
  0.52304445E+000
  0.52304438E+000
  0.52304432E+000
  0.52304425E+000
  0.52304419E+000
  0.52304413E+000
  0.52304407E+000
  0.52304401E+000
  0.52304395E+000
  0.52304389E+000
  0.52304384E+000
  0.52304378E+000
  0.52304373E+000
  0.52304368E+000
  0.52304363E+000
  0.52304358E+000
  0.52304353E+000
  0.52304349E+000
  0.52304344E+000
  0.52304340E+000
  0.52304335E+000
  0.52304331E+000
  0.52304327E+000
  0.52304323E+000
  0.52304319E+000
  0.52304316E+000
  0.52304312E+000
  0.52304309E+000
  0.52304305E+000
  0.52304302E+000
  0.52304299E+000
  0.52304296E+000
  0.52304293E+000
  0.52304290E+000
  0.52304287E+000
  0.52304284E+000
  0.52304282E+000
  0.52304279E+000
  0.52304277E+000
  0.52304275E+000
  0.52304272E+000
  0.52304270E+000
  0.52304268E+000
  0.52304266E+000
  0.52304264E+000
  0.52304262E+000
  0.52304260E+000
  0.52304259E+000
  0.52304257E+000
  0.52304256E+000
  0.52304254E+000
  0.52304253E+000
  0.52304251E+000
  0.52304250E+000
  0.52304249E+000
  0.52304247E+000
  0.52304246E+000
  0.52304245E+000
  0.52304244E+000
  0.52304243E+000
  0.52304242E+000
  0.52304241E+000
  0.52304240E+000
  0.52304239E+000
  0.52304238E+000
  0.52304238E+000
  0.52304237E+000
  0.52304236E+000
  0.52304235E+000
  0.52304235E+000
  0.52304234E+000
  0.52304233E+000
  0.52304233E+000
  0.52304232E+000
  0.52304232E+000
  0.52304231E+000
  0.52304231E+000
  0.52304230E+000
  0.52304230E+000
  0.52304230E+000
  0.52304229E+000
  0.52304229E+000
  0.52304228E+000
  0.52304228E+000
  0.52304228E+000
  0.52304227E+000
  0.52304227E+000
  0.52304227E+000
  0.52304227E+000
  0.52304226E+000
  0.52304226E+000
  0.52304226E+000
  0.52304226E+000
  0.52304225E+000
  0.52304225E+000
  0.52304225E+000
  0.52304225E+000
  0.52304225E+000
  0.52304224E+000
  0.52304224E+000
  0.52304224E+000
  0.52304224E+000
  0.52304224E+000
  0.52304224E+000
  0.52304224E+000
  0.52304224E+000
  0.52304224E+000
  0.52304224E+000
