  0.28931956E+000
  0.28929198E+000
  0.28926917E+000
  0.28925209E+000
  0.28924001E+000
  0.28923200E+000
  0.28922722E+000
  0.28922498E+000
  0.28922473E+000
  0.28922601E+000
  0.28922846E+000
  0.28923178E+000
  0.28923573E+000
  0.28924012E+000
  0.28924479E+000
  0.28924961E+000
  0.28925448E+000
  0.28925931E+000
  0.28926405E+000
  0.28926864E+000
  0.28927304E+000
  0.28927724E+000
  0.28928119E+000
  0.28928491E+000
  0.28928836E+000
  0.28929157E+000
  0.28929452E+000
  0.28929723E+000
  0.28929970E+000
  0.28930195E+000
  0.28930397E+000
  0.28930580E+000
  0.28930745E+000
  0.28930892E+000
  0.28931023E+000
  0.28931140E+000
  0.28931244E+000
  0.28931336E+000
  0.28931418E+000
  0.28931491E+000
  0.28931555E+000
  0.28931612E+000
  0.28931663E+000
  0.28931708E+000
  0.28931748E+000
  0.28931783E+000
  0.28931815E+000
  0.28931843E+000
  0.28931869E+000
  0.28931892E+000
  0.28931913E+000
  0.28931932E+000
  0.28931949E+000
  0.28931965E+000
  0.28931980E+000
  0.28931994E+000
  0.28932007E+000
  0.28932019E+000
  0.28932030E+000
  0.28932040E+000
  0.28932050E+000
  0.28932059E+000
  0.28932068E+000
  0.28932076E+000
  0.28932083E+000
  0.28932090E+000
  0.28932097E+000
  0.28932104E+000
  0.28932111E+000
  0.28932122E+000
  0.28932144E+000
  0.28932156E+000
  0.28932161E+000
  0.28932162E+000
  0.28932162E+000
  0.28932160E+000
  0.28932157E+000
  0.28932153E+000
  0.28932150E+000
  0.28932145E+000
  0.28932141E+000
  0.28932137E+000
  0.28932132E+000
  0.28932128E+000
  0.28932123E+000
  0.28932118E+000
  0.28932113E+000
  0.28932108E+000
  0.28932104E+000
  0.28932099E+000
  0.28932094E+000
  0.28932089E+000
  0.28932085E+000
  0.28932080E+000
  0.28932076E+000
  0.28932071E+000
  0.28932067E+000
  0.28932062E+000
  0.28932058E+000
  0.28932054E+000
  0.28932050E+000
  0.28932046E+000
  0.28932042E+000
  0.28932038E+000
  0.28932035E+000
  0.28932031E+000
  0.28932028E+000
  0.28932024E+000
  0.28932021E+000
  0.28932018E+000
  0.28932015E+000
  0.28932012E+000
  0.28932009E+000
  0.28932007E+000
  0.28932004E+000
  0.28932002E+000
  0.28931999E+000
  0.28931997E+000
  0.28931995E+000
  0.28931993E+000
  0.28931991E+000
  0.28931989E+000
  0.28931987E+000
  0.28931985E+000
  0.28931983E+000
  0.28931982E+000
  0.28931980E+000
  0.28931979E+000
  0.28931978E+000
  0.28931976E+000
  0.28931975E+000
  0.28931974E+000
  0.28931973E+000
  0.28931972E+000
  0.28931971E+000
  0.28931970E+000
  0.28931969E+000
  0.28931968E+000
  0.28931968E+000
  0.28931967E+000
  0.28931966E+000
  0.28931966E+000
  0.28931965E+000
  0.28931965E+000
  0.28931964E+000
  0.28931964E+000
  0.28931963E+000
  0.28931963E+000
  0.28931962E+000
  0.28931962E+000
  0.28931962E+000
  0.28931961E+000
  0.28931961E+000
  0.28931961E+000
  0.28931960E+000
  0.28931960E+000
  0.28931960E+000
  0.28931960E+000
  0.28931960E+000
  0.28931959E+000
  0.28931959E+000
  0.28931959E+000
  0.28931959E+000
  0.28931959E+000
  0.28931959E+000
  0.28931958E+000
  0.28931958E+000
  0.28931958E+000
  0.28931958E+000
  0.28931958E+000
  0.28931958E+000
  0.28931958E+000
  0.28931958E+000
  0.28931958E+000
  0.28931958E+000
  0.28931958E+000
  0.28931957E+000
  0.28931957E+000
  0.28931957E+000
  0.28931957E+000
  0.28931957E+000
  0.28931957E+000
  0.28931957E+000
  0.28931957E+000
  0.28931957E+000
  0.28931957E+000
  0.28931957E+000
  0.28931957E+000
  0.28931957E+000
  0.28931957E+000
  0.28931957E+000
  0.28931957E+000
  0.28931957E+000
  0.28931957E+000
  0.28931957E+000
  0.28931957E+000
  0.28931957E+000
  0.28931957E+000
  0.28931957E+000
  0.28931957E+000
