  0.69328195E-001
  0.69454514E-001
  0.69535591E-001
  0.69586454E-001
  0.69616392E-001
  0.69631589E-001
  0.69636358E-001
  0.69633736E-001
  0.69625925E-001
  0.69614539E-001
  0.69600769E-001
  0.69585503E-001
  0.69569469E-001
  0.69553206E-001
  0.69537042E-001
  0.69521219E-001
  0.69505912E-001
  0.69491249E-001
  0.69477315E-001
  0.69464168E-001
  0.69451841E-001
  0.69440347E-001
  0.69429686E-001
  0.69419843E-001
  0.69410798E-001
  0.69402521E-001
  0.69394978E-001
  0.69388131E-001
  0.69381938E-001
  0.69376357E-001
  0.69371344E-001
  0.69366856E-001
  0.69362850E-001
  0.69359283E-001
  0.69356115E-001
  0.69353309E-001
  0.69350826E-001
  0.69348634E-001
  0.69346701E-001
  0.69344999E-001
  0.69343499E-001
  0.69342180E-001
  0.69341018E-001
  0.69339994E-001
  0.69339091E-001
  0.69338293E-001
  0.69337585E-001
  0.69336955E-001
  0.69336393E-001
  0.69335886E-001
  0.69335428E-001
  0.69335010E-001
  0.69334626E-001
  0.69334269E-001
  0.69333935E-001
  0.69333620E-001
  0.69333322E-001
  0.69333036E-001
  0.69332762E-001
  0.69332498E-001
  0.69332244E-001
  0.69331998E-001
  0.69331759E-001
  0.69331528E-001
  0.69331304E-001
  0.69331083E-001
  0.69330865E-001
  0.69330640E-001
  0.69330390E-001
  0.69330063E-001
  0.69329466E-001
  0.69329147E-001
  0.69328963E-001
  0.69328850E-001
  0.69328776E-001
  0.69328724E-001
  0.69328686E-001
  0.69328655E-001
  0.69328630E-001
  0.69328608E-001
  0.69328589E-001
  0.69328572E-001
  0.69328557E-001
  0.69328543E-001
  0.69328531E-001
  0.69328519E-001
  0.69328508E-001
  0.69328498E-001
  0.69328488E-001
  0.69328479E-001
  0.69328471E-001
  0.69328462E-001
  0.69328455E-001
  0.69328447E-001
  0.69328440E-001
  0.69328433E-001
  0.69328426E-001
  0.69328420E-001
  0.69328414E-001
  0.69328408E-001
  0.69328402E-001
  0.69328396E-001
  0.69328391E-001
  0.69328385E-001
  0.69328380E-001
  0.69328375E-001
  0.69328370E-001
  0.69328365E-001
  0.69328360E-001
  0.69328355E-001
  0.69328350E-001
  0.69328346E-001
  0.69328341E-001
  0.69328337E-001
  0.69328333E-001
  0.69328329E-001
  0.69328324E-001
  0.69328320E-001
  0.69328316E-001
  0.69328313E-001
  0.69328309E-001
  0.69328305E-001
  0.69328301E-001
  0.69328298E-001
  0.69328294E-001
  0.69328291E-001
  0.69328288E-001
  0.69328284E-001
  0.69328281E-001
  0.69328278E-001
  0.69328275E-001
  0.69328272E-001
  0.69328270E-001
  0.69328267E-001
  0.69328264E-001
  0.69328262E-001
  0.69328259E-001
  0.69328257E-001
  0.69328254E-001
  0.69328252E-001
  0.69328250E-001
  0.69328248E-001
  0.69328245E-001
  0.69328243E-001
  0.69328241E-001
  0.69328240E-001
  0.69328238E-001
  0.69328236E-001
  0.69328234E-001
  0.69328233E-001
  0.69328231E-001
  0.69328230E-001
  0.69328228E-001
  0.69328227E-001
  0.69328225E-001
  0.69328224E-001
  0.69328223E-001
  0.69328221E-001
  0.69328220E-001
  0.69328219E-001
  0.69328218E-001
  0.69328217E-001
  0.69328216E-001
  0.69328215E-001
  0.69328214E-001
  0.69328213E-001
  0.69328212E-001
  0.69328211E-001
  0.69328211E-001
  0.69328210E-001
  0.69328209E-001
  0.69328208E-001
  0.69328208E-001
  0.69328207E-001
  0.69328206E-001
  0.69328206E-001
  0.69328205E-001
  0.69328205E-001
  0.69328204E-001
  0.69328204E-001
  0.69328203E-001
  0.69328203E-001
  0.69328202E-001
  0.69328202E-001
  0.69328202E-001
  0.69328201E-001
  0.69328201E-001
  0.69328201E-001
  0.69328200E-001
  0.69328200E-001
  0.69328200E-001
  0.69328199E-001
  0.69328199E-001
  0.69328199E-001
  0.69328199E-001
  0.69328199E-001
  0.69328198E-001
  0.69328198E-001
  0.69328199E-001
  0.69328198E-001
