  0.23372266E+000
  0.23628331E+000
  0.23624441E+000
  0.23591750E+000
  0.23559157E+000
  0.23530580E+000
  0.23506187E+000
  0.23485523E+000
  0.23468068E+000
  0.23453333E+000
  0.23440912E+000
  0.23430476E+000
  0.23421670E+000
  0.23414223E+000
  0.23407933E+000
  0.23402622E+000
  0.23398139E+000
  0.23394356E+000
  0.23391162E+000
  0.23388467E+000
  0.23386192E+000
  0.23384272E+000
  0.23382652E+000
  0.23381283E+000
  0.23380127E+000
  0.23379150E+000
  0.23378323E+000
  0.23377623E+000
  0.23377029E+000
  0.23376525E+000
  0.23376096E+000
  0.23375731E+000
  0.23375418E+000
  0.23375150E+000
  0.23374920E+000
  0.23374721E+000
  0.23374550E+000
  0.23374400E+000
  0.23374270E+000
  0.23374157E+000
  0.23374057E+000
  0.23373969E+000
  0.23373891E+000
  0.23373821E+000
  0.23373759E+000
  0.23373703E+000
  0.23373651E+000
  0.23373604E+000
  0.23373560E+000
  0.23373518E+000
  0.23373478E+000
  0.23373438E+000
  0.23373400E+000
  0.23373361E+000
  0.23373323E+000
  0.23373284E+000
  0.23373245E+000
  0.23373206E+000
  0.23373166E+000
  0.23373126E+000
  0.23373086E+000
  0.23373046E+000
  0.23373006E+000
  0.23372967E+000
  0.23372928E+000
  0.23372889E+000
  0.23372848E+000
  0.23372804E+000
  0.23372749E+000
  0.23372660E+000
  0.23372406E+000
  0.23372408E+000
  0.23372411E+000
  0.23372410E+000
  0.23372409E+000
  0.23372406E+000
  0.23372404E+000
  0.23372401E+000
  0.23372398E+000
  0.23372395E+000
  0.23372392E+000
  0.23372389E+000
  0.23372386E+000
  0.23372383E+000
  0.23372380E+000
  0.23372377E+000
  0.23372375E+000
  0.23372372E+000
  0.23372370E+000
  0.23372367E+000
  0.23372365E+000
  0.23372363E+000
  0.23372360E+000
  0.23372358E+000
  0.23372356E+000
  0.23372354E+000
  0.23372352E+000
  0.23372350E+000
  0.23372349E+000
  0.23372347E+000
  0.23372345E+000
  0.23372343E+000
  0.23372342E+000
  0.23372340E+000
  0.23372338E+000
  0.23372337E+000
  0.23372335E+000
  0.23372334E+000
  0.23372332E+000
  0.23372331E+000
  0.23372329E+000
  0.23372328E+000
  0.23372326E+000
  0.23372325E+000
  0.23372323E+000
  0.23372322E+000
  0.23372320E+000
  0.23372319E+000
  0.23372317E+000
  0.23372316E+000
  0.23372315E+000
  0.23372313E+000
  0.23372312E+000
  0.23372311E+000
  0.23372309E+000
  0.23372308E+000
  0.23372307E+000
  0.23372305E+000
  0.23372304E+000
  0.23372303E+000
  0.23372302E+000
  0.23372300E+000
  0.23372299E+000
  0.23372298E+000
  0.23372297E+000
  0.23372296E+000
  0.23372295E+000
  0.23372294E+000
  0.23372293E+000
  0.23372292E+000
  0.23372291E+000
  0.23372290E+000
  0.23372289E+000
  0.23372288E+000
  0.23372287E+000
  0.23372286E+000
  0.23372285E+000
  0.23372285E+000
  0.23372284E+000
  0.23372283E+000
  0.23372282E+000
  0.23372282E+000
  0.23372281E+000
  0.23372280E+000
  0.23372280E+000
  0.23372279E+000
  0.23372278E+000
  0.23372278E+000
  0.23372277E+000
  0.23372277E+000
  0.23372276E+000
  0.23372276E+000
  0.23372275E+000
  0.23372275E+000
  0.23372274E+000
  0.23372274E+000
  0.23372273E+000
  0.23372273E+000
  0.23372273E+000
  0.23372272E+000
  0.23372272E+000
  0.23372272E+000
  0.23372271E+000
  0.23372271E+000
  0.23372271E+000
  0.23372270E+000
  0.23372270E+000
  0.23372270E+000
  0.23372270E+000
  0.23372269E+000
  0.23372269E+000
  0.23372269E+000
  0.23372269E+000
  0.23372269E+000
  0.23372268E+000
  0.23372268E+000
  0.23372268E+000
  0.23372268E+000
  0.23372268E+000
  0.23372268E+000
  0.23372268E+000
  0.23372267E+000
  0.23372267E+000
  0.23372267E+000
  0.23372267E+000
  0.23372267E+000
  0.23372267E+000
  0.23372267E+000
  0.23372268E+000
  0.23372267E+000
