  0.35422337E+000
  0.35422194E+000
  0.35421790E+000
  0.35421358E+000
  0.35420957E+000
  0.35420533E+000
  0.35420114E+000
  0.35419846E+000
  0.35419564E+000
  0.35419287E+000
  0.35418971E+000
  0.35418742E+000
  0.35418536E+000
  0.35418290E+000
  0.35418151E+000
  0.35418011E+000
  0.35417866E+000
  0.35417749E+000
  0.35417644E+000
  0.35417557E+000
  0.35417478E+000
  0.35417398E+000
  0.35417333E+000
  0.35417276E+000
  0.35417223E+000
  0.35417178E+000
  0.35417138E+000
  0.35417098E+000
  0.35417064E+000
  0.35417046E+000
  0.35417021E+000
  0.35416996E+000
  0.35416977E+000
  0.35416960E+000
  0.35416945E+000
  0.35416931E+000
  0.35416918E+000
  0.35416907E+000
  0.35416898E+000
  0.35416890E+000
  0.35416882E+000
  0.35416876E+000
  0.35416870E+000
  0.35416865E+000
  0.35416861E+000
  0.35416857E+000
  0.35416853E+000
  0.35416850E+000
  0.35416847E+000
  0.35416844E+000
  0.35416842E+000
  0.35416839E+000
  0.35416868E+000
  0.35416865E+000
  0.35416863E+000
  0.35416861E+000
  0.35416859E+000
  0.35416857E+000
  0.35416853E+000
  0.35416851E+000
  0.35416844E+000
  0.35416842E+000
  0.35416840E+000
  0.35416838E+000
  0.35416836E+000
  0.35416834E+000
  0.35416832E+000
  0.35416830E+000
  0.35416874E+000
  0.35416874E+000
  0.35416870E+000
  0.35416867E+000
  0.35416865E+000
  0.35416863E+000
  0.35416861E+000
  0.35416860E+000
  0.35416858E+000
  0.35416856E+000
  0.35416855E+000
  0.35416853E+000
  0.35416852E+000
  0.35416851E+000
  0.35416849E+000
  0.35416848E+000
  0.35416847E+000
  0.35416845E+000
  0.35416844E+000
  0.35416843E+000
  0.35416842E+000
  0.35416841E+000
  0.35416839E+000
  0.35416838E+000
  0.35416837E+000
  0.35416836E+000
  0.35416835E+000
  0.35416834E+000
  0.35416833E+000
  0.35416832E+000
  0.35416831E+000
  0.35416830E+000
  0.35416829E+000
  0.35416828E+000
  0.35416827E+000
  0.35416826E+000
  0.35416825E+000
  0.35416824E+000
  0.35416824E+000
  0.35416823E+000
  0.35416822E+000
  0.35416821E+000
  0.35416820E+000
  0.35416819E+000
  0.35416818E+000
  0.35416818E+000
  0.35416817E+000
  0.35416816E+000
  0.35416815E+000
  0.35416815E+000
  0.35416814E+000
  0.35416813E+000
  0.35416813E+000
  0.35416812E+000
  0.35416812E+000
  0.35416811E+000
  0.35416810E+000
  0.35416810E+000
  0.35416809E+000
  0.35416809E+000
  0.35416809E+000
  0.35416808E+000
  0.35416808E+000
  0.35416808E+000
  0.35416807E+000
  0.35416807E+000
  0.35416807E+000
  0.35416807E+000
  0.35416807E+000
  0.35416807E+000
  0.35416807E+000
  0.35416807E+000
  0.35416807E+000
  0.35416807E+000
  0.35416808E+000
  0.35416808E+000
  0.35416808E+000
  0.35416808E+000
  0.35416809E+000
  0.35416809E+000
  0.35416810E+000
  0.35416810E+000
  0.35416811E+000
  0.35416812E+000
  0.35416812E+000
  0.35416813E+000
  0.35416814E+000
  0.35416815E+000
  0.35416815E+000
  0.35416816E+000
  0.35416817E+000
  0.35416818E+000
  0.35416819E+000
  0.35416820E+000
  0.35416822E+000
  0.35416823E+000
  0.35416824E+000
  0.35416825E+000
  0.35416826E+000
  0.35416828E+000
  0.35416829E+000
  0.35416830E+000
  0.35416832E+000
  0.35416833E+000
  0.35416835E+000
  0.35416836E+000
  0.35416838E+000
  0.35416839E+000
  0.35416841E+000
  0.35416842E+000
  0.35416844E+000
  0.35416845E+000
  0.35416847E+000
  0.35416848E+000
  0.35416850E+000
  0.35416852E+000
  0.35416853E+000
  0.35416855E+000
  0.35416856E+000
  0.35416858E+000
  0.35416859E+000
  0.35416861E+000
  0.35416863E+000
  0.35416864E+000
  0.35416866E+000
  0.35416867E+000
  0.35416869E+000
  0.35416870E+000
  0.35416872E+000
  0.35416873E+000
  0.35416875E+000
  0.35416876E+000
