  0.93159550E+000
  0.93125521E+000
  0.93138206E+000
  0.93148426E+000
  0.93156371E+000
  0.93162400E+000
  0.93166865E+000
  0.93170073E+000
  0.93172284E+000
  0.93173710E+000
  0.93174524E+000
  0.93174867E+000
  0.93174851E+000
  0.93174569E+000
  0.93174092E+000
  0.93173479E+000
  0.93172774E+000
  0.93172012E+000
  0.93171222E+000
  0.93170424E+000
  0.93169635E+000
  0.93168865E+000
  0.93168124E+000
  0.93167418E+000
  0.93166750E+000
  0.93166123E+000
  0.93165538E+000
  0.93164994E+000
  0.93164492E+000
  0.93164029E+000
  0.93163604E+000
  0.93163215E+000
  0.93162861E+000
  0.93162538E+000
  0.93162246E+000
  0.93161980E+000
  0.93161741E+000
  0.93161525E+000
  0.93161330E+000
  0.93161155E+000
  0.93160997E+000
  0.93160857E+000
  0.93160731E+000
  0.93160618E+000
  0.93160517E+000
  0.93160428E+000
  0.93160348E+000
  0.93160277E+000
  0.93160213E+000
  0.93160157E+000
  0.93160106E+000
  0.93160061E+000
  0.93160021E+000
  0.93159984E+000
  0.93159951E+000
  0.93159921E+000
  0.93159894E+000
  0.93159868E+000
  0.93159845E+000
  0.93159823E+000
  0.93159802E+000
  0.93159782E+000
  0.93159764E+000
  0.93159746E+000
  0.93159729E+000
  0.93159712E+000
  0.93159694E+000
  0.93159675E+000
  0.93159651E+000
  0.93159618E+000
  0.93159563E+000
  0.93159593E+000
  0.93159578E+000
  0.93159568E+000
  0.93159562E+000
  0.93159558E+000
  0.93159555E+000
  0.93159552E+000
  0.93159550E+000
  0.93159549E+000
  0.93159547E+000
  0.93159546E+000
  0.93159545E+000
  0.93159545E+000
  0.93159544E+000
  0.93159543E+000
  0.93159543E+000
  0.93159543E+000
  0.93159542E+000
  0.93159542E+000
  0.93159542E+000
  0.93159542E+000
  0.93159542E+000
  0.93159542E+000
  0.93159542E+000
  0.93159542E+000
  0.93159542E+000
  0.93159542E+000
  0.93159542E+000
  0.93159542E+000
  0.93159542E+000
  0.93159542E+000
  0.93159542E+000
  0.93159542E+000
  0.93159543E+000
  0.93159543E+000
  0.93159543E+000
  0.93159543E+000
  0.93159543E+000
  0.93159543E+000
  0.93159544E+000
  0.93159544E+000
  0.93159544E+000
  0.93159544E+000
  0.93159544E+000
  0.93159545E+000
  0.93159545E+000
  0.93159545E+000
  0.93159545E+000
  0.93159545E+000
  0.93159545E+000
  0.93159546E+000
  0.93159546E+000
  0.93159546E+000
  0.93159546E+000
  0.93159546E+000
  0.93159546E+000
  0.93159547E+000
  0.93159547E+000
  0.93159547E+000
  0.93159547E+000
  0.93159547E+000
  0.93159547E+000
  0.93159548E+000
  0.93159548E+000
  0.93159548E+000
  0.93159548E+000
  0.93159548E+000
  0.93159548E+000
  0.93159548E+000
  0.93159548E+000
  0.93159549E+000
  0.93159549E+000
  0.93159549E+000
  0.93159549E+000
  0.93159549E+000
  0.93159549E+000
  0.93159549E+000
  0.93159549E+000
  0.93159549E+000
  0.93159549E+000
  0.93159550E+000
  0.93159550E+000
  0.93159550E+000
  0.93159550E+000
  0.93159550E+000
  0.93159550E+000
  0.93159550E+000
  0.93159550E+000
  0.93159550E+000
  0.93159550E+000
  0.93159550E+000
  0.93159550E+000
  0.93159550E+000
  0.93159550E+000
  0.93159550E+000
  0.93159550E+000
  0.93159550E+000
  0.93159550E+000
  0.93159550E+000
  0.93159550E+000
  0.93159550E+000
  0.93159550E+000
  0.93159550E+000
  0.93159550E+000
  0.93159550E+000
  0.93159550E+000
  0.93159550E+000
  0.93159550E+000
  0.93159550E+000
  0.93159550E+000
  0.93159550E+000
  0.93159550E+000
  0.93159550E+000
  0.93159550E+000
  0.93159550E+000
  0.93159550E+000
  0.93159550E+000
  0.93159550E+000
  0.93159550E+000
  0.93159550E+000
  0.93159550E+000
  0.93159550E+000
  0.93159550E+000
  0.93159550E+000
  0.93159550E+000
  0.93159550E+000
  0.93159550E+000
  0.93159550E+000
  0.93159550E+000
