  0.82261485E+000
  0.82261517E+000
  0.82261550E+000
  0.82261580E+000
  0.82261606E+000
  0.82261629E+000
  0.82261650E+000
  0.82261668E+000
  0.82261683E+000
  0.82261697E+000
  0.82261710E+000
  0.82261720E+000
  0.82261730E+000
  0.82261738E+000
  0.82261745E+000
  0.82261751E+000
  0.82261757E+000
  0.82261761E+000
  0.82261765E+000
  0.82261769E+000
  0.82261772E+000
  0.82261775E+000
  0.82261777E+000
  0.82261779E+000
  0.82261780E+000
  0.82261781E+000
  0.82261782E+000
  0.82261783E+000
  0.82261784E+000
  0.82261784E+000
  0.82261784E+000
  0.82261784E+000
  0.82261784E+000
  0.82261784E+000
  0.82261783E+000
  0.82261783E+000
  0.82261782E+000
  0.82261781E+000
  0.82261780E+000
  0.82261779E+000
  0.82261778E+000
  0.82261777E+000
  0.82261775E+000
  0.82261774E+000
  0.82261772E+000
  0.82261771E+000
  0.82261769E+000
  0.82261767E+000
  0.82261765E+000
  0.82261763E+000
  0.82261761E+000
  0.82261759E+000
  0.82261757E+000
  0.82261754E+000
  0.82261752E+000
  0.82261750E+000
  0.82261747E+000
  0.82261745E+000
  0.82261742E+000
  0.82261739E+000
  0.82261736E+000
  0.82261733E+000
  0.82261730E+000
  0.82261727E+000
  0.82261724E+000
  0.82261721E+000
  0.82261718E+000
  0.82261714E+000
  0.82261711E+000
  0.82261707E+000
  0.82261703E+000
  0.82261700E+000
  0.82261696E+000
  0.82261692E+000
  0.82261688E+000
  0.82261684E+000
  0.82261680E+000
  0.82261676E+000
  0.82261672E+000
  0.82261668E+000
  0.82261664E+000
  0.82261660E+000
  0.82261655E+000
  0.82261651E+000
  0.82261647E+000
  0.82261642E+000
  0.82261638E+000
  0.82261634E+000
  0.82261629E+000
  0.82261625E+000
  0.82261620E+000
  0.82261616E+000
  0.82261612E+000
  0.82261607E+000
  0.82261603E+000
  0.82261599E+000
  0.82261594E+000
  0.82261590E+000
  0.82261586E+000
  0.82261582E+000
  0.82261577E+000
  0.82261573E+000
  0.82261569E+000
  0.82261565E+000
  0.82261561E+000
  0.82261557E+000
  0.82261553E+000
  0.82261549E+000
  0.82261546E+000
  0.82261542E+000
  0.82261538E+000
  0.82261534E+000
  0.82261531E+000
  0.82261527E+000
  0.82261524E+000
  0.82261521E+000
  0.82261517E+000
  0.82261514E+000
  0.82261511E+000
  0.82261508E+000
  0.82261505E+000
  0.82261502E+000
  0.82261499E+000
  0.82261496E+000
  0.82261494E+000
  0.82261491E+000
  0.82261488E+000
  0.82261486E+000
  0.82261483E+000
  0.82261481E+000
  0.82261479E+000
  0.82261477E+000
  0.82261475E+000
  0.82261473E+000
  0.82261471E+000
  0.82261469E+000
  0.82261467E+000
  0.82261465E+000
  0.82261464E+000
  0.82261462E+000
  0.82261461E+000
  0.82261459E+000
  0.82261458E+000
  0.82261457E+000
  0.82261455E+000
  0.82261454E+000
  0.82261453E+000
  0.82261452E+000
  0.82261451E+000
  0.82261450E+000
  0.82261450E+000
  0.82261449E+000
  0.82261448E+000
  0.82261448E+000
  0.82261447E+000
  0.82261447E+000
  0.82261446E+000
  0.82261446E+000
  0.82261445E+000
  0.82261445E+000
  0.82261445E+000
  0.82261445E+000
  0.82261445E+000
  0.82261444E+000
  0.82261444E+000
  0.82261444E+000
  0.82261444E+000
  0.82261445E+000
  0.82261445E+000
  0.82261445E+000
  0.82261445E+000
  0.82261445E+000
  0.82261446E+000
  0.82261446E+000
  0.82261446E+000
  0.82261446E+000
  0.82261447E+000
  0.82261447E+000
  0.82261448E+000
  0.82261448E+000
  0.82261449E+000
  0.82261449E+000
  0.82261450E+000
  0.82261450E+000
  0.82261451E+000
  0.82261451E+000
  0.82261452E+000
  0.82261452E+000
  0.82261453E+000
  0.82261453E+000
  0.82261454E+000
  0.82261455E+000
  0.82261455E+000
  0.82261456E+000
  0.82261456E+000
  0.82261457E+000
  0.82261458E+000
  0.82261458E+000
  0.82261459E+000
  0.82261459E+000
