  0.43303913E-001
  0.43368157E-001
  0.43430555E-001
  0.43486332E-001
  0.43534931E-001
  0.43576863E-001
  0.43612881E-001
  0.43643745E-001
  0.43670162E-001
  0.43692753E-001
  0.43712057E-001
  0.43728546E-001
  0.43742627E-001
  0.43754649E-001
  0.43764912E-001
  0.43773673E-001
  0.43781150E-001
  0.43787531E-001
  0.43792974E-001
  0.43797616E-001
  0.43801573E-001
  0.43804945E-001
  0.43807816E-001
  0.43810261E-001
  0.43812340E-001
  0.43814107E-001
  0.43815607E-001
  0.43816881E-001
  0.43817961E-001
  0.43818875E-001
  0.43819649E-001
  0.43820304E-001
  0.43820858E-001
  0.43821326E-001
  0.43821722E-001
  0.43822057E-001
  0.43822340E-001
  0.43822581E-001
  0.43822786E-001
  0.43822960E-001
  0.43823110E-001
  0.43823239E-001
  0.43823352E-001
  0.43823451E-001
  0.43823540E-001
  0.43823621E-001
  0.43823697E-001
  0.43823768E-001
  0.43823838E-001
  0.43823907E-001
  0.43823976E-001
  0.43824046E-001
  0.43824118E-001
  0.43824192E-001
  0.43824268E-001
  0.43824346E-001
  0.43824425E-001
  0.43824506E-001
  0.43824588E-001
  0.43824670E-001
  0.43824752E-001
  0.43824834E-001
  0.43824914E-001
  0.43824992E-001
  0.43825069E-001
  0.43825143E-001
  0.43825214E-001
  0.43825283E-001
  0.43825348E-001
  0.43825410E-001
  0.43825469E-001
  0.43825524E-001
  0.43825575E-001
  0.43825623E-001
  0.43825667E-001
  0.43825708E-001
  0.43825746E-001
  0.43825780E-001
  0.43825811E-001
  0.43825839E-001
  0.43825864E-001
  0.43825887E-001
  0.43825907E-001
  0.43825924E-001
  0.43825940E-001
  0.43825953E-001
  0.43825965E-001
  0.43825975E-001
  0.43825983E-001
  0.43825990E-001
  0.43825996E-001
  0.43826001E-001
  0.43826005E-001
  0.43826008E-001
  0.43826010E-001
  0.43826012E-001
  0.43826013E-001
  0.43826014E-001
  0.43826015E-001
  0.43826015E-001
  0.43826015E-001
  0.43826015E-001
  0.43826015E-001
  0.43826015E-001
  0.43826015E-001
  0.43826015E-001
  0.43826015E-001
  0.43826015E-001
  0.43826015E-001
  0.43826015E-001
  0.43826015E-001
  0.43826015E-001
  0.43826015E-001
  0.43826016E-001
  0.43826016E-001
  0.43826017E-001
  0.43826018E-001
  0.43826018E-001
  0.43826019E-001
  0.43826020E-001
  0.43826022E-001
  0.43826023E-001
  0.43826024E-001
  0.43826025E-001
  0.43826027E-001
  0.43826028E-001
  0.43826030E-001
  0.43826032E-001
  0.43826033E-001
  0.43826035E-001
  0.43826037E-001
  0.43826039E-001
  0.43826041E-001
  0.43826042E-001
  0.43826044E-001
  0.43826046E-001
  0.43826048E-001
  0.43826050E-001
  0.43826052E-001
  0.43826054E-001
  0.43826056E-001
  0.43826058E-001
  0.43826060E-001
  0.43826061E-001
  0.43826063E-001
  0.43826065E-001
  0.43826067E-001
  0.43826069E-001
  0.43826070E-001
  0.43826072E-001
  0.43826074E-001
  0.43826075E-001
  0.43826077E-001
  0.43826078E-001
  0.43826080E-001
  0.43826081E-001
  0.43826082E-001
  0.43826083E-001
  0.43826085E-001
  0.43826086E-001
  0.43826087E-001
  0.43826088E-001
  0.43826089E-001
  0.43826090E-001
  0.43826091E-001
  0.43826091E-001
  0.43826092E-001
  0.43826093E-001
  0.43826093E-001
  0.43826094E-001
  0.43826094E-001
  0.43826095E-001
  0.43826095E-001
  0.43826095E-001
  0.43826096E-001
  0.43826096E-001
  0.43826096E-001
  0.43826096E-001
  0.43826096E-001
  0.43826096E-001
  0.43826096E-001
  0.43826096E-001
  0.43826096E-001
  0.43826096E-001
  0.43826096E-001
  0.43826096E-001
  0.43826096E-001
  0.43826096E-001
  0.43826096E-001
  0.43826095E-001
  0.43826095E-001
  0.43826095E-001
  0.43826095E-001
  0.43826094E-001
  0.43826094E-001
  0.43826094E-001
  0.43826094E-001
  0.43826093E-001
  0.43826094E-001
  0.43826095E-001
