  0.19229597E+000  0.21781500E+000  0.35332069E+000  0.51541802E+000  0.85902168E+000  0.97825894E+000  0.13287902E+001  0.24789653E+001  0.41119517E+001  0.58210917E+001  0.92744734E+001
  0.19228086E+000  0.21797484E+000  0.35331473E+000  0.51542142E+000  0.85910522E+000  0.97825274E+000  0.13287872E+001  0.24789696E+001  0.41119439E+001  0.58212547E+001  0.92744692E+001
  0.19224788E+000  0.21795529E+000  0.35331421E+000  0.51541838E+000  0.85906872E+000  0.97809145E+000  0.13287838E+001  0.24789702E+001  0.41119356E+001  0.58212552E+001  0.92744651E+001
  0.19221984E+000  0.21792933E+000  0.35329432E+000  0.51541688E+000  0.85903280E+000  0.97808424E+000  0.13287806E+001  0.24789705E+001  0.41119278E+001  0.58212549E+001  0.92744613E+001
  0.19219379E+000  0.21793034E+000  0.35329400E+000  0.51541616E+000  0.85902090E+000  0.97807778E+000  0.13287778E+001  0.24789707E+001  0.41119208E+001  0.58211448E+001  0.92744579E+001
  0.19217786E+000  0.21793088E+000  0.35329366E+000  0.51541552E+000  0.85897240E+000  0.97807212E+000  0.13287753E+001  0.24789709E+001  0.41119146E+001  0.58211386E+001  0.92744549E+001
  0.19215324E+000  0.21793120E+000  0.35329334E+000  0.51541496E+000  0.85894808E+000  0.97812687E+000  0.13287732E+001  0.24789710E+001  0.41119092E+001  0.58211332E+001  0.92744521E+001
  0.19214560E+000  0.21793144E+000  0.35329304E+000  0.51541447E+000  0.85892719E+000  0.97809779E+000  0.13287713E+001  0.24789711E+001  0.41119046E+001  0.58211286E+001  0.92744497E+001
  0.19213906E+000  0.21792822E+000  0.35329279E+000  0.51541404E+000  0.85891054E+000  0.97807285E+000  0.13287697E+001  0.24789711E+001  0.41119006E+001  0.58211247E+001  0.92744475E+001
  0.19210176E+000  0.21792497E+000  0.35329258E+000  0.51541366E+000  0.85890673E+000  0.97805625E+000  0.13287683E+001  0.24789711E+001  0.41118972E+001  0.58211213E+001  0.92744456E+001
  0.19209920E+000  0.21792223E+000  0.35329240E+000  0.51541334E+000  0.85890349E+000  0.97805364E+000  0.13287671E+001  0.24789712E+001  0.41118944E+001  0.58211184E+001  0.92744439E+001
  0.19209703E+000  0.21791992E+000  0.35329226E+000  0.51541306E+000  0.85890071E+000  0.97805142E+000  0.13287660E+001  0.24789712E+001  0.41118919E+001  0.58211160E+001  0.92744424E+001
  0.19209517E+000  0.21791798E+000  0.35329214E+000  0.51541281E+000  0.85889834E+000  0.97804953E+000  0.13287651E+001  0.24789712E+001  0.41118899E+001  0.58211139E+001  0.92744411E+001
  0.19209360E+000  0.21791635E+000  0.35329205E+000  0.51541260E+000  0.85889632E+000  0.97804793E+000  0.13287643E+001  0.24789712E+001  0.41118881E+001  0.58211121E+001  0.92744400E+001
  0.19209226E+000  0.21791499E+000  0.35329197E+000  0.51541241E+000  0.85889459E+000  0.97804658E+000  0.13287636E+001  0.24789712E+001  0.41118866E+001  0.58211105E+001  0.92744390E+001
  0.19207260E+000  0.21791384E+000  0.35329191E+000  0.51541225E+000  0.85889311E+000  0.97800872E+000  0.13287630E+001  0.24789712E+001  0.41118854E+001  0.58211092E+001  0.92744381E+001
  0.19207158E+000  0.21791289E+000  0.35329187E+000  0.51541211E+000  0.85889185E+000  0.97800798E+000  0.13287624E+001  0.24789712E+001  0.41118843E+001  0.58211081E+001  0.92744373E+001
  0.19207072E+000  0.21790531E+000  0.35321072E+000  0.51541199E+000  0.85889077E+000  0.97800736E+000  0.13287620E+001  0.24789712E+001  0.41118834E+001  0.58211072E+001  0.92744366E+001
  0.19206999E+000  0.21790438E+000  0.35321011E+000  0.51541189E+000  0.85888986E+000  0.97800683E+000  0.13287616E+001  0.24789712E+001  0.41118827E+001  0.58211063E+001  0.92744360E+001
  0.19206936E+000  0.21790359E+000  0.35320957E+000  0.51541180E+000  0.85888907E+000  0.97800638E+000  0.13287612E+001  0.24789711E+001  0.41118820E+001  0.58211056E+001  0.92744355E+001
  0.19206883E+000  0.21790292E+000  0.35320909E+000  0.51541171E+000  0.85888840E+000  0.97800599E+000  0.13287609E+001  0.24789711E+001  0.41118814E+001  0.58211051E+001  0.92744350E+001
  0.19206838E+000  0.21790234E+000  0.35320867E+000  0.51541164E+000  0.85888783E+000  0.97800567E+000  0.13287606E+001  0.24789711E+001  0.41118810E+001  0.58211045E+001  0.92744346E+001
  0.19206800E+000  0.21790186E+000  0.35320829E+000  0.51541158E+000  0.85888735E+000  0.97800540E+000  0.13287604E+001  0.24789711E+001  0.41118805E+001  0.58211041E+001  0.92744343E+001
  0.19206768E+000  0.21790144E+000  0.35320796E+000  0.51541153E+000  0.85888694E+000  0.97800517E+000  0.13287602E+001  0.24789711E+001  0.41118802E+001  0.58211037E+001  0.92744339E+001
  0.19206740E+000  0.21790108E+000  0.35320766E+000  0.51541148E+000  0.85888658E+000  0.97800497E+000  0.13287600E+001  0.24789710E+001  0.41118799E+001  0.58211034E+001  0.92744336E+001
  0.19206717E+000  0.21790078E+000  0.35320740E+000  0.51541144E+000  0.85888628E+000  0.97800481E+000  0.13287598E+001  0.24789710E+001  0.41118796E+001  0.58211032E+001  0.92744334E+001
  0.19206697E+000  0.21790053E+000  0.35320717E+000  0.51541140E+000  0.85888603E+000  0.97800467E+000  0.13287597E+001  0.24789710E+001  0.41118794E+001  0.58211029E+001  0.92744331E+001
  0.19206680E+000  0.21790031E+000  0.35320696E+000  0.51541137E+000  0.85888581E+000  0.97800455E+000  0.13287596E+001  0.24789710E+001  0.41118792E+001  0.58211027E+001  0.92744329E+001
  0.19206666E+000  0.21790013E+000  0.35320678E+000  0.51541134E+000  0.85888563E+000  0.97800445E+000  0.13287595E+001  0.24789710E+001  0.41118790E+001  0.58211026E+001  0.92744327E+001
  0.19206654E+000  0.21789997E+000  0.35320662E+000  0.51541131E+000  0.85888547E+000  0.97800437E+000  0.13287594E+001  0.24789710E+001  0.41118789E+001  0.58211024E+001  0.92744325E+001
  0.19206644E+000  0.21789984E+000  0.35320647E+000  0.51541129E+000  0.85888534E+000  0.97800430E+000  0.13287593E+001  0.24789709E+001  0.41118787E+001  0.58211023E+001  0.92744324E+001
  0.19206635E+000  0.21789973E+000  0.35320635E+000  0.51541127E+000  0.85888523E+000  0.97800424E+000  0.13287592E+001  0.24789709E+001  0.41118786E+001  0.58211022E+001  0.92744322E+001
  0.19206628E+000  0.21789963E+000  0.35320623E+000  0.51541125E+000  0.85888513E+000  0.97800419E+000  0.13287591E+001  0.24789709E+001  0.41118785E+001  0.58211021E+001  0.92744321E+001
  0.19206622E+000  0.21789956E+000  0.35320613E+000  0.51541123E+000  0.85888505E+000  0.97800415E+000  0.13287591E+001  0.24789709E+001  0.41118784E+001  0.58211021E+001  0.92744319E+001
  0.19206617E+000  0.21789949E+000  0.35320605E+000  0.51541122E+000  0.85888498E+000  0.97800411E+000  0.13287590E+001  0.24789709E+001  0.41118783E+001  0.58211020E+001  0.92744318E+001
  0.19206613E+000  0.21789943E+000  0.35320597E+000  0.51541120E+000  0.85888492E+000  0.97800408E+000  0.13287590E+001  0.24789708E+001  0.41118783E+001  0.58211020E+001  0.92744317E+001
  0.19206609E+000  0.21789939E+000  0.35320590E+000  0.51541119E+000  0.85888487E+000  0.97800406E+000  0.13287589E+001  0.24789708E+001  0.41118782E+001  0.58211019E+001  0.92744316E+001
  0.19206606E+000  0.21789935E+000  0.35320584E+000  0.51541118E+000  0.85888483E+000  0.97800404E+000  0.13287589E+001  0.24789708E+001  0.41118781E+001  0.58211019E+001  0.92744315E+001
  0.19206604E+000  0.21789932E+000  0.35320579E+000  0.51541117E+000  0.85888479E+000  0.97800402E+000  0.13287589E+001  0.24789708E+001  0.41118781E+001  0.58211018E+001  0.92744314E+001
  0.19206602E+000  0.21789930E+000  0.35320575E+000  0.51541116E+000  0.85888476E+000  0.97800400E+000  0.13287589E+001  0.24789708E+001  0.41118780E+001  0.58211018E+001  0.92744313E+001
  0.19206600E+000  0.21789927E+000  0.35320571E+000  0.51541115E+000  0.85888473E+000  0.97800399E+000  0.13287588E+001  0.24789707E+001  0.41118779E+001  0.58211018E+001  0.92744312E+001
  0.19206598E+000  0.21789926E+000  0.35320568E+000  0.51541114E+000  0.85888471E+000  0.97800398E+000  0.13287588E+001  0.24789707E+001  0.41118779E+001  0.58211018E+001  0.92744311E+001
  0.19206597E+000  0.21789925E+000  0.35320565E+000  0.51541113E+000  0.85888469E+000  0.97800397E+000  0.13287588E+001  0.24789707E+001  0.41118778E+001  0.58211018E+001  0.92744310E+001
  0.19206596E+000  0.21789924E+000  0.35320563E+000  0.51541112E+000  0.85888467E+000  0.97800396E+000  0.13287588E+001  0.24789707E+001  0.41112180E+001  0.58211017E+001  0.92744309E+001
  0.19206595E+000  0.21789923E+000  0.35320561E+000  0.51541111E+000  0.85888465E+000  0.97800396E+000  0.13287588E+001  0.24789707E+001  0.41112176E+001  0.58211017E+001  0.92744308E+001
  0.19206594E+000  0.21789923E+000  0.35320560E+000  0.51541111E+000  0.85888463E+000  0.97800395E+000  0.13287588E+001  0.24789706E+001  0.41112172E+001  0.58211017E+001  0.92744307E+001
  0.19206594E+000  0.21789923E+000  0.35320559E+000  0.51541110E+000  0.85888462E+000  0.97800395E+000  0.13287587E+001  0.24789706E+001  0.41112168E+001  0.58211017E+001  0.92744306E+001
  0.19206593E+000  0.21789923E+000  0.35320558E+000  0.51541109E+000  0.85888460E+000  0.97800394E+000  0.13287587E+001  0.24789706E+001  0.41112165E+001  0.58211017E+001  0.92744305E+001
  0.19206592E+000  0.21789923E+000  0.35320557E+000  0.51541109E+000  0.85888459E+000  0.97800394E+000  0.13287587E+001  0.24789706E+001  0.41112162E+001  0.58211017E+001  0.92744304E+001
  0.19206592E+000  0.21789923E+000  0.35320557E+000  0.51541108E+000  0.85888457E+000  0.97800393E+000  0.13287587E+001  0.24789706E+001  0.41112159E+001  0.58211017E+001  0.92744303E+001
  0.19206591E+000  0.21789923E+000  0.35320556E+000  0.51541107E+000  0.85888456E+000  0.97800393E+000  0.13287587E+001  0.24789705E+001  0.41112156E+001  0.58211017E+001  0.92744302E+001
  0.19206590E+000  0.21789924E+000  0.35320556E+000  0.51541106E+000  0.85888454E+000  0.97800393E+000  0.13287587E+001  0.24789705E+001  0.41112153E+001  0.58211016E+001  0.92744301E+001
  0.19206590E+000  0.21789924E+000  0.35320556E+000  0.51541106E+000  0.85888453E+000  0.97800393E+000  0.13287587E+001  0.24789705E+001  0.41112150E+001  0.58211016E+001  0.92744300E+001
  0.19206589E+000  0.21789925E+000  0.35320556E+000  0.51541105E+000  0.85888451E+000  0.97800392E+000  0.13287587E+001  0.24789705E+001  0.41112147E+001  0.58211016E+001  0.92744299E+001
  0.19206588E+000  0.21789925E+000  0.35320557E+000  0.51541104E+000  0.85888449E+000  0.97800392E+000  0.13287587E+001  0.24789704E+001  0.41112144E+001  0.58211016E+001  0.92744298E+001
  0.19206587E+000  0.21789926E+000  0.35320557E+000  0.51541104E+000  0.85888448E+000  0.97800392E+000  0.13287587E+001  0.24789704E+001  0.41112141E+001  0.58211016E+001  0.92744297E+001
  0.19206587E+000  0.21789926E+000  0.35320557E+000  0.51541103E+000  0.85888446E+000  0.97800391E+000  0.13287587E+001  0.24789704E+001  0.41112138E+001  0.58211016E+001  0.92744296E+001
  0.19206586E+000  0.21789927E+000  0.35320558E+000  0.51541103E+000  0.85888445E+000  0.97800391E+000  0.13287587E+001  0.24789704E+001  0.41112135E+001  0.58211016E+001  0.92744295E+001
  0.19206585E+000  0.21789927E+000  0.35320559E+000  0.51541102E+000  0.85888443E+000  0.97800391E+000  0.13287587E+001  0.24789703E+001  0.41112132E+001  0.58211016E+001  0.92744293E+001
  0.19206584E+000  0.21789928E+000  0.35320559E+000  0.51541101E+000  0.85888441E+000  0.97800390E+000  0.13287587E+001  0.24789703E+001  0.41112129E+001  0.58211016E+001  0.92744292E+001
  0.19206584E+000  0.21789928E+000  0.35320560E+000  0.51541101E+000  0.85888440E+000  0.97800390E+000  0.13287587E+001  0.24789703E+001  0.41112126E+001  0.58211015E+001  0.92744291E+001
  0.19206583E+000  0.21789928E+000  0.35320561E+000  0.51541100E+000  0.85888438E+000  0.97800390E+000  0.13287587E+001  0.24789703E+001  0.41112123E+001  0.58211015E+001  0.92744290E+001
  0.19206583E+000  0.21789929E+000  0.35320562E+000  0.51541100E+000  0.85888436E+000  0.97800390E+000  0.13287587E+001  0.24789703E+001  0.41112120E+001  0.58211015E+001  0.92744289E+001
  0.19206582E+000  0.21789929E+000  0.35320563E+000  0.51541099E+000  0.85888435E+000  0.97800389E+000  0.13287587E+001  0.24789702E+001  0.41112117E+001  0.58211015E+001  0.92744288E+001
  0.19206582E+000  0.21789930E+000  0.35320564E+000  0.51541099E+000  0.85888433E+000  0.97800389E+000  0.13287587E+001  0.24789702E+001  0.41112114E+001  0.58211015E+001  0.92744286E+001
  0.19206582E+000  0.21789931E+000  0.35320565E+000  0.51541099E+000  0.85888432E+000  0.97800389E+000  0.13287587E+001  0.24789702E+001  0.41112111E+001  0.58211015E+001  0.92744285E+001
  0.19206582E+000  0.21789933E+000  0.35320567E+000  0.51541098E+000  0.85888430E+000  0.97800390E+000  0.13287587E+001  0.24789702E+001  0.41112108E+001  0.58211015E+001  0.92744284E+001
  0.19206584E+000  0.21789937E+000  0.35320568E+000  0.51541099E+000  0.85888429E+000  0.97800392E+000  0.13287587E+001  0.24789702E+001  0.41112105E+001  0.58211015E+001  0.92744282E+001
  0.19206587E+000  0.21789945E+000  0.35320570E+000  0.51541099E+000  0.85888428E+000  0.97800396E+000  0.13287587E+001  0.24789702E+001  0.41112102E+001  0.58211015E+001  0.92744281E+001
  0.19206596E+000  0.21789955E+000  0.35320571E+000  0.51541102E+000  0.85888427E+000  0.97800402E+000  0.13287588E+001  0.24789703E+001  0.41112099E+001  0.58211015E+001  0.92744280E+001
  0.19206594E+000  0.21789952E+000  0.35320572E+000  0.51541101E+000  0.85888425E+000  0.97800400E+000  0.13287588E+001  0.24789702E+001  0.41112097E+001  0.58211015E+001  0.92744278E+001
  0.19206591E+000  0.21789935E+000  0.35320573E+000  0.51541100E+000  0.85888424E+000  0.97800399E+000  0.13287588E+001  0.24789702E+001  0.41112094E+001  0.58211014E+001  0.92744277E+001
  0.19206589E+000  0.21789934E+000  0.35320575E+000  0.51541100E+000  0.85888423E+000  0.97800397E+000  0.13287588E+001  0.24789702E+001  0.41112092E+001  0.58211014E+001  0.92744276E+001
  0.19206587E+000  0.21789934E+000  0.35320577E+000  0.51541099E+000  0.85888422E+000  0.97800396E+000  0.13287588E+001  0.24789702E+001  0.41112090E+001  0.58211014E+001  0.92744274E+001
  0.19206586E+000  0.21789934E+000  0.35320579E+000  0.51541099E+000  0.85888422E+000  0.97800395E+000  0.13287588E+001  0.24789702E+001  0.41112089E+001  0.58211014E+001  0.92744273E+001
  0.19206584E+000  0.21789933E+000  0.35320581E+000  0.51541098E+000  0.85888421E+000  0.97800394E+000  0.13287588E+001  0.24789702E+001  0.41112088E+001  0.58211014E+001  0.92744271E+001
  0.19206582E+000  0.21789933E+000  0.35320582E+000  0.51541098E+000  0.85888420E+000  0.97800393E+000  0.13287588E+001  0.24789702E+001  0.41112087E+001  0.58211014E+001  0.92744270E+001
  0.19206581E+000  0.21789933E+000  0.35320585E+000  0.51541098E+000  0.85888419E+000  0.97800392E+000  0.13287588E+001  0.24789701E+001  0.41112086E+001  0.58211014E+001  0.92744268E+001
  0.19206580E+000  0.21789932E+000  0.35320587E+000  0.51541097E+000  0.85888419E+000  0.97800391E+000  0.13287588E+001  0.24789701E+001  0.41112085E+001  0.58211014E+001  0.92744267E+001
  0.19206579E+000  0.21789932E+000  0.35320589E+000  0.51541097E+000  0.85888418E+000  0.97800390E+000  0.13287588E+001  0.24789701E+001  0.41112085E+001  0.58211014E+001  0.92744265E+001
  0.19206578E+000  0.21789932E+000  0.35320591E+000  0.51541097E+000  0.85888418E+000  0.97800390E+000  0.13287588E+001  0.24789701E+001  0.41112085E+001  0.58211014E+001  0.92744264E+001
  0.19206577E+000  0.21789932E+000  0.35320593E+000  0.51541097E+000  0.85888417E+000  0.97800389E+000  0.13287588E+001  0.24789701E+001  0.41112086E+001  0.58211014E+001  0.92744262E+001
  0.19206576E+000  0.21789932E+000  0.35320595E+000  0.51541097E+000  0.85888417E+000  0.97800389E+000  0.13287588E+001  0.24789701E+001  0.41112086E+001  0.58211014E+001  0.92744261E+001
  0.19206575E+000  0.21789932E+000  0.35320598E+000  0.51541097E+000  0.85888417E+000  0.97800388E+000  0.13287589E+001  0.24789701E+001  0.41112087E+001  0.58211014E+001  0.92744259E+001
  0.19206575E+000  0.21789932E+000  0.35320600E+000  0.51541097E+000  0.85888416E+000  0.97800388E+000  0.13287589E+001  0.24789701E+001  0.41112088E+001  0.58211014E+001  0.92744257E+001
  0.19206574E+000  0.21789932E+000  0.35320602E+000  0.51541097E+000  0.85888416E+000  0.97800387E+000  0.13287589E+001  0.24789701E+001  0.41112089E+001  0.58211014E+001  0.92744256E+001
  0.19206574E+000  0.21789932E+000  0.35320604E+000  0.51541097E+000  0.85888416E+000  0.97800387E+000  0.13287589E+001  0.24789701E+001  0.41112091E+001  0.58211014E+001  0.92744254E+001
  0.19206573E+000  0.21789932E+000  0.35320607E+000  0.51541097E+000  0.85888416E+000  0.97800387E+000  0.13287589E+001  0.24789701E+001  0.41112093E+001  0.58211014E+001  0.92744252E+001
  0.19206573E+000  0.21789932E+000  0.35320609E+000  0.51541097E+000  0.85888416E+000  0.97800387E+000  0.13287589E+001  0.24789701E+001  0.41112095E+001  0.58211014E+001  0.92744250E+001
  0.19206573E+000  0.21789932E+000  0.35320611E+000  0.51541097E+000  0.85888415E+000  0.97800387E+000  0.13287589E+001  0.24789701E+001  0.41112097E+001  0.58211014E+001  0.92744249E+001
  0.19206573E+000  0.21789933E+000  0.35320614E+000  0.51541097E+000  0.85888415E+000  0.97800386E+000  0.13287590E+001  0.24789701E+001  0.41112099E+001  0.58211014E+001  0.92744247E+001
  0.19206572E+000  0.21789933E+000  0.35320616E+000  0.51541097E+000  0.85888415E+000  0.97800386E+000  0.13287590E+001  0.24789701E+001  0.41112102E+001  0.58211014E+001  0.92744245E+001
  0.19206572E+000  0.21789933E+000  0.35320618E+000  0.51541097E+000  0.85888415E+000  0.97800386E+000  0.13287590E+001  0.24789701E+001  0.41112104E+001  0.58211014E+001  0.92744243E+001
  0.19206572E+000  0.21789933E+000  0.35320621E+000  0.51541097E+000  0.85888415E+000  0.97800386E+000  0.13287590E+001  0.24789701E+001  0.41112107E+001  0.58211014E+001  0.92744242E+001
  0.19206572E+000  0.21789933E+000  0.35320623E+000  0.51541097E+000  0.85888415E+000  0.97800386E+000  0.13287590E+001  0.24789701E+001  0.41112110E+001  0.58211014E+001  0.92744240E+001
  0.19206572E+000  0.21789933E+000  0.35320625E+000  0.51541097E+000  0.85888415E+000  0.97800386E+000  0.13287590E+001  0.24789701E+001  0.41112114E+001  0.58211014E+001  0.92744238E+001
  0.19206572E+000  0.21789934E+000  0.35320627E+000  0.51541098E+000  0.85888415E+000  0.97800386E+000  0.13287591E+001  0.24789701E+001  0.41112117E+001  0.58211014E+001  0.92744236E+001
  0.19206572E+000  0.21789934E+000  0.35320630E+000  0.51541098E+000  0.85888415E+000  0.97800386E+000  0.13287591E+001  0.24789701E+001  0.41112121E+001  0.58211014E+001  0.92744234E+001
  0.19206572E+000  0.21789934E+000  0.35320632E+000  0.51541098E+000  0.85888415E+000  0.97800386E+000  0.13287591E+001  0.24789701E+001  0.41112124E+001  0.58211014E+001  0.92744233E+001
  0.19206572E+000  0.21789934E+000  0.35320634E+000  0.51541098E+000  0.85888415E+000  0.97800386E+000  0.13287591E+001  0.24789701E+001  0.41112128E+001  0.58211014E+001  0.92744231E+001
  0.19206572E+000  0.21789934E+000  0.35320636E+000  0.51541098E+000  0.85888415E+000  0.97800386E+000  0.13287591E+001  0.24789701E+001  0.41112133E+001  0.58211014E+001  0.92744229E+001
  0.19206572E+000  0.21789934E+000  0.35320638E+000  0.51541098E+000  0.85888415E+000  0.97800386E+000  0.13287591E+001  0.24789701E+001  0.41112137E+001  0.58211014E+001  0.92744227E+001
  0.19206572E+000  0.21789935E+000  0.35320640E+000  0.51541098E+000  0.85888415E+000  0.97800386E+000  0.13287592E+001  0.24789701E+001  0.41112141E+001  0.58211014E+001  0.92744226E+001
  0.19206572E+000  0.21789935E+000  0.35320642E+000  0.51541098E+000  0.85888415E+000  0.97800386E+000  0.13287592E+001  0.24789701E+001  0.41112146E+001  0.58211014E+001  0.92744224E+001
  0.19206572E+000  0.21789935E+000  0.35320644E+000  0.51541099E+000  0.85888415E+000  0.97800386E+000  0.13287592E+001  0.24789701E+001  0.41112151E+001  0.58211014E+001  0.92744222E+001
  0.19206572E+000  0.21789935E+000  0.35320646E+000  0.51541099E+000  0.85888415E+000  0.97800386E+000  0.13287592E+001  0.24789701E+001  0.41112156E+001  0.58211014E+001  0.92744220E+001
  0.19206572E+000  0.21789935E+000  0.35320648E+000  0.51541099E+000  0.85888415E+000  0.97800386E+000  0.13287592E+001  0.24789701E+001  0.41112161E+001  0.58211014E+001  0.92744219E+001
  0.19206572E+000  0.21789935E+000  0.35320650E+000  0.51541099E+000  0.85888415E+000  0.97800386E+000  0.13287592E+001  0.24789701E+001  0.41112167E+001  0.58211014E+001  0.92744217E+001
  0.19206572E+000  0.21789936E+000  0.35320651E+000  0.51541099E+000  0.85888415E+000  0.97800386E+000  0.13287593E+001  0.24789701E+001  0.41112172E+001  0.58211014E+001  0.92744216E+001
  0.19206572E+000  0.21789936E+000  0.35320653E+000  0.51541099E+000  0.85888415E+000  0.97800386E+000  0.13287593E+001  0.24789701E+001  0.41112178E+001  0.58211014E+001  0.92744214E+001
  0.19206572E+000  0.21789936E+000  0.35320655E+000  0.51541099E+000  0.85888415E+000  0.97800386E+000  0.13287593E+001  0.24789701E+001  0.41112184E+001  0.58211014E+001  0.92744213E+001
  0.19206572E+000  0.21789936E+000  0.35320657E+000  0.51541099E+000  0.85888415E+000  0.97800386E+000  0.13287593E+001  0.24789701E+001  0.41112190E+001  0.58211014E+001  0.92744211E+001
  0.19206572E+000  0.21789936E+000  0.35320658E+000  0.51541099E+000  0.85888415E+000  0.97800386E+000  0.13287593E+001  0.24789701E+001  0.41112196E+001  0.58211014E+001  0.92744210E+001
  0.19206572E+000  0.21789936E+000  0.35320660E+000  0.51541100E+000  0.85888415E+000  0.97800386E+000  0.13287593E+001  0.24789701E+001  0.41112203E+001  0.58211014E+001  0.92744209E+001
  0.19206572E+000  0.21789936E+000  0.35320661E+000  0.51541100E+000  0.85888415E+000  0.97800386E+000  0.13287593E+001  0.24789701E+001  0.41112209E+001  0.58211014E+001  0.92744207E+001
  0.19206572E+000  0.21789937E+000  0.35320663E+000  0.51541100E+000  0.85888415E+000  0.97800386E+000  0.13287594E+001  0.24789701E+001  0.41112216E+001  0.58211014E+001  0.92744206E+001
  0.19206572E+000  0.21789937E+000  0.35320664E+000  0.51541100E+000  0.85888415E+000  0.97800386E+000  0.13287594E+001  0.24789701E+001  0.41112223E+001  0.58211014E+001  0.92744205E+001
  0.19206572E+000  0.21789937E+000  0.35320666E+000  0.51541100E+000  0.85888415E+000  0.97800386E+000  0.13287594E+001  0.24789701E+001  0.41112230E+001  0.58211014E+001  0.92744204E+001
  0.19206572E+000  0.21789937E+000  0.35320667E+000  0.51541100E+000  0.85888415E+000  0.97800386E+000  0.13287594E+001  0.24789701E+001  0.41112237E+001  0.58211014E+001  0.92744203E+001
  0.19206572E+000  0.21789937E+000  0.35320669E+000  0.51541100E+000  0.85888415E+000  0.97800386E+000  0.13287594E+001  0.24789701E+001  0.41112245E+001  0.58211014E+001  0.92744202E+001
  0.19206571E+000  0.21789937E+000  0.35320670E+000  0.51541100E+000  0.85888415E+000  0.97800386E+000  0.13287594E+001  0.24789701E+001  0.41112252E+001  0.58211014E+001  0.92744202E+001
  0.19206571E+000  0.21789937E+000  0.35320671E+000  0.51541100E+000  0.85888415E+000  0.97800386E+000  0.13287595E+001  0.24789701E+001  0.41112260E+001  0.58211014E+001  0.92744201E+001
  0.19206571E+000  0.21789937E+000  0.35320672E+000  0.51541100E+000  0.85888415E+000  0.97800386E+000  0.13287595E+001  0.24789701E+001  0.41112268E+001  0.58211014E+001  0.92744200E+001
  0.19206571E+000  0.21789937E+000  0.35320674E+000  0.51541100E+000  0.85888415E+000  0.97800386E+000  0.13287595E+001  0.24789701E+001  0.41112276E+001  0.58211014E+001  0.92744200E+001
  0.19206571E+000  0.21789937E+000  0.35320675E+000  0.51541100E+000  0.85888415E+000  0.97800386E+000  0.13287595E+001  0.24789701E+001  0.41112284E+001  0.58211014E+001  0.92744199E+001
  0.19206571E+000  0.21789938E+000  0.35320676E+000  0.51541100E+000  0.85888415E+000  0.97800386E+000  0.13287595E+001  0.24789701E+001  0.41112292E+001  0.58211014E+001  0.92744199E+001
  0.19206571E+000  0.21789938E+000  0.35320677E+000  0.51541100E+000  0.85888414E+000  0.97800386E+000  0.13287595E+001  0.24789701E+001  0.41112300E+001  0.58211014E+001  0.92744199E+001
  0.19206571E+000  0.21789938E+000  0.35320678E+000  0.51541100E+000  0.85888414E+000  0.97800386E+000  0.13287595E+001  0.24789701E+001  0.41112309E+001  0.58211014E+001  0.92744199E+001
  0.19206571E+000  0.21789938E+000  0.35320679E+000  0.51541100E+000  0.85888414E+000  0.97800386E+000  0.13287595E+001  0.24789701E+001  0.41112317E+001  0.58211014E+001  0.92744198E+001
  0.19206571E+000  0.21789938E+000  0.35320680E+000  0.51541100E+000  0.85888414E+000  0.97800386E+000  0.13287596E+001  0.24789701E+001  0.41112326E+001  0.58211014E+001  0.92744199E+001
  0.19206571E+000  0.21789938E+000  0.35320681E+000  0.51541100E+000  0.85888414E+000  0.97800386E+000  0.13287596E+001  0.24789701E+001  0.41112335E+001  0.58211014E+001  0.92744199E+001
  0.19206571E+000  0.21789938E+000  0.35320682E+000  0.51541100E+000  0.85888414E+000  0.97800386E+000  0.13287596E+001  0.24789701E+001  0.41112344E+001  0.58211014E+001  0.92744199E+001
  0.19206571E+000  0.21789938E+000  0.35320683E+000  0.51541100E+000  0.85888414E+000  0.97800386E+000  0.13287596E+001  0.24789701E+001  0.41112353E+001  0.58211014E+001  0.92744199E+001
  0.19206570E+000  0.21789938E+000  0.35320684E+000  0.51541100E+000  0.85888414E+000  0.97800386E+000  0.13287596E+001  0.24789702E+001  0.41112362E+001  0.58211014E+001  0.92744200E+001
  0.19206570E+000  0.21789938E+000  0.35320685E+000  0.51541100E+000  0.85888414E+000  0.97800386E+000  0.13287596E+001  0.24789702E+001  0.41112371E+001  0.58211014E+001  0.92744200E+001
  0.19206570E+000  0.21789938E+000  0.35320685E+000  0.51541100E+000  0.85888414E+000  0.97800385E+000  0.13287596E+001  0.24789702E+001  0.41112380E+001  0.58211014E+001  0.92744201E+001
  0.19206570E+000  0.21789938E+000  0.35320686E+000  0.51541100E+000  0.85888414E+000  0.97800385E+000  0.13287596E+001  0.24789702E+001  0.41112389E+001  0.58211014E+001  0.92744201E+001
  0.19206570E+000  0.21789938E+000  0.35320687E+000  0.51541100E+000  0.85888414E+000  0.97800385E+000  0.13287596E+001  0.24789702E+001  0.41112398E+001  0.58211014E+001  0.92744202E+001
  0.19206570E+000  0.21789938E+000  0.35320688E+000  0.51541100E+000  0.85888414E+000  0.97800385E+000  0.13287596E+001  0.24789702E+001  0.41112408E+001  0.58211014E+001  0.92744203E+001
  0.19206570E+000  0.21789938E+000  0.35320688E+000  0.51541100E+000  0.85888414E+000  0.97800385E+000  0.13287597E+001  0.24789702E+001  0.41112417E+001  0.58211014E+001  0.92744204E+001
  0.19206570E+000  0.21789938E+000  0.35320689E+000  0.51541100E+000  0.85888414E+000  0.97800385E+000  0.13287597E+001  0.24789702E+001  0.41112426E+001  0.58211014E+001  0.92744205E+001
  0.19206570E+000  0.21789938E+000  0.35320689E+000  0.51541100E+000  0.85888414E+000  0.97800385E+000  0.13287597E+001  0.24789702E+001  0.41112436E+001  0.58211014E+001  0.92744206E+001
  0.19206570E+000  0.21789938E+000  0.35320690E+000  0.51541100E+000  0.85888414E+000  0.97800385E+000  0.13287597E+001  0.24789702E+001  0.41112445E+001  0.58211014E+001  0.92744208E+001
  0.19206570E+000  0.21789938E+000  0.35320691E+000  0.51541100E+000  0.85888414E+000  0.97800385E+000  0.13287597E+001  0.24789702E+001  0.41112455E+001  0.58211014E+001  0.92744209E+001
  0.19206570E+000  0.21789938E+000  0.35320691E+000  0.51541101E+000  0.85888414E+000  0.97800385E+000  0.13287597E+001  0.24789702E+001  0.41112464E+001  0.58211014E+001  0.92744210E+001
  0.19206569E+000  0.21789938E+000  0.35320692E+000  0.51541101E+000  0.85888414E+000  0.97800385E+000  0.13287597E+001  0.24789702E+001  0.41112474E+001  0.58211014E+001  0.92744212E+001
  0.19206569E+000  0.21789938E+000  0.35320692E+000  0.51541100E+000  0.85888414E+000  0.97800385E+000  0.13287597E+001  0.24789702E+001  0.41112483E+001  0.58211014E+001  0.92744213E+001
  0.19206569E+000  0.21789938E+000  0.35320693E+000  0.51541100E+000  0.85888414E+000  0.97800385E+000  0.13287597E+001  0.24789702E+001  0.41112492E+001  0.58211014E+001  0.92744215E+001
  0.19206569E+000  0.21789938E+000  0.35320693E+000  0.51541100E+000  0.85888413E+000  0.97800385E+000  0.13287597E+001  0.24789702E+001  0.41112502E+001  0.58211014E+001  0.92744216E+001
  0.19206569E+000  0.21789938E+000  0.35320694E+000  0.51541100E+000  0.85888413E+000  0.97800385E+000  0.13287597E+001  0.24789702E+001  0.41112511E+001  0.58211014E+001  0.92744218E+001
  0.19206569E+000  0.21789938E+000  0.35320694E+000  0.51541100E+000  0.85888413E+000  0.97800385E+000  0.13287597E+001  0.24789702E+001  0.41112520E+001  0.58211014E+001  0.92744220E+001
  0.19206569E+000  0.21789938E+000  0.35320694E+000  0.51541100E+000  0.85888413E+000  0.97800385E+000  0.13287597E+001  0.24789702E+001  0.41112530E+001  0.58211014E+001  0.92744222E+001
  0.19206569E+000  0.21789938E+000  0.35320695E+000  0.51541100E+000  0.85888413E+000  0.97800385E+000  0.13287598E+001  0.24789702E+001  0.41112539E+001  0.58211014E+001  0.92744224E+001
  0.19206569E+000  0.21789938E+000  0.35320695E+000  0.51541100E+000  0.85888413E+000  0.97800385E+000  0.13287598E+001  0.24789702E+001  0.41112548E+001  0.58211014E+001  0.92744226E+001
  0.19206569E+000  0.21789938E+000  0.35320696E+000  0.51541100E+000  0.85888413E+000  0.97800385E+000  0.13287598E+001  0.24789702E+001  0.41112557E+001  0.58211014E+001  0.92744228E+001
  0.19206569E+000  0.21789938E+000  0.35320696E+000  0.51541100E+000  0.85888413E+000  0.97800384E+000  0.13287598E+001  0.24789702E+001  0.41112566E+001  0.58211014E+001  0.92744230E+001
  0.19206569E+000  0.21789938E+000  0.35320696E+000  0.51541100E+000  0.85888413E+000  0.97800384E+000  0.13287598E+001  0.24789702E+001  0.41112575E+001  0.58211014E+001  0.92744232E+001
  0.19206569E+000  0.21789938E+000  0.35320696E+000  0.51541100E+000  0.85888413E+000  0.97800384E+000  0.13287598E+001  0.24789702E+001  0.41112584E+001  0.58211014E+001  0.92744234E+001
  0.19206569E+000  0.21789938E+000  0.35320697E+000  0.51541100E+000  0.85888413E+000  0.97800384E+000  0.13287598E+001  0.24789702E+001  0.41112592E+001  0.58211014E+001  0.92744236E+001
  0.19206569E+000  0.21789938E+000  0.35320697E+000  0.51541100E+000  0.85888413E+000  0.97800384E+000  0.13287598E+001  0.24789702E+001  0.41112601E+001  0.58211014E+001  0.92744239E+001
  0.19206568E+000  0.21789938E+000  0.35320697E+000  0.51541100E+000  0.85888413E+000  0.97800384E+000  0.13287598E+001  0.24789702E+001  0.41112610E+001  0.58211014E+001  0.92744241E+001
  0.19206568E+000  0.21789938E+000  0.35320698E+000  0.51541100E+000  0.85888413E+000  0.97800384E+000  0.13287598E+001  0.24789702E+001  0.41112618E+001  0.58211014E+001  0.92744243E+001
  0.19206568E+000  0.21789938E+000  0.35320698E+000  0.51541100E+000  0.85888413E+000  0.97800384E+000  0.13287598E+001  0.24789702E+001  0.41112626E+001  0.58211014E+001  0.92744245E+001
  0.19206568E+000  0.21789938E+000  0.35320698E+000  0.51541100E+000  0.85888413E+000  0.97800384E+000  0.13287598E+001  0.24789702E+001  0.41112635E+001  0.58211014E+001  0.92744248E+001
  0.19206568E+000  0.21789938E+000  0.35320698E+000  0.51541100E+000  0.85888413E+000  0.97800384E+000  0.13287598E+001  0.24789702E+001  0.41112643E+001  0.58211014E+001  0.92744250E+001
  0.19206568E+000  0.21789938E+000  0.35320698E+000  0.51541100E+000  0.85888413E+000  0.97800384E+000  0.13287598E+001  0.24789702E+001  0.41112651E+001  0.58211014E+001  0.92744252E+001
  0.19206568E+000  0.21789938E+000  0.35320699E+000  0.51541100E+000  0.85888413E+000  0.97800384E+000  0.13287598E+001  0.24789702E+001  0.41112659E+001  0.58211014E+001  0.92744255E+001
  0.19206568E+000  0.21789938E+000  0.35320699E+000  0.51541100E+000  0.85888413E+000  0.97800384E+000  0.13287598E+001  0.24789702E+001  0.41112666E+001  0.58211014E+001  0.92744257E+001
  0.19206568E+000  0.21789938E+000  0.35320699E+000  0.51541101E+000  0.85888413E+000  0.97800384E+000  0.13287598E+001  0.24789702E+001  0.41112674E+001  0.58211014E+001  0.92744260E+001
  0.19206568E+000  0.21789938E+000  0.35320699E+000  0.51541101E+000  0.85888413E+000  0.97800384E+000  0.13287598E+001  0.24789702E+001  0.41112681E+001  0.58211014E+001  0.92744262E+001
  0.19206568E+000  0.21789939E+000  0.35320699E+000  0.51541101E+000  0.85888413E+000  0.97800384E+000  0.13287598E+001  0.24789702E+001  0.41112689E+001  0.58211014E+001  0.92744265E+001
  0.19206568E+000  0.21789939E+000  0.35320700E+000  0.51541101E+000  0.85888413E+000  0.97800384E+000  0.13287598E+001  0.24789702E+001  0.41112696E+001  0.58211014E+001  0.92744267E+001
  0.19206568E+000  0.21789939E+000  0.35320700E+000  0.51541101E+000  0.85888413E+000  0.97800384E+000  0.13287598E+001  0.24789702E+001  0.41112703E+001  0.58211014E+001  0.92744269E+001
  0.19206568E+000  0.21789939E+000  0.35320700E+000  0.51541101E+000  0.85888413E+000  0.97800384E+000  0.13287598E+001  0.24789702E+001  0.41112710E+001  0.58211014E+001  0.92744272E+001
  0.19206568E+000  0.21789939E+000  0.35320700E+000  0.51541101E+000  0.85888413E+000  0.97800384E+000  0.13287598E+001  0.24789702E+001  0.41112717E+001  0.58211014E+001  0.92744274E+001
  0.19206568E+000  0.21789939E+000  0.35320700E+000  0.51541101E+000  0.85888413E+000  0.97800384E+000  0.13287598E+001  0.24789702E+001  0.41112723E+001  0.58211014E+001  0.92744277E+001
  0.19206568E+000  0.21789939E+000  0.35320700E+000  0.51541101E+000  0.85888413E+000  0.97800384E+000  0.13287599E+001  0.24789702E+001  0.41112730E+001  0.58211014E+001  0.92744279E+001
  0.19206568E+000  0.21789939E+000  0.35320700E+000  0.51541101E+000  0.85888413E+000  0.97800384E+000  0.13287599E+001  0.24789702E+001  0.41112736E+001  0.58211014E+001  0.92744281E+001
  0.19206568E+000  0.21789939E+000  0.35320701E+000  0.51541101E+000  0.85888413E+000  0.97800384E+000  0.13287599E+001  0.24789702E+001  0.41112742E+001  0.58211014E+001  0.92744284E+001
  0.19206568E+000  0.21789939E+000  0.35320701E+000  0.51541101E+000  0.85888413E+000  0.97800384E+000  0.13287599E+001  0.24789702E+001  0.41112749E+001  0.58211014E+001  0.92744286E+001
  0.19206568E+000  0.21789939E+000  0.35320701E+000  0.51541101E+000  0.85888413E+000  0.97800384E+000  0.13287599E+001  0.24789702E+001  0.41112754E+001  0.58211014E+001  0.92744288E+001
  0.19206568E+000  0.21789939E+000  0.35320701E+000  0.51541101E+000  0.85888413E+000  0.97800384E+000  0.13287599E+001  0.24789702E+001  0.41112760E+001  0.58211014E+001  0.92744291E+001
  0.19206568E+000  0.21789939E+000  0.35320701E+000  0.51541101E+000  0.85888413E+000  0.97800384E+000  0.13287599E+001  0.24789702E+001  0.41112766E+001  0.58211014E+001  0.92744293E+001
  0.19206568E+000  0.21789939E+000  0.35320701E+000  0.51541101E+000  0.85888413E+000  0.97800384E+000  0.13287599E+001  0.24789702E+001  0.41112771E+001  0.58211014E+001  0.92744295E+001
  0.19206568E+000  0.21789939E+000  0.35320701E+000  0.51541101E+000  0.85888413E+000  0.97800384E+000  0.13287599E+001  0.24789702E+001  0.41112777E+001  0.58211014E+001  0.92744298E+001
  0.19206568E+000  0.21789939E+000  0.35320701E+000  0.51541101E+000  0.85888413E+000  0.97800384E+000  0.13287599E+001  0.24789702E+001  0.41112782E+001  0.58211014E+001  0.92744300E+001
  0.19206568E+000  0.21789939E+000  0.35320701E+000  0.51541101E+000  0.85888413E+000  0.97800384E+000  0.13287599E+001  0.24789702E+001  0.41112787E+001  0.58211014E+001  0.92744302E+001
  0.19206568E+000  0.21789939E+000  0.35320701E+000  0.51541101E+000  0.85888413E+000  0.97800384E+000  0.13287599E+001  0.24789702E+001  0.41112792E+001  0.58211014E+001  0.92744304E+001
  0.19206568E+000  0.21789939E+000  0.35320701E+000  0.51541101E+000  0.85888413E+000  0.97800384E+000  0.13287599E+001  0.24789702E+001  0.41112797E+001  0.58211014E+001  0.92744306E+001
  0.19206568E+000  0.21789939E+000  0.35320702E+000  0.51541101E+000  0.85888413E+000  0.97800384E+000  0.13287599E+001  0.24789702E+001  0.41112801E+001  0.58211014E+001  0.92744308E+001
  0.19206568E+000  0.21789939E+000  0.35320702E+000  0.51541101E+000  0.85888413E+000  0.97800384E+000  0.13287599E+001  0.24789702E+001  0.41112806E+001  0.58211014E+001  0.92744310E+001
  0.19206568E+000  0.21789939E+000  0.35320702E+000  0.51541101E+000  0.85888413E+000  0.97800384E+000  0.13287599E+001  0.24789702E+001  0.41112810E+001  0.58211014E+001  0.92744312E+001
  0.19206568E+000  0.21789939E+000  0.35320702E+000  0.51541101E+000  0.85888413E+000  0.97800384E+000  0.13287599E+001  0.24789702E+001  0.41112815E+001  0.58211014E+001  0.92744314E+001
  0.19206568E+000  0.21789939E+000  0.35320702E+000  0.51541101E+000  0.85888413E+000  0.97800384E+000  0.13287599E+001  0.24789702E+001  0.41112819E+001  0.58211014E+001  0.92744316E+001
  0.19206568E+000  0.21789939E+000  0.35320702E+000  0.51541101E+000  0.85888413E+000  0.97800384E+000  0.13287599E+001  0.24789702E+001  0.41112823E+001  0.58211014E+001  0.92744318E+001
  0.19206568E+000  0.21789939E+000  0.35320702E+000  0.51541101E+000  0.85888413E+000  0.97800384E+000  0.13287599E+001  0.24789702E+001  0.41112827E+001  0.58211014E+001  0.92744320E+001
  0.19206568E+000  0.21789939E+000  0.35320702E+000  0.51541101E+000  0.85888413E+000  0.97800384E+000  0.13287599E+001  0.24789702E+001  0.41112831E+001  0.58211014E+001  0.92744322E+001
  0.19206568E+000  0.21789939E+000  0.35320702E+000  0.51541101E+000  0.85888413E+000  0.97800384E+000  0.13287599E+001  0.24789702E+001  0.41112834E+001  0.58211014E+001  0.92744324E+001
  0.19206568E+000  0.21789939E+000  0.35320702E+000  0.51541101E+000  0.85888413E+000  0.97800384E+000  0.13287599E+001  0.24789702E+001  0.41112838E+001  0.58211014E+001  0.92744326E+001
  0.19206568E+000  0.21789939E+000  0.35320702E+000  0.51541101E+000  0.85888413E+000  0.97800384E+000  0.13287599E+001  0.24789702E+001  0.41112841E+001  0.58211014E+001  0.92744327E+001
