  0.30315087E+000  0.31815479E+000  0.45978317E+000  0.62748443E+000  0.80303266E+000  0.91026478E+000  0.12867922E+001  0.18877460E+001  0.26315798E+001  0.40994961E+001  0.58394810E+001
  0.30311644E+000  0.31820523E+000  0.45981854E+000  0.62751935E+000  0.80304255E+000  0.91027484E+000  0.12868264E+001  0.18877455E+001  0.26315809E+001  0.40995177E+001  0.58394642E+001
  0.30308661E+000  0.31824131E+000  0.45985291E+000  0.62755327E+000  0.80305367E+000  0.91028368E+000  0.12868598E+001  0.18877449E+001  0.26315820E+001  0.40995408E+001  0.58394579E+001
  0.30306099E+000  0.31826024E+000  0.45988363E+000  0.62758359E+000  0.80306373E+000  0.91029135E+000  0.12868895E+001  0.18877860E+001  0.26315833E+001  0.40995626E+001  0.58394542E+001
  0.30303907E+000  0.31828275E+000  0.45991039E+000  0.62761001E+000  0.80307250E+000  0.91029799E+000  0.12869155E+001  0.18877797E+001  0.26315849E+001  0.40995816E+001  0.58394513E+001
  0.30302103E+000  0.31832370E+000  0.45993349E+000  0.62763280E+000  0.80308007E+000  0.91032189E+000  0.12869379E+001  0.18877741E+001  0.26315865E+001  0.40995979E+001  0.58394489E+001
  0.30301173E+000  0.31834399E+000  0.45995333E+000  0.62765238E+000  0.80308659E+000  0.91030860E+000  0.12869571E+001  0.18877691E+001  0.26315883E+001  0.40996119E+001  0.58394468E+001
  0.30300388E+000  0.31836137E+000  0.45997033E+000  0.62766916E+000  0.80309219E+000  0.91031281E+000  0.12869736E+001  0.18877649E+001  0.26315901E+001  0.40996240E+001  0.58394450E+001
  0.30299723E+000  0.31837625E+000  0.45998488E+000  0.62768352E+000  0.80309701E+000  0.91031643E+000  0.12869877E+001  0.18877613E+001  0.26315919E+001  0.40996343E+001  0.58394435E+001
  0.30299160E+000  0.31838897E+000  0.45999733E+000  0.62769580E+000  0.80310114E+000  0.91031954E+000  0.12869997E+001  0.18877582E+001  0.26315937E+001  0.40996432E+001  0.58394422E+001
  0.30298683E+000  0.31839985E+000  0.46000796E+000  0.62770630E+000  0.80310470E+000  0.91032222E+000  0.12870100E+001  0.18877557E+001  0.26315956E+001  0.40996508E+001  0.58394411E+001
  0.30298278E+000  0.31840914E+000  0.46001704E+000  0.62771526E+000  0.80310775E+000  0.91032451E+000  0.12870188E+001  0.18877537E+001  0.26315973E+001  0.40996573E+001  0.58394402E+001
  0.30297933E+000  0.31841707E+000  0.46002480E+000  0.62772292E+000  0.80311037E+000  0.91032649E+000  0.12870263E+001  0.18877521E+001  0.26315991E+001  0.40996628E+001  0.58394394E+001
  0.30297640E+000  0.31841745E+000  0.46003142E+000  0.62772946E+000  0.80311262E+000  0.91032818E+000  0.12870328E+001  0.18877507E+001  0.26316008E+001  0.40996676E+001  0.58394387E+001
  0.30297391E+000  0.31842092E+000  0.46003708E+000  0.62773504E+000  0.80311455E+000  0.91032965E+000  0.12870382E+001  0.18877497E+001  0.26316024E+001  0.40996717E+001  0.58394381E+001
  0.30297179E+000  0.31842388E+000  0.46004190E+000  0.62773980E+000  0.80311622E+000  0.91033090E+000  0.12870429E+001  0.18877511E+001  0.26316040E+001  0.40996751E+001  0.58394376E+001
  0.30296998E+000  0.31843877E+000  0.46004602E+000  0.62774387E+000  0.80311764E+000  0.91033199E+000  0.12870469E+001  0.18877524E+001  0.26316055E+001  0.40996781E+001  0.58394372E+001
  0.30296844E+000  0.31844237E+000  0.46004954E+000  0.62774733E+000  0.80311887E+000  0.91033292E+000  0.12870503E+001  0.18877536E+001  0.26316069E+001  0.40996807E+001  0.58394369E+001
  0.30296713E+000  0.31844543E+000  0.46005254E+000  0.62775029E+000  0.80311992E+000  0.91033373E+000  0.12870532E+001  0.18877547E+001  0.26316083E+001  0.40996829E+001  0.58394366E+001
  0.30296601E+000  0.31844805E+000  0.46005510E+000  0.62775282E+000  0.80312083E+000  0.91033443E+000  0.12870557E+001  0.18877557E+001  0.26316096E+001  0.40996848E+001  0.58394363E+001
  0.30296506E+000  0.31845028E+000  0.46005728E+000  0.62775497E+000  0.80312161E+000  0.91033503E+000  0.12870578E+001  0.18877566E+001  0.26316109E+001  0.40996864E+001  0.58394361E+001
  0.30296426E+000  0.31845218E+000  0.46005913E+000  0.62775680E+000  0.80312227E+000  0.91033555E+000  0.12870596E+001  0.18877574E+001  0.26316120E+001  0.40996878E+001  0.58394360E+001
  0.30296358E+000  0.31845380E+000  0.46006072E+000  0.62775836E+000  0.80312285E+000  0.91033600E+000  0.12870611E+001  0.18877582E+001  0.26316132E+001  0.40996890E+001  0.58394358E+001
  0.30296300E+000  0.31845517E+000  0.46006206E+000  0.62775969E+000  0.80312334E+000  0.91033639E+000  0.12870625E+001  0.18877589E+001  0.26316142E+001  0.40996900E+001  0.58394357E+001
  0.30296251E+000  0.31845634E+000  0.46006321E+000  0.62776082E+000  0.80312377E+000  0.91033672E+000  0.12870636E+001  0.18877595E+001  0.26316153E+001  0.40996909E+001  0.58394356E+001
  0.30296210E+000  0.31845734E+000  0.46006418E+000  0.62776178E+000  0.80312413E+000  0.91033702E+000  0.12870645E+001  0.18877601E+001  0.26316162E+001  0.40996916E+001  0.58394356E+001
  0.30296175E+000  0.31845818E+000  0.46006501E+000  0.62776260E+000  0.80312444E+000  0.91033727E+000  0.12870653E+001  0.18877606E+001  0.26316171E+001  0.40996923E+001  0.58394355E+001
  0.30296146E+000  0.31845890E+000  0.46006571E+000  0.62776329E+000  0.80312471E+000  0.91033749E+000  0.12870660E+001  0.18877611E+001  0.26316180E+001  0.40996929E+001  0.58394355E+001
  0.30296122E+000  0.31845951E+000  0.46006630E+000  0.62776388E+000  0.80312494E+000  0.91033768E+000  0.12870666E+001  0.18877616E+001  0.26316188E+001  0.40996933E+001  0.58394354E+001
  0.30296101E+000  0.31846003E+000  0.46006681E+000  0.62776438E+000  0.80312514E+000  0.91033785E+000  0.12870671E+001  0.18877620E+001  0.26316195E+001  0.40996937E+001  0.58394354E+001
  0.30296085E+000  0.31846046E+000  0.46006724E+000  0.62776480E+000  0.80312531E+000  0.91033800E+000  0.12870675E+001  0.18877624E+001  0.26316202E+001  0.40996941E+001  0.58394354E+001
  0.30296071E+000  0.31846083E+000  0.46006760E+000  0.62776515E+000  0.80312546E+000  0.91033813E+000  0.12870678E+001  0.18877628E+001  0.26316209E+001  0.40996944E+001  0.58394354E+001
  0.30296059E+000  0.31846114E+000  0.46006790E+000  0.62776546E+000  0.80312559E+000  0.91033824E+000  0.12870681E+001  0.18877631E+001  0.26316215E+001  0.40996947E+001  0.58394354E+001
  0.30296050E+000  0.31846141E+000  0.46006816E+000  0.62776571E+000  0.80312569E+000  0.91033835E+000  0.12870684E+001  0.18877635E+001  0.26316220E+001  0.40996949E+001  0.58394354E+001
  0.30296042E+000  0.31846163E+000  0.46006838E+000  0.62776592E+000  0.80312579E+000  0.91033844E+000  0.12870686E+001  0.18877638E+001  0.26316226E+001  0.40996951E+001  0.58394354E+001
  0.30296036E+000  0.31846182E+000  0.46006856E+000  0.62776611E+000  0.80312587E+000  0.91033852E+000  0.12870687E+001  0.18877640E+001  0.26316230E+001  0.40996953E+001  0.58394354E+001
  0.30296031E+000  0.31846198E+000  0.46006872E+000  0.62776626E+000  0.80312594E+000  0.91033859E+000  0.12870689E+001  0.18877643E+001  0.26316235E+001  0.40996954E+001  0.58394354E+001
  0.30296027E+000  0.31846211E+000  0.46006885E+000  0.62776639E+000  0.80312600E+000  0.91033866E+000  0.12870690E+001  0.18877645E+001  0.26316239E+001  0.40996955E+001  0.58394354E+001
  0.30296023E+000  0.31846223E+000  0.46006896E+000  0.62776650E+000  0.80312606E+000  0.91033872E+000  0.12870691E+001  0.18877647E+001  0.26316242E+001  0.40996957E+001  0.58394354E+001
  0.30296021E+000  0.31846233E+000  0.46006906E+000  0.62776660E+000  0.80312611E+000  0.91033877E+000  0.12870692E+001  0.18877649E+001  0.26316246E+001  0.40996958E+001  0.58394355E+001
  0.30296018E+000  0.31846241E+000  0.46006914E+000  0.62776668E+000  0.80312615E+000  0.91033883E+000  0.12870693E+001  0.18877651E+001  0.26316249E+001  0.40996958E+001  0.58394355E+001
  0.30296016E+000  0.31846248E+000  0.46006921E+000  0.62776675E+000  0.80312619E+000  0.91033888E+000  0.12870694E+001  0.18877653E+001  0.26316252E+001  0.40996959E+001  0.58394355E+001
  0.30296014E+000  0.31846255E+000  0.46006928E+000  0.62776681E+000  0.80312622E+000  0.91033893E+000  0.12870694E+001  0.18877655E+001  0.26316254E+001  0.40996960E+001  0.58394355E+001
  0.30296012E+000  0.31846260E+000  0.46006933E+000  0.62776687E+000  0.80312626E+000  0.91033898E+000  0.12870695E+001  0.18877656E+001  0.26316256E+001  0.40996961E+001  0.58394355E+001
  0.30296010E+000  0.31846265E+000  0.46006938E+000  0.62776691E+000  0.80312629E+000  0.91033902E+000  0.12870695E+001  0.18877657E+001  0.26316259E+001  0.40996961E+001  0.58394355E+001
  0.30296008E+000  0.31846270E+000  0.46006942E+000  0.62776696E+000  0.80312632E+000  0.91033907E+000  0.12870696E+001  0.18877659E+001  0.26316260E+001  0.40996962E+001  0.58394356E+001
  0.30296006E+000  0.31846274E+000  0.46006947E+000  0.62776700E+000  0.80312634E+000  0.91033912E+000  0.12870696E+001  0.18877660E+001  0.26316262E+001  0.40996962E+001  0.58394356E+001
  0.30296003E+000  0.31846278E+000  0.46006950E+000  0.62776704E+000  0.80312637E+000  0.91033916E+000  0.12870697E+001  0.18877661E+001  0.26316264E+001  0.40996963E+001  0.58394356E+001
  0.30296001E+000  0.31846282E+000  0.46006954E+000  0.62776708E+000  0.80312640E+000  0.91033921E+000  0.12870697E+001  0.18877662E+001  0.26316265E+001  0.40996963E+001  0.58394356E+001
  0.30295998E+000  0.31846286E+000  0.46006958E+000  0.62776711E+000  0.80312642E+000  0.91033926E+000  0.12870697E+001  0.18877663E+001  0.26316266E+001  0.40996964E+001  0.58394357E+001
  0.30295995E+000  0.31846290E+000  0.46006962E+000  0.62776715E+000  0.80312645E+000  0.91033931E+000  0.12870698E+001  0.18877664E+001  0.26316267E+001  0.40996964E+001  0.58394357E+001
  0.30295992E+000  0.31846294E+000  0.46006966E+000  0.62776719E+000  0.80312648E+000  0.91033936E+000  0.12870698E+001  0.18877664E+001  0.26316268E+001  0.40996965E+001  0.58394357E+001
  0.30295988E+000  0.31844068E+000  0.46006970E+000  0.62776723E+000  0.80312651E+000  0.91033940E+000  0.12870698E+001  0.18877665E+001  0.26316269E+001  0.40996965E+001  0.58394357E+001
  0.30295984E+000  0.31844069E+000  0.46006974E+000  0.62776727E+000  0.80312653E+000  0.91033945E+000  0.12870699E+001  0.18877666E+001  0.26316270E+001  0.40996965E+001  0.58394358E+001
  0.30295980E+000  0.31844070E+000  0.46006978E+000  0.62776731E+000  0.80312656E+000  0.91033950E+000  0.12870699E+001  0.18877666E+001  0.26316271E+001  0.40996966E+001  0.58394358E+001
  0.30295976E+000  0.31844072E+000  0.46006982E+000  0.62776735E+000  0.80312659E+000  0.91033955E+000  0.12870700E+001  0.18877667E+001  0.26316271E+001  0.40996966E+001  0.58394358E+001
  0.30295971E+000  0.31844073E+000  0.46006987E+000  0.62776739E+000  0.80312662E+000  0.91033960E+000  0.12870700E+001  0.18877667E+001  0.26316272E+001  0.40996967E+001  0.58394358E+001
  0.30295967E+000  0.31844075E+000  0.46006991E+000  0.62776744E+000  0.80312665E+000  0.91033965E+000  0.12870701E+001  0.18877668E+001  0.26316272E+001  0.40996967E+001  0.58394358E+001
  0.30295962E+000  0.31844076E+000  0.46006996E+000  0.62776748E+000  0.80312668E+000  0.91033970E+000  0.12870701E+001  0.18877668E+001  0.26316273E+001  0.40996968E+001  0.58394358E+001
  0.30295957E+000  0.31844077E+000  0.46007000E+000  0.62776753E+000  0.80312670E+000  0.91033975E+000  0.12870701E+001  0.18877669E+001  0.26316274E+001  0.40996968E+001  0.58394359E+001
  0.30295952E+000  0.31844079E+000  0.46007005E+000  0.62776757E+000  0.80312673E+000  0.91033980E+000  0.12870702E+001  0.18877669E+001  0.26316274E+001  0.40996969E+001  0.58394359E+001
  0.30295947E+000  0.31844080E+000  0.46007009E+000  0.62776762E+000  0.80312676E+000  0.91033984E+000  0.12870702E+001  0.18877670E+001  0.26316275E+001  0.40996969E+001  0.58394359E+001
  0.30295942E+000  0.31844081E+000  0.46007014E+000  0.62776766E+000  0.80312678E+000  0.91033989E+000  0.12870703E+001  0.18877670E+001  0.26316275E+001  0.40996969E+001  0.58394359E+001
  0.30295936E+000  0.31844082E+000  0.46007018E+000  0.62776770E+000  0.80312680E+000  0.91033993E+000  0.12870703E+001  0.18877670E+001  0.26316276E+001  0.40996970E+001  0.58394359E+001
  0.30295930E+000  0.31844082E+000  0.46007022E+000  0.62776774E+000  0.80312682E+000  0.91033997E+000  0.12870704E+001  0.18877671E+001  0.26316276E+001  0.40996970E+001  0.58394359E+001
  0.30295922E+000  0.31844082E+000  0.46007026E+000  0.62776778E+000  0.80312684E+000  0.91034001E+000  0.12870704E+001  0.18877671E+001  0.26316276E+001  0.40996970E+001  0.58394359E+001
  0.30295912E+000  0.31844081E+000  0.46007030E+000  0.62776782E+000  0.80312685E+000  0.91034005E+000  0.12870704E+001  0.18877671E+001  0.26316277E+001  0.40996971E+001  0.58394359E+001
  0.30295899E+000  0.31844079E+000  0.46007034E+000  0.62776786E+000  0.80312686E+000  0.91034009E+000  0.12870705E+001  0.18877671E+001  0.26316277E+001  0.40996971E+001  0.58394359E+001
  0.30295880E+000  0.31844075E+000  0.46007038E+000  0.62776790E+000  0.80312686E+000  0.91034013E+000  0.12870705E+001  0.18877671E+001  0.26316278E+001  0.40996971E+001  0.58394359E+001
  0.30295853E+000  0.31844072E+000  0.46007041E+000  0.62776793E+000  0.80312681E+000  0.91034014E+000  0.12870705E+001  0.18877672E+001  0.26316278E+001  0.40996972E+001  0.58394358E+001
  0.30295857E+000  0.31844076E+000  0.46007044E+000  0.62776796E+000  0.80312684E+000  0.91034018E+000  0.12870706E+001  0.18877672E+001  0.26316279E+001  0.40996972E+001  0.58394358E+001
  0.30295860E+000  0.31844079E+000  0.46007047E+000  0.62776799E+000  0.80312687E+000  0.91034021E+000  0.12870706E+001  0.18877673E+001  0.26316280E+001  0.40996972E+001  0.58394358E+001
  0.30295862E+000  0.31844081E+000  0.46007050E+000  0.62776802E+000  0.80312690E+000  0.91034024E+000  0.12870706E+001  0.18877673E+001  0.26316280E+001  0.40996973E+001  0.58394358E+001
  0.30295865E+000  0.31844084E+000  0.46007053E+000  0.62776805E+000  0.80312693E+000  0.91034027E+000  0.12870707E+001  0.18877673E+001  0.26316281E+001  0.40996973E+001  0.58394358E+001
  0.30295867E+000  0.31844086E+000  0.46007055E+000  0.62776807E+000  0.80312695E+000  0.91034029E+000  0.12870707E+001  0.18877674E+001  0.26316281E+001  0.40996973E+001  0.58394358E+001
  0.30295869E+000  0.31844089E+000  0.46007057E+000  0.62776809E+000  0.80312697E+000  0.91034031E+000  0.12870707E+001  0.18877674E+001  0.26316282E+001  0.40996973E+001  0.58394358E+001
  0.30295871E+000  0.31844091E+000  0.46007059E+000  0.62776811E+000  0.80312699E+000  0.91034034E+000  0.12870707E+001  0.18877674E+001  0.26316282E+001  0.40996973E+001  0.58394358E+001
  0.30295873E+000  0.31844093E+000  0.46007061E+000  0.62776813E+000  0.80312701E+000  0.91034035E+000  0.12870707E+001  0.18877675E+001  0.26316282E+001  0.40996974E+001  0.58394358E+001
  0.30295874E+000  0.31844094E+000  0.46007063E+000  0.62776815E+000  0.80312703E+000  0.91034037E+000  0.12870708E+001  0.18877675E+001  0.26316283E+001  0.40996974E+001  0.58394358E+001
  0.30295875E+000  0.31844096E+000  0.46007065E+000  0.62776816E+000  0.80312704E+000  0.91034039E+000  0.12870708E+001  0.18877675E+001  0.26316283E+001  0.40996974E+001  0.58394358E+001
  0.30295876E+000  0.31844097E+000  0.46007066E+000  0.62776818E+000  0.80312706E+000  0.91034040E+000  0.12870708E+001  0.18877675E+001  0.26316284E+001  0.40996974E+001  0.58394358E+001
  0.30295877E+000  0.31844098E+000  0.46007067E+000  0.62776819E+000  0.80312707E+000  0.91034041E+000  0.12870708E+001  0.18877676E+001  0.26316284E+001  0.40996974E+001  0.58394358E+001
  0.30295878E+000  0.31844099E+000  0.46007068E+000  0.62776820E+000  0.80312708E+000  0.91034042E+000  0.12870708E+001  0.18877676E+001  0.26316284E+001  0.40996974E+001  0.58394358E+001
  0.30295879E+000  0.31844100E+000  0.46007069E+000  0.62776821E+000  0.80312709E+000  0.91034043E+000  0.12870708E+001  0.18877676E+001  0.26316285E+001  0.40996974E+001  0.58394358E+001
  0.30295880E+000  0.31844101E+000  0.46007070E+000  0.62776822E+000  0.80312710E+000  0.91034044E+000  0.12870708E+001  0.18877677E+001  0.26316285E+001  0.40996974E+001  0.58394358E+001
  0.30295880E+000  0.31844102E+000  0.46007071E+000  0.62776823E+000  0.80312710E+000  0.91034045E+000  0.12870708E+001  0.18877677E+001  0.26316285E+001  0.40996974E+001  0.58394358E+001
  0.30295881E+000  0.31844102E+000  0.46007071E+000  0.62776823E+000  0.80312711E+000  0.91034045E+000  0.12870708E+001  0.18877678E+001  0.26316286E+001  0.40996974E+001  0.58394358E+001
  0.30295881E+000  0.31844103E+000  0.46007072E+000  0.62776824E+000  0.80312712E+000  0.91034046E+000  0.12870708E+001  0.18877678E+001  0.26316286E+001  0.40996974E+001  0.58394358E+001
  0.30295882E+000  0.31844103E+000  0.46007072E+000  0.62776824E+000  0.80312712E+000  0.91034046E+000  0.12870708E+001  0.18877678E+001  0.26316286E+001  0.40996974E+001  0.58394357E+001
  0.30295882E+000  0.31844104E+000  0.46007073E+000  0.62776825E+000  0.80312712E+000  0.91034047E+000  0.12870708E+001  0.18877679E+001  0.26316287E+001  0.40996974E+001  0.58394357E+001
  0.30295882E+000  0.31844104E+000  0.46007073E+000  0.62776825E+000  0.80312713E+000  0.91034047E+000  0.12870709E+001  0.18877679E+001  0.26316287E+001  0.40996974E+001  0.58394357E+001
  0.30295882E+000  0.31844104E+000  0.46007073E+000  0.62776825E+000  0.80312713E+000  0.91034047E+000  0.12870709E+001  0.18877680E+001  0.26316287E+001  0.40996974E+001  0.58394357E+001
  0.30295883E+000  0.31844104E+000  0.46007074E+000  0.62776825E+000  0.80312713E+000  0.91034047E+000  0.12870709E+001  0.18877680E+001  0.26316288E+001  0.40996974E+001  0.58394357E+001
  0.30295883E+000  0.31844105E+000  0.46007074E+000  0.62776826E+000  0.80312714E+000  0.91034048E+000  0.12870709E+001  0.18877680E+001  0.26316288E+001  0.40996974E+001  0.58394357E+001
  0.30295883E+000  0.31844105E+000  0.46007074E+000  0.62776826E+000  0.80312714E+000  0.91034048E+000  0.12870709E+001  0.18877681E+001  0.26316288E+001  0.40996974E+001  0.58394356E+001
  0.30295883E+000  0.31844105E+000  0.46007074E+000  0.62776826E+000  0.80312714E+000  0.91034048E+000  0.12870709E+001  0.18877681E+001  0.26316289E+001  0.40996974E+001  0.58394356E+001
  0.30295883E+000  0.31844105E+000  0.46007074E+000  0.62776826E+000  0.80312714E+000  0.91034048E+000  0.12870709E+001  0.18877682E+001  0.26316289E+001  0.40996974E+001  0.58394356E+001
  0.30295883E+000  0.31844105E+000  0.46007074E+000  0.62776826E+000  0.80312714E+000  0.91034048E+000  0.12870709E+001  0.18877682E+001  0.26316289E+001  0.40996974E+001  0.58394356E+001
  0.30295883E+000  0.31844105E+000  0.46007074E+000  0.62776826E+000  0.80312714E+000  0.91034048E+000  0.12870709E+001  0.18877683E+001  0.26316290E+001  0.40996974E+001  0.58394356E+001
  0.30295883E+000  0.31844105E+000  0.46007074E+000  0.62776826E+000  0.80312715E+000  0.91034048E+000  0.12870709E+001  0.18877683E+001  0.26316290E+001  0.40996974E+001  0.58394355E+001
  0.30295883E+000  0.31844105E+000  0.46007074E+000  0.62776826E+000  0.80312715E+000  0.91034048E+000  0.12870709E+001  0.18877684E+001  0.26316291E+001  0.40996974E+001  0.58394355E+001
  0.30295883E+000  0.31844105E+000  0.46007074E+000  0.62776826E+000  0.80312715E+000  0.91034048E+000  0.12870709E+001  0.18877684E+001  0.26316291E+001  0.40996974E+001  0.58394355E+001
  0.30295883E+000  0.31844105E+000  0.46007074E+000  0.62776826E+000  0.80312715E+000  0.91034048E+000  0.12870709E+001  0.18877685E+001  0.26316291E+001  0.40996974E+001  0.58394355E+001
  0.30295883E+000  0.31844105E+000  0.46007074E+000  0.62776826E+000  0.80312715E+000  0.91034048E+000  0.12870709E+001  0.18877685E+001  0.26316292E+001  0.40996974E+001  0.58394355E+001
  0.30295883E+000  0.31844105E+000  0.46007074E+000  0.62776826E+000  0.80312715E+000  0.91034048E+000  0.12870709E+001  0.18877686E+001  0.26316292E+001  0.40996975E+001  0.58394355E+001
  0.30295883E+000  0.31844105E+000  0.46007074E+000  0.62776826E+000  0.80312715E+000  0.91034048E+000  0.12870709E+001  0.18877687E+001  0.26316292E+001  0.40996975E+001  0.58394355E+001
  0.30295883E+000  0.31844105E+000  0.46007074E+000  0.62776826E+000  0.80312715E+000  0.91034048E+000  0.12870709E+001  0.18877687E+001  0.26316293E+001  0.40996975E+001  0.58394354E+001
  0.30295883E+000  0.31844105E+000  0.46007074E+000  0.62776826E+000  0.80312715E+000  0.91034048E+000  0.12870709E+001  0.18877688E+001  0.26316293E+001  0.40996975E+001  0.58394354E+001
  0.30295883E+000  0.31844105E+000  0.46007074E+000  0.62776826E+000  0.80312715E+000  0.91034048E+000  0.12870709E+001  0.18877688E+001  0.26316294E+001  0.40996975E+001  0.58394354E+001
  0.30295883E+000  0.31844105E+000  0.46007074E+000  0.62776826E+000  0.80312716E+000  0.91034048E+000  0.12870709E+001  0.18877689E+001  0.26316294E+001  0.40996975E+001  0.58394354E+001
  0.30295883E+000  0.31844105E+000  0.46007074E+000  0.62776826E+000  0.80312716E+000  0.91034048E+000  0.12870709E+001  0.18877689E+001  0.26316295E+001  0.40996975E+001  0.58394354E+001
  0.30295884E+000  0.31844105E+000  0.46007074E+000  0.62776826E+000  0.80312716E+000  0.91034049E+000  0.12870709E+001  0.18877690E+001  0.26316295E+001  0.40996975E+001  0.58394354E+001
  0.30295884E+000  0.31844105E+000  0.46007074E+000  0.62776826E+000  0.80312716E+000  0.91034049E+000  0.12870709E+001  0.18877691E+001  0.26316296E+001  0.40996975E+001  0.58394354E+001
  0.30295884E+000  0.31844105E+000  0.46007074E+000  0.62776826E+000  0.80312716E+000  0.91034049E+000  0.12870709E+001  0.18877691E+001  0.26316296E+001  0.40996975E+001  0.58394354E+001
  0.30295884E+000  0.31844105E+000  0.46007074E+000  0.62776826E+000  0.80312716E+000  0.91034049E+000  0.12870709E+001  0.18877692E+001  0.26316297E+001  0.40996975E+001  0.58394354E+001
  0.30295884E+000  0.31844105E+000  0.46007074E+000  0.62776826E+000  0.80312716E+000  0.91034049E+000  0.12870709E+001  0.18877693E+001  0.26316297E+001  0.40996975E+001  0.58394354E+001
  0.30295884E+000  0.31844105E+000  0.46007074E+000  0.62776826E+000  0.80312716E+000  0.91034049E+000  0.12870709E+001  0.18877693E+001  0.26316298E+001  0.40996975E+001  0.58394354E+001
  0.30295884E+000  0.31844105E+000  0.46007074E+000  0.62776826E+000  0.80312717E+000  0.91034049E+000  0.12870709E+001  0.18877694E+001  0.26316298E+001  0.40996975E+001  0.58394354E+001
  0.30295884E+000  0.31844105E+000  0.46007074E+000  0.62776826E+000  0.80312717E+000  0.91034049E+000  0.12870709E+001  0.18877695E+001  0.26316299E+001  0.40996975E+001  0.58394354E+001
  0.30295884E+000  0.31844105E+000  0.46007075E+000  0.62776826E+000  0.80312717E+000  0.91034049E+000  0.12870709E+001  0.18877695E+001  0.26316299E+001  0.40996975E+001  0.58394354E+001
  0.30295884E+000  0.31844105E+000  0.46007075E+000  0.62776826E+000  0.80312717E+000  0.91034050E+000  0.12870709E+001  0.18877696E+001  0.26316300E+001  0.40996975E+001  0.58394354E+001
  0.30295884E+000  0.31844106E+000  0.46007075E+000  0.62776826E+000  0.80312717E+000  0.91034050E+000  0.12870709E+001  0.18877697E+001  0.26316300E+001  0.40996975E+001  0.58394354E+001
  0.30295884E+000  0.31844106E+000  0.46007075E+000  0.62776826E+000  0.80312717E+000  0.91034050E+000  0.12870709E+001  0.18877697E+001  0.26316301E+001  0.40996975E+001  0.58394354E+001
  0.30295885E+000  0.31844106E+000  0.46007075E+000  0.62776826E+000  0.80312718E+000  0.91034050E+000  0.12870709E+001  0.18877698E+001  0.26316301E+001  0.40996975E+001  0.58394354E+001
  0.30295885E+000  0.31844106E+000  0.46007075E+000  0.62776827E+000  0.80312718E+000  0.91034050E+000  0.12870709E+001  0.18877698E+001  0.26316302E+001  0.40996975E+001  0.58394354E+001
  0.30295885E+000  0.31844106E+000  0.46007075E+000  0.62776827E+000  0.80312718E+000  0.91034050E+000  0.12870709E+001  0.18877699E+001  0.26316302E+001  0.40996975E+001  0.58394354E+001
  0.30295885E+000  0.31844106E+000  0.46007075E+000  0.62776827E+000  0.80312718E+000  0.91034050E+000  0.12870709E+001  0.18877700E+001  0.26316303E+001  0.40996975E+001  0.58394354E+001
  0.30295885E+000  0.31844106E+000  0.46007075E+000  0.62776827E+000  0.80312718E+000  0.91034051E+000  0.12870709E+001  0.18877700E+001  0.26316303E+001  0.40996975E+001  0.58394354E+001
  0.30295885E+000  0.31844106E+000  0.46007075E+000  0.62776827E+000  0.80312718E+000  0.91034051E+000  0.12870709E+001  0.18877701E+001  0.26316304E+001  0.40996975E+001  0.58394354E+001
  0.30295885E+000  0.31844106E+000  0.46007075E+000  0.62776827E+000  0.80312719E+000  0.91034051E+000  0.12870709E+001  0.18877702E+001  0.26316305E+001  0.40996975E+001  0.58394354E+001
  0.30295885E+000  0.31844106E+000  0.46007075E+000  0.62776827E+000  0.80312719E+000  0.91034051E+000  0.12870709E+001  0.18877702E+001  0.26316305E+001  0.40996975E+001  0.58394354E+001
  0.30295886E+000  0.31844107E+000  0.46007076E+000  0.62776827E+000  0.80312719E+000  0.91034051E+000  0.12870709E+001  0.18877703E+001  0.26316306E+001  0.40996975E+001  0.58394354E+001
  0.30295886E+000  0.31844107E+000  0.46007076E+000  0.62776827E+000  0.80312719E+000  0.91034052E+000  0.12870709E+001  0.18877704E+001  0.26316306E+001  0.40996975E+001  0.58394354E+001
  0.30295886E+000  0.31844107E+000  0.46007076E+000  0.62776827E+000  0.80312719E+000  0.91034052E+000  0.12870709E+001  0.18877704E+001  0.26316307E+001  0.40996976E+001  0.58394355E+001
  0.30295886E+000  0.31844107E+000  0.46007076E+000  0.62776828E+000  0.80312719E+000  0.91034052E+000  0.12870709E+001  0.18877705E+001  0.26316308E+001  0.40996976E+001  0.58394355E+001
  0.30295886E+000  0.31844107E+000  0.46007076E+000  0.62776828E+000  0.80312720E+000  0.91034052E+000  0.12870709E+001  0.18877706E+001  0.26316308E+001  0.40996976E+001  0.58394355E+001
  0.30295886E+000  0.31844107E+000  0.46007076E+000  0.62776828E+000  0.80312720E+000  0.91034052E+000  0.12870709E+001  0.18877706E+001  0.26316309E+001  0.40996976E+001  0.58394355E+001
  0.30295886E+000  0.31844107E+000  0.46007076E+000  0.62776828E+000  0.80312720E+000  0.91034052E+000  0.12870709E+001  0.18877707E+001  0.26316309E+001  0.40996976E+001  0.58394355E+001
  0.30295886E+000  0.31844107E+000  0.46007076E+000  0.62776828E+000  0.80312720E+000  0.91034053E+000  0.12870709E+001  0.18877707E+001  0.26316310E+001  0.40996976E+001  0.58394355E+001
  0.30295887E+000  0.31844107E+000  0.46007076E+000  0.62776828E+000  0.80312720E+000  0.91034053E+000  0.12870709E+001  0.18877708E+001  0.26316311E+001  0.40996976E+001  0.58394356E+001
  0.30295887E+000  0.31844108E+000  0.46007077E+000  0.62776828E+000  0.80312720E+000  0.91034053E+000  0.12870709E+001  0.18877709E+001  0.26316311E+001  0.40996976E+001  0.58394356E+001
  0.30295887E+000  0.31844108E+000  0.46007077E+000  0.62776828E+000  0.80312721E+000  0.91034053E+000  0.12870709E+001  0.18877709E+001  0.26316312E+001  0.40996976E+001  0.58394356E+001
  0.30295887E+000  0.31844108E+000  0.46007077E+000  0.62776828E+000  0.80312721E+000  0.91034053E+000  0.12870709E+001  0.18877710E+001  0.26316312E+001  0.40996976E+001  0.58394356E+001
  0.30295887E+000  0.31844108E+000  0.46007077E+000  0.62776828E+000  0.80312721E+000  0.91034053E+000  0.12870709E+001  0.18877710E+001  0.26316313E+001  0.40996976E+001  0.58394356E+001
  0.30295887E+000  0.31844108E+000  0.46007077E+000  0.62776829E+000  0.80312721E+000  0.91034054E+000  0.12870709E+001  0.18877711E+001  0.26316314E+001  0.40996976E+001  0.58394357E+001
  0.30295887E+000  0.31844108E+000  0.46007077E+000  0.62776829E+000  0.80312721E+000  0.91034054E+000  0.12870709E+001  0.18877711E+001  0.26316314E+001  0.40996976E+001  0.58394357E+001
  0.30295887E+000  0.31844108E+000  0.46007077E+000  0.62776829E+000  0.80312721E+000  0.91034054E+000  0.12870709E+001  0.18877712E+001  0.26316315E+001  0.40996976E+001  0.58394357E+001
  0.30295887E+000  0.31844108E+000  0.46007077E+000  0.62776829E+000  0.80312721E+000  0.91034054E+000  0.12870709E+001  0.18877712E+001  0.26316315E+001  0.40996976E+001  0.58394357E+001
  0.30295888E+000  0.31844108E+000  0.46007077E+000  0.62776829E+000  0.80312722E+000  0.91034054E+000  0.12870709E+001  0.18877713E+001  0.26316316E+001  0.40996977E+001  0.58394358E+001
  0.30295888E+000  0.31844108E+000  0.46007077E+000  0.62776829E+000  0.80312722E+000  0.91034054E+000  0.12870709E+001  0.18877713E+001  0.26316316E+001  0.40996977E+001  0.58394358E+001
  0.30295888E+000  0.31844109E+000  0.46007077E+000  0.62776829E+000  0.80312722E+000  0.91034054E+000  0.12870709E+001  0.18877714E+001  0.26316317E+001  0.40996977E+001  0.58394358E+001
  0.30295888E+000  0.31844109E+000  0.46007078E+000  0.62776829E+000  0.80312722E+000  0.91034055E+000  0.12870709E+001  0.18877714E+001  0.26316317E+001  0.40996977E+001  0.58394358E+001
  0.30295888E+000  0.31844109E+000  0.46007078E+000  0.62776829E+000  0.80312722E+000  0.91034055E+000  0.12870709E+001  0.18877715E+001  0.26316318E+001  0.40996977E+001  0.58394359E+001
  0.30295888E+000  0.31844109E+000  0.46007078E+000  0.62776829E+000  0.80312722E+000  0.91034055E+000  0.12870709E+001  0.18877715E+001  0.26316319E+001  0.40996977E+001  0.58394359E+001
  0.30295888E+000  0.31844109E+000  0.46007078E+000  0.62776829E+000  0.80312722E+000  0.91034055E+000  0.12870709E+001  0.18877716E+001  0.26316319E+001  0.40996977E+001  0.58394359E+001
  0.30295888E+000  0.31844109E+000  0.46007078E+000  0.62776829E+000  0.80312722E+000  0.91034055E+000  0.12870709E+001  0.18877716E+001  0.26316320E+001  0.40996977E+001  0.58394359E+001
  0.30295888E+000  0.31844109E+000  0.46007078E+000  0.62776830E+000  0.80312723E+000  0.91034055E+000  0.12870709E+001  0.18877717E+001  0.26316320E+001  0.40996977E+001  0.58394360E+001
  0.30295888E+000  0.31844109E+000  0.46007078E+000  0.62776830E+000  0.80312723E+000  0.91034055E+000  0.12870709E+001  0.18877717E+001  0.26316321E+001  0.40996977E+001  0.58394360E+001
  0.30295888E+000  0.31844109E+000  0.46007078E+000  0.62776830E+000  0.80312723E+000  0.91034055E+000  0.12870709E+001  0.18877717E+001  0.26316321E+001  0.40996977E+001  0.58394360E+001
  0.30295888E+000  0.31844109E+000  0.46007078E+000  0.62776830E+000  0.80312723E+000  0.91034056E+000  0.12870709E+001  0.18877718E+001  0.26316322E+001  0.40996977E+001  0.58394361E+001
  0.30295889E+000  0.31844109E+000  0.46007078E+000  0.62776830E+000  0.80312723E+000  0.91034056E+000  0.12870709E+001  0.18877718E+001  0.26316322E+001  0.40996977E+001  0.58394361E+001
  0.30295889E+000  0.31844109E+000  0.46007078E+000  0.62776830E+000  0.80312723E+000  0.91034056E+000  0.12870709E+001  0.18877719E+001  0.26316323E+001  0.40996977E+001  0.58394361E+001
  0.30295889E+000  0.31844109E+000  0.46007078E+000  0.62776830E+000  0.80312723E+000  0.91034056E+000  0.12870709E+001  0.18877719E+001  0.26316323E+001  0.40996977E+001  0.58394361E+001
  0.30295889E+000  0.31844109E+000  0.46007078E+000  0.62776830E+000  0.80312723E+000  0.91034056E+000  0.12870709E+001  0.18877719E+001  0.26316324E+001  0.40996977E+001  0.58394362E+001
  0.30295889E+000  0.31844110E+000  0.46007078E+000  0.62776830E+000  0.80312723E+000  0.91034056E+000  0.12870709E+001  0.18877720E+001  0.26316324E+001  0.40996978E+001  0.58394362E+001
  0.30295889E+000  0.31844110E+000  0.46007078E+000  0.62776830E+000  0.80312723E+000  0.91034056E+000  0.12870709E+001  0.18877720E+001  0.26316324E+001  0.40996978E+001  0.58394362E+001
  0.30295889E+000  0.31844110E+000  0.46007078E+000  0.62776830E+000  0.80312723E+000  0.91034056E+000  0.12870709E+001  0.18877720E+001  0.26316325E+001  0.40996978E+001  0.58394363E+001
  0.30295889E+000  0.31844110E+000  0.46007079E+000  0.62776830E+000  0.80312723E+000  0.91034056E+000  0.12870709E+001  0.18877721E+001  0.26316325E+001  0.40996978E+001  0.58394363E+001
  0.30295889E+000  0.31844110E+000  0.46007079E+000  0.62776830E+000  0.80312723E+000  0.91034056E+000  0.12870709E+001  0.18877721E+001  0.26316326E+001  0.40996978E+001  0.58394363E+001
  0.30295889E+000  0.31844110E+000  0.46007079E+000  0.62776830E+000  0.80312723E+000  0.91034056E+000  0.12870709E+001  0.18877721E+001  0.26316326E+001  0.40996978E+001  0.58394363E+001
  0.30295889E+000  0.31844110E+000  0.46007079E+000  0.62776830E+000  0.80312723E+000  0.91034056E+000  0.12870709E+001  0.18877722E+001  0.26316326E+001  0.40996978E+001  0.58394364E+001
  0.30295889E+000  0.31844110E+000  0.46007079E+000  0.62776830E+000  0.80312723E+000  0.91034056E+000  0.12870709E+001  0.18877722E+001  0.26316327E+001  0.40996978E+001  0.58394364E+001
  0.30295889E+000  0.31844110E+000  0.46007079E+000  0.62776830E+000  0.80312723E+000  0.91034056E+000  0.12870709E+001  0.18877722E+001  0.26316327E+001  0.40996978E+001  0.58394364E+001
  0.30295889E+000  0.31844110E+000  0.46007079E+000  0.62776830E+000  0.80312724E+000  0.91034056E+000  0.12870709E+001  0.18877722E+001  0.26316328E+001  0.40996978E+001  0.58394364E+001
  0.30295889E+000  0.31844110E+000  0.46007079E+000  0.62776830E+000  0.80312724E+000  0.91034056E+000  0.12870709E+001  0.18877723E+001  0.26316328E+001  0.40996978E+001  0.58394365E+001
  0.30295889E+000  0.31844110E+000  0.46007079E+000  0.62776830E+000  0.80312724E+000  0.91034056E+000  0.12870709E+001  0.18877723E+001  0.26316328E+001  0.40996978E+001  0.58394365E+001
  0.30295889E+000  0.31844110E+000  0.46007079E+000  0.62776830E+000  0.80312724E+000  0.91034056E+000  0.12870709E+001  0.18877723E+001  0.26316329E+001  0.40996978E+001  0.58394365E+001
  0.30295889E+000  0.31844110E+000  0.46007079E+000  0.62776830E+000  0.80312724E+000  0.91034056E+000  0.12870709E+001  0.18877723E+001  0.26316329E+001  0.40996978E+001  0.58394366E+001
  0.30295889E+000  0.31844110E+000  0.46007079E+000  0.62776830E+000  0.80312724E+000  0.91034056E+000  0.12870709E+001  0.18877724E+001  0.26316329E+001  0.40996978E+001  0.58394366E+001
  0.30295889E+000  0.31844110E+000  0.46007079E+000  0.62776830E+000  0.80312724E+000  0.91034056E+000  0.12870709E+001  0.18877724E+001  0.26316330E+001  0.40996978E+001  0.58394366E+001
  0.30295889E+000  0.31844110E+000  0.46007079E+000  0.62776830E+000  0.80312724E+000  0.91034056E+000  0.12870709E+001  0.18877724E+001  0.26316330E+001  0.40996978E+001  0.58394366E+001
  0.30295889E+000  0.31844110E+000  0.46007079E+000  0.62776830E+000  0.80312724E+000  0.91034056E+000  0.12870709E+001  0.18877724E+001  0.26316330E+001  0.40996978E+001  0.58394367E+001
  0.30295889E+000  0.31844110E+000  0.46007079E+000  0.62776830E+000  0.80312724E+000  0.91034056E+000  0.12870709E+001  0.18877724E+001  0.26316331E+001  0.40996978E+001  0.58394367E+001
  0.30295889E+000  0.31844110E+000  0.46007079E+000  0.62776830E+000  0.80312724E+000  0.91034056E+000  0.12870709E+001  0.18877725E+001  0.26316331E+001  0.40996978E+001  0.58394367E+001
  0.30295889E+000  0.31844110E+000  0.46007079E+000  0.62776830E+000  0.80312724E+000  0.91034056E+000  0.12870709E+001  0.18877725E+001  0.26316331E+001  0.40996978E+001  0.58394367E+001
  0.30295889E+000  0.31844110E+000  0.46007079E+000  0.62776830E+000  0.80312724E+000  0.91034056E+000  0.12870709E+001  0.18877725E+001  0.26316331E+001  0.40996979E+001  0.58394368E+001
  0.30295889E+000  0.31844110E+000  0.46007079E+000  0.62776830E+000  0.80312724E+000  0.91034056E+000  0.12870709E+001  0.18877725E+001  0.26316332E+001  0.40996979E+001  0.58394368E+001
  0.30295889E+000  0.31844110E+000  0.46007079E+000  0.62776830E+000  0.80312724E+000  0.91034056E+000  0.12870709E+001  0.18877725E+001  0.26316332E+001  0.40996979E+001  0.58394368E+001
  0.30295889E+000  0.31844110E+000  0.46007079E+000  0.62776830E+000  0.80312724E+000  0.91034056E+000  0.12870709E+001  0.18877725E+001  0.26316332E+001  0.40996979E+001  0.58394368E+001
  0.30295889E+000  0.31844110E+000  0.46007079E+000  0.62776830E+000  0.80312724E+000  0.91034056E+000  0.12870709E+001  0.18877726E+001  0.26316332E+001  0.40996979E+001  0.58394368E+001
  0.30295889E+000  0.31844110E+000  0.46007079E+000  0.62776830E+000  0.80312724E+000  0.91034056E+000  0.12870709E+001  0.18877726E+001  0.26316333E+001  0.40996979E+001  0.58394369E+001
  0.30295889E+000  0.31844110E+000  0.46007079E+000  0.62776830E+000  0.80312724E+000  0.91034056E+000  0.12870709E+001  0.18877726E+001  0.26316333E+001  0.40996979E+001  0.58394369E+001
  0.30295889E+000  0.31844110E+000  0.46007079E+000  0.62776830E+000  0.80312724E+000  0.91034056E+000  0.12870709E+001  0.18877726E+001  0.26316333E+001  0.40996979E+001  0.58394369E+001
  0.30295889E+000  0.31844110E+000  0.46007079E+000  0.62776830E+000  0.80312723E+000  0.91034056E+000  0.12870709E+001  0.18877726E+001  0.26316333E+001  0.40996979E+001  0.58394369E+001
  0.30295889E+000  0.31844110E+000  0.46007079E+000  0.62776830E+000  0.80312723E+000  0.91034056E+000  0.12870709E+001  0.18877726E+001  0.26316333E+001  0.40996979E+001  0.58394369E+001
  0.30295889E+000  0.31844110E+000  0.46007079E+000  0.62776830E+000  0.80312723E+000  0.91034056E+000  0.12870709E+001  0.18877726E+001  0.26316334E+001  0.40996979E+001  0.58394370E+001
  0.30295889E+000  0.31844110E+000  0.46007079E+000  0.62776830E+000  0.80312723E+000  0.91034056E+000  0.12870709E+001  0.18877726E+001  0.26316334E+001  0.40996979E+001  0.58394370E+001
  0.30295889E+000  0.31844110E+000  0.46007079E+000  0.62776830E+000  0.80312723E+000  0.91034056E+000  0.12870709E+001  0.18877727E+001  0.26316334E+001  0.40996979E+001  0.58394370E+001
  0.30295889E+000  0.31844110E+000  0.46007079E+000  0.62776830E+000  0.80312723E+000  0.91034056E+000  0.12870709E+001  0.18877727E+001  0.26316334E+001  0.40996979E+001  0.58394370E+001
  0.30295889E+000  0.31844110E+000  0.46007079E+000  0.62776830E+000  0.80312723E+000  0.91034056E+000  0.12870709E+001  0.18877727E+001  0.26316334E+001  0.40996979E+001  0.58394370E+001
