 -0.48122037E+000 -0.23336945E+000 -0.54907317E-002 -0.45313024E-002 -0.16530146E-002  0.22934688E+000  0.34247353E+001  0.16556435E+002  0.33185592E+002  0.10316519E+003  0.17234824E+003
 -0.47548508E+000 -0.22628288E+000 -0.43844989E-002 -0.36184344E-002 -0.13202409E-002  0.22934154E+000  0.34247237E+001  0.16556424E+002  0.33185140E+002  0.10316518E+003  0.17234820E+003
 -0.47621563E+000 -0.22757062E+000 -0.45213219E-002 -0.37313937E-002 -0.13616094E-002  0.22934075E+000  0.34247235E+001  0.16556425E+002  0.33184576E+002  0.10316518E+003  0.17234820E+003
 -0.47691973E+000 -0.22880061E+000 -0.46540876E-002 -0.38409924E-002 -0.14017069E-002  0.22934092E+000  0.34247247E+001  0.16556426E+002  0.33184060E+002  0.10316518E+003  0.17234820E+003
 -0.47754542E+000 -0.22983200E+000 -0.47726958E-002 -0.39388983E-002 -0.14375057E-002  0.22934130E+000  0.34247259E+001  0.16556427E+002  0.33183616E+002  0.10316518E+003  0.17234821E+003
 -0.47808747E+000 -0.23064841E+000 -0.48759777E-002 -0.40241486E-002 -0.14686614E-002  0.22934171E+000  0.34247270E+001  0.16556428E+002  0.33183243E+002  0.10316518E+003  0.17234821E+003
 -0.47855250E+000 -0.23129832E+000 -0.49650400E-002 -0.40976582E-002 -0.14955127E-002  0.22934210E+000  0.34247280E+001  0.16556429E+002  0.33182931E+002  0.10316519E+003  0.17234821E+003
 -0.47894967E+000 -0.23182040E+000 -0.50414910E-002 -0.41607554E-002 -0.15185485E-002  0.22934247E+000  0.34247288E+001  0.16556430E+002  0.33182670E+002  0.10316519E+003  0.17234822E+003
 -0.47928810E+000 -0.23224381E+000 -0.51069558E-002 -0.42147822E-002 -0.15382617E-002  0.22934281E+000  0.34247295E+001  0.16556431E+002  0.33182453E+002  0.10316519E+003  0.17234822E+003
 -0.47957620E+000 -0.23259039E+000 -0.51629470E-002 -0.42609880E-002 -0.15551110E-002  0.22934312E+000  0.34247301E+001  0.16556431E+002  0.33182272E+002  0.10316519E+003  0.17234822E+003
 -0.47982125E+000 -0.23287626E+000 -0.52107883E-002 -0.43004656E-002 -0.15694975E-002  0.22934341E+000  0.34247307E+001  0.16556432E+002  0.33182122E+002  0.10316519E+003  0.17234822E+003
 -0.48002956E+000 -0.23311351E+000 -0.52516331E-002 -0.43341675E-002 -0.15817709E-002  0.22934367E+000  0.34247311E+001  0.16556432E+002  0.33181998E+002  0.10316519E+003  0.17234823E+003
 -0.48020660E+000 -0.23331137E+000 -0.52864885E-002 -0.43629254E-002 -0.15922361E-002  0.22934391E+000  0.34247315E+001  0.16556432E+002  0.33181895E+002  0.10316519E+003  0.17234823E+003
 -0.48035705E+000 -0.23347700E+000 -0.53162234E-002 -0.43874566E-002 -0.16011564E-002  0.22934413E+000  0.34247319E+001  0.16556433E+002  0.33181810E+002  0.10316519E+003  0.17234823E+003
 -0.48048489E+000 -0.23361599E+000 -0.53415835E-002 -0.44083770E-002 -0.16087575E-002  0.22934434E+000  0.34247322E+001  0.16556433E+002  0.33181740E+002  0.10316519E+003  0.17234823E+003
 -0.48059351E+000 -0.23370693E+000 -0.53632077E-002 -0.44262139E-002 -0.16152326E-002  0.22934452E+000  0.34247325E+001  0.16556433E+002  0.33181683E+002  0.10316519E+003  0.17234823E+003
 -0.48068580E+000 -0.23374226E+000 -0.53816436E-002 -0.44414195E-002 -0.16207474E-002  0.22934469E+000  0.34247327E+001  0.16556433E+002  0.33181637E+002  0.10316519E+003  0.17234823E+003
 -0.48076423E+000 -0.23376123E+000 -0.53973589E-002 -0.44543801E-002 -0.16254435E-002  0.22934484E+000  0.34247329E+001  0.16556433E+002  0.33181600E+002  0.10316519E+003  0.17234823E+003
 -0.48083085E+000 -0.23376777E+000 -0.54107508E-002 -0.44654232E-002 -0.16294406E-002  0.22934498E+000  0.34247331E+001  0.16556434E+002  0.33181571E+002  0.10316519E+003  0.17234823E+003
 -0.48088744E+000 -0.23376504E+000 -0.54221588E-002 -0.44748295E-002 -0.16328416E-002  0.22934511E+000  0.34247332E+001  0.16556434E+002  0.33181548E+002  0.10316519E+003  0.17234823E+003
 -0.48093547E+000 -0.23375553E+000 -0.54318725E-002 -0.44828378E-002 -0.16357338E-002  0.22934523E+000  0.34247334E+001  0.16556434E+002  0.33181530E+002  0.10316519E+003  0.17234823E+003
 -0.48097625E+000 -0.23374124E+000 -0.54401403E-002 -0.44896532E-002 -0.16381921E-002  0.22934534E+000  0.34247335E+001  0.16556434E+002  0.33181517E+002  0.10316519E+003  0.17234823E+003
 -0.48101083E+000 -0.23372373E+000 -0.54471735E-002 -0.44954502E-002 -0.16402803E-002  0.22934544E+000  0.34247336E+001  0.16556434E+002  0.33181508E+002  0.10316519E+003  0.17234823E+003
 -0.48104016E+000 -0.23370420E+000 -0.54531532E-002 -0.45003781E-002 -0.16420530E-002  0.22934554E+000  0.34247337E+001  0.16556434E+002  0.33181501E+002  0.10316519E+003  0.17234823E+003
 -0.48106500E+000 -0.23368359E+000 -0.54582335E-002 -0.45045643E-002 -0.16435567E-002  0.22934562E+000  0.34247338E+001  0.16556434E+002  0.33181497E+002  0.10316519E+003  0.17234823E+003
 -0.48108603E+000 -0.23366260E+000 -0.54625465E-002 -0.45081176E-002 -0.16448309E-002  0.22934570E+000  0.34247339E+001  0.16556434E+002  0.33181495E+002  0.10316519E+003  0.17234823E+003
 -0.48110382E+000 -0.23364174E+000 -0.54662052E-002 -0.45111314E-002 -0.16459099E-002  0.22934577E+000  0.34247340E+001  0.16556434E+002  0.33181495E+002  0.10316519E+003  0.17234823E+003
 -0.48111885E+000 -0.23362141E+000 -0.54693061E-002 -0.45136852E-002 -0.16468226E-002  0.22934584E+000  0.34247340E+001  0.16556434E+002  0.33181496E+002  0.10316519E+003  0.17234823E+003
 -0.48113154E+000 -0.23360187E+000 -0.54719320E-002 -0.45158474E-002 -0.16475939E-002  0.22934590E+000  0.34247341E+001  0.16556434E+002  0.33181499E+002  0.10316519E+003  0.17234823E+003
 -0.48114224E+000 -0.23358329E+000 -0.54741531E-002 -0.45176760E-002 -0.16482447E-002  0.22934596E+000  0.34247341E+001  0.16556434E+002  0.33181502E+002  0.10316519E+003  0.17234823E+003
 -0.48115125E+000 -0.23356581E+000 -0.54760302E-002 -0.45192210E-002 -0.16487935E-002  0.22934601E+000  0.34247342E+001  0.16556434E+002  0.33181505E+002  0.10316519E+003  0.17234824E+003
 -0.48115883E+000 -0.23354946E+000 -0.54776153E-002 -0.45205253E-002 -0.16492557E-002  0.22934606E+000  0.34247342E+001  0.16556434E+002  0.33181510E+002  0.10316519E+003  0.17234824E+003
 -0.48116521E+000 -0.23353428E+000 -0.54789529E-002 -0.45216258E-002 -0.16496447E-002  0.22934611E+000  0.34247342E+001  0.16556434E+002  0.33181514E+002  0.10316519E+003  0.17234824E+003
 -0.48117056E+000 -0.23352025E+000 -0.54800811E-002 -0.45225538E-002 -0.16499718E-002  0.22934615E+000  0.34247343E+001  0.16556434E+002  0.33181519E+002  0.10316519E+003  0.17234824E+003
 -0.48117506E+000 -0.23350735E+000 -0.54810326E-002 -0.45233361E-002 -0.16502469E-002  0.22934619E+000  0.34247343E+001  0.16556434E+002  0.33181524E+002  0.10316519E+003  0.17234824E+003
 -0.48117884E+000 -0.23349553E+000 -0.54818349E-002 -0.45239957E-002 -0.16504781E-002  0.22934623E+000  0.34247343E+001  0.16556434E+002  0.33181529E+002  0.10316519E+003  0.17234824E+003
 -0.48118201E+000 -0.23348473E+000 -0.54825119E-002 -0.45245521E-002 -0.16506726E-002  0.22934626E+000  0.34247344E+001  0.16556434E+002  0.33181533E+002  0.10316519E+003  0.17234824E+003
 -0.48118467E+000 -0.23347489E+000 -0.54830836E-002 -0.45250217E-002 -0.16508362E-002  0.22934629E+000  0.34247344E+001  0.16556434E+002  0.33181538E+002  0.10316519E+003  0.17234824E+003
 -0.48118691E+000 -0.23346594E+000 -0.54835673E-002 -0.45254190E-002 -0.16509743E-002  0.22934632E+000  0.34247344E+001  0.16556434E+002  0.33181543E+002  0.10316519E+003  0.17234824E+003
 -0.48118880E+000 -0.23345782E+000 -0.54839774E-002 -0.45257558E-002 -0.16510909E-002  0.22934634E+000  0.34247344E+001  0.16556434E+002  0.33181547E+002  0.10316519E+003  0.17234824E+003
 -0.48119040E+000 -0.23345046E+000 -0.54843265E-002 -0.45260423E-002 -0.16511898E-002  0.22934636E+000  0.34247345E+001  0.16556434E+002  0.33181551E+002  0.10316519E+003  0.17234824E+003
 -0.48119176E+000 -0.23344380E+000 -0.54846252E-002 -0.45262874E-002 -0.16512743E-002  0.22934639E+000  0.34247345E+001  0.16556434E+002  0.33181554E+002  0.10316519E+003  0.17234824E+003
 -0.48119293E+000 -0.23343777E+000 -0.54848826E-002 -0.45264986E-002 -0.16513469E-002  0.22934641E+000  0.34247345E+001  0.16556434E+002  0.33181558E+002  0.10316519E+003  0.17234824E+003
 -0.48119394E+000 -0.23343231E+000 -0.54851066E-002 -0.45266824E-002 -0.16514099E-002  0.22934642E+000  0.34247345E+001  0.16556434E+002  0.33181561E+002  0.10316519E+003  0.17234824E+003
 -0.48119483E+000 -0.23342738E+000 -0.54853041E-002 -0.45268444E-002 -0.16514654E-002  0.22934644E+000  0.34247345E+001  0.16556434E+002  0.33181564E+002  0.10316519E+003  0.17234824E+003
 -0.48119562E+000 -0.23342292E+000 -0.54854809E-002 -0.45269894E-002 -0.16515151E-002  0.22934645E+000  0.34247345E+001  0.16556434E+002  0.33181566E+002  0.10316519E+003  0.17234824E+003
 -0.48119634E+000 -0.23341889E+000 -0.54856422E-002 -0.45271218E-002 -0.16515606E-002  0.22934647E+000  0.34247345E+001  0.16556434E+002  0.33181568E+002  0.10316519E+003  0.17234824E+003
 -0.48119702E+000 -0.23341524E+000 -0.54857928E-002 -0.45272454E-002 -0.16516031E-002  0.22934648E+000  0.34247346E+001  0.16556434E+002  0.33181570E+002  0.10316519E+003  0.17234824E+003
 -0.48119766E+000 -0.23341194E+000 -0.54859364E-002 -0.45273632E-002 -0.16516438E-002  0.22934649E+000  0.34247346E+001  0.16556434E+002  0.33181571E+002  0.10316519E+003  0.17234824E+003
 -0.48119830E+000 -0.23340895E+000 -0.54860763E-002 -0.45274781E-002 -0.16516836E-002  0.22934650E+000  0.34247346E+001  0.16556434E+002  0.33181572E+002  0.10316519E+003  0.17234824E+003
 -0.48119893E+000 -0.23340624E+000 -0.54862152E-002 -0.45275923E-002 -0.16517234E-002  0.22934651E+000  0.34247346E+001  0.16556434E+002  0.33181573E+002  0.10316519E+003  0.17234824E+003
 -0.48119957E+000 -0.23340378E+000 -0.54863556E-002 -0.45277076E-002 -0.16517638E-002  0.22934651E+000  0.34247346E+001  0.16556434E+002  0.33181573E+002  0.10316519E+003  0.17234824E+003
 -0.48120024E+000 -0.23340154E+000 -0.54864988E-002 -0.45278254E-002 -0.16518051E-002  0.22934652E+000  0.34247346E+001  0.16556434E+002  0.33181573E+002  0.10316519E+003  0.17234824E+003
 -0.48120092E+000 -0.23339950E+000 -0.54866459E-002 -0.45279464E-002 -0.16518478E-002  0.22934653E+000  0.34247346E+001  0.16556434E+002  0.33181573E+002  0.10316519E+003  0.17234824E+003
 -0.48120163E+000 -0.23339763E+000 -0.54867976E-002 -0.45280712E-002 -0.16518920E-002  0.22934654E+000  0.34247346E+001  0.16556434E+002  0.33181573E+002  0.10316519E+003  0.17234824E+003
 -0.48120237E+000 -0.23339592E+000 -0.54869540E-002 -0.45281999E-002 -0.16519376E-002  0.22934654E+000  0.34247346E+001  0.16556434E+002  0.33181573E+002  0.10316519E+003  0.17234824E+003
 -0.48120313E+000 -0.23339435E+000 -0.54871149E-002 -0.45283323E-002 -0.16519847E-002  0.22934655E+000  0.34247346E+001  0.16556434E+002  0.33181573E+002  0.10316519E+003  0.17234824E+003
 -0.48120391E+000 -0.23339290E+000 -0.54872794E-002 -0.45284677E-002 -0.16520329E-002  0.22934655E+000  0.34247347E+001  0.16556434E+002  0.33181573E+002  0.10316519E+003  0.17234824E+003
 -0.48120471E+000 -0.23339155E+000 -0.54874471E-002 -0.45286058E-002 -0.16520821E-002  0.22934656E+000  0.34247347E+001  0.16556434E+002  0.33181572E+002  0.10316519E+003  0.17234824E+003
 -0.48120552E+000 -0.23339029E+000 -0.54876166E-002 -0.45287454E-002 -0.16521319E-002  0.22934656E+000  0.34247347E+001  0.16556434E+002  0.33181572E+002  0.10316519E+003  0.17234824E+003
 -0.48120634E+000 -0.23338911E+000 -0.54877872E-002 -0.45288858E-002 -0.16521820E-002  0.22934657E+000  0.34247347E+001  0.16556434E+002  0.33181572E+002  0.10316519E+003  0.17234824E+003
 -0.48120715E+000 -0.23338800E+000 -0.54879575E-002 -0.45290261E-002 -0.16522320E-002  0.22934658E+000  0.34247347E+001  0.16556434E+002  0.33181572E+002  0.10316519E+003  0.17234824E+003
 -0.48120796E+000 -0.23338693E+000 -0.54881265E-002 -0.45291653E-002 -0.16522817E-002  0.22934658E+000  0.34247347E+001  0.16556434E+002  0.33181573E+002  0.10316519E+003  0.17234824E+003
 -0.48120876E+000 -0.23338591E+000 -0.54882932E-002 -0.45293026E-002 -0.16523307E-002  0.22934659E+000  0.34247347E+001  0.16556435E+002  0.33181574E+002  0.10316519E+003  0.17234824E+003
 -0.48120954E+000 -0.23338489E+000 -0.54884566E-002 -0.45294371E-002 -0.16523787E-002  0.22934659E+000  0.34247347E+001  0.16556435E+002  0.33181575E+002  0.10316519E+003  0.17234824E+003
 -0.48121030E+000 -0.23338386E+000 -0.54886157E-002 -0.45295681E-002 -0.16524254E-002  0.22934660E+000  0.34247347E+001  0.16556435E+002  0.33181576E+002  0.10316519E+003  0.17234824E+003
 -0.48121103E+000 -0.23338274E+000 -0.54887699E-002 -0.45296951E-002 -0.16524706E-002  0.22934660E+000  0.34247347E+001  0.16556435E+002  0.33181578E+002  0.10316519E+003  0.17234824E+003
 -0.48121172E+000 -0.23338143E+000 -0.54889183E-002 -0.45298172E-002 -0.16525140E-002  0.22934661E+000  0.34247348E+001  0.16556435E+002  0.33181581E+002  0.10316519E+003  0.17234824E+003
 -0.48121237E+000 -0.23337972E+000 -0.54890601E-002 -0.45299339E-002 -0.16525554E-002  0.22934662E+000  0.34247348E+001  0.16556435E+002  0.33181584E+002  0.10316519E+003  0.17234824E+003
 -0.48121294E+000 -0.23337719E+000 -0.54891943E-002 -0.45300443E-002 -0.16525942E-002  0.22934662E+000  0.34247348E+001  0.16556435E+002  0.33181588E+002  0.10316519E+003  0.17234824E+003
 -0.48121341E+000 -0.23337315E+000 -0.54893187E-002 -0.45301464E-002 -0.16526297E-002  0.22934663E+000  0.34247348E+001  0.16556435E+002  0.33181592E+002  0.10316519E+003  0.17234824E+003
 -0.48122081E+000 -0.23338064E+000 -0.54907497E-002 -0.45313271E-002 -0.16530591E-002  0.22934664E+000  0.34247348E+001  0.16556435E+002  0.33181598E+002  0.10316519E+003  0.17234824E+003
 -0.48122077E+000 -0.23337930E+000 -0.54907471E-002 -0.45313246E-002 -0.16530572E-002  0.22934664E+000  0.34247348E+001  0.16556435E+002  0.33181604E+002  0.10316519E+003  0.17234824E+003
 -0.48122074E+000 -0.23337841E+000 -0.54907454E-002 -0.45313229E-002 -0.16530556E-002  0.22934665E+000  0.34247348E+001  0.16556435E+002  0.33181611E+002  0.10316519E+003  0.17234824E+003
 -0.48122072E+000 -0.23337777E+000 -0.54907441E-002 -0.45313217E-002 -0.16530543E-002  0.22934665E+000  0.34247348E+001  0.16556435E+002  0.33181618E+002  0.10316519E+003  0.17234824E+003
 -0.48122070E+000 -0.23337726E+000 -0.54907432E-002 -0.45313207E-002 -0.16530531E-002  0.22934666E+000  0.34247349E+001  0.16556435E+002  0.33181627E+002  0.10316519E+003  0.17234824E+003
 -0.48122068E+000 -0.23337684E+000 -0.54907425E-002 -0.45313199E-002 -0.16530520E-002  0.22934666E+000  0.34247349E+001  0.16556435E+002  0.33181636E+002  0.10316519E+003  0.17234824E+003
 -0.48122067E+000 -0.23337649E+000 -0.54907419E-002 -0.45313191E-002 -0.16530510E-002  0.22934667E+000  0.34247349E+001  0.16556435E+002  0.33181646E+002  0.10316519E+003  0.17234824E+003
 -0.48122066E+000 -0.23337617E+000 -0.54907414E-002 -0.45313185E-002 -0.16530500E-002  0.22934667E+000  0.34247349E+001  0.16556435E+002  0.33181657E+002  0.10316519E+003  0.17234824E+003
 -0.48122064E+000 -0.23337589E+000 -0.54907409E-002 -0.45313179E-002 -0.16530490E-002  0.22934668E+000  0.34247349E+001  0.16556435E+002  0.33181669E+002  0.10316519E+003  0.17234824E+003
 -0.48122063E+000 -0.23337564E+000 -0.54907405E-002 -0.45313174E-002 -0.16530480E-002  0.22934668E+000  0.34247349E+001  0.16556435E+002  0.33181682E+002  0.10316519E+003  0.17234824E+003
 -0.48122062E+000 -0.23337540E+000 -0.54907401E-002 -0.45313168E-002 -0.16530470E-002  0.22934669E+000  0.34247349E+001  0.16556435E+002  0.33181696E+002  0.10316519E+003  0.17234824E+003
 -0.48122061E+000 -0.23337518E+000 -0.54907398E-002 -0.45313164E-002 -0.16530461E-002  0.22934669E+000  0.34247349E+001  0.16556435E+002  0.33181711E+002  0.10316519E+003  0.17234824E+003
 -0.48122061E+000 -0.23337497E+000 -0.54907395E-002 -0.45313159E-002 -0.16530451E-002  0.22934670E+000  0.34247349E+001  0.16556435E+002  0.33181727E+002  0.10316519E+003  0.17234824E+003
 -0.48122060E+000 -0.23337478E+000 -0.54907392E-002 -0.45313154E-002 -0.16530442E-002  0.22934670E+000  0.34247349E+001  0.16556435E+002  0.33181744E+002  0.10316519E+003  0.17234824E+003
 -0.48122059E+000 -0.23337459E+000 -0.54907389E-002 -0.45313150E-002 -0.16530433E-002  0.22934671E+000  0.34247349E+001  0.16556435E+002  0.33181762E+002  0.10316519E+003  0.17234824E+003
 -0.48122058E+000 -0.23337441E+000 -0.54907386E-002 -0.45313146E-002 -0.16530424E-002  0.22934671E+000  0.34247350E+001  0.16556435E+002  0.33181781E+002  0.10316519E+003  0.17234824E+003
 -0.48122057E+000 -0.23337424E+000 -0.54907384E-002 -0.45313141E-002 -0.16530415E-002  0.22934672E+000  0.34247350E+001  0.16556435E+002  0.33181802E+002  0.10316519E+003  0.17234824E+003
 -0.48122057E+000 -0.23337407E+000 -0.54907381E-002 -0.45313137E-002 -0.16530406E-002  0.22934672E+000  0.34247350E+001  0.16556435E+002  0.33181823E+002  0.10316519E+003  0.17234824E+003
 -0.48122056E+000 -0.23337392E+000 -0.54907379E-002 -0.45313133E-002 -0.16530398E-002  0.22934673E+000  0.34247350E+001  0.16556435E+002  0.33181846E+002  0.10316519E+003  0.17234824E+003
 -0.48122055E+000 -0.23337376E+000 -0.54907377E-002 -0.45313129E-002 -0.16530389E-002  0.22934673E+000  0.34247350E+001  0.16556435E+002  0.33181870E+002  0.10316519E+003  0.17234824E+003
 -0.48122054E+000 -0.23337361E+000 -0.54907374E-002 -0.45313126E-002 -0.16530380E-002  0.22934674E+000  0.34247350E+001  0.16556435E+002  0.33181894E+002  0.10316519E+003  0.17234824E+003
 -0.48122054E+000 -0.23337347E+000 -0.54907372E-002 -0.45313122E-002 -0.16530372E-002  0.22934674E+000  0.34247350E+001  0.16556435E+002  0.33181920E+002  0.10316519E+003  0.17234824E+003
 -0.48122053E+000 -0.23337333E+000 -0.54907370E-002 -0.45313118E-002 -0.16530364E-002  0.22934675E+000  0.34247350E+001  0.16556435E+002  0.33181948E+002  0.10316519E+003  0.17234824E+003
 -0.48122053E+000 -0.23337319E+000 -0.54907368E-002 -0.45313115E-002 -0.16530356E-002  0.22934675E+000  0.34247350E+001  0.16556435E+002  0.33181976E+002  0.10316519E+003  0.17234824E+003
 -0.48122052E+000 -0.23337306E+000 -0.54907366E-002 -0.45313112E-002 -0.16530348E-002  0.22934676E+000  0.34247350E+001  0.16556435E+002  0.33182005E+002  0.10316519E+003  0.17234824E+003
 -0.48122051E+000 -0.23337293E+000 -0.54907364E-002 -0.45313108E-002 -0.16530340E-002  0.22934676E+000  0.34247350E+001  0.16556435E+002  0.33182036E+002  0.10316519E+003  0.17234824E+003
 -0.48122051E+000 -0.23337280E+000 -0.54907363E-002 -0.45313105E-002 -0.16530333E-002  0.22934677E+000  0.34247351E+001  0.16556435E+002  0.33182068E+002  0.10316519E+003  0.17234824E+003
 -0.48122050E+000 -0.23337268E+000 -0.54907361E-002 -0.45313102E-002 -0.16530325E-002  0.22934677E+000  0.34247351E+001  0.16556435E+002  0.33182101E+002  0.10316519E+003  0.17234824E+003
 -0.48122050E+000 -0.23337256E+000 -0.54907359E-002 -0.45313099E-002 -0.16530318E-002  0.22934677E+000  0.34247351E+001  0.16556435E+002  0.33182135E+002  0.10316519E+003  0.17234824E+003
 -0.48122049E+000 -0.23337245E+000 -0.54907357E-002 -0.45313096E-002 -0.16530311E-002  0.22934678E+000  0.34247351E+001  0.16556435E+002  0.33182170E+002  0.10316519E+003  0.17234824E+003
 -0.48122049E+000 -0.23337233E+000 -0.54907356E-002 -0.45313093E-002 -0.16530304E-002  0.22934678E+000  0.34247351E+001  0.16556435E+002  0.33182206E+002  0.10316519E+003  0.17234824E+003
 -0.48122048E+000 -0.23337222E+000 -0.54907354E-002 -0.45313090E-002 -0.16530298E-002  0.22934679E+000  0.34247351E+001  0.16556435E+002  0.33182243E+002  0.10316519E+003  0.17234824E+003
 -0.48122048E+000 -0.23337212E+000 -0.54907353E-002 -0.45313087E-002 -0.16530291E-002  0.22934679E+000  0.34247351E+001  0.16556435E+002  0.33182281E+002  0.10316519E+003  0.17234824E+003
 -0.48122047E+000 -0.23337201E+000 -0.54907351E-002 -0.45313085E-002 -0.16530285E-002  0.22934679E+000  0.34247351E+001  0.16556435E+002  0.33182320E+002  0.10316519E+003  0.17234824E+003
 -0.48122047E+000 -0.23337191E+000 -0.54907350E-002 -0.45313082E-002 -0.16530279E-002  0.22934680E+000  0.34247351E+001  0.16556435E+002  0.33182360E+002  0.10316519E+003  0.17234823E+003
 -0.48122046E+000 -0.23337181E+000 -0.54907349E-002 -0.45313079E-002 -0.16530273E-002  0.22934680E+000  0.34247351E+001  0.16556435E+002  0.33182401E+002  0.10316519E+003  0.17234823E+003
 -0.48122046E+000 -0.23337172E+000 -0.54907347E-002 -0.45313077E-002 -0.16530267E-002  0.22934680E+000  0.34247351E+001  0.16556435E+002  0.33182443E+002  0.10316519E+003  0.17234823E+003
 -0.48122046E+000 -0.23337162E+000 -0.54907346E-002 -0.45313075E-002 -0.16530261E-002  0.22934681E+000  0.34247351E+001  0.16556435E+002  0.33182486E+002  0.10316519E+003  0.17234823E+003
 -0.48122045E+000 -0.23337153E+000 -0.54907345E-002 -0.45313072E-002 -0.16530256E-002  0.22934681E+000  0.34247351E+001  0.16556435E+002  0.33182529E+002  0.10316519E+003  0.17234823E+003
 -0.48122045E+000 -0.23337145E+000 -0.54907343E-002 -0.45313070E-002 -0.16530251E-002  0.22934681E+000  0.34247352E+001  0.16556435E+002  0.33182573E+002  0.10316519E+003  0.17234823E+003
 -0.48122044E+000 -0.23337136E+000 -0.54907342E-002 -0.45313068E-002 -0.16530246E-002  0.22934682E+000  0.34247352E+001  0.16556435E+002  0.33182618E+002  0.10316519E+003  0.17234823E+003
 -0.48122044E+000 -0.23337128E+000 -0.54907341E-002 -0.45313066E-002 -0.16530241E-002  0.22934682E+000  0.34247352E+001  0.16556435E+002  0.33182664E+002  0.10316519E+003  0.17234823E+003
 -0.48122044E+000 -0.23337120E+000 -0.54907340E-002 -0.45313064E-002 -0.16530236E-002  0.22934682E+000  0.34247352E+001  0.16556435E+002  0.33182710E+002  0.10316519E+003  0.17234823E+003
 -0.48122043E+000 -0.23337112E+000 -0.54907339E-002 -0.45313062E-002 -0.16530232E-002  0.22934683E+000  0.34247352E+001  0.16556435E+002  0.33182757E+002  0.10316519E+003  0.17234823E+003
 -0.48122043E+000 -0.23337105E+000 -0.54907338E-002 -0.45313060E-002 -0.16530228E-002  0.22934683E+000  0.34247352E+001  0.16556435E+002  0.33182804E+002  0.10316519E+003  0.17234823E+003
 -0.48122043E+000 -0.23337098E+000 -0.54907337E-002 -0.45313058E-002 -0.16530223E-002  0.22934683E+000  0.34247352E+001  0.16556435E+002  0.33182852E+002  0.10316519E+003  0.17234823E+003
 -0.48122043E+000 -0.23337091E+000 -0.54907336E-002 -0.45313057E-002 -0.16530219E-002  0.22934683E+000  0.34247352E+001  0.16556435E+002  0.33182900E+002  0.10316519E+003  0.17234823E+003
 -0.48122042E+000 -0.23337084E+000 -0.54907335E-002 -0.45313055E-002 -0.16530216E-002  0.22934683E+000  0.34247352E+001  0.16556435E+002  0.33182948E+002  0.10316519E+003  0.17234823E+003
 -0.48122042E+000 -0.23337078E+000 -0.54907334E-002 -0.45313054E-002 -0.16530212E-002  0.22934684E+000  0.34247352E+001  0.16556435E+002  0.33182997E+002  0.10316519E+003  0.17234823E+003
 -0.48122042E+000 -0.23337072E+000 -0.54907334E-002 -0.45313052E-002 -0.16530208E-002  0.22934684E+000  0.34247352E+001  0.16556435E+002  0.33183046E+002  0.10316519E+003  0.17234823E+003
 -0.48122041E+000 -0.23337066E+000 -0.54907333E-002 -0.45313051E-002 -0.16530205E-002  0.22934684E+000  0.34247352E+001  0.16556435E+002  0.33183096E+002  0.10316519E+003  0.17234823E+003
 -0.48122041E+000 -0.23337060E+000 -0.54907332E-002 -0.45313049E-002 -0.16530202E-002  0.22934684E+000  0.34247352E+001  0.16556435E+002  0.33183145E+002  0.10316519E+003  0.17234823E+003
 -0.48122041E+000 -0.23337055E+000 -0.54907331E-002 -0.45313048E-002 -0.16530199E-002  0.22934685E+000  0.34247352E+001  0.16556435E+002  0.33183195E+002  0.10316519E+003  0.17234823E+003
 -0.48122041E+000 -0.23337049E+000 -0.54907330E-002 -0.45313047E-002 -0.16530196E-002  0.22934685E+000  0.34247352E+001  0.16556435E+002  0.33183245E+002  0.10316519E+003  0.17234823E+003
 -0.48122041E+000 -0.23337044E+000 -0.54907330E-002 -0.45313045E-002 -0.16530193E-002  0.22934685E+000  0.34247352E+001  0.16556435E+002  0.33183294E+002  0.10316519E+003  0.17234823E+003
 -0.48122040E+000 -0.23337039E+000 -0.54907329E-002 -0.45313044E-002 -0.16530191E-002  0.22934685E+000  0.34247352E+001  0.16556435E+002  0.33183344E+002  0.10316519E+003  0.17234823E+003
 -0.48122040E+000 -0.23337035E+000 -0.54907329E-002 -0.45313043E-002 -0.16530188E-002  0.22934685E+000  0.34247352E+001  0.16556435E+002  0.33183394E+002  0.10316519E+003  0.17234823E+003
 -0.48122040E+000 -0.23337030E+000 -0.54907328E-002 -0.45313042E-002 -0.16530186E-002  0.22934685E+000  0.34247352E+001  0.16556435E+002  0.33183443E+002  0.10316519E+003  0.17234823E+003
 -0.48122040E+000 -0.23337026E+000 -0.54907327E-002 -0.45313041E-002 -0.16530183E-002  0.22934685E+000  0.34247352E+001  0.16556435E+002  0.33183493E+002  0.10316519E+003  0.17234823E+003
 -0.48122040E+000 -0.23337022E+000 -0.54907327E-002 -0.45313040E-002 -0.16530181E-002  0.22934686E+000  0.34247353E+001  0.16556435E+002  0.33183542E+002  0.10316519E+003  0.17234823E+003
 -0.48122039E+000 -0.23337018E+000 -0.54907326E-002 -0.45313039E-002 -0.16530179E-002  0.22934686E+000  0.34247353E+001  0.16556435E+002  0.33183591E+002  0.10316519E+003  0.17234823E+003
 -0.48122039E+000 -0.23337014E+000 -0.54907326E-002 -0.45313039E-002 -0.16530177E-002  0.22934686E+000  0.34247353E+001  0.16556435E+002  0.33183639E+002  0.10316519E+003  0.17234823E+003
 -0.48122039E+000 -0.23337011E+000 -0.54907325E-002 -0.45313038E-002 -0.16530176E-002  0.22934686E+000  0.34247353E+001  0.16556435E+002  0.33183687E+002  0.10316519E+003  0.17234823E+003
 -0.48122039E+000 -0.23337007E+000 -0.54907325E-002 -0.45313037E-002 -0.16530174E-002  0.22934686E+000  0.34247353E+001  0.16556435E+002  0.33183735E+002  0.10316519E+003  0.17234823E+003
 -0.48122039E+000 -0.23337004E+000 -0.54907324E-002 -0.45313036E-002 -0.16530172E-002  0.22934686E+000  0.34247353E+001  0.16556435E+002  0.33183783E+002  0.10316519E+003  0.17234824E+003
 -0.48122039E+000 -0.23337001E+000 -0.54907324E-002 -0.45313036E-002 -0.16530171E-002  0.22934686E+000  0.34247353E+001  0.16556435E+002  0.33183830E+002  0.10316519E+003  0.17234824E+003
 -0.48122039E+000 -0.23336998E+000 -0.54907324E-002 -0.45313035E-002 -0.16530169E-002  0.22934686E+000  0.34247353E+001  0.16556435E+002  0.33183876E+002  0.10316519E+003  0.17234824E+003
 -0.48122039E+000 -0.23336995E+000 -0.54907323E-002 -0.45313034E-002 -0.16530168E-002  0.22934686E+000  0.34247353E+001  0.16556435E+002  0.33183922E+002  0.10316519E+003  0.17234824E+003
 -0.48122038E+000 -0.23336993E+000 -0.54907323E-002 -0.45313034E-002 -0.16530167E-002  0.22934687E+000  0.34247353E+001  0.16556435E+002  0.33183968E+002  0.10316519E+003  0.17234824E+003
 -0.48122038E+000 -0.23336990E+000 -0.54907323E-002 -0.45313033E-002 -0.16530165E-002  0.22934687E+000  0.34247353E+001  0.16556435E+002  0.33184013E+002  0.10316519E+003  0.17234824E+003
 -0.48122038E+000 -0.23336988E+000 -0.54907322E-002 -0.45313033E-002 -0.16530164E-002  0.22934687E+000  0.34247353E+001  0.16556435E+002  0.33184057E+002  0.10316519E+003  0.17234824E+003
 -0.48122038E+000 -0.23336985E+000 -0.54907322E-002 -0.45313032E-002 -0.16530163E-002  0.22934687E+000  0.34247353E+001  0.16556435E+002  0.33184101E+002  0.10316519E+003  0.17234824E+003
 -0.48122038E+000 -0.23336983E+000 -0.54907322E-002 -0.45313032E-002 -0.16530162E-002  0.22934687E+000  0.34247353E+001  0.16556435E+002  0.33184144E+002  0.10316519E+003  0.17234824E+003
 -0.48122038E+000 -0.23336981E+000 -0.54907321E-002 -0.45313031E-002 -0.16530161E-002  0.22934687E+000  0.34247353E+001  0.16556435E+002  0.33184186E+002  0.10316519E+003  0.17234824E+003
 -0.48122038E+000 -0.23336979E+000 -0.54907321E-002 -0.45313031E-002 -0.16530160E-002  0.22934687E+000  0.34247353E+001  0.16556435E+002  0.33184228E+002  0.10316519E+003  0.17234824E+003
 -0.48122038E+000 -0.23336977E+000 -0.54907321E-002 -0.45313030E-002 -0.16530159E-002  0.22934687E+000  0.34247353E+001  0.16556435E+002  0.33184269E+002  0.10316519E+003  0.17234824E+003
 -0.48122038E+000 -0.23336975E+000 -0.54907321E-002 -0.45313030E-002 -0.16530159E-002  0.22934687E+000  0.34247353E+001  0.16556435E+002  0.33184309E+002  0.10316519E+003  0.17234824E+003
 -0.48122038E+000 -0.23336974E+000 -0.54907320E-002 -0.45313030E-002 -0.16530158E-002  0.22934687E+000  0.34247353E+001  0.16556435E+002  0.33184348E+002  0.10316519E+003  0.17234824E+003
 -0.48122038E+000 -0.23336972E+000 -0.54907320E-002 -0.45313029E-002 -0.16530157E-002  0.22934687E+000  0.34247353E+001  0.16556435E+002  0.33184387E+002  0.10316519E+003  0.17234824E+003
 -0.48122038E+000 -0.23336971E+000 -0.54907320E-002 -0.45313029E-002 -0.16530156E-002  0.22934687E+000  0.34247353E+001  0.16556435E+002  0.33184425E+002  0.10316519E+003  0.17234824E+003
 -0.48122038E+000 -0.23336969E+000 -0.54907320E-002 -0.45313029E-002 -0.16530156E-002  0.22934687E+000  0.34247353E+001  0.16556435E+002  0.33184462E+002  0.10316519E+003  0.17234824E+003
 -0.48122038E+000 -0.23336968E+000 -0.54907320E-002 -0.45313028E-002 -0.16530155E-002  0.22934687E+000  0.34247353E+001  0.16556435E+002  0.33184499E+002  0.10316519E+003  0.17234824E+003
 -0.48122037E+000 -0.23336966E+000 -0.54907319E-002 -0.45313028E-002 -0.16530155E-002  0.22934687E+000  0.34247353E+001  0.16556435E+002  0.33184534E+002  0.10316519E+003  0.17234824E+003
 -0.48122037E+000 -0.23336965E+000 -0.54907319E-002 -0.45313028E-002 -0.16530154E-002  0.22934687E+000  0.34247353E+001  0.16556435E+002  0.33184569E+002  0.10316519E+003  0.17234824E+003
 -0.48122037E+000 -0.23336964E+000 -0.54907319E-002 -0.45313028E-002 -0.16530154E-002  0.22934687E+000  0.34247353E+001  0.16556435E+002  0.33184603E+002  0.10316519E+003  0.17234824E+003
 -0.48122037E+000 -0.23336963E+000 -0.54907319E-002 -0.45313027E-002 -0.16530153E-002  0.22934688E+000  0.34247353E+001  0.16556435E+002  0.33184636E+002  0.10316519E+003  0.17234824E+003
 -0.48122037E+000 -0.23336962E+000 -0.54907319E-002 -0.45313027E-002 -0.16530153E-002  0.22934688E+000  0.34247353E+001  0.16556435E+002  0.33184669E+002  0.10316519E+003  0.17234824E+003
 -0.48122037E+000 -0.23336961E+000 -0.54907319E-002 -0.45313027E-002 -0.16530153E-002  0.22934688E+000  0.34247353E+001  0.16556435E+002  0.33184701E+002  0.10316519E+003  0.17234824E+003
 -0.48122037E+000 -0.23336960E+000 -0.54907319E-002 -0.45313027E-002 -0.16530152E-002  0.22934688E+000  0.34247353E+001  0.16556435E+002  0.33184731E+002  0.10316519E+003  0.17234824E+003
 -0.48122037E+000 -0.23336959E+000 -0.54907319E-002 -0.45313027E-002 -0.16530152E-002  0.22934688E+000  0.34247353E+001  0.16556435E+002  0.33184762E+002  0.10316519E+003  0.17234824E+003
 -0.48122037E+000 -0.23336958E+000 -0.54907318E-002 -0.45313026E-002 -0.16530151E-002  0.22934688E+000  0.34247353E+001  0.16556435E+002  0.33184791E+002  0.10316519E+003  0.17234824E+003
 -0.48122037E+000 -0.23336958E+000 -0.54907318E-002 -0.45313026E-002 -0.16530151E-002  0.22934688E+000  0.34247353E+001  0.16556435E+002  0.33184819E+002  0.10316519E+003  0.17234824E+003
 -0.48122037E+000 -0.23336957E+000 -0.54907318E-002 -0.45313026E-002 -0.16530151E-002  0.22934688E+000  0.34247353E+001  0.16556435E+002  0.33184847E+002  0.10316519E+003  0.17234824E+003
 -0.48122037E+000 -0.23336956E+000 -0.54907318E-002 -0.45313026E-002 -0.16530151E-002  0.22934688E+000  0.34247353E+001  0.16556435E+002  0.33184874E+002  0.10316519E+003  0.17234824E+003
 -0.48122037E+000 -0.23336955E+000 -0.54907318E-002 -0.45313026E-002 -0.16530150E-002  0.22934688E+000  0.34247353E+001  0.16556435E+002  0.33184900E+002  0.10316519E+003  0.17234824E+003
 -0.48122037E+000 -0.23336955E+000 -0.54907318E-002 -0.45313026E-002 -0.16530150E-002  0.22934688E+000  0.34247353E+001  0.16556435E+002  0.33184926E+002  0.10316519E+003  0.17234824E+003
 -0.48122037E+000 -0.23336954E+000 -0.54907318E-002 -0.45313026E-002 -0.16530150E-002  0.22934688E+000  0.34247353E+001  0.16556435E+002  0.33184951E+002  0.10316519E+003  0.17234824E+003
 -0.48122037E+000 -0.23336954E+000 -0.54907318E-002 -0.45313026E-002 -0.16530150E-002  0.22934688E+000  0.34247353E+001  0.16556435E+002  0.33184975E+002  0.10316519E+003  0.17234824E+003
 -0.48122037E+000 -0.23336953E+000 -0.54907318E-002 -0.45313025E-002 -0.16530149E-002  0.22934688E+000  0.34247353E+001  0.16556435E+002  0.33184998E+002  0.10316519E+003  0.17234824E+003
 -0.48122037E+000 -0.23336953E+000 -0.54907318E-002 -0.45313025E-002 -0.16530149E-002  0.22934688E+000  0.34247353E+001  0.16556435E+002  0.33185021E+002  0.10316519E+003  0.17234824E+003
 -0.48122037E+000 -0.23336952E+000 -0.54907318E-002 -0.45313025E-002 -0.16530149E-002  0.22934688E+000  0.34247353E+001  0.16556435E+002  0.33185042E+002  0.10316519E+003  0.17234824E+003
 -0.48122037E+000 -0.23336952E+000 -0.54907318E-002 -0.45313025E-002 -0.16530149E-002  0.22934688E+000  0.34247353E+001  0.16556435E+002  0.33185064E+002  0.10316519E+003  0.17234824E+003
 -0.48122037E+000 -0.23336951E+000 -0.54907317E-002 -0.45313025E-002 -0.16530149E-002  0.22934688E+000  0.34247353E+001  0.16556435E+002  0.33185084E+002  0.10316519E+003  0.17234824E+003
 -0.48122037E+000 -0.23336951E+000 -0.54907317E-002 -0.45313025E-002 -0.16530149E-002  0.22934688E+000  0.34247353E+001  0.16556435E+002  0.33185104E+002  0.10316519E+003  0.17234824E+003
 -0.48122037E+000 -0.23336950E+000 -0.54907317E-002 -0.45313025E-002 -0.16530148E-002  0.22934688E+000  0.34247353E+001  0.16556435E+002  0.33185123E+002  0.10316519E+003  0.17234824E+003
 -0.48122037E+000 -0.23336950E+000 -0.54907317E-002 -0.45313025E-002 -0.16530148E-002  0.22934688E+000  0.34247353E+001  0.16556435E+002  0.33185142E+002  0.10316519E+003  0.17234824E+003
 -0.48122037E+000 -0.23336950E+000 -0.54907317E-002 -0.45313025E-002 -0.16530148E-002  0.22934688E+000  0.34247353E+001  0.16556435E+002  0.33185160E+002  0.10316519E+003  0.17234824E+003
 -0.48122037E+000 -0.23336949E+000 -0.54907317E-002 -0.45313025E-002 -0.16530148E-002  0.22934688E+000  0.34247353E+001  0.16556435E+002  0.33185177E+002  0.10316519E+003  0.17234824E+003
 -0.48122037E+000 -0.23336949E+000 -0.54907317E-002 -0.45313025E-002 -0.16530148E-002  0.22934688E+000  0.34247353E+001  0.16556435E+002  0.33185194E+002  0.10316519E+003  0.17234824E+003
 -0.48122037E+000 -0.23336949E+000 -0.54907317E-002 -0.45313025E-002 -0.16530148E-002  0.22934688E+000  0.34247353E+001  0.16556435E+002  0.33185210E+002  0.10316519E+003  0.17234824E+003
 -0.48122037E+000 -0.23336949E+000 -0.54907317E-002 -0.45313025E-002 -0.16530148E-002  0.22934688E+000  0.34247353E+001  0.16556435E+002  0.33185226E+002  0.10316519E+003  0.17234824E+003
 -0.48122037E+000 -0.23336948E+000 -0.54907317E-002 -0.45313025E-002 -0.16530148E-002  0.22934688E+000  0.34247353E+001  0.16556435E+002  0.33185241E+002  0.10316519E+003  0.17234824E+003
 -0.48122037E+000 -0.23336948E+000 -0.54907317E-002 -0.45313024E-002 -0.16530148E-002  0.22934688E+000  0.34247353E+001  0.16556435E+002  0.33185255E+002  0.10316519E+003  0.17234824E+003
 -0.48122037E+000 -0.23336948E+000 -0.54907317E-002 -0.45313024E-002 -0.16530148E-002  0.22934688E+000  0.34247353E+001  0.16556435E+002  0.33185269E+002  0.10316519E+003  0.17234824E+003
 -0.48122037E+000 -0.23336948E+000 -0.54907317E-002 -0.45313024E-002 -0.16530147E-002  0.22934688E+000  0.34247353E+001  0.16556435E+002  0.33185283E+002  0.10316519E+003  0.17234824E+003
 -0.48122037E+000 -0.23336948E+000 -0.54907317E-002 -0.45313024E-002 -0.16530147E-002  0.22934688E+000  0.34247353E+001  0.16556435E+002  0.33185296E+002  0.10316519E+003  0.17234824E+003
 -0.48122037E+000 -0.23336947E+000 -0.54907317E-002 -0.45313024E-002 -0.16530147E-002  0.22934688E+000  0.34247353E+001  0.16556435E+002  0.33185308E+002  0.10316519E+003  0.17234824E+003
 -0.48122037E+000 -0.23336947E+000 -0.54907317E-002 -0.45313024E-002 -0.16530147E-002  0.22934688E+000  0.34247353E+001  0.16556435E+002  0.33185320E+002  0.10316519E+003  0.17234824E+003
 -0.48122037E+000 -0.23336947E+000 -0.54907317E-002 -0.45313024E-002 -0.16530147E-002  0.22934688E+000  0.34247353E+001  0.16556435E+002  0.33185332E+002  0.10316519E+003  0.17234824E+003
 -0.48122037E+000 -0.23336947E+000 -0.54907317E-002 -0.45313024E-002 -0.16530147E-002  0.22934688E+000  0.34247353E+001  0.16556435E+002  0.33185343E+002  0.10316519E+003  0.17234824E+003
 -0.48122037E+000 -0.23336947E+000 -0.54907317E-002 -0.45313024E-002 -0.16530147E-002  0.22934688E+000  0.34247353E+001  0.16556435E+002  0.33185354E+002  0.10316519E+003  0.17234824E+003
 -0.48122037E+000 -0.23336947E+000 -0.54907317E-002 -0.45313024E-002 -0.16530147E-002  0.22934688E+000  0.34247353E+001  0.16556435E+002  0.33185364E+002  0.10316519E+003  0.17234824E+003
 -0.48122037E+000 -0.23336946E+000 -0.54907317E-002 -0.45313024E-002 -0.16530147E-002  0.22934688E+000  0.34247353E+001  0.16556435E+002  0.33185374E+002  0.10316519E+003  0.17234824E+003
 -0.48122037E+000 -0.23336946E+000 -0.54907317E-002 -0.45313024E-002 -0.16530147E-002  0.22934688E+000  0.34247353E+001  0.16556435E+002  0.33185384E+002  0.10316519E+003  0.17234824E+003
 -0.48122037E+000 -0.23336946E+000 -0.54907317E-002 -0.45313024E-002 -0.16530147E-002  0.22934688E+000  0.34247353E+001  0.16556435E+002  0.33185393E+002  0.10316519E+003  0.17234824E+003
 -0.48122037E+000 -0.23336946E+000 -0.54907317E-002 -0.45313024E-002 -0.16530147E-002  0.22934688E+000  0.34247353E+001  0.16556435E+002  0.33185402E+002  0.10316519E+003  0.17234824E+003
 -0.48122037E+000 -0.23336946E+000 -0.54907317E-002 -0.45313024E-002 -0.16530147E-002  0.22934688E+000  0.34247353E+001  0.16556435E+002  0.33185410E+002  0.10316519E+003  0.17234824E+003
 -0.48122037E+000 -0.23336946E+000 -0.54907317E-002 -0.45313024E-002 -0.16530147E-002  0.22934688E+000  0.34247353E+001  0.16556435E+002  0.33185418E+002  0.10316519E+003  0.17234824E+003
 -0.48122037E+000 -0.23336946E+000 -0.54907317E-002 -0.45313024E-002 -0.16530146E-002  0.22934688E+000  0.34247353E+001  0.16556435E+002  0.33185426E+002  0.10316519E+003  0.17234824E+003
