  0.00000000E+000  0.00000000E+000  0.00000000E+000  0.00000000E+000  0.00000000E+000  0.93662127E-001  0.19283099E+001  0.12499507E+002  0.31295227E+002  0.78686205E+002  0.15900738E+003
  0.00000000E+000  0.00000000E+000  0.00000000E+000  0.00000000E+000  0.00000000E+000  0.93660789E-001  0.19282902E+001  0.12499432E+002  0.31295177E+002  0.78686094E+002  0.15900729E+003
  0.00000000E+000  0.00000000E+000  0.00000000E+000  0.00000000E+000  0.00000000E+000  0.93659443E-001  0.19282704E+001  0.12499350E+002  0.31295100E+002  0.78685906E+002  0.15900714E+003
  0.00000000E+000  0.00000000E+000  0.00000000E+000  0.00000000E+000  0.00000000E+000  0.93658171E-001  0.19282525E+001  0.12499274E+002  0.31295027E+002  0.78685719E+002  0.15900700E+003
  0.00000000E+000  0.00000000E+000  0.00000000E+000  0.00000000E+000  0.00000000E+000  0.93656998E-001  0.19282366E+001  0.12499206E+002  0.31294961E+002  0.78685552E+002  0.15900687E+003
  0.00000000E+000  0.00000000E+000  0.00000000E+000  0.00000000E+000  0.00000000E+000  0.93655929E-001  0.19282224E+001  0.12499147E+002  0.31294904E+002  0.78685405E+002  0.15900676E+003
  0.00000000E+000  0.00000000E+000  0.00000000E+000  0.00000000E+000  0.00000000E+000  0.93654965E-001  0.19282098E+001  0.12499095E+002  0.31294854E+002  0.78685278E+002  0.15900666E+003
  0.00000000E+000  0.00000000E+000  0.00000000E+000  0.00000000E+000  0.00000000E+000  0.93654102E-001  0.19281987E+001  0.12499050E+002  0.31294811E+002  0.78685169E+002  0.15900658E+003
  0.00000000E+000  0.00000000E+000  0.00000000E+000  0.00000000E+000  0.00000000E+000  0.93653334E-001  0.19281889E+001  0.12499011E+002  0.31294774E+002  0.78685074E+002  0.15900651E+003
  0.00000000E+000  0.00000000E+000  0.00000000E+000  0.00000000E+000  0.00000000E+000  0.93652656E-001  0.19281803E+001  0.12498977E+002  0.31294742E+002  0.78684992E+002  0.15900645E+003
  0.00000000E+000  0.00000000E+000  0.00000000E+000  0.00000000E+000  0.00000000E+000  0.93652061E-001  0.19281726E+001  0.12498948E+002  0.31294715E+002  0.78684921E+002  0.15900639E+003
  0.00000000E+000  0.00000000E+000  0.00000000E+000  0.00000000E+000  0.00000000E+000  0.93651542E-001  0.19281659E+001  0.12498922E+002  0.31294691E+002  0.78684859E+002  0.15900635E+003
  0.00000000E+000  0.00000000E+000  0.00000000E+000  0.00000000E+000  0.00000000E+000  0.93651092E-001  0.19281599E+001  0.12498900E+002  0.31294670E+002  0.78684806E+002  0.15900630E+003
  0.00000000E+000  0.00000000E+000  0.00000000E+000  0.00000000E+000  0.00000000E+000  0.93650705E-001  0.19281547E+001  0.12498881E+002  0.31294652E+002  0.78684759E+002  0.15900627E+003
  0.00000000E+000  0.00000000E+000  0.00000000E+000  0.00000000E+000  0.00000000E+000  0.93650375E-001  0.19281501E+001  0.12498864E+002  0.31294637E+002  0.78684718E+002  0.15900624E+003
  0.00000000E+000  0.00000000E+000  0.00000000E+000  0.00000000E+000  0.00000000E+000  0.93650097E-001  0.19281460E+001  0.12498850E+002  0.31294623E+002  0.78684683E+002  0.15900621E+003
  0.00000000E+000  0.00000000E+000  0.00000000E+000  0.00000000E+000  0.00000000E+000  0.93649866E-001  0.19281425E+001  0.12498837E+002  0.31294611E+002  0.78684652E+002  0.15900619E+003
  0.00000000E+000  0.00000000E+000  0.00000000E+000  0.00000000E+000  0.00000000E+000  0.93649678E-001  0.19281394E+001  0.12498827E+002  0.31294601E+002  0.78684624E+002  0.15900617E+003
  0.00000000E+000  0.00000000E+000  0.00000000E+000  0.00000000E+000  0.00000000E+000  0.93649527E-001  0.19281367E+001  0.12498817E+002  0.31294592E+002  0.78684600E+002  0.15900615E+003
  0.00000000E+000  0.00000000E+000  0.00000000E+000  0.00000000E+000  0.00000000E+000  0.93649411E-001  0.19281343E+001  0.12498809E+002  0.31294584E+002  0.78684578E+002  0.15900613E+003
  0.00000000E+000  0.00000000E+000  0.00000000E+000  0.00000000E+000  0.00000000E+000  0.93649327E-001  0.19281323E+001  0.12498801E+002  0.31294578E+002  0.78684559E+002  0.15900612E+003
  0.00000000E+000  0.00000000E+000  0.00000000E+000  0.00000000E+000  0.00000000E+000  0.93649271E-001  0.19281306E+001  0.12498795E+002  0.31294572E+002  0.78684542E+002  0.15900610E+003
  0.00000000E+000  0.00000000E+000  0.00000000E+000  0.00000000E+000  0.00000000E+000  0.93649240E-001  0.19281291E+001  0.12498790E+002  0.31294566E+002  0.78684527E+002  0.15900609E+003
  0.00000000E+000  0.00000000E+000  0.00000000E+000  0.00000000E+000  0.00000000E+000  0.93649233E-001  0.19281278E+001  0.12498785E+002  0.31294562E+002  0.78684513E+002  0.15900608E+003
  0.00000000E+000  0.00000000E+000  0.00000000E+000  0.00000000E+000  0.00000000E+000  0.93649246E-001  0.19281268E+001  0.12498781E+002  0.31294558E+002  0.78684500E+002  0.15900607E+003
  0.00000000E+000  0.00000000E+000  0.00000000E+000  0.00000000E+000  0.00000000E+000  0.93649278E-001  0.19281259E+001  0.12498777E+002  0.31294554E+002  0.78684488E+002  0.15900606E+003
  0.00000000E+000  0.00000000E+000  0.00000000E+000  0.00000000E+000  0.00000000E+000  0.93649328E-001  0.19281252E+001  0.12498774E+002  0.31294551E+002  0.78684477E+002  0.15900605E+003
  0.00000000E+000  0.00000000E+000  0.00000000E+000  0.00000000E+000  0.00000000E+000  0.93649393E-001  0.19281247E+001  0.12498771E+002  0.31294549E+002  0.78684468E+002  0.15900604E+003
  0.00000000E+000  0.00000000E+000  0.00000000E+000  0.00000000E+000  0.00000000E+000  0.93649472E-001  0.19281243E+001  0.12498769E+002  0.31294546E+002  0.78684458E+002  0.15900603E+003
  0.00000000E+000  0.00000000E+000  0.00000000E+000  0.00000000E+000  0.00000000E+000  0.93649565E-001  0.19281240E+001  0.12498767E+002  0.31294544E+002  0.78684450E+002  0.15900602E+003
  0.00000000E+000  0.00000000E+000  0.00000000E+000  0.00000000E+000  0.00000000E+000  0.93649668E-001  0.19281239E+001  0.12498765E+002  0.31294542E+002  0.78684441E+002  0.15900601E+003
  0.00000000E+000  0.00000000E+000  0.00000000E+000  0.00000000E+000  0.00000000E+000  0.93649783E-001  0.19281238E+001  0.12498764E+002  0.31294541E+002  0.78684433E+002  0.15900601E+003
  0.00000000E+000  0.00000000E+000  0.00000000E+000  0.00000000E+000  0.00000000E+000  0.93649907E-001  0.19281239E+001  0.12498763E+002  0.31294539E+002  0.78684426E+002  0.15900600E+003
  0.00000000E+000  0.00000000E+000  0.00000000E+000  0.00000000E+000  0.00000000E+000  0.93650039E-001  0.19281241E+001  0.12498762E+002  0.31294538E+002  0.78684419E+002  0.15900599E+003
  0.00000000E+000  0.00000000E+000  0.00000000E+000  0.00000000E+000  0.00000000E+000  0.93650179E-001  0.19281243E+001  0.12498761E+002  0.31294537E+002  0.78684412E+002  0.15900598E+003
  0.00000000E+000  0.00000000E+000  0.00000000E+000  0.00000000E+000  0.00000000E+000  0.93650326E-001  0.19281246E+001  0.12498760E+002  0.31294536E+002  0.78684405E+002  0.15900598E+003
  0.00000000E+000  0.00000000E+000  0.00000000E+000  0.00000000E+000  0.00000000E+000  0.93650479E-001  0.19281250E+001  0.12498760E+002  0.31294535E+002  0.78684398E+002  0.15900597E+003
  0.00000000E+000  0.00000000E+000  0.00000000E+000  0.00000000E+000  0.00000000E+000  0.93650637E-001  0.19281255E+001  0.12498759E+002  0.31294535E+002  0.78684392E+002  0.15900596E+003
  0.00000000E+000  0.00000000E+000  0.00000000E+000  0.00000000E+000  0.00000000E+000  0.93650800E-001  0.19281261E+001  0.12498759E+002  0.31294534E+002  0.78684385E+002  0.15900595E+003
  0.00000000E+000  0.00000000E+000  0.00000000E+000  0.00000000E+000  0.00000000E+000  0.93650967E-001  0.19281267E+001  0.12498759E+002  0.31294533E+002  0.78684379E+002  0.15900594E+003
  0.00000000E+000  0.00000000E+000  0.00000000E+000  0.00000000E+000  0.00000000E+000  0.93651137E-001  0.19281274E+001  0.12498759E+002  0.31294533E+002  0.78684372E+002  0.15900594E+003
  0.00000000E+000  0.00000000E+000  0.00000000E+000  0.00000000E+000  0.00000000E+000  0.93651309E-001  0.19281281E+001  0.12498760E+002  0.31294533E+002  0.78684366E+002  0.15900593E+003
  0.00000000E+000  0.00000000E+000  0.00000000E+000  0.00000000E+000  0.00000000E+000  0.93651484E-001  0.19281289E+001  0.12498760E+002  0.31294532E+002  0.78684359E+002  0.15900592E+003
  0.00000000E+000  0.00000000E+000  0.00000000E+000  0.00000000E+000  0.00000000E+000  0.93651660E-001  0.19281298E+001  0.12498760E+002  0.31294532E+002  0.78684353E+002  0.15900591E+003
  0.00000000E+000  0.00000000E+000  0.00000000E+000  0.00000000E+000  0.00000000E+000  0.93651837E-001  0.19281307E+001  0.12498761E+002  0.31294532E+002  0.78684346E+002  0.15900590E+003
  0.00000000E+000  0.00000000E+000  0.00000000E+000  0.00000000E+000  0.00000000E+000  0.93652014E-001  0.19281317E+001  0.12498762E+002  0.31294531E+002  0.78684340E+002  0.15900589E+003
  0.00000000E+000  0.00000000E+000  0.00000000E+000  0.00000000E+000  0.00000000E+000  0.93652191E-001  0.19281327E+001  0.12498762E+002  0.31294531E+002  0.78684333E+002  0.15900588E+003
  0.00000000E+000  0.00000000E+000  0.00000000E+000  0.00000000E+000  0.00000000E+000  0.93652367E-001  0.19281338E+001  0.12498763E+002  0.31294531E+002  0.78684327E+002  0.15900587E+003
  0.00000000E+000  0.00000000E+000  0.00000000E+000  0.00000000E+000  0.00000000E+000  0.93652542E-001  0.19281349E+001  0.12498764E+002  0.31294531E+002  0.78684320E+002  0.15900586E+003
  0.00000000E+000  0.00000000E+000  0.00000000E+000  0.00000000E+000  0.00000000E+000  0.93652715E-001  0.19281361E+001  0.12498765E+002  0.31294531E+002  0.78684313E+002  0.15900585E+003
  0.00000000E+000  0.00000000E+000  0.00000000E+000  0.00000000E+000  0.00000000E+000  0.93652887E-001  0.19281374E+001  0.12498766E+002  0.31294531E+002  0.78684306E+002  0.15900584E+003
  0.00000000E+000  0.00000000E+000  0.00000000E+000  0.00000000E+000  0.00000000E+000  0.93653057E-001  0.19281386E+001  0.12498768E+002  0.31294531E+002  0.78684299E+002  0.15900583E+003
  0.00000000E+000  0.00000000E+000  0.00000000E+000  0.00000000E+000  0.00000000E+000  0.93653224E-001  0.19281400E+001  0.12498769E+002  0.31294531E+002  0.78684292E+002  0.15900581E+003
  0.00000000E+000  0.00000000E+000  0.00000000E+000  0.00000000E+000  0.00000000E+000  0.93653389E-001  0.19281414E+001  0.12498771E+002  0.31294530E+002  0.78684285E+002  0.15900580E+003
  0.00000000E+000  0.00000000E+000  0.00000000E+000  0.00000000E+000  0.00000000E+000  0.93653552E-001  0.19281428E+001  0.12498772E+002  0.31294530E+002  0.78684278E+002  0.15900579E+003
  0.00000000E+000  0.00000000E+000  0.00000000E+000  0.00000000E+000  0.00000000E+000  0.93653712E-001  0.19281443E+001  0.12498774E+002  0.31294530E+002  0.78684271E+002  0.15900578E+003
  0.00000000E+000  0.00000000E+000  0.00000000E+000  0.00000000E+000  0.00000000E+000  0.93653871E-001  0.19281458E+001  0.12498776E+002  0.31294530E+002  0.78684264E+002  0.15900576E+003
  0.00000000E+000  0.00000000E+000  0.00000000E+000  0.00000000E+000  0.00000000E+000  0.93654026E-001  0.19281474E+001  0.12498778E+002  0.31294530E+002  0.78684257E+002  0.15900575E+003
  0.00000000E+000  0.00000000E+000  0.00000000E+000  0.00000000E+000  0.00000000E+000  0.93654180E-001  0.19281490E+001  0.12498780E+002  0.31294530E+002  0.78684250E+002  0.15900573E+003
  0.00000000E+000  0.00000000E+000  0.00000000E+000  0.00000000E+000  0.00000000E+000  0.93654332E-001  0.19281507E+001  0.12498783E+002  0.31294531E+002  0.78684242E+002  0.15900572E+003
  0.00000000E+000  0.00000000E+000  0.00000000E+000  0.00000000E+000  0.00000000E+000  0.93654482E-001  0.19281524E+001  0.12498785E+002  0.31294531E+002  0.78684235E+002  0.15900570E+003
  0.00000000E+000  0.00000000E+000  0.00000000E+000  0.00000000E+000  0.00000000E+000  0.93654631E-001  0.19281542E+001  0.12498788E+002  0.31294531E+002  0.78684228E+002  0.15900569E+003
  0.00000000E+000  0.00000000E+000  0.00000000E+000  0.00000000E+000  0.00000000E+000  0.93654778E-001  0.19281560E+001  0.12498791E+002  0.31294531E+002  0.78684221E+002  0.15900567E+003
  0.00000000E+000  0.00000000E+000  0.00000000E+000  0.00000000E+000  0.00000000E+000  0.93654925E-001  0.19281579E+001  0.12498794E+002  0.31294531E+002  0.78684214E+002  0.15900565E+003
  0.00000000E+000  0.00000000E+000  0.00000000E+000  0.00000000E+000  0.00000000E+000  0.93655070E-001  0.19281598E+001  0.12498797E+002  0.31294532E+002  0.78684207E+002  0.15900564E+003
  0.00000000E+000  0.00000000E+000  0.00000000E+000  0.00000000E+000  0.00000000E+000  0.93655214E-001  0.19281618E+001  0.12498800E+002  0.31294532E+002  0.78684201E+002  0.15900562E+003
  0.00000000E+000  0.00000000E+000  0.00000000E+000  0.00000000E+000  0.00000000E+000  0.93655358E-001  0.19281638E+001  0.12498804E+002  0.31294533E+002  0.78684194E+002  0.15900560E+003
  0.00000000E+000  0.00000000E+000  0.00000000E+000  0.00000000E+000  0.00000000E+000  0.93655501E-001  0.19281659E+001  0.12498808E+002  0.31294533E+002  0.78684187E+002  0.15900558E+003
  0.00000000E+000  0.00000000E+000  0.00000000E+000  0.00000000E+000  0.00000000E+000  0.93655643E-001  0.19281680E+001  0.12498812E+002  0.31294534E+002  0.78684181E+002  0.15900556E+003
  0.00000000E+000  0.00000000E+000  0.00000000E+000  0.00000000E+000  0.00000000E+000  0.93655785E-001  0.19281702E+001  0.12498816E+002  0.31294535E+002  0.78684175E+002  0.15900554E+003
  0.00000000E+000  0.00000000E+000  0.00000000E+000  0.00000000E+000  0.00000000E+000  0.93655925E-001  0.19281723E+001  0.12498820E+002  0.31294536E+002  0.78684169E+002  0.15900552E+003
  0.00000000E+000  0.00000000E+000  0.00000000E+000  0.00000000E+000  0.00000000E+000  0.93656065E-001  0.19281746E+001  0.12498825E+002  0.31294537E+002  0.78684163E+002  0.15900550E+003
  0.00000000E+000  0.00000000E+000  0.00000000E+000  0.00000000E+000  0.00000000E+000  0.93656207E-001  0.19281769E+001  0.12498830E+002  0.31294538E+002  0.78684158E+002  0.15900548E+003
  0.00000000E+000  0.00000000E+000  0.00000000E+000  0.00000000E+000  0.00000000E+000  0.93656349E-001  0.19281792E+001  0.12498835E+002  0.31294540E+002  0.78684152E+002  0.15900546E+003
  0.00000000E+000  0.00000000E+000  0.00000000E+000  0.00000000E+000  0.00000000E+000  0.93656490E-001  0.19281815E+001  0.12498840E+002  0.31294541E+002  0.78684147E+002  0.15900544E+003
  0.00000000E+000  0.00000000E+000  0.00000000E+000  0.00000000E+000  0.00000000E+000  0.93656632E-001  0.19281839E+001  0.12498846E+002  0.31294543E+002  0.78684143E+002  0.15900542E+003
  0.00000000E+000  0.00000000E+000  0.00000000E+000  0.00000000E+000  0.00000000E+000  0.93656774E-001  0.19281863E+001  0.12498852E+002  0.31294545E+002  0.78684138E+002  0.15900539E+003
  0.00000000E+000  0.00000000E+000  0.00000000E+000  0.00000000E+000  0.00000000E+000  0.93656915E-001  0.19281887E+001  0.12498858E+002  0.31294547E+002  0.78684134E+002  0.15900537E+003
  0.00000000E+000  0.00000000E+000  0.00000000E+000  0.00000000E+000  0.00000000E+000  0.93657056E-001  0.19281912E+001  0.12498864E+002  0.31294549E+002  0.78684131E+002  0.15900535E+003
  0.00000000E+000  0.00000000E+000  0.00000000E+000  0.00000000E+000  0.00000000E+000  0.93657197E-001  0.19281936E+001  0.12498871E+002  0.31294551E+002  0.78684127E+002  0.15900533E+003
  0.00000000E+000  0.00000000E+000  0.00000000E+000  0.00000000E+000  0.00000000E+000  0.93657336E-001  0.19281961E+001  0.12498878E+002  0.31294553E+002  0.78684124E+002  0.15900530E+003
  0.00000000E+000  0.00000000E+000  0.00000000E+000  0.00000000E+000  0.00000000E+000  0.93657475E-001  0.19281986E+001  0.12498885E+002  0.31294556E+002  0.78684122E+002  0.15900528E+003
  0.00000000E+000  0.00000000E+000  0.00000000E+000  0.00000000E+000  0.00000000E+000  0.93657614E-001  0.19282011E+001  0.12498892E+002  0.31294559E+002  0.78684119E+002  0.15900525E+003
  0.00000000E+000  0.00000000E+000  0.00000000E+000  0.00000000E+000  0.00000000E+000  0.93657751E-001  0.19282035E+001  0.12498900E+002  0.31294562E+002  0.78684117E+002  0.15900523E+003
  0.00000000E+000  0.00000000E+000  0.00000000E+000  0.00000000E+000  0.00000000E+000  0.93657886E-001  0.19282060E+001  0.12498907E+002  0.31294565E+002  0.78684116E+002  0.15900520E+003
  0.00000000E+000  0.00000000E+000  0.00000000E+000  0.00000000E+000  0.00000000E+000  0.93658021E-001  0.19282085E+001  0.12498915E+002  0.31294568E+002  0.78684115E+002  0.15900518E+003
  0.00000000E+000  0.00000000E+000  0.00000000E+000  0.00000000E+000  0.00000000E+000  0.93658154E-001  0.19282110E+001  0.12498923E+002  0.31294572E+002  0.78684114E+002  0.15900516E+003
  0.00000000E+000  0.00000000E+000  0.00000000E+000  0.00000000E+000  0.00000000E+000  0.93658285E-001  0.19282135E+001  0.12498931E+002  0.31294575E+002  0.78684114E+002  0.15900513E+003
  0.00000000E+000  0.00000000E+000  0.00000000E+000  0.00000000E+000  0.00000000E+000  0.93658415E-001  0.19282159E+001  0.12498940E+002  0.31294579E+002  0.78684114E+002  0.15900511E+003
  0.00000000E+000  0.00000000E+000  0.00000000E+000  0.00000000E+000  0.00000000E+000  0.93658543E-001  0.19282184E+001  0.12498948E+002  0.31294583E+002  0.78684115E+002  0.15900508E+003
  0.00000000E+000  0.00000000E+000  0.00000000E+000  0.00000000E+000  0.00000000E+000  0.93658668E-001  0.19282208E+001  0.12498957E+002  0.31294588E+002  0.78684116E+002  0.15900506E+003
  0.00000000E+000  0.00000000E+000  0.00000000E+000  0.00000000E+000  0.00000000E+000  0.93658792E-001  0.19282232E+001  0.12498966E+002  0.31294592E+002  0.78684118E+002  0.15900503E+003
  0.00000000E+000  0.00000000E+000  0.00000000E+000  0.00000000E+000  0.00000000E+000  0.93658913E-001  0.19282256E+001  0.12498975E+002  0.31294597E+002  0.78684120E+002  0.15900501E+003
  0.00000000E+000  0.00000000E+000  0.00000000E+000  0.00000000E+000  0.00000000E+000  0.93659032E-001  0.19282280E+001  0.12498984E+002  0.31294602E+002  0.78684123E+002  0.15900498E+003
  0.00000000E+000  0.00000000E+000  0.00000000E+000  0.00000000E+000  0.00000000E+000  0.93659148E-001  0.19282303E+001  0.12498993E+002  0.31294607E+002  0.78684126E+002  0.15900496E+003
  0.00000000E+000  0.00000000E+000  0.00000000E+000  0.00000000E+000  0.00000000E+000  0.93659262E-001  0.19282326E+001  0.12499003E+002  0.31294612E+002  0.78684130E+002  0.15900493E+003
  0.00000000E+000  0.00000000E+000  0.00000000E+000  0.00000000E+000  0.00000000E+000  0.93659373E-001  0.19282349E+001  0.12499012E+002  0.31294617E+002  0.78684134E+002  0.15900491E+003
  0.00000000E+000  0.00000000E+000  0.00000000E+000  0.00000000E+000  0.00000000E+000  0.93659482E-001  0.19282372E+001  0.12499022E+002  0.31294623E+002  0.78684139E+002  0.15900489E+003
  0.00000000E+000  0.00000000E+000  0.00000000E+000  0.00000000E+000  0.00000000E+000  0.93659588E-001  0.19282394E+001  0.12499031E+002  0.31294629E+002  0.78684144E+002  0.15900486E+003
  0.00000000E+000  0.00000000E+000  0.00000000E+000  0.00000000E+000  0.00000000E+000  0.93659690E-001  0.19282416E+001  0.12499041E+002  0.31294635E+002  0.78684150E+002  0.15900484E+003
  0.00000000E+000  0.00000000E+000  0.00000000E+000  0.00000000E+000  0.00000000E+000  0.93659791E-001  0.19282438E+001  0.12499050E+002  0.31294641E+002  0.78684157E+002  0.15900482E+003
  0.00000000E+000  0.00000000E+000  0.00000000E+000  0.00000000E+000  0.00000000E+000  0.93659888E-001  0.19282459E+001  0.12499060E+002  0.31294647E+002  0.78684164E+002  0.15900480E+003
  0.00000000E+000  0.00000000E+000  0.00000000E+000  0.00000000E+000  0.00000000E+000  0.93659982E-001  0.19282480E+001  0.12499070E+002  0.31294654E+002  0.78684171E+002  0.15900478E+003
  0.00000000E+000  0.00000000E+000  0.00000000E+000  0.00000000E+000  0.00000000E+000  0.93660074E-001  0.19282501E+001  0.12499080E+002  0.31294660E+002  0.78684179E+002  0.15900476E+003
  0.00000000E+000  0.00000000E+000  0.00000000E+000  0.00000000E+000  0.00000000E+000  0.93660163E-001  0.19282521E+001  0.12499089E+002  0.31294667E+002  0.78684188E+002  0.15900474E+003
  0.00000000E+000  0.00000000E+000  0.00000000E+000  0.00000000E+000  0.00000000E+000  0.93660249E-001  0.19282541E+001  0.12499099E+002  0.31294674E+002  0.78684197E+002  0.15900473E+003
  0.00000000E+000  0.00000000E+000  0.00000000E+000  0.00000000E+000  0.00000000E+000  0.93660332E-001  0.19282560E+001  0.12499109E+002  0.31294681E+002  0.78684207E+002  0.15900471E+003
  0.00000000E+000  0.00000000E+000  0.00000000E+000  0.00000000E+000  0.00000000E+000  0.93660412E-001  0.19282579E+001  0.12499118E+002  0.31294689E+002  0.78684217E+002  0.15900469E+003
  0.00000000E+000  0.00000000E+000  0.00000000E+000  0.00000000E+000  0.00000000E+000  0.93660490E-001  0.19282598E+001  0.12499128E+002  0.31294696E+002  0.78684228E+002  0.15900468E+003
  0.00000000E+000  0.00000000E+000  0.00000000E+000  0.00000000E+000  0.00000000E+000  0.93660565E-001  0.19282616E+001  0.12499137E+002  0.31294704E+002  0.78684240E+002  0.15900466E+003
  0.00000000E+000  0.00000000E+000  0.00000000E+000  0.00000000E+000  0.00000000E+000  0.93660637E-001  0.19282634E+001  0.12499147E+002  0.31294712E+002  0.78684252E+002  0.15900465E+003
  0.00000000E+000  0.00000000E+000  0.00000000E+000  0.00000000E+000  0.00000000E+000  0.93660707E-001  0.19282651E+001  0.12499156E+002  0.31294719E+002  0.78684264E+002  0.15900464E+003
  0.00000000E+000  0.00000000E+000  0.00000000E+000  0.00000000E+000  0.00000000E+000  0.93660774E-001  0.19282668E+001  0.12499165E+002  0.31294727E+002  0.78684277E+002  0.15900463E+003
  0.00000000E+000  0.00000000E+000  0.00000000E+000  0.00000000E+000  0.00000000E+000  0.93660839E-001  0.19282685E+001  0.12499174E+002  0.31294735E+002  0.78684291E+002  0.15900462E+003
  0.00000000E+000  0.00000000E+000  0.00000000E+000  0.00000000E+000  0.00000000E+000  0.93660901E-001  0.19282701E+001  0.12499183E+002  0.31294743E+002  0.78684305E+002  0.15900461E+003
  0.00000000E+000  0.00000000E+000  0.00000000E+000  0.00000000E+000  0.00000000E+000  0.93660960E-001  0.19282717E+001  0.12499192E+002  0.31294752E+002  0.78684320E+002  0.15900461E+003
  0.00000000E+000  0.00000000E+000  0.00000000E+000  0.00000000E+000  0.00000000E+000  0.93661018E-001  0.19282732E+001  0.12499201E+002  0.31294760E+002  0.78684335E+002  0.15900460E+003
  0.00000000E+000  0.00000000E+000  0.00000000E+000  0.00000000E+000  0.00000000E+000  0.93661073E-001  0.19282747E+001  0.12499210E+002  0.31294768E+002  0.78684351E+002  0.15900460E+003
  0.00000000E+000  0.00000000E+000  0.00000000E+000  0.00000000E+000  0.00000000E+000  0.93661126E-001  0.19282761E+001  0.12499219E+002  0.31294777E+002  0.78684367E+002  0.15900459E+003
  0.00000000E+000  0.00000000E+000  0.00000000E+000  0.00000000E+000  0.00000000E+000  0.93661176E-001  0.19282775E+001  0.12499227E+002  0.31294785E+002  0.78684384E+002  0.15900459E+003
  0.00000000E+000  0.00000000E+000  0.00000000E+000  0.00000000E+000  0.00000000E+000  0.93661225E-001  0.19282789E+001  0.12499235E+002  0.31294794E+002  0.78684401E+002  0.15900459E+003
  0.00000000E+000  0.00000000E+000  0.00000000E+000  0.00000000E+000  0.00000000E+000  0.93661271E-001  0.19282802E+001  0.12499244E+002  0.31294802E+002  0.78684419E+002  0.15900459E+003
  0.00000000E+000  0.00000000E+000  0.00000000E+000  0.00000000E+000  0.00000000E+000  0.93661316E-001  0.19282815E+001  0.12499252E+002  0.31294811E+002  0.78684438E+002  0.15900459E+003
  0.00000000E+000  0.00000000E+000  0.00000000E+000  0.00000000E+000  0.00000000E+000  0.93661358E-001  0.19282827E+001  0.12499260E+002  0.31294819E+002  0.78684456E+002  0.15900460E+003
  0.00000000E+000  0.00000000E+000  0.00000000E+000  0.00000000E+000  0.00000000E+000  0.93661399E-001  0.19282839E+001  0.12499268E+002  0.31294828E+002  0.78684476E+002  0.15900460E+003
  0.00000000E+000  0.00000000E+000  0.00000000E+000  0.00000000E+000  0.00000000E+000  0.93661438E-001  0.19282851E+001  0.12499275E+002  0.31294837E+002  0.78684495E+002  0.15900461E+003
  0.00000000E+000  0.00000000E+000  0.00000000E+000  0.00000000E+000  0.00000000E+000  0.93661475E-001  0.19282862E+001  0.12499283E+002  0.31294845E+002  0.78684516E+002  0.15900462E+003
  0.00000000E+000  0.00000000E+000  0.00000000E+000  0.00000000E+000  0.00000000E+000  0.93661510E-001  0.19282873E+001  0.12499290E+002  0.31294854E+002  0.78684536E+002  0.15900462E+003
  0.00000000E+000  0.00000000E+000  0.00000000E+000  0.00000000E+000  0.00000000E+000  0.93661544E-001  0.19282883E+001  0.12499297E+002  0.31294862E+002  0.78684557E+002  0.15900464E+003
  0.00000000E+000  0.00000000E+000  0.00000000E+000  0.00000000E+000  0.00000000E+000  0.93661576E-001  0.19282893E+001  0.12499304E+002  0.31294871E+002  0.78684579E+002  0.15900465E+003
  0.00000000E+000  0.00000000E+000  0.00000000E+000  0.00000000E+000  0.00000000E+000  0.93661606E-001  0.19282903E+001  0.12499311E+002  0.31294879E+002  0.78684600E+002  0.15900466E+003
  0.00000000E+000  0.00000000E+000  0.00000000E+000  0.00000000E+000  0.00000000E+000  0.93661635E-001  0.19282912E+001  0.12499318E+002  0.31294888E+002  0.78684622E+002  0.15900467E+003
  0.00000000E+000  0.00000000E+000  0.00000000E+000  0.00000000E+000  0.00000000E+000  0.93661663E-001  0.19282921E+001  0.12499324E+002  0.31294896E+002  0.78684645E+002  0.15900469E+003
  0.00000000E+000  0.00000000E+000  0.00000000E+000  0.00000000E+000  0.00000000E+000  0.93661689E-001  0.19282929E+001  0.12499331E+002  0.31294904E+002  0.78684668E+002  0.15900471E+003
  0.00000000E+000  0.00000000E+000  0.00000000E+000  0.00000000E+000  0.00000000E+000  0.93661714E-001  0.19282938E+001  0.12499337E+002  0.31294912E+002  0.78684691E+002  0.15900472E+003
  0.00000000E+000  0.00000000E+000  0.00000000E+000  0.00000000E+000  0.00000000E+000  0.93661737E-001  0.19282945E+001  0.12499343E+002  0.31294920E+002  0.78684714E+002  0.15900474E+003
  0.00000000E+000  0.00000000E+000  0.00000000E+000  0.00000000E+000  0.00000000E+000  0.93661759E-001  0.19282953E+001  0.12499349E+002  0.31294929E+002  0.78684737E+002  0.15900476E+003
  0.00000000E+000  0.00000000E+000  0.00000000E+000  0.00000000E+000  0.00000000E+000  0.93661781E-001  0.19282960E+001  0.12499355E+002  0.31294937E+002  0.78684761E+002  0.15900478E+003
  0.00000000E+000  0.00000000E+000  0.00000000E+000  0.00000000E+000  0.00000000E+000  0.93661800E-001  0.19282967E+001  0.12499360E+002  0.31294944E+002  0.78684785E+002  0.15900481E+003
  0.00000000E+000  0.00000000E+000  0.00000000E+000  0.00000000E+000  0.00000000E+000  0.93661819E-001  0.19282974E+001  0.12499366E+002  0.31294952E+002  0.78684810E+002  0.15900483E+003
  0.00000000E+000  0.00000000E+000  0.00000000E+000  0.00000000E+000  0.00000000E+000  0.93661837E-001  0.19282980E+001  0.12499371E+002  0.31294960E+002  0.78684834E+002  0.15900485E+003
  0.00000000E+000  0.00000000E+000  0.00000000E+000  0.00000000E+000  0.00000000E+000  0.93661854E-001  0.19282986E+001  0.12499376E+002  0.31294967E+002  0.78684858E+002  0.15900488E+003
  0.00000000E+000  0.00000000E+000  0.00000000E+000  0.00000000E+000  0.00000000E+000  0.93661870E-001  0.19282992E+001  0.12499381E+002  0.31294975E+002  0.78684883E+002  0.15900491E+003
  0.00000000E+000  0.00000000E+000  0.00000000E+000  0.00000000E+000  0.00000000E+000  0.93661885E-001  0.19282997E+001  0.12499386E+002  0.31294982E+002  0.78684908E+002  0.15900493E+003
  0.00000000E+000  0.00000000E+000  0.00000000E+000  0.00000000E+000  0.00000000E+000  0.93661899E-001  0.19283002E+001  0.12499390E+002  0.31294989E+002  0.78684933E+002  0.15900496E+003
  0.00000000E+000  0.00000000E+000  0.00000000E+000  0.00000000E+000  0.00000000E+000  0.93661912E-001  0.19283007E+001  0.12499395E+002  0.31294997E+002  0.78684958E+002  0.15900499E+003
  0.00000000E+000  0.00000000E+000  0.00000000E+000  0.00000000E+000  0.00000000E+000  0.93661925E-001  0.19283012E+001  0.12499399E+002  0.31295004E+002  0.78684983E+002  0.15900502E+003
  0.00000000E+000  0.00000000E+000  0.00000000E+000  0.00000000E+000  0.00000000E+000  0.93661937E-001  0.19283017E+001  0.12499404E+002  0.31295010E+002  0.78685007E+002  0.15900505E+003
  0.00000000E+000  0.00000000E+000  0.00000000E+000  0.00000000E+000  0.00000000E+000  0.93661948E-001  0.19283021E+001  0.12499408E+002  0.31295017E+002  0.78685032E+002  0.15900508E+003
  0.00000000E+000  0.00000000E+000  0.00000000E+000  0.00000000E+000  0.00000000E+000  0.93661958E-001  0.19283025E+001  0.12499412E+002  0.31295024E+002  0.78685057E+002  0.15900511E+003
  0.00000000E+000  0.00000000E+000  0.00000000E+000  0.00000000E+000  0.00000000E+000  0.93661968E-001  0.19283029E+001  0.12499415E+002  0.31295030E+002  0.78685082E+002  0.15900515E+003
  0.00000000E+000  0.00000000E+000  0.00000000E+000  0.00000000E+000  0.00000000E+000  0.93661978E-001  0.19283033E+001  0.12499419E+002  0.31295037E+002  0.78685107E+002  0.15900518E+003
  0.00000000E+000  0.00000000E+000  0.00000000E+000  0.00000000E+000  0.00000000E+000  0.93661986E-001  0.19283036E+001  0.12499423E+002  0.31295043E+002  0.78685132E+002  0.15900521E+003
  0.00000000E+000  0.00000000E+000  0.00000000E+000  0.00000000E+000  0.00000000E+000  0.93661994E-001  0.19283039E+001  0.12499426E+002  0.31295049E+002  0.78685156E+002  0.15900525E+003
  0.00000000E+000  0.00000000E+000  0.00000000E+000  0.00000000E+000  0.00000000E+000  0.93662002E-001  0.19283043E+001  0.12499430E+002  0.31295055E+002  0.78685181E+002  0.15900528E+003
  0.00000000E+000  0.00000000E+000  0.00000000E+000  0.00000000E+000  0.00000000E+000  0.93662009E-001  0.19283046E+001  0.12499433E+002  0.31295061E+002  0.78685205E+002  0.15900532E+003
  0.00000000E+000  0.00000000E+000  0.00000000E+000  0.00000000E+000  0.00000000E+000  0.93662016E-001  0.19283049E+001  0.12499436E+002  0.31295066E+002  0.78685229E+002  0.15900535E+003
  0.00000000E+000  0.00000000E+000  0.00000000E+000  0.00000000E+000  0.00000000E+000  0.93662022E-001  0.19283051E+001  0.12499439E+002  0.31295072E+002  0.78685253E+002  0.15900539E+003
  0.00000000E+000  0.00000000E+000  0.00000000E+000  0.00000000E+000  0.00000000E+000  0.93662028E-001  0.19283054E+001  0.12499442E+002  0.31295077E+002  0.78685277E+002  0.15900542E+003
  0.00000000E+000  0.00000000E+000  0.00000000E+000  0.00000000E+000  0.00000000E+000  0.93662034E-001  0.19283056E+001  0.12499444E+002  0.31295082E+002  0.78685301E+002  0.15900546E+003
  0.00000000E+000  0.00000000E+000  0.00000000E+000  0.00000000E+000  0.00000000E+000  0.93662039E-001  0.19283059E+001  0.12499447E+002  0.31295087E+002  0.78685324E+002  0.15900550E+003
  0.00000000E+000  0.00000000E+000  0.00000000E+000  0.00000000E+000  0.00000000E+000  0.93662044E-001  0.19283061E+001  0.12499450E+002  0.31295092E+002  0.78685347E+002  0.15900553E+003
  0.00000000E+000  0.00000000E+000  0.00000000E+000  0.00000000E+000  0.00000000E+000  0.93662049E-001  0.19283063E+001  0.12499452E+002  0.31295097E+002  0.78685370E+002  0.15900557E+003
  0.00000000E+000  0.00000000E+000  0.00000000E+000  0.00000000E+000  0.00000000E+000  0.93662053E-001  0.19283065E+001  0.12499455E+002  0.31295102E+002  0.78685392E+002  0.15900561E+003
  0.00000000E+000  0.00000000E+000  0.00000000E+000  0.00000000E+000  0.00000000E+000  0.93662057E-001  0.19283067E+001  0.12499457E+002  0.31295107E+002  0.78685414E+002  0.15900564E+003
  0.00000000E+000  0.00000000E+000  0.00000000E+000  0.00000000E+000  0.00000000E+000  0.93662061E-001  0.19283068E+001  0.12499459E+002  0.31295111E+002  0.78685436E+002  0.15900568E+003
  0.00000000E+000  0.00000000E+000  0.00000000E+000  0.00000000E+000  0.00000000E+000  0.93662065E-001  0.19283070E+001  0.12499461E+002  0.31295115E+002  0.78685458E+002  0.15900572E+003
  0.00000000E+000  0.00000000E+000  0.00000000E+000  0.00000000E+000  0.00000000E+000  0.93662068E-001  0.19283072E+001  0.12499463E+002  0.31295119E+002  0.78685479E+002  0.15900575E+003
  0.00000000E+000  0.00000000E+000  0.00000000E+000  0.00000000E+000  0.00000000E+000  0.93662072E-001  0.19283073E+001  0.12499465E+002  0.31295124E+002  0.78685500E+002  0.15900579E+003
  0.00000000E+000  0.00000000E+000  0.00000000E+000  0.00000000E+000  0.00000000E+000  0.93662075E-001  0.19283074E+001  0.12499467E+002  0.31295127E+002  0.78685521E+002  0.15900583E+003
  0.00000000E+000  0.00000000E+000  0.00000000E+000  0.00000000E+000  0.00000000E+000  0.93662077E-001  0.19283076E+001  0.12499469E+002  0.31295131E+002  0.78685541E+002  0.15900586E+003
  0.00000000E+000  0.00000000E+000  0.00000000E+000  0.00000000E+000  0.00000000E+000  0.93662080E-001  0.19283077E+001  0.12499470E+002  0.31295135E+002  0.78685561E+002  0.15900590E+003
  0.00000000E+000  0.00000000E+000  0.00000000E+000  0.00000000E+000  0.00000000E+000  0.93662083E-001  0.19283078E+001  0.12499472E+002  0.31295139E+002  0.78685581E+002  0.15900593E+003
  0.00000000E+000  0.00000000E+000  0.00000000E+000  0.00000000E+000  0.00000000E+000  0.93662085E-001  0.19283079E+001  0.12499474E+002  0.31295142E+002  0.78685600E+002  0.15900597E+003
  0.00000000E+000  0.00000000E+000  0.00000000E+000  0.00000000E+000  0.00000000E+000  0.93662087E-001  0.19283080E+001  0.12499475E+002  0.31295145E+002  0.78685619E+002  0.15900601E+003
  0.00000000E+000  0.00000000E+000  0.00000000E+000  0.00000000E+000  0.00000000E+000  0.93662089E-001  0.19283081E+001  0.12499477E+002  0.31295149E+002  0.78685637E+002  0.15900604E+003
  0.00000000E+000  0.00000000E+000  0.00000000E+000  0.00000000E+000  0.00000000E+000  0.93662091E-001  0.19283082E+001  0.12499478E+002  0.31295152E+002  0.78685655E+002  0.15900608E+003
  0.00000000E+000  0.00000000E+000  0.00000000E+000  0.00000000E+000  0.00000000E+000  0.93662093E-001  0.19283083E+001  0.12499479E+002  0.31295155E+002  0.78685673E+002  0.15900611E+003
  0.00000000E+000  0.00000000E+000  0.00000000E+000  0.00000000E+000  0.00000000E+000  0.93662095E-001  0.19283084E+001  0.12499481E+002  0.31295158E+002  0.78685690E+002  0.15900614E+003
  0.00000000E+000  0.00000000E+000  0.00000000E+000  0.00000000E+000  0.00000000E+000  0.93662097E-001  0.19283085E+001  0.12499482E+002  0.31295161E+002  0.78685707E+002  0.15900618E+003
  0.00000000E+000  0.00000000E+000  0.00000000E+000  0.00000000E+000  0.00000000E+000  0.93662098E-001  0.19283086E+001  0.12499483E+002  0.31295163E+002  0.78685724E+002  0.15900621E+003
  0.00000000E+000  0.00000000E+000  0.00000000E+000  0.00000000E+000  0.00000000E+000  0.93662100E-001  0.19283086E+001  0.12499484E+002  0.31295166E+002  0.78685740E+002  0.15900624E+003
  0.00000000E+000  0.00000000E+000  0.00000000E+000  0.00000000E+000  0.00000000E+000  0.93662101E-001  0.19283087E+001  0.12499485E+002  0.31295168E+002  0.78685756E+002  0.15900628E+003
  0.00000000E+000  0.00000000E+000  0.00000000E+000  0.00000000E+000  0.00000000E+000  0.93662103E-001  0.19283088E+001  0.12499486E+002  0.31295171E+002  0.78685771E+002  0.15900631E+003
  0.00000000E+000  0.00000000E+000  0.00000000E+000  0.00000000E+000  0.00000000E+000  0.93662104E-001  0.19283088E+001  0.12499487E+002  0.31295173E+002  0.78685786E+002  0.15900634E+003
  0.00000000E+000  0.00000000E+000  0.00000000E+000  0.00000000E+000  0.00000000E+000  0.93662105E-001  0.19283089E+001  0.12499488E+002  0.31295176E+002  0.78685801E+002  0.15900637E+003
  0.00000000E+000  0.00000000E+000  0.00000000E+000  0.00000000E+000  0.00000000E+000  0.93662106E-001  0.19283090E+001  0.12499489E+002  0.31295178E+002  0.78685815E+002  0.15900640E+003
  0.00000000E+000  0.00000000E+000  0.00000000E+000  0.00000000E+000  0.00000000E+000  0.93662107E-001  0.19283090E+001  0.12499490E+002  0.31295180E+002  0.78685829E+002  0.15900643E+003
  0.00000000E+000  0.00000000E+000  0.00000000E+000  0.00000000E+000  0.00000000E+000  0.93662108E-001  0.19283091E+001  0.12499490E+002  0.31295182E+002  0.78685842E+002  0.15900646E+003
  0.00000000E+000  0.00000000E+000  0.00000000E+000  0.00000000E+000  0.00000000E+000  0.93662109E-001  0.19283091E+001  0.12499491E+002  0.31295184E+002  0.78685855E+002  0.15900649E+003
  0.00000000E+000  0.00000000E+000  0.00000000E+000  0.00000000E+000  0.00000000E+000  0.93662110E-001  0.19283091E+001  0.12499492E+002  0.31295186E+002  0.78685868E+002  0.15900651E+003
  0.00000000E+000  0.00000000E+000  0.00000000E+000  0.00000000E+000  0.00000000E+000  0.93662111E-001  0.19283092E+001  0.12499493E+002  0.31295187E+002  0.78685881E+002  0.15900654E+003
  0.00000000E+000  0.00000000E+000  0.00000000E+000  0.00000000E+000  0.00000000E+000  0.93662112E-001  0.19283092E+001  0.12499493E+002  0.31295189E+002  0.78685893E+002  0.15900657E+003
  0.00000000E+000  0.00000000E+000  0.00000000E+000  0.00000000E+000  0.00000000E+000  0.93662113E-001  0.19283093E+001  0.12499494E+002  0.31295191E+002  0.78685904E+002  0.15900660E+003
  0.00000000E+000  0.00000000E+000  0.00000000E+000  0.00000000E+000  0.00000000E+000  0.93662114E-001  0.19283093E+001  0.12499495E+002  0.31295192E+002  0.78685916E+002  0.15900662E+003
  0.00000000E+000  0.00000000E+000  0.00000000E+000  0.00000000E+000  0.00000000E+000  0.93662115E-001  0.19283093E+001  0.12499495E+002  0.31295194E+002  0.78685927E+002  0.15900665E+003
  0.00000000E+000  0.00000000E+000  0.00000000E+000  0.00000000E+000  0.00000000E+000  0.93662116E-001  0.19283094E+001  0.12499496E+002  0.31295196E+002  0.78685937E+002  0.15900667E+003
  0.00000000E+000  0.00000000E+000  0.00000000E+000  0.00000000E+000  0.00000000E+000  0.93662117E-001  0.19283094E+001  0.12499496E+002  0.31295197E+002  0.78685947E+002  0.15900669E+003
  0.00000000E+000  0.00000000E+000  0.00000000E+000  0.00000000E+000  0.00000000E+000  0.93662118E-001  0.19283094E+001  0.12499497E+002  0.31295198E+002  0.78685957E+002  0.15900672E+003
  0.00000000E+000  0.00000000E+000  0.00000000E+000  0.00000000E+000  0.00000000E+000  0.93662119E-001  0.19283095E+001  0.12499497E+002  0.31295200E+002  0.78685967E+002  0.15900674E+003
