 -0.57432092E+000 -0.43190780E+000 -0.11426195E+000 -0.56729871E-002 -0.39447190E-002 -0.10642722E-002  0.10817903E-002  0.96014761E+000  0.25658122E+001  0.51504776E+001  0.73807482E+001
 -0.56764875E+000 -0.42704198E+000 -0.11329662E+000 -0.56085083E-002 -0.39090626E-002 -0.10766532E-002  0.10771127E-002  0.96005147E+000  0.25657158E+001  0.51503521E+001  0.73806395E+001
 -0.56860922E+000 -0.42788655E+000 -0.11375245E+000 -0.56177083E-002 -0.39155416E-002 -0.10785970E-002  0.10766788E-002  0.95997328E+000  0.25656358E+001  0.51502462E+001  0.73805466E+001
 -0.56950176E+000 -0.42864964E+000 -0.11411927E+000 -0.56261428E-002 -0.39204104E-002 -0.10775231E-002  0.10770738E-002  0.95991185E+000  0.25655720E+001  0.51501597E+001  0.73804697E+001
 -0.57027351E+000 -0.42929402E+000 -0.11440351E+000 -0.56334866E-002 -0.39244636E-002 -0.10760918E-002  0.10775992E-002  0.95986476E+000  0.25655227E+001  0.51500911E+001  0.73804076E+001
 -0.57092603E+000 -0.42982494E+000 -0.11461810E+000 -0.56397618E-002 -0.39278705E-002 -0.10747184E-002  0.10781034E-002  0.95982968E+000  0.25654859E+001  0.51500384E+001  0.73803587E+001
 -0.57147342E+000 -0.43025742E+000 -0.11477552E+000 -0.56450839E-002 -0.39307309E-002 -0.10734758E-002  0.10785553E-002  0.95980458E+000  0.25654594E+001  0.51499995E+001  0.73803215E+001
 -0.57193136E+000 -0.43060739E+000 -0.11488656E+000 -0.56495814E-002 -0.39331276E-002 -0.10723711E-002  0.10789525E-002  0.95978772E+000  0.25654415E+001  0.51499724E+001  0.73802947E+001
 -0.57231421E+000 -0.43088928E+000 -0.11496028E+000 -0.56533741E-002 -0.39351324E-002 -0.10713962E-002  0.10792987E-002  0.95977766E+000  0.25654308E+001  0.51499553E+001  0.73802767E+001
 -0.57263445E+000 -0.43111554E+000 -0.11500427E+000 -0.56565685E-002 -0.39368072E-002 -0.10705385E-002  0.10795999E-002  0.95977316E+000  0.25654258E+001  0.51499466E+001  0.73802663E+001
 -0.57290252E+000 -0.43129652E+000 -0.11502479E+000 -0.56592556E-002 -0.39382047E-002 -0.10697863E-002  0.10798619E-002  0.95977319E+000  0.25654255E+001  0.51499448E+001  0.73802624E+001
 -0.57312707E+000 -0.43144074E+000 -0.11502705E+000 -0.56615134E-002 -0.39393697E-002 -0.10691302E-002  0.10800898E-002  0.95977687E+000  0.25654291E+001  0.51499487E+001  0.73802639E+001
 -0.57331535E+000 -0.43155524E+000 -0.11501533E+000 -0.56634088E-002 -0.39403386E-002 -0.10685551E-002  0.10802883E-002  0.95978349E+000  0.25654357E+001  0.51499571E+001  0.73802699E+001
 -0.57347336E+000 -0.43164577E+000 -0.11499315E+000 -0.56649987E-002 -0.39411430E-002 -0.10680500E-002  0.10804614E-002  0.95979243E+000  0.25654448E+001  0.51499693E+001  0.73802797E+001
 -0.57360609E+000 -0.43171701E+000 -0.11496339E+000 -0.56663309E-002 -0.39418095E-002 -0.10676071E-002  0.10806124E-002  0.95980320E+000  0.25654558E+001  0.51499843E+001  0.73802924E+001
 -0.57371765E+000 -0.43177276E+000 -0.11492839E+000 -0.56674457E-002 -0.39423606E-002 -0.10672187E-002  0.10807444E-002  0.95981537E+000  0.25654684E+001  0.51500016E+001  0.73803075E+001
 -0.57381148E+000 -0.43181611E+000 -0.11489000E+000 -0.56683774E-002 -0.39428152E-002 -0.10668781E-002  0.10808599E-002  0.95982860E+000  0.25654821E+001  0.51500207E+001  0.73803245E+001
 -0.57389044E+000 -0.43184956E+000 -0.11484973E+000 -0.56691548E-002 -0.39431890E-002 -0.10665792E-002  0.10809611E-002  0.95984260E+000  0.25654966E+001  0.51500410E+001  0.73803429E+001
 -0.57395690E+000 -0.43187511E+000 -0.11480876E+000 -0.56698024E-002 -0.39434953E-002 -0.10663167E-002  0.10810500E-002  0.95985713E+000  0.25655117E+001  0.51500622E+001  0.73803623E+001
 -0.57401283E+000 -0.43189439E+000 -0.11476799E+000 -0.56703409E-002 -0.39437454E-002 -0.10660861E-002  0.10811282E-002  0.95987199E+000  0.25655272E+001  0.51500841E+001  0.73803824E+001
 -0.57405989E+000 -0.43190869E+000 -0.11472812E+000 -0.56707877E-002 -0.39439486E-002 -0.10658835E-002  0.10811971E-002  0.95988702E+000  0.25655430E+001  0.51501063E+001  0.73804030E+001
 -0.57409948E+000 -0.43191909E+000 -0.11468967E+000 -0.56711576E-002 -0.39441130E-002 -0.10657052E-002  0.10812579E-002  0.95990209E+000  0.25655587E+001  0.51501286E+001  0.73804238E+001
 -0.57413277E+000 -0.43192641E+000 -0.11465302E+000 -0.56714632E-002 -0.39442452E-002 -0.10655484E-002  0.10813118E-002  0.95991707E+000  0.25655745E+001  0.51501509E+001  0.73804446E+001
 -0.57416073E+000 -0.43193134E+000 -0.11461840E+000 -0.56717149E-002 -0.39443507E-002 -0.10654104E-002  0.10813595E-002  0.95993188E+000  0.25655900E+001  0.51501729E+001  0.73804653E+001
 -0.57418421E+000 -0.43193442E+000 -0.11458599E+000 -0.56719218E-002 -0.39444345E-002 -0.10652889E-002  0.10814019E-002  0.95994643E+000  0.25656053E+001  0.51501946E+001  0.73804856E+001
 -0.57420389E+000 -0.43193608E+000 -0.11455586E+000 -0.56720912E-002 -0.39445002E-002 -0.10651819E-002  0.10814396E-002  0.95996066E+000  0.25656203E+001  0.51502158E+001  0.73805056E+001
 -0.57422038E+000 -0.43193667E+000 -0.11452804E+000 -0.56722295E-002 -0.39445513E-002 -0.10650875E-002  0.10814733E-002  0.95997452E+000  0.25656349E+001  0.51502365E+001  0.73805250E+001
 -0.57423417E+000 -0.43193646E+000 -0.11450248E+000 -0.56723420E-002 -0.39445904E-002 -0.10650044E-002  0.10815033E-002  0.95998795E+000  0.25656491E+001  0.51502565E+001  0.73805439E+001
 -0.57424569E+000 -0.43193567E+000 -0.11447913E+000 -0.56724332E-002 -0.39446200E-002 -0.10649312E-002  0.10815303E-002  0.96000091E+000  0.25656627E+001  0.51502758E+001  0.73805621E+001
 -0.57425529E+000 -0.43193447E+000 -0.11445789E+000 -0.56725068E-002 -0.39446418E-002 -0.10648666E-002  0.10815544E-002  0.96001338E+000  0.25656759E+001  0.51502944E+001  0.73805795E+001
 -0.57426328E+000 -0.43193298E+000 -0.11443866E+000 -0.56725660E-002 -0.39446574E-002 -0.10648096E-002  0.10815761E-002  0.96002532E+000  0.25656885E+001  0.51503121E+001  0.73805962E+001
 -0.57426992E+000 -0.43193132E+000 -0.11442130E+000 -0.56726132E-002 -0.39446681E-002 -0.10647594E-002  0.10815956E-002  0.96003672E+000  0.25657005E+001  0.51503290E+001  0.73806121E+001
 -0.57427543E+000 -0.43192956E+000 -0.11440570E+000 -0.56726509E-002 -0.39446750E-002 -0.10647151E-002  0.10816132E-002  0.96004755E+000  0.25657119E+001  0.51503450E+001  0.73806271E+001
 -0.57427999E+000 -0.43192776E+000 -0.11439171E+000 -0.56726806E-002 -0.39446789E-002 -0.10646760E-002  0.10816290E-002  0.96005781E+000  0.25657227E+001  0.51503602E+001  0.73806413E+001
 -0.57428375E+000 -0.43192597E+000 -0.11437919E+000 -0.56727041E-002 -0.39446806E-002 -0.10646415E-002  0.10816433E-002  0.96006748E+000  0.25657329E+001  0.51503744E+001  0.73806546E+001
 -0.57428687E+000 -0.43192423E+000 -0.11436802E+000 -0.56727224E-002 -0.39446807E-002 -0.10646111E-002  0.10816562E-002  0.96007655E+000  0.25657424E+001  0.51503876E+001  0.73806669E+001
 -0.57428944E+000 -0.43192254E+000 -0.11435807E+000 -0.56727367E-002 -0.39446796E-002 -0.10645842E-002  0.10816678E-002  0.96008504E+000  0.25657513E+001  0.51504000E+001  0.73806784E+001
 -0.57429155E+000 -0.43192094E+000 -0.11434922E+000 -0.56727478E-002 -0.39446776E-002 -0.10645604E-002  0.10816783E-002  0.96009293E+000  0.25657596E+001  0.51504114E+001  0.73806890E+001
 -0.57429330E+000 -0.43191944E+000 -0.11434136E+000 -0.56727564E-002 -0.39446750E-002 -0.10645395E-002  0.10816878E-002  0.96010023E+000  0.25657672E+001  0.51504219E+001  0.73806987E+001
 -0.57429474E+000 -0.43191802E+000 -0.11433438E+000 -0.56727630E-002 -0.39446722E-002 -0.10645209E-002  0.10816963E-002  0.96010696E+000  0.25657742E+001  0.51504315E+001  0.73807076E+001
 -0.57429594E+000 -0.43191671E+000 -0.11432818E+000 -0.56727680E-002 -0.39446692E-002 -0.10645045E-002  0.10817040E-002  0.96011312E+000  0.25657806E+001  0.51504402E+001  0.73807157E+001
 -0.57429693E+000 -0.43191549E+000 -0.11432268E+000 -0.56727720E-002 -0.39446663E-002 -0.10644900E-002  0.10817109E-002  0.96011873E+000  0.25657864E+001  0.51504481E+001  0.73807229E+001
 -0.57429777E+000 -0.43191438E+000 -0.11431779E+000 -0.56727752E-002 -0.39446634E-002 -0.10644771E-002  0.10817171E-002  0.96012381E+000  0.25657917E+001  0.51504552E+001  0.73807294E+001
 -0.57429848E+000 -0.43191336E+000 -0.11431345E+000 -0.56727778E-002 -0.39446608E-002 -0.10644657E-002  0.10817227E-002  0.96012837E+000  0.25657964E+001  0.51504615E+001  0.73807352E+001
 -0.57429910E+000 -0.43191243E+000 -0.11430958E+000 -0.56727801E-002 -0.39446584E-002 -0.10644556E-002  0.10817277E-002  0.96013246E+000  0.25658006E+001  0.51504671E+001  0.73807403E+001
 -0.57429964E+000 -0.43191159E+000 -0.11430613E+000 -0.56727823E-002 -0.39446564E-002 -0.10644466E-002  0.10817322E-002  0.96013608E+000  0.25658043E+001  0.51504720E+001  0.73807447E+001
 -0.57430014E+000 -0.43191083E+000 -0.11430305E+000 -0.56727845E-002 -0.39446548E-002 -0.10644386E-002  0.10817362E-002  0.96013927E+000  0.25658075E+001  0.51504763E+001  0.73807486E+001
 -0.57430062E+000 -0.43191016E+000 -0.11430028E+000 -0.56727869E-002 -0.39446536E-002 -0.10644314E-002  0.10817398E-002  0.96014205E+000  0.25658103E+001  0.51504800E+001  0.73807519E+001
 -0.57430108E+000 -0.43190957E+000 -0.11429779E+000 -0.56727895E-002 -0.39446528E-002 -0.10644249E-002  0.10817430E-002  0.96014447E+000  0.25658128E+001  0.51504831E+001  0.73807547E+001
 -0.57430154E+000 -0.43190906E+000 -0.11429554E+000 -0.56727926E-002 -0.39446525E-002 -0.10644189E-002  0.10817459E-002  0.96014654E+000  0.25658148E+001  0.51504858E+001  0.73807571E+001
 -0.57430202E+000 -0.43190862E+000 -0.11429348E+000 -0.56727961E-002 -0.39446526E-002 -0.10644135E-002  0.10817486E-002  0.96014831E+000  0.25658166E+001  0.51504880E+001  0.73807591E+001
 -0.57430253E+000 -0.43190824E+000 -0.11429161E+000 -0.56728001E-002 -0.39446532E-002 -0.10644084E-002  0.10817510E-002  0.96014980E+000  0.25658181E+001  0.51504899E+001  0.73807607E+001
 -0.57430307E+000 -0.43190794E+000 -0.11428988E+000 -0.56728046E-002 -0.39446543E-002 -0.10644037E-002  0.10817532E-002  0.96015104E+000  0.25658193E+001  0.51504914E+001  0.73807620E+001
 -0.57430363E+000 -0.43190769E+000 -0.11428828E+000 -0.56728097E-002 -0.39446558E-002 -0.10643992E-002  0.10817552E-002  0.96015207E+000  0.25658203E+001  0.51504926E+001  0.73807631E+001
 -0.57430424E+000 -0.43190750E+000 -0.11428678E+000 -0.56728152E-002 -0.39446576E-002 -0.10643949E-002  0.10817571E-002  0.96015291E+000  0.25658210E+001  0.51504935E+001  0.73807639E+001
 -0.57430488E+000 -0.43190736E+000 -0.11428538E+000 -0.56728213E-002 -0.39446598E-002 -0.10643908E-002  0.10817589E-002  0.96015359E+000  0.25658217E+001  0.51504943E+001  0.73807645E+001
 -0.57430555E+000 -0.43190727E+000 -0.11428405E+000 -0.56728277E-002 -0.39446624E-002 -0.10643867E-002  0.10817605E-002  0.96015414E+000  0.25658222E+001  0.51504948E+001  0.73807650E+001
 -0.57430625E+000 -0.43190721E+000 -0.11428280E+000 -0.56728346E-002 -0.39446651E-002 -0.10643828E-002  0.10817621E-002  0.96015456E+000  0.25658225E+001  0.51504952E+001  0.73807653E+001
 -0.57430697E+000 -0.43190719E+000 -0.11428160E+000 -0.56728417E-002 -0.39446681E-002 -0.10643789E-002  0.10817636E-002  0.96015490E+000  0.25658228E+001  0.51504955E+001  0.73807655E+001
 -0.57430771E+000 -0.43190720E+000 -0.11428045E+000 -0.56728490E-002 -0.39446713E-002 -0.10643750E-002  0.10817650E-002  0.96015515E+000  0.25658230E+001  0.51504956E+001  0.73807656E+001
 -0.57430846E+000 -0.43190723E+000 -0.11427935E+000 -0.56728565E-002 -0.39446745E-002 -0.10643712E-002  0.10817664E-002  0.96015535E+000  0.25658232E+001  0.51504957E+001  0.73807656E+001
 -0.57430921E+000 -0.43190728E+000 -0.11427830E+000 -0.56728641E-002 -0.39446779E-002 -0.10643675E-002  0.10817677E-002  0.96015550E+000  0.25658233E+001  0.51504958E+001  0.73807656E+001
 -0.57430995E+000 -0.43190733E+000 -0.11427728E+000 -0.56728717E-002 -0.39446812E-002 -0.10643637E-002  0.10817690E-002  0.96015560E+000  0.25658233E+001  0.51504957E+001  0.73807656E+001
 -0.57431069E+000 -0.43190739E+000 -0.11427630E+000 -0.56728792E-002 -0.39446845E-002 -0.10643600E-002  0.10817703E-002  0.96015569E+000  0.25658233E+001  0.51504957E+001  0.73807655E+001
 -0.57431140E+000 -0.43190744E+000 -0.11427534E+000 -0.56728865E-002 -0.39446877E-002 -0.10643563E-002  0.10817714E-002  0.96015575E+000  0.25658233E+001  0.51504956E+001  0.73807654E+001
 -0.57431209E+000 -0.43190747E+000 -0.11427440E+000 -0.56728937E-002 -0.39446908E-002 -0.10643526E-002  0.10817726E-002  0.96015580E+000  0.25658233E+001  0.51504955E+001  0.73807652E+001
 -0.57431272E+000 -0.43190746E+000 -0.11427344E+000 -0.56729005E-002 -0.39446936E-002 -0.10643487E-002  0.10817738E-002  0.96015584E+000  0.25658233E+001  0.51504954E+001  0.73807651E+001
 -0.57431328E+000 -0.43190735E+000 -0.11427242E+000 -0.56729069E-002 -0.39446959E-002 -0.10643443E-002  0.10817750E-002  0.96015587E+000  0.25658233E+001  0.51504952E+001  0.73807649E+001
 -0.57431372E+000 -0.43190705E+000 -0.11427123E+000 -0.56729126E-002 -0.39446973E-002 -0.10643386E-002  0.10817765E-002  0.96015590E+000  0.25658232E+001  0.51504951E+001  0.73807648E+001
 -0.57431395E+000 -0.43190640E+000 -0.11426960E+000 -0.56729168E-002 -0.39446963E-002 -0.10643289E-002  0.10817789E-002  0.96015591E+000  0.25658231E+001  0.51504949E+001  0.73807646E+001
 -0.57431384E+000 -0.43190513E+000 -0.11426691E+000 -0.56729163E-002 -0.39446858E-002 -0.10643016E-002  0.10817857E-002  0.96015590E+000  0.25658231E+001  0.51504947E+001  0.73807644E+001
 -0.57432247E+000 -0.43191104E+000 -0.11426715E+000 -0.56730004E-002 -0.39447436E-002 -0.10643157E-002  0.10817861E-002  0.96015587E+000  0.25658230E+001  0.51504945E+001  0.73807642E+001
 -0.57432236E+000 -0.43191063E+000 -0.11426626E+000 -0.56729983E-002 -0.39447418E-002 -0.10643142E-002  0.10817862E-002  0.96015583E+000  0.25658229E+001  0.51504943E+001  0.73807640E+001
 -0.57432228E+000 -0.43191038E+000 -0.11426571E+000 -0.56729970E-002 -0.39447405E-002 -0.10643131E-002  0.10817863E-002  0.96015578E+000  0.25658228E+001  0.51504942E+001  0.73807639E+001
 -0.57432221E+000 -0.43191020E+000 -0.11426535E+000 -0.56729962E-002 -0.39447396E-002 -0.10643120E-002  0.10817863E-002  0.96015571E+000  0.25658227E+001  0.51504940E+001  0.73807637E+001
 -0.57432216E+000 -0.43191007E+000 -0.11426509E+000 -0.56729955E-002 -0.39447388E-002 -0.10643110E-002  0.10817864E-002  0.96015563E+000  0.25658226E+001  0.51504938E+001  0.73807635E+001
 -0.57432212E+000 -0.43190996E+000 -0.11426489E+000 -0.56729950E-002 -0.39447382E-002 -0.10643100E-002  0.10817864E-002  0.96015555E+000  0.25658224E+001  0.51504935E+001  0.73807633E+001
 -0.57432208E+000 -0.43190987E+000 -0.11426473E+000 -0.56729947E-002 -0.39447376E-002 -0.10643091E-002  0.10817864E-002  0.96015546E+000  0.25658223E+001  0.51504933E+001  0.73807630E+001
 -0.57432204E+000 -0.43190979E+000 -0.11426459E+000 -0.56729943E-002 -0.39447370E-002 -0.10643081E-002  0.10817865E-002  0.96015536E+000  0.25658222E+001  0.51504931E+001  0.73807628E+001
 -0.57432200E+000 -0.43190972E+000 -0.11426447E+000 -0.56729940E-002 -0.39447365E-002 -0.10643072E-002  0.10817865E-002  0.96015525E+000  0.25658220E+001  0.51504929E+001  0.73807626E+001
 -0.57432197E+000 -0.43190965E+000 -0.11426437E+000 -0.56729938E-002 -0.39447360E-002 -0.10643063E-002  0.10817865E-002  0.96015515E+000  0.25658219E+001  0.51504926E+001  0.73807624E+001
 -0.57432194E+000 -0.43190959E+000 -0.11426428E+000 -0.56729935E-002 -0.39447355E-002 -0.10643054E-002  0.10817865E-002  0.96015504E+000  0.25658218E+001  0.51504924E+001  0.73807622E+001
 -0.57432191E+000 -0.43190953E+000 -0.11426420E+000 -0.56729933E-002 -0.39447350E-002 -0.10643045E-002  0.10817866E-002  0.96015492E+000  0.25658216E+001  0.51504922E+001  0.73807619E+001
 -0.57432188E+000 -0.43190948E+000 -0.11426412E+000 -0.56729931E-002 -0.39447345E-002 -0.10643036E-002  0.10817866E-002  0.96015481E+000  0.25658215E+001  0.51504919E+001  0.73807617E+001
 -0.57432186E+000 -0.43190943E+000 -0.11426405E+000 -0.56729929E-002 -0.39447341E-002 -0.10643028E-002  0.10817866E-002  0.96015469E+000  0.25658213E+001  0.51504917E+001  0.73807615E+001
 -0.57432183E+000 -0.43190938E+000 -0.11426399E+000 -0.56729927E-002 -0.39447337E-002 -0.10643019E-002  0.10817866E-002  0.96015457E+000  0.25658212E+001  0.51504914E+001  0.73807613E+001
 -0.57432180E+000 -0.43190933E+000 -0.11426392E+000 -0.56729925E-002 -0.39447332E-002 -0.10643011E-002  0.10817866E-002  0.96015445E+000  0.25658210E+001  0.51504912E+001  0.73807610E+001
 -0.57432178E+000 -0.43190929E+000 -0.11426386E+000 -0.56729923E-002 -0.39447328E-002 -0.10643003E-002  0.10817866E-002  0.96015433E+000  0.25658208E+001  0.51504909E+001  0.73807608E+001
 -0.57432175E+000 -0.43190924E+000 -0.11426381E+000 -0.56729922E-002 -0.39447324E-002 -0.10642995E-002  0.10817866E-002  0.96015421E+000  0.25658207E+001  0.51504907E+001  0.73807605E+001
 -0.57432173E+000 -0.43190920E+000 -0.11426375E+000 -0.56729920E-002 -0.39447320E-002 -0.10642987E-002  0.10817866E-002  0.96015408E+000  0.25658205E+001  0.51504904E+001  0.73807603E+001
 -0.57432171E+000 -0.43190916E+000 -0.11426370E+000 -0.56729919E-002 -0.39447317E-002 -0.10642979E-002  0.10817866E-002  0.96015396E+000  0.25658204E+001  0.51504902E+001  0.73807601E+001
 -0.57432168E+000 -0.43190912E+000 -0.11426365E+000 -0.56729917E-002 -0.39447313E-002 -0.10642972E-002  0.10817866E-002  0.96015383E+000  0.25658202E+001  0.51504899E+001  0.73807598E+001
 -0.57432166E+000 -0.43190908E+000 -0.11426361E+000 -0.56729916E-002 -0.39447309E-002 -0.10642964E-002  0.10817866E-002  0.96015371E+000  0.25658200E+001  0.51504897E+001  0.73807596E+001
 -0.57432164E+000 -0.43190905E+000 -0.11426356E+000 -0.56729915E-002 -0.39447306E-002 -0.10642957E-002  0.10817866E-002  0.96015358E+000  0.25658199E+001  0.51504894E+001  0.73807593E+001
 -0.57432162E+000 -0.43190901E+000 -0.11426351E+000 -0.56729914E-002 -0.39447302E-002 -0.10642950E-002  0.10817866E-002  0.96015345E+000  0.25658197E+001  0.51504892E+001  0.73807591E+001
 -0.57432160E+000 -0.43190897E+000 -0.11426347E+000 -0.56729912E-002 -0.39447299E-002 -0.10642943E-002  0.10817867E-002  0.96015332E+000  0.25658196E+001  0.51504889E+001  0.73807588E+001
 -0.57432158E+000 -0.43190894E+000 -0.11426343E+000 -0.56729911E-002 -0.39447296E-002 -0.10642936E-002  0.10817867E-002  0.96015320E+000  0.25658194E+001  0.51504887E+001  0.73807586E+001
 -0.57432156E+000 -0.43190891E+000 -0.11426339E+000 -0.56729910E-002 -0.39447292E-002 -0.10642930E-002  0.10817867E-002  0.96015307E+000  0.25658192E+001  0.51504884E+001  0.73807584E+001
 -0.57432154E+000 -0.43190887E+000 -0.11426335E+000 -0.56729909E-002 -0.39447289E-002 -0.10642923E-002  0.10817867E-002  0.96015294E+000  0.25658191E+001  0.51504881E+001  0.73807581E+001
 -0.57432152E+000 -0.43190884E+000 -0.11426331E+000 -0.56729908E-002 -0.39447286E-002 -0.10642917E-002  0.10817867E-002  0.96015281E+000  0.25658189E+001  0.51504879E+001  0.73807579E+001
 -0.57432150E+000 -0.43190881E+000 -0.11426327E+000 -0.56729907E-002 -0.39447283E-002 -0.10642911E-002  0.10817867E-002  0.96015269E+000  0.25658187E+001  0.51504876E+001  0.73807576E+001
 -0.57432148E+000 -0.43190878E+000 -0.11426323E+000 -0.56729906E-002 -0.39447280E-002 -0.10642905E-002  0.10817867E-002  0.96015256E+000  0.25658186E+001  0.51504874E+001  0.73807574E+001
 -0.57432147E+000 -0.43190875E+000 -0.11426319E+000 -0.56729905E-002 -0.39447277E-002 -0.10642899E-002  0.10817867E-002  0.96015244E+000  0.25658184E+001  0.51504871E+001  0.73807571E+001
 -0.57432145E+000 -0.43190872E+000 -0.11426316E+000 -0.56729904E-002 -0.39447275E-002 -0.10642893E-002  0.10817867E-002  0.96015231E+000  0.25658183E+001  0.51504869E+001  0.73807569E+001
 -0.57432143E+000 -0.43190869E+000 -0.11426312E+000 -0.56729903E-002 -0.39447272E-002 -0.10642887E-002  0.10817868E-002  0.96015219E+000  0.25658181E+001  0.51504866E+001  0.73807567E+001
 -0.57432141E+000 -0.43190866E+000 -0.11426309E+000 -0.56729902E-002 -0.39447269E-002 -0.10642882E-002  0.10817868E-002  0.96015207E+000  0.25658180E+001  0.51504864E+001  0.73807564E+001
 -0.57432140E+000 -0.43190864E+000 -0.11426305E+000 -0.56729901E-002 -0.39447267E-002 -0.10642877E-002  0.10817868E-002  0.96015195E+000  0.25658178E+001  0.51504861E+001  0.73807562E+001
 -0.57432138E+000 -0.43190861E+000 -0.11426302E+000 -0.56729900E-002 -0.39447264E-002 -0.10642871E-002  0.10817868E-002  0.96015183E+000  0.25658176E+001  0.51504859E+001  0.73807560E+001
 -0.57432137E+000 -0.43190858E+000 -0.11426299E+000 -0.56729899E-002 -0.39447262E-002 -0.10642866E-002  0.10817868E-002  0.96015171E+000  0.25658175E+001  0.51504857E+001  0.73807557E+001
 -0.57432135E+000 -0.43190856E+000 -0.11426296E+000 -0.56729898E-002 -0.39447259E-002 -0.10642861E-002  0.10817869E-002  0.96015159E+000  0.25658173E+001  0.51504854E+001  0.73807555E+001
 -0.57432134E+000 -0.43190853E+000 -0.11426292E+000 -0.56729897E-002 -0.39447257E-002 -0.10642856E-002  0.10817869E-002  0.96015148E+000  0.25658172E+001  0.51504852E+001  0.73807553E+001
 -0.57432132E+000 -0.43190851E+000 -0.11426289E+000 -0.56729896E-002 -0.39447255E-002 -0.10642852E-002  0.10817869E-002  0.96015137E+000  0.25658170E+001  0.51504850E+001  0.73807551E+001
 -0.57432131E+000 -0.43190848E+000 -0.11426286E+000 -0.56729896E-002 -0.39447253E-002 -0.10642847E-002  0.10817869E-002  0.96015126E+000  0.25658169E+001  0.51504847E+001  0.73807549E+001
 -0.57432129E+000 -0.43190846E+000 -0.11426283E+000 -0.56729895E-002 -0.39447250E-002 -0.10642843E-002  0.10817870E-002  0.96015115E+000  0.25658168E+001  0.51504845E+001  0.73807546E+001
 -0.57432128E+000 -0.43190844E+000 -0.11426280E+000 -0.56729894E-002 -0.39447248E-002 -0.10642838E-002  0.10817870E-002  0.96015104E+000  0.25658166E+001  0.51504843E+001  0.73807544E+001
 -0.57432127E+000 -0.43190841E+000 -0.11426278E+000 -0.56729893E-002 -0.39447246E-002 -0.10642834E-002  0.10817870E-002  0.96015093E+000  0.25658165E+001  0.51504841E+001  0.73807542E+001
 -0.57432125E+000 -0.43190839E+000 -0.11426275E+000 -0.56729893E-002 -0.39447244E-002 -0.10642830E-002  0.10817871E-002  0.96015083E+000  0.25658163E+001  0.51504839E+001  0.73807540E+001
 -0.57432124E+000 -0.43190837E+000 -0.11426272E+000 -0.56729892E-002 -0.39447242E-002 -0.10642826E-002  0.10817871E-002  0.96015073E+000  0.25658162E+001  0.51504837E+001  0.73807538E+001
 -0.57432123E+000 -0.43190835E+000 -0.11426270E+000 -0.56729891E-002 -0.39447240E-002 -0.10642822E-002  0.10817871E-002  0.96015063E+000  0.25658161E+001  0.51504835E+001  0.73807537E+001
 -0.57432122E+000 -0.43190833E+000 -0.11426267E+000 -0.56729891E-002 -0.39447239E-002 -0.10642818E-002  0.10817872E-002  0.96015053E+000  0.25658160E+001  0.51504833E+001  0.73807535E+001
 -0.57432121E+000 -0.43190831E+000 -0.11426264E+000 -0.56729890E-002 -0.39447237E-002 -0.10642815E-002  0.10817872E-002  0.96015043E+000  0.25658158E+001  0.51504831E+001  0.73807533E+001
 -0.57432120E+000 -0.43190829E+000 -0.11426262E+000 -0.56729889E-002 -0.39447235E-002 -0.10642811E-002  0.10817873E-002  0.96015034E+000  0.25658157E+001  0.51504829E+001  0.73807531E+001
 -0.57432118E+000 -0.43190827E+000 -0.11426260E+000 -0.56729889E-002 -0.39447233E-002 -0.10642808E-002  0.10817873E-002  0.96015024E+000  0.25658156E+001  0.51504827E+001  0.73807529E+001
 -0.57432117E+000 -0.43190825E+000 -0.11426257E+000 -0.56729888E-002 -0.39447232E-002 -0.10642804E-002  0.10817874E-002  0.96015016E+000  0.25658155E+001  0.51504825E+001  0.73807528E+001
 -0.57432116E+000 -0.43190824E+000 -0.11426255E+000 -0.56729887E-002 -0.39447230E-002 -0.10642801E-002  0.10817874E-002  0.96015007E+000  0.25658154E+001  0.51504823E+001  0.73807526E+001
 -0.57432115E+000 -0.43190822E+000 -0.11426253E+000 -0.56729887E-002 -0.39447229E-002 -0.10642798E-002  0.10817874E-002  0.96014998E+000  0.25658152E+001  0.51504822E+001  0.73807524E+001
 -0.57432114E+000 -0.43190820E+000 -0.11426251E+000 -0.56729886E-002 -0.39447227E-002 -0.10642795E-002  0.10817875E-002  0.96014990E+000  0.25658151E+001  0.51504820E+001  0.73807523E+001
 -0.57432114E+000 -0.43190819E+000 -0.11426249E+000 -0.56729886E-002 -0.39447226E-002 -0.10642792E-002  0.10817875E-002  0.96014982E+000  0.25658150E+001  0.51504818E+001  0.73807521E+001
 -0.57432113E+000 -0.43190817E+000 -0.11426247E+000 -0.56729885E-002 -0.39447224E-002 -0.10642789E-002  0.10817876E-002  0.96014974E+000  0.25658149E+001  0.51504817E+001  0.73807520E+001
 -0.57432112E+000 -0.43190816E+000 -0.11426245E+000 -0.56729885E-002 -0.39447223E-002 -0.10642787E-002  0.10817876E-002  0.96014966E+000  0.25658148E+001  0.51504815E+001  0.73807518E+001
 -0.57432111E+000 -0.43190814E+000 -0.11426243E+000 -0.56729884E-002 -0.39447222E-002 -0.10642784E-002  0.10817877E-002  0.96014958E+000  0.25658147E+001  0.51504814E+001  0.73807517E+001
 -0.57432110E+000 -0.43190813E+000 -0.11426241E+000 -0.56729884E-002 -0.39447220E-002 -0.10642781E-002  0.10817877E-002  0.96014951E+000  0.25658146E+001  0.51504812E+001  0.73807515E+001
 -0.57432109E+000 -0.43190811E+000 -0.11426239E+000 -0.56729883E-002 -0.39447219E-002 -0.10642779E-002  0.10817878E-002  0.96014944E+000  0.25658145E+001  0.51504811E+001  0.73807514E+001
 -0.57432109E+000 -0.43190810E+000 -0.11426237E+000 -0.56729883E-002 -0.39447218E-002 -0.10642777E-002  0.10817878E-002  0.96014937E+000  0.25658145E+001  0.51504810E+001  0.73807513E+001
 -0.57432108E+000 -0.43190809E+000 -0.11426236E+000 -0.56729882E-002 -0.39447217E-002 -0.10642774E-002  0.10817879E-002  0.96014930E+000  0.25658144E+001  0.51504808E+001  0.73807512E+001
 -0.57432107E+000 -0.43190808E+000 -0.11426234E+000 -0.56729882E-002 -0.39447216E-002 -0.10642772E-002  0.10817879E-002  0.96014924E+000  0.25658143E+001  0.51504807E+001  0.73807510E+001
 -0.57432107E+000 -0.43190806E+000 -0.11426232E+000 -0.56729881E-002 -0.39447215E-002 -0.10642770E-002  0.10817880E-002  0.96014918E+000  0.25658142E+001  0.51504806E+001  0.73807509E+001
 -0.57432106E+000 -0.43190805E+000 -0.11426231E+000 -0.56729881E-002 -0.39447214E-002 -0.10642768E-002  0.10817880E-002  0.96014911E+000  0.25658141E+001  0.51504804E+001  0.73807508E+001
 -0.57432105E+000 -0.43190804E+000 -0.11426229E+000 -0.56729881E-002 -0.39447213E-002 -0.10642766E-002  0.10817881E-002  0.96014905E+000  0.25658140E+001  0.51504803E+001  0.73807507E+001
 -0.57432105E+000 -0.43190803E+000 -0.11426228E+000 -0.56729880E-002 -0.39447212E-002 -0.10642764E-002  0.10817881E-002  0.96014900E+000  0.25658140E+001  0.51504802E+001  0.73807506E+001
 -0.57432104E+000 -0.43190802E+000 -0.11426227E+000 -0.56729880E-002 -0.39447211E-002 -0.10642762E-002  0.10817882E-002  0.96014894E+000  0.25658139E+001  0.51504801E+001  0.73807505E+001
 -0.57432103E+000 -0.43190801E+000 -0.11426225E+000 -0.56729879E-002 -0.39447210E-002 -0.10642761E-002  0.10817882E-002  0.96014889E+000  0.25658138E+001  0.51504800E+001  0.73807504E+001
 -0.57432103E+000 -0.43190800E+000 -0.11426224E+000 -0.56729879E-002 -0.39447209E-002 -0.10642759E-002  0.10817883E-002  0.96014884E+000  0.25658138E+001  0.51504799E+001  0.73807503E+001
 -0.57432102E+000 -0.43190799E+000 -0.11426223E+000 -0.56729879E-002 -0.39447208E-002 -0.10642757E-002  0.10817884E-002  0.96014879E+000  0.25658137E+001  0.51504798E+001  0.73807502E+001
 -0.57432102E+000 -0.43190798E+000 -0.11426222E+000 -0.56729878E-002 -0.39447208E-002 -0.10642756E-002  0.10817884E-002  0.96014874E+000  0.25658136E+001  0.51504797E+001  0.73807501E+001
 -0.57432101E+000 -0.43190797E+000 -0.11426220E+000 -0.56729878E-002 -0.39447207E-002 -0.10642754E-002  0.10817885E-002  0.96014869E+000  0.25658136E+001  0.51504796E+001  0.73807500E+001
 -0.57432101E+000 -0.43190797E+000 -0.11426219E+000 -0.56729878E-002 -0.39447206E-002 -0.10642753E-002  0.10817885E-002  0.96014864E+000  0.25658135E+001  0.51504795E+001  0.73807499E+001
 -0.57432101E+000 -0.43190796E+000 -0.11426218E+000 -0.56729878E-002 -0.39447205E-002 -0.10642751E-002  0.10817885E-002  0.96014860E+000  0.25658134E+001  0.51504794E+001  0.73807499E+001
 -0.57432100E+000 -0.43190795E+000 -0.11426217E+000 -0.56729877E-002 -0.39447205E-002 -0.10642750E-002  0.10817886E-002  0.96014856E+000  0.25658134E+001  0.51504794E+001  0.73807498E+001
 -0.57432100E+000 -0.43190794E+000 -0.11426216E+000 -0.56729877E-002 -0.39447204E-002 -0.10642749E-002  0.10817886E-002  0.96014852E+000  0.25658133E+001  0.51504793E+001  0.73807497E+001
 -0.57432099E+000 -0.43190794E+000 -0.11426215E+000 -0.56729877E-002 -0.39447203E-002 -0.10642748E-002  0.10817887E-002  0.96014848E+000  0.25658133E+001  0.51504792E+001  0.73807496E+001
 -0.57432099E+000 -0.43190793E+000 -0.11426214E+000 -0.56729877E-002 -0.39447203E-002 -0.10642746E-002  0.10817887E-002  0.96014844E+000  0.25658132E+001  0.51504791E+001  0.73807496E+001
 -0.57432099E+000 -0.43190792E+000 -0.11426213E+000 -0.56729876E-002 -0.39447202E-002 -0.10642745E-002  0.10817888E-002  0.96014841E+000  0.25658132E+001  0.51504791E+001  0.73807495E+001
 -0.57432098E+000 -0.43190792E+000 -0.11426213E+000 -0.56729876E-002 -0.39447202E-002 -0.10642744E-002  0.10817888E-002  0.96014837E+000  0.25658132E+001  0.51504790E+001  0.73807494E+001
 -0.57432098E+000 -0.43190791E+000 -0.11426212E+000 -0.56729876E-002 -0.39447201E-002 -0.10642743E-002  0.10817889E-002  0.96014834E+000  0.25658131E+001  0.51504789E+001  0.73807494E+001
 -0.57432098E+000 -0.43190791E+000 -0.11426211E+000 -0.56729876E-002 -0.39447201E-002 -0.10642742E-002  0.10817889E-002  0.96014831E+000  0.25658131E+001  0.51504789E+001  0.73807493E+001
 -0.57432097E+000 -0.43190790E+000 -0.11426210E+000 -0.56729875E-002 -0.39447200E-002 -0.10642741E-002  0.10817890E-002  0.96014827E+000  0.25658130E+001  0.51504788E+001  0.73807493E+001
 -0.57432097E+000 -0.43190790E+000 -0.11426210E+000 -0.56729875E-002 -0.39447200E-002 -0.10642740E-002  0.10817890E-002  0.96014824E+000  0.25658130E+001  0.51504787E+001  0.73807492E+001
 -0.57432097E+000 -0.43190789E+000 -0.11426209E+000 -0.56729875E-002 -0.39447199E-002 -0.10642740E-002  0.10817890E-002  0.96014822E+000  0.25658130E+001  0.51504787E+001  0.73807492E+001
 -0.57432097E+000 -0.43190789E+000 -0.11426208E+000 -0.56729875E-002 -0.39447199E-002 -0.10642739E-002  0.10817891E-002  0.96014819E+000  0.25658129E+001  0.51504786E+001  0.73807491E+001
 -0.57432096E+000 -0.43190788E+000 -0.11426208E+000 -0.56729875E-002 -0.39447199E-002 -0.10642738E-002  0.10817891E-002  0.96014816E+000  0.25658129E+001  0.51504786E+001  0.73807491E+001
 -0.57432096E+000 -0.43190788E+000 -0.11426207E+000 -0.56729874E-002 -0.39447198E-002 -0.10642737E-002  0.10817892E-002  0.96014814E+000  0.25658128E+001  0.51504785E+001  0.73807490E+001
 -0.57432096E+000 -0.43190787E+000 -0.11426206E+000 -0.56729874E-002 -0.39447198E-002 -0.10642737E-002  0.10817892E-002  0.96014811E+000  0.25658128E+001  0.51504785E+001  0.73807490E+001
 -0.57432096E+000 -0.43190787E+000 -0.11426206E+000 -0.56729874E-002 -0.39447197E-002 -0.10642736E-002  0.10817892E-002  0.96014809E+000  0.25658128E+001  0.51504784E+001  0.73807489E+001
 -0.57432096E+000 -0.43190787E+000 -0.11426205E+000 -0.56729874E-002 -0.39447197E-002 -0.10642735E-002  0.10817893E-002  0.96014807E+000  0.25658128E+001  0.51504784E+001  0.73807489E+001
 -0.57432095E+000 -0.43190786E+000 -0.11426205E+000 -0.56729874E-002 -0.39447197E-002 -0.10642735E-002  0.10817893E-002  0.96014805E+000  0.25658127E+001  0.51504784E+001  0.73807489E+001
 -0.57432095E+000 -0.43190786E+000 -0.11426204E+000 -0.56729874E-002 -0.39447196E-002 -0.10642734E-002  0.10817894E-002  0.96014803E+000  0.25658127E+001  0.51504783E+001  0.73807488E+001
 -0.57432095E+000 -0.43190786E+000 -0.11426204E+000 -0.56729874E-002 -0.39447196E-002 -0.10642733E-002  0.10817894E-002  0.96014801E+000  0.25658127E+001  0.51504783E+001  0.73807488E+001
 -0.57432095E+000 -0.43190785E+000 -0.11426203E+000 -0.56729873E-002 -0.39447196E-002 -0.10642733E-002  0.10817894E-002  0.96014799E+000  0.25658127E+001  0.51504783E+001  0.73807488E+001
 -0.57432095E+000 -0.43190785E+000 -0.11426203E+000 -0.56729873E-002 -0.39447196E-002 -0.10642732E-002  0.10817895E-002  0.96014797E+000  0.25658126E+001  0.51504782E+001  0.73807487E+001
 -0.57432095E+000 -0.43190785E+000 -0.11426203E+000 -0.56729873E-002 -0.39447195E-002 -0.10642732E-002  0.10817895E-002  0.96014795E+000  0.25658126E+001  0.51504782E+001  0.73807487E+001
 -0.57432094E+000 -0.43190785E+000 -0.11426202E+000 -0.56729873E-002 -0.39447195E-002 -0.10642731E-002  0.10817895E-002  0.96014794E+000  0.25658126E+001  0.51504782E+001  0.73807487E+001
 -0.57432094E+000 -0.43190784E+000 -0.11426202E+000 -0.56729873E-002 -0.39447195E-002 -0.10642731E-002  0.10817895E-002  0.96014792E+000  0.25658126E+001  0.51504781E+001  0.73807487E+001
 -0.57432094E+000 -0.43190784E+000 -0.11426201E+000 -0.56729873E-002 -0.39447195E-002 -0.10642730E-002  0.10817896E-002  0.96014791E+000  0.25658126E+001  0.51504781E+001  0.73807486E+001
 -0.57432094E+000 -0.43190784E+000 -0.11426201E+000 -0.56729873E-002 -0.39447194E-002 -0.10642730E-002  0.10817896E-002  0.96014789E+000  0.25658125E+001  0.51504781E+001  0.73807486E+001
 -0.57432094E+000 -0.43190784E+000 -0.11426201E+000 -0.56729873E-002 -0.39447194E-002 -0.10642730E-002  0.10817896E-002  0.96014788E+000  0.25658125E+001  0.51504781E+001  0.73807486E+001
 -0.57432094E+000 -0.43190783E+000 -0.11426201E+000 -0.56729873E-002 -0.39447194E-002 -0.10642729E-002  0.10817897E-002  0.96014787E+000  0.25658125E+001  0.51504780E+001  0.73807486E+001
 -0.57432094E+000 -0.43190783E+000 -0.11426200E+000 -0.56729873E-002 -0.39447194E-002 -0.10642729E-002  0.10817897E-002  0.96014785E+000  0.25658125E+001  0.51504780E+001  0.73807485E+001
 -0.57432094E+000 -0.43190783E+000 -0.11426200E+000 -0.56729873E-002 -0.39447194E-002 -0.10642728E-002  0.10817897E-002  0.96014784E+000  0.25658125E+001  0.51504780E+001  0.73807485E+001
 -0.57432093E+000 -0.43190783E+000 -0.11426200E+000 -0.56729872E-002 -0.39447193E-002 -0.10642728E-002  0.10817897E-002  0.96014783E+000  0.25658125E+001  0.51504780E+001  0.73807485E+001
 -0.57432093E+000 -0.43190783E+000 -0.11426199E+000 -0.56729872E-002 -0.39447193E-002 -0.10642728E-002  0.10817898E-002  0.96014782E+000  0.25658124E+001  0.51504780E+001  0.73807485E+001
 -0.57432093E+000 -0.43190783E+000 -0.11426199E+000 -0.56729872E-002 -0.39447193E-002 -0.10642728E-002  0.10817898E-002  0.96014781E+000  0.25658124E+001  0.51504779E+001  0.73807485E+001
 -0.57432093E+000 -0.43190782E+000 -0.11426199E+000 -0.56729872E-002 -0.39447193E-002 -0.10642727E-002  0.10817898E-002  0.96014780E+000  0.25658124E+001  0.51504779E+001  0.73807484E+001
 -0.57432093E+000 -0.43190782E+000 -0.11426199E+000 -0.56729872E-002 -0.39447193E-002 -0.10642727E-002  0.10817898E-002  0.96014779E+000  0.25658124E+001  0.51504779E+001  0.73807484E+001
 -0.57432093E+000 -0.43190782E+000 -0.11426199E+000 -0.56729872E-002 -0.39447193E-002 -0.10642727E-002  0.10817898E-002  0.96014778E+000  0.25658124E+001  0.51504779E+001  0.73807484E+001
 -0.57432093E+000 -0.43190782E+000 -0.11426198E+000 -0.56729872E-002 -0.39447193E-002 -0.10642727E-002  0.10817899E-002  0.96014778E+000  0.25658124E+001  0.51504779E+001  0.73807484E+001
 -0.57432093E+000 -0.43190782E+000 -0.11426198E+000 -0.56729872E-002 -0.39447192E-002 -0.10642726E-002  0.10817899E-002  0.96014777E+000  0.25658124E+001  0.51504779E+001  0.73807484E+001
 -0.57432093E+000 -0.43190782E+000 -0.11426198E+000 -0.56729872E-002 -0.39447192E-002 -0.10642726E-002  0.10817899E-002  0.96014776E+000  0.25658124E+001  0.51504778E+001  0.73807484E+001
 -0.57432093E+000 -0.43190782E+000 -0.11426198E+000 -0.56729872E-002 -0.39447192E-002 -0.10642726E-002  0.10817899E-002  0.96014775E+000  0.25658124E+001  0.51504778E+001  0.73807484E+001
 -0.57432093E+000 -0.43190782E+000 -0.11426198E+000 -0.56729872E-002 -0.39447192E-002 -0.10642726E-002  0.10817899E-002  0.96014775E+000  0.25658124E+001  0.51504778E+001  0.73807484E+001
 -0.57432093E+000 -0.43190781E+000 -0.11426198E+000 -0.56729872E-002 -0.39447192E-002 -0.10642725E-002  0.10817900E-002  0.96014774E+000  0.25658123E+001  0.51504778E+001  0.73807483E+001
 -0.57432093E+000 -0.43190781E+000 -0.11426197E+000 -0.56729872E-002 -0.39447192E-002 -0.10642725E-002  0.10817900E-002  0.96014773E+000  0.25658123E+001  0.51504778E+001  0.73807483E+001
 -0.57432093E+000 -0.43190781E+000 -0.11426197E+000 -0.56729872E-002 -0.39447192E-002 -0.10642725E-002  0.10817900E-002  0.96014773E+000  0.25658123E+001  0.51504778E+001  0.73807483E+001
 -0.57432093E+000 -0.43190781E+000 -0.11426197E+000 -0.56729872E-002 -0.39447192E-002 -0.10642725E-002  0.10817900E-002  0.96014772E+000  0.25658123E+001  0.51504778E+001  0.73807483E+001
 -0.57432093E+000 -0.43190781E+000 -0.11426197E+000 -0.56729872E-002 -0.39447192E-002 -0.10642725E-002  0.10817900E-002  0.96014772E+000  0.25658123E+001  0.51504778E+001  0.73807483E+001
 -0.57432093E+000 -0.43190781E+000 -0.11426197E+000 -0.56729872E-002 -0.39447192E-002 -0.10642725E-002  0.10817900E-002  0.96014771E+000  0.25658123E+001  0.51504778E+001  0.73807483E+001
 -0.57432093E+000 -0.43190781E+000 -0.11426197E+000 -0.56729872E-002 -0.39447192E-002 -0.10642725E-002  0.10817900E-002  0.96014771E+000  0.25658123E+001  0.51504778E+001  0.73807483E+001
 -0.57432092E+000 -0.43190781E+000 -0.11426197E+000 -0.56729872E-002 -0.39447192E-002 -0.10642725E-002  0.10817901E-002  0.96014770E+000  0.25658123E+001  0.51504777E+001  0.73807483E+001
 -0.57432093E+000 -0.43190781E+000 -0.11426197E+000 -0.56729872E-002 -0.39447192E-002 -0.10642725E-002  0.10817901E-002  0.96014770E+000  0.25658123E+001  0.51504777E+001  0.73807483E+001
 -0.57432092E+000 -0.43190781E+000 -0.11426196E+000 -0.56729872E-002 -0.39447192E-002 -0.10642725E-002  0.10817901E-002  0.96014770E+000  0.25658123E+001  0.51504777E+001  0.73807483E+001
