  0.10529480E+002
  0.10529585E+002
  0.10529626E+002
  0.10529644E+002
  0.10529651E+002
  0.10529653E+002
  0.10529651E+002
  0.10529646E+002
  0.10529640E+002
  0.10529631E+002
  0.10529622E+002
  0.10529612E+002
  0.10529602E+002
  0.10529591E+002
  0.10529580E+002
  0.10529569E+002
  0.10529558E+002
  0.10529547E+002
  0.10529537E+002
  0.10529526E+002
  0.10529516E+002
  0.10529506E+002
  0.10529497E+002
  0.10529488E+002
  0.10529479E+002
  0.10529470E+002
  0.10529461E+002
  0.10529453E+002
  0.10529445E+002
  0.10529438E+002
  0.10529430E+002
  0.10529423E+002
  0.10529416E+002
  0.10529410E+002
  0.10529404E+002
  0.10529398E+002
  0.10529392E+002
  0.10529387E+002
  0.10529382E+002
  0.10529377E+002
  0.10529373E+002
  0.10529368E+002
  0.10529365E+002
  0.10529361E+002
  0.10529358E+002
  0.10529355E+002
  0.10529352E+002
  0.10529350E+002
  0.10529348E+002
  0.10529346E+002
  0.10529344E+002
  0.10529343E+002
  0.10529342E+002
  0.10529341E+002
  0.10529340E+002
  0.10529339E+002
  0.10529339E+002
  0.10529339E+002
  0.10529338E+002
  0.10529338E+002
  0.10529338E+002
  0.10529338E+002
  0.10529338E+002
  0.10529339E+002
  0.10529339E+002
  0.10529339E+002
  0.10529340E+002
  0.10529340E+002
  0.10529340E+002
  0.10529341E+002
  0.10529341E+002
  0.10529342E+002
  0.10529343E+002
  0.10529343E+002
  0.10529344E+002
  0.10529345E+002
  0.10529345E+002
  0.10529346E+002
  0.10529347E+002
  0.10529348E+002
  0.10529349E+002
  0.10529350E+002
  0.10529351E+002
  0.10529351E+002
  0.10529352E+002
  0.10529353E+002
  0.10529354E+002
  0.10529355E+002
  0.10529356E+002
  0.10529357E+002
  0.10529358E+002
  0.10529359E+002
  0.10529360E+002
  0.10529362E+002
  0.10529363E+002
  0.10529364E+002
  0.10529365E+002
  0.10529366E+002
  0.10529367E+002
  0.10529368E+002
  0.10529369E+002
  0.10529370E+002
  0.10529371E+002
  0.10529372E+002
  0.10529373E+002
  0.10529374E+002
  0.10529375E+002
  0.10529375E+002
  0.10529376E+002
  0.10529377E+002
  0.10529378E+002
  0.10529379E+002
  0.10529380E+002
  0.10529381E+002
  0.10529382E+002
  0.10529382E+002
  0.10529383E+002
  0.10529384E+002
  0.10529385E+002
  0.10529385E+002
  0.10529386E+002
  0.10529387E+002
  0.10529388E+002
  0.10529388E+002
  0.10529389E+002
  0.10529390E+002
  0.10529390E+002
  0.10529391E+002
  0.10529391E+002
  0.10529392E+002
  0.10529393E+002
  0.10529393E+002
  0.10529394E+002
  0.10529394E+002
  0.10529395E+002
  0.10529396E+002
  0.10529396E+002
  0.10529397E+002
  0.10529397E+002
  0.10529398E+002
  0.10529399E+002
  0.10529399E+002
  0.10529400E+002
  0.10529401E+002
  0.10529401E+002
  0.10529402E+002
  0.10529402E+002
  0.10529403E+002
  0.10529404E+002
  0.10529404E+002
  0.10529405E+002
  0.10529406E+002
  0.10529407E+002
  0.10529407E+002
  0.10529408E+002
  0.10529409E+002
  0.10529410E+002
  0.10529410E+002
  0.10529411E+002
  0.10529412E+002
  0.10529413E+002
  0.10529414E+002
  0.10529415E+002
  0.10529416E+002
  0.10529416E+002
  0.10529417E+002
  0.10529418E+002
  0.10529419E+002
  0.10529420E+002
  0.10529421E+002
  0.10529422E+002
  0.10529423E+002
  0.10529424E+002
  0.10529425E+002
  0.10529426E+002
  0.10529427E+002
  0.10529428E+002
  0.10529429E+002
  0.10529430E+002
  0.10529431E+002
  0.10529432E+002
  0.10529433E+002
  0.10529434E+002
  0.10529435E+002
  0.10529436E+002
  0.10529437E+002
  0.10529438E+002
  0.10529439E+002
  0.10529440E+002
  0.10529441E+002
  0.10529442E+002
  0.10529443E+002
  0.10529444E+002
  0.10529445E+002
  0.10529446E+002
  0.10529447E+002
  0.10529447E+002
  0.10529448E+002
  0.10529449E+002
  0.10529450E+002
