  0.49046815E-002  0.57116700E-001  0.10123147E+001  0.41043590E+002
  0.49106275E-002  0.57075690E-001  0.10120000E+001  0.41044359E+002
  0.49149878E-002  0.57042991E-001  0.10117389E+001  0.41044810E+002
  0.49180529E-002  0.57017191E-001  0.10115298E+001  0.41045114E+002
  0.49200883E-002  0.56997137E-001  0.10113664E+001  0.41045327E+002
  0.49213204E-002  0.56981885E-001  0.10112416E+001  0.41045473E+002
  0.49219361E-002  0.56970640E-001  0.10111486E+001  0.41045569E+002
  0.49220863E-002  0.56962719E-001  0.10110817E+001  0.41045624E+002
  0.49218920E-002  0.56957538E-001  0.10110362E+001  0.41045648E+002
  0.49214490E-002  0.56954594E-001  0.10110082E+001  0.41045646E+002
  0.49208325E-002  0.56953461E-001  0.10109946E+001  0.41045624E+002
  0.49201009E-002  0.56953780E-001  0.10109931E+001  0.41045586E+002
  0.49192993E-002  0.56955251E-001  0.10110015E+001  0.41045535E+002
  0.49184621E-002  0.56957630E-001  0.10110180E+001  0.41045474E+002
  0.49176151E-002  0.56960715E-001  0.10110414E+001  0.41045405E+002
  0.49167773E-002  0.56964348E-001  0.10110703E+001  0.41045329E+002
  0.49159624E-002  0.56968400E-001  0.10111037E+001  0.41045249E+002
  0.49151800E-002  0.56972769E-001  0.10111408E+001  0.41045165E+002
  0.49144364E-002  0.56977377E-001  0.10111809E+001  0.41045079E+002
  0.49137352E-002  0.56982162E-001  0.10112232E+001  0.41044991E+002
  0.49130785E-002  0.56987075E-001  0.10112672E+001  0.41044903E+002
  0.49124667E-002  0.56992080E-001  0.10113125E+001  0.41044814E+002
  0.49118991E-002  0.56997148E-001  0.10113586E+001  0.41044725E+002
  0.49113744E-002  0.57002255E-001  0.10114050E+001  0.41044637E+002
  0.49108906E-002  0.57007382E-001  0.10114516E+001  0.41044549E+002
  0.49104455E-002  0.57012513E-001  0.10114979E+001  0.41044463E+002
  0.49100366E-002  0.57017633E-001  0.10115438E+001  0.41044379E+002
  0.49096612E-002  0.57022729E-001  0.10115888E+001  0.41044296E+002
  0.49093167E-002  0.57027788E-001  0.10116329E+001  0.41044216E+002
  0.49090004E-002  0.57032796E-001  0.10116759E+001  0.41044138E+002
  0.49087099E-002  0.57037739E-001  0.10117174E+001  0.41044062E+002
  0.49084426E-002  0.57042604E-001  0.10117574E+001  0.41043989E+002
  0.49081962E-002  0.57047373E-001  0.10117958E+001  0.41043919E+002
  0.49079686E-002  0.57052032E-001  0.10118323E+001  0.41043853E+002
  0.49077578E-002  0.57056563E-001  0.10118669E+001  0.41043789E+002
  0.49075619E-002  0.57060950E-001  0.10118996E+001  0.41043728E+002
  0.49073794E-002  0.57065175E-001  0.10119303E+001  0.41043671E+002
  0.49072089E-002  0.57069223E-001  0.10119588E+001  0.41043617E+002
  0.49070491E-002  0.57073078E-001  0.10119853E+001  0.41043567E+002
  0.49068988E-002  0.57076726E-001  0.10120098E+001  0.41043520E+002
  0.49067574E-002  0.57080156E-001  0.10120322E+001  0.41043476E+002
  0.49066239E-002  0.57083358E-001  0.10120527E+001  0.41043436E+002
  0.49064978E-002  0.57086327E-001  0.10120712E+001  0.41043399E+002
  0.49063787E-002  0.57089058E-001  0.10120880E+001  0.41043366E+002
  0.49062662E-002  0.57091553E-001  0.10121031E+001  0.41043335E+002
  0.49061601E-002  0.57093816E-001  0.10121166E+001  0.41043308E+002
  0.49060601E-002  0.57095853E-001  0.10121286E+001  0.41043283E+002
  0.49059662E-002  0.57097677E-001  0.10121393E+001  0.41043261E+002
  0.49058781E-002  0.57099300E-001  0.10121488E+001  0.41043242E+002
  0.49057958E-002  0.57100737E-001  0.10121573E+001  0.41043225E+002
  0.49057193E-002  0.57102008E-001  0.10121648E+001  0.41043210E+002
  0.49056482E-002  0.57103129E-001  0.10121716E+001  0.41043196E+002
  0.49055825E-002  0.57104119E-001  0.10121776E+001  0.41043185E+002
  0.49055219E-002  0.57104997E-001  0.10121831E+001  0.41043175E+002
  0.49054662E-002  0.57105779E-001  0.10121880E+001  0.41043166E+002
  0.49054151E-002  0.57106482E-001  0.10121926E+001  0.41043158E+002
  0.49053683E-002  0.57107120E-001  0.10121968E+001  0.41043151E+002
  0.49053253E-002  0.57107705E-001  0.10122007E+001  0.41043146E+002
  0.49052859E-002  0.57108247E-001  0.10122045E+001  0.41043140E+002
  0.49052497E-002  0.57108756E-001  0.10122080E+001  0.41043136E+002
  0.49052164E-002  0.57109237E-001  0.10122114E+001  0.41043132E+002
  0.49051856E-002  0.57109696E-001  0.10122148E+001  0.41043128E+002
  0.49051571E-002  0.57110136E-001  0.10122180E+001  0.41043125E+002
  0.49051305E-002  0.57110561E-001  0.10122211E+001  0.41043123E+002
  0.49051057E-002  0.57110971E-001  0.10122242E+001  0.41043120E+002
  0.49050824E-002  0.57111368E-001  0.10122272E+001  0.41043118E+002
  0.49050605E-002  0.57111751E-001  0.10122301E+001  0.41043116E+002
  0.49050400E-002  0.57112122E-001  0.10122329E+001  0.41043115E+002
  0.49050206E-002  0.57112480E-001  0.10122358E+001  0.41043114E+002
  0.49050023E-002  0.57112824E-001  0.10122385E+001  0.41043112E+002
  0.49049851E-002  0.57113154E-001  0.10122412E+001  0.41043112E+002
  0.49049688E-002  0.57113469E-001  0.10122438E+001  0.41043111E+002
  0.49049535E-002  0.57113769E-001  0.10122463E+001  0.41043111E+002
  0.49049391E-002  0.57114054E-001  0.10122488E+001  0.41043111E+002
  0.49049256E-002  0.57114323E-001  0.10122512E+001  0.41043111E+002
  0.49049130E-002  0.57114577E-001  0.10122535E+001  0.41043111E+002
  0.49049011E-002  0.57114815E-001  0.10122558E+001  0.41043111E+002
  0.49048901E-002  0.57115038E-001  0.10122580E+001  0.41043112E+002
  0.49048798E-002  0.57115245E-001  0.10122601E+001  0.41043113E+002
  0.49048702E-002  0.57115438E-001  0.10122622E+001  0.41043114E+002
  0.49048612E-002  0.57115615E-001  0.10122642E+001  0.41043115E+002
  0.49048529E-002  0.57115779E-001  0.10122661E+001  0.41043117E+002
  0.49048451E-002  0.57115929E-001  0.10122680E+001  0.41043119E+002
  0.49048379E-002  0.57116065E-001  0.10122698E+001  0.41043120E+002
  0.49048312E-002  0.57116189E-001  0.10122715E+001  0.41043122E+002
  0.49048249E-002  0.57116301E-001  0.10122732E+001  0.41043124E+002
  0.49048190E-002  0.57116402E-001  0.10122749E+001  0.41043126E+002
  0.49048135E-002  0.57116493E-001  0.10122765E+001  0.41043129E+002
  0.49048084E-002  0.57116573E-001  0.10122781E+001  0.41043131E+002
  0.49048035E-002  0.57116644E-001  0.10122796E+001  0.41043134E+002
  0.49047989E-002  0.57116706E-001  0.10122810E+001  0.41043136E+002
  0.49047946E-002  0.57116761E-001  0.10122825E+001  0.41043139E+002
  0.49047904E-002  0.57116808E-001  0.10122839E+001  0.41043141E+002
  0.49047865E-002  0.57116848E-001  0.10122852E+001  0.41043144E+002
  0.49047827E-002  0.57116882E-001  0.10122865E+001  0.41043147E+002
  0.49047791E-002  0.57116911E-001  0.10122878E+001  0.41043150E+002
  0.49047756E-002  0.57116935E-001  0.10122891E+001  0.41043153E+002
  0.49047722E-002  0.57116954E-001  0.10122903E+001  0.41043156E+002
  0.49047690E-002  0.57116968E-001  0.10122915E+001  0.41043159E+002
  0.49047659E-002  0.57116980E-001  0.10122926E+001  0.41043161E+002
  0.49047628E-002  0.57116988E-001  0.10122937E+001  0.41043164E+002
  0.49047599E-002  0.57116993E-001  0.10122948E+001  0.41043167E+002
  0.49047570E-002  0.57116996E-001  0.10122959E+001  0.41043170E+002
  0.49047542E-002  0.57116997E-001  0.10122969E+001  0.41043173E+002
  0.49047515E-002  0.57116996E-001  0.10122979E+001  0.41043176E+002
  0.49047489E-002  0.57116993E-001  0.10122988E+001  0.41043179E+002
  0.49047464E-002  0.57116989E-001  0.10122997E+001  0.41043182E+002
  0.49047439E-002  0.57116984E-001  0.10123006E+001  0.41043185E+002
  0.49047415E-002  0.57116979E-001  0.10123015E+001  0.41043188E+002
  0.49047392E-002  0.57116972E-001  0.10123023E+001  0.41043190E+002
  0.49047370E-002  0.57116965E-001  0.10123031E+001  0.41043193E+002
  0.49047348E-002  0.57116958E-001  0.10123038E+001  0.41043196E+002
  0.49047327E-002  0.57116950E-001  0.10123045E+001  0.41043199E+002
  0.49047307E-002  0.57116942E-001  0.10123052E+001  0.41043201E+002
  0.49047287E-002  0.57116935E-001  0.10123059E+001  0.41043204E+002
  0.49047268E-002  0.57116927E-001  0.10123065E+001  0.41043206E+002
  0.49047250E-002  0.57116919E-001  0.10123071E+001  0.41043209E+002
  0.49047232E-002  0.57116912E-001  0.10123077E+001  0.41043212E+002
  0.49047215E-002  0.57116904E-001  0.10123082E+001  0.41043214E+002
  0.49047198E-002  0.57116897E-001  0.10123087E+001  0.41043216E+002
  0.49047182E-002  0.57116890E-001  0.10123092E+001  0.41043219E+002
  0.49047167E-002  0.57116884E-001  0.10123096E+001  0.41043221E+002
  0.49047152E-002  0.57116878E-001  0.10123100E+001  0.41043224E+002
  0.49047138E-002  0.57116872E-001  0.10123104E+001  0.41043226E+002
  0.49047124E-002  0.57116866E-001  0.10123108E+001  0.41043228E+002
  0.49047111E-002  0.57116860E-001  0.10123112E+001  0.41043231E+002
  0.49047098E-002  0.57116855E-001  0.10123115E+001  0.41043233E+002
  0.49047085E-002  0.57116850E-001  0.10123118E+001  0.41043235E+002
  0.49047073E-002  0.57116846E-001  0.10123121E+001  0.41043237E+002
  0.49047061E-002  0.57116841E-001  0.10123123E+001  0.41043239E+002
  0.49047050E-002  0.57116837E-001  0.10123126E+001  0.41043242E+002
  0.49047038E-002  0.57116833E-001  0.10123128E+001  0.41043244E+002
  0.49047028E-002  0.57116829E-001  0.10123130E+001  0.41043246E+002
  0.49047017E-002  0.57116826E-001  0.10123132E+001  0.41043248E+002
  0.49047007E-002  0.57116823E-001  0.10123134E+001  0.41043250E+002
  0.49046997E-002  0.57116819E-001  0.10123136E+001  0.41043253E+002
  0.49046987E-002  0.57116816E-001  0.10123137E+001  0.41043255E+002
  0.49046978E-002  0.57116813E-001  0.10123139E+001  0.41043257E+002
  0.49046968E-002  0.57116810E-001  0.10123140E+001  0.41043259E+002
  0.49046959E-002  0.57116808E-001  0.10123141E+001  0.41043262E+002
  0.49046951E-002  0.57116805E-001  0.10123142E+001  0.41043264E+002
  0.49046942E-002  0.57116802E-001  0.10123143E+001  0.41043266E+002
  0.49046934E-002  0.57116800E-001  0.10123144E+001  0.41043269E+002
  0.49046926E-002  0.57116797E-001  0.10123145E+001  0.41043271E+002
  0.49046918E-002  0.57116795E-001  0.10123146E+001  0.41043274E+002
  0.49046910E-002  0.57116792E-001  0.10123147E+001  0.41043276E+002
  0.49046903E-002  0.57116790E-001  0.10123147E+001  0.41043279E+002
  0.49046896E-002  0.57116787E-001  0.10123148E+001  0.41043281E+002
  0.49046889E-002  0.57116785E-001  0.10123148E+001  0.41043284E+002
  0.49046882E-002  0.57116783E-001  0.10123149E+001  0.41043287E+002
  0.49046876E-002  0.57116780E-001  0.10123149E+001  0.41043289E+002
  0.49046870E-002  0.57116778E-001  0.10123149E+001  0.41043292E+002
  0.49046864E-002  0.57116775E-001  0.10123150E+001  0.41043295E+002
  0.49046858E-002  0.57116773E-001  0.10123150E+001  0.41043298E+002
  0.49046852E-002  0.57116770E-001  0.10123150E+001  0.41043301E+002
  0.49046847E-002  0.57116768E-001  0.10123150E+001  0.41043304E+002
  0.49046842E-002  0.57116765E-001  0.10123150E+001  0.41043307E+002
  0.49046837E-002  0.57116763E-001  0.10123150E+001  0.41043311E+002
  0.49046833E-002  0.57116761E-001  0.10123150E+001  0.41043314E+002
  0.49046828E-002  0.57116758E-001  0.10123150E+001  0.41043317E+002
  0.49046824E-002  0.57116756E-001  0.10123150E+001  0.41043320E+002
  0.49046820E-002  0.57116753E-001  0.10123150E+001  0.41043324E+002
  0.49046816E-002  0.57116751E-001  0.10123150E+001  0.41043327E+002
  0.49046813E-002  0.57116748E-001  0.10123150E+001  0.41043331E+002
  0.49046810E-002  0.57116746E-001  0.10123150E+001  0.41043334E+002
  0.49046807E-002  0.57116743E-001  0.10123150E+001  0.41043338E+002
  0.49046804E-002  0.57116741E-001  0.10123150E+001  0.41043342E+002
  0.49046802E-002  0.57116739E-001  0.10123150E+001  0.41043345E+002
  0.49046799E-002  0.57116736E-001  0.10123150E+001  0.41043349E+002
  0.49046797E-002  0.57116734E-001  0.10123150E+001  0.41043353E+002
  0.49046795E-002  0.57116732E-001  0.10123149E+001  0.41043357E+002
  0.49046793E-002  0.57116729E-001  0.10123149E+001  0.41043361E+002
  0.49046792E-002  0.57116727E-001  0.10123149E+001  0.41043365E+002
  0.49046791E-002  0.57116725E-001  0.10123149E+001  0.41043369E+002
  0.49046789E-002  0.57116723E-001  0.10123149E+001  0.41043373E+002
  0.49046788E-002  0.57116721E-001  0.10123149E+001  0.41043377E+002
  0.49046788E-002  0.57116719E-001  0.10123148E+001  0.41043381E+002
  0.49046787E-002  0.57116717E-001  0.10123148E+001  0.41043385E+002
  0.49046786E-002  0.57116715E-001  0.10123148E+001  0.41043389E+002
  0.49046786E-002  0.57116713E-001  0.10123148E+001  0.41043393E+002
  0.49046786E-002  0.57116712E-001  0.10123148E+001  0.41043397E+002
  0.49046786E-002  0.57116710E-001  0.10123147E+001  0.41043401E+002
  0.49046786E-002  0.57116709E-001  0.10123147E+001  0.41043405E+002
  0.49046786E-002  0.57116707E-001  0.10123147E+001  0.41043409E+002
  0.49046786E-002  0.57116706E-001  0.10123147E+001  0.41043413E+002
  0.49046786E-002  0.57116704E-001  0.10123147E+001  0.41043417E+002
  0.49046787E-002  0.57116703E-001  0.10123147E+001  0.41043421E+002
  0.49046787E-002  0.57116702E-001  0.10123146E+001  0.41043425E+002
  0.49046788E-002  0.57116701E-001  0.10123146E+001  0.41043429E+002
  0.49046788E-002  0.57116700E-001  0.10123146E+001  0.41043433E+002
  0.49046789E-002  0.57116699E-001  0.10123146E+001  0.41043436E+002
  0.49046790E-002  0.57116698E-001  0.10123146E+001  0.41043440E+002
  0.49046790E-002  0.57116697E-001  0.10123146E+001  0.41043444E+002
  0.49046791E-002  0.57116697E-001  0.10123146E+001  0.41043448E+002
  0.49046792E-002  0.57116696E-001  0.10123146E+001  0.41043452E+002
  0.49046793E-002  0.57116696E-001  0.10123146E+001  0.41043455E+002
  0.49046794E-002  0.57116696E-001  0.10123146E+001  0.41043459E+002
  0.49046795E-002  0.57116696E-001  0.10123146E+001  0.41043463E+002
  0.49046795E-002  0.57116697E-001  0.10123146E+001  0.41043466E+002
  0.49046796E-002  0.57116698E-001  0.10123145E+001  0.41043470E+002
