  0.64227340E+000  0.10489471E+000  0.15926137E+000  0.77756684E+000
  0.64147342E+000  0.10490076E+000  0.15916679E+000  0.77647447E+000
  0.64009623E+000  0.10500696E+000  0.15968776E+000  0.77578641E+000
  0.63892923E+000  0.10567102E+000  0.15880084E+000  0.77607658E+000
  0.63827183E+000  0.10482764E+000  0.15977409E+000  0.77575917E+000
  0.63592302E+000  0.10617894E+000  0.16034210E+000  0.77554848E+000
  0.63514414E+000  0.10668272E+000  0.16026541E+000  0.77542815E+000
  0.63290289E+000  0.10808194E+000  0.16084389E+000  0.77535833E+000
  0.63096001E+000  0.10986543E+000  0.16016655E+000  0.77597623E+000
  0.63041545E+000  0.11025948E+000  0.16016442E+000  0.77600431E+000
  0.62887933E+000  0.11171555E+000  0.16016161E+000  0.77604001E+000
  0.62873312E+000  0.11181242E+000  0.16016999E+000  0.77609711E+000
  0.62872483E+000  0.11180818E+000  0.16017783E+000  0.77616950E+000
  0.62873740E+000  0.11180781E+000  0.16018943E+000  0.77625523E+000
  0.62876440E+000  0.11181313E+000  0.16020794E+000  0.77634764E+000
  0.62749370E+000  0.11313162E+000  0.16022639E+000  0.77645154E+000
  0.62755747E+000  0.11313655E+000  0.16024716E+000  0.77655354E+000
  0.62763240E+000  0.11313691E+000  0.16027571E+000  0.77665779E+000
  0.62771655E+000  0.11314376E+000  0.16029223E+000  0.77677110E+000
  0.62780481E+000  0.11272772E+000  0.16074504E+000  0.77687646E+000
  0.62790202E+000  0.11273613E+000  0.16075056E+000  0.77700249E+000
  0.62800406E+000  0.11274481E+000  0.16077742E+000  0.77710664E+000
  0.62810949E+000  0.11275386E+000  0.16080541E+000  0.77720852E+000
  0.62821729E+000  0.11276334E+000  0.16083326E+000  0.77730871E+000
  0.62832638E+000  0.11277330E+000  0.16086148E+000  0.77740637E+000
  0.62843628E+000  0.11278337E+000  0.16088963E+000  0.77750157E+000
  0.62854610E+000  0.11279356E+000  0.16091767E+000  0.77759416E+000
  0.62865518E+000  0.11280404E+000  0.16094531E+000  0.77768400E+000
  0.62876296E+000  0.11281468E+000  0.16097253E+000  0.77777102E+000
  0.62886887E+000  0.11282543E+000  0.16099927E+000  0.77785507E+000
  0.62897245E+000  0.11283627E+000  0.16102545E+000  0.77793611E+000
  0.62907326E+000  0.11284716E+000  0.16105098E+000  0.77801408E+000
  0.62917088E+000  0.11285808E+000  0.16107580E+000  0.77808892E+000
  0.62926499E+000  0.11286898E+000  0.16109983E+000  0.77816057E+000
  0.62935524E+000  0.11287982E+000  0.16112299E+000  0.77822904E+000
  0.62944139E+000  0.11289057E+000  0.16114529E+000  0.77829421E+000
  0.62952320E+000  0.11290118E+000  0.16116524E+000  0.77835749E+000
  0.62960049E+000  0.11291159E+000  0.16118560E+000  0.77841605E+000
  0.62967312E+000  0.11292177E+000  0.16120493E+000  0.77847127E+000
  0.62974100E+000  0.11293167E+000  0.16122319E+000  0.77852317E+000
  0.62980410E+000  0.11294123E+000  0.16124036E+000  0.77857174E+000
  0.62986243E+000  0.11295041E+000  0.16125641E+000  0.77861701E+000
  0.62991604E+000  0.11295916E+000  0.16127135E+000  0.77865903E+000
  0.62996504E+000  0.11296746E+000  0.16128517E+000  0.77869786E+000
  0.63000957E+000  0.11297526E+000  0.16129789E+000  0.77873357E+000
  0.63004982E+000  0.11298254E+000  0.16130953E+000  0.77876627E+000
  0.63008602E+000  0.11298928E+000  0.16132013E+000  0.77879609E+000
  0.63011841E+000  0.11299548E+000  0.16132972E+000  0.77882316E+000
  0.63014728E+000  0.11300114E+000  0.16133835E+000  0.77884764E+000
  0.63017291E+000  0.11300626E+000  0.16134610E+000  0.77886971E+000
  0.63019560E+000  0.11301087E+000  0.16135302E+000  0.77888955E+000
  0.63021567E+000  0.11301499E+000  0.16135918E+000  0.77890736E+000
  0.63023340E+000  0.11301865E+000  0.16136466E+000  0.77892333E+000
  0.63024909E+000  0.11302189E+000  0.16136952E+000  0.77893765E+000
  0.63026300E+000  0.11302474E+000  0.16137384E+000  0.77895053E+000
  0.63027540E+000  0.11302725E+000  0.16137769E+000  0.77896212E+000
  0.63028650E+000  0.11302944E+000  0.16138113E+000  0.77897262E+000
  0.63029652E+000  0.11303138E+000  0.16138421E+000  0.77898216E+000
  0.63030561E+000  0.11303308E+000  0.16138700E+000  0.77899088E+000
  0.63031395E+000  0.11303459E+000  0.16138954E+000  0.77899891E+000
  0.63032164E+000  0.11303593E+000  0.16139186E+000  0.77900634E+000
  0.63032879E+000  0.11303714E+000  0.16139400E+000  0.77901326E+000
  0.63033548E+000  0.11303823E+000  0.16139598E+000  0.77901974E+000
  0.63034177E+000  0.11303922E+000  0.16139784E+000  0.77902583E+000
  0.63034771E+000  0.11304013E+000  0.16139958E+000  0.77903157E+000
  0.63035334E+000  0.11304097E+000  0.16140122E+000  0.77903700E+000
  0.63035868E+000  0.11304175E+000  0.16140277E+000  0.77904214E+000
  0.63036374E+000  0.11304248E+000  0.16140423E+000  0.77904701E+000
  0.63036854E+000  0.11304317E+000  0.16140561E+000  0.77905161E+000
  0.63037307E+000  0.11304381E+000  0.16140691E+000  0.77905596E+000
  0.63037735E+000  0.11304441E+000  0.16140815E+000  0.77906005E+000
  0.63038138E+000  0.11304497E+000  0.16140930E+000  0.77906390E+000
  0.63038515E+000  0.11304549E+000  0.16141039E+000  0.77906751E+000
  0.63038867E+000  0.11304598E+000  0.16141140E+000  0.77907088E+000
  0.63039195E+000  0.11304644E+000  0.16141235E+000  0.77907401E+000
  0.63039498E+000  0.11304686E+000  0.16141322E+000  0.77907690E+000
  0.63039777E+000  0.11304725E+000  0.16141403E+000  0.77907957E+000
  0.63040033E+000  0.11304761E+000  0.16141477E+000  0.77908203E+000
  0.63040266E+000  0.11304793E+000  0.16141545E+000  0.77908426E+000
  0.63040477E+000  0.11304823E+000  0.16141607E+000  0.77908630E+000
  0.63040667E+000  0.11304850E+000  0.16141662E+000  0.77908813E+000
  0.63040837E+000  0.11304874E+000  0.16141713E+000  0.77908979E+000
  0.63040989E+000  0.11304896E+000  0.16141758E+000  0.77909126E+000
  0.63041123E+000  0.11304915E+000  0.16097681E+000  0.77953375E+000
  0.63041241E+000  0.11304932E+000  0.16097716E+000  0.77953491E+000
  0.63041343E+000  0.11304946E+000  0.16097747E+000  0.77953593E+000
  0.63041431E+000  0.11304959E+000  0.16097775E+000  0.77953682E+000
  0.63041507E+000  0.11304970E+000  0.16097798E+000  0.77953759E+000
  0.63041571E+000  0.11304979E+000  0.16097818E+000  0.77953825E+000
  0.63041624E+000  0.11304987E+000  0.16097836E+000  0.77953881E+000
  0.63041668E+000  0.11304994E+000  0.16097851E+000  0.77953929E+000
  0.63041703E+000  0.11304999E+000  0.16097863E+000  0.77953969E+000
  0.63041731E+000  0.11305003E+000  0.16097873E+000  0.77954001E+000
  0.63041752E+000  0.11305006E+000  0.16097882E+000  0.77954028E+000
  0.63041768E+000  0.11305009E+000  0.16097888E+000  0.77954049E+000
  0.63041779E+000  0.11305011E+000  0.16097894E+000  0.77954066E+000
  0.63041786E+000  0.11305012E+000  0.16097898E+000  0.77954078E+000
  0.63041789E+000  0.11305012E+000  0.16097902E+000  0.77954088E+000
  0.63041790E+000  0.11305013E+000  0.16097904E+000  0.77954094E+000
  0.63041788E+000  0.11305013E+000  0.16097906E+000  0.77954099E+000
  0.63041784E+000  0.11305012E+000  0.16097907E+000  0.77954101E+000
  0.63041779E+000  0.11305011E+000  0.16097908E+000  0.77954102E+000
  0.63041773E+000  0.11305011E+000  0.16097909E+000  0.77954102E+000
  0.63041767E+000  0.11305010E+000  0.16097909E+000  0.77954101E+000
  0.63041760E+000  0.11305009E+000  0.16097909E+000  0.77954100E+000
  0.63041753E+000  0.11305007E+000  0.16097909E+000  0.77954099E+000
  0.63041745E+000  0.11305006E+000  0.16097909E+000  0.77954097E+000
  0.63041739E+000  0.11305005E+000  0.16097909E+000  0.77954096E+000
  0.63041732E+000  0.11305004E+000  0.16097909E+000  0.77954094E+000
  0.63041727E+000  0.11305003E+000  0.16097909E+000  0.77954093E+000
  0.63041722E+000  0.11305002E+000  0.16097910E+000  0.77954093E+000
  0.63041717E+000  0.11305001E+000  0.16097910E+000  0.77954093E+000
  0.63041714E+000  0.11305000E+000  0.16097911E+000  0.77954093E+000
  0.63041711E+000  0.11304999E+000  0.16097911E+000  0.77954095E+000
  0.63041709E+000  0.11304998E+000  0.16097912E+000  0.77954096E+000
  0.63041708E+000  0.11304997E+000  0.16097913E+000  0.77954099E+000
  0.63041708E+000  0.11304997E+000  0.16097915E+000  0.77954102E+000
  0.63041709E+000  0.11304996E+000  0.16097916E+000  0.77954106E+000
  0.63041710E+000  0.11304995E+000  0.16097918E+000  0.77954110E+000
  0.63041713E+000  0.11304995E+000  0.16097919E+000  0.77954115E+000
  0.63041716E+000  0.11304995E+000  0.16097921E+000  0.77954120E+000
  0.63041720E+000  0.11304994E+000  0.16097923E+000  0.77954127E+000
  0.63041724E+000  0.11304994E+000  0.16097925E+000  0.77954133E+000
  0.63041730E+000  0.11304994E+000  0.16097927E+000  0.77954141E+000
  0.63041736E+000  0.11304994E+000  0.16097930E+000  0.77954148E+000
  0.63041743E+000  0.11304994E+000  0.16097932E+000  0.77954156E+000
  0.63041750E+000  0.11304994E+000  0.16097935E+000  0.77954165E+000
  0.63041758E+000  0.11304994E+000  0.16097938E+000  0.77954174E+000
  0.63041767E+000  0.11304994E+000  0.16097940E+000  0.77954183E+000
  0.63041776E+000  0.11304994E+000  0.16097943E+000  0.77954193E+000
  0.63041785E+000  0.11304995E+000  0.16097946E+000  0.77954203E+000
  0.63041795E+000  0.11304995E+000  0.16097949E+000  0.77954213E+000
  0.63041805E+000  0.11304996E+000  0.16097952E+000  0.77954224E+000
  0.63041815E+000  0.11304996E+000  0.16097955E+000  0.77954235E+000
  0.63041826E+000  0.11304997E+000  0.16097958E+000  0.77954246E+000
  0.63041837E+000  0.11304997E+000  0.16097962E+000  0.77954257E+000
  0.63041848E+000  0.11304998E+000  0.16097965E+000  0.77954268E+000
  0.63041859E+000  0.11304998E+000  0.16097968E+000  0.77954279E+000
  0.63041871E+000  0.11304999E+000  0.16097971E+000  0.77954290E+000
  0.63041882E+000  0.11305000E+000  0.16097974E+000  0.77954301E+000
  0.63041894E+000  0.11305000E+000  0.16097977E+000  0.77954313E+000
  0.63041906E+000  0.11305001E+000  0.16097980E+000  0.77954324E+000
  0.63041917E+000  0.11305002E+000  0.16097984E+000  0.77954335E+000
  0.63041929E+000  0.11305003E+000  0.16097987E+000  0.77954346E+000
  0.63041940E+000  0.11305003E+000  0.16097990E+000  0.77954357E+000
  0.63041951E+000  0.11305004E+000  0.16097993E+000  0.77954368E+000
  0.63041963E+000  0.11305005E+000  0.16097996E+000  0.77954378E+000
  0.63041974E+000  0.11305006E+000  0.16097998E+000  0.77954389E+000
  0.63041985E+000  0.11305006E+000  0.16098001E+000  0.77954399E+000
  0.63041995E+000  0.11305007E+000  0.16098004E+000  0.77954409E+000
  0.63042006E+000  0.11305008E+000  0.16098007E+000  0.77954419E+000
  0.63042016E+000  0.11305009E+000  0.16098009E+000  0.77954428E+000
  0.63042026E+000  0.11305009E+000  0.16098012E+000  0.77954437E+000
  0.63042035E+000  0.11305010E+000  0.16098014E+000  0.77954446E+000
  0.63042045E+000  0.11305011E+000  0.16098017E+000  0.77954455E+000
  0.63042054E+000  0.11305011E+000  0.16098019E+000  0.77954463E+000
  0.63042062E+000  0.11305012E+000  0.16098021E+000  0.77954471E+000
  0.63042071E+000  0.11305013E+000  0.16098023E+000  0.77954478E+000
  0.63042079E+000  0.11305013E+000  0.16098025E+000  0.77954486E+000
  0.63042086E+000  0.11305014E+000  0.16098027E+000  0.77954492E+000
  0.63042093E+000  0.11305014E+000  0.16098029E+000  0.77954499E+000
  0.63042100E+000  0.11305015E+000  0.16098030E+000  0.77954505E+000
  0.63042107E+000  0.11305015E+000  0.16098032E+000  0.77954511E+000
  0.63042113E+000  0.11305016E+000  0.16098033E+000  0.77954516E+000
  0.63042118E+000  0.11305016E+000  0.16098035E+000  0.77954521E+000
  0.63042124E+000  0.11305017E+000  0.16098036E+000  0.77954526E+000
  0.63042129E+000  0.11305017E+000  0.16098037E+000  0.77954530E+000
  0.63042133E+000  0.11305017E+000  0.16098038E+000  0.77954534E+000
  0.63042138E+000  0.11305018E+000  0.16098039E+000  0.77954538E+000
  0.63042141E+000  0.11305018E+000  0.16098040E+000  0.77954541E+000
  0.63042145E+000  0.11305018E+000  0.16098041E+000  0.77954544E+000
  0.63042148E+000  0.11305018E+000  0.16098042E+000  0.77954547E+000
  0.63042151E+000  0.11305019E+000  0.16098042E+000  0.77954549E+000
  0.63042153E+000  0.11305019E+000  0.16098043E+000  0.77954551E+000
  0.63042155E+000  0.11305019E+000  0.16098043E+000  0.77954552E+000
  0.63042157E+000  0.11305019E+000  0.16098043E+000  0.77954554E+000
  0.63042159E+000  0.11305019E+000  0.16098044E+000  0.77954555E+000
  0.63042160E+000  0.11305019E+000  0.16098044E+000  0.77954556E+000
  0.63042161E+000  0.11305019E+000  0.16098044E+000  0.77954556E+000
  0.63042162E+000  0.11305019E+000  0.16098044E+000  0.77954557E+000
  0.63042162E+000  0.11305019E+000  0.16098044E+000  0.77954557E+000
  0.63042162E+000  0.11305019E+000  0.16098044E+000  0.77954556E+000
  0.63042162E+000  0.11305019E+000  0.16098044E+000  0.77954556E+000
  0.63042162E+000  0.11305019E+000  0.16098044E+000  0.77954556E+000
  0.63042161E+000  0.11305018E+000  0.16098043E+000  0.77954555E+000
  0.63042161E+000  0.11305018E+000  0.16098043E+000  0.77954554E+000
  0.63042160E+000  0.11305018E+000  0.16098043E+000  0.77954553E+000
  0.63042159E+000  0.11305018E+000  0.16098042E+000  0.77954552E+000
  0.63042158E+000  0.11305018E+000  0.16098042E+000  0.77954551E+000
  0.63042157E+000  0.11305017E+000  0.16098042E+000  0.77954549E+000
  0.63042156E+000  0.11305017E+000  0.16098041E+000  0.77954548E+000
  0.63042154E+000  0.11305017E+000  0.16098041E+000  0.77954546E+000
  0.63042153E+000  0.11305017E+000  0.16098040E+000  0.77954545E+000
  0.63042151E+000  0.11305017E+000  0.16098040E+000  0.77954543E+000
  0.63042149E+000  0.11305016E+000  0.16098039E+000  0.77954541E+000
  0.63042147E+000  0.11305016E+000  0.16098039E+000  0.77954539E+000
  0.63042146E+000  0.11305016E+000  0.16098038E+000  0.77954537E+000
  0.63042144E+000  0.11305016E+000  0.16098038E+000  0.77954536E+000
  0.63042143E+000  0.11305016E+000  0.16098037E+000  0.77954535E+000
  0.63042141E+000  0.11305016E+000  0.16098037E+000  0.77954529E+000
