 -0.51982404E-001  0.47365254E-002  0.44192679E+000  0.12893155E+001
 -0.52042082E-001  0.47266093E-002  0.44165270E+000  0.12876783E+001
 -0.52085469E-001  0.47216398E-002  0.44145040E+000  0.12864909E+001
 -0.52115893E-001  0.47189316E-002  0.44129452E+000  0.12855802E+001
 -0.52136113E-001  0.47175928E-002  0.44117333E+000  0.12848780E+001
 -0.52148395E-001  0.47171227E-002  0.44107966E+000  0.12843442E+001
 -0.52154577E-001  0.47171812E-002  0.44100851E+000  0.12839494E+001
 -0.52156141E-001  0.47175329E-002  0.44095610E+000  0.12836696E+001
 -0.52154270E-001  0.47180220E-002  0.44091934E+000  0.12834852E+001
 -0.52149904E-001  0.47185514E-002  0.44089557E+000  0.12833795E+001
 -0.52143782E-001  0.47190678E-002  0.44088255E+000  0.12833387E+001
 -0.52136481E-001  0.47195476E-002  0.44087836E+000  0.12833513E+001
 -0.52128448E-001  0.47199823E-002  0.44088139E+000  0.12834075E+001
 -0.52120024E-001  0.47203750E-002  0.44089028E+000  0.12834993E+001
 -0.52111468E-001  0.47207340E-002  0.44090392E+000  0.12836200E+001
 -0.52102973E-001  0.47210691E-002  0.44092139E+000  0.12837638E+001
 -0.52094679E-001  0.47213897E-002  0.44094193E+000  0.12839261E+001
 -0.52086686E-001  0.47217035E-002  0.44096496E+000  0.12841029E+001
 -0.52079061E-001  0.47220163E-002  0.44098996E+000  0.12842908E+001
 -0.52071847E-001  0.47223326E-002  0.44101655E+000  0.12844870E+001
 -0.52065067E-001  0.47226552E-002  0.44104441E+000  0.12846893E+001
 -0.52058730E-001  0.47229858E-002  0.44107329E+000  0.12848954E+001
 -0.52052836E-001  0.47233254E-002  0.44110298E+000  0.12851039E+001
 -0.52047372E-001  0.47236745E-002  0.44113333E+000  0.12853130E+001
 -0.52042325E-001  0.47240333E-002  0.44116419E+000  0.12855217E+001
 -0.52037674E-001  0.47244019E-002  0.44119546E+000  0.12857287E+001
 -0.52033397E-001  0.47247804E-002  0.44122704E+000  0.12859331E+001
 -0.52029470E-001  0.47251691E-002  0.44125885E+000  0.12861341E+001
 -0.52025869E-001  0.47255681E-002  0.44129081E+000  0.12863307E+001
 -0.52022569E-001  0.47259778E-002  0.44132284E+000  0.12865225E+001
 -0.52019545E-001  0.47263983E-002  0.44135485E+000  0.12867086E+001
 -0.52016774E-001  0.47268298E-002  0.44138676E+000  0.12868887E+001
 -0.52014235E-001  0.47272722E-002  0.44141847E+000  0.12870622E+001
 -0.52011906E-001  0.47277249E-002  0.44144988E+000  0.12872287E+001
 -0.52009769E-001  0.47281872E-002  0.44148088E+000  0.12873879E+001
 -0.52007804E-001  0.47286579E-002  0.44151136E+000  0.12875393E+001
 -0.52005997E-001  0.47291350E-002  0.44154118E+000  0.12876829E+001
 -0.52004333E-001  0.47296164E-002  0.44157021E+000  0.12878183E+001
 -0.52002799E-001  0.47300991E-002  0.44159833E+000  0.12879455E+001
 -0.52001383E-001  0.47305799E-002  0.44162540E+000  0.12880645E+001
 -0.52000075E-001  0.47310552E-002  0.44165131E+000  0.12881752E+001
 -0.51998866E-001  0.47315209E-002  0.44167594E+000  0.12882777E+001
 -0.51997749E-001  0.47319731E-002  0.44169918E+000  0.12883722E+001
 -0.51996716E-001  0.47324078E-002  0.44172096E+000  0.12884589E+001
 -0.51995762E-001  0.47328215E-002  0.44174121E+000  0.12885381E+001
 -0.51994879E-001  0.47332108E-002  0.44175990E+000  0.12886100E+001
 -0.51994063E-001  0.47335730E-002  0.44177702E+000  0.12886750E+001
 -0.51993309E-001  0.47339062E-002  0.44179258E+000  0.12887337E+001
 -0.51992613E-001  0.47342092E-002  0.44180660E+000  0.12887863E+001
 -0.51991968E-001  0.47344816E-002  0.44181917E+000  0.12888334E+001
 -0.51991372E-001  0.47347237E-002  0.44183035E+000  0.12888754E+001
 -0.51990819E-001  0.47349367E-002  0.44184023E+000  0.12889129E+001
 -0.51990306E-001  0.47351221E-002  0.44184894E+000  0.12889463E+001
 -0.51989829E-001  0.47352823E-002  0.44185659E+000  0.12889762E+001
 -0.51989383E-001  0.47354197E-002  0.44186328E+000  0.12890029E+001
 -0.51988965E-001  0.47355369E-002  0.44186915E+000  0.12890268E+001
 -0.51988573E-001  0.47356367E-002  0.44187431E+000  0.12890484E+001
 -0.51988203E-001  0.47357216E-002  0.44187885E+000  0.12890680E+001
 -0.51987853E-001  0.47357942E-002  0.44188289E+000  0.12890858E+001
 -0.51987521E-001  0.47358565E-002  0.44188649E+000  0.12891022E+001
 -0.51987204E-001  0.47359105E-002  0.44188974E+000  0.12891174E+001
 -0.51986903E-001  0.47359579E-002  0.44189270E+000  0.12891315E+001
 -0.51986614E-001  0.47359999E-002  0.44189541E+000  0.12891447E+001
 -0.51986339E-001  0.47360377E-002  0.44189792E+000  0.12891571E+001
 -0.51986076E-001  0.47360720E-002  0.44190026E+000  0.12891688E+001
 -0.51985824E-001  0.47361035E-002  0.44190245E+000  0.12891799E+001
 -0.51985584E-001  0.47361327E-002  0.44190450E+000  0.12891904E+001
 -0.51985355E-001  0.47361599E-002  0.44190644E+000  0.12892003E+001
 -0.51985137E-001  0.47361853E-002  0.44190826E+000  0.12892097E+001
 -0.51984930E-001  0.47362091E-002  0.44190998E+000  0.12892186E+001
 -0.51984735E-001  0.47362314E-002  0.44191160E+000  0.12892269E+001
 -0.51984551E-001  0.47362522E-002  0.44191311E+000  0.12892348E+001
 -0.51984378E-001  0.47362717E-002  0.44191452E+000  0.12892422E+001
 -0.51984216E-001  0.47362897E-002  0.44191584E+000  0.12892491E+001
 -0.51984065E-001  0.47363065E-002  0.44191706E+000  0.12892555E+001
 -0.51983924E-001  0.47363219E-002  0.44191818E+000  0.12892614E+001
 -0.51983794E-001  0.47363360E-002  0.44191921E+000  0.12892669E+001
 -0.51983674E-001  0.47363489E-002  0.44192015E+000  0.12892720E+001
 -0.51983563E-001  0.47363606E-002  0.44192100E+000  0.12892766E+001
 -0.51983462E-001  0.47363712E-002  0.44192177E+000  0.12892807E+001
 -0.51983370E-001  0.47363808E-002  0.44192245E+000  0.12892845E+001
 -0.51983286E-001  0.47363893E-002  0.44192306E+000  0.12892879E+001
 -0.51983211E-001  0.47363969E-002  0.44192359E+000  0.12892910E+001
 -0.51983142E-001  0.47364037E-002  0.44192406E+000  0.12892937E+001
 -0.51983081E-001  0.47364096E-002  0.44192446E+000  0.12892961E+001
 -0.51983026E-001  0.47364149E-002  0.44192481E+000  0.12892982E+001
 -0.51982977E-001  0.47364195E-002  0.44192510E+000  0.12893000E+001
 -0.51982933E-001  0.47364235E-002  0.44192534E+000  0.12893016E+001
 -0.51982895E-001  0.47364271E-002  0.44192554E+000  0.12893029E+001
 -0.51982861E-001  0.47364302E-002  0.44192570E+000  0.12893041E+001
 -0.51982830E-001  0.47364329E-002  0.44192582E+000  0.12893050E+001
 -0.51982804E-001  0.47364354E-002  0.44192591E+000  0.12893058E+001
 -0.51982781E-001  0.47364375E-002  0.44192598E+000  0.12893065E+001
 -0.51982761E-001  0.47364394E-002  0.44192602E+000  0.12893070E+001
 -0.51982743E-001  0.47364412E-002  0.44192604E+000  0.12893075E+001
 -0.51982728E-001  0.47364428E-002  0.44192604E+000  0.12893078E+001
 -0.51982714E-001  0.47364443E-002  0.44192603E+000  0.12893080E+001
 -0.51982703E-001  0.47364458E-002  0.44192600E+000  0.12893082E+001
 -0.51982692E-001  0.47364471E-002  0.44192597E+000  0.12893083E+001
 -0.51982683E-001  0.47364485E-002  0.44192593E+000  0.12893084E+001
 -0.51982676E-001  0.47364498E-002  0.44192588E+000  0.12893085E+001
 -0.51982668E-001  0.47364511E-002  0.44192583E+000  0.12893085E+001
 -0.51982662E-001  0.47364524E-002  0.44192578E+000  0.12893084E+001
 -0.51982656E-001  0.47364538E-002  0.44192573E+000  0.12893084E+001
 -0.51982651E-001  0.47364551E-002  0.44192567E+000  0.12893084E+001
 -0.51982646E-001  0.47364565E-002  0.44192562E+000  0.12893083E+001
 -0.51982642E-001  0.47364579E-002  0.44192557E+000  0.12893083E+001
 -0.51982637E-001  0.47364594E-002  0.44192552E+000  0.12893082E+001
 -0.51982633E-001  0.47364608E-002  0.44192548E+000  0.12893082E+001
 -0.51982629E-001  0.47364623E-002  0.44192544E+000  0.12893081E+001
 -0.51982625E-001  0.47364638E-002  0.44192540E+000  0.12893081E+001
 -0.51982621E-001  0.47364653E-002  0.44192537E+000  0.12893081E+001
 -0.51982617E-001  0.47364668E-002  0.44192534E+000  0.12893080E+001
 -0.51982613E-001  0.47364684E-002  0.44192532E+000  0.12893080E+001
 -0.51982609E-001  0.47364699E-002  0.44192530E+000  0.12893081E+001
 -0.51982605E-001  0.47364715E-002  0.44192528E+000  0.12893081E+001
 -0.51982601E-001  0.47364730E-002  0.44192527E+000  0.12893081E+001
 -0.51982597E-001  0.47364746E-002  0.44192527E+000  0.12893082E+001
 -0.51982592E-001  0.47364761E-002  0.44192526E+000  0.12893082E+001
 -0.51982588E-001  0.47364776E-002  0.44192527E+000  0.12893083E+001
 -0.51982583E-001  0.47364792E-002  0.44192527E+000  0.12893084E+001
 -0.51982579E-001  0.47364807E-002  0.44192528E+000  0.12893085E+001
 -0.51982574E-001  0.47364822E-002  0.44192530E+000  0.12893086E+001
 -0.51982569E-001  0.47364836E-002  0.44192531E+000  0.12893088E+001
 -0.51982564E-001  0.47364851E-002  0.44192533E+000  0.12893089E+001
 -0.51982559E-001  0.47364865E-002  0.44192536E+000  0.12893090E+001
 -0.51982554E-001  0.47364880E-002  0.44192538E+000  0.12893092E+001
 -0.51982549E-001  0.47364894E-002  0.44192541E+000  0.12893093E+001
 -0.51982544E-001  0.47364907E-002  0.44192544E+000  0.12893095E+001
 -0.51982539E-001  0.47364921E-002  0.44192548E+000  0.12893097E+001
 -0.51982533E-001  0.47364934E-002  0.44192551E+000  0.12893099E+001
 -0.51982528E-001  0.47364948E-002  0.44192555E+000  0.12893101E+001
 -0.51982523E-001  0.47364961E-002  0.44192559E+000  0.12893103E+001
 -0.51982517E-001  0.47364973E-002  0.44192563E+000  0.12893105E+001
 -0.51982512E-001  0.47364986E-002  0.44192567E+000  0.12893107E+001
 -0.51982507E-001  0.47364998E-002  0.44192571E+000  0.12893109E+001
 -0.51982501E-001  0.47365010E-002  0.44192575E+000  0.12893111E+001
 -0.51982496E-001  0.47365022E-002  0.44192580E+000  0.12893113E+001
 -0.51982491E-001  0.47365034E-002  0.44192584E+000  0.12893115E+001
 -0.51982485E-001  0.47365045E-002  0.44192589E+000  0.12893117E+001
 -0.51982480E-001  0.47365057E-002  0.44192593E+000  0.12893119E+001
 -0.51982475E-001  0.47365067E-002  0.44192598E+000  0.12893122E+001
 -0.51982470E-001  0.47365078E-002  0.44192602E+000  0.12893124E+001
 -0.51982465E-001  0.47365089E-002  0.44192607E+000  0.12893126E+001
 -0.51982460E-001  0.47365099E-002  0.44192611E+000  0.12893128E+001
 -0.51982455E-001  0.47365109E-002  0.44192616E+000  0.12893130E+001
 -0.51982451E-001  0.47365119E-002  0.44192620E+000  0.12893132E+001
 -0.51982446E-001  0.47365128E-002  0.44192625E+000  0.12893134E+001
 -0.51982442E-001  0.47365138E-002  0.44192629E+000  0.12893136E+001
 -0.51982437E-001  0.47365147E-002  0.44192633E+000  0.12893138E+001
 -0.51982433E-001  0.47365155E-002  0.44192637E+000  0.12893140E+001
 -0.51982429E-001  0.47365164E-002  0.44192641E+000  0.12893142E+001
 -0.51982425E-001  0.47365172E-002  0.44192645E+000  0.12893144E+001
 -0.51982421E-001  0.47365180E-002  0.44192649E+000  0.12893145E+001
 -0.51982418E-001  0.47365188E-002  0.44192653E+000  0.12893147E+001
 -0.51982414E-001  0.47365195E-002  0.44192656E+000  0.12893149E+001
 -0.51982411E-001  0.47365202E-002  0.44192660E+000  0.12893150E+001
 -0.51982408E-001  0.47365209E-002  0.44192663E+000  0.12893152E+001
 -0.51982405E-001  0.47365215E-002  0.44192666E+000  0.12893153E+001
 -0.51982402E-001  0.47365222E-002  0.44192669E+000  0.12893154E+001
 -0.51982400E-001  0.47365227E-002  0.44192672E+000  0.12893156E+001
 -0.51982397E-001  0.47365233E-002  0.44192675E+000  0.12893157E+001
 -0.51982395E-001  0.47365238E-002  0.44192678E+000  0.12893158E+001
 -0.51982393E-001  0.47365243E-002  0.44192680E+000  0.12893159E+001
 -0.51982391E-001  0.47365248E-002  0.44192682E+000  0.12893160E+001
 -0.51982389E-001  0.47365253E-002  0.44192685E+000  0.12893161E+001
 -0.51982387E-001  0.47365257E-002  0.44192687E+000  0.12893162E+001
 -0.51982386E-001  0.47365261E-002  0.44192689E+000  0.12893163E+001
 -0.51982384E-001  0.47365264E-002  0.44192690E+000  0.12893163E+001
 -0.51982383E-001  0.47365268E-002  0.44192692E+000  0.12893164E+001
 -0.51982382E-001  0.47365271E-002  0.44192693E+000  0.12893165E+001
 -0.51982381E-001  0.47365274E-002  0.44192695E+000  0.12893165E+001
 -0.51982380E-001  0.47365276E-002  0.44192696E+000  0.12893166E+001
 -0.51982380E-001  0.47365279E-002  0.44192697E+000  0.12893166E+001
 -0.51982379E-001  0.47365281E-002  0.44192698E+000  0.12893166E+001
 -0.51982379E-001  0.47365283E-002  0.44192699E+000  0.12893167E+001
 -0.51982378E-001  0.47365284E-002  0.44192699E+000  0.12893167E+001
 -0.51982378E-001  0.47365286E-002  0.44192700E+000  0.12893167E+001
 -0.51982378E-001  0.47365287E-002  0.44192701E+000  0.12893167E+001
 -0.51982378E-001  0.47365288E-002  0.44192701E+000  0.12893167E+001
 -0.51982378E-001  0.47365289E-002  0.44192701E+000  0.12893167E+001
 -0.51982379E-001  0.47365289E-002  0.44192701E+000  0.12893167E+001
 -0.51982379E-001  0.47365290E-002  0.44192701E+000  0.12893167E+001
 -0.51982379E-001  0.47365290E-002  0.44192702E+000  0.12893167E+001
 -0.51982380E-001  0.47365290E-002  0.44192701E+000  0.12893167E+001
 -0.51982380E-001  0.47365290E-002  0.44192701E+000  0.12893167E+001
 -0.51982381E-001  0.47365290E-002  0.44192701E+000  0.12893166E+001
 -0.51982381E-001  0.47365290E-002  0.44192701E+000  0.12893166E+001
 -0.51982382E-001  0.47365289E-002  0.44192700E+000  0.12893166E+001
 -0.51982382E-001  0.47365289E-002  0.44192700E+000  0.12893166E+001
 -0.51982383E-001  0.47365288E-002  0.44192700E+000  0.12893165E+001
 -0.51982384E-001  0.47365287E-002  0.44192699E+000  0.12893165E+001
 -0.51982385E-001  0.47365287E-002  0.44192699E+000  0.12893165E+001
 -0.51982385E-001  0.47365286E-002  0.44192698E+000  0.12893164E+001
 -0.51982386E-001  0.47365285E-002  0.44192697E+000  0.12893164E+001
 -0.51982387E-001  0.47365284E-002  0.44192697E+000  0.12893164E+001
 -0.51982388E-001  0.47365282E-002  0.44192696E+000  0.12893163E+001
 -0.51982388E-001  0.47365282E-002  0.44192696E+000  0.12893163E+001
 -0.51982387E-001  0.47365282E-002  0.44192696E+000  0.12893163E+001
 -0.51982389E-001  0.47365282E-002  0.44192696E+000  0.12893162E+001
