  0.43798579E+000
  0.43751336E+000
  0.43717011E+000
  0.43690639E+000
  0.43670245E+000
  0.43654670E+000
  0.43643068E+000
  0.43634764E+000
  0.43629198E+000
  0.43625899E+000
  0.43624472E+000
  0.43624587E+000
  0.43625967E+000
  0.43628381E+000
  0.43631636E+000
  0.43635568E+000
  0.43640043E+000
  0.43644947E+000
  0.43650185E+000
  0.43655678E+000
  0.43661359E+000
  0.43667171E+000
  0.43673065E+000
  0.43679001E+000
  0.43684943E+000
  0.43690860E+000
  0.43696724E+000
  0.43702511E+000
  0.43708200E+000
  0.43713771E+000
  0.43719207E+000
  0.43724491E+000
  0.43729608E+000
  0.43734545E+000
  0.43739290E+000
  0.43743832E+000
  0.43748161E+000
  0.43752270E+000
  0.43756151E+000
  0.43759801E+000
  0.43763216E+000
  0.43766396E+000
  0.43769341E+000
  0.43772054E+000
  0.43774540E+000
  0.43776806E+000
  0.43778861E+000
  0.43780716E+000
  0.43782382E+000
  0.43783874E+000
  0.43785204E+000
  0.43786388E+000
  0.43787441E+000
  0.43788377E+000
  0.43789210E+000
  0.43789954E+000
  0.43790621E+000
  0.43791222E+000
  0.43791768E+000
  0.43792266E+000
  0.43792725E+000
  0.43793150E+000
  0.43793546E+000
  0.43793917E+000
  0.43794267E+000
  0.43794597E+000
  0.43794909E+000
  0.43795204E+000
  0.43795484E+000
  0.43795748E+000
  0.43795996E+000
  0.43796230E+000
  0.43796449E+000
  0.43796654E+000
  0.43796844E+000
  0.43797020E+000
  0.43797182E+000
  0.43797331E+000
  0.43797467E+000
  0.43797590E+000
  0.43797702E+000
  0.43797801E+000
  0.43797890E+000
  0.43797970E+000
  0.43798039E+000
  0.43798100E+000
  0.43798153E+000
  0.43798198E+000
  0.43798237E+000
  0.43798270E+000
  0.43798297E+000
  0.43798319E+000
  0.43798338E+000
  0.43798352E+000
  0.43798363E+000
  0.43798371E+000
  0.43798377E+000
  0.43798381E+000
  0.43798383E+000
  0.43798384E+000
  0.43798384E+000
  0.43798383E+000
  0.43798381E+000
  0.43798379E+000
  0.43798376E+000
  0.43798374E+000
  0.43798371E+000
  0.43798369E+000
  0.43798366E+000
  0.43798364E+000
  0.43798363E+000
  0.43798361E+000
  0.43798360E+000
  0.43798360E+000
  0.43798360E+000
  0.43798360E+000
  0.43798360E+000
  0.43798362E+000
  0.43798363E+000
  0.43798365E+000
  0.43798367E+000
  0.43798370E+000
  0.43798373E+000
  0.43798377E+000
  0.43798381E+000
  0.43798385E+000
  0.43798389E+000
  0.43798394E+000
  0.43798399E+000
  0.43798404E+000
  0.43798409E+000
  0.43798415E+000
  0.43798421E+000
  0.43798427E+000
  0.43798433E+000
  0.43798439E+000
  0.43798445E+000
  0.43798452E+000
  0.43798458E+000
  0.43798464E+000
  0.43798471E+000
  0.43798477E+000
  0.43798484E+000
  0.43798490E+000
  0.43798496E+000
  0.43798503E+000
  0.43798509E+000
  0.43798515E+000
  0.43798521E+000
  0.43798527E+000
  0.43798533E+000
  0.43798538E+000
  0.43798543E+000
  0.43798549E+000
  0.43798554E+000
  0.43798559E+000
  0.43798563E+000
  0.43798568E+000
  0.43798572E+000
  0.43798576E+000
  0.43798580E+000
  0.43798584E+000
  0.43798587E+000
  0.43798591E+000
  0.43798594E+000
  0.43798597E+000
  0.43798599E+000
  0.43798602E+000
  0.43798604E+000
  0.43798606E+000
  0.43798608E+000
  0.43798609E+000
  0.43798611E+000
  0.43798612E+000
  0.43798613E+000
  0.43798614E+000
  0.43798614E+000
  0.43798615E+000
  0.43798615E+000
  0.43798616E+000
  0.43798616E+000
  0.43798616E+000
  0.43798615E+000
  0.43798615E+000
  0.43798615E+000
  0.43798614E+000
  0.43798614E+000
  0.43798613E+000
  0.43798612E+000
  0.43798612E+000
  0.43798611E+000
  0.43798610E+000
  0.43798609E+000
  0.43798608E+000
  0.43798607E+000
  0.43798606E+000
  0.43798605E+000
  0.43798604E+000
  0.43798603E+000
  0.43798601E+000
