  0.12929451E+001
  0.12926785E+001
  0.12925605E+001
  0.12924805E+001
  0.12924187E+001
  0.12923691E+001
  0.12923291E+001
  0.12922969E+001
  0.12922712E+001
  0.12922509E+001
  0.12922351E+001
  0.12922229E+001
  0.12922139E+001
  0.12922074E+001
  0.12922030E+001
  0.12922004E+001
  0.12921992E+001
  0.12921992E+001
  0.12922002E+001
  0.12922020E+001
  0.12922045E+001
  0.12922075E+001
  0.12922109E+001
  0.12922147E+001
  0.12922187E+001
  0.12922229E+001
  0.12922273E+001
  0.12922318E+001
  0.12922363E+001
  0.12922408E+001
  0.12922454E+001
  0.12922499E+001
  0.12922543E+001
  0.12922587E+001
  0.12922629E+001
  0.12922671E+001
  0.12922711E+001
  0.12922749E+001
  0.12922786E+001
  0.12922821E+001
  0.12922854E+001
  0.12922885E+001
  0.12922914E+001
  0.12922941E+001
  0.12922966E+001
  0.12922989E+001
  0.12923009E+001
  0.12923028E+001
  0.12923045E+001
  0.12923060E+001
  0.12923073E+001
  0.12923084E+001
  0.12923094E+001
  0.12923103E+001
  0.12923110E+001
  0.12923117E+001
  0.12923122E+001
  0.12923127E+001
  0.12923131E+001
  0.12923135E+001
  0.12923138E+001
  0.12923141E+001
  0.12923143E+001
  0.12923146E+001
  0.12923148E+001
  0.12923150E+001
  0.12923152E+001
  0.12923153E+001
  0.12923155E+001
  0.12923156E+001
  0.12923158E+001
  0.12923159E+001
  0.12923161E+001
  0.12923162E+001
  0.12923163E+001
  0.12923165E+001
  0.12923166E+001
  0.12923167E+001
  0.12923168E+001
  0.12923169E+001
  0.12923169E+001
  0.12923170E+001
  0.12923171E+001
  0.12923172E+001
  0.12923172E+001
  0.12923173E+001
  0.12923173E+001
  0.12923174E+001
  0.12923174E+001
  0.12923175E+001
  0.12923175E+001
  0.12923176E+001
  0.12923176E+001
  0.12923176E+001
  0.12923176E+001
  0.12923177E+001
  0.12923177E+001
  0.12923177E+001
  0.12923177E+001
  0.12923178E+001
  0.12923178E+001
  0.12923178E+001
  0.12923178E+001
  0.12923178E+001
  0.12923178E+001
  0.12923179E+001
  0.12923179E+001
  0.12923179E+001
  0.12923179E+001
  0.12923179E+001
  0.12923179E+001
  0.12923179E+001
  0.12923179E+001
  0.12923180E+001
  0.12923180E+001
  0.12923180E+001
  0.12923180E+001
  0.12923180E+001
  0.12923180E+001
  0.12923180E+001
  0.12923180E+001
  0.12923180E+001
  0.12923181E+001
  0.12923181E+001
  0.12923181E+001
  0.12923181E+001
  0.12923181E+001
  0.12923181E+001
  0.12923181E+001
  0.12923181E+001
  0.12923181E+001
  0.12923181E+001
  0.12923182E+001
  0.12923182E+001
  0.12923182E+001
  0.12923182E+001
  0.12923182E+001
  0.12923182E+001
  0.12923182E+001
  0.12923182E+001
  0.12923182E+001
  0.12923183E+001
  0.12923183E+001
  0.12923183E+001
  0.12923183E+001
  0.12923183E+001
  0.12923183E+001
  0.12923183E+001
  0.12923184E+001
  0.12923184E+001
  0.12923184E+001
  0.12923184E+001
  0.12923184E+001
  0.12923184E+001
  0.12923185E+001
  0.12923185E+001
  0.12923185E+001
  0.12923185E+001
  0.12923185E+001
  0.12923186E+001
  0.12923186E+001
  0.12923186E+001
  0.12923186E+001
  0.12923186E+001
  0.12923187E+001
  0.12923187E+001
  0.12923187E+001
  0.12923187E+001
  0.12923188E+001
  0.12923188E+001
  0.12923188E+001
  0.12923188E+001
  0.12923189E+001
  0.12923189E+001
  0.12923189E+001
  0.12923189E+001
  0.12923190E+001
  0.12923190E+001
  0.12923190E+001
  0.12923191E+001
  0.12923191E+001
  0.12923191E+001
  0.12923191E+001
  0.12923192E+001
  0.12923192E+001
  0.12923192E+001
  0.12923193E+001
  0.12923193E+001
  0.12923193E+001
  0.12923193E+001
  0.12923194E+001
  0.12923194E+001
  0.12923194E+001
  0.12923195E+001
  0.12923195E+001
  0.12923195E+001
  0.12923195E+001
  0.12923196E+001
  0.12923196E+001
  0.12923196E+001
