  0.30467488E+001
  0.30935395E+001
  0.30922282E+001
  0.30864325E+001
  0.30808678E+001
  0.30760053E+001
  0.30718233E+001
  0.30682768E+001
  0.30652712E+001
  0.30627007E+001
  0.30605006E+001
  0.30586153E+001
  0.30569964E+001
  0.30556057E+001
  0.30544100E+001
  0.30533808E+001
  0.30524938E+001
  0.30517281E+001
  0.30510661E+001
  0.30504926E+001
  0.30499948E+001
  0.30495616E+001
  0.30491835E+001
  0.30488526E+001
  0.30485620E+001
  0.30483057E+001
  0.30480787E+001
  0.30478767E+001
  0.30476960E+001
  0.30475335E+001
  0.30473864E+001
  0.30472525E+001
  0.30471300E+001
  0.30470170E+001
  0.30469125E+001
  0.30468151E+001
  0.30467241E+001
  0.30466388E+001
  0.30465585E+001
  0.30464829E+001
  0.30464115E+001
  0.30463443E+001
  0.30462809E+001
  0.30462213E+001
  0.30461652E+001
  0.30461127E+001
  0.30460635E+001
  0.30460175E+001
  0.30459747E+001
  0.30459349E+001
  0.30458978E+001
  0.30458633E+001
  0.30458312E+001
  0.30458013E+001
  0.30457734E+001
  0.30457472E+001
  0.30457227E+001
  0.30456996E+001
  0.30456777E+001
  0.30456570E+001
  0.30456373E+001
  0.30456186E+001
  0.30456006E+001
  0.30455835E+001
  0.30455671E+001
  0.30455515E+001
  0.30455365E+001
  0.30455223E+001
  0.30455087E+001
  0.30454959E+001
  0.30454838E+001
  0.30454724E+001
  0.30454617E+001
  0.30454516E+001
  0.30454423E+001
  0.30454337E+001
  0.30454257E+001
  0.30454184E+001
  0.30454117E+001
  0.30454056E+001
  0.30454000E+001
  0.30453950E+001
  0.30453905E+001
  0.30453865E+001
  0.30453829E+001
  0.30453797E+001
  0.30453769E+001
  0.30453745E+001
  0.30453723E+001
  0.30453705E+001
  0.30453688E+001
  0.30453674E+001
  0.30453663E+001
  0.30453652E+001
  0.30453644E+001
  0.30453636E+001
  0.30453630E+001
  0.30453625E+001
  0.30453620E+001
  0.30453616E+001
  0.30453613E+001
  0.30453610E+001
  0.30453607E+001
  0.30453605E+001
  0.30453603E+001
  0.30453600E+001
  0.30453598E+001
  0.30453596E+001
  0.30453594E+001
  0.30453592E+001
  0.30453589E+001
  0.30453587E+001
  0.30453584E+001
  0.30453582E+001
  0.30453579E+001
  0.30453576E+001
  0.30453573E+001
  0.30453569E+001
  0.30453566E+001
  0.30453562E+001
  0.30453559E+001
  0.30453555E+001
  0.30453551E+001
  0.30453547E+001
  0.30453543E+001
  0.30453539E+001
  0.30453535E+001
  0.30453531E+001
  0.30453526E+001
  0.30453522E+001
  0.30453518E+001
  0.30453513E+001
  0.30453509E+001
  0.30453505E+001
  0.30453500E+001
  0.30453496E+001
  0.30453492E+001
  0.30453487E+001
  0.30453483E+001
  0.30453479E+001
  0.30453475E+001
  0.30453471E+001
  0.30453467E+001
  0.30453463E+001
  0.30453459E+001
  0.30453456E+001
  0.30453452E+001
  0.30453449E+001
  0.30453446E+001
  0.30453442E+001
  0.30453439E+001
  0.30453436E+001
  0.30453434E+001
  0.30453431E+001
  0.30453428E+001
  0.30453426E+001
  0.30453424E+001
  0.30453422E+001
  0.30453420E+001
  0.30453418E+001
  0.30453416E+001
  0.30453414E+001
  0.30453413E+001
  0.30453412E+001
  0.30453411E+001
  0.30453410E+001
  0.30453409E+001
  0.30453408E+001
  0.30453408E+001
  0.30453407E+001
  0.30453407E+001
  0.30453407E+001
  0.30453406E+001
  0.30453406E+001
  0.30453407E+001
  0.30453407E+001
  0.30453407E+001
  0.30453407E+001
  0.30453408E+001
  0.30453409E+001
  0.30453409E+001
  0.30453410E+001
  0.30453411E+001
  0.30453411E+001
  0.30453412E+001
  0.30453413E+001
  0.30453414E+001
  0.30453415E+001
  0.30453416E+001
  0.30453417E+001
  0.30453419E+001
  0.30453420E+001
  0.30453421E+001
  0.30453422E+001
  0.30453423E+001
  0.30453424E+001
  0.30453426E+001
  0.30453426E+001
  0.30453426E+001
  0.30453427E+001
