  0.69745017E+000  0.89137475E+000  0.10018843E+001  0.25810717E+001
  0.69723368E+000  0.89131250E+000  0.10017159E+001  0.25804523E+001
  0.69698149E+000  0.89128450E+000  0.10017664E+001  0.25802101E+001
  0.69678182E+000  0.89134853E+000  0.10015847E+001  0.25802074E+001
  0.69663603E+000  0.89118774E+000  0.10017472E+001  0.25801039E+001
  0.69613417E+000  0.89149662E+000  0.10018209E+001  0.25800250E+001
  0.69597950E+000  0.89157412E+000  0.10017940E+001  0.25799692E+001
  0.69563503E+000  0.89164212E+000  0.10019929E+001  0.25799180E+001
  0.69530987E+000  0.89191608E+000  0.10019147E+001  0.25799446E+001
  0.69523201E+000  0.89195198E+000  0.10018981E+001  0.25799219E+001
  0.69497241E+000  0.89217816E+000  0.10018916E+001  0.25798984E+001
  0.69494157E+000  0.89218289E+000  0.10018869E+001  0.25798806E+001
  0.69492675E+000  0.89217838E+000  0.10018832E+001  0.25798675E+001
  0.69491566E+000  0.89217385E+000  0.10018822E+001  0.25798581E+001
  0.69490844E+000  0.89217129E+000  0.10018809E+001  0.25798517E+001
  0.69464947E+000  0.89242338E+000  0.10018807E+001  0.25798483E+001
  0.69464898E+000  0.89242120E+000  0.10018806E+001  0.25798464E+001
  0.69465079E+000  0.89241286E+000  0.10018875E+001  0.25798461E+001
  0.69465453E+000  0.89241130E+000  0.10018871E+001  0.25798483E+001
  0.69465931E+000  0.89236668E+000  0.10019322E+001  0.25798503E+001
  0.69466601E+000  0.89236558E+000  0.10019250E+001  0.25798617E+001
  0.69467384E+000  0.89236463E+000  0.10019266E+001  0.25798652E+001
  0.69468260E+000  0.89236382E+000  0.10019284E+001  0.25798692E+001
  0.69469210E+000  0.89236315E+000  0.10019302E+001  0.25798735E+001
  0.69470219E+000  0.89236259E+000  0.10019322E+001  0.25798781E+001
  0.69471275E+000  0.89236212E+000  0.10019342E+001  0.25798829E+001
  0.69472364E+000  0.89236173E+000  0.10019362E+001  0.25798879E+001
  0.69473478E+000  0.89236143E+000  0.10019383E+001  0.25798929E+001
  0.69474604E+000  0.89236121E+000  0.10019403E+001  0.25798979E+001
  0.69475736E+000  0.89236106E+000  0.10019423E+001  0.25799029E+001
  0.69476865E+000  0.89236097E+000  0.10019443E+001  0.25799078E+001
  0.69477983E+000  0.89236096E+000  0.10019463E+001  0.25799127E+001
  0.69479084E+000  0.89236100E+000  0.10019483E+001  0.25799174E+001
  0.69480162E+000  0.89236111E+000  0.10019502E+001  0.25799221E+001
  0.69481211E+000  0.89236128E+000  0.10019521E+001  0.25799266E+001
  0.69482227E+000  0.89236151E+000  0.10019539E+001  0.25799309E+001
  0.69483203E+000  0.89236179E+000  0.10019556E+001  0.25799352E+001
  0.69484137E+000  0.89236212E+000  0.10019573E+001  0.25799392E+001
  0.69485024E+000  0.89236249E+000  0.10019589E+001  0.25799430E+001
  0.69485863E+000  0.89236290E+000  0.10019605E+001  0.25799466E+001
  0.69486650E+000  0.89236335E+000  0.10019620E+001  0.25799501E+001
  0.69487384E+000  0.89236381E+000  0.10019634E+001  0.25799533E+001
  0.69488064E+000  0.89236429E+000  0.10019647E+001  0.25799563E+001
  0.69488689E+000  0.89236479E+000  0.10019660E+001  0.25799591E+001
  0.69489260E+000  0.89236528E+000  0.10019671E+001  0.25799617E+001
  0.69489779E+000  0.89236576E+000  0.10019682E+001  0.25799641E+001
  0.69490246E+000  0.89236623E+000  0.10019692E+001  0.25799662E+001
  0.69490663E+000  0.89236668E+000  0.10019701E+001  0.25799682E+001
  0.69491034E+000  0.89236710E+000  0.10019709E+001  0.25799699E+001
  0.69491362E+000  0.89236749E+000  0.10019716E+001  0.25799715E+001
  0.69491650E+000  0.89236784E+000  0.10019722E+001  0.25799729E+001
  0.69491901E+000  0.89236816E+000  0.10019728E+001  0.25799740E+001
  0.69492120E+000  0.89236845E+000  0.10019733E+001  0.25799751E+001
  0.69492309E+000  0.89236869E+000  0.10019737E+001  0.25799759E+001
  0.69492474E+000  0.89236890E+000  0.10019741E+001  0.25799767E+001
  0.69492617E+000  0.89236908E+000  0.10019745E+001  0.25799773E+001
  0.69492741E+000  0.89236922E+000  0.10019748E+001  0.25799778E+001
  0.69492850E+000  0.89236934E+000  0.10019750E+001  0.25799783E+001
  0.69492946E+000  0.89236943E+000  0.10019753E+001  0.25799786E+001
  0.69493032E+000  0.89236950E+000  0.10019755E+001  0.25799789E+001
  0.69493108E+000  0.89236956E+000  0.10019757E+001  0.25799792E+001
  0.69493178E+000  0.89236960E+000  0.10019758E+001  0.25799794E+001
  0.69493242E+000  0.89236962E+000  0.10019760E+001  0.25799796E+001
  0.69493301E+000  0.89236964E+000  0.10019762E+001  0.25799797E+001
  0.69493357E+000  0.89236965E+000  0.10019763E+001  0.25799799E+001
  0.69493409E+000  0.89236966E+000  0.10019764E+001  0.25799800E+001
  0.69493458E+000  0.89236966E+000  0.10019766E+001  0.25799801E+001
  0.69493504E+000  0.89236966E+000  0.10019767E+001  0.25799802E+001
  0.69493549E+000  0.89236966E+000  0.10019768E+001  0.25799803E+001
  0.69493591E+000  0.89236966E+000  0.10019769E+001  0.25799804E+001
  0.69493630E+000  0.89236966E+000  0.10019771E+001  0.25799805E+001
  0.69493668E+000  0.89236966E+000  0.10019772E+001  0.25799806E+001
  0.69493703E+000  0.89236966E+000  0.10019773E+001  0.25799806E+001
  0.69493737E+000  0.89236966E+000  0.10019774E+001  0.25799807E+001
  0.69493768E+000  0.89236966E+000  0.10019775E+001  0.25799808E+001
  0.69493798E+000  0.89236966E+000  0.10019776E+001  0.25799809E+001
  0.69493825E+000  0.89236966E+000  0.10019777E+001  0.25799809E+001
  0.69493850E+000  0.89236966E+000  0.10019778E+001  0.25799810E+001
  0.69493873E+000  0.89236967E+000  0.10019779E+001  0.25799810E+001
  0.69493894E+000  0.89236967E+000  0.10019780E+001  0.25799811E+001
  0.69493914E+000  0.89236968E+000  0.10019781E+001  0.25799811E+001
  0.69493932E+000  0.89236968E+000  0.10019782E+001  0.25799812E+001
  0.69493948E+000  0.89236969E+000  0.10019783E+001  0.25799812E+001
  0.69493962E+000  0.89236969E+000  0.10018989E+001  0.25800608E+001
  0.69493975E+000  0.89236970E+000  0.10018990E+001  0.25800608E+001
  0.69493986E+000  0.89236970E+000  0.10018991E+001  0.25800608E+001
  0.69493997E+000  0.89236971E+000  0.10018992E+001  0.25800608E+001
  0.69494006E+000  0.89236972E+000  0.10018992E+001  0.25800609E+001
  0.69494014E+000  0.89236973E+000  0.10018993E+001  0.25800609E+001
  0.69494020E+000  0.89236973E+000  0.10018994E+001  0.25800609E+001
  0.69494026E+000  0.89236974E+000  0.10018995E+001  0.25800609E+001
  0.69494032E+000  0.89236975E+000  0.10018995E+001  0.25800609E+001
  0.69494036E+000  0.89236976E+000  0.10018996E+001  0.25800609E+001
  0.69494040E+000  0.89236976E+000  0.10018997E+001  0.25800609E+001
  0.69494043E+000  0.89236977E+000  0.10018997E+001  0.25800609E+001
  0.69494046E+000  0.89236978E+000  0.10018998E+001  0.25800609E+001
  0.69494048E+000  0.89236979E+000  0.10018999E+001  0.25800609E+001
  0.69494050E+000  0.89236979E+000  0.10018999E+001  0.25800609E+001
  0.69494052E+000  0.89236980E+000  0.10019000E+001  0.25800609E+001
  0.69494053E+000  0.89236981E+000  0.10019001E+001  0.25800609E+001
  0.69494054E+000  0.89236981E+000  0.10019001E+001  0.25800609E+001
  0.69494055E+000  0.89236982E+000  0.10019002E+001  0.25800609E+001
  0.69494056E+000  0.89236983E+000  0.10019002E+001  0.25800609E+001
  0.69494057E+000  0.89236983E+000  0.10019003E+001  0.25800609E+001
  0.69494057E+000  0.89236984E+000  0.10019004E+001  0.25800609E+001
  0.69494058E+000  0.89236985E+000  0.10019004E+001  0.25800609E+001
  0.69494058E+000  0.89236985E+000  0.10019005E+001  0.25800609E+001
  0.69494059E+000  0.89236986E+000  0.10019005E+001  0.25800609E+001
  0.69494059E+000  0.89236986E+000  0.10019006E+001  0.25800609E+001
  0.69494060E+000  0.89236987E+000  0.10019006E+001  0.25800608E+001
  0.69494061E+000  0.89236987E+000  0.10019007E+001  0.25800608E+001
  0.69494061E+000  0.89236988E+000  0.10019007E+001  0.25800608E+001
  0.69494062E+000  0.89236988E+000  0.10019008E+001  0.25800608E+001
  0.69494062E+000  0.89236989E+000  0.10019008E+001  0.25800608E+001
  0.69494063E+000  0.89236989E+000  0.10019009E+001  0.25800608E+001
  0.69494064E+000  0.89236990E+000  0.10019009E+001  0.25800608E+001
  0.69494065E+000  0.89236990E+000  0.10019010E+001  0.25800608E+001
  0.69494065E+000  0.89236991E+000  0.10019010E+001  0.25800607E+001
  0.69494066E+000  0.89236991E+000  0.10019011E+001  0.25800607E+001
  0.69494067E+000  0.89236991E+000  0.10019011E+001  0.25800607E+001
  0.69494068E+000  0.89236992E+000  0.10019012E+001  0.25800607E+001
  0.69494069E+000  0.89236992E+000  0.10019012E+001  0.25800607E+001
  0.69494070E+000  0.89236992E+000  0.10019012E+001  0.25800607E+001
  0.69494071E+000  0.89236992E+000  0.10019013E+001  0.25800607E+001
  0.69494072E+000  0.89236993E+000  0.10019013E+001  0.25800607E+001
  0.69494074E+000  0.89236993E+000  0.10019013E+001  0.25800607E+001
  0.69494075E+000  0.89236993E+000  0.10019014E+001  0.25800606E+001
  0.69494076E+000  0.89236993E+000  0.10019014E+001  0.25800606E+001
  0.69494077E+000  0.89236993E+000  0.10019014E+001  0.25800606E+001
  0.69494078E+000  0.89236994E+000  0.10019015E+001  0.25800606E+001
  0.69494080E+000  0.89236994E+000  0.10019015E+001  0.25800606E+001
  0.69494081E+000  0.89236994E+000  0.10019015E+001  0.25800606E+001
  0.69494082E+000  0.89236994E+000  0.10019016E+001  0.25800606E+001
  0.69494083E+000  0.89236994E+000  0.10019016E+001  0.25800606E+001
  0.69494085E+000  0.89236994E+000  0.10019016E+001  0.25800606E+001
  0.69494086E+000  0.89236994E+000  0.10019016E+001  0.25800606E+001
  0.69494087E+000  0.89236994E+000  0.10019017E+001  0.25800606E+001
  0.69494089E+000  0.89236994E+000  0.10019017E+001  0.25800606E+001
  0.69494090E+000  0.89236995E+000  0.10019017E+001  0.25800607E+001
  0.69494091E+000  0.89236995E+000  0.10019017E+001  0.25800607E+001
  0.69494092E+000  0.89236995E+000  0.10019018E+001  0.25800607E+001
  0.69494094E+000  0.89236995E+000  0.10019018E+001  0.25800607E+001
  0.69494095E+000  0.89236995E+000  0.10019018E+001  0.25800607E+001
  0.69494096E+000  0.89236995E+000  0.10019018E+001  0.25800607E+001
  0.69494097E+000  0.89236995E+000  0.10019018E+001  0.25800608E+001
  0.69494098E+000  0.89236995E+000  0.10019018E+001  0.25800608E+001
  0.69494100E+000  0.89236995E+000  0.10019019E+001  0.25800608E+001
  0.69494101E+000  0.89236995E+000  0.10019019E+001  0.25800608E+001
  0.69494102E+000  0.89236995E+000  0.10019019E+001  0.25800609E+001
  0.69494103E+000  0.89236995E+000  0.10019019E+001  0.25800609E+001
  0.69494104E+000  0.89236995E+000  0.10019019E+001  0.25800610E+001
  0.69494105E+000  0.89236995E+000  0.10019019E+001  0.25800610E+001
  0.69494106E+000  0.89236995E+000  0.10019019E+001  0.25800611E+001
  0.69494107E+000  0.89236995E+000  0.10019019E+001  0.25800611E+001
  0.69494108E+000  0.89236995E+000  0.10019020E+001  0.25800612E+001
  0.69494109E+000  0.89236995E+000  0.10019020E+001  0.25800612E+001
  0.69494109E+000  0.89236995E+000  0.10019020E+001  0.25800613E+001
  0.69494110E+000  0.89236995E+000  0.10019020E+001  0.25800613E+001
  0.69494111E+000  0.89236995E+000  0.10019020E+001  0.25800614E+001
  0.69494112E+000  0.89236995E+000  0.10019020E+001  0.25800615E+001
  0.69494112E+000  0.89236995E+000  0.10019020E+001  0.25800615E+001
  0.69494113E+000  0.89236995E+000  0.10019020E+001  0.25800616E+001
  0.69494114E+000  0.89236995E+000  0.10019020E+001  0.25800617E+001
  0.69494114E+000  0.89236995E+000  0.10019020E+001  0.25800618E+001
  0.69494115E+000  0.89236995E+000  0.10019020E+001  0.25800618E+001
  0.69494115E+000  0.89236995E+000  0.10019020E+001  0.25800619E+001
  0.69494116E+000  0.89236995E+000  0.10019020E+001  0.25800620E+001
  0.69494116E+000  0.89236995E+000  0.10019020E+001  0.25800621E+001
  0.69494117E+000  0.89236995E+000  0.10019020E+001  0.25800622E+001
  0.69494117E+000  0.89236995E+000  0.10019021E+001  0.25800623E+001
  0.69494118E+000  0.89236995E+000  0.10019021E+001  0.25800624E+001
  0.69494118E+000  0.89236995E+000  0.10019021E+001  0.25800625E+001
  0.69494118E+000  0.89236995E+000  0.10019021E+001  0.25800626E+001
  0.69494119E+000  0.89236995E+000  0.10019021E+001  0.25800627E+001
  0.69494119E+000  0.89236995E+000  0.10019021E+001  0.25800628E+001
  0.69494119E+000  0.89236995E+000  0.10019021E+001  0.25800629E+001
  0.69494119E+000  0.89236995E+000  0.10019021E+001  0.25800630E+001
  0.69494119E+000  0.89236995E+000  0.10019021E+001  0.25800631E+001
  0.69494120E+000  0.89236995E+000  0.10019021E+001  0.25800632E+001
  0.69494120E+000  0.89236995E+000  0.10019021E+001  0.25800633E+001
  0.69494120E+000  0.89236995E+000  0.10019021E+001  0.25800634E+001
  0.69494120E+000  0.89236995E+000  0.10019021E+001  0.25800635E+001
  0.69494120E+000  0.89236995E+000  0.10019021E+001  0.25800637E+001
  0.69494120E+000  0.89236995E+000  0.10019021E+001  0.25800638E+001
  0.69494120E+000  0.89236995E+000  0.10019021E+001  0.25800639E+001
  0.69494120E+000  0.89236995E+000  0.10019021E+001  0.25800640E+001
  0.69494120E+000  0.89236995E+000  0.10019021E+001  0.25800641E+001
  0.69494120E+000  0.89236995E+000  0.10019021E+001  0.25800642E+001
  0.69494120E+000  0.89236995E+000  0.10019021E+001  0.25800643E+001
  0.69494120E+000  0.89236996E+000  0.10019021E+001  0.25800644E+001
  0.69494120E+000  0.89236996E+000  0.10019021E+001  0.25800646E+001
  0.69494120E+000  0.89236996E+000  0.10019021E+001  0.25800647E+001
  0.69494120E+000  0.89236996E+000  0.10019021E+001  0.25800648E+001
  0.69494120E+000  0.89236996E+000  0.10019021E+001  0.25800649E+001
  0.69494119E+000  0.89236996E+000  0.10019021E+001  0.25800650E+001
  0.69494119E+000  0.89236996E+000  0.10019021E+001  0.25800651E+001
  0.69494119E+000  0.89236996E+000  0.10019021E+001  0.25800652E+001
  0.69494119E+000  0.89236996E+000  0.10019021E+001  0.25800653E+001
  0.69494119E+000  0.89236996E+000  0.10019021E+001  0.25800654E+001
  0.69494121E+000  0.89236996E+000  0.10019021E+001  0.25800656E+001
