 -0.37123870E+000
 -0.37199030E+000
 -0.37217701E+000
 -0.37223345E+000
 -0.37225268E+000
 -0.37225947E+000
 -0.37226132E+000
 -0.37226091E+000
 -0.37225923E+000
 -0.37225675E+000
 -0.37225379E+000
 -0.37225056E+000
 -0.37224718E+000
 -0.37224377E+000
 -0.37224037E+000
 -0.37223702E+000
 -0.37223376E+000
 -0.37223061E+000
 -0.37222759E+000
 -0.37222470E+000
 -0.37222196E+000
 -0.37221935E+000
 -0.37221687E+000
 -0.37221452E+000
 -0.37221229E+000
 -0.37221017E+000
 -0.37220817E+000
 -0.37220627E+000
 -0.37220448E+000
 -0.37220277E+000
 -0.37220116E+000
 -0.37219963E+000
 -0.37219817E+000
 -0.37219680E+000
 -0.37219550E+000
 -0.37219426E+000
 -0.37219310E+000
 -0.37219200E+000
 -0.37219096E+000
 -0.37218997E+000
 -0.37218905E+000
 -0.37218819E+000
 -0.37218738E+000
 -0.37218663E+000
 -0.37218593E+000
 -0.37218529E+000
 -0.37218471E+000
 -0.37218418E+000
 -0.37218369E+000
 -0.37218326E+000
 -0.37218288E+000
 -0.37218254E+000
 -0.37218225E+000
 -0.37218199E+000
 -0.37218177E+000
 -0.37218158E+000
 -0.37218142E+000
 -0.37218129E+000
 -0.37218118E+000
 -0.37218108E+000
 -0.37218101E+000
 -0.37218095E+000
 -0.37218089E+000
 -0.37218085E+000
 -0.37218082E+000
 -0.37218079E+000
 -0.37218077E+000
 -0.37218076E+000
 -0.37218075E+000
 -0.37218074E+000
 -0.37218073E+000
 -0.37218073E+000
 -0.37218073E+000
 -0.37218073E+000
 -0.37218074E+000
 -0.37218075E+000
 -0.37218076E+000
 -0.37218077E+000
 -0.37218079E+000
 -0.37218081E+000
 -0.37218083E+000
 -0.37218085E+000
 -0.37218088E+000
 -0.37218090E+000
 -0.37218093E+000
 -0.37218096E+000
 -0.37218100E+000
 -0.37218103E+000
 -0.37218106E+000
 -0.37218110E+000
 -0.37218114E+000
 -0.37218118E+000
 -0.37218122E+000
 -0.37218126E+000
 -0.37218130E+000
 -0.37218134E+000
 -0.37218138E+000
 -0.37218142E+000
 -0.37218146E+000
 -0.37218151E+000
 -0.37218155E+000
 -0.37218159E+000
 -0.37218163E+000
 -0.37218168E+000
 -0.37218172E+000
 -0.37218176E+000
 -0.37218180E+000
 -0.37218184E+000
 -0.37218188E+000
 -0.37218192E+000
 -0.37218196E+000
 -0.37218199E+000
 -0.37218203E+000
 -0.37218207E+000
 -0.37218210E+000
 -0.37218214E+000
 -0.37218217E+000
 -0.37218221E+000
 -0.37218224E+000
 -0.37218227E+000
 -0.37218230E+000
 -0.37218233E+000
 -0.37218236E+000
 -0.37218239E+000
 -0.37218242E+000
 -0.37218245E+000
 -0.37218247E+000
 -0.37218250E+000
 -0.37218252E+000
 -0.37218255E+000
 -0.37218257E+000
 -0.37218260E+000
 -0.37218262E+000
 -0.37218264E+000
 -0.37218266E+000
 -0.37218269E+000
 -0.37218271E+000
 -0.37218273E+000
 -0.37218275E+000
 -0.37218277E+000
 -0.37218280E+000
 -0.37218282E+000
 -0.37218284E+000
 -0.37218286E+000
 -0.37218288E+000
 -0.37218291E+000
 -0.37218293E+000
 -0.37218295E+000
 -0.37218297E+000
 -0.37218300E+000
 -0.37218302E+000
 -0.37218304E+000
 -0.37218307E+000
 -0.37218309E+000
 -0.37218312E+000
 -0.37218314E+000
 -0.37218317E+000
 -0.37218320E+000
 -0.37218322E+000
 -0.37218325E+000
 -0.37218328E+000
 -0.37218331E+000
 -0.37218334E+000
 -0.37218337E+000
 -0.37218340E+000
 -0.37218343E+000
 -0.37218346E+000
 -0.37218349E+000
 -0.37218352E+000
 -0.37218356E+000
 -0.37218359E+000
 -0.37218362E+000
 -0.37218366E+000
 -0.37218369E+000
 -0.37218372E+000
 -0.37218376E+000
 -0.37218379E+000
 -0.37218383E+000
 -0.37218386E+000
 -0.37218390E+000
 -0.37218394E+000
 -0.37218397E+000
 -0.37218401E+000
 -0.37218404E+000
 -0.37218408E+000
 -0.37218412E+000
 -0.37218415E+000
 -0.37218419E+000
 -0.37218422E+000
 -0.37218426E+000
 -0.37218429E+000
 -0.37218433E+000
 -0.37218437E+000
 -0.37218440E+000
 -0.37218443E+000
 -0.37218447E+000
 -0.37218450E+000
 -0.37218454E+000
 -0.37218457E+000
 -0.37218458E+000
