  0.96875359E+000
  0.96892850E+000
  0.96901800E+000
  0.96908409E+000
  0.96913659E+000
  0.96917882E+000
  0.96921276E+000
  0.96923994E+000
  0.96926159E+000
  0.96927867E+000
  0.96929201E+000
  0.96930229E+000
  0.96931003E+000
  0.96931571E+000
  0.96931969E+000
  0.96932226E+000
  0.96932369E+000
  0.96932419E+000
  0.96932392E+000
  0.96932302E+000
  0.96932161E+000
  0.96931980E+000
  0.96931766E+000
  0.96931525E+000
  0.96931264E+000
  0.96930988E+000
  0.96930700E+000
  0.96930404E+000
  0.96930102E+000
  0.96929798E+000
  0.96929493E+000
  0.96929189E+000
  0.96928889E+000
  0.96928593E+000
  0.96928304E+000
  0.96928022E+000
  0.96927748E+000
  0.96927484E+000
  0.96927231E+000
  0.96926989E+000
  0.96926760E+000
  0.96926544E+000
  0.96926342E+000
  0.96926154E+000
  0.96925980E+000
  0.96925821E+000
  0.96925676E+000
  0.96925545E+000
  0.96925428E+000
  0.96925324E+000
  0.96925232E+000
  0.96925152E+000
  0.96925083E+000
  0.96925023E+000
  0.96924972E+000
  0.96924928E+000
  0.96924891E+000
  0.96924859E+000
  0.96924832E+000
  0.96924808E+000
  0.96924788E+000
  0.96924770E+000
  0.96924754E+000
  0.96924740E+000
  0.96924726E+000
  0.96924714E+000
  0.96924703E+000
  0.96924692E+000
  0.96924681E+000
  0.96924671E+000
  0.96924662E+000
  0.96924652E+000
  0.96924643E+000
  0.96924635E+000
  0.96924627E+000
  0.96924619E+000
  0.96924611E+000
  0.96924604E+000
  0.96924597E+000
  0.96924590E+000
  0.96924584E+000
  0.96924578E+000
  0.96924573E+000
  0.96924568E+000
  0.96924563E+000
  0.96924558E+000
  0.96924554E+000
  0.96924549E+000
  0.96924545E+000
  0.96924542E+000
  0.96924538E+000
  0.96924535E+000
  0.96924532E+000
  0.96924529E+000
  0.96924526E+000
  0.96924523E+000
  0.96924520E+000
  0.96924518E+000
  0.96924515E+000
  0.96924513E+000
  0.96924510E+000
  0.96924508E+000
  0.96924506E+000
  0.96924503E+000
  0.96924501E+000
  0.96924499E+000
  0.96924497E+000
  0.96924495E+000
  0.96924493E+000
  0.96924491E+000
  0.96924489E+000
  0.96924487E+000
  0.96924485E+000
  0.96924483E+000
  0.96924481E+000
  0.96924479E+000
  0.96924478E+000
  0.96924476E+000
  0.96924474E+000
  0.96924472E+000
  0.96924471E+000
  0.96924469E+000
  0.96924467E+000
  0.96924466E+000
  0.96924464E+000
  0.96924463E+000
  0.96924461E+000
  0.96924460E+000
  0.96924458E+000
  0.96924457E+000
  0.96924456E+000
  0.96924454E+000
  0.96924453E+000
  0.96924452E+000
  0.96924451E+000
  0.96924449E+000
  0.96924448E+000
  0.96924447E+000
  0.96924446E+000
  0.96924445E+000
  0.96924444E+000
  0.96924443E+000
  0.96924442E+000
  0.96924441E+000
  0.96924440E+000
  0.96924439E+000
  0.96924439E+000
  0.96924438E+000
  0.96924437E+000
  0.96924436E+000
  0.96924435E+000
  0.96924435E+000
  0.96924434E+000
  0.96924433E+000
  0.96924433E+000
  0.96924432E+000
  0.96924431E+000
  0.96924431E+000
  0.96924430E+000
  0.96924430E+000
  0.96924429E+000
  0.96924429E+000
  0.96924428E+000
  0.96924428E+000
  0.96924427E+000
  0.96924427E+000
  0.96924426E+000
  0.96924426E+000
  0.96924426E+000
  0.96924425E+000
  0.96924425E+000
  0.96924425E+000
  0.96924424E+000
  0.96924424E+000
  0.96924424E+000
  0.96924423E+000
  0.96924423E+000
  0.96924423E+000
  0.96924423E+000
  0.96924422E+000
  0.96924422E+000
  0.96924422E+000
  0.96924422E+000
  0.96924421E+000
  0.96924421E+000
  0.96924421E+000
  0.96924421E+000
  0.96924421E+000
  0.96924420E+000
  0.96924420E+000
  0.96924420E+000
  0.96924420E+000
  0.96924420E+000
  0.96924420E+000
  0.96924420E+000
  0.96924419E+000
  0.96924419E+000
  0.96924419E+000
  0.96924419E+000
  0.96924417E+000
