  0.49264618E+000
  0.49272772E+000
  0.49276584E+000
  0.49279342E+000
  0.49281539E+000
  0.49283313E+000
  0.49284745E+000
  0.49285895E+000
  0.49286811E+000
  0.49287534E+000
  0.49288097E+000
  0.49288528E+000
  0.49288850E+000
  0.49289082E+000
  0.49289240E+000
  0.49289337E+000
  0.49289383E+000
  0.49289388E+000
  0.49289359E+000
  0.49289302E+000
  0.49289222E+000
  0.49289124E+000
  0.49289011E+000
  0.49288886E+000
  0.49288752E+000
  0.49288611E+000
  0.49288464E+000
  0.49288313E+000
  0.49288160E+000
  0.49288005E+000
  0.49287850E+000
  0.49287695E+000
  0.49287542E+000
  0.49287391E+000
  0.49287243E+000
  0.49287098E+000
  0.49286958E+000
  0.49286822E+000
  0.49286692E+000
  0.49286567E+000
  0.49286448E+000
  0.49286336E+000
  0.49286231E+000
  0.49286133E+000
  0.49286042E+000
  0.49285959E+000
  0.49285883E+000
  0.49285814E+000
  0.49285751E+000
  0.49285696E+000
  0.49285647E+000
  0.49285603E+000
  0.49285565E+000
  0.49285532E+000
  0.49285504E+000
  0.49285479E+000
  0.49285457E+000
  0.49285439E+000
  0.49285423E+000
  0.49285408E+000
  0.49285396E+000
  0.49285384E+000
  0.49285374E+000
  0.49285365E+000
  0.49285356E+000
  0.49285348E+000
  0.49285341E+000
  0.49285334E+000
  0.49285327E+000
  0.49285320E+000
  0.49285314E+000
  0.49285308E+000
  0.49285302E+000
  0.49285297E+000
  0.49285292E+000
  0.49285287E+000
  0.49285282E+000
  0.49285277E+000
  0.49285273E+000
  0.49285269E+000
  0.49285265E+000
  0.49285261E+000
  0.49285258E+000
  0.49285255E+000
  0.49285252E+000
  0.49285249E+000
  0.49285246E+000
  0.49285244E+000
  0.49285241E+000
  0.49285239E+000
  0.49285237E+000
  0.49285235E+000
  0.49285233E+000
  0.49285231E+000
  0.49285229E+000
  0.49285228E+000
  0.49285226E+000
  0.49285224E+000
  0.49285223E+000
  0.49285221E+000
  0.49285220E+000
  0.49285219E+000
  0.49285217E+000
  0.49285216E+000
  0.49285215E+000
  0.49285213E+000
  0.49285212E+000
  0.49285211E+000
  0.49285210E+000
  0.49285208E+000
  0.49285207E+000
  0.49285206E+000
  0.49285205E+000
  0.49285204E+000
  0.49285203E+000
  0.49285202E+000
  0.49285200E+000
  0.49285199E+000
  0.49285198E+000
  0.49285197E+000
  0.49285196E+000
  0.49285195E+000
  0.49285194E+000
  0.49285193E+000
  0.49285192E+000
  0.49285191E+000
  0.49285191E+000
  0.49285190E+000
  0.49285189E+000
  0.49285188E+000
  0.49285187E+000
  0.49285186E+000
  0.49285185E+000
  0.49285185E+000
  0.49285184E+000
  0.49285183E+000
  0.49285183E+000
  0.49285182E+000
  0.49285181E+000
  0.49285180E+000
  0.49285180E+000
  0.49285179E+000
  0.49285179E+000
  0.49285178E+000
  0.49285177E+000
  0.49285177E+000
  0.49285176E+000
  0.49285176E+000
  0.49285175E+000
  0.49285175E+000
  0.49285174E+000
  0.49285174E+000
  0.49285174E+000
  0.49285173E+000
  0.49285173E+000
  0.49285172E+000
  0.49285172E+000
  0.49285172E+000
  0.49285171E+000
  0.49285171E+000
  0.49285171E+000
  0.49285170E+000
  0.49285170E+000
  0.49285170E+000
  0.49285169E+000
  0.49285169E+000
  0.49285169E+000
  0.49285169E+000
  0.49285168E+000
  0.49285168E+000
  0.49285168E+000
  0.49285168E+000
  0.49285168E+000
  0.49285167E+000
  0.49285167E+000
  0.49285167E+000
  0.49285167E+000
  0.49285167E+000
  0.49285167E+000
  0.49285167E+000
  0.49285166E+000
  0.49285166E+000
  0.49285166E+000
  0.49285166E+000
  0.49285166E+000
  0.49285166E+000
  0.49285166E+000
  0.49285166E+000
  0.49285166E+000
  0.49285166E+000
  0.49285165E+000
  0.49285165E+000
  0.49285165E+000
  0.49285165E+000
  0.49285165E+000
  0.49285165E+000
  0.49285165E+000
  0.49285165E+000
  0.49285165E+000
  0.49285164E+000
