  0.57468547E+000  0.93981950E+000  0.10811437E+001  0.34457604E+001
  0.57486985E+000  0.93988642E+000  0.10813343E+001  0.34462686E+001
  0.57502249E+000  0.93993324E+000  0.10814073E+001  0.34465926E+001
  0.57515351E+000  0.93997162E+000  0.10814590E+001  0.34468484E+001
  0.57526558E+000  0.94000386E+000  0.10815008E+001  0.34470574E+001
  0.57536083E+000  0.94003096E+000  0.10815355E+001  0.34472295E+001
  0.57544155E+000  0.94005363E+000  0.10815641E+001  0.34473713E+001
  0.57550971E+000  0.94007256E+000  0.10815877E+001  0.34474882E+001
  0.57556710E+000  0.94008832E+000  0.10816069E+001  0.34475845E+001
  0.57561534E+000  0.94010141E+000  0.10816224E+001  0.34476637E+001
  0.57565580E+000  0.94011218E+000  0.10816350E+001  0.34477287E+001
  0.57568965E+000  0.94012100E+000  0.10816450E+001  0.34477819E+001
  0.57571789E+000  0.94012812E+000  0.10816530E+001  0.34478254E+001
  0.57574139E+000  0.94013380E+000  0.10816592E+001  0.34478607E+001
  0.57576083E+000  0.94013828E+000  0.10816639E+001  0.34478892E+001
  0.57577684E+000  0.94014172E+000  0.10816675E+001  0.34479120E+001
  0.57578989E+000  0.94014434E+000  0.10816701E+001  0.34479301E+001
  0.57580046E+000  0.94014621E+000  0.10816720E+001  0.34479443E+001
  0.57580891E+000  0.94014746E+000  0.10816731E+001  0.34479553E+001
  0.57581557E+000  0.94014818E+000  0.10816738E+001  0.34479635E+001
  0.57582070E+000  0.94014844E+000  0.10816739E+001  0.34479694E+001
  0.57582454E+000  0.94014833E+000  0.10816738E+001  0.34479735E+001
  0.57582728E+000  0.94014789E+000  0.10816733E+001  0.34479760E+001
  0.57582909E+000  0.94014718E+000  0.10816726E+001  0.34479772E+001
  0.57583012E+000  0.94014624E+000  0.10816717E+001  0.34479774E+001
  0.57583050E+000  0.94014510E+000  0.10816707E+001  0.34479766E+001
  0.57583033E+000  0.94014379E+000  0.10816696E+001  0.34479752E+001
  0.57582970E+000  0.94014235E+000  0.10816683E+001  0.34479732E+001
  0.57582870E+000  0.94014079E+000  0.10816670E+001  0.34479708E+001
  0.57582740E+000  0.94013913E+000  0.10816656E+001  0.34479680E+001
  0.57582586E+000  0.94013740E+000  0.10816642E+001  0.34479649E+001
  0.57582414E+000  0.94013562E+000  0.10816628E+001  0.34479616E+001
  0.57582229E+000  0.94013379E+000  0.10816614E+001  0.34479582E+001
  0.57582034E+000  0.94013193E+000  0.10816599E+001  0.34479548E+001
  0.57581833E+000  0.94013007E+000  0.10816585E+001  0.34479512E+001
  0.57581631E+000  0.94012820E+000  0.10816571E+001  0.34479477E+001
  0.57581429E+000  0.94012635E+000  0.10816557E+001  0.34479443E+001
  0.57581230E+000  0.94012453E+000  0.10816543E+001  0.34479408E+001
  0.57581037E+000  0.94012274E+000  0.10816530E+001  0.34479375E+001
  0.57580851E+000  0.94012101E+000  0.10816517E+001  0.34479343E+001
  0.57580673E+000  0.94011934E+000  0.10816504E+001  0.34479313E+001
  0.57580506E+000  0.94011775E+000  0.10816493E+001  0.34479284E+001
  0.57580349E+000  0.94011624E+000  0.10816481E+001  0.34479256E+001
  0.57580205E+000  0.94011481E+000  0.10816471E+001  0.34479231E+001
  0.57580073E+000  0.94011348E+000  0.10816461E+001  0.34479207E+001
  0.57579953E+000  0.94011225E+000  0.10816452E+001  0.34479186E+001
  0.57579846E+000  0.94011112E+000  0.10816444E+001  0.34479166E+001
  0.57579751E+000  0.94011010E+000  0.10816436E+001  0.34479149E+001
  0.57579668E+000  0.94010918E+000  0.10816429E+001  0.34479133E+001
  0.57579596E+000  0.94010836E+000  0.10816423E+001  0.34479120E+001
  0.57579535E+000  0.94010763E+000  0.10816418E+001  0.34479108E+001
  0.57579485E+000  0.94010700E+000  0.10816413E+001  0.34479098E+001
  0.57579443E+000  0.94010645E+000  0.10816409E+001  0.34479090E+001
  0.57579409E+000  0.94010597E+000  0.10816405E+001  0.34479084E+001
  0.57579383E+000  0.94010557E+000  0.10816402E+001  0.34479078E+001
  0.57579363E+000  0.94010522E+000  0.10816400E+001  0.34479074E+001
  0.57579348E+000  0.94010493E+000  0.10816398E+001  0.34479072E+001
  0.57579338E+000  0.94010468E+000  0.10816396E+001  0.34479070E+001
  0.57579331E+000  0.94010447E+000  0.10816395E+001  0.34479068E+001
  0.57579328E+000  0.94010429E+000  0.10816394E+001  0.34479068E+001
  0.57579326E+000  0.94010414E+000  0.10816393E+001  0.34479067E+001
  0.57579327E+000  0.94010400E+000  0.10816392E+001  0.34479068E+001
  0.57579329E+000  0.94010389E+000  0.10816392E+001  0.34479068E+001
  0.57579331E+000  0.94010378E+000  0.10816392E+001  0.34479069E+001
  0.57579335E+000  0.94010369E+000  0.10816391E+001  0.34479069E+001
  0.57579339E+000  0.94010361E+000  0.10816391E+001  0.34479070E+001
  0.57579343E+000  0.94010353E+000  0.10816391E+001  0.34479071E+001
  0.57579347E+000  0.94010346E+000  0.10816391E+001  0.34479072E+001
  0.57579352E+000  0.94010339E+000  0.10816391E+001  0.34479072E+001
  0.57579356E+000  0.94010333E+000  0.10816391E+001  0.34479073E+001
  0.57579360E+000  0.94010327E+000  0.10816392E+001  0.34479074E+001
  0.57579364E+000  0.94010321E+000  0.10816392E+001  0.34479074E+001
  0.57579368E+000  0.94010316E+000  0.10816392E+001  0.34479075E+001
  0.57579371E+000  0.94010312E+000  0.10816392E+001  0.34479075E+001
  0.57579375E+000  0.94010307E+000  0.10816393E+001  0.34479076E+001
  0.57579378E+000  0.94010303E+000  0.10816393E+001  0.34479076E+001
  0.57579381E+000  0.94010300E+000  0.10816393E+001  0.34479076E+001
  0.57579384E+000  0.94010296E+000  0.10816394E+001  0.34479076E+001
  0.57579387E+000  0.94010293E+000  0.10816394E+001  0.34479076E+001
  0.57579389E+000  0.94010291E+000  0.10816394E+001  0.34479076E+001
  0.57579392E+000  0.94010288E+000  0.10816395E+001  0.34479076E+001
  0.57579395E+000  0.94010287E+000  0.10816395E+001  0.34479076E+001
  0.57579397E+000  0.94010285E+000  0.10816396E+001  0.34479076E+001
  0.57579399E+000  0.94010283E+000  0.10816396E+001  0.34479076E+001
  0.57579402E+000  0.94010282E+000  0.10816397E+001  0.34479076E+001
  0.57579404E+000  0.94010281E+000  0.10816397E+001  0.34479076E+001
  0.57579406E+000  0.94010281E+000  0.10816398E+001  0.34479076E+001
  0.57579408E+000  0.94010280E+000  0.10816398E+001  0.34479076E+001
  0.57579410E+000  0.94010280E+000  0.10816399E+001  0.34479075E+001
  0.57579412E+000  0.94010280E+000  0.10816400E+001  0.34479075E+001
  0.57579414E+000  0.94010280E+000  0.10816400E+001  0.34479075E+001
  0.57579416E+000  0.94010280E+000  0.10816401E+001  0.34479075E+001
  0.57579418E+000  0.94010281E+000  0.10816402E+001  0.34479075E+001
  0.57579420E+000  0.94010281E+000  0.10816402E+001  0.34479074E+001
  0.57579422E+000  0.94010282E+000  0.10816403E+001  0.34479074E+001
  0.57579424E+000  0.94010282E+000  0.10816403E+001  0.34479074E+001
  0.57579426E+000  0.94010283E+000  0.10816404E+001  0.34479074E+001
  0.57579428E+000  0.94010284E+000  0.10816405E+001  0.34479074E+001
  0.57579430E+000  0.94010285E+000  0.10816405E+001  0.34479073E+001
  0.57579432E+000  0.94010286E+000  0.10816406E+001  0.34479073E+001
  0.57579434E+000  0.94010287E+000  0.10816407E+001  0.34479073E+001
  0.57579436E+000  0.94010288E+000  0.10816407E+001  0.34479073E+001
  0.57579438E+000  0.94010288E+000  0.10816408E+001  0.34479073E+001
  0.57579440E+000  0.94010289E+000  0.10816408E+001  0.34479072E+001
  0.57579442E+000  0.94010290E+000  0.10816409E+001  0.34479072E+001
  0.57579444E+000  0.94010291E+000  0.10816410E+001  0.34479072E+001
  0.57579446E+000  0.94010292E+000  0.10816410E+001  0.34479072E+001
  0.57579448E+000  0.94010293E+000  0.10816411E+001  0.34479072E+001
  0.57579449E+000  0.94010294E+000  0.10816411E+001  0.34479072E+001
  0.57579451E+000  0.94010295E+000  0.10816412E+001  0.34479072E+001
  0.57579453E+000  0.94010296E+000  0.10816412E+001  0.34479071E+001
  0.57579455E+000  0.94010297E+000  0.10816413E+001  0.34479071E+001
  0.57579457E+000  0.94010298E+000  0.10816413E+001  0.34479071E+001
  0.57579458E+000  0.94010299E+000  0.10816414E+001  0.34479071E+001
  0.57579460E+000  0.94010299E+000  0.10816414E+001  0.34479071E+001
  0.57579462E+000  0.94010300E+000  0.10816415E+001  0.34479071E+001
  0.57579463E+000  0.94010301E+000  0.10816415E+001  0.34479071E+001
  0.57579465E+000  0.94010302E+000  0.10816416E+001  0.34479071E+001
  0.57579467E+000  0.94010302E+000  0.10816416E+001  0.34479071E+001
  0.57579468E+000  0.94010303E+000  0.10816417E+001  0.34479070E+001
  0.57579470E+000  0.94010304E+000  0.10816417E+001  0.34479070E+001
  0.57579471E+000  0.94010304E+000  0.10816417E+001  0.34479070E+001
  0.57579473E+000  0.94010305E+000  0.10816418E+001  0.34479070E+001
  0.57579474E+000  0.94010305E+000  0.10816418E+001  0.34479070E+001
  0.57579476E+000  0.94010306E+000  0.10816418E+001  0.34479070E+001
  0.57579477E+000  0.94010306E+000  0.10816419E+001  0.34479070E+001
  0.57579478E+000  0.94010307E+000  0.10816419E+001  0.34479070E+001
  0.57579480E+000  0.94010307E+000  0.10816419E+001  0.34479070E+001
  0.57579481E+000  0.94010308E+000  0.10816420E+001  0.34479070E+001
  0.57579482E+000  0.94010308E+000  0.10816420E+001  0.34479071E+001
  0.57579483E+000  0.94010309E+000  0.10816420E+001  0.34479071E+001
  0.57579484E+000  0.94010309E+000  0.10816421E+001  0.34479071E+001
  0.57579486E+000  0.94010309E+000  0.10816421E+001  0.34479071E+001
  0.57579487E+000  0.94010310E+000  0.10816421E+001  0.34479071E+001
  0.57579488E+000  0.94010310E+000  0.10816421E+001  0.34479071E+001
  0.57579489E+000  0.94010310E+000  0.10816422E+001  0.34479072E+001
  0.57579490E+000  0.94010310E+000  0.10816422E+001  0.34479072E+001
  0.57579491E+000  0.94010311E+000  0.10816422E+001  0.34479072E+001
  0.57579492E+000  0.94010311E+000  0.10816422E+001  0.34479073E+001
  0.57579493E+000  0.94010311E+000  0.10816422E+001  0.34479073E+001
  0.57579493E+000  0.94010311E+000  0.10816423E+001  0.34479073E+001
  0.57579494E+000  0.94010311E+000  0.10816423E+001  0.34479074E+001
  0.57579495E+000  0.94010312E+000  0.10816423E+001  0.34479074E+001
  0.57579496E+000  0.94010312E+000  0.10816423E+001  0.34479075E+001
  0.57579496E+000  0.94010312E+000  0.10816423E+001  0.34479075E+001
  0.57579497E+000  0.94010312E+000  0.10816423E+001  0.34479076E+001
  0.57579498E+000  0.94010312E+000  0.10816424E+001  0.34479076E+001
  0.57579498E+000  0.94010312E+000  0.10816424E+001  0.34479077E+001
  0.57579499E+000  0.94010312E+000  0.10816424E+001  0.34479078E+001
  0.57579500E+000  0.94010312E+000  0.10816424E+001  0.34479079E+001
  0.57579500E+000  0.94010312E+000  0.10816424E+001  0.34479079E+001
  0.57579501E+000  0.94010312E+000  0.10816424E+001  0.34479080E+001
  0.57579501E+000  0.94010313E+000  0.10816424E+001  0.34479081E+001
  0.57579502E+000  0.94010313E+000  0.10816424E+001  0.34479082E+001
  0.57579502E+000  0.94010313E+000  0.10816424E+001  0.34479083E+001
  0.57579503E+000  0.94010313E+000  0.10816425E+001  0.34479084E+001
  0.57579503E+000  0.94010313E+000  0.10816425E+001  0.34479085E+001
  0.57579503E+000  0.94010313E+000  0.10816425E+001  0.34479086E+001
  0.57579504E+000  0.94010313E+000  0.10816425E+001  0.34479087E+001
  0.57579504E+000  0.94010313E+000  0.10816425E+001  0.34479088E+001
  0.57579504E+000  0.94010313E+000  0.10816425E+001  0.34479089E+001
  0.57579505E+000  0.94010313E+000  0.10816425E+001  0.34479090E+001
  0.57579505E+000  0.94010313E+000  0.10816425E+001  0.34479091E+001
  0.57579505E+000  0.94010313E+000  0.10816425E+001  0.34479093E+001
  0.57579506E+000  0.94010313E+000  0.10816425E+001  0.34479094E+001
  0.57579506E+000  0.94010313E+000  0.10816425E+001  0.34479095E+001
  0.57579506E+000  0.94010313E+000  0.10816425E+001  0.34479096E+001
  0.57579506E+000  0.94010313E+000  0.10816425E+001  0.34479098E+001
  0.57579506E+000  0.94010313E+000  0.10816425E+001  0.34479099E+001
  0.57579506E+000  0.94010313E+000  0.10816425E+001  0.34479101E+001
  0.57579507E+000  0.94010313E+000  0.10816425E+001  0.34479102E+001
  0.57579507E+000  0.94010313E+000  0.10816425E+001  0.34479103E+001
  0.57579507E+000  0.94010313E+000  0.10816425E+001  0.34479105E+001
  0.57579507E+000  0.94010313E+000  0.10816425E+001  0.34479106E+001
  0.57579507E+000  0.94010313E+000  0.10816426E+001  0.34479108E+001
  0.57579507E+000  0.94010313E+000  0.10816426E+001  0.34479109E+001
  0.57579507E+000  0.94010313E+000  0.10816426E+001  0.34479111E+001
  0.57579507E+000  0.94010313E+000  0.10816426E+001  0.34479112E+001
  0.57579507E+000  0.94010313E+000  0.10816426E+001  0.34479114E+001
  0.57579508E+000  0.94010313E+000  0.10816426E+001  0.34479115E+001
  0.57579508E+000  0.94010313E+000  0.10816426E+001  0.34479117E+001
  0.57579508E+000  0.94010313E+000  0.10816426E+001  0.34479118E+001
  0.57579508E+000  0.94010313E+000  0.10816426E+001  0.34479120E+001
  0.57579508E+000  0.94010313E+000  0.10816426E+001  0.34479121E+001
  0.57579508E+000  0.94010313E+000  0.10816426E+001  0.34479123E+001
  0.57579508E+000  0.94010313E+000  0.10816426E+001  0.34479124E+001
  0.57579508E+000  0.94010313E+000  0.10816426E+001  0.34479126E+001
  0.57579508E+000  0.94010313E+000  0.10816426E+001  0.34479127E+001
  0.57579508E+000  0.94010313E+000  0.10816426E+001  0.34479129E+001
  0.57579508E+000  0.94010313E+000  0.10816426E+001  0.34479130E+001
  0.57579508E+000  0.94010314E+000  0.10816426E+001  0.34479132E+001
  0.57579508E+000  0.94010314E+000  0.10816426E+001  0.34479133E+001
  0.57579508E+000  0.94010314E+000  0.10816426E+001  0.34479135E+001
  0.57579508E+000  0.94010314E+000  0.10816426E+001  0.34479136E+001
  0.57579508E+000  0.94010314E+000  0.10816426E+001  0.34479138E+001
  0.57579508E+000  0.94010314E+000  0.10816426E+001  0.34479139E+001
  0.57579508E+000  0.94010314E+000  0.10816426E+001  0.34479141E+001
  0.57579508E+000  0.94010314E+000  0.10816426E+001  0.34479142E+001
  0.57579508E+000  0.94010314E+000  0.10816426E+001  0.34479143E+001
  0.57579507E+000  0.94010313E+000  0.10816426E+001  0.34479144E+001
