  0.15103522E+001
  0.15105897E+001
  0.15107388E+001
  0.15108580E+001
  0.15109568E+001
  0.15110391E+001
  0.15111075E+001
  0.15111644E+001
  0.15112116E+001
  0.15112506E+001
  0.15112828E+001
  0.15113093E+001
  0.15113310E+001
  0.15113486E+001
  0.15113629E+001
  0.15113744E+001
  0.15113835E+001
  0.15113906E+001
  0.15113961E+001
  0.15114001E+001
  0.15114030E+001
  0.15114049E+001
  0.15114060E+001
  0.15114064E+001
  0.15114063E+001
  0.15114056E+001
  0.15114046E+001
  0.15114033E+001
  0.15114017E+001
  0.15113999E+001
  0.15113980E+001
  0.15113959E+001
  0.15113938E+001
  0.15113916E+001
  0.15113894E+001
  0.15113872E+001
  0.15113850E+001
  0.15113829E+001
  0.15113808E+001
  0.15113788E+001
  0.15113768E+001
  0.15113750E+001
  0.15113733E+001
  0.15113717E+001
  0.15113702E+001
  0.15113688E+001
  0.15113675E+001
  0.15113664E+001
  0.15113654E+001
  0.15113645E+001
  0.15113638E+001
  0.15113631E+001
  0.15113626E+001
  0.15113621E+001
  0.15113618E+001
  0.15113615E+001
  0.15113612E+001
  0.15113611E+001
  0.15113609E+001
  0.15113608E+001
  0.15113608E+001
  0.15113607E+001
  0.15113607E+001
  0.15113607E+001
  0.15113607E+001
  0.15113607E+001
  0.15113607E+001
  0.15113607E+001
  0.15113607E+001
  0.15113607E+001
  0.15113607E+001
  0.15113608E+001
  0.15113608E+001
  0.15113608E+001
  0.15113608E+001
  0.15113608E+001
  0.15113608E+001
  0.15113608E+001
  0.15113608E+001
  0.15113609E+001
  0.15113609E+001
  0.15113609E+001
  0.15113609E+001
  0.15113609E+001
  0.15113609E+001
  0.15113609E+001
  0.15113610E+001
  0.15113610E+001
  0.15113610E+001
  0.15113610E+001
  0.15113610E+001
  0.15113610E+001
  0.15113610E+001
  0.15113611E+001
  0.15113611E+001
  0.15113611E+001
  0.15113611E+001
  0.15113611E+001
  0.15113611E+001
  0.15113612E+001
  0.15113612E+001
  0.15113612E+001
  0.15113612E+001
  0.15113612E+001
  0.15113613E+001
  0.15113613E+001
  0.15113613E+001
  0.15113613E+001
  0.15113613E+001
  0.15113613E+001
  0.15113614E+001
  0.15113614E+001
  0.15113614E+001
  0.15113614E+001
  0.15113614E+001
  0.15113614E+001
  0.15113615E+001
  0.15113615E+001
  0.15113615E+001
  0.15113615E+001
  0.15113615E+001
  0.15113615E+001
  0.15113615E+001
  0.15113616E+001
  0.15113616E+001
  0.15113616E+001
  0.15113616E+001
  0.15113616E+001
  0.15113616E+001
  0.15113616E+001
  0.15113616E+001
  0.15113617E+001
  0.15113617E+001
  0.15113617E+001
  0.15113617E+001
  0.15113617E+001
  0.15113617E+001
  0.15113618E+001
  0.15113618E+001
  0.15113618E+001
  0.15113618E+001
  0.15113618E+001
  0.15113618E+001
  0.15113619E+001
  0.15113619E+001
  0.15113619E+001
  0.15113619E+001
  0.15113619E+001
  0.15113620E+001
  0.15113620E+001
  0.15113620E+001
  0.15113620E+001
  0.15113621E+001
  0.15113621E+001
  0.15113621E+001
  0.15113621E+001
  0.15113622E+001
  0.15113622E+001
  0.15113622E+001
  0.15113623E+001
  0.15113623E+001
  0.15113623E+001
  0.15113623E+001
  0.15113624E+001
  0.15113624E+001
  0.15113624E+001
  0.15113625E+001
  0.15113625E+001
  0.15113626E+001
  0.15113626E+001
  0.15113626E+001
  0.15113627E+001
  0.15113627E+001
  0.15113627E+001
  0.15113628E+001
  0.15113628E+001
  0.15113629E+001
  0.15113629E+001
  0.15113629E+001
  0.15113630E+001
  0.15113630E+001
  0.15113630E+001
  0.15113631E+001
  0.15113631E+001
  0.15113632E+001
  0.15113632E+001
  0.15113632E+001
  0.15113633E+001
  0.15113633E+001
  0.15113634E+001
  0.15113634E+001
  0.15113634E+001
  0.15113635E+001
  0.15113635E+001
  0.15113635E+001
  0.15113636E+001
  0.15113636E+001
  0.15113636E+001
  0.15113637E+001
  0.15113637E+001
