 -0.47077723E-001  0.61853225E-001  0.14542415E+001  0.42332906E+002
 -0.47131455E-001  0.61802299E-001  0.14536527E+001  0.42332037E+002
 -0.47170482E-001  0.61764631E-001  0.14531893E+001  0.42331301E+002
 -0.47197840E-001  0.61736123E-001  0.14528243E+001  0.42330694E+002
 -0.47216025E-001  0.61714729E-001  0.14525398E+001  0.42330205E+002
 -0.47227074E-001  0.61699008E-001  0.14523213E+001  0.42329817E+002
 -0.47232641E-001  0.61687821E-001  0.14521571E+001  0.42329518E+002
 -0.47234054E-001  0.61680252E-001  0.14520378E+001  0.42329294E+002
 -0.47232378E-001  0.61675560E-001  0.14519555E+001  0.42329133E+002
 -0.47228455E-001  0.61673146E-001  0.14519037E+001  0.42329026E+002
 -0.47222950E-001  0.61672529E-001  0.14518772E+001  0.42328963E+002
 -0.47216381E-001  0.61673327E-001  0.14518715E+001  0.42328937E+002
 -0.47209149E-001  0.61675233E-001  0.14518829E+001  0.42328943E+002
 -0.47201562E-001  0.61678005E-001  0.14519083E+001  0.42328973E+002
 -0.47193853E-001  0.61681449E-001  0.14519453E+001  0.42329025E+002
 -0.47186196E-001  0.61685417E-001  0.14519917E+001  0.42329093E+002
 -0.47178717E-001  0.61689789E-001  0.14520457E+001  0.42329175E+002
 -0.47171506E-001  0.61694472E-001  0.14521058E+001  0.42329268E+002
 -0.47164625E-001  0.61699393E-001  0.14521708E+001  0.42329370E+002
 -0.47158112E-001  0.61704494E-001  0.14522397E+001  0.42329479E+002
 -0.47151988E-001  0.61709730E-001  0.14523116E+001  0.42329592E+002
 -0.47146264E-001  0.61715066E-001  0.14523858E+001  0.42329709E+002
 -0.47140936E-001  0.61720474E-001  0.14524615E+001  0.42329829E+002
 -0.47135998E-001  0.61725929E-001  0.14525384E+001  0.42329950E+002
 -0.47131434E-001  0.61731415E-001  0.14526158E+001  0.42330071E+002
 -0.47127229E-001  0.61736914E-001  0.14526934E+001  0.42330192E+002
 -0.47123361E-001  0.61742413E-001  0.14527708E+001  0.42330312E+002
 -0.47119809E-001  0.61747898E-001  0.14528477E+001  0.42330430E+002
 -0.47116552E-001  0.61753356E-001  0.14529238E+001  0.42330547E+002
 -0.47113568E-001  0.61758774E-001  0.14529987E+001  0.42330660E+002
 -0.47110835E-001  0.61764138E-001  0.14530723E+001  0.42330771E+002
 -0.47108332E-001  0.61769434E-001  0.14531442E+001  0.42330878E+002
 -0.47106039E-001  0.61774645E-001  0.14532142E+001  0.42330982E+002
 -0.47103938E-001  0.61779757E-001  0.14532822E+001  0.42331081E+002
 -0.47102011E-001  0.61784750E-001  0.14533478E+001  0.42331177E+002
 -0.47100243E-001  0.61789607E-001  0.14534110E+001  0.42331268E+002
 -0.47098618E-001  0.61794310E-001  0.14534714E+001  0.42331354E+002
 -0.47097124E-001  0.61798839E-001  0.14535290E+001  0.42331435E+002
 -0.47095750E-001  0.61803177E-001  0.14535837E+001  0.42331512E+002
 -0.47094484E-001  0.61807306E-001  0.14536352E+001  0.42331584E+002
 -0.47093318E-001  0.61811211E-001  0.14536835E+001  0.42331652E+002
 -0.47092243E-001  0.61814879E-001  0.14537286E+001  0.42331714E+002
 -0.47091251E-001  0.61818300E-001  0.14537704E+001  0.42331772E+002
 -0.47090338E-001  0.61821466E-001  0.14538089E+001  0.42331825E+002
 -0.47089495E-001  0.61824375E-001  0.14538443E+001  0.42331874E+002
 -0.47088719E-001  0.61827026E-001  0.14538765E+001  0.42331918E+002
 -0.47088003E-001  0.61829426E-001  0.14539056E+001  0.42331958E+002
 -0.47087343E-001  0.61831583E-001  0.14539319E+001  0.42331995E+002
 -0.47086735E-001  0.61833509E-001  0.14539554E+001  0.42332028E+002
 -0.47086173E-001  0.61835219E-001  0.14539765E+001  0.42332058E+002
 -0.47085653E-001  0.61836731E-001  0.14539952E+001  0.42332085E+002
 -0.47085171E-001  0.61838065E-001  0.14540118E+001  0.42332109E+002
 -0.47084724E-001  0.61839241E-001  0.14540265E+001  0.42332131E+002
 -0.47084307E-001  0.61840279E-001  0.14540396E+001  0.42332151E+002
 -0.47083917E-001  0.61841199E-001  0.14540513E+001  0.42332169E+002
 -0.47083550E-001  0.61842019E-001  0.14540617E+001  0.42332185E+002
 -0.47083205E-001  0.61842757E-001  0.14540711E+001  0.42332200E+002
 -0.47082878E-001  0.61843427E-001  0.14540796E+001  0.42332213E+002
 -0.47082567E-001  0.61844042E-001  0.14540874E+001  0.42332226E+002
 -0.47082271E-001  0.61844612E-001  0.14540945E+001  0.42332238E+002
 -0.47081988E-001  0.61845147E-001  0.14541012E+001  0.42332249E+002
 -0.47081717E-001  0.61845654E-001  0.14541075E+001  0.42332260E+002
 -0.47081457E-001  0.61846136E-001  0.14541134E+001  0.42332270E+002
 -0.47081208E-001  0.61846598E-001  0.14541190E+001  0.42332280E+002
 -0.47080970E-001  0.61847043E-001  0.14541244E+001  0.42332289E+002
 -0.47080742E-001  0.61847471E-001  0.14541296E+001  0.42332298E+002
 -0.47080523E-001  0.61847884E-001  0.14541346E+001  0.42332307E+002
 -0.47080315E-001  0.61848282E-001  0.14541394E+001  0.42332315E+002
 -0.47080116E-001  0.61848665E-001  0.14541440E+001  0.42332323E+002
 -0.47079928E-001  0.61849033E-001  0.14541485E+001  0.42332331E+002
 -0.47079750E-001  0.61849385E-001  0.14541528E+001  0.42332339E+002
 -0.47079582E-001  0.61849721E-001  0.14541569E+001  0.42332346E+002
 -0.47079424E-001  0.61850041E-001  0.14541608E+001  0.42332353E+002
 -0.47079277E-001  0.61850344E-001  0.14541646E+001  0.42332360E+002
 -0.47079139E-001  0.61850630E-001  0.14541683E+001  0.42332366E+002
 -0.47079011E-001  0.61850899E-001  0.14541717E+001  0.42332372E+002
 -0.47078893E-001  0.61851151E-001  0.14541750E+001  0.42332378E+002
 -0.47078784E-001  0.61851387E-001  0.14541781E+001  0.42332384E+002
 -0.47078684E-001  0.61851606E-001  0.14541811E+001  0.42332390E+002
 -0.47078592E-001  0.61851809E-001  0.14541839E+001  0.42332395E+002
 -0.47078509E-001  0.61851996E-001  0.14541866E+001  0.42332400E+002
 -0.47078433E-001  0.61852168E-001  0.14541892E+001  0.42332405E+002
 -0.47078365E-001  0.61852326E-001  0.14541916E+001  0.42332410E+002
 -0.47078304E-001  0.61852469E-001  0.14541938E+001  0.42332414E+002
 -0.47078250E-001  0.61852599E-001  0.14541960E+001  0.42332418E+002
 -0.47078201E-001  0.61852716E-001  0.14541980E+001  0.42332422E+002
 -0.47078158E-001  0.61852822E-001  0.14542000E+001  0.42332426E+002
 -0.47078120E-001  0.61852916E-001  0.14542018E+001  0.42332430E+002
 -0.47078086E-001  0.61853000E-001  0.14542036E+001  0.42332434E+002
 -0.47078057E-001  0.61853074E-001  0.14542053E+001  0.42332438E+002
 -0.47078032E-001  0.61853139E-001  0.14542069E+001  0.42332441E+002
 -0.47078010E-001  0.61853196E-001  0.14542084E+001  0.42332445E+002
 -0.47077991E-001  0.61853245E-001  0.14542098E+001  0.42332448E+002
 -0.47077974E-001  0.61853288E-001  0.14542112E+001  0.42332451E+002
 -0.47077961E-001  0.61853324E-001  0.14542126E+001  0.42332454E+002
 -0.47077949E-001  0.61853354E-001  0.14542139E+001  0.42332458E+002
 -0.47077939E-001  0.61853379E-001  0.14542151E+001  0.42332461E+002
 -0.47077930E-001  0.61853399E-001  0.14542163E+001  0.42332464E+002
 -0.47077923E-001  0.61853416E-001  0.14542174E+001  0.42332467E+002
 -0.47077918E-001  0.61853428E-001  0.14542185E+001  0.42332470E+002
 -0.47077913E-001  0.61853438E-001  0.14542196E+001  0.42332473E+002
 -0.47077909E-001  0.61853444E-001  0.14542206E+001  0.42332476E+002
 -0.47077905E-001  0.61853448E-001  0.14542216E+001  0.42332479E+002
 -0.47077902E-001  0.61853451E-001  0.14542226E+001  0.42332482E+002
 -0.47077900E-001  0.61853451E-001  0.14542235E+001  0.42332484E+002
 -0.47077897E-001  0.61853450E-001  0.14542244E+001  0.42332487E+002
 -0.47077895E-001  0.61853447E-001  0.14542253E+001  0.42332490E+002
 -0.47077894E-001  0.61853444E-001  0.14542261E+001  0.42332493E+002
 -0.47077892E-001  0.61853439E-001  0.14542269E+001  0.42332496E+002
 -0.47077890E-001  0.61853434E-001  0.14542277E+001  0.42332498E+002
 -0.47077888E-001  0.61853429E-001  0.14542285E+001  0.42332501E+002
 -0.47077886E-001  0.61853423E-001  0.14542292E+001  0.42332504E+002
 -0.47077885E-001  0.61853417E-001  0.14542299E+001  0.42332507E+002
 -0.47077883E-001  0.61853411E-001  0.14542305E+001  0.42332509E+002
 -0.47077881E-001  0.61853405E-001  0.14542312E+001  0.42332512E+002
 -0.47077878E-001  0.61853398E-001  0.14542318E+001  0.42332515E+002
 -0.47077876E-001  0.61853392E-001  0.14542324E+001  0.42332517E+002
 -0.47077873E-001  0.61853386E-001  0.14542329E+001  0.42332520E+002
 -0.47077871E-001  0.61853380E-001  0.14542334E+001  0.42332522E+002
 -0.47077868E-001  0.61853375E-001  0.14542340E+001  0.42332525E+002
 -0.47077865E-001  0.61853370E-001  0.14542344E+001  0.42332527E+002
 -0.47077862E-001  0.61853364E-001  0.14542349E+001  0.42332530E+002
 -0.47077859E-001  0.61853360E-001  0.14542353E+001  0.42332532E+002
 -0.47077855E-001  0.61853355E-001  0.14542357E+001  0.42332535E+002
 -0.47077852E-001  0.61853351E-001  0.14542361E+001  0.42332537E+002
 -0.47077848E-001  0.61853347E-001  0.14542365E+001  0.42332540E+002
 -0.47077844E-001  0.61853343E-001  0.14542369E+001  0.42332542E+002
 -0.47077840E-001  0.61853340E-001  0.14542372E+001  0.42332544E+002
 -0.47077836E-001  0.61853336E-001  0.14542375E+001  0.42332547E+002
 -0.47077832E-001  0.61853333E-001  0.14542378E+001  0.42332549E+002
 -0.47077828E-001  0.61853331E-001  0.14542381E+001  0.42332552E+002
 -0.47077824E-001  0.61853328E-001  0.14542384E+001  0.42332554E+002
 -0.47077820E-001  0.61853326E-001  0.14542386E+001  0.42332556E+002
 -0.47077816E-001  0.61853323E-001  0.14542389E+001  0.42332559E+002
 -0.47077811E-001  0.61853321E-001  0.14542391E+001  0.42332561E+002
 -0.47077807E-001  0.61853319E-001  0.14542393E+001  0.42332564E+002
 -0.47077802E-001  0.61853317E-001  0.14542395E+001  0.42332566E+002
 -0.47077798E-001  0.61853315E-001  0.14542397E+001  0.42332568E+002
 -0.47077794E-001  0.61853314E-001  0.14542399E+001  0.42332571E+002
 -0.47077789E-001  0.61853312E-001  0.14542400E+001  0.42332573E+002
 -0.47077785E-001  0.61853311E-001  0.14542402E+001  0.42332576E+002
 -0.47077781E-001  0.61853309E-001  0.14542403E+001  0.42332579E+002
 -0.47077777E-001  0.61853308E-001  0.14542405E+001  0.42332581E+002
 -0.47077772E-001  0.61853306E-001  0.14542406E+001  0.42332584E+002
 -0.47077768E-001  0.61853305E-001  0.14542407E+001  0.42332586E+002
 -0.47077764E-001  0.61853303E-001  0.14542408E+001  0.42332589E+002
 -0.47077760E-001  0.61853302E-001  0.14542409E+001  0.42332592E+002
 -0.47077757E-001  0.61853300E-001  0.14542410E+001  0.42332595E+002
 -0.47077753E-001  0.61853299E-001  0.14542411E+001  0.42332598E+002
 -0.47077749E-001  0.61853297E-001  0.14542412E+001  0.42332601E+002
 -0.47077746E-001  0.61853296E-001  0.14542413E+001  0.42332603E+002
 -0.47077742E-001  0.61853294E-001  0.14542413E+001  0.42332606E+002
 -0.47077739E-001  0.61853292E-001  0.14542414E+001  0.42332610E+002
 -0.47077736E-001  0.61853291E-001  0.14542415E+001  0.42332613E+002
 -0.47077733E-001  0.61853289E-001  0.14542415E+001  0.42332616E+002
 -0.47077730E-001  0.61853287E-001  0.14542416E+001  0.42332619E+002
 -0.47077727E-001  0.61853286E-001  0.14542416E+001  0.42332622E+002
 -0.47077724E-001  0.61853284E-001  0.14542417E+001  0.42332626E+002
 -0.47077722E-001  0.61853282E-001  0.14542417E+001  0.42332629E+002
 -0.47077719E-001  0.61853280E-001  0.14542417E+001  0.42332633E+002
 -0.47077717E-001  0.61853278E-001  0.14542418E+001  0.42332636E+002
 -0.47077715E-001  0.61853276E-001  0.14542418E+001  0.42332640E+002
 -0.47077713E-001  0.61853275E-001  0.14542418E+001  0.42332643E+002
 -0.47077711E-001  0.61853273E-001  0.14542418E+001  0.42332647E+002
 -0.47077710E-001  0.61853271E-001  0.14542418E+001  0.42332650E+002
 -0.47077708E-001  0.61853269E-001  0.14542419E+001  0.42332654E+002
 -0.47077707E-001  0.61853267E-001  0.14542419E+001  0.42332658E+002
 -0.47077706E-001  0.61853265E-001  0.14542419E+001  0.42332662E+002
 -0.47077704E-001  0.61853263E-001  0.14542419E+001  0.42332666E+002
 -0.47077703E-001  0.61853261E-001  0.14542419E+001  0.42332669E+002
 -0.47077703E-001  0.61853259E-001  0.14542419E+001  0.42332673E+002
 -0.47077702E-001  0.61853257E-001  0.14542419E+001  0.42332677E+002
 -0.47077701E-001  0.61853255E-001  0.14542419E+001  0.42332681E+002
 -0.47077701E-001  0.61853253E-001  0.14542419E+001  0.42332685E+002
 -0.47077700E-001  0.61853251E-001  0.14542419E+001  0.42332689E+002
 -0.47077700E-001  0.61853249E-001  0.14542418E+001  0.42332693E+002
 -0.47077700E-001  0.61853247E-001  0.14542418E+001  0.42332697E+002
 -0.47077700E-001  0.61853246E-001  0.14542418E+001  0.42332701E+002
 -0.47077700E-001  0.61853244E-001  0.14542418E+001  0.42332705E+002
 -0.47077700E-001  0.61853242E-001  0.14542418E+001  0.42332709E+002
 -0.47077700E-001  0.61853241E-001  0.14542418E+001  0.42332713E+002
 -0.47077700E-001  0.61853239E-001  0.14542418E+001  0.42332717E+002
 -0.47077700E-001  0.61853237E-001  0.14542417E+001  0.42332721E+002
 -0.47077701E-001  0.61853236E-001  0.14542417E+001  0.42332725E+002
 -0.47077701E-001  0.61853235E-001  0.14542417E+001  0.42332729E+002
 -0.47077701E-001  0.61853233E-001  0.14542417E+001  0.42332733E+002
 -0.47077702E-001  0.61853232E-001  0.14542417E+001  0.42332737E+002
 -0.47077702E-001  0.61853231E-001  0.14542417E+001  0.42332741E+002
 -0.47077703E-001  0.61853230E-001  0.14542416E+001  0.42332745E+002
 -0.47077704E-001  0.61853229E-001  0.14542416E+001  0.42332749E+002
 -0.47077704E-001  0.61853228E-001  0.14542416E+001  0.42332753E+002
 -0.47077705E-001  0.61853227E-001  0.14542416E+001  0.42332757E+002
 -0.47077706E-001  0.61853226E-001  0.14542416E+001  0.42332761E+002
 -0.47077706E-001  0.61853225E-001  0.14542416E+001  0.42332764E+002
 -0.47077707E-001  0.61853225E-001  0.14542415E+001  0.42332768E+002
 -0.47077708E-001  0.61853224E-001  0.14542415E+001  0.42332772E+002
 -0.47077708E-001  0.61853224E-001  0.14542415E+001  0.42332775E+002
 -0.47077709E-001  0.61853224E-001  0.14542415E+001  0.42332779E+002
 -0.47077708E-001  0.61853226E-001  0.14542415E+001  0.42332782E+002
 -0.47077709E-001  0.61853226E-001  0.14542415E+001  0.42332786E+002
