  0.68660957E+000
  0.68673353E+000
  0.68679696E+000
  0.68684381E+000
  0.68688102E+000
  0.68691095E+000
  0.68693500E+000
  0.68695427E+000
  0.68696961E+000
  0.68698172E+000
  0.68699117E+000
  0.68699846E+000
  0.68700395E+000
  0.68700797E+000
  0.68701079E+000
  0.68701262E+000
  0.68701363E+000
  0.68701398E+000
  0.68701379E+000
  0.68701315E+000
  0.68701215E+000
  0.68701087E+000
  0.68700935E+000
  0.68700765E+000
  0.68700580E+000
  0.68700384E+000
  0.68700180E+000
  0.68699970E+000
  0.68699756E+000
  0.68699540E+000
  0.68699324E+000
  0.68699109E+000
  0.68698896E+000
  0.68698687E+000
  0.68698481E+000
  0.68698281E+000
  0.68698088E+000
  0.68697901E+000
  0.68697721E+000
  0.68697550E+000
  0.68697388E+000
  0.68697234E+000
  0.68697091E+000
  0.68696958E+000
  0.68696834E+000
  0.68696721E+000
  0.68696619E+000
  0.68696526E+000
  0.68696443E+000
  0.68696369E+000
  0.68696304E+000
  0.68696248E+000
  0.68696199E+000
  0.68696156E+000
  0.68696120E+000
  0.68696089E+000
  0.68696062E+000
  0.68696040E+000
  0.68696021E+000
  0.68696004E+000
  0.68695990E+000
  0.68695977E+000
  0.68695966E+000
  0.68695955E+000
  0.68695946E+000
  0.68695937E+000
  0.68695929E+000
  0.68695921E+000
  0.68695914E+000
  0.68695907E+000
  0.68695900E+000
  0.68695894E+000
  0.68695887E+000
  0.68695881E+000
  0.68695875E+000
  0.68695870E+000
  0.68695864E+000
  0.68695859E+000
  0.68695854E+000
  0.68695850E+000
  0.68695845E+000
  0.68695841E+000
  0.68695837E+000
  0.68695833E+000
  0.68695830E+000
  0.68695827E+000
  0.68695823E+000
  0.68695821E+000
  0.68695818E+000
  0.68695815E+000
  0.68695813E+000
  0.68695810E+000
  0.68695808E+000
  0.68695806E+000
  0.68695804E+000
  0.68695802E+000
  0.68695800E+000
  0.68695798E+000
  0.68695796E+000
  0.68695794E+000
  0.68695793E+000
  0.68695791E+000
  0.68695789E+000
  0.68695788E+000
  0.68695786E+000
  0.68695785E+000
  0.68695783E+000
  0.68695782E+000
  0.68695780E+000
  0.68695779E+000
  0.68695778E+000
  0.68695776E+000
  0.68695775E+000
  0.68695774E+000
  0.68695772E+000
  0.68695771E+000
  0.68695770E+000
  0.68695768E+000
  0.68695767E+000
  0.68695766E+000
  0.68695765E+000
  0.68695764E+000
  0.68695762E+000
  0.68695761E+000
  0.68695760E+000
  0.68695759E+000
  0.68695758E+000
  0.68695757E+000
  0.68695756E+000
  0.68695755E+000
  0.68695754E+000
  0.68695753E+000
  0.68695752E+000
  0.68695751E+000
  0.68695751E+000
  0.68695750E+000
  0.68695749E+000
  0.68695748E+000
  0.68695747E+000
  0.68695747E+000
  0.68695746E+000
  0.68695745E+000
  0.68695744E+000
  0.68695744E+000
  0.68695743E+000
  0.68695743E+000
  0.68695742E+000
  0.68695741E+000
  0.68695741E+000
  0.68695740E+000
  0.68695740E+000
  0.68695739E+000
  0.68695739E+000
  0.68695738E+000
  0.68695738E+000
  0.68695737E+000
  0.68695737E+000
  0.68695736E+000
  0.68695736E+000
  0.68695736E+000
  0.68695735E+000
  0.68695735E+000
  0.68695735E+000
  0.68695734E+000
  0.68695734E+000
  0.68695734E+000
  0.68695733E+000
  0.68695733E+000
  0.68695733E+000
  0.68695733E+000
  0.68695732E+000
  0.68695732E+000
  0.68695732E+000
  0.68695732E+000
  0.68695731E+000
  0.68695731E+000
  0.68695731E+000
  0.68695731E+000
  0.68695731E+000
  0.68695730E+000
  0.68695730E+000
  0.68695730E+000
  0.68695730E+000
  0.68695730E+000
  0.68695730E+000
  0.68695729E+000
  0.68695729E+000
  0.68695729E+000
  0.68695729E+000
  0.68695729E+000
  0.68695729E+000
  0.68695729E+000
  0.68695729E+000
  0.68695729E+000
  0.68695729E+000
  0.68695728E+000
  0.68695728E+000
  0.68695728E+000
  0.68695728E+000
  0.68695727E+000
