  0.89051672E+000
  0.89066959E+000
  0.89074781E+000
  0.89080558E+000
  0.89085147E+000
  0.89088837E+000
  0.89091803E+000
  0.89094179E+000
  0.89096071E+000
  0.89097564E+000
  0.89098730E+000
  0.89099628E+000
  0.89100305E+000
  0.89100802E+000
  0.89101149E+000
  0.89101374E+000
  0.89101499E+000
  0.89101542E+000
  0.89101519E+000
  0.89101440E+000
  0.89101317E+000
  0.89101159E+000
  0.89100972E+000
  0.89100761E+000
  0.89100534E+000
  0.89100292E+000
  0.89100040E+000
  0.89099781E+000
  0.89099518E+000
  0.89099252E+000
  0.89098985E+000
  0.89098720E+000
  0.89098457E+000
  0.89098199E+000
  0.89097946E+000
  0.89097699E+000
  0.89097460E+000
  0.89097230E+000
  0.89097008E+000
  0.89096797E+000
  0.89096597E+000
  0.89096408E+000
  0.89096231E+000
  0.89096067E+000
  0.89095915E+000
  0.89095776E+000
  0.89095649E+000
  0.89095535E+000
  0.89095432E+000
  0.89095341E+000
  0.89095261E+000
  0.89095191E+000
  0.89095131E+000
  0.89095079E+000
  0.89095034E+000
  0.89094996E+000
  0.89094963E+000
  0.89094935E+000
  0.89094911E+000
  0.89094891E+000
  0.89094873E+000
  0.89094857E+000
  0.89094843E+000
  0.89094831E+000
  0.89094819E+000
  0.89094809E+000
  0.89094799E+000
  0.89094789E+000
  0.89094780E+000
  0.89094771E+000
  0.89094763E+000
  0.89094755E+000
  0.89094747E+000
  0.89094739E+000
  0.89094732E+000
  0.89094725E+000
  0.89094719E+000
  0.89094712E+000
  0.89094706E+000
  0.89094700E+000
  0.89094695E+000
  0.89094690E+000
  0.89094685E+000
  0.89094680E+000
  0.89094676E+000
  0.89094672E+000
  0.89094668E+000
  0.89094665E+000
  0.89094661E+000
  0.89094658E+000
  0.89094655E+000
  0.89094652E+000
  0.89094649E+000
  0.89094646E+000
  0.89094644E+000
  0.89094641E+000
  0.89094639E+000
  0.89094637E+000
  0.89094635E+000
  0.89094632E+000
  0.89094630E+000
  0.89094628E+000
  0.89094626E+000
  0.89094624E+000
  0.89094622E+000
  0.89094621E+000
  0.89094619E+000
  0.89094617E+000
  0.89094615E+000
  0.89094613E+000
  0.89094612E+000
  0.89094610E+000
  0.89094608E+000
  0.89094607E+000
  0.89094605E+000
  0.89094603E+000
  0.89094602E+000
  0.89094600E+000
  0.89094599E+000
  0.89094597E+000
  0.89094596E+000
  0.89094594E+000
  0.89094593E+000
  0.89094592E+000
  0.89094590E+000
  0.89094589E+000
  0.89094588E+000
  0.89094586E+000
  0.89094585E+000
  0.89094584E+000
  0.89094583E+000
  0.89094582E+000
  0.89094580E+000
  0.89094579E+000
  0.89094578E+000
  0.89094577E+000
  0.89094576E+000
  0.89094575E+000
  0.89094574E+000
  0.89094573E+000
  0.89094572E+000
  0.89094572E+000
  0.89094571E+000
  0.89094570E+000
  0.89094569E+000
  0.89094568E+000
  0.89094568E+000
  0.89094567E+000
  0.89094566E+000
  0.89094566E+000
  0.89094565E+000
  0.89094564E+000
  0.89094564E+000
  0.89094563E+000
  0.89094563E+000
  0.89094562E+000
  0.89094561E+000
  0.89094561E+000
  0.89094560E+000
  0.89094560E+000
  0.89094560E+000
  0.89094559E+000
  0.89094559E+000
  0.89094558E+000
  0.89094558E+000
  0.89094557E+000
  0.89094557E+000
  0.89094557E+000
  0.89094556E+000
  0.89094556E+000
  0.89094556E+000
  0.89094555E+000
  0.89094555E+000
  0.89094555E+000
  0.89094555E+000
  0.89094554E+000
  0.89094554E+000
  0.89094554E+000
  0.89094554E+000
  0.89094553E+000
  0.89094553E+000
  0.89094553E+000
  0.89094553E+000
  0.89094553E+000
  0.89094552E+000
  0.89094552E+000
  0.89094552E+000
  0.89094552E+000
  0.89094552E+000
  0.89094552E+000
  0.89094552E+000
  0.89094551E+000
  0.89094551E+000
  0.89094551E+000
  0.89094551E+000
  0.89094551E+000
  0.89094551E+000
  0.89094551E+000
  0.89094550E+000
  0.89094549E+000
