  0.10950479E+002
  0.10950089E+002
  0.10949770E+002
  0.10949513E+002
  0.10949309E+002
  0.10949151E+002
  0.10949031E+002
  0.10948943E+002
  0.10948882E+002
  0.10948842E+002
  0.10948821E+002
  0.10948815E+002
  0.10948822E+002
  0.10948838E+002
  0.10948863E+002
  0.10948895E+002
  0.10948932E+002
  0.10948973E+002
  0.10949018E+002
  0.10949065E+002
  0.10949114E+002
  0.10949165E+002
  0.10949216E+002
  0.10949268E+002
  0.10949320E+002
  0.10949372E+002
  0.10949424E+002
  0.10949475E+002
  0.10949526E+002
  0.10949575E+002
  0.10949623E+002
  0.10949670E+002
  0.10949715E+002
  0.10949759E+002
  0.10949800E+002
  0.10949841E+002
  0.10949879E+002
  0.10949915E+002
  0.10949950E+002
  0.10949982E+002
  0.10950012E+002
  0.10950040E+002
  0.10950066E+002
  0.10950090E+002
  0.10950112E+002
  0.10950132E+002
  0.10950150E+002
  0.10950167E+002
  0.10950181E+002
  0.10950195E+002
  0.10950207E+002
  0.10950217E+002
  0.10950227E+002
  0.10950235E+002
  0.10950243E+002
  0.10950250E+002
  0.10950256E+002
  0.10950262E+002
  0.10950267E+002
  0.10950272E+002
  0.10950277E+002
  0.10950282E+002
  0.10950286E+002
  0.10950290E+002
  0.10950294E+002
  0.10950297E+002
  0.10950301E+002
  0.10950304E+002
  0.10950308E+002
  0.10950311E+002
  0.10950314E+002
  0.10950317E+002
  0.10950320E+002
  0.10950323E+002
  0.10950325E+002
  0.10950328E+002
  0.10950330E+002
  0.10950332E+002
  0.10950335E+002
  0.10950337E+002
  0.10950339E+002
  0.10950341E+002
  0.10950342E+002
  0.10950344E+002
  0.10950346E+002
  0.10950347E+002
  0.10950349E+002
  0.10950350E+002
  0.10950352E+002
  0.10950353E+002
  0.10950354E+002
  0.10950356E+002
  0.10950357E+002
  0.10950358E+002
  0.10950359E+002
  0.10950360E+002
  0.10950362E+002
  0.10950363E+002
  0.10950364E+002
  0.10950365E+002
  0.10950366E+002
  0.10950367E+002
  0.10950368E+002
  0.10950369E+002
  0.10950370E+002
  0.10950371E+002
  0.10950371E+002
  0.10950372E+002
  0.10950373E+002
  0.10950374E+002
  0.10950375E+002
  0.10950376E+002
  0.10950377E+002
  0.10950378E+002
  0.10950378E+002
  0.10950379E+002
  0.10950380E+002
  0.10950381E+002
  0.10950381E+002
  0.10950382E+002
  0.10950383E+002
  0.10950384E+002
  0.10950384E+002
  0.10950385E+002
  0.10950386E+002
  0.10950387E+002
  0.10950387E+002
  0.10950388E+002
  0.10950389E+002
  0.10950389E+002
  0.10950390E+002
  0.10950391E+002
  0.10950391E+002
  0.10950392E+002
  0.10950393E+002
  0.10950393E+002
  0.10950394E+002
  0.10950395E+002
  0.10950395E+002
  0.10950396E+002
  0.10950397E+002
  0.10950397E+002
  0.10950398E+002
  0.10950399E+002
  0.10950399E+002
  0.10950400E+002
  0.10950401E+002
  0.10950402E+002
  0.10950402E+002
  0.10950403E+002
  0.10950404E+002
  0.10950405E+002
  0.10950405E+002
  0.10950406E+002
  0.10950407E+002
  0.10950408E+002
  0.10950409E+002
  0.10950409E+002
  0.10950410E+002
  0.10950411E+002
  0.10950412E+002
  0.10950413E+002
  0.10950414E+002
  0.10950415E+002
  0.10950416E+002
  0.10950417E+002
  0.10950418E+002
  0.10950418E+002
  0.10950419E+002
  0.10950420E+002
  0.10950421E+002
  0.10950422E+002
  0.10950423E+002
  0.10950424E+002
  0.10950425E+002
  0.10950426E+002
  0.10950427E+002
  0.10950428E+002
  0.10950429E+002
  0.10950430E+002
  0.10950431E+002
  0.10950432E+002
  0.10950433E+002
  0.10950434E+002
  0.10950435E+002
  0.10950436E+002
  0.10950437E+002
  0.10950438E+002
  0.10950439E+002
  0.10950440E+002
  0.10950441E+002
  0.10950442E+002
  0.10950443E+002
  0.10950444E+002
  0.10950445E+002
  0.10950446E+002
  0.10950447E+002
  0.10950448E+002
  0.10950449E+002
  0.10950449E+002
