  0.52304222E+000
  0.52917914E+000
  0.52897415E+000
  0.52819989E+000
  0.52746527E+000
  0.52682895E+000
  0.52628618E+000
  0.52582976E+000
  0.52544631E+000
  0.52512122E+000
  0.52484546E+000
  0.52461132E+000
  0.52441207E+000
  0.52424247E+000
  0.52409802E+000
  0.52397489E+000
  0.52386981E+000
  0.52377999E+000
  0.52370309E+000
  0.52363711E+000
  0.52358034E+000
  0.52353135E+000
  0.52348891E+000
  0.52345199E+000
  0.52341972E+000
  0.52339134E+000
  0.52336624E+000
  0.52334388E+000
  0.52332383E+000
  0.52330570E+000
  0.52328918E+000
  0.52327402E+000
  0.52325999E+000
  0.52324694E+000
  0.52323470E+000
  0.52322319E+000
  0.52321231E+000
  0.52320199E+000
  0.52319219E+000
  0.52318288E+000
  0.52317404E+000
  0.52316564E+000
  0.52315770E+000
  0.52315019E+000
  0.52314313E+000
  0.52313649E+000
  0.52313028E+000
  0.52312449E+000
  0.52311910E+000
  0.52311410E+000
  0.52310946E+000
  0.52310517E+000
  0.52310120E+000
  0.52309752E+000
  0.52309410E+000
  0.52309092E+000
  0.52308795E+000
  0.52308517E+000
  0.52308255E+000
  0.52308008E+000
  0.52307773E+000
  0.52307550E+000
  0.52307337E+000
  0.52307134E+000
  0.52306940E+000
  0.52306755E+000
  0.52306578E+000
  0.52306409E+000
  0.52306248E+000
  0.52306096E+000
  0.52305952E+000
  0.52305816E+000
  0.52305689E+000
  0.52305569E+000
  0.52305458E+000
  0.52305355E+000
  0.52305260E+000
  0.52305172E+000
  0.52305092E+000
  0.52305018E+000
  0.52304952E+000
  0.52304891E+000
  0.52304837E+000
  0.52304788E+000
  0.52304745E+000
  0.52304706E+000
  0.52304672E+000
  0.52304642E+000
  0.52304616E+000
  0.52304593E+000
  0.52304573E+000
  0.52304556E+000
  0.52304541E+000
  0.52304528E+000
  0.52304517E+000
  0.52304508E+000
  0.52304500E+000
  0.52304493E+000
  0.52304487E+000
  0.52304482E+000
  0.52304477E+000
  0.52304473E+000
  0.52304469E+000
  0.52304466E+000
  0.52304463E+000
  0.52304460E+000
  0.52304457E+000
  0.52304454E+000
  0.52304451E+000
  0.52304448E+000
  0.52304445E+000
  0.52304441E+000
  0.52304438E+000
  0.52304434E+000
  0.52304431E+000
  0.52304427E+000
  0.52304423E+000
  0.52304419E+000
  0.52304414E+000
  0.52304410E+000
  0.52304405E+000
  0.52304401E+000
  0.52304396E+000
  0.52304391E+000
  0.52304386E+000
  0.52304381E+000
  0.52304376E+000
  0.52304371E+000
  0.52304365E+000
  0.52304360E+000
  0.52304355E+000
  0.52304349E+000
  0.52304344E+000
  0.52304339E+000
  0.52304333E+000
  0.52304328E+000
  0.52304323E+000
  0.52304317E+000
  0.52304312E+000
  0.52304307E+000
  0.52304302E+000
  0.52304297E+000
  0.52304292E+000
  0.52304287E+000
  0.52304283E+000
  0.52304278E+000
  0.52304273E+000
  0.52304269E+000
  0.52304265E+000
  0.52304261E+000
  0.52304257E+000
  0.52304253E+000
  0.52304249E+000
  0.52304245E+000
  0.52304242E+000
  0.52304239E+000
  0.52304235E+000
  0.52304232E+000
  0.52304230E+000
  0.52304227E+000
  0.52304224E+000
  0.52304222E+000
  0.52304220E+000
  0.52304218E+000
  0.52304216E+000
  0.52304214E+000
  0.52304212E+000
  0.52304211E+000
  0.52304209E+000
  0.52304208E+000
  0.52304207E+000
  0.52304206E+000
  0.52304205E+000
  0.52304204E+000
  0.52304204E+000
  0.52304203E+000
  0.52304203E+000
  0.52304202E+000
  0.52304202E+000
  0.52304202E+000
  0.52304202E+000
  0.52304202E+000
  0.52304202E+000
  0.52304202E+000
  0.52304202E+000
  0.52304203E+000
  0.52304203E+000
  0.52304203E+000
  0.52304204E+000
  0.52304204E+000
  0.52304205E+000
  0.52304205E+000
  0.52304206E+000
  0.52304207E+000
  0.52304207E+000
  0.52304208E+000
  0.52304208E+000
  0.52304209E+000
  0.52304208E+000
  0.52304207E+000
