  0.28931956E+000
  0.28930895E+000
  0.28929790E+000
  0.28929052E+000
  0.28928652E+000
  0.28928514E+000
  0.28928573E+000
  0.28928776E+000
  0.28929082E+000
  0.28929458E+000
  0.28929878E+000
  0.28930322E+000
  0.28930775E+000
  0.28931221E+000
  0.28931653E+000
  0.28932061E+000
  0.28932440E+000
  0.28932786E+000
  0.28933095E+000
  0.28933364E+000
  0.28933594E+000
  0.28933783E+000
  0.28933932E+000
  0.28934042E+000
  0.28934114E+000
  0.28934150E+000
  0.28934153E+000
  0.28934125E+000
  0.28934070E+000
  0.28933989E+000
  0.28933888E+000
  0.28933768E+000
  0.28933635E+000
  0.28933491E+000
  0.28933339E+000
  0.28933183E+000
  0.28933027E+000
  0.28932873E+000
  0.28932723E+000
  0.28932580E+000
  0.28932446E+000
  0.28932322E+000
  0.28932209E+000
  0.28932108E+000
  0.28932018E+000
  0.28931940E+000
  0.28931874E+000
  0.28931819E+000
  0.28931773E+000
  0.28931736E+000
  0.28931707E+000
  0.28931684E+000
  0.28931668E+000
  0.28931655E+000
  0.28931647E+000
  0.28931642E+000
  0.28931639E+000
  0.28931638E+000
  0.28931638E+000
  0.28931639E+000
  0.28931641E+000
  0.28931643E+000
  0.28931646E+000
  0.28931649E+000
  0.28931652E+000
  0.28931656E+000
  0.28931660E+000
  0.28931664E+000
  0.28931668E+000
  0.28931673E+000
  0.28931678E+000
  0.28931683E+000
  0.28931688E+000
  0.28931694E+000
  0.28931699E+000
  0.28931705E+000
  0.28931711E+000
  0.28931718E+000
  0.28931724E+000
  0.28931730E+000
  0.28931737E+000
  0.28931743E+000
  0.28931750E+000
  0.28931757E+000
  0.28931763E+000
  0.28931770E+000
  0.28931776E+000
  0.28931782E+000
  0.28931789E+000
  0.28931795E+000
  0.28931801E+000
  0.28931807E+000
  0.28931813E+000
  0.28931818E+000
  0.28931824E+000
  0.28931829E+000
  0.28931834E+000
  0.28931839E+000
  0.28931843E+000
  0.28931848E+000
  0.28931852E+000
  0.28931856E+000
  0.28931860E+000
  0.28931864E+000
  0.28931868E+000
  0.28931871E+000
  0.28931875E+000
  0.28931878E+000
  0.28931881E+000
  0.28931884E+000
  0.28931887E+000
  0.28931889E+000
  0.28931892E+000
  0.28931894E+000
  0.28931896E+000
  0.28931899E+000
  0.28931901E+000
  0.28931903E+000
  0.28931905E+000
  0.28931906E+000
  0.28931908E+000
  0.28931910E+000
  0.28931912E+000
  0.28931913E+000
  0.28931915E+000
  0.28931916E+000
  0.28931918E+000
  0.28931919E+000
  0.28931920E+000
  0.28931922E+000
  0.28931923E+000
  0.28931924E+000
  0.28931926E+000
  0.28931927E+000
  0.28931928E+000
  0.28931929E+000
  0.28931930E+000
  0.28931931E+000
  0.28931933E+000
  0.28931934E+000
  0.28931935E+000
  0.28931936E+000
  0.28931937E+000
  0.28931938E+000
  0.28931939E+000
  0.28931940E+000
  0.28931941E+000
  0.28931942E+000
  0.28931942E+000
  0.28931943E+000
  0.28931944E+000
  0.28931945E+000
  0.28931946E+000
  0.28931947E+000
  0.28931947E+000
  0.28931948E+000
  0.28931949E+000
  0.28931950E+000
  0.28931950E+000
  0.28931951E+000
  0.28931952E+000
  0.28931952E+000
  0.28931953E+000
  0.28931953E+000
  0.28931954E+000
  0.28931954E+000
  0.28931955E+000
  0.28931955E+000
  0.28931956E+000
  0.28931956E+000
  0.28931956E+000
  0.28931957E+000
  0.28931957E+000
  0.28931957E+000
  0.28931958E+000
  0.28931958E+000
  0.28931958E+000
  0.28931958E+000
  0.28931959E+000
  0.28931959E+000
  0.28931959E+000
  0.28931959E+000
  0.28931959E+000
  0.28931959E+000
  0.28931959E+000
  0.28931959E+000
  0.28931959E+000
  0.28931959E+000
  0.28931959E+000
  0.28931959E+000
  0.28931959E+000
  0.28931959E+000
  0.28931959E+000
  0.28931959E+000
  0.28931959E+000
  0.28931959E+000
  0.28931959E+000
  0.28931959E+000
  0.28931959E+000
  0.28931958E+000
