  0.23372266E+000
  0.23987019E+000
  0.23967625E+000
  0.23890937E+000
  0.23817875E+000
  0.23754381E+000
  0.23700045E+000
  0.23654200E+000
  0.23615550E+000
  0.23582665E+000
  0.23554668E+000
  0.23530810E+000
  0.23510433E+000
  0.23493025E+000
  0.23478149E+000
  0.23465428E+000
  0.23454541E+000
  0.23445214E+000
  0.23437215E+000
  0.23430347E+000
  0.23424440E+000
  0.23419352E+000
  0.23414959E+000
  0.23411157E+000
  0.23407858E+000
  0.23404984E+000
  0.23402471E+000
  0.23400263E+000
  0.23398313E+000
  0.23396580E+000
  0.23395030E+000
  0.23393633E+000
  0.23392364E+000
  0.23391203E+000
  0.23390132E+000
  0.23389136E+000
  0.23388203E+000
  0.23387326E+000
  0.23386496E+000
  0.23385708E+000
  0.23384957E+000
  0.23384243E+000
  0.23383561E+000
  0.23382912E+000
  0.23382294E+000
  0.23381709E+000
  0.23381154E+000
  0.23380630E+000
  0.23380137E+000
  0.23379674E+000
  0.23379239E+000
  0.23378833E+000
  0.23378452E+000
  0.23378096E+000
  0.23377763E+000
  0.23377450E+000
  0.23377156E+000
  0.23376879E+000
  0.23376617E+000
  0.23376369E+000
  0.23376132E+000
  0.23375907E+000
  0.23375691E+000
  0.23375485E+000
  0.23375288E+000
  0.23375099E+000
  0.23374918E+000
  0.23374745E+000
  0.23374580E+000
  0.23374423E+000
  0.23374274E+000
  0.23374133E+000
  0.23374001E+000
  0.23373876E+000
  0.23373759E+000
  0.23373650E+000
  0.23373548E+000
  0.23373454E+000
  0.23373368E+000
  0.23373288E+000
  0.23373215E+000
  0.23373148E+000
  0.23373087E+000
  0.23373032E+000
  0.23372982E+000
  0.23372937E+000
  0.23372896E+000
  0.23372860E+000
  0.23372827E+000
  0.23372798E+000
  0.23372772E+000
  0.23372749E+000
  0.23372728E+000
  0.23372710E+000
  0.23372694E+000
  0.23372679E+000
  0.23372666E+000
  0.23372654E+000
  0.23372643E+000
  0.23372634E+000
  0.23372625E+000
  0.23372617E+000
  0.23372609E+000
  0.23372602E+000
  0.23372595E+000
  0.23372589E+000
  0.23372582E+000
  0.23372576E+000
  0.23372570E+000
  0.23372564E+000
  0.23372558E+000
  0.23372552E+000
  0.23372546E+000
  0.23372540E+000
  0.23372534E+000
  0.23372528E+000
  0.23372522E+000
  0.23372516E+000
  0.23372510E+000
  0.23372504E+000
  0.23372497E+000
  0.23372491E+000
  0.23372484E+000
  0.23372478E+000
  0.23372471E+000
  0.23372465E+000
  0.23372458E+000
  0.23372452E+000
  0.23372445E+000
  0.23372438E+000
  0.23372432E+000
  0.23372425E+000
  0.23372418E+000
  0.23372412E+000
  0.23372405E+000
  0.23372399E+000
  0.23372392E+000
  0.23372386E+000
  0.23372380E+000
  0.23372373E+000
  0.23372367E+000
  0.23372361E+000
  0.23372355E+000
  0.23372350E+000
  0.23372344E+000
  0.23372338E+000
  0.23372333E+000
  0.23372327E+000
  0.23372322E+000
  0.23372317E+000
  0.23372312E+000
  0.23372308E+000
  0.23372303E+000
  0.23372299E+000
  0.23372294E+000
  0.23372290E+000
  0.23372286E+000
  0.23372283E+000
  0.23372279E+000
  0.23372276E+000
  0.23372273E+000
  0.23372270E+000
  0.23372267E+000
  0.23372264E+000
  0.23372262E+000
  0.23372259E+000
  0.23372257E+000
  0.23372255E+000
  0.23372254E+000
  0.23372252E+000
  0.23372250E+000
  0.23372249E+000
  0.23372248E+000
  0.23372247E+000
  0.23372246E+000
  0.23372245E+000
  0.23372244E+000
  0.23372244E+000
  0.23372244E+000
  0.23372243E+000
  0.23372243E+000
  0.23372243E+000
  0.23372243E+000
  0.23372243E+000
  0.23372243E+000
  0.23372243E+000
  0.23372244E+000
  0.23372244E+000
  0.23372245E+000
  0.23372245E+000
  0.23372246E+000
  0.23372246E+000
  0.23372247E+000
  0.23372247E+000
  0.23372248E+000
  0.23372249E+000
  0.23372250E+000
  0.23372250E+000
  0.23372249E+000
  0.23372249E+000
