  0.69328195E-001
  0.69476778E-001
  0.69568136E-001
  0.69625267E-001
  0.69659694E-001
  0.69678159E-001
  0.69685162E-001
  0.69683900E-001
  0.69676710E-001
  0.69665334E-001
  0.69651081E-001
  0.69634944E-001
  0.69617788E-001
  0.69600164E-001
  0.69582471E-001
  0.69565010E-001
  0.69548006E-001
  0.69531625E-001
  0.69515983E-001
  0.69501160E-001
  0.69487203E-001
  0.69474138E-001
  0.69461969E-001
  0.69450686E-001
  0.69440268E-001
  0.69430684E-001
  0.69421896E-001
  0.69413860E-001
  0.69406532E-001
  0.69399864E-001
  0.69393805E-001
  0.69388309E-001
  0.69383328E-001
  0.69378814E-001
  0.69374726E-001
  0.69371021E-001
  0.69367661E-001
  0.69364612E-001
  0.69361840E-001
  0.69359318E-001
  0.69357020E-001
  0.69354922E-001
  0.69353005E-001
  0.69351249E-001
  0.69349640E-001
  0.69348163E-001
  0.69346805E-001
  0.69345556E-001
  0.69344405E-001
  0.69343343E-001
  0.69342360E-001
  0.69341450E-001
  0.69340606E-001
  0.69339820E-001
  0.69339087E-001
  0.69338401E-001
  0.69337758E-001
  0.69337153E-001
  0.69336583E-001
  0.69336043E-001
  0.69335533E-001
  0.69335048E-001
  0.69334587E-001
  0.69334150E-001
  0.69333733E-001
  0.69333338E-001
  0.69332962E-001
  0.69332605E-001
  0.69332268E-001
  0.69331949E-001
  0.69331649E-001
  0.69331368E-001
  0.69331104E-001
  0.69330858E-001
  0.69330630E-001
  0.69330418E-001
  0.69330224E-001
  0.69330045E-001
  0.69329882E-001
  0.69329733E-001
  0.69329599E-001
  0.69329478E-001
  0.69329370E-001
  0.69329273E-001
  0.69329187E-001
  0.69329111E-001
  0.69329044E-001
  0.69328986E-001
  0.69328935E-001
  0.69328891E-001
  0.69328853E-001
  0.69328821E-001
  0.69328793E-001
  0.69328770E-001
  0.69328750E-001
  0.69328734E-001
  0.69328720E-001
  0.69328708E-001
  0.69328699E-001
  0.69328690E-001
  0.69328683E-001
  0.69328677E-001
  0.69328672E-001
  0.69328667E-001
  0.69328662E-001
  0.69328658E-001
  0.69328653E-001
  0.69328649E-001
  0.69328644E-001
  0.69328639E-001
  0.69328634E-001
  0.69328629E-001
  0.69328623E-001
  0.69328617E-001
  0.69328610E-001
  0.69328604E-001
  0.69328596E-001
  0.69328589E-001
  0.69328581E-001
  0.69328573E-001
  0.69328564E-001
  0.69328556E-001
  0.69328547E-001
  0.69328537E-001
  0.69328528E-001
  0.69328518E-001
  0.69328508E-001
  0.69328498E-001
  0.69328488E-001
  0.69328478E-001
  0.69328468E-001
  0.69328457E-001
  0.69328447E-001
  0.69328436E-001
  0.69328426E-001
  0.69328415E-001
  0.69328405E-001
  0.69328395E-001
  0.69328384E-001
  0.69328374E-001
  0.69328364E-001
  0.69328354E-001
  0.69328344E-001
  0.69328335E-001
  0.69328325E-001
  0.69328316E-001
  0.69328307E-001
  0.69328298E-001
  0.69328290E-001
  0.69328281E-001
  0.69328273E-001
  0.69328265E-001
  0.69328257E-001
  0.69328250E-001
  0.69328243E-001
  0.69328236E-001
  0.69328230E-001
  0.69328224E-001
  0.69328218E-001
  0.69328212E-001
  0.69328207E-001
  0.69328202E-001
  0.69328197E-001
  0.69328193E-001
  0.69328188E-001
  0.69328185E-001
  0.69328181E-001
  0.69328178E-001
  0.69328175E-001
  0.69328172E-001
  0.69328170E-001
  0.69328167E-001
  0.69328165E-001
  0.69328164E-001
  0.69328162E-001
  0.69328161E-001
  0.69328160E-001
  0.69328159E-001
  0.69328158E-001
  0.69328158E-001
  0.69328157E-001
  0.69328157E-001
  0.69328157E-001
  0.69328157E-001
  0.69328158E-001
  0.69328158E-001
  0.69328159E-001
  0.69328159E-001
  0.69328160E-001
  0.69328161E-001
  0.69328162E-001
  0.69328163E-001
  0.69328164E-001
  0.69328165E-001
  0.69328166E-001
  0.69328167E-001
  0.69328168E-001
  0.69328169E-001
  0.69328168E-001
  0.69328169E-001
