  0.37555754E+000
  0.37555116E+000
  0.37554633E+000
  0.37554275E+000
  0.37554017E+000
  0.37553838E+000
  0.37553724E+000
  0.37553659E+000
  0.37553634E+000
  0.37553639E+000
  0.37553668E+000
  0.37553714E+000
  0.37553772E+000
  0.37553839E+000
  0.37553913E+000
  0.37553989E+000
  0.37554068E+000
  0.37554146E+000
  0.37554224E+000
  0.37554300E+000
  0.37554373E+000
  0.37554443E+000
  0.37554510E+000
  0.37554573E+000
  0.37554633E+000
  0.37554688E+000
  0.37554740E+000
  0.37554788E+000
  0.37554833E+000
  0.37554873E+000
  0.37554910E+000
  0.37554944E+000
  0.37554975E+000
  0.37555002E+000
  0.37555027E+000
  0.37555049E+000
  0.37555068E+000
  0.37555085E+000
  0.37555101E+000
  0.37555114E+000
  0.37555126E+000
  0.37555136E+000
  0.37555145E+000
  0.37555153E+000
  0.37555160E+000
  0.37555166E+000
  0.37555172E+000
  0.37555178E+000
  0.37555183E+000
  0.37555187E+000
  0.37555192E+000
  0.37555197E+000
  0.37555202E+000
  0.37555207E+000
  0.37555213E+000
  0.37555218E+000
  0.37555224E+000
  0.37555231E+000
  0.37555237E+000
  0.37555244E+000
  0.37555252E+000
  0.37555259E+000
  0.37555268E+000
  0.37555276E+000
  0.37555285E+000
  0.37555294E+000
  0.37555303E+000
  0.37555313E+000
  0.37555323E+000
  0.37555333E+000
  0.37555343E+000
  0.37555353E+000
  0.37555364E+000
  0.37555374E+000
  0.37555385E+000
  0.37555396E+000
  0.37555406E+000
  0.37555417E+000
  0.37555427E+000
  0.37555438E+000
  0.37555448E+000
  0.37555459E+000
  0.37555469E+000
  0.37555478E+000
  0.37555488E+000
  0.37555498E+000
  0.37555507E+000
  0.37555516E+000
  0.37555525E+000
  0.37555533E+000
  0.37555542E+000
  0.37555550E+000
  0.37555558E+000
  0.37555565E+000
  0.37555572E+000
  0.37555579E+000
  0.37555586E+000
  0.37555592E+000
  0.37555599E+000
  0.37555605E+000
  0.37555610E+000
  0.37555616E+000
  0.37555621E+000
  0.37555626E+000
  0.37555631E+000
  0.37555635E+000
  0.37555640E+000
  0.37555644E+000
  0.37555648E+000
  0.37555652E+000
  0.37555655E+000
  0.37555659E+000
  0.37555662E+000
  0.37555665E+000
  0.37555668E+000
  0.37555671E+000
  0.37555674E+000
  0.37555677E+000
  0.37555680E+000
  0.37555682E+000
  0.37555685E+000
  0.37555687E+000
  0.37555689E+000
  0.37555692E+000
  0.37555694E+000
  0.37555696E+000
  0.37555698E+000
  0.37555700E+000
  0.37555702E+000
  0.37555704E+000
  0.37555706E+000
  0.37555708E+000
  0.37555709E+000
  0.37555711E+000
  0.37555713E+000
  0.37555715E+000
  0.37555716E+000
  0.37555718E+000
  0.37555720E+000
  0.37555721E+000
  0.37555723E+000
  0.37555724E+000
  0.37555726E+000
  0.37555727E+000
  0.37555729E+000
  0.37555730E+000
  0.37555732E+000
  0.37555733E+000
  0.37555734E+000
  0.37555736E+000
  0.37555737E+000
  0.37555738E+000
  0.37555739E+000
  0.37555741E+000
  0.37555742E+000
  0.37555743E+000
  0.37555744E+000
  0.37555745E+000
  0.37555746E+000
  0.37555747E+000
  0.37555748E+000
  0.37555749E+000
  0.37555750E+000
  0.37555750E+000
  0.37555751E+000
  0.37555752E+000
  0.37555753E+000
  0.37555753E+000
  0.37555754E+000
  0.37555754E+000
  0.37555755E+000
  0.37555755E+000
  0.37555756E+000
  0.37555756E+000
  0.37555757E+000
  0.37555757E+000
  0.37555757E+000
  0.37555758E+000
  0.37555758E+000
  0.37555758E+000
  0.37555758E+000
  0.37555759E+000
  0.37555759E+000
  0.37555759E+000
  0.37555759E+000
  0.37555759E+000
  0.37555759E+000
  0.37555759E+000
  0.37555759E+000
  0.37555759E+000
  0.37555759E+000
  0.37555759E+000
  0.37555759E+000
  0.37555759E+000
  0.37555759E+000
  0.37555758E+000
  0.37555758E+000
  0.37555758E+000
  0.37555758E+000
  0.37555758E+000
