  0.52114316E-006
  0.52112404E-006
  0.52110414E-006
  0.52109085E-006
  0.52108364E-006
  0.52108115E-006
  0.52108221E-006
  0.52108587E-006
  0.52109138E-006
  0.52109815E-006
  0.52110573E-006
  0.52111373E-006
  0.52112187E-006
  0.52112992E-006
  0.52113769E-006
  0.52114505E-006
  0.52115188E-006
  0.52115810E-006
  0.52116366E-006
  0.52116852E-006
  0.52117266E-006
  0.52117607E-006
  0.52117875E-006
  0.52118073E-006
  0.52118203E-006
  0.52118268E-006
  0.52118273E-006
  0.52118223E-006
  0.52118123E-006
  0.52117978E-006
  0.52117795E-006
  0.52117580E-006
  0.52117340E-006
  0.52117080E-006
  0.52116807E-006
  0.52116526E-006
  0.52116245E-006
  0.52115967E-006
  0.52115697E-006
  0.52115440E-006
  0.52115198E-006
  0.52114975E-006
  0.52114771E-006
  0.52114588E-006
  0.52114427E-006
  0.52114287E-006
  0.52114168E-006
  0.52114068E-006
  0.52113985E-006
  0.52113919E-006
  0.52113866E-006
  0.52113826E-006
  0.52113796E-006
  0.52113774E-006
  0.52113759E-006
  0.52113749E-006
  0.52113744E-006
  0.52113742E-006
  0.52113742E-006
  0.52113744E-006
  0.52113747E-006
  0.52113752E-006
  0.52113757E-006
  0.52113762E-006
  0.52113769E-006
  0.52113775E-006
  0.52113782E-006
  0.52113790E-006
  0.52113797E-006
  0.52113806E-006
  0.52113814E-006
  0.52113823E-006
  0.52113833E-006
  0.52113843E-006
  0.52113853E-006
  0.52113864E-006
  0.52113875E-006
  0.52113886E-006
  0.52113897E-006
  0.52113909E-006
  0.52113921E-006
  0.52113932E-006
  0.52113944E-006
  0.52113956E-006
  0.52113968E-006
  0.52113980E-006
  0.52113991E-006
  0.52114003E-006
  0.52114014E-006
  0.52114025E-006
  0.52114036E-006
  0.52114047E-006
  0.52114057E-006
  0.52114067E-006
  0.52114077E-006
  0.52114086E-006
  0.52114095E-006
  0.52114104E-006
  0.52114113E-006
  0.52114121E-006
  0.52114129E-006
  0.52114136E-006
  0.52114143E-006
  0.52114150E-006
  0.52114157E-006
  0.52114163E-006
  0.52114169E-006
  0.52114175E-006
  0.52114180E-006
  0.52114185E-006
  0.52114190E-006
  0.52114195E-006
  0.52114200E-006
  0.52114204E-006
  0.52114208E-006
  0.52114212E-006
  0.52114216E-006
  0.52114219E-006
  0.52114223E-006
  0.52114226E-006
  0.52114229E-006
  0.52114232E-006
  0.52114235E-006
  0.52114238E-006
  0.52114241E-006
  0.52114244E-006
  0.52114246E-006
  0.52114249E-006
  0.52114251E-006
  0.52114254E-006
  0.52114256E-006
  0.52114258E-006
  0.52114261E-006
  0.52114263E-006
  0.52114265E-006
  0.52114267E-006
  0.52114269E-006
  0.52114271E-006
  0.52114273E-006
  0.52114275E-006
  0.52114277E-006
  0.52114279E-006
  0.52114281E-006
  0.52114283E-006
  0.52114284E-006
  0.52114286E-006
  0.52114288E-006
  0.52114289E-006
  0.52114291E-006
  0.52114293E-006
  0.52114294E-006
  0.52114296E-006
  0.52114297E-006
  0.52114299E-006
  0.52114300E-006
  0.52114301E-006
  0.52114303E-006
  0.52114304E-006
  0.52114305E-006
  0.52114306E-006
  0.52114307E-006
  0.52114309E-006
  0.52114310E-006
  0.52114311E-006
  0.52114312E-006
  0.52114312E-006
  0.52114313E-006
  0.52114314E-006
  0.52114315E-006
  0.52114316E-006
  0.52114316E-006
  0.52114317E-006
  0.52114317E-006
  0.52114318E-006
  0.52114318E-006
  0.52114319E-006
  0.52114319E-006
  0.52114320E-006
  0.52114320E-006
  0.52114320E-006
  0.52114321E-006
  0.52114321E-006
  0.52114321E-006
  0.52114321E-006
  0.52114321E-006
  0.52114321E-006
  0.52114321E-006
  0.52114322E-006
  0.52114322E-006
  0.52114321E-006
  0.52114321E-006
  0.52114321E-006
  0.52114321E-006
  0.52114321E-006
  0.52114321E-006
  0.52114321E-006
  0.52114321E-006
  0.52114320E-006
  0.52114320E-006
  0.52114320E-006
