  0.91291450E+000
  0.91293160E+000
  0.91294479E+000
  0.91295493E+000
  0.91296267E+000
  0.91296847E+000
  0.91297270E+000
  0.91297563E+000
  0.91297752E+000
  0.91297856E+000
  0.91297890E+000
  0.91297870E+000
  0.91297804E+000
  0.91297703E+000
  0.91297574E+000
  0.91297423E+000
  0.91297254E+000
  0.91297073E+000
  0.91296881E+000
  0.91296682E+000
  0.91296478E+000
  0.91296271E+000
  0.91296062E+000
  0.91295853E+000
  0.91295645E+000
  0.91295438E+000
  0.91295234E+000
  0.91295033E+000
  0.91294836E+000
  0.91294643E+000
  0.91294455E+000
  0.91294272E+000
  0.91294094E+000
  0.91293923E+000
  0.91293759E+000
  0.91293601E+000
  0.91293451E+000
  0.91293308E+000
  0.91293173E+000
  0.91293045E+000
  0.91292926E+000
  0.91292815E+000
  0.91292712E+000
  0.91292617E+000
  0.91292530E+000
  0.91292450E+000
  0.91292378E+000
  0.91292313E+000
  0.91292254E+000
  0.91292201E+000
  0.91292154E+000
  0.91292112E+000
  0.91292075E+000
  0.91292041E+000
  0.91292011E+000
  0.91291984E+000
  0.91291959E+000
  0.91291936E+000
  0.91291915E+000
  0.91291896E+000
  0.91291878E+000
  0.91291861E+000
  0.91291844E+000
  0.91291829E+000
  0.91291814E+000
  0.91291799E+000
  0.91291785E+000
  0.91291772E+000
  0.91291759E+000
  0.91291746E+000
  0.91291734E+000
  0.91291723E+000
  0.91291711E+000
  0.91291701E+000
  0.91291690E+000
  0.91291680E+000
  0.91291671E+000
  0.91291662E+000
  0.91291653E+000
  0.91291645E+000
  0.91291637E+000
  0.91291629E+000
  0.91291622E+000
  0.91291615E+000
  0.91291609E+000
  0.91291602E+000
  0.91291596E+000
  0.91291591E+000
  0.91291585E+000
  0.91291580E+000
  0.91291574E+000
  0.91291569E+000
  0.91291564E+000
  0.91291560E+000
  0.91291555E+000
  0.91291551E+000
  0.91291546E+000
  0.91291542E+000
  0.91291538E+000
  0.91291534E+000
  0.91291530E+000
  0.91291526E+000
  0.91291522E+000
  0.91291518E+000
  0.91291515E+000
  0.91291511E+000
  0.91291507E+000
  0.91291504E+000
  0.91291500E+000
  0.91291497E+000
  0.91291494E+000
  0.91291491E+000
  0.91291487E+000
  0.91291484E+000
  0.91291481E+000
  0.91291478E+000
  0.91291476E+000
  0.91291473E+000
  0.91291470E+000
  0.91291467E+000
  0.91291465E+000
  0.91291462E+000
  0.91291460E+000
  0.91291457E+000
  0.91291455E+000
  0.91291453E+000
  0.91291451E+000
  0.91291448E+000
  0.91291446E+000
  0.91291444E+000
  0.91291443E+000
  0.91291441E+000
  0.91291439E+000
  0.91291437E+000
  0.91291436E+000
  0.91291434E+000
  0.91291433E+000
  0.91291431E+000
  0.91291430E+000
  0.91291429E+000
  0.91291427E+000
  0.91291426E+000
  0.91291425E+000
  0.91291424E+000
  0.91291423E+000
  0.91291422E+000
  0.91291421E+000
  0.91291421E+000
  0.91291420E+000
  0.91291419E+000
  0.91291419E+000
  0.91291418E+000
  0.91291418E+000
  0.91291417E+000
  0.91291417E+000
  0.91291417E+000
  0.91291416E+000
  0.91291416E+000
  0.91291416E+000
  0.91291416E+000
  0.91291416E+000
  0.91291416E+000
  0.91291415E+000
  0.91291416E+000
  0.91291416E+000
  0.91291416E+000
  0.91291416E+000
  0.91291416E+000
  0.91291416E+000
  0.91291416E+000
  0.91291417E+000
  0.91291417E+000
  0.91291417E+000
  0.91291418E+000
  0.91291418E+000
  0.91291418E+000
  0.91291419E+000
  0.91291419E+000
  0.91291420E+000
  0.91291420E+000
  0.91291421E+000
  0.91291421E+000
  0.91291422E+000
  0.91291422E+000
  0.91291423E+000
  0.91291423E+000
  0.91291424E+000
  0.91291424E+000
  0.91291425E+000
  0.91291426E+000
  0.91291426E+000
  0.91291427E+000
  0.91291427E+000
  0.91291428E+000
  0.91291428E+000
  0.91291429E+000
  0.91291429E+000
  0.91291430E+000
  0.91291430E+000
  0.91291431E+000
