  0.43069540E+000
  0.43068175E+000
  0.43067121E+000
  0.43065485E+000
  0.43064479E+000
  0.43063557E+000
  0.43062828E+000
  0.43061979E+000
  0.43061400E+000
  0.43060725E+000
  0.43060637E+000
  0.43060107E+000
  0.43059837E+000
  0.43059859E+000
  0.43059476E+000
  0.43059209E+000
  0.43059066E+000
  0.43058995E+000
  0.43058850E+000
  0.43058796E+000
  0.43058791E+000
  0.43058831E+000
  0.43058608E+000
  0.43058689E+000
  0.43058718E+000
  0.43058804E+000
  0.43058776E+000
  0.43058767E+000
  0.43058875E+000
  0.43058814E+000
  0.43059004E+000
  0.43058989E+000
  0.43059032E+000
  0.43059040E+000
  0.43059056E+000
  0.43059096E+000
  0.43059118E+000
  0.43059162E+000
  0.43059195E+000
  0.43059252E+000
  0.43059287E+000
  0.43059318E+000
  0.43059364E+000
  0.43059400E+000
  0.43059411E+000
  0.43059449E+000
  0.43059482E+000
  0.43059495E+000
  0.43059502E+000
  0.43059504E+000
  0.43059521E+000
  0.43059542E+000
  0.43059551E+000
  0.43059614E+000
  0.43059625E+000
  0.43059625E+000
  0.43059633E+000
  0.43059637E+000
  0.43059635E+000
  0.43059613E+000
  0.43059596E+000
  0.43059575E+000
  0.43059564E+000
  0.43059612E+000
  0.43059603E+000
  0.43059585E+000
  0.43059555E+000
  0.43059550E+000
  0.43059525E+000
  0.43059526E+000
  0.43059528E+000
  0.43059526E+000
  0.43059526E+000
  0.43059532E+000
  0.43059554E+000
  0.43059548E+000
  0.43059541E+000
  0.43059544E+000
  0.43059541E+000
  0.43059542E+000
  0.43059540E+000
  0.43059531E+000
  0.43059529E+000
  0.43059519E+000
  0.43059518E+000
  0.43059521E+000
  0.43059561E+000
  0.43059559E+000
  0.43059557E+000
  0.43059558E+000
  0.43059558E+000
  0.43059552E+000
  0.43059551E+000
  0.43059550E+000
  0.43059549E+000
  0.43059547E+000
  0.43059546E+000
  0.43059545E+000
  0.43059544E+000
  0.43059543E+000
  0.43059542E+000
  0.43059540E+000
  0.43059539E+000
  0.43059538E+000
  0.43059536E+000
  0.43059535E+000
  0.43059534E+000
  0.43059533E+000
  0.43059532E+000
  0.43059531E+000
  0.43059529E+000
  0.43059528E+000
  0.43059527E+000
  0.43059526E+000
  0.43059525E+000
  0.43059524E+000
  0.43059522E+000
  0.43059521E+000
  0.43059520E+000
  0.43059519E+000
  0.43059518E+000
  0.43059518E+000
  0.43059517E+000
  0.43059516E+000
  0.43059516E+000
  0.43059515E+000
  0.43059514E+000
  0.43059513E+000
  0.43059513E+000
  0.43059512E+000
  0.43059511E+000
  0.43059511E+000
  0.43059510E+000
  0.43059510E+000
  0.43059509E+000
  0.43059508E+000
  0.43059508E+000
  0.43059507E+000
  0.43059507E+000
  0.43059507E+000
  0.43059507E+000
  0.43059506E+000
  0.43059506E+000
  0.43059506E+000
  0.43059506E+000
  0.43059506E+000
  0.43059507E+000
  0.43059507E+000
  0.43059508E+000
  0.43059507E+000
  0.43059507E+000
  0.43059507E+000
  0.43059508E+000
  0.43059509E+000
  0.43059509E+000
  0.43059510E+000
  0.43059511E+000
  0.43059511E+000
  0.43059512E+000
  0.43059514E+000
  0.43059514E+000
  0.43059515E+000
  0.43059516E+000
  0.43059518E+000
  0.43059519E+000
  0.43059520E+000
  0.43059520E+000
  0.43059521E+000
  0.43059523E+000
  0.43059524E+000
  0.43059525E+000
  0.43059526E+000
  0.43059527E+000
  0.43059528E+000
  0.43059529E+000
  0.43059618E+000
  0.43059620E+000
  0.43059621E+000
  0.43059622E+000
  0.43059623E+000
  0.43059625E+000
  0.43059626E+000
  0.43059627E+000
  0.43059629E+000
  0.43059630E+000
  0.43059631E+000
  0.43059632E+000
  0.43059546E+000
  0.43059547E+000
  0.43059548E+000
  0.43059550E+000
  0.43059551E+000
  0.43059552E+000
  0.43059554E+000
  0.43059555E+000
  0.43059556E+000
  0.43059557E+000
  0.43059558E+000
  0.43059559E+000
  0.43059561E+000
