  0.00000000E+000  0.00000000E+000  0.00000000E+000  0.00000000E+000  0.00000000E+000  0.93662127E-001  0.19283099E+001  0.12499507E+002  0.31295227E+002  0.78686205E+002  0.15900738E+003
  0.00000000E+000  0.00000000E+000  0.00000000E+000  0.00000000E+000  0.00000000E+000  0.93667089E-001  0.19283625E+001  0.12499745E+002  0.31295495E+002  0.78687176E+002  0.15900841E+003
  0.00000000E+000  0.00000000E+000  0.00000000E+000  0.00000000E+000  0.00000000E+000  0.93670749E-001  0.19284006E+001  0.12499891E+002  0.31295600E+002  0.78687501E+002  0.15900865E+003
  0.00000000E+000  0.00000000E+000  0.00000000E+000  0.00000000E+000  0.00000000E+000  0.93673416E-001  0.19284294E+001  0.12499994E+002  0.31295648E+002  0.78687622E+002  0.15900868E+003
  0.00000000E+000  0.00000000E+000  0.00000000E+000  0.00000000E+000  0.00000000E+000  0.93675275E-001  0.19284509E+001  0.12500066E+002  0.31295666E+002  0.78687651E+002  0.15900865E+003
  0.00000000E+000  0.00000000E+000  0.00000000E+000  0.00000000E+000  0.00000000E+000  0.93676473E-001  0.19284662E+001  0.12500116E+002  0.31295664E+002  0.78687628E+002  0.15900859E+003
  0.00000000E+000  0.00000000E+000  0.00000000E+000  0.00000000E+000  0.00000000E+000  0.93677133E-001  0.19284766E+001  0.12500148E+002  0.31295647E+002  0.78687569E+002  0.15900853E+003
  0.00000000E+000  0.00000000E+000  0.00000000E+000  0.00000000E+000  0.00000000E+000  0.93677362E-001  0.19284827E+001  0.12500165E+002  0.31295619E+002  0.78687486E+002  0.15900845E+003
  0.00000000E+000  0.00000000E+000  0.00000000E+000  0.00000000E+000  0.00000000E+000  0.93677248E-001  0.19284856E+001  0.12500171E+002  0.31295582E+002  0.78687387E+002  0.15900838E+003
  0.00000000E+000  0.00000000E+000  0.00000000E+000  0.00000000E+000  0.00000000E+000  0.93676867E-001  0.19284856E+001  0.12500167E+002  0.31295541E+002  0.78687277E+002  0.15900831E+003
  0.00000000E+000  0.00000000E+000  0.00000000E+000  0.00000000E+000  0.00000000E+000  0.93676279E-001  0.19284834E+001  0.12500155E+002  0.31295496E+002  0.78687162E+002  0.15900824E+003
  0.00000000E+000  0.00000000E+000  0.00000000E+000  0.00000000E+000  0.00000000E+000  0.93675537E-001  0.19284795E+001  0.12500138E+002  0.31295449E+002  0.78687044E+002  0.15900817E+003
  0.00000000E+000  0.00000000E+000  0.00000000E+000  0.00000000E+000  0.00000000E+000  0.93674681E-001  0.19284741E+001  0.12500116E+002  0.31295401E+002  0.78686927E+002  0.15900811E+003
  0.00000000E+000  0.00000000E+000  0.00000000E+000  0.00000000E+000  0.00000000E+000  0.93673745E-001  0.19284675E+001  0.12500090E+002  0.31295353E+002  0.78686810E+002  0.15900804E+003
  0.00000000E+000  0.00000000E+000  0.00000000E+000  0.00000000E+000  0.00000000E+000  0.93672756E-001  0.19284601E+001  0.12500061E+002  0.31295305E+002  0.78686695E+002  0.15900799E+003
  0.00000000E+000  0.00000000E+000  0.00000000E+000  0.00000000E+000  0.00000000E+000  0.93671737E-001  0.19284519E+001  0.12500030E+002  0.31295258E+002  0.78686584E+002  0.15900793E+003
  0.00000000E+000  0.00000000E+000  0.00000000E+000  0.00000000E+000  0.00000000E+000  0.93670706E-001  0.19284433E+001  0.12499998E+002  0.31295211E+002  0.78686477E+002  0.15900788E+003
  0.00000000E+000  0.00000000E+000  0.00000000E+000  0.00000000E+000  0.00000000E+000  0.93669676E-001  0.19284342E+001  0.12499964E+002  0.31295166E+002  0.78686375E+002  0.15900783E+003
  0.00000000E+000  0.00000000E+000  0.00000000E+000  0.00000000E+000  0.00000000E+000  0.93668658E-001  0.19284249E+001  0.12499929E+002  0.31295123E+002  0.78686277E+002  0.15900779E+003
  0.00000000E+000  0.00000000E+000  0.00000000E+000  0.00000000E+000  0.00000000E+000  0.93667663E-001  0.19284154E+001  0.12499894E+002  0.31295080E+002  0.78686185E+002  0.15900775E+003
  0.00000000E+000  0.00000000E+000  0.00000000E+000  0.00000000E+000  0.00000000E+000  0.93666696E-001  0.19284058E+001  0.12499858E+002  0.31295040E+002  0.78686097E+002  0.15900771E+003
  0.00000000E+000  0.00000000E+000  0.00000000E+000  0.00000000E+000  0.00000000E+000  0.93665762E-001  0.19283962E+001  0.12499822E+002  0.31295001E+002  0.78686014E+002  0.15900768E+003
  0.00000000E+000  0.00000000E+000  0.00000000E+000  0.00000000E+000  0.00000000E+000  0.93664867E-001  0.19283865E+001  0.12499786E+002  0.31294963E+002  0.78685935E+002  0.15900765E+003
  0.00000000E+000  0.00000000E+000  0.00000000E+000  0.00000000E+000  0.00000000E+000  0.93664012E-001  0.19283770E+001  0.12499750E+002  0.31294927E+002  0.78685860E+002  0.15900762E+003
  0.00000000E+000  0.00000000E+000  0.00000000E+000  0.00000000E+000  0.00000000E+000  0.93663199E-001  0.19283675E+001  0.12499714E+002  0.31294893E+002  0.78685789E+002  0.15900759E+003
  0.00000000E+000  0.00000000E+000  0.00000000E+000  0.00000000E+000  0.00000000E+000  0.93662431E-001  0.19283581E+001  0.12499679E+002  0.31294860E+002  0.78685721E+002  0.15900756E+003
  0.00000000E+000  0.00000000E+000  0.00000000E+000  0.00000000E+000  0.00000000E+000  0.93661708E-001  0.19283490E+001  0.12499644E+002  0.31294828E+002  0.78685657E+002  0.15900754E+003
  0.00000000E+000  0.00000000E+000  0.00000000E+000  0.00000000E+000  0.00000000E+000  0.93661030E-001  0.19283400E+001  0.12499609E+002  0.31294798E+002  0.78685596E+002  0.15900751E+003
  0.00000000E+000  0.00000000E+000  0.00000000E+000  0.00000000E+000  0.00000000E+000  0.93660397E-001  0.19283312E+001  0.12499575E+002  0.31294769E+002  0.78685538E+002  0.15900749E+003
  0.00000000E+000  0.00000000E+000  0.00000000E+000  0.00000000E+000  0.00000000E+000  0.93659810E-001  0.19283226E+001  0.12499542E+002  0.31294742E+002  0.78685482E+002  0.15900747E+003
  0.00000000E+000  0.00000000E+000  0.00000000E+000  0.00000000E+000  0.00000000E+000  0.93659266E-001  0.19283143E+001  0.12499509E+002  0.31294716E+002  0.78685429E+002  0.15900745E+003
  0.00000000E+000  0.00000000E+000  0.00000000E+000  0.00000000E+000  0.00000000E+000  0.93658767E-001  0.19283062E+001  0.12499477E+002  0.31294691E+002  0.78685378E+002  0.15900744E+003
  0.00000000E+000  0.00000000E+000  0.00000000E+000  0.00000000E+000  0.00000000E+000  0.93658312E-001  0.19282984E+001  0.12499446E+002  0.31294667E+002  0.78685330E+002  0.15900742E+003
  0.00000000E+000  0.00000000E+000  0.00000000E+000  0.00000000E+000  0.00000000E+000  0.93657898E-001  0.19282910E+001  0.12499415E+002  0.31294644E+002  0.78685284E+002  0.15900740E+003
  0.00000000E+000  0.00000000E+000  0.00000000E+000  0.00000000E+000  0.00000000E+000  0.93657526E-001  0.19282838E+001  0.12499386E+002  0.31294623E+002  0.78685239E+002  0.15900739E+003
  0.00000000E+000  0.00000000E+000  0.00000000E+000  0.00000000E+000  0.00000000E+000  0.93657195E-001  0.19282770E+001  0.12499357E+002  0.31294602E+002  0.78685197E+002  0.15900737E+003
  0.00000000E+000  0.00000000E+000  0.00000000E+000  0.00000000E+000  0.00000000E+000  0.93656904E-001  0.19282705E+001  0.12499329E+002  0.31294583E+002  0.78685156E+002  0.15900736E+003
  0.00000000E+000  0.00000000E+000  0.00000000E+000  0.00000000E+000  0.00000000E+000  0.93656652E-001  0.19282643E+001  0.12499303E+002  0.31294564E+002  0.78685118E+002  0.15900734E+003
  0.00000000E+000  0.00000000E+000  0.00000000E+000  0.00000000E+000  0.00000000E+000  0.93656437E-001  0.19282585E+001  0.12499277E+002  0.31294547E+002  0.78685081E+002  0.15900733E+003
  0.00000000E+000  0.00000000E+000  0.00000000E+000  0.00000000E+000  0.00000000E+000  0.93656260E-001  0.19282530E+001  0.12499253E+002  0.31294531E+002  0.78685045E+002  0.15900731E+003
  0.00000000E+000  0.00000000E+000  0.00000000E+000  0.00000000E+000  0.00000000E+000  0.93656118E-001  0.19282479E+001  0.12499229E+002  0.31294516E+002  0.78685012E+002  0.15900730E+003
  0.00000000E+000  0.00000000E+000  0.00000000E+000  0.00000000E+000  0.00000000E+000  0.93656011E-001  0.19282432E+001  0.12499207E+002  0.31294502E+002  0.78684979E+002  0.15900728E+003
  0.00000000E+000  0.00000000E+000  0.00000000E+000  0.00000000E+000  0.00000000E+000  0.93655938E-001  0.19282388E+001  0.12499186E+002  0.31294489E+002  0.78684949E+002  0.15900727E+003
  0.00000000E+000  0.00000000E+000  0.00000000E+000  0.00000000E+000  0.00000000E+000  0.93655898E-001  0.19282347E+001  0.12499167E+002  0.31294477E+002  0.78684919E+002  0.15900726E+003
  0.00000000E+000  0.00000000E+000  0.00000000E+000  0.00000000E+000  0.00000000E+000  0.93655888E-001  0.19282310E+001  0.12499148E+002  0.31294466E+002  0.78684892E+002  0.15900724E+003
  0.00000000E+000  0.00000000E+000  0.00000000E+000  0.00000000E+000  0.00000000E+000  0.93655909E-001  0.19282277E+001  0.12499131E+002  0.31294457E+002  0.78684865E+002  0.15900723E+003
  0.00000000E+000  0.00000000E+000  0.00000000E+000  0.00000000E+000  0.00000000E+000  0.93655958E-001  0.19282247E+001  0.12499115E+002  0.31294448E+002  0.78684840E+002  0.15900721E+003
  0.00000000E+000  0.00000000E+000  0.00000000E+000  0.00000000E+000  0.00000000E+000  0.93656034E-001  0.19282220E+001  0.12499100E+002  0.31294441E+002  0.78684816E+002  0.15900720E+003
  0.00000000E+000  0.00000000E+000  0.00000000E+000  0.00000000E+000  0.00000000E+000  0.93656135E-001  0.19282195E+001  0.12499087E+002  0.31294435E+002  0.78684793E+002  0.15900718E+003
  0.00000000E+000  0.00000000E+000  0.00000000E+000  0.00000000E+000  0.00000000E+000  0.93656259E-001  0.19282174E+001  0.12499075E+002  0.31294430E+002  0.78684771E+002  0.15900717E+003
  0.00000000E+000  0.00000000E+000  0.00000000E+000  0.00000000E+000  0.00000000E+000  0.93656404E-001  0.19282156E+001  0.12499063E+002  0.31294426E+002  0.78684750E+002  0.15900715E+003
  0.00000000E+000  0.00000000E+000  0.00000000E+000  0.00000000E+000  0.00000000E+000  0.93656568E-001  0.19282140E+001  0.12499053E+002  0.31294423E+002  0.78684730E+002  0.15900713E+003
  0.00000000E+000  0.00000000E+000  0.00000000E+000  0.00000000E+000  0.00000000E+000  0.93656749E-001  0.19282126E+001  0.12499044E+002  0.31294420E+002  0.78684711E+002  0.15900711E+003
  0.00000000E+000  0.00000000E+000  0.00000000E+000  0.00000000E+000  0.00000000E+000  0.93656945E-001  0.19282115E+001  0.12499036E+002  0.31294419E+002  0.78684693E+002  0.15900710E+003
  0.00000000E+000  0.00000000E+000  0.00000000E+000  0.00000000E+000  0.00000000E+000  0.93657153E-001  0.19282106E+001  0.12499029E+002  0.31294418E+002  0.78684676E+002  0.15900708E+003
  0.00000000E+000  0.00000000E+000  0.00000000E+000  0.00000000E+000  0.00000000E+000  0.93657372E-001  0.19282099E+001  0.12499023E+002  0.31294418E+002  0.78684659E+002  0.15900706E+003
  0.00000000E+000  0.00000000E+000  0.00000000E+000  0.00000000E+000  0.00000000E+000  0.93657600E-001  0.19282093E+001  0.12499017E+002  0.31294419E+002  0.78684643E+002  0.15900704E+003
  0.00000000E+000  0.00000000E+000  0.00000000E+000  0.00000000E+000  0.00000000E+000  0.93657834E-001  0.19282090E+001  0.12499012E+002  0.31294420E+002  0.78684628E+002  0.15900702E+003
  0.00000000E+000  0.00000000E+000  0.00000000E+000  0.00000000E+000  0.00000000E+000  0.93658074E-001  0.19282087E+001  0.12499007E+002  0.31294422E+002  0.78684613E+002  0.15900699E+003
  0.00000000E+000  0.00000000E+000  0.00000000E+000  0.00000000E+000  0.00000000E+000  0.93658317E-001  0.19282086E+001  0.12499004E+002  0.31294424E+002  0.78684599E+002  0.15900697E+003
  0.00000000E+000  0.00000000E+000  0.00000000E+000  0.00000000E+000  0.00000000E+000  0.93658563E-001  0.19282087E+001  0.12499000E+002  0.31294427E+002  0.78684586E+002  0.15900695E+003
  0.00000000E+000  0.00000000E+000  0.00000000E+000  0.00000000E+000  0.00000000E+000  0.93658809E-001  0.19282088E+001  0.12498997E+002  0.31294429E+002  0.78684573E+002  0.15900693E+003
  0.00000000E+000  0.00000000E+000  0.00000000E+000  0.00000000E+000  0.00000000E+000  0.93659055E-001  0.19282091E+001  0.12498994E+002  0.31294433E+002  0.78684561E+002  0.15900690E+003
  0.00000000E+000  0.00000000E+000  0.00000000E+000  0.00000000E+000  0.00000000E+000  0.93659299E-001  0.19282094E+001  0.12498992E+002  0.31294436E+002  0.78684549E+002  0.15900688E+003
  0.00000000E+000  0.00000000E+000  0.00000000E+000  0.00000000E+000  0.00000000E+000  0.93659541E-001  0.19282099E+001  0.12498990E+002  0.31294440E+002  0.78684538E+002  0.15900685E+003
  0.00000000E+000  0.00000000E+000  0.00000000E+000  0.00000000E+000  0.00000000E+000  0.93659780E-001  0.19282105E+001  0.12498988E+002  0.31294444E+002  0.78684527E+002  0.15900683E+003
  0.00000000E+000  0.00000000E+000  0.00000000E+000  0.00000000E+000  0.00000000E+000  0.93660014E-001  0.19282111E+001  0.12498987E+002  0.31294448E+002  0.78684517E+002  0.15900680E+003
  0.00000000E+000  0.00000000E+000  0.00000000E+000  0.00000000E+000  0.00000000E+000  0.93660244E-001  0.19282119E+001  0.12498986E+002  0.31294453E+002  0.78684507E+002  0.15900678E+003
  0.00000000E+000  0.00000000E+000  0.00000000E+000  0.00000000E+000  0.00000000E+000  0.93660468E-001  0.19282127E+001  0.12498985E+002  0.31294457E+002  0.78684498E+002  0.15900675E+003
  0.00000000E+000  0.00000000E+000  0.00000000E+000  0.00000000E+000  0.00000000E+000  0.93660686E-001  0.19282136E+001  0.12498984E+002  0.31294462E+002  0.78684489E+002  0.15900672E+003
  0.00000000E+000  0.00000000E+000  0.00000000E+000  0.00000000E+000  0.00000000E+000  0.93660898E-001  0.19282147E+001  0.12498983E+002  0.31294467E+002  0.78684481E+002  0.15900669E+003
  0.00000000E+000  0.00000000E+000  0.00000000E+000  0.00000000E+000  0.00000000E+000  0.93661102E-001  0.19282158E+001  0.12498983E+002  0.31294472E+002  0.78684473E+002  0.15900666E+003
  0.00000000E+000  0.00000000E+000  0.00000000E+000  0.00000000E+000  0.00000000E+000  0.93661298E-001  0.19282169E+001  0.12498983E+002  0.31294477E+002  0.78684466E+002  0.15900663E+003
  0.00000000E+000  0.00000000E+000  0.00000000E+000  0.00000000E+000  0.00000000E+000  0.93661485E-001  0.19282182E+001  0.12498984E+002  0.31294482E+002  0.78684459E+002  0.15900660E+003
  0.00000000E+000  0.00000000E+000  0.00000000E+000  0.00000000E+000  0.00000000E+000  0.93661664E-001  0.19282195E+001  0.12498984E+002  0.31294487E+002  0.78684453E+002  0.15900657E+003
  0.00000000E+000  0.00000000E+000  0.00000000E+000  0.00000000E+000  0.00000000E+000  0.93661835E-001  0.19282209E+001  0.12498985E+002  0.31294492E+002  0.78684447E+002  0.15900654E+003
  0.00000000E+000  0.00000000E+000  0.00000000E+000  0.00000000E+000  0.00000000E+000  0.93661995E-001  0.19282224E+001  0.12498987E+002  0.31294498E+002  0.78684442E+002  0.15900651E+003
  0.00000000E+000  0.00000000E+000  0.00000000E+000  0.00000000E+000  0.00000000E+000  0.93662147E-001  0.19282239E+001  0.12498988E+002  0.31294503E+002  0.78684437E+002  0.15900648E+003
  0.00000000E+000  0.00000000E+000  0.00000000E+000  0.00000000E+000  0.00000000E+000  0.93662288E-001  0.19282256E+001  0.12498990E+002  0.31294509E+002  0.78684432E+002  0.15900644E+003
  0.00000000E+000  0.00000000E+000  0.00000000E+000  0.00000000E+000  0.00000000E+000  0.93662420E-001  0.19282272E+001  0.12498993E+002  0.31294515E+002  0.78684428E+002  0.15900641E+003
  0.00000000E+000  0.00000000E+000  0.00000000E+000  0.00000000E+000  0.00000000E+000  0.93662542E-001  0.19282290E+001  0.12498995E+002  0.31294520E+002  0.78684425E+002  0.15900637E+003
  0.00000000E+000  0.00000000E+000  0.00000000E+000  0.00000000E+000  0.00000000E+000  0.93662655E-001  0.19282307E+001  0.12498998E+002  0.31294526E+002  0.78684422E+002  0.15900634E+003
  0.00000000E+000  0.00000000E+000  0.00000000E+000  0.00000000E+000  0.00000000E+000  0.93662758E-001  0.19282326E+001  0.12499002E+002  0.31294532E+002  0.78684420E+002  0.15900630E+003
  0.00000000E+000  0.00000000E+000  0.00000000E+000  0.00000000E+000  0.00000000E+000  0.93662852E-001  0.19282344E+001  0.12499005E+002  0.31294538E+002  0.78684418E+002  0.15900627E+003
  0.00000000E+000  0.00000000E+000  0.00000000E+000  0.00000000E+000  0.00000000E+000  0.93662936E-001  0.19282363E+001  0.12499010E+002  0.31294544E+002  0.78684416E+002  0.15900623E+003
  0.00000000E+000  0.00000000E+000  0.00000000E+000  0.00000000E+000  0.00000000E+000  0.93663011E-001  0.19282383E+001  0.12499014E+002  0.31294550E+002  0.78684415E+002  0.15900620E+003
  0.00000000E+000  0.00000000E+000  0.00000000E+000  0.00000000E+000  0.00000000E+000  0.93663078E-001  0.19282403E+001  0.12499019E+002  0.31294557E+002  0.78684414E+002  0.15900616E+003
  0.00000000E+000  0.00000000E+000  0.00000000E+000  0.00000000E+000  0.00000000E+000  0.93663137E-001  0.19282423E+001  0.12499024E+002  0.31294563E+002  0.78684414E+002  0.15900612E+003
  0.00000000E+000  0.00000000E+000  0.00000000E+000  0.00000000E+000  0.00000000E+000  0.93663187E-001  0.19282443E+001  0.12499029E+002  0.31294569E+002  0.78684414E+002  0.15900608E+003
  0.00000000E+000  0.00000000E+000  0.00000000E+000  0.00000000E+000  0.00000000E+000  0.93663231E-001  0.19282463E+001  0.12499035E+002  0.31294576E+002  0.78684415E+002  0.15900605E+003
  0.00000000E+000  0.00000000E+000  0.00000000E+000  0.00000000E+000  0.00000000E+000  0.93663267E-001  0.19282484E+001  0.12499041E+002  0.31294583E+002  0.78684416E+002  0.15900601E+003
  0.00000000E+000  0.00000000E+000  0.00000000E+000  0.00000000E+000  0.00000000E+000  0.93663296E-001  0.19282504E+001  0.12499048E+002  0.31294589E+002  0.78684417E+002  0.15900597E+003
  0.00000000E+000  0.00000000E+000  0.00000000E+000  0.00000000E+000  0.00000000E+000  0.93663319E-001  0.19282525E+001  0.12499054E+002  0.31294596E+002  0.78684419E+002  0.15900593E+003
  0.00000000E+000  0.00000000E+000  0.00000000E+000  0.00000000E+000  0.00000000E+000  0.93663336E-001  0.19282545E+001  0.12499061E+002  0.31294603E+002  0.78684422E+002  0.15900589E+003
  0.00000000E+000  0.00000000E+000  0.00000000E+000  0.00000000E+000  0.00000000E+000  0.93663348E-001  0.19282566E+001  0.12499069E+002  0.31294610E+002  0.78684424E+002  0.15900585E+003
  0.00000000E+000  0.00000000E+000  0.00000000E+000  0.00000000E+000  0.00000000E+000  0.93663355E-001  0.19282586E+001  0.12499076E+002  0.31294617E+002  0.78684427E+002  0.15900582E+003
  0.00000000E+000  0.00000000E+000  0.00000000E+000  0.00000000E+000  0.00000000E+000  0.93663358E-001  0.19282607E+001  0.12499084E+002  0.31294625E+002  0.78684431E+002  0.15900578E+003
  0.00000000E+000  0.00000000E+000  0.00000000E+000  0.00000000E+000  0.00000000E+000  0.93663356E-001  0.19282627E+001  0.12499092E+002  0.31294632E+002  0.78684435E+002  0.15900574E+003
  0.00000000E+000  0.00000000E+000  0.00000000E+000  0.00000000E+000  0.00000000E+000  0.93663351E-001  0.19282647E+001  0.12499100E+002  0.31294639E+002  0.78684439E+002  0.15900571E+003
  0.00000000E+000  0.00000000E+000  0.00000000E+000  0.00000000E+000  0.00000000E+000  0.93663343E-001  0.19282667E+001  0.12499108E+002  0.31294647E+002  0.78684444E+002  0.15900567E+003
  0.00000000E+000  0.00000000E+000  0.00000000E+000  0.00000000E+000  0.00000000E+000  0.93663331E-001  0.19282686E+001  0.12499117E+002  0.31294655E+002  0.78684449E+002  0.15900563E+003
  0.00000000E+000  0.00000000E+000  0.00000000E+000  0.00000000E+000  0.00000000E+000  0.93663317E-001  0.19282706E+001  0.12499125E+002  0.31294663E+002  0.78684455E+002  0.15900560E+003
  0.00000000E+000  0.00000000E+000  0.00000000E+000  0.00000000E+000  0.00000000E+000  0.93663301E-001  0.19282725E+001  0.12499134E+002  0.31294671E+002  0.78684461E+002  0.15900556E+003
  0.00000000E+000  0.00000000E+000  0.00000000E+000  0.00000000E+000  0.00000000E+000  0.93663283E-001  0.19282743E+001  0.12499143E+002  0.31294679E+002  0.78684468E+002  0.15900553E+003
  0.00000000E+000  0.00000000E+000  0.00000000E+000  0.00000000E+000  0.00000000E+000  0.93663264E-001  0.19282762E+001  0.12499152E+002  0.31294687E+002  0.78684475E+002  0.15900550E+003
  0.00000000E+000  0.00000000E+000  0.00000000E+000  0.00000000E+000  0.00000000E+000  0.93663243E-001  0.19282780E+001  0.12499160E+002  0.31294696E+002  0.78684482E+002  0.15900547E+003
  0.00000000E+000  0.00000000E+000  0.00000000E+000  0.00000000E+000  0.00000000E+000  0.93663220E-001  0.19282797E+001  0.12499169E+002  0.31294704E+002  0.78684490E+002  0.15900544E+003
  0.00000000E+000  0.00000000E+000  0.00000000E+000  0.00000000E+000  0.00000000E+000  0.93663197E-001  0.19282814E+001  0.12499178E+002  0.31294713E+002  0.78684498E+002  0.15900541E+003
  0.00000000E+000  0.00000000E+000  0.00000000E+000  0.00000000E+000  0.00000000E+000  0.93663174E-001  0.19282831E+001  0.12499187E+002  0.31294722E+002  0.78684507E+002  0.15900538E+003
  0.00000000E+000  0.00000000E+000  0.00000000E+000  0.00000000E+000  0.00000000E+000  0.93663150E-001  0.19282847E+001  0.12499196E+002  0.31294731E+002  0.78684517E+002  0.15900535E+003
  0.00000000E+000  0.00000000E+000  0.00000000E+000  0.00000000E+000  0.00000000E+000  0.93663125E-001  0.19282862E+001  0.12499205E+002  0.31294740E+002  0.78684526E+002  0.15900532E+003
  0.00000000E+000  0.00000000E+000  0.00000000E+000  0.00000000E+000  0.00000000E+000  0.93663100E-001  0.19282877E+001  0.12499214E+002  0.31294749E+002  0.78684537E+002  0.15900530E+003
  0.00000000E+000  0.00000000E+000  0.00000000E+000  0.00000000E+000  0.00000000E+000  0.93663075E-001  0.19282892E+001  0.12499223E+002  0.31294758E+002  0.78684548E+002  0.15900528E+003
  0.00000000E+000  0.00000000E+000  0.00000000E+000  0.00000000E+000  0.00000000E+000  0.93663050E-001  0.19282906E+001  0.12499231E+002  0.31294767E+002  0.78684559E+002  0.15900526E+003
  0.00000000E+000  0.00000000E+000  0.00000000E+000  0.00000000E+000  0.00000000E+000  0.93663026E-001  0.19282919E+001  0.12499240E+002  0.31294776E+002  0.78684571E+002  0.15900524E+003
  0.00000000E+000  0.00000000E+000  0.00000000E+000  0.00000000E+000  0.00000000E+000  0.93663001E-001  0.19282932E+001  0.12499249E+002  0.31294785E+002  0.78684583E+002  0.15900522E+003
  0.00000000E+000  0.00000000E+000  0.00000000E+000  0.00000000E+000  0.00000000E+000  0.93662977E-001  0.19282944E+001  0.12499257E+002  0.31294794E+002  0.78684596E+002  0.15900520E+003
  0.00000000E+000  0.00000000E+000  0.00000000E+000  0.00000000E+000  0.00000000E+000  0.93662953E-001  0.19282956E+001  0.12499265E+002  0.31294804E+002  0.78684609E+002  0.15900518E+003
  0.00000000E+000  0.00000000E+000  0.00000000E+000  0.00000000E+000  0.00000000E+000  0.93662929E-001  0.19282967E+001  0.12499274E+002  0.31294813E+002  0.78684623E+002  0.15900517E+003
  0.00000000E+000  0.00000000E+000  0.00000000E+000  0.00000000E+000  0.00000000E+000  0.93662906E-001  0.19282977E+001  0.12499282E+002  0.31294822E+002  0.78684637E+002  0.15900516E+003
  0.00000000E+000  0.00000000E+000  0.00000000E+000  0.00000000E+000  0.00000000E+000  0.93662883E-001  0.19282987E+001  0.12499290E+002  0.31294832E+002  0.78684652E+002  0.15900515E+003
  0.00000000E+000  0.00000000E+000  0.00000000E+000  0.00000000E+000  0.00000000E+000  0.93662860E-001  0.19282997E+001  0.12499298E+002  0.31294841E+002  0.78684667E+002  0.15900514E+003
  0.00000000E+000  0.00000000E+000  0.00000000E+000  0.00000000E+000  0.00000000E+000  0.93662838E-001  0.19283006E+001  0.12499305E+002  0.31294850E+002  0.78684683E+002  0.15900513E+003
  0.00000000E+000  0.00000000E+000  0.00000000E+000  0.00000000E+000  0.00000000E+000  0.93662816E-001  0.19283014E+001  0.12499313E+002  0.31294859E+002  0.78684699E+002  0.15900512E+003
  0.00000000E+000  0.00000000E+000  0.00000000E+000  0.00000000E+000  0.00000000E+000  0.93662795E-001  0.19283022E+001  0.12499320E+002  0.31294869E+002  0.78684716E+002  0.15900512E+003
  0.00000000E+000  0.00000000E+000  0.00000000E+000  0.00000000E+000  0.00000000E+000  0.93662774E-001  0.19283029E+001  0.12499327E+002  0.31294878E+002  0.78684733E+002  0.15900512E+003
  0.00000000E+000  0.00000000E+000  0.00000000E+000  0.00000000E+000  0.00000000E+000  0.93662754E-001  0.19283036E+001  0.12499334E+002  0.31294887E+002  0.78684750E+002  0.15900512E+003
  0.00000000E+000  0.00000000E+000  0.00000000E+000  0.00000000E+000  0.00000000E+000  0.93662733E-001  0.19283042E+001  0.12499341E+002  0.31294896E+002  0.78684768E+002  0.15900512E+003
  0.00000000E+000  0.00000000E+000  0.00000000E+000  0.00000000E+000  0.00000000E+000  0.93662713E-001  0.19283048E+001  0.12499347E+002  0.31294905E+002  0.78684787E+002  0.15900512E+003
  0.00000000E+000  0.00000000E+000  0.00000000E+000  0.00000000E+000  0.00000000E+000  0.93662694E-001  0.19283054E+001  0.12499354E+002  0.31294914E+002  0.78684805E+002  0.15900512E+003
  0.00000000E+000  0.00000000E+000  0.00000000E+000  0.00000000E+000  0.00000000E+000  0.93662675E-001  0.19283059E+001  0.12499360E+002  0.31294922E+002  0.78684825E+002  0.15900513E+003
  0.00000000E+000  0.00000000E+000  0.00000000E+000  0.00000000E+000  0.00000000E+000  0.93662656E-001  0.19283064E+001  0.12499366E+002  0.31294931E+002  0.78684844E+002  0.15900513E+003
  0.00000000E+000  0.00000000E+000  0.00000000E+000  0.00000000E+000  0.00000000E+000  0.93662637E-001  0.19283068E+001  0.12499372E+002  0.31294940E+002  0.78684864E+002  0.15900514E+003
  0.00000000E+000  0.00000000E+000  0.00000000E+000  0.00000000E+000  0.00000000E+000  0.93662619E-001  0.19283072E+001  0.12499378E+002  0.31294948E+002  0.78684884E+002  0.15900515E+003
  0.00000000E+000  0.00000000E+000  0.00000000E+000  0.00000000E+000  0.00000000E+000  0.93662601E-001  0.19283076E+001  0.12499383E+002  0.31294956E+002  0.78684905E+002  0.15900516E+003
  0.00000000E+000  0.00000000E+000  0.00000000E+000  0.00000000E+000  0.00000000E+000  0.93662583E-001  0.19283079E+001  0.12499389E+002  0.31294965E+002  0.78684926E+002  0.15900517E+003
  0.00000000E+000  0.00000000E+000  0.00000000E+000  0.00000000E+000  0.00000000E+000  0.93662566E-001  0.19283082E+001  0.12499394E+002  0.31294973E+002  0.78684947E+002  0.15900519E+003
  0.00000000E+000  0.00000000E+000  0.00000000E+000  0.00000000E+000  0.00000000E+000  0.93662548E-001  0.19283085E+001  0.12499399E+002  0.31294981E+002  0.78684968E+002  0.15900520E+003
  0.00000000E+000  0.00000000E+000  0.00000000E+000  0.00000000E+000  0.00000000E+000  0.93662531E-001  0.19283087E+001  0.12499404E+002  0.31294988E+002  0.78684990E+002  0.15900522E+003
  0.00000000E+000  0.00000000E+000  0.00000000E+000  0.00000000E+000  0.00000000E+000  0.93662514E-001  0.19283089E+001  0.12499408E+002  0.31294996E+002  0.78685012E+002  0.15900523E+003
  0.00000000E+000  0.00000000E+000  0.00000000E+000  0.00000000E+000  0.00000000E+000  0.93662498E-001  0.19283091E+001  0.12499413E+002  0.31295004E+002  0.78685034E+002  0.15900525E+003
  0.00000000E+000  0.00000000E+000  0.00000000E+000  0.00000000E+000  0.00000000E+000  0.93662482E-001  0.19283093E+001  0.12499417E+002  0.31295011E+002  0.78685056E+002  0.15900527E+003
  0.00000000E+000  0.00000000E+000  0.00000000E+000  0.00000000E+000  0.00000000E+000  0.93662465E-001  0.19283095E+001  0.12499421E+002  0.31295018E+002  0.78685078E+002  0.15900529E+003
  0.00000000E+000  0.00000000E+000  0.00000000E+000  0.00000000E+000  0.00000000E+000  0.93662450E-001  0.19283096E+001  0.12499425E+002  0.31295025E+002  0.78685100E+002  0.15900531E+003
  0.00000000E+000  0.00000000E+000  0.00000000E+000  0.00000000E+000  0.00000000E+000  0.93662434E-001  0.19283097E+001  0.12499429E+002  0.31295032E+002  0.78685123E+002  0.15900533E+003
  0.00000000E+000  0.00000000E+000  0.00000000E+000  0.00000000E+000  0.00000000E+000  0.93662419E-001  0.19283098E+001  0.12499432E+002  0.31295039E+002  0.78685146E+002  0.15900536E+003
  0.00000000E+000  0.00000000E+000  0.00000000E+000  0.00000000E+000  0.00000000E+000  0.93662403E-001  0.19283099E+001  0.12499436E+002  0.31295046E+002  0.78685168E+002  0.15900538E+003
  0.00000000E+000  0.00000000E+000  0.00000000E+000  0.00000000E+000  0.00000000E+000  0.93662389E-001  0.19283100E+001  0.12499439E+002  0.31295052E+002  0.78685191E+002  0.15900541E+003
  0.00000000E+000  0.00000000E+000  0.00000000E+000  0.00000000E+000  0.00000000E+000  0.93662374E-001  0.19283101E+001  0.12499442E+002  0.31295058E+002  0.78685213E+002  0.15900543E+003
  0.00000000E+000  0.00000000E+000  0.00000000E+000  0.00000000E+000  0.00000000E+000  0.93662360E-001  0.19283101E+001  0.12499446E+002  0.31295065E+002  0.78685236E+002  0.15900546E+003
  0.00000000E+000  0.00000000E+000  0.00000000E+000  0.00000000E+000  0.00000000E+000  0.93662346E-001  0.19283102E+001  0.12499448E+002  0.31295070E+002  0.78685259E+002  0.15900549E+003
  0.00000000E+000  0.00000000E+000  0.00000000E+000  0.00000000E+000  0.00000000E+000  0.93662332E-001  0.19283102E+001  0.12499451E+002  0.31295076E+002  0.78685281E+002  0.15900551E+003
  0.00000000E+000  0.00000000E+000  0.00000000E+000  0.00000000E+000  0.00000000E+000  0.93662318E-001  0.19283102E+001  0.12499454E+002  0.31295082E+002  0.78685304E+002  0.15900554E+003
  0.00000000E+000  0.00000000E+000  0.00000000E+000  0.00000000E+000  0.00000000E+000  0.93662305E-001  0.19283102E+001  0.12499456E+002  0.31295087E+002  0.78685326E+002  0.15900557E+003
  0.00000000E+000  0.00000000E+000  0.00000000E+000  0.00000000E+000  0.00000000E+000  0.93662292E-001  0.19283102E+001  0.12499459E+002  0.31295093E+002  0.78685348E+002  0.15900560E+003
  0.00000000E+000  0.00000000E+000  0.00000000E+000  0.00000000E+000  0.00000000E+000  0.93662280E-001  0.19283102E+001  0.12499461E+002  0.31295098E+002  0.78685370E+002  0.15900563E+003
  0.00000000E+000  0.00000000E+000  0.00000000E+000  0.00000000E+000  0.00000000E+000  0.93662268E-001  0.19283102E+001  0.12499463E+002  0.31295103E+002  0.78685392E+002  0.15900566E+003
  0.00000000E+000  0.00000000E+000  0.00000000E+000  0.00000000E+000  0.00000000E+000  0.93662256E-001  0.19283102E+001  0.12499465E+002  0.31295108E+002  0.78685413E+002  0.15900569E+003
  0.00000000E+000  0.00000000E+000  0.00000000E+000  0.00000000E+000  0.00000000E+000  0.93662244E-001  0.19283102E+001  0.12499467E+002  0.31295112E+002  0.78685435E+002  0.15900573E+003
  0.00000000E+000  0.00000000E+000  0.00000000E+000  0.00000000E+000  0.00000000E+000  0.93662233E-001  0.19283102E+001  0.12499469E+002  0.31295117E+002  0.78685456E+002  0.15900576E+003
  0.00000000E+000  0.00000000E+000  0.00000000E+000  0.00000000E+000  0.00000000E+000  0.93662222E-001  0.19283102E+001  0.12499471E+002  0.31295121E+002  0.78685477E+002  0.15900579E+003
  0.00000000E+000  0.00000000E+000  0.00000000E+000  0.00000000E+000  0.00000000E+000  0.93662212E-001  0.19283101E+001  0.12499473E+002  0.31295126E+002  0.78685498E+002  0.15900582E+003
  0.00000000E+000  0.00000000E+000  0.00000000E+000  0.00000000E+000  0.00000000E+000  0.93662202E-001  0.19283101E+001  0.12499474E+002  0.31295130E+002  0.78685518E+002  0.15900585E+003
  0.00000000E+000  0.00000000E+000  0.00000000E+000  0.00000000E+000  0.00000000E+000  0.93662192E-001  0.19283101E+001  0.12499476E+002  0.31295134E+002  0.78685538E+002  0.15900589E+003
  0.00000000E+000  0.00000000E+000  0.00000000E+000  0.00000000E+000  0.00000000E+000  0.93662183E-001  0.19283101E+001  0.12499478E+002  0.31295138E+002  0.78685558E+002  0.15900592E+003
  0.00000000E+000  0.00000000E+000  0.00000000E+000  0.00000000E+000  0.00000000E+000  0.93662174E-001  0.19283100E+001  0.12499479E+002  0.31295141E+002  0.78685577E+002  0.15900595E+003
  0.00000000E+000  0.00000000E+000  0.00000000E+000  0.00000000E+000  0.00000000E+000  0.93662166E-001  0.19283100E+001  0.12499480E+002  0.31295145E+002  0.78685597E+002  0.15900598E+003
  0.00000000E+000  0.00000000E+000  0.00000000E+000  0.00000000E+000  0.00000000E+000  0.93662158E-001  0.19283100E+001  0.12499481E+002  0.31295148E+002  0.78685615E+002  0.15900602E+003
  0.00000000E+000  0.00000000E+000  0.00000000E+000  0.00000000E+000  0.00000000E+000  0.93662150E-001  0.19283099E+001  0.12499483E+002  0.31295152E+002  0.78685634E+002  0.15900605E+003
  0.00000000E+000  0.00000000E+000  0.00000000E+000  0.00000000E+000  0.00000000E+000  0.93662143E-001  0.19283099E+001  0.12499484E+002  0.31295155E+002  0.78685652E+002  0.15900608E+003
  0.00000000E+000  0.00000000E+000  0.00000000E+000  0.00000000E+000  0.00000000E+000  0.93662136E-001  0.19283099E+001  0.12499485E+002  0.31295158E+002  0.78685670E+002  0.15900611E+003
  0.00000000E+000  0.00000000E+000  0.00000000E+000  0.00000000E+000  0.00000000E+000  0.93662130E-001  0.19283098E+001  0.12499486E+002  0.31295161E+002  0.78685687E+002  0.15900615E+003
  0.00000000E+000  0.00000000E+000  0.00000000E+000  0.00000000E+000  0.00000000E+000  0.93662124E-001  0.19283098E+001  0.12499487E+002  0.31295164E+002  0.78685704E+002  0.15900618E+003
  0.00000000E+000  0.00000000E+000  0.00000000E+000  0.00000000E+000  0.00000000E+000  0.93662118E-001  0.19283098E+001  0.12499488E+002  0.31295166E+002  0.78685721E+002  0.15900621E+003
  0.00000000E+000  0.00000000E+000  0.00000000E+000  0.00000000E+000  0.00000000E+000  0.93662113E-001  0.19283097E+001  0.12499489E+002  0.31295169E+002  0.78685737E+002  0.15900624E+003
  0.00000000E+000  0.00000000E+000  0.00000000E+000  0.00000000E+000  0.00000000E+000  0.93662108E-001  0.19283097E+001  0.12499489E+002  0.31295171E+002  0.78685753E+002  0.15900627E+003
  0.00000000E+000  0.00000000E+000  0.00000000E+000  0.00000000E+000  0.00000000E+000  0.93662104E-001  0.19283097E+001  0.12499490E+002  0.31295174E+002  0.78685769E+002  0.15900630E+003
  0.00000000E+000  0.00000000E+000  0.00000000E+000  0.00000000E+000  0.00000000E+000  0.93662100E-001  0.19283096E+001  0.12499491E+002  0.31295176E+002  0.78685784E+002  0.15900633E+003
  0.00000000E+000  0.00000000E+000  0.00000000E+000  0.00000000E+000  0.00000000E+000  0.93662096E-001  0.19283096E+001  0.12499492E+002  0.31295178E+002  0.78685799E+002  0.15900636E+003
  0.00000000E+000  0.00000000E+000  0.00000000E+000  0.00000000E+000  0.00000000E+000  0.93662093E-001  0.19283096E+001  0.12499492E+002  0.31295181E+002  0.78685813E+002  0.15900639E+003
  0.00000000E+000  0.00000000E+000  0.00000000E+000  0.00000000E+000  0.00000000E+000  0.93662089E-001  0.19283096E+001  0.12499493E+002  0.31295183E+002  0.78685827E+002  0.15900642E+003
  0.00000000E+000  0.00000000E+000  0.00000000E+000  0.00000000E+000  0.00000000E+000  0.93662087E-001  0.19283095E+001  0.12499494E+002  0.31295185E+002  0.78685841E+002  0.15900645E+003
  0.00000000E+000  0.00000000E+000  0.00000000E+000  0.00000000E+000  0.00000000E+000  0.93662084E-001  0.19283095E+001  0.12499494E+002  0.31295186E+002  0.78685854E+002  0.15900648E+003
  0.00000000E+000  0.00000000E+000  0.00000000E+000  0.00000000E+000  0.00000000E+000  0.93662082E-001  0.19283095E+001  0.12499495E+002  0.31295188E+002  0.78685867E+002  0.15900650E+003
  0.00000000E+000  0.00000000E+000  0.00000000E+000  0.00000000E+000  0.00000000E+000  0.93662080E-001  0.19283095E+001  0.12499495E+002  0.31295190E+002  0.78685880E+002  0.15900653E+003
  0.00000000E+000  0.00000000E+000  0.00000000E+000  0.00000000E+000  0.00000000E+000  0.93662079E-001  0.19283095E+001  0.12499496E+002  0.31295192E+002  0.78685892E+002  0.15900656E+003
  0.00000000E+000  0.00000000E+000  0.00000000E+000  0.00000000E+000  0.00000000E+000  0.93662078E-001  0.19283094E+001  0.12499496E+002  0.31295193E+002  0.78685904E+002  0.15900658E+003
  0.00000000E+000  0.00000000E+000  0.00000000E+000  0.00000000E+000  0.00000000E+000  0.93662077E-001  0.19283094E+001  0.12499497E+002  0.31295195E+002  0.78685915E+002  0.15900661E+003
  0.00000000E+000  0.00000000E+000  0.00000000E+000  0.00000000E+000  0.00000000E+000  0.93662076E-001  0.19283094E+001  0.12499497E+002  0.31295196E+002  0.78685926E+002  0.15900664E+003
  0.00000000E+000  0.00000000E+000  0.00000000E+000  0.00000000E+000  0.00000000E+000  0.93662076E-001  0.19283094E+001  0.12499497E+002  0.31295198E+002  0.78685937E+002  0.15900666E+003
  0.00000000E+000  0.00000000E+000  0.00000000E+000  0.00000000E+000  0.00000000E+000  0.93662076E-001  0.19283094E+001  0.12499498E+002  0.31295199E+002  0.78685947E+002  0.15900668E+003
  0.00000000E+000  0.00000000E+000  0.00000000E+000  0.00000000E+000  0.00000000E+000  0.93662076E-001  0.19283094E+001  0.12499498E+002  0.31295200E+002  0.78685957E+002  0.15900671E+003
  0.00000000E+000  0.00000000E+000  0.00000000E+000  0.00000000E+000  0.00000000E+000  0.93662076E-001  0.19283094E+001  0.12499498E+002  0.31295201E+002  0.78685967E+002  0.15900673E+003
  0.00000000E+000  0.00000000E+000  0.00000000E+000  0.00000000E+000  0.00000000E+000  0.93662077E-001  0.19283094E+001  0.12499499E+002  0.31295202E+002  0.78685976E+002  0.15900675E+003
  0.00000000E+000  0.00000000E+000  0.00000000E+000  0.00000000E+000  0.00000000E+000  0.93662078E-001  0.19283094E+001  0.12499499E+002  0.31295204E+002  0.78685985E+002  0.15900678E+003
  0.00000000E+000  0.00000000E+000  0.00000000E+000  0.00000000E+000  0.00000000E+000  0.93662079E-001  0.19283094E+001  0.12499499E+002  0.31295205E+002  0.78685994E+002  0.15900680E+003
  0.00000000E+000  0.00000000E+000  0.00000000E+000  0.00000000E+000  0.00000000E+000  0.93662081E-001  0.19283094E+001  0.12499500E+002  0.31295206E+002  0.78686003E+002  0.15900682E+003
  0.00000000E+000  0.00000000E+000  0.00000000E+000  0.00000000E+000  0.00000000E+000  0.93662083E-001  0.19283094E+001  0.12499500E+002  0.31295207E+002  0.78686011E+002  0.15900684E+003
  0.00000000E+000  0.00000000E+000  0.00000000E+000  0.00000000E+000  0.00000000E+000  0.93662085E-001  0.19283094E+001  0.12499500E+002  0.31295208E+002  0.78686019E+002  0.15900686E+003
  0.00000000E+000  0.00000000E+000  0.00000000E+000  0.00000000E+000  0.00000000E+000  0.93662087E-001  0.19283094E+001  0.12499501E+002  0.31295209E+002  0.78686026E+002  0.15900688E+003
