  0.58249238E-001
  0.58401837E-001
  0.58550051E-001
  0.58682540E-001
  0.58797975E-001
  0.58897577E-001
  0.58983131E-001
  0.59056442E-001
  0.59119191E-001
  0.59172851E-001
  0.59218704E-001
  0.59257871E-001
  0.59291317E-001
  0.59319874E-001
  0.59344251E-001
  0.59365060E-001
  0.59382821E-001
  0.59397977E-001
  0.59410906E-001
  0.59421932E-001
  0.59431331E-001
  0.59439340E-001
  0.59446162E-001
  0.59451968E-001
  0.59456906E-001
  0.59461103E-001
  0.59464668E-001
  0.59467693E-001
  0.59470258E-001
  0.59472430E-001
  0.59474268E-001
  0.59475824E-001
  0.59477139E-001
  0.59478251E-001
  0.59479192E-001
  0.59479987E-001
  0.59480661E-001
  0.59481232E-001
  0.59481718E-001
  0.59482133E-001
  0.59482488E-001
  0.59482795E-001
  0.59483063E-001
  0.59483299E-001
  0.59483510E-001
  0.59483703E-001
  0.59483882E-001
  0.59484052E-001
  0.59484218E-001
  0.59484381E-001
  0.59484545E-001
  0.59484712E-001
  0.59484883E-001
  0.59485059E-001
  0.59485239E-001
  0.59485424E-001
  0.59485613E-001
  0.59485806E-001
  0.59486000E-001
  0.59486195E-001
  0.59486390E-001
  0.59486583E-001
  0.59486773E-001
  0.59486960E-001
  0.59487141E-001
  0.59487318E-001
  0.59487487E-001
  0.59487650E-001
  0.59487805E-001
  0.59487952E-001
  0.59488091E-001
  0.59488222E-001
  0.59488344E-001
  0.59488458E-001
  0.59488563E-001
  0.59488660E-001
  0.59488749E-001
  0.59488831E-001
  0.59488904E-001
  0.59488971E-001
  0.59489031E-001
  0.59489084E-001
  0.59489131E-001
  0.59489173E-001
  0.59489210E-001
  0.59489242E-001
  0.59489269E-001
  0.59489293E-001
  0.59489313E-001
  0.59489330E-001
  0.59489344E-001
  0.59489355E-001
  0.59489365E-001
  0.59489372E-001
  0.59489378E-001
  0.59489382E-001
  0.59489385E-001
  0.59489388E-001
  0.59489389E-001
  0.59489390E-001
  0.59489390E-001
  0.59489390E-001
  0.59489390E-001
  0.59489390E-001
  0.59489389E-001
  0.59489389E-001
  0.59489388E-001
  0.59489388E-001
  0.59489388E-001
  0.59489388E-001
  0.59489388E-001
  0.59489389E-001
  0.59489390E-001
  0.59489391E-001
  0.59489392E-001
  0.59489393E-001
  0.59489395E-001
  0.59489397E-001
  0.59489399E-001
  0.59489402E-001
  0.59489405E-001
  0.59489408E-001
  0.59489411E-001
  0.59489414E-001
  0.59489417E-001
  0.59489421E-001
  0.59489425E-001
  0.59489429E-001
  0.59489433E-001
  0.59489437E-001
  0.59489441E-001
  0.59489445E-001
  0.59489450E-001
  0.59489454E-001
  0.59489459E-001
  0.59489463E-001
  0.59489468E-001
  0.59489472E-001
  0.59489477E-001
  0.59489482E-001
  0.59489486E-001
  0.59489491E-001
  0.59489495E-001
  0.59489499E-001
  0.59489504E-001
  0.59489508E-001
  0.59489512E-001
  0.59489516E-001
  0.59489520E-001
  0.59489524E-001
  0.59489528E-001
  0.59489532E-001
  0.59489536E-001
  0.59489539E-001
  0.59489542E-001
  0.59489546E-001
  0.59489549E-001
  0.59489552E-001
  0.59489555E-001
  0.59489557E-001
  0.59489560E-001
  0.59489562E-001
  0.59489564E-001
  0.59489567E-001
  0.59489569E-001
  0.59489570E-001
  0.59489572E-001
  0.59489574E-001
  0.59489575E-001
  0.59489576E-001
  0.59489577E-001
  0.59489578E-001
  0.59489579E-001
  0.59489580E-001
  0.59489581E-001
  0.59489581E-001
  0.59489582E-001
  0.59489582E-001
  0.59489582E-001
  0.59489583E-001
  0.59489583E-001
  0.59489583E-001
  0.59489582E-001
  0.59489582E-001
  0.59489582E-001
  0.59489582E-001
  0.59489581E-001
  0.59489581E-001
  0.59489581E-001
  0.59489580E-001
  0.59489580E-001
  0.59489579E-001
  0.59489578E-001
  0.59489578E-001
  0.59489577E-001
  0.59489576E-001
  0.59489576E-001
  0.59489575E-001
  0.59489578E-001
  0.59489579E-001
