  0.10513981E+002
  0.10513998E+002
  0.10514014E+002
  0.10514029E+002
  0.10514045E+002
  0.10514060E+002
  0.10514075E+002
  0.10514091E+002
  0.10514106E+002
  0.10514122E+002
  0.10514138E+002
  0.10514154E+002
  0.10514170E+002
  0.10514186E+002
  0.10514203E+002
  0.10514219E+002
  0.10514236E+002
  0.10514253E+002
  0.10514271E+002
  0.10514289E+002
  0.10514307E+002
  0.10514326E+002
  0.10514345E+002
  0.10514364E+002
  0.10514384E+002
  0.10514404E+002
  0.10514425E+002
  0.10514447E+002
  0.10514469E+002
  0.10514491E+002
  0.10514515E+002
  0.10514539E+002
  0.10514564E+002
  0.10514589E+002
  0.10514616E+002
  0.10514643E+002
  0.10514672E+002
  0.10514701E+002
  0.10514731E+002
  0.10514762E+002
  0.10514794E+002
  0.10514828E+002
  0.10514862E+002
  0.10514898E+002
  0.10514934E+002
  0.10514972E+002
  0.10515011E+002
  0.10515052E+002
  0.10515094E+002
  0.10515137E+002
  0.10515181E+002
  0.10515227E+002
  0.10515274E+002
  0.10515323E+002
  0.10515373E+002
  0.10515424E+002
  0.10515477E+002
  0.10515532E+002
  0.10515587E+002
  0.10515645E+002
  0.10515704E+002
  0.10515764E+002
  0.10515826E+002
  0.10515889E+002
  0.10515954E+002
  0.10516020E+002
  0.10516088E+002
  0.10516157E+002
  0.10516228E+002
  0.10516299E+002
  0.10516373E+002
  0.10516447E+002
  0.10516523E+002
  0.10516600E+002
  0.10516678E+002
  0.10516758E+002
  0.10516838E+002
  0.10516920E+002
  0.10517003E+002
  0.10517086E+002
  0.10517171E+002
  0.10517257E+002
  0.10517343E+002
  0.10517430E+002
  0.10517518E+002
  0.10517607E+002
  0.10517696E+002
  0.10517786E+002
  0.10517877E+002
  0.10517968E+002
  0.10518059E+002
  0.10518151E+002
  0.10518244E+002
  0.10518337E+002
  0.10518430E+002
  0.10518524E+002
  0.10518618E+002
  0.10518712E+002
  0.10518806E+002
  0.10518901E+002
  0.10518996E+002
  0.10519091E+002
  0.10519187E+002
  0.10519282E+002
  0.10519378E+002
  0.10519474E+002
  0.10519570E+002
  0.10519666E+002
  0.10519762E+002
  0.10519859E+002
  0.10519955E+002
  0.10520052E+002
  0.10520149E+002
  0.10520246E+002
  0.10520343E+002
  0.10520440E+002
  0.10520537E+002
  0.10520635E+002
  0.10520732E+002
  0.10520830E+002
  0.10520928E+002
  0.10521026E+002
  0.10521124E+002
  0.10521222E+002
  0.10521321E+002
  0.10521419E+002
  0.10521518E+002
  0.10521617E+002
  0.10521716E+002
  0.10521815E+002
  0.10521914E+002
  0.10522014E+002
  0.10522113E+002
  0.10522213E+002
  0.10522313E+002
  0.10522413E+002
  0.10522513E+002
  0.10522613E+002
  0.10522713E+002
  0.10522814E+002
  0.10522914E+002
  0.10523015E+002
  0.10523115E+002
  0.10523215E+002
  0.10523316E+002
  0.10523416E+002
  0.10523517E+002
  0.10523617E+002
  0.10523717E+002
  0.10523817E+002
  0.10523917E+002
  0.10524016E+002
  0.10524115E+002
  0.10524214E+002
  0.10524313E+002
  0.10524411E+002
  0.10524509E+002
  0.10524607E+002
  0.10524704E+002
  0.10524801E+002
  0.10524897E+002
  0.10524992E+002
  0.10525087E+002
  0.10525181E+002
  0.10525275E+002
  0.10525368E+002
  0.10525460E+002
  0.10525551E+002
  0.10525642E+002
  0.10525731E+002
  0.10525820E+002
  0.10525908E+002
  0.10525994E+002
  0.10526080E+002
  0.10526165E+002
  0.10526249E+002
  0.10526332E+002
  0.10526413E+002
  0.10526494E+002
  0.10526573E+002
  0.10526651E+002
  0.10526728E+002
  0.10526804E+002
  0.10526878E+002
  0.10526951E+002
  0.10527023E+002
  0.10527094E+002
  0.10527163E+002
  0.10527231E+002
  0.10527298E+002
  0.10527364E+002
  0.10527428E+002
  0.10527491E+002
  0.10527552E+002
  0.10527613E+002
  0.10527671E+002
  0.10527729E+002
  0.10527785E+002
  0.10527840E+002
  0.10527894E+002
