  0.57876121E+000  0.31458303E+000  0.23502787E+001  0.38812306E+002
  0.57876166E+000  0.31457246E+000  0.23502868E+001  0.38812377E+002
  0.57876251E+000  0.31457216E+000  0.23502836E+001  0.38812443E+002
  0.57876337E+000  0.31457296E+000  0.23502792E+001  0.38812507E+002
  0.57876419E+000  0.31457388E+000  0.23502750E+001  0.38812571E+002
  0.57876496E+000  0.31457481E+000  0.23502714E+001  0.38812634E+002
  0.57876569E+000  0.31457571E+000  0.23502683E+001  0.38812696E+002
  0.57876639E+000  0.31457660E+000  0.23502657E+001  0.38812759E+002
  0.57876707E+000  0.31457746E+000  0.23502637E+001  0.38812822E+002
  0.57876773E+000  0.31457831E+000  0.23502621E+001  0.38812884E+002
  0.57876838E+000  0.31457915E+000  0.23502610E+001  0.38812947E+002
  0.57876902E+000  0.31457997E+000  0.23502603E+001  0.38813010E+002
  0.57876964E+000  0.31458078E+000  0.23502600E+001  0.38813073E+002
  0.57877027E+000  0.31458158E+000  0.23502601E+001  0.38813137E+002
  0.57877088E+000  0.31458236E+000  0.23502606E+001  0.38813201E+002
  0.57877150E+000  0.31458313E+000  0.23502615E+001  0.38813266E+002
  0.57877211E+000  0.31458388E+000  0.23502628E+001  0.38813331E+002
  0.57877273E+000  0.31458462E+000  0.23502645E+001  0.38813397E+002
  0.57877335E+000  0.31458535E+000  0.23502666E+001  0.38813463E+002
  0.57877397E+000  0.31458607E+000  0.23502691E+001  0.38813531E+002
  0.57877460E+000  0.31458678E+000  0.23502720E+001  0.38813600E+002
  0.57877524E+000  0.31458748E+000  0.23502753E+001  0.38813669E+002
  0.57877589E+000  0.31458817E+000  0.23502791E+001  0.38813740E+002
  0.57877654E+000  0.31458886E+000  0.23502832E+001  0.38813812E+002
  0.57877721E+000  0.31458953E+000  0.23502879E+001  0.38813886E+002
  0.57877789E+000  0.31459021E+000  0.23502930E+001  0.38813961E+002
  0.57877859E+000  0.31459087E+000  0.23502985E+001  0.38814037E+002
  0.57877930E+000  0.31459154E+000  0.23503046E+001  0.38814116E+002
  0.57878003E+000  0.31459220E+000  0.23503111E+001  0.38814196E+002
  0.57878078E+000  0.31459287E+000  0.23503182E+001  0.38814279E+002
  0.57878155E+000  0.31459354E+000  0.23503257E+001  0.38814363E+002
  0.57878234E+000  0.31459421E+000  0.23503339E+001  0.38814450E+002
  0.57878315E+000  0.31459488E+000  0.23503426E+001  0.38814539E+002
  0.57878399E+000  0.31459557E+000  0.23503518E+001  0.38814631E+002
  0.57878485E+000  0.31459626E+000  0.23503617E+001  0.38814726E+002
  0.57878574E+000  0.31459696E+000  0.23503722E+001  0.38814823E+002
  0.57878666E+000  0.31459768E+000  0.23503833E+001  0.38814923E+002
  0.57878761E+000  0.31459841E+000  0.23503951E+001  0.38815027E+002
  0.57878859E+000  0.31459915E+000  0.23504076E+001  0.38815133E+002
  0.57878960E+000  0.31459991E+000  0.23504208E+001  0.38815243E+002
  0.57879065E+000  0.31460069E+000  0.23504347E+001  0.38815356E+002
  0.57879174E+000  0.31460149E+000  0.23504493E+001  0.38815473E+002
  0.57879286E+000  0.31460231E+000  0.23504647E+001  0.38815593E+002
  0.57879403E+000  0.31460315E+000  0.23504810E+001  0.38815717E+002
  0.57879525E+000  0.31460401E+000  0.23504980E+001  0.38815845E+002
  0.57879651E+000  0.31460489E+000  0.23505158E+001  0.38815976E+002
  0.57879783E+000  0.31460579E+000  0.23505345E+001  0.38816112E+002
  0.57879920E+000  0.31460671E+000  0.23505541E+001  0.38816252E+002
  0.57880063E+000  0.31460766E+000  0.23505745E+001  0.38816396E+002
  0.57880212E+000  0.31460863E+000  0.23505959E+001  0.38816545E+002
  0.57880368E+000  0.31460963E+000  0.23506183E+001  0.38816698E+002
  0.57880531E+000  0.31461065E+000  0.23506416E+001  0.38816855E+002
  0.57880701E+000  0.31461171E+000  0.23506660E+001  0.38817017E+002
  0.57880879E+000  0.31461279E+000  0.23506914E+001  0.38817183E+002
  0.57881065E+000  0.31461391E+000  0.23507179E+001  0.38817353E+002
  0.57881260E+000  0.31461507E+000  0.23507455E+001  0.38817529E+002
  0.57881464E+000  0.31461626E+000  0.23507744E+001  0.38817708E+002
  0.57881676E+000  0.31461749E+000  0.23508045E+001  0.38817892E+002
  0.57881898E+000  0.31461877E+000  0.23508358E+001  0.38818081E+002
  0.57882130E+000  0.31462009E+000  0.23508685E+001  0.38818274E+002
  0.57882371E+000  0.31462146E+000  0.23509026E+001  0.38818472E+002
  0.57882623E+000  0.31462288E+000  0.23509382E+001  0.38818674E+002
  0.57882884E+000  0.31462435E+000  0.23509752E+001  0.38818880E+002
  0.57883157E+000  0.31462587E+000  0.23510137E+001  0.38819091E+002
  0.57883439E+000  0.31462745E+000  0.23510539E+001  0.38819305E+002
  0.57883733E+000  0.31462909E+000  0.23510957E+001  0.38819524E+002
  0.57884037E+000  0.31463080E+000  0.23511391E+001  0.38819746E+002
  0.57884352E+000  0.31463256E+000  0.23511844E+001  0.38819973E+002
  0.57884677E+000  0.31463439E+000  0.23512314E+001  0.38820202E+002
  0.57885014E+000  0.31463628E+000  0.23512802E+001  0.38820436E+002
  0.57885361E+000  0.31463824E+000  0.23513310E+001  0.38820673E+002
  0.57885719E+000  0.31464027E+000  0.23513836E+001  0.38820912E+002
  0.57886088E+000  0.31464236E+000  0.23514382E+001  0.38821155E+002
  0.57886467E+000  0.31464453E+000  0.23514948E+001  0.38821401E+002
  0.57886857E+000  0.31464677E+000  0.23515535E+001  0.38821649E+002
  0.57887256E+000  0.31464908E+000  0.23516142E+001  0.38821900E+002
  0.57887666E+000  0.31465146E+000  0.23516770E+001  0.38822153E+002
  0.57888086E+000  0.31465391E+000  0.23517418E+001  0.38822408E+002
  0.57888515E+000  0.31465643E+000  0.23518088E+001  0.38822665E+002
  0.57888953E+000  0.31465902E+000  0.23518779E+001  0.38822924E+002
  0.57889400E+000  0.31466167E+000  0.23519491E+001  0.38823184E+002
  0.57889856E+000  0.31466440E+000  0.23520225E+001  0.38823445E+002
  0.57890320E+000  0.31466718E+000  0.23520979E+001  0.38823708E+002
  0.57890792E+000  0.31467003E+000  0.23521754E+001  0.38823972E+002
  0.57891272E+000  0.31467293E+000  0.23522549E+001  0.38824236E+002
  0.57891759E+000  0.31467590E+000  0.23523364E+001  0.38824502E+002
  0.57892252E+000  0.31467891E+000  0.23524199E+001  0.38824768E+002
  0.57892751E+000  0.31468197E+000  0.23525053E+001  0.38825034E+002
  0.57893256E+000  0.31468508E+000  0.23525925E+001  0.38825301E+002
  0.57893766E+000  0.31468822E+000  0.23526815E+001  0.38825568E+002
  0.57894280E+000  0.31469141E+000  0.23527722E+001  0.38825835E+002
  0.57894798E+000  0.31469462E+000  0.23528646E+001  0.38826103E+002
  0.57895319E+000  0.31469787E+000  0.23529584E+001  0.38826371E+002
  0.57895843E+000  0.31470113E+000  0.23530536E+001  0.38826639E+002
  0.57896368E+000  0.31470442E+000  0.23531502E+001  0.38826907E+002
  0.57896895E+000  0.31470771E+000  0.23532480E+001  0.38827175E+002
  0.57897422E+000  0.31471102E+000  0.23533468E+001  0.38827443E+002
  0.57897948E+000  0.31471432E+000  0.23534467E+001  0.38827712E+002
  0.57898474E+000  0.31471763E+000  0.23535474E+001  0.38827981E+002
  0.57898998E+000  0.31472092E+000  0.23536488E+001  0.38828250E+002
  0.57899519E+000  0.31472420E+000  0.23537508E+001  0.38828519E+002
  0.57900038E+000  0.31472747E+000  0.23538533E+001  0.38828789E+002
  0.57900553E+000  0.31473071E+000  0.23539561E+001  0.38829059E+002
  0.57901063E+000  0.31473392E+000  0.23540592E+001  0.38829330E+002
  0.57901568E+000  0.31473710E+000  0.23541624E+001  0.38829601E+002
  0.57902067E+000  0.31474024E+000  0.23542655E+001  0.38829874E+002
  0.57902560E+000  0.31474334E+000  0.23543684E+001  0.38830147E+002
  0.57903045E+000  0.31474639E+000  0.23544711E+001  0.38830421E+002
  0.57903523E+000  0.31474939E+000  0.23545734E+001  0.38830696E+002
  0.57903993E+000  0.31475234E+000  0.23546751E+001  0.38830972E+002
  0.57904454E+000  0.31475523E+000  0.23547762E+001  0.38831250E+002
  0.57904906E+000  0.31475805E+000  0.23548766E+001  0.38831529E+002
  0.57905349E+000  0.31476081E+000  0.23549762E+001  0.38831809E+002
  0.57905781E+000  0.31476351E+000  0.23550749E+001  0.38832091E+002
  0.57906203E+000  0.31476613E+000  0.23551725E+001  0.38832375E+002
  0.57906614E+000  0.31476868E+000  0.23552690E+001  0.38832661E+002
  0.57907014E+000  0.31477116E+000  0.23553643E+001  0.38832948E+002
  0.57907402E+000  0.31477356E+000  0.23554584E+001  0.38833237E+002
  0.57907779E+000  0.31477589E+000  0.23555512E+001  0.38833529E+002
  0.57908144E+000  0.31477813E+000  0.23556425E+001  0.38833822E+002
  0.57908497E+000  0.31478030E+000  0.23557325E+001  0.38834118E+002
  0.57908838E+000  0.31478238E+000  0.23558209E+001  0.38834416E+002
  0.57909167E+000  0.31478439E+000  0.23559077E+001  0.38834717E+002
  0.57909483E+000  0.31478632E+000  0.23559930E+001  0.38835019E+002
  0.57909787E+000  0.31478816E+000  0.23560766E+001  0.38835325E+002
  0.57910079E+000  0.31478993E+000  0.23561585E+001  0.38835632E+002
  0.57910358E+000  0.31479161E+000  0.23562388E+001  0.38835942E+002
  0.57910625E+000  0.31479322E+000  0.23563173E+001  0.38836255E+002
  0.57910880E+000  0.31479476E+000  0.23563941E+001  0.38836570E+002
  0.57911123E+000  0.31479621E+000  0.23564692E+001  0.38836888E+002
  0.57911354E+000  0.31479760E+000  0.23565424E+001  0.38837208E+002
  0.57911574E+000  0.31479891E+000  0.23566139E+001  0.38837531E+002
  0.57911782E+000  0.31480015E+000  0.23566837E+001  0.38837857E+002
  0.57911978E+000  0.31480131E+000  0.23567516E+001  0.38838184E+002
  0.57912164E+000  0.31480242E+000  0.23568177E+001  0.38838515E+002
  0.57912339E+000  0.31480345E+000  0.23568821E+001  0.38838848E+002
  0.57912503E+000  0.31480443E+000  0.23569447E+001  0.38839183E+002
  0.57912657E+000  0.31480534E+000  0.23570055E+001  0.38839520E+002
  0.57912802E+000  0.31480619E+000  0.23570646E+001  0.38839860E+002
  0.57912936E+000  0.31480698E+000  0.23571220E+001  0.38840202E+002
  0.57913062E+000  0.31480772E+000  0.23571777E+001  0.38840545E+002
  0.57913178E+000  0.31480841E+000  0.23572316E+001  0.38840891E+002
  0.57913286E+000  0.31480904E+000  0.23572839E+001  0.38841239E+002
  0.57913385E+000  0.31480963E+000  0.23573346E+001  0.38841589E+002
  0.57913476E+000  0.31481017E+000  0.23573836E+001  0.38841940E+002
  0.57913560E+000  0.31481067E+000  0.23574310E+001  0.38842293E+002
  0.57913637E+000  0.31481112E+000  0.23574769E+001  0.38842647E+002
  0.57913706E+000  0.31481154E+000  0.23575212E+001  0.38843002E+002
  0.57913769E+000  0.31481191E+000  0.23575640E+001  0.38843359E+002
  0.57913826E+000  0.31481225E+000  0.23576054E+001  0.38843716E+002
  0.57913877E+000  0.31481256E+000  0.23576452E+001  0.38844075E+002
  0.57913922E+000  0.31481283E+000  0.23576837E+001  0.38844433E+002
  0.57913962E+000  0.31481308E+000  0.23577208E+001  0.38844793E+002
  0.57913997E+000  0.31481329E+000  0.23577566E+001  0.38845153E+002
  0.57914027E+000  0.31481348E+000  0.23577910E+001  0.38845512E+002
  0.57914053E+000  0.31481364E+000  0.23578241E+001  0.38845872E+002
  0.57914074E+000  0.31481378E+000  0.23578560E+001  0.38846232E+002
  0.57914092E+000  0.31481390E+000  0.23578867E+001  0.38846591E+002
  0.57914106E+000  0.31481400E+000  0.23579162E+001  0.38846950E+002
  0.57914117E+000  0.31481408E+000  0.23579446E+001  0.38847307E+002
  0.57914125E+000  0.31481414E+000  0.23579719E+001  0.38847664E+002
  0.57914130E+000  0.31481419E+000  0.23579981E+001  0.38848020E+002
  0.57914133E+000  0.31481422E+000  0.23580232E+001  0.38848374E+002
  0.57914133E+000  0.31481424E+000  0.23580473E+001  0.38848727E+002
  0.57914130E+000  0.31481424E+000  0.23580705E+001  0.38849078E+002
  0.57914126E+000  0.31481423E+000  0.23580927E+001  0.38849427E+002
  0.57914120E+000  0.31481422E+000  0.23581140E+001  0.38849775E+002
  0.57914112E+000  0.31481419E+000  0.23581344E+001  0.38850119E+002
  0.57914103E+000  0.31481416E+000  0.23581539E+001  0.38850462E+002
  0.57914093E+000  0.31481411E+000  0.23581727E+001  0.38850802E+002
  0.57914081E+000  0.31481406E+000  0.23581906E+001  0.38851139E+002
  0.57914069E+000  0.31481401E+000  0.23582078E+001  0.38851473E+002
  0.57914055E+000  0.31481395E+000  0.23582242E+001  0.38851804E+002
  0.57914041E+000  0.31481388E+000  0.23582399E+001  0.38852132E+002
  0.57914026E+000  0.31481381E+000  0.23582549E+001  0.38852456E+002
  0.57914010E+000  0.31481374E+000  0.23582693E+001  0.38852777E+002
  0.57913994E+000  0.31481366E+000  0.23582831E+001  0.38853094E+002
  0.57913978E+000  0.31481358E+000  0.23582962E+001  0.38853408E+002
  0.57913961E+000  0.31481350E+000  0.23583088E+001  0.38853717E+002
  0.57913944E+000  0.31481342E+000  0.23583208E+001  0.38854022E+002
  0.57913927E+000  0.31481333E+000  0.23583322E+001  0.38854324E+002
  0.57913910E+000  0.31481325E+000  0.23583432E+001  0.38854621E+002
  0.57913893E+000  0.31481316E+000  0.23583536E+001  0.38854913E+002
  0.57913876E+000  0.31481308E+000  0.23583636E+001  0.38855201E+002
  0.57913859E+000  0.31481299E+000  0.23583731E+001  0.38855485E+002
  0.57913842E+000  0.31481291E+000  0.23583822E+001  0.38855764E+002
  0.57913825E+000  0.31481282E+000  0.23583908E+001  0.38856038E+002
  0.57913808E+000  0.31481274E+000  0.23583991E+001  0.38856308E+002
  0.57913792E+000  0.31481266E+000  0.23584069E+001  0.38856573E+002
  0.57913775E+000  0.31481257E+000  0.23584144E+001  0.38856833E+002
  0.57913760E+000  0.31481249E+000  0.23584216E+001  0.38857088E+002
  0.57913744E+000  0.31481241E+000  0.23584284E+001  0.38857338E+002
  0.57913729E+000  0.31481233E+000  0.23584349E+001  0.38857583E+002
  0.57913714E+000  0.31481226E+000  0.23584411E+001  0.38857823E+002
  0.57913699E+000  0.31481218E+000  0.23584470E+001  0.38858059E+002
  0.57913685E+000  0.31481211E+000  0.23584526E+001  0.38858289E+002
  0.57913671E+000  0.31481204E+000  0.23584579E+001  0.38858514E+002
  0.57913657E+000  0.31481197E+000  0.23584630E+001  0.38858735E+002
  0.57913644E+000  0.31481190E+000  0.23584679E+001  0.38858950E+002
  0.57913631E+000  0.31481183E+000  0.23584725E+001  0.38859160E+002
