  0.49017163E-002  0.56879008E-001  0.10096632E+001  0.40984485E+002
  0.49017772E-002  0.56880391E-001  0.10096686E+001  0.40984548E+002
  0.49018411E-002  0.56881800E-001  0.10096739E+001  0.40984604E+002
  0.49019071E-002  0.56883172E-001  0.10096791E+001  0.40984659E+002
  0.49019735E-002  0.56884505E-001  0.10096841E+001  0.40984713E+002
  0.49020387E-002  0.56885808E-001  0.10096892E+001  0.40984768E+002
  0.49021018E-002  0.56887079E-001  0.10096942E+001  0.40984823E+002
  0.49021620E-002  0.56888312E-001  0.10096992E+001  0.40984878E+002
  0.49022191E-002  0.56889502E-001  0.10097042E+001  0.40984934E+002
  0.49022731E-002  0.56890642E-001  0.10097093E+001  0.40984990E+002
  0.49023240E-002  0.56891733E-001  0.10097144E+001  0.40985047E+002
  0.49023721E-002  0.56892776E-001  0.10097197E+001  0.40985105E+002
  0.49024175E-002  0.56893775E-001  0.10097250E+001  0.40985163E+002
  0.49024604E-002  0.56894736E-001  0.10097304E+001  0.40985222E+002
  0.49025011E-002  0.56895666E-001  0.10097359E+001  0.40985281E+002
  0.49025399E-002  0.56896572E-001  0.10097416E+001  0.40985341E+002
  0.49025770E-002  0.56897462E-001  0.10097473E+001  0.40985403E+002
  0.49026125E-002  0.56898342E-001  0.10097531E+001  0.40985465E+002
  0.49026468E-002  0.56899217E-001  0.10097590E+001  0.40985528E+002
  0.49026801E-002  0.56900094E-001  0.10097649E+001  0.40985593E+002
  0.49027124E-002  0.56900977E-001  0.10097710E+001  0.40985658E+002
  0.49027441E-002  0.56901871E-001  0.10097772E+001  0.40985726E+002
  0.49027752E-002  0.56902779E-001  0.10097834E+001  0.40985794E+002
  0.49028060E-002  0.56903706E-001  0.10097898E+001  0.40985865E+002
  0.49028365E-002  0.56904654E-001  0.10097962E+001  0.40985937E+002
  0.49028670E-002  0.56905627E-001  0.10098027E+001  0.40986011E+002
  0.49028975E-002  0.56906627E-001  0.10098094E+001  0.40986087E+002
  0.49029281E-002  0.56907657E-001  0.10098161E+001  0.40986165E+002
  0.49029590E-002  0.56908719E-001  0.10098230E+001  0.40986245E+002
  0.49029902E-002  0.56909816E-001  0.10098300E+001  0.40986328E+002
  0.49030219E-002  0.56910949E-001  0.10098371E+001  0.40986413E+002
  0.49030541E-002  0.56912122E-001  0.10098444E+001  0.40986501E+002
  0.49030870E-002  0.56913336E-001  0.10098518E+001  0.40986592E+002
  0.49031206E-002  0.56914594E-001  0.10098594E+001  0.40986686E+002
  0.49031550E-002  0.56915896E-001  0.10098673E+001  0.40986783E+002
  0.49031903E-002  0.56917245E-001  0.10098753E+001  0.40986883E+002
  0.49032266E-002  0.56918641E-001  0.10098835E+001  0.40986986E+002
  0.49032639E-002  0.56920087E-001  0.10098920E+001  0.40987093E+002
  0.49033022E-002  0.56921583E-001  0.10099008E+001  0.40987203E+002
  0.49033418E-002  0.56923130E-001  0.10099098E+001  0.40987317E+002
  0.49033825E-002  0.56924729E-001  0.10099191E+001  0.40987435E+002
  0.49034244E-002  0.56926380E-001  0.10099287E+001  0.40987557E+002
  0.49034677E-002  0.56928082E-001  0.10099386E+001  0.40987683E+002
  0.49035122E-002  0.56929837E-001  0.10099489E+001  0.40987813E+002
  0.49035580E-002  0.56931643E-001  0.10099595E+001  0.40987947E+002
  0.49036050E-002  0.56933501E-001  0.10099705E+001  0.40988086E+002
  0.49036532E-002  0.56935409E-001  0.10099818E+001  0.40988230E+002
  0.49037027E-002  0.56937367E-001  0.10099935E+001  0.40988378E+002
  0.49037532E-002  0.56939374E-001  0.10100057E+001  0.40988531E+002
  0.49038047E-002  0.56941429E-001  0.10100182E+001  0.40988688E+002
  0.49038572E-002  0.56943532E-001  0.10100312E+001  0.40988851E+002
  0.49039105E-002  0.56945681E-001  0.10100446E+001  0.40989019E+002
  0.49039645E-002  0.56947876E-001  0.10100584E+001  0.40989191E+002
  0.49040191E-002  0.56950115E-001  0.10100727E+001  0.40989369E+002
  0.49040742E-002  0.56952399E-001  0.10100874E+001  0.40989552E+002
  0.49041296E-002  0.56954727E-001  0.10101026E+001  0.40989740E+002
  0.49041853E-002  0.56957097E-001  0.10101183E+001  0.40989934E+002
  0.49042411E-002  0.56959509E-001  0.10101345E+001  0.40990133E+002
  0.49042970E-002  0.56961962E-001  0.10101512E+001  0.40990338E+002
  0.49043527E-002  0.56964455E-001  0.10101684E+001  0.40990547E+002
  0.49044082E-002  0.56966988E-001  0.10101861E+001  0.40990762E+002
  0.49044635E-002  0.56969558E-001  0.10102043E+001  0.40990983E+002
  0.49045183E-002  0.56972164E-001  0.10102230E+001  0.40991209E+002
  0.49045726E-002  0.56974806E-001  0.10102424E+001  0.40991440E+002
  0.49046262E-002  0.56977480E-001  0.10102622E+001  0.40991677E+002
  0.49046792E-002  0.56980186E-001  0.10102826E+001  0.40991919E+002
  0.49047314E-002  0.56982921E-001  0.10103036E+001  0.40992166E+002
  0.49047826E-002  0.56985682E-001  0.10103252E+001  0.40992418E+002
  0.49048327E-002  0.56988467E-001  0.10103474E+001  0.40992675E+002
  0.49048818E-002  0.56991273E-001  0.10103701E+001  0.40992936E+002
  0.49049295E-002  0.56994097E-001  0.10103934E+001  0.40993203E+002
  0.49049759E-002  0.56996936E-001  0.10104173E+001  0.40993475E+002
  0.49050209E-002  0.56999786E-001  0.10104418E+001  0.40993750E+002
  0.49050642E-002  0.57002645E-001  0.10104668E+001  0.40994031E+002
  0.49051058E-002  0.57005509E-001  0.10104925E+001  0.40994315E+002
  0.49051457E-002  0.57008373E-001  0.10105186E+001  0.40994604E+002
  0.49051836E-002  0.57011235E-001  0.10105454E+001  0.40994897E+002
  0.49052196E-002  0.57014091E-001  0.10105727E+001  0.40995193E+002
  0.49052535E-002  0.57016938E-001  0.10106005E+001  0.40995493E+002
  0.49052852E-002  0.57019772E-001  0.10106288E+001  0.40995797E+002
  0.49053147E-002  0.57022589E-001  0.10106576E+001  0.40996103E+002
  0.49053419E-002  0.57025386E-001  0.10106869E+001  0.40996413E+002
  0.49053669E-002  0.57028161E-001  0.10107166E+001  0.40996726E+002
  0.49053895E-002  0.57030909E-001  0.10107467E+001  0.40997042E+002
  0.49054098E-002  0.57033629E-001  0.10107772E+001  0.40997361E+002
  0.49054277E-002  0.57036316E-001  0.10108081E+001  0.40997682E+002
  0.49054434E-002  0.57038969E-001  0.10108393E+001  0.40998005E+002
  0.49054567E-002  0.57041585E-001  0.10108708E+001  0.40998331E+002
  0.49054677E-002  0.57044161E-001  0.10109026E+001  0.40998659E+002
  0.49054765E-002  0.57046696E-001  0.10109346E+001  0.40998989E+002
  0.49054832E-002  0.57049186E-001  0.10109668E+001  0.40999321E+002
  0.49054878E-002  0.57051631E-001  0.10109992E+001  0.40999654E+002
  0.49054903E-002  0.57054029E-001  0.10110317E+001  0.40999989E+002
  0.49054910E-002  0.57056377E-001  0.10110642E+001  0.41000326E+002
  0.49054897E-002  0.57058675E-001  0.10110968E+001  0.41000664E+002
  0.49054868E-002  0.57060922E-001  0.10111294E+001  0.41001004E+002
  0.49054821E-002  0.57063115E-001  0.10111619E+001  0.41001345E+002
  0.49054760E-002  0.57065256E-001  0.10111944E+001  0.41001687E+002
  0.49054683E-002  0.57067342E-001  0.10112267E+001  0.41002031E+002
  0.49054594E-002  0.57069372E-001  0.10112588E+001  0.41002376E+002
  0.49054492E-002  0.57071348E-001  0.10112908E+001  0.41002722E+002
  0.49054378E-002  0.57073268E-001  0.10113225E+001  0.41003069E+002
  0.49054254E-002  0.57075132E-001  0.10113539E+001  0.41003417E+002
  0.49054121E-002  0.57076939E-001  0.10113850E+001  0.41003767E+002
  0.49053980E-002  0.57078691E-001  0.10114157E+001  0.41004117E+002
  0.49053831E-002  0.57080388E-001  0.10114461E+001  0.41004468E+002
  0.49053676E-002  0.57082028E-001  0.10114760E+001  0.41004821E+002
  0.49053515E-002  0.57083614E-001  0.10115054E+001  0.41005175E+002
  0.49053350E-002  0.57085145E-001  0.10115344E+001  0.41005529E+002
  0.49053181E-002  0.57086623E-001  0.10115629E+001  0.41005885E+002
  0.49053009E-002  0.57088047E-001  0.10115908E+001  0.41006242E+002
  0.49052835E-002  0.57089419E-001  0.10116182E+001  0.41006600E+002
  0.49052659E-002  0.57090740E-001  0.10116450E+001  0.41006959E+002
  0.49052482E-002  0.57092009E-001  0.10116711E+001  0.41007319E+002
  0.49052305E-002  0.57093229E-001  0.10116967E+001  0.41007681E+002
  0.49052128E-002  0.57094401E-001  0.10117217E+001  0.41008043E+002
  0.49051952E-002  0.57095525E-001  0.10117460E+001  0.41008407E+002
  0.49051777E-002  0.57096602E-001  0.10117696E+001  0.41008772E+002
  0.49051603E-002  0.57097635E-001  0.10117926E+001  0.41009139E+002
  0.49051432E-002  0.57098623E-001  0.10118149E+001  0.41009506E+002
  0.49051264E-002  0.57099568E-001  0.10118366E+001  0.41009875E+002
  0.49051098E-002  0.57100472E-001  0.10118575E+001  0.41010245E+002
  0.49050935E-002  0.57101335E-001  0.10118778E+001  0.41010616E+002
  0.49050775E-002  0.57102159E-001  0.10118975E+001  0.41010989E+002
  0.49050619E-002  0.57102945E-001  0.10119165E+001  0.41011363E+002
  0.49050466E-002  0.57103695E-001  0.10119348E+001  0.41011738E+002
  0.49050317E-002  0.57104409E-001  0.10119524E+001  0.41012115E+002
  0.49050172E-002  0.57105089E-001  0.10119695E+001  0.41012493E+002
  0.49050031E-002  0.57105735E-001  0.10119858E+001  0.41012872E+002
  0.49049894E-002  0.57106351E-001  0.10120016E+001  0.41013252E+002
  0.49049761E-002  0.57106935E-001  0.10120167E+001  0.41013634E+002
  0.49049632E-002  0.57107491E-001  0.10120313E+001  0.41014016E+002
  0.49049508E-002  0.57108018E-001  0.10120452E+001  0.41014400E+002
  0.49049387E-002  0.57108518E-001  0.10120586E+001  0.41014785E+002
  0.49049271E-002  0.57108992E-001  0.10120714E+001  0.41015171E+002
  0.49049159E-002  0.57109441E-001  0.10120837E+001  0.41015559E+002
  0.49049051E-002  0.57109867E-001  0.10120954E+001  0.41015947E+002
  0.49048947E-002  0.57110270E-001  0.10121066E+001  0.41016336E+002
  0.49048847E-002  0.57110651E-001  0.10121173E+001  0.41016726E+002
  0.49048750E-002  0.57111012E-001  0.10121276E+001  0.41017117E+002
  0.49048658E-002  0.57111352E-001  0.10121373E+001  0.41017508E+002
  0.49048569E-002  0.57111674E-001  0.10121466E+001  0.41017900E+002
  0.49048484E-002  0.57111978E-001  0.10121555E+001  0.41018293E+002
  0.49048402E-002  0.57112265E-001  0.10121640E+001  0.41018686E+002
  0.49048324E-002  0.57112536E-001  0.10121720E+001  0.41019079E+002
  0.49048249E-002  0.57112791E-001  0.10121797E+001  0.41019473E+002
  0.49048177E-002  0.57113032E-001  0.10121870E+001  0.41019867E+002
  0.49048109E-002  0.57113258E-001  0.10121939E+001  0.41020260E+002
  0.49048043E-002  0.57113472E-001  0.10122004E+001  0.41020654E+002
  0.49047981E-002  0.57113673E-001  0.10122067E+001  0.41021047E+002
  0.49047921E-002  0.57113862E-001  0.10122126E+001  0.41021440E+002
  0.49047864E-002  0.57114040E-001  0.10122182E+001  0.41021832E+002
  0.49047810E-002  0.57114207E-001  0.10122236E+001  0.41022224E+002
  0.49047758E-002  0.57114364E-001  0.10122286E+001  0.41022615E+002
  0.49047709E-002  0.57114512E-001  0.10122334E+001  0.41023005E+002
  0.49047662E-002  0.57114651E-001  0.10122380E+001  0.41023393E+002
  0.49047618E-002  0.57114781E-001  0.10122423E+001  0.41023781E+002
  0.49047575E-002  0.57114903E-001  0.10122463E+001  0.41024167E+002
  0.49047535E-002  0.57115018E-001  0.10122502E+001  0.41024551E+002
  0.49047496E-002  0.57115126E-001  0.10122538E+001  0.41024934E+002
  0.49047460E-002  0.57115227E-001  0.10122573E+001  0.41025315E+002
  0.49047425E-002  0.57115321E-001  0.10122605E+001  0.41025693E+002
  0.49047392E-002  0.57115410E-001  0.10122636E+001  0.41026070E+002
  0.49047361E-002  0.57115493E-001  0.10122665E+001  0.41026444E+002
  0.49047332E-002  0.57115571E-001  0.10122693E+001  0.41026815E+002
  0.49047303E-002  0.57115644E-001  0.10122719E+001  0.41027184E+002
  0.49047277E-002  0.57115713E-001  0.10122743E+001  0.41027550E+002
  0.49047252E-002  0.57115777E-001  0.10122766E+001  0.41027912E+002
  0.49047228E-002  0.57115837E-001  0.10122788E+001  0.41028272E+002
  0.49047205E-002  0.57115893E-001  0.10122809E+001  0.41028628E+002
  0.49047183E-002  0.57115945E-001  0.10122828E+001  0.41028981E+002
  0.49047163E-002  0.57115994E-001  0.10122847E+001  0.41029330E+002
  0.49047144E-002  0.57116040E-001  0.10122864E+001  0.41029676E+002
  0.49047126E-002  0.57116083E-001  0.10122880E+001  0.41030017E+002
  0.49047108E-002  0.57116123E-001  0.10122896E+001  0.41030355E+002
  0.49047092E-002  0.57116161E-001  0.10122910E+001  0.41030689E+002
  0.49047077E-002  0.57116196E-001  0.10122924E+001  0.41031018E+002
  0.49047062E-002  0.57116228E-001  0.10122937E+001  0.41031343E+002
  0.49047048E-002  0.57116259E-001  0.10122949E+001  0.41031663E+002
  0.49047035E-002  0.57116288E-001  0.10122960E+001  0.41031979E+002
  0.49047023E-002  0.57116315E-001  0.10122971E+001  0.41032291E+002
  0.49047011E-002  0.57116340E-001  0.10122981E+001  0.41032597E+002
  0.49047000E-002  0.57116363E-001  0.10122991E+001  0.41032899E+002
  0.49046990E-002  0.57116385E-001  0.10123000E+001  0.41033196E+002
  0.49046980E-002  0.57116405E-001  0.10123008E+001  0.41033488E+002
  0.49046971E-002  0.57116424E-001  0.10123016E+001  0.41033775E+002
  0.49046962E-002  0.57116442E-001  0.10123024E+001  0.41034057E+002
  0.49046954E-002  0.57116459E-001  0.10123031E+001  0.41034334E+002
  0.49046946E-002  0.57116474E-001  0.10123038E+001  0.41034606E+002
  0.49046939E-002  0.57116489E-001  0.10123044E+001  0.41034872E+002
  0.49046932E-002  0.57116502E-001  0.10123050E+001  0.41035134E+002
  0.49046925E-002  0.57116515E-001  0.10123056E+001  0.41035390E+002
  0.49046919E-002  0.57116527E-001  0.10123061E+001  0.41035641E+002
  0.49046913E-002  0.57116538E-001  0.10123066E+001  0.41035886E+002
  0.49046907E-002  0.57116548E-001  0.10123070E+001  0.41036127E+002
  0.49046902E-002  0.57116558E-001  0.10123075E+001  0.41036362E+002
  0.49046897E-002  0.57116567E-001  0.10123079E+001  0.41036592E+002
  0.49046893E-002  0.57116575E-001  0.10123083E+001  0.41036817E+002
  0.49046888E-002  0.57116583E-001  0.10123086E+001  0.41037036E+002
  0.49046884E-002  0.57116591E-001  0.10123090E+001  0.41037251E+002
