  0.66022681E-001
  0.66026416E-001
  0.66027631E-001
  0.66028094E-001
  0.66028313E-001
  0.66028448E-001
  0.66028553E-001
  0.66028648E-001
  0.66028738E-001
  0.66028828E-001
  0.66028918E-001
  0.66029009E-001
  0.66029101E-001
  0.66029194E-001
  0.66029289E-001
  0.66029387E-001
  0.66029486E-001
  0.66029588E-001
  0.66029691E-001
  0.66029798E-001
  0.66029907E-001
  0.66030019E-001
  0.66030135E-001
  0.66030253E-001
  0.66030375E-001
  0.66030500E-001
  0.66030630E-001
  0.66030763E-001
  0.66030901E-001
  0.66031043E-001
  0.66031190E-001
  0.66031342E-001
  0.66031500E-001
  0.66031663E-001
  0.66031832E-001
  0.66032007E-001
  0.66032189E-001
  0.66032378E-001
  0.66032574E-001
  0.66032778E-001
  0.66032989E-001
  0.66033209E-001
  0.66033437E-001
  0.66033673E-001
  0.66033919E-001
  0.66034173E-001
  0.66034437E-001
  0.66034711E-001
  0.66034995E-001
  0.66035289E-001
  0.66035593E-001
  0.66035908E-001
  0.66036234E-001
  0.66036571E-001
  0.66036918E-001
  0.66037277E-001
  0.66037647E-001
  0.66038029E-001
  0.66038422E-001
  0.66038826E-001
  0.66039242E-001
  0.66039669E-001
  0.66040108E-001
  0.66040558E-001
  0.66041020E-001
  0.66041493E-001
  0.66041976E-001
  0.66042471E-001
  0.66042977E-001
  0.66043493E-001
  0.66044020E-001
  0.66044556E-001
  0.66045103E-001
  0.66045659E-001
  0.66046224E-001
  0.66046797E-001
  0.66047379E-001
  0.66047969E-001
  0.66048567E-001
  0.66049172E-001
  0.66049783E-001
  0.66050400E-001
  0.66051023E-001
  0.66051652E-001
  0.66052285E-001
  0.66052923E-001
  0.66053564E-001
  0.66054209E-001
  0.66054857E-001
  0.66055508E-001
  0.66056161E-001
  0.66056815E-001
  0.66057472E-001
  0.66058129E-001
  0.66058787E-001
  0.66059446E-001
  0.66060105E-001
  0.66060764E-001
  0.66061423E-001
  0.66062081E-001
  0.66062739E-001
  0.66063396E-001
  0.66064052E-001
  0.66064707E-001
  0.66065361E-001
  0.66066013E-001
  0.66066665E-001
  0.66067315E-001
  0.66067963E-001
  0.66068610E-001
  0.66069256E-001
  0.66069900E-001
  0.66070543E-001
  0.66071185E-001
  0.66071825E-001
  0.66072464E-001
  0.66073102E-001
  0.66073739E-001
  0.66074374E-001
  0.66075008E-001
  0.66075642E-001
  0.66076275E-001
  0.66076906E-001
  0.66077538E-001
  0.66078168E-001
  0.66078798E-001
  0.66079427E-001
  0.66080056E-001
  0.66080685E-001
  0.66081314E-001
  0.66081942E-001
  0.66082570E-001
  0.66083198E-001
  0.66083826E-001
  0.66084454E-001
  0.66085082E-001
  0.66085710E-001
  0.66086339E-001
  0.66086967E-001
  0.66087595E-001
  0.66088223E-001
  0.66088852E-001
  0.66089480E-001
  0.66090108E-001
  0.66090736E-001
  0.66091364E-001
  0.66091992E-001
  0.66092619E-001
  0.66093246E-001
  0.66093872E-001
  0.66094497E-001
  0.66095122E-001
  0.66095745E-001
  0.66096367E-001
  0.66096988E-001
  0.66097608E-001
  0.66098225E-001
  0.66098841E-001
  0.66099454E-001
  0.66100066E-001
  0.66100674E-001
  0.66101280E-001
  0.66101883E-001
  0.66102483E-001
  0.66103079E-001
  0.66103671E-001
  0.66104260E-001
  0.66104845E-001
  0.66105425E-001
  0.66106001E-001
  0.66106571E-001
  0.66107137E-001
  0.66107698E-001
  0.66108253E-001
  0.66108802E-001
  0.66109346E-001
  0.66109883E-001
  0.66110415E-001
  0.66110939E-001
  0.66111457E-001
  0.66111969E-001
  0.66112473E-001
  0.66112970E-001
  0.66113460E-001
  0.66113943E-001
  0.66114418E-001
  0.66114886E-001
  0.66115345E-001
  0.66115797E-001
  0.66116241E-001
  0.66116677E-001
  0.66117105E-001
  0.66117525E-001
  0.66117937E-001
  0.66118340E-001
  0.66118735E-001
  0.66119123E-001
  0.66119501E-001
  0.66119872E-001
  0.66120234E-001
