  0.42099906E+000
  0.42100240E+000
  0.42100702E+000
  0.42101186E+000
  0.42101660E+000
  0.42102113E+000
  0.42102542E+000
  0.42102946E+000
  0.42103325E+000
  0.42103679E+000
  0.42104011E+000
  0.42104320E+000
  0.42104609E+000
  0.42104878E+000
  0.42105127E+000
  0.42105359E+000
  0.42105573E+000
  0.42105772E+000
  0.42105955E+000
  0.42106123E+000
  0.42106277E+000
  0.42106419E+000
  0.42106547E+000
  0.42106663E+000
  0.42106767E+000
  0.42106860E+000
  0.42106942E+000
  0.42107013E+000
  0.42107075E+000
  0.42107126E+000
  0.42107168E+000
  0.42107202E+000
  0.42107226E+000
  0.42107242E+000
  0.42107250E+000
  0.42107251E+000
  0.42107244E+000
  0.42107231E+000
  0.42107211E+000
  0.42107186E+000
  0.42107155E+000
  0.42107119E+000
  0.42107078E+000
  0.42107033E+000
  0.42106984E+000
  0.42106932E+000
  0.42106877E+000
  0.42106820E+000
  0.42106760E+000
  0.42106698E+000
  0.42106634E+000
  0.42106570E+000
  0.42106504E+000
  0.42106437E+000
  0.42106369E+000
  0.42106301E+000
  0.42106233E+000
  0.42106164E+000
  0.42106094E+000
  0.42106024E+000
  0.42105954E+000
  0.42105884E+000
  0.42105813E+000
  0.42105741E+000
  0.42105669E+000
  0.42105597E+000
  0.42105524E+000
  0.42105451E+000
  0.42105376E+000
  0.42105301E+000
  0.42105226E+000
  0.42105150E+000
  0.42105073E+000
  0.42104995E+000
  0.42104917E+000
  0.42104838E+000
  0.42104758E+000
  0.42104678E+000
  0.42104597E+000
  0.42104516E+000
  0.42104434E+000
  0.42104352E+000
  0.42104270E+000
  0.42104187E+000
  0.42104104E+000
  0.42104022E+000
  0.42103939E+000
  0.42103856E+000
  0.42103774E+000
  0.42103692E+000
  0.42103610E+000
  0.42103528E+000
  0.42103447E+000
  0.42103366E+000
  0.42103286E+000
  0.42103206E+000
  0.42103127E+000
  0.42103049E+000
  0.42102971E+000
  0.42102894E+000
  0.42102818E+000
  0.42102742E+000
  0.42102667E+000
  0.42102593E+000
  0.42102520E+000
  0.42102448E+000
  0.42102376E+000
  0.42102306E+000
  0.42102237E+000
  0.42102168E+000
  0.42102101E+000
  0.42102034E+000
  0.42101969E+000
  0.42101904E+000
  0.42101841E+000
  0.42101779E+000
  0.42101718E+000
  0.42101658E+000
  0.42101599E+000
  0.42101541E+000
  0.42101485E+000
  0.42101430E+000
  0.42101375E+000
  0.42101323E+000
  0.42101271E+000
  0.42101220E+000
  0.42101171E+000
  0.42101123E+000
  0.42101076E+000
  0.42101030E+000
  0.42100986E+000
  0.42100943E+000
  0.42100901E+000
  0.42100860E+000
  0.42100820E+000
  0.42100782E+000
  0.42100744E+000
  0.42100708E+000
  0.42100673E+000
  0.42100639E+000
  0.42100606E+000
  0.42100575E+000
  0.42100544E+000
  0.42100515E+000
  0.42100486E+000
  0.42100459E+000
  0.42100432E+000
  0.42100406E+000
  0.42100382E+000
  0.42100358E+000
  0.42100336E+000
  0.42100314E+000
  0.42100293E+000
  0.42100273E+000
  0.42100254E+000
  0.42100235E+000
  0.42100217E+000
  0.42100200E+000
  0.42100184E+000
  0.42100169E+000
  0.42100154E+000
  0.42100140E+000
  0.42100126E+000
  0.42100113E+000
  0.42100101E+000
  0.42100090E+000
  0.42100078E+000
  0.42100068E+000
  0.42100058E+000
  0.42100048E+000
  0.42100039E+000
  0.42100030E+000
  0.42100022E+000
  0.42100015E+000
  0.42100007E+000
  0.42100000E+000
  0.42099994E+000
  0.42099987E+000
  0.42099982E+000
  0.42099976E+000
  0.42099971E+000
  0.42099966E+000
  0.42099961E+000
  0.42099957E+000
  0.42099953E+000
  0.42099949E+000
  0.42099945E+000
  0.42099942E+000
  0.42099939E+000
  0.42099936E+000
  0.42099933E+000
  0.42099930E+000
  0.42099928E+000
  0.42099926E+000
  0.42099923E+000
  0.42099921E+000
  0.42099920E+000
  0.42099918E+000
  0.42099916E+000
  0.42099915E+000
