  0.63053041E+000  0.11302760E+000  0.16096582E+000  0.77947248E+000
  0.63053077E+000  0.11302863E+000  0.16096715E+000  0.77948316E+000
  0.63053198E+000  0.11302977E+000  0.16096896E+000  0.77949746E+000
  0.63053373E+000  0.11303095E+000  0.16097093E+000  0.77951193E+000
  0.63053581E+000  0.11303213E+000  0.16097297E+000  0.77952560E+000
  0.63053810E+000  0.11303327E+000  0.16097502E+000  0.77953825E+000
  0.63054048E+000  0.11303437E+000  0.16097705E+000  0.77954988E+000
  0.63054289E+000  0.11303542E+000  0.16097905E+000  0.77956056E+000
  0.63054528E+000  0.11303642E+000  0.16098100E+000  0.77957037E+000
  0.63054761E+000  0.11303738E+000  0.16098289E+000  0.77957939E+000
  0.63054986E+000  0.11303828E+000  0.16098471E+000  0.77958768E+000
  0.63055202E+000  0.11303914E+000  0.16098646E+000  0.77959529E+000
  0.63055408E+000  0.11303996E+000  0.16098813E+000  0.77960229E+000
  0.63055603E+000  0.11304073E+000  0.16098973E+000  0.77960871E+000
  0.63055787E+000  0.11304146E+000  0.16099125E+000  0.77961460E+000
  0.63055961E+000  0.11304215E+000  0.16099270E+000  0.77962000E+000
  0.63056124E+000  0.11304280E+000  0.16099407E+000  0.77962492E+000
  0.63056277E+000  0.11304342E+000  0.16099537E+000  0.77962941E+000
  0.63056419E+000  0.11304401E+000  0.16099660E+000  0.77963349E+000
  0.63056552E+000  0.11304457E+000  0.16099776E+000  0.77963718E+000
  0.63056675E+000  0.11304510E+000  0.16099885E+000  0.77964050E+000
  0.63056789E+000  0.11304560E+000  0.16099988E+000  0.77964347E+000
  0.63056894E+000  0.11304607E+000  0.16100085E+000  0.77964611E+000
  0.63056989E+000  0.11304653E+000  0.16100175E+000  0.77964843E+000
  0.63057076E+000  0.11304696E+000  0.16100260E+000  0.77965045E+000
  0.63057155E+000  0.11304737E+000  0.16100338E+000  0.77965219E+000
  0.63057225E+000  0.11304777E+000  0.16100411E+000  0.77965364E+000
  0.63057287E+000  0.11304815E+000  0.16100478E+000  0.77965484E+000
  0.63057341E+000  0.11304851E+000  0.16100540E+000  0.77965578E+000
  0.63057387E+000  0.11304885E+000  0.16100596E+000  0.77965647E+000
  0.63057425E+000  0.11304918E+000  0.16100646E+000  0.77965694E+000
  0.63057455E+000  0.11304949E+000  0.16100692E+000  0.77965719E+000
  0.63057479E+000  0.11304979E+000  0.16100733E+000  0.77965723E+000
  0.63057495E+000  0.11305008E+000  0.16100768E+000  0.77965708E+000
  0.63057504E+000  0.11305035E+000  0.16100799E+000  0.77965674E+000
  0.63057506E+000  0.11305060E+000  0.16100824E+000  0.77965623E+000
  0.63057502E+000  0.11305084E+000  0.16100845E+000  0.77965556E+000
  0.63057491E+000  0.11305106E+000  0.16100862E+000  0.77965475E+000
  0.63057475E+000  0.11305126E+000  0.16100874E+000  0.77965380E+000
  0.63057453E+000  0.11305144E+000  0.16100882E+000  0.77965273E+000
  0.63057426E+000  0.11305161E+000  0.16100886E+000  0.77965156E+000
  0.63057393E+000  0.11305176E+000  0.16100886E+000  0.77965029E+000
  0.63057356E+000  0.11305190E+000  0.16100882E+000  0.77964893E+000
  0.63057314E+000  0.11305201E+000  0.16100875E+000  0.77964751E+000
  0.63057268E+000  0.11305211E+000  0.16100865E+000  0.77964602E+000
  0.63057219E+000  0.11305220E+000  0.16100851E+000  0.77964448E+000
  0.63057165E+000  0.11305228E+000  0.16100835E+000  0.77964291E+000
  0.63057108E+000  0.11305234E+000  0.16100816E+000  0.77964130E+000
  0.63057048E+000  0.11305239E+000  0.16100795E+000  0.77963966E+000
  0.63056985E+000  0.11305243E+000  0.16100771E+000  0.77963801E+000
  0.63056919E+000  0.11305247E+000  0.16100745E+000  0.77963636E+000
  0.63056851E+000  0.11305250E+000  0.16100718E+000  0.77963470E+000
  0.63056779E+000  0.11305252E+000  0.16100688E+000  0.77963305E+000
  0.63056706E+000  0.11305254E+000  0.16100657E+000  0.77963140E+000
  0.63056630E+000  0.11305256E+000  0.16100624E+000  0.77962977E+000
  0.63056551E+000  0.11305258E+000  0.16100590E+000  0.77962816E+000
  0.63056470E+000  0.11305260E+000  0.16100554E+000  0.77962656E+000
  0.63056387E+000  0.11305262E+000  0.16100516E+000  0.77962499E+000
  0.63056301E+000  0.11305264E+000  0.16100477E+000  0.77962344E+000
  0.63056213E+000  0.11305266E+000  0.16100437E+000  0.77962191E+000
  0.63056122E+000  0.11305269E+000  0.16100395E+000  0.77962040E+000
  0.63056028E+000  0.11305272E+000  0.16100352E+000  0.77961892E+000
  0.63055931E+000  0.11305275E+000  0.16100307E+000  0.77961746E+000
  0.63055832E+000  0.11305279E+000  0.16100261E+000  0.77961603E+000
  0.63055729E+000  0.11305283E+000  0.16100214E+000  0.77961462E+000
  0.63055623E+000  0.11305288E+000  0.16100165E+000  0.77961322E+000
  0.63055514E+000  0.11305293E+000  0.16100114E+000  0.77961185E+000
  0.63055401E+000  0.11305298E+000  0.16100063E+000  0.77961050E+000
  0.63055285E+000  0.11305304E+000  0.16100010E+000  0.77960917E+000
  0.63055165E+000  0.11305310E+000  0.16099955E+000  0.77960785E+000
  0.63055041E+000  0.11305317E+000  0.16099900E+000  0.77960655E+000
  0.63054913E+000  0.11305324E+000  0.16099843E+000  0.77960528E+000
  0.63054782E+000  0.11305331E+000  0.16099786E+000  0.77960401E+000
  0.63054646E+000  0.11305338E+000  0.16099728E+000  0.77960277E+000
  0.63054507E+000  0.11305346E+000  0.16099669E+000  0.77960154E+000
  0.63054364E+000  0.11305354E+000  0.16099610E+000  0.77960033E+000
  0.63054216E+000  0.11305361E+000  0.16099550E+000  0.77959914E+000
  0.63054065E+000  0.11305369E+000  0.16099490E+000  0.77959796E+000
  0.63053909E+000  0.11305377E+000  0.16099431E+000  0.77959681E+000
  0.63053750E+000  0.11305384E+000  0.16099371E+000  0.77959567E+000
  0.63053586E+000  0.11305392E+000  0.16099312E+000  0.77959455E+000
  0.63053419E+000  0.11305399E+000  0.16099254E+000  0.77959345E+000
  0.63053248E+000  0.11305406E+000  0.16099197E+000  0.77959237E+000
  0.63053074E+000  0.11305412E+000  0.16099141E+000  0.77959131E+000
  0.63052896E+000  0.11305418E+000  0.16099087E+000  0.77959027E+000
  0.63052714E+000  0.11305424E+000  0.16099034E+000  0.77958925E+000
  0.63052530E+000  0.11305430E+000  0.16098982E+000  0.77958824E+000
  0.63052342E+000  0.11305435E+000  0.16098933E+000  0.77958726E+000
  0.63052152E+000  0.11305439E+000  0.16098886E+000  0.77958629E+000
  0.63051958E+000  0.11305443E+000  0.16098841E+000  0.77958535E+000
  0.63051763E+000  0.11305447E+000  0.16098798E+000  0.77958442E+000
  0.63051565E+000  0.11305451E+000  0.16098757E+000  0.77958350E+000
  0.63051365E+000  0.11305454E+000  0.16098719E+000  0.77958260E+000
  0.63051163E+000  0.11305457E+000  0.16098683E+000  0.77958172E+000
  0.63050960E+000  0.11305459E+000  0.16098650E+000  0.77958085E+000
  0.63050755E+000  0.11305461E+000  0.16098619E+000  0.77958000E+000
  0.63050549E+000  0.11305463E+000  0.16098591E+000  0.77957916E+000
  0.63050342E+000  0.11305465E+000  0.16098565E+000  0.77957833E+000
  0.63050135E+000  0.11305467E+000  0.16098541E+000  0.77957751E+000
  0.63049928E+000  0.11305468E+000  0.16098519E+000  0.77957671E+000
  0.63049720E+000  0.11305469E+000  0.16098499E+000  0.77957591E+000
  0.63049513E+000  0.11305471E+000  0.16098481E+000  0.77957513E+000
  0.63049306E+000  0.11305472E+000  0.16098465E+000  0.77957436E+000
  0.63049100E+000  0.11305473E+000  0.16098451E+000  0.77957359E+000
  0.63048895E+000  0.11305474E+000  0.16098438E+000  0.77957284E+000
  0.63048691E+000  0.11305475E+000  0.16098426E+000  0.77957209E+000
  0.63048489E+000  0.11305475E+000  0.16098416E+000  0.77957136E+000
  0.63048288E+000  0.11305476E+000  0.16098407E+000  0.77957063E+000
  0.63048089E+000  0.11305476E+000  0.16098399E+000  0.77956991E+000
  0.63047893E+000  0.11305477E+000  0.16098392E+000  0.77956920E+000
  0.63047699E+000  0.11305477E+000  0.16098386E+000  0.77956850E+000
  0.63047507E+000  0.11305477E+000  0.16098381E+000  0.77956781E+000
  0.63047319E+000  0.11305476E+000  0.16098376E+000  0.77956713E+000
  0.63047134E+000  0.11305476E+000  0.16098372E+000  0.77956646E+000
  0.63046951E+000  0.11305475E+000  0.16098368E+000  0.77956579E+000
  0.63046772E+000  0.11305474E+000  0.16098365E+000  0.77956514E+000
  0.63046597E+000  0.11305472E+000  0.16098362E+000  0.77956450E+000
  0.63046425E+000  0.11305470E+000  0.16098359E+000  0.77956386E+000
  0.63046258E+000  0.11305468E+000  0.16098357E+000  0.77956324E+000
  0.63046094E+000  0.11305465E+000  0.16098354E+000  0.77956262E+000
  0.63045934E+000  0.11305462E+000  0.16098352E+000  0.77956202E+000
  0.63045778E+000  0.11305458E+000  0.16098350E+000  0.77956142E+000
  0.63045626E+000  0.11305454E+000  0.16098347E+000  0.77956084E+000
  0.63045479E+000  0.11305450E+000  0.16098345E+000  0.77956026E+000
  0.63045336E+000  0.11305445E+000  0.16098342E+000  0.77955970E+000
  0.63045197E+000  0.11305440E+000  0.16098340E+000  0.77955914E+000
  0.63045062E+000  0.11305434E+000  0.16098337E+000  0.77955860E+000
  0.63044932E+000  0.11305428E+000  0.16098335E+000  0.77955807E+000
  0.63044806E+000  0.11305422E+000  0.16098332E+000  0.77955754E+000
  0.63044684E+000  0.11305415E+000  0.16098329E+000  0.77955703E+000
  0.63044567E+000  0.11305408E+000  0.16098326E+000  0.77955653E+000
  0.63044453E+000  0.11305400E+000  0.16098323E+000  0.77955605E+000
  0.63044344E+000  0.11305392E+000  0.16098319E+000  0.77955557E+000
  0.63044239E+000  0.11305384E+000  0.16098316E+000  0.77955510E+000
  0.63044138E+000  0.11305376E+000  0.16098312E+000  0.77955465E+000
  0.63044040E+000  0.11305368E+000  0.16098308E+000  0.77955420E+000
  0.63043947E+000  0.11305359E+000  0.16098304E+000  0.77955377E+000
  0.63043857E+000  0.11305350E+000  0.16098300E+000  0.77955335E+000
  0.63043771E+000  0.11305341E+000  0.16098295E+000  0.77955294E+000
  0.63043689E+000  0.11305333E+000  0.16098291E+000  0.77955254E+000
  0.63043610E+000  0.11305324E+000  0.16098286E+000  0.77955215E+000
  0.63043535E+000  0.11305315E+000  0.16098281E+000  0.77955178E+000
  0.63043463E+000  0.11305306E+000  0.16098276E+000  0.77955141E+000
  0.63043394E+000  0.11305297E+000  0.16098271E+000  0.77955106E+000
  0.63043328E+000  0.11305288E+000  0.16098266E+000  0.77955072E+000
  0.63043265E+000  0.11305279E+000  0.16098261E+000  0.77955039E+000
  0.63043205E+000  0.11305270E+000  0.16098256E+000  0.77955007E+000
  0.63043148E+000  0.11305261E+000  0.16098251E+000  0.77954976E+000
  0.63043094E+000  0.11305253E+000  0.16098245E+000  0.77954946E+000
  0.63043042E+000  0.11305244E+000  0.16098240E+000  0.77954917E+000
  0.63042992E+000  0.11305236E+000  0.16098234E+000  0.77954890E+000
  0.63042945E+000  0.11305228E+000  0.16098229E+000  0.77954863E+000
  0.63042900E+000  0.11305220E+000  0.16098224E+000  0.77954837E+000
  0.63042858E+000  0.11305212E+000  0.16098218E+000  0.77954813E+000
  0.63042818E+000  0.11305204E+000  0.16098213E+000  0.77954789E+000
  0.63042779E+000  0.11305197E+000  0.16098207E+000  0.77954766E+000
  0.63042743E+000  0.11305189E+000  0.16098202E+000  0.77954745E+000
  0.63042708E+000  0.11305182E+000  0.16098197E+000  0.77954724E+000
  0.63042675E+000  0.11305175E+000  0.16098192E+000  0.77954704E+000
  0.63042644E+000  0.11305169E+000  0.16098186E+000  0.77954685E+000
  0.63042615E+000  0.11305162E+000  0.16098181E+000  0.77954667E+000
  0.63042587E+000  0.11305156E+000  0.16098176E+000  0.77954650E+000
  0.63042560E+000  0.11305150E+000  0.16098171E+000  0.77954634E+000
  0.63042535E+000  0.11305144E+000  0.16098167E+000  0.77954618E+000
  0.63042511E+000  0.11305138E+000  0.16098162E+000  0.77954603E+000
  0.63042488E+000  0.11305133E+000  0.16098157E+000  0.77954590E+000
  0.63042467E+000  0.11305127E+000  0.16098152E+000  0.77954576E+000
  0.63042447E+000  0.11305122E+000  0.16098148E+000  0.77954564E+000
  0.63042428E+000  0.11305117E+000  0.16098144E+000  0.77954552E+000
  0.63042410E+000  0.11305113E+000  0.16098139E+000  0.77954541E+000
  0.63042392E+000  0.11305108E+000  0.16098135E+000  0.77954531E+000
  0.63042376E+000  0.11305104E+000  0.16098131E+000  0.77954521E+000
  0.63042361E+000  0.11305099E+000  0.16098127E+000  0.77954512E+000
  0.63042346E+000  0.11305095E+000  0.16098123E+000  0.77954503E+000
  0.63042333E+000  0.11305091E+000  0.16098119E+000  0.77954495E+000
  0.63042320E+000  0.11305088E+000  0.16098116E+000  0.77954488E+000
  0.63042308E+000  0.11305084E+000  0.16098112E+000  0.77954481E+000
  0.63042296E+000  0.11305081E+000  0.16098109E+000  0.77954474E+000
  0.63042285E+000  0.11305077E+000  0.16098105E+000  0.77954468E+000
  0.63042275E+000  0.11305074E+000  0.16098102E+000  0.77954463E+000
  0.63042265E+000  0.11305071E+000  0.16098099E+000  0.77954458E+000
  0.63042256E+000  0.11305068E+000  0.16098096E+000  0.77954453E+000
  0.63042247E+000  0.11305066E+000  0.16098093E+000  0.77954449E+000
  0.63042239E+000  0.11305063E+000  0.16098090E+000  0.77954445E+000
  0.63042231E+000  0.11305060E+000  0.16098087E+000  0.77954442E+000
  0.63042224E+000  0.11305058E+000  0.16098085E+000  0.77954439E+000
  0.63042217E+000  0.11305056E+000  0.16098082E+000  0.77954436E+000
  0.63042210E+000  0.11305053E+000  0.16098080E+000  0.77954433E+000
  0.63042204E+000  0.11305051E+000  0.16098077E+000  0.77954431E+000
  0.63042198E+000  0.11305049E+000  0.16098075E+000  0.77954429E+000
  0.63042193E+000  0.11305047E+000  0.16098073E+000  0.77954428E+000
  0.63042188E+000  0.11305046E+000  0.16098071E+000  0.77954426E+000
  0.63042183E+000  0.11305044E+000  0.16098069E+000  0.77954425E+000
  0.63042178E+000  0.11305042E+000  0.16098067E+000  0.77954424E+000
  0.63042174E+000  0.11305041E+000  0.16098065E+000  0.77954424E+000
  0.63042170E+000  0.11305039E+000  0.16098063E+000  0.77954423E+000
  0.63042166E+000  0.11305038E+000  0.16098061E+000  0.77954423E+000
  0.63042162E+000  0.11305036E+000  0.16098060E+000  0.77954423E+000
  0.63042159E+000  0.11305035E+000  0.16098058E+000  0.77954423E+000
  0.63042156E+000  0.11305034E+000  0.16098057E+000  0.77954423E+000
