 -0.51996803E-001  0.47442434E-002  0.44207868E+000  0.12891703E+001
 -0.51997551E-001  0.47442615E-002  0.44208127E+000  0.12891818E+001
 -0.51998203E-001  0.47442911E-002  0.44208385E+000  0.12891983E+001
 -0.51998761E-001  0.47443099E-002  0.44208629E+000  0.12892158E+001
 -0.51999231E-001  0.47443038E-002  0.44208856E+000  0.12892329E+001
 -0.51999624E-001  0.47442624E-002  0.44209068E+000  0.12892494E+001
 -0.51999951E-001  0.47441859E-002  0.44209263E+000  0.12892650E+001
 -0.52000222E-001  0.47440824E-002  0.44209440E+000  0.12892797E+001
 -0.52000445E-001  0.47439629E-002  0.44209598E+000  0.12892936E+001
 -0.52000628E-001  0.47438382E-002  0.44209737E+000  0.12893067E+001
 -0.52000776E-001  0.47437167E-002  0.44209855E+000  0.12893191E+001
 -0.52000896E-001  0.47436039E-002  0.44209953E+000  0.12893307E+001
 -0.52000992E-001  0.47435027E-002  0.44210031E+000  0.12893417E+001
 -0.52001067E-001  0.47434141E-002  0.44210090E+000  0.12893520E+001
 -0.52001125E-001  0.47433376E-002  0.44210130E+000  0.12893617E+001
 -0.52001167E-001  0.47432717E-002  0.44210153E+000  0.12893709E+001
 -0.52001197E-001  0.47432147E-002  0.44210159E+000  0.12893795E+001
 -0.52001216E-001  0.47431644E-002  0.44210151E+000  0.12893876E+001
 -0.52001225E-001  0.47431191E-002  0.44210128E+000  0.12893952E+001
 -0.52001227E-001  0.47430770E-002  0.44210093E+000  0.12894023E+001
 -0.52001222E-001  0.47430366E-002  0.44210047E+000  0.12894090E+001
 -0.52001211E-001  0.47429968E-002  0.44209991E+000  0.12894152E+001
 -0.52001195E-001  0.47429564E-002  0.44209926E+000  0.12894210E+001
 -0.52001174E-001  0.47429149E-002  0.44209853E+000  0.12894264E+001
 -0.52001150E-001  0.47428717E-002  0.44209774E+000  0.12894314E+001
 -0.52001122E-001  0.47428263E-002  0.44209689E+000  0.12894360E+001
 -0.52001092E-001  0.47427785E-002  0.44209599E+000  0.12894402E+001
 -0.52001058E-001  0.47427282E-002  0.44209505E+000  0.12894440E+001
 -0.52001022E-001  0.47426752E-002  0.44209408E+000  0.12894474E+001
 -0.52000984E-001  0.47426195E-002  0.44209307E+000  0.12894505E+001
 -0.52000944E-001  0.47425613E-002  0.44209205E+000  0.12894532E+001
 -0.52000901E-001  0.47425005E-002  0.44209100E+000  0.12894556E+001
 -0.52000856E-001  0.47424373E-002  0.44208994E+000  0.12894577E+001
 -0.52000809E-001  0.47423719E-002  0.44208886E+000  0.12894594E+001
 -0.52000760E-001  0.47423043E-002  0.44208777E+000  0.12894609E+001
 -0.52000708E-001  0.47422349E-002  0.44208667E+000  0.12894620E+001
 -0.52000655E-001  0.47421638E-002  0.44208556E+000  0.12894629E+001
 -0.52000599E-001  0.47420913E-002  0.44208444E+000  0.12894635E+001
 -0.52000540E-001  0.47420177E-002  0.44208331E+000  0.12894638E+001
 -0.52000479E-001  0.47419430E-002  0.44208218E+000  0.12894639E+001
 -0.52000416E-001  0.47418677E-002  0.44208104E+000  0.12894639E+001
 -0.52000349E-001  0.47417918E-002  0.44207989E+000  0.12894636E+001
 -0.52000280E-001  0.47417156E-002  0.44207873E+000  0.12894631E+001
 -0.52000208E-001  0.47416392E-002  0.44207757E+000  0.12894625E+001
 -0.52000132E-001  0.47415627E-002  0.44207641E+000  0.12894617E+001
 -0.52000053E-001  0.47414862E-002  0.44207525E+000  0.12894608E+001
 -0.51999970E-001  0.47414097E-002  0.44207409E+000  0.12894597E+001
 -0.51999884E-001  0.47413332E-002  0.44207292E+000  0.12894586E+001
 -0.51999793E-001  0.47412566E-002  0.44207176E+000  0.12894573E+001
 -0.51999699E-001  0.47411799E-002  0.44207059E+000  0.12894560E+001
 -0.51999600E-001  0.47411029E-002  0.44206943E+000  0.12894546E+001
 -0.51999497E-001  0.47410256E-002  0.44206826E+000  0.12894531E+001
 -0.51999390E-001  0.47409478E-002  0.44206710E+000  0.12894517E+001
 -0.51999277E-001  0.47408694E-002  0.44206593E+000  0.12894501E+001
 -0.51999160E-001  0.47407902E-002  0.44206475E+000  0.12894486E+001
 -0.51999038E-001  0.47407102E-002  0.44206357E+000  0.12894470E+001
 -0.51998911E-001  0.47406294E-002  0.44206238E+000  0.12894454E+001
 -0.51998779E-001  0.47405475E-002  0.44206118E+000  0.12894438E+001
 -0.51998641E-001  0.47404646E-002  0.44205996E+000  0.12894421E+001
 -0.51998499E-001  0.47403807E-002  0.44205873E+000  0.12894405E+001
 -0.51998350E-001  0.47402958E-002  0.44205749E+000  0.12894389E+001
 -0.51998197E-001  0.47402098E-002  0.44205622E+000  0.12894373E+001
 -0.51998038E-001  0.47401229E-002  0.44205493E+000  0.12894356E+001
 -0.51997873E-001  0.47400351E-002  0.44205362E+000  0.12894340E+001
 -0.51997703E-001  0.47399463E-002  0.44205228E+000  0.12894324E+001
 -0.51997527E-001  0.47398568E-002  0.44205091E+000  0.12894308E+001
 -0.51997346E-001  0.47397666E-002  0.44204951E+000  0.12894292E+001
 -0.51997160E-001  0.47396758E-002  0.44204809E+000  0.12894276E+001
 -0.51996968E-001  0.47395845E-002  0.44204663E+000  0.12894260E+001
 -0.51996771E-001  0.47394928E-002  0.44204514E+000  0.12894244E+001
 -0.51996568E-001  0.47394008E-002  0.44204361E+000  0.12894228E+001
 -0.51996360E-001  0.47393086E-002  0.44204205E+000  0.12894211E+001
 -0.51996147E-001  0.47392164E-002  0.44204045E+000  0.12894195E+001
 -0.51995929E-001  0.47391244E-002  0.44203882E+000  0.12894179E+001
 -0.51995707E-001  0.47390325E-002  0.44203716E+000  0.12894163E+001
 -0.51995479E-001  0.47389411E-002  0.44203546E+000  0.12894147E+001
 -0.51995248E-001  0.47388502E-002  0.44203372E+000  0.12894131E+001
 -0.51995011E-001  0.47387599E-002  0.44203195E+000  0.12894116E+001
 -0.51994771E-001  0.47386705E-002  0.44203015E+000  0.12894100E+001
 -0.51994527E-001  0.47385820E-002  0.44202832E+000  0.12894084E+001
 -0.51994280E-001  0.47384947E-002  0.44202645E+000  0.12894068E+001
 -0.51994029E-001  0.47384085E-002  0.44202456E+000  0.12894053E+001
 -0.51993775E-001  0.47383238E-002  0.44202264E+000  0.12894038E+001
 -0.51993519E-001  0.47382406E-002  0.44202069E+000  0.12894022E+001
 -0.51993261E-001  0.47381591E-002  0.44201872E+000  0.12894007E+001
 -0.51993000E-001  0.47380793E-002  0.44201673E+000  0.12893992E+001
 -0.51992738E-001  0.47380013E-002  0.44201472E+000  0.12893977E+001
 -0.51992475E-001  0.47379254E-002  0.44201269E+000  0.12893963E+001
 -0.51992212E-001  0.47378515E-002  0.44201065E+000  0.12893948E+001
 -0.51991948E-001  0.47377798E-002  0.44200859E+000  0.12893934E+001
 -0.51991683E-001  0.47377103E-002  0.44200653E+000  0.12893920E+001
 -0.51991420E-001  0.47376430E-002  0.44200446E+000  0.12893906E+001
 -0.51991157E-001  0.47375781E-002  0.44200238E+000  0.12893892E+001
 -0.51990895E-001  0.47375156E-002  0.44200031E+000  0.12893879E+001
 -0.51990635E-001  0.47374554E-002  0.44199824E+000  0.12893865E+001
 -0.51990377E-001  0.47373976E-002  0.44199617E+000  0.12893852E+001
 -0.51990121E-001  0.47373422E-002  0.44199411E+000  0.12893839E+001
 -0.51989868E-001  0.47372892E-002  0.44199206E+000  0.12893826E+001
 -0.51989617E-001  0.47372385E-002  0.44199003E+000  0.12893814E+001
 -0.51989370E-001  0.47371903E-002  0.44198801E+000  0.12893801E+001
 -0.51989127E-001  0.47371443E-002  0.44198601E+000  0.12893788E+001
 -0.51988887E-001  0.47371006E-002  0.44198403E+000  0.12893776E+001
 -0.51988651E-001  0.47370591E-002  0.44198208E+000  0.12893764E+001
 -0.51988420E-001  0.47370199E-002  0.44198015E+000  0.12893751E+001
 -0.51988193E-001  0.47369827E-002  0.44197825E+000  0.12893739E+001
 -0.51987970E-001  0.47369476E-002  0.44197638E+000  0.12893727E+001
 -0.51987753E-001  0.47369146E-002  0.44197454E+000  0.12893715E+001
 -0.51987541E-001  0.47368834E-002  0.44197274E+000  0.12893703E+001
 -0.51987333E-001  0.47368542E-002  0.44197097E+000  0.12893691E+001
 -0.51987131E-001  0.47368267E-002  0.44196924E+000  0.12893679E+001
 -0.51986934E-001  0.47368010E-002  0.44196755E+000  0.12893668E+001
 -0.51986743E-001  0.47367769E-002  0.44196590E+000  0.12893656E+001
 -0.51986557E-001  0.47367544E-002  0.44196429E+000  0.12893644E+001
 -0.51986377E-001  0.47367334E-002  0.44196272E+000  0.12893633E+001
 -0.51986202E-001  0.47367138E-002  0.44196120E+000  0.12893621E+001
 -0.51986033E-001  0.47366956E-002  0.44195971E+000  0.12893609E+001
 -0.51985869E-001  0.47366787E-002  0.44195827E+000  0.12893598E+001
 -0.51985711E-001  0.47366631E-002  0.44195688E+000  0.12893586E+001
 -0.51985558E-001  0.47366485E-002  0.44195553E+000  0.12893575E+001
 -0.51985410E-001  0.47366351E-002  0.44195422E+000  0.12893564E+001
 -0.51985268E-001  0.47366227E-002  0.44195295E+000  0.12893552E+001
 -0.51985131E-001  0.47366113E-002  0.44195173E+000  0.12893541E+001
 -0.51985000E-001  0.47366008E-002  0.44195056E+000  0.12893530E+001
 -0.51984873E-001  0.47365911E-002  0.44194942E+000  0.12893519E+001
 -0.51984752E-001  0.47365823E-002  0.44194833E+000  0.12893508E+001
 -0.51984635E-001  0.47365742E-002  0.44194728E+000  0.12893498E+001
 -0.51984523E-001  0.47365668E-002  0.44194627E+000  0.12893487E+001
 -0.51984416E-001  0.47365600E-002  0.44194530E+000  0.12893476E+001
 -0.51984313E-001  0.47365538E-002  0.44194437E+000  0.12893466E+001
 -0.51984215E-001  0.47365482E-002  0.44194348E+000  0.12893456E+001
 -0.51984121E-001  0.47365432E-002  0.44194262E+000  0.12893445E+001
 -0.51984031E-001  0.47365386E-002  0.44194181E+000  0.12893436E+001
 -0.51983946E-001  0.47365345E-002  0.44194103E+000  0.12893426E+001
 -0.51983864E-001  0.47365308E-002  0.44194028E+000  0.12893416E+001
 -0.51983786E-001  0.47365274E-002  0.44193957E+000  0.12893407E+001
 -0.51983712E-001  0.47365245E-002  0.44193889E+000  0.12893397E+001
 -0.51983641E-001  0.47365218E-002  0.44193824E+000  0.12893388E+001
 -0.51983574E-001  0.47365195E-002  0.44193762E+000  0.12893379E+001
 -0.51983509E-001  0.47365174E-002  0.44193703E+000  0.12893370E+001
 -0.51983449E-001  0.47365156E-002  0.44193647E+000  0.12893362E+001
 -0.51983391E-001  0.47365140E-002  0.44193594E+000  0.12893354E+001
 -0.51983336E-001  0.47365127E-002  0.44193543E+000  0.12893345E+001
 -0.51983284E-001  0.47365115E-002  0.44193495E+000  0.12893337E+001
 -0.51983234E-001  0.47365105E-002  0.44193450E+000  0.12893330E+001
 -0.51983187E-001  0.47365097E-002  0.44193406E+000  0.12893322E+001
 -0.51983143E-001  0.47365090E-002  0.44193365E+000  0.12893315E+001
 -0.51983100E-001  0.47365085E-002  0.44193326E+000  0.12893308E+001
 -0.51983060E-001  0.47365081E-002  0.44193289E+000  0.12893301E+001
 -0.51983023E-001  0.47365078E-002  0.44193254E+000  0.12893294E+001
 -0.51982987E-001  0.47365076E-002  0.44193221E+000  0.12893288E+001
 -0.51982953E-001  0.47365074E-002  0.44193190E+000  0.12893281E+001
 -0.51982921E-001  0.47365074E-002  0.44193160E+000  0.12893275E+001
 -0.51982891E-001  0.47365074E-002  0.44193132E+000  0.12893269E+001
 -0.51982862E-001  0.47365075E-002  0.44193106E+000  0.12893264E+001
 -0.51982835E-001  0.47365077E-002  0.44193081E+000  0.12893258E+001
 -0.51982810E-001  0.47365079E-002  0.44193057E+000  0.12893253E+001
 -0.51982786E-001  0.47365081E-002  0.44193035E+000  0.12893248E+001
 -0.51982763E-001  0.47365084E-002  0.44193014E+000  0.12893243E+001
 -0.51982742E-001  0.47365087E-002  0.44192994E+000  0.12893238E+001
 -0.51982722E-001  0.47365090E-002  0.44192975E+000  0.12893234E+001
 -0.51982703E-001  0.47365094E-002  0.44192958E+000  0.12893229E+001
 -0.51982685E-001  0.47365098E-002  0.44192941E+000  0.12893225E+001
 -0.51982668E-001  0.47365102E-002  0.44192925E+000  0.12893221E+001
 -0.51982652E-001  0.47365106E-002  0.44192911E+000  0.12893217E+001
 -0.51982637E-001  0.47365110E-002  0.44192897E+000  0.12893214E+001
 -0.51982623E-001  0.47365114E-002  0.44192884E+000  0.12893210E+001
 -0.51982610E-001  0.47365118E-002  0.44192871E+000  0.12893207E+001
 -0.51982597E-001  0.47365122E-002  0.44192860E+000  0.12893204E+001
 -0.51982586E-001  0.47365127E-002  0.44192849E+000  0.12893201E+001
 -0.51982575E-001  0.47365131E-002  0.44192838E+000  0.12893198E+001
 -0.51982564E-001  0.47365135E-002  0.44192829E+000  0.12893195E+001
 -0.51982555E-001  0.47365139E-002  0.44192820E+000  0.12893192E+001
 -0.51982546E-001  0.47365143E-002  0.44192811E+000  0.12893190E+001
 -0.51982537E-001  0.47365147E-002  0.44192803E+000  0.12893187E+001
 -0.51982529E-001  0.47365151E-002  0.44192796E+000  0.12893185E+001
 -0.51982521E-001  0.47365155E-002  0.44192789E+000  0.12893183E+001
 -0.51982514E-001  0.47365159E-002  0.44192782E+000  0.12893181E+001
 -0.51982507E-001  0.47365163E-002  0.44192776E+000  0.12893179E+001
 -0.51982501E-001  0.47365167E-002  0.44192770E+000  0.12893177E+001
 -0.51982495E-001  0.47365170E-002  0.44192764E+000  0.12893175E+001
 -0.51982490E-001  0.47365174E-002  0.44192759E+000  0.12893174E+001
 -0.51982484E-001  0.47365177E-002  0.44192754E+000  0.12893172E+001
 -0.51982480E-001  0.47365180E-002  0.44192750E+000  0.12893171E+001
 -0.51982475E-001  0.47365183E-002  0.44192745E+000  0.12893169E+001
 -0.51982471E-001  0.47365186E-002  0.44192741E+000  0.12893168E+001
 -0.51982467E-001  0.47365189E-002  0.44192737E+000  0.12893167E+001
 -0.51982463E-001  0.47365192E-002  0.44192734E+000  0.12893166E+001
 -0.51982459E-001  0.47365195E-002  0.44192731E+000  0.12893165E+001
 -0.51982456E-001  0.47365198E-002  0.44192727E+000  0.12893164E+001
 -0.51982453E-001  0.47365200E-002  0.44192725E+000  0.12893163E+001
 -0.51982450E-001  0.47365203E-002  0.44192722E+000  0.12893162E+001
 -0.51982447E-001  0.47365205E-002  0.44192719E+000  0.12893161E+001
 -0.51982445E-001  0.47365207E-002  0.44192717E+000  0.12893160E+001
 -0.51982442E-001  0.47365209E-002  0.44192714E+000  0.12893160E+001
 -0.51982440E-001  0.47365212E-002  0.44192712E+000  0.12893159E+001
 -0.51982438E-001  0.47365214E-002  0.44192710E+000  0.12893158E+001
 -0.51982436E-001  0.47365215E-002  0.44192708E+000  0.12893158E+001
 -0.51982434E-001  0.47365217E-002  0.44192707E+000  0.12893157E+001
 -0.51982432E-001  0.47365219E-002  0.44192705E+000  0.12893157E+001
 -0.51982430E-001  0.47365221E-002  0.44192703E+000  0.12893156E+001
