 -0.16986735E-001
 -0.16987219E-001
 -0.16987635E-001
 -0.16987989E-001
 -0.16988288E-001
 -0.16988538E-001
 -0.16988748E-001
 -0.16988922E-001
 -0.16989067E-001
 -0.16989186E-001
 -0.16989285E-001
 -0.16989366E-001
 -0.16989433E-001
 -0.16989487E-001
 -0.16989530E-001
 -0.16989565E-001
 -0.16989593E-001
 -0.16989615E-001
 -0.16989631E-001
 -0.16989644E-001
 -0.16989653E-001
 -0.16989659E-001
 -0.16989662E-001
 -0.16989664E-001
 -0.16989664E-001
 -0.16989663E-001
 -0.16989661E-001
 -0.16989658E-001
 -0.16989655E-001
 -0.16989651E-001
 -0.16989646E-001
 -0.16989641E-001
 -0.16989636E-001
 -0.16989631E-001
 -0.16989625E-001
 -0.16989620E-001
 -0.16989614E-001
 -0.16989608E-001
 -0.16989602E-001
 -0.16989596E-001
 -0.16989590E-001
 -0.16989584E-001
 -0.16989578E-001
 -0.16989571E-001
 -0.16989565E-001
 -0.16989558E-001
 -0.16989551E-001
 -0.16989543E-001
 -0.16989536E-001
 -0.16989528E-001
 -0.16989519E-001
 -0.16989510E-001
 -0.16989501E-001
 -0.16989491E-001
 -0.16989481E-001
 -0.16989470E-001
 -0.16989458E-001
 -0.16989446E-001
 -0.16989433E-001
 -0.16989419E-001
 -0.16989404E-001
 -0.16989389E-001
 -0.16989373E-001
 -0.16989356E-001
 -0.16989339E-001
 -0.16989321E-001
 -0.16989301E-001
 -0.16989281E-001
 -0.16989261E-001
 -0.16989239E-001
 -0.16989217E-001
 -0.16989193E-001
 -0.16989170E-001
 -0.16989145E-001
 -0.16989119E-001
 -0.16989093E-001
 -0.16989066E-001
 -0.16989039E-001
 -0.16989011E-001
 -0.16988982E-001
 -0.16988952E-001
 -0.16988922E-001
 -0.16988892E-001
 -0.16988860E-001
 -0.16988829E-001
 -0.16988796E-001
 -0.16988763E-001
 -0.16988730E-001
 -0.16988697E-001
 -0.16988663E-001
 -0.16988628E-001
 -0.16988593E-001
 -0.16988558E-001
 -0.16988523E-001
 -0.16988488E-001
 -0.16988452E-001
 -0.16988416E-001
 -0.16988380E-001
 -0.16988344E-001
 -0.16988308E-001
 -0.16988271E-001
 -0.16988235E-001
 -0.16988199E-001
 -0.16988163E-001
 -0.16988127E-001
 -0.16988091E-001
 -0.16988055E-001
 -0.16988020E-001
 -0.16987985E-001
 -0.16987950E-001
 -0.16987915E-001
 -0.16987881E-001
 -0.16987847E-001
 -0.16987814E-001
 -0.16987781E-001
 -0.16987748E-001
 -0.16987716E-001
 -0.16987684E-001
 -0.16987653E-001
 -0.16987623E-001
 -0.16987593E-001
 -0.16987563E-001
 -0.16987535E-001
 -0.16987506E-001
 -0.16987479E-001
 -0.16987452E-001
 -0.16987425E-001
 -0.16987400E-001
 -0.16987375E-001
 -0.16987350E-001
 -0.16987327E-001
 -0.16987303E-001
 -0.16987281E-001
 -0.16987259E-001
 -0.16987238E-001
 -0.16987218E-001
 -0.16987198E-001
 -0.16987179E-001
 -0.16987160E-001
 -0.16987142E-001
 -0.16987125E-001
 -0.16987108E-001
 -0.16987092E-001
 -0.16987076E-001
 -0.16987061E-001
 -0.16987047E-001
 -0.16987033E-001
 -0.16987020E-001
 -0.16987007E-001
 -0.16986994E-001
 -0.16986982E-001
 -0.16986971E-001
 -0.16986960E-001
 -0.16986950E-001
 -0.16986940E-001
 -0.16986930E-001
 -0.16986921E-001
 -0.16986912E-001
 -0.16986904E-001
 -0.16986895E-001
 -0.16986888E-001
 -0.16986880E-001
 -0.16986873E-001
 -0.16986867E-001
 -0.16986860E-001
 -0.16986854E-001
 -0.16986848E-001
 -0.16986843E-001
 -0.16986837E-001
 -0.16986832E-001
 -0.16986827E-001
 -0.16986823E-001
 -0.16986818E-001
 -0.16986814E-001
 -0.16986810E-001
 -0.16986806E-001
 -0.16986803E-001
 -0.16986799E-001
 -0.16986796E-001
 -0.16986793E-001
 -0.16986790E-001
 -0.16986787E-001
 -0.16986785E-001
 -0.16986782E-001
 -0.16986780E-001
 -0.16986777E-001
 -0.16986775E-001
 -0.16986773E-001
 -0.16986771E-001
 -0.16986769E-001
 -0.16986768E-001
 -0.16986766E-001
 -0.16986764E-001
 -0.16986763E-001
 -0.16986761E-001
 -0.16986760E-001
 -0.16986759E-001
 -0.16986758E-001
 -0.16986756E-001
 -0.16986755E-001
