  0.12918843E+001
  0.12918824E+001
  0.12918825E+001
  0.12918832E+001
  0.12918840E+001
  0.12918848E+001
  0.12918856E+001
  0.12918865E+001
  0.12918873E+001
  0.12918881E+001
  0.12918890E+001
  0.12918898E+001
  0.12918906E+001
  0.12918913E+001
  0.12918921E+001
  0.12918929E+001
  0.12918936E+001
  0.12918944E+001
  0.12918951E+001
  0.12918959E+001
  0.12918966E+001
  0.12918973E+001
  0.12918981E+001
  0.12918988E+001
  0.12918995E+001
  0.12919003E+001
  0.12919010E+001
  0.12919018E+001
  0.12919026E+001
  0.12919033E+001
  0.12919041E+001
  0.12919049E+001
  0.12919057E+001
  0.12919065E+001
  0.12919074E+001
  0.12919082E+001
  0.12919091E+001
  0.12919100E+001
  0.12919109E+001
  0.12919119E+001
  0.12919128E+001
  0.12919138E+001
  0.12919148E+001
  0.12919159E+001
  0.12919169E+001
  0.12919180E+001
  0.12919192E+001
  0.12919203E+001
  0.12919215E+001
  0.12919227E+001
  0.12919240E+001
  0.12919253E+001
  0.12919266E+001
  0.12919280E+001
  0.12919294E+001
  0.12919308E+001
  0.12919323E+001
  0.12919338E+001
  0.12919353E+001
  0.12919369E+001
  0.12919385E+001
  0.12919402E+001
  0.12919419E+001
  0.12919436E+001
  0.12919454E+001
  0.12919472E+001
  0.12919491E+001
  0.12919509E+001
  0.12919528E+001
  0.12919548E+001
  0.12919568E+001
  0.12919588E+001
  0.12919609E+001
  0.12919629E+001
  0.12919650E+001
  0.12919672E+001
  0.12919693E+001
  0.12919715E+001
  0.12919737E+001
  0.12919760E+001
  0.12919782E+001
  0.12919805E+001
  0.12919828E+001
  0.12919851E+001
  0.12919874E+001
  0.12919898E+001
  0.12919921E+001
  0.12919945E+001
  0.12919969E+001
  0.12919992E+001
  0.12920016E+001
  0.12920040E+001
  0.12920064E+001
  0.12920088E+001
  0.12920113E+001
  0.12920137E+001
  0.12920161E+001
  0.12920185E+001
  0.12920209E+001
  0.12920234E+001
  0.12920258E+001
  0.12920282E+001
  0.12920306E+001
  0.12920331E+001
  0.12920355E+001
  0.12920379E+001
  0.12920404E+001
  0.12920428E+001
  0.12920452E+001
  0.12920477E+001
  0.12920501E+001
  0.12920525E+001
  0.12920550E+001
  0.12920574E+001
  0.12920599E+001
  0.12920623E+001
  0.12920648E+001
  0.12920672E+001
  0.12920697E+001
  0.12920722E+001
  0.12920746E+001
  0.12920771E+001
  0.12920796E+001
  0.12920821E+001
  0.12920846E+001
  0.12920871E+001
  0.12920897E+001
  0.12920922E+001
  0.12920947E+001
  0.12920973E+001
  0.12920998E+001
  0.12921024E+001
  0.12921050E+001
  0.12921076E+001
  0.12921102E+001
  0.12921128E+001
  0.12921154E+001
  0.12921181E+001
  0.12921207E+001
  0.12921234E+001
  0.12921260E+001
  0.12921287E+001
  0.12921314E+001
  0.12921341E+001
  0.12921368E+001
  0.12921395E+001
  0.12921422E+001
  0.12921450E+001
  0.12921477E+001
  0.12921504E+001
  0.12921532E+001
  0.12921559E+001
  0.12921587E+001
  0.12921614E+001
  0.12921642E+001
  0.12921669E+001
  0.12921697E+001
  0.12921724E+001
  0.12921751E+001
  0.12921779E+001
  0.12921806E+001
  0.12921833E+001
  0.12921860E+001
  0.12921887E+001
  0.12921914E+001
  0.12921941E+001
  0.12921967E+001
  0.12921994E+001
  0.12922020E+001
  0.12922046E+001
  0.12922072E+001
  0.12922098E+001
  0.12922123E+001
  0.12922149E+001
  0.12922174E+001
  0.12922199E+001
  0.12922223E+001
  0.12922247E+001
  0.12922271E+001
  0.12922295E+001
  0.12922318E+001
  0.12922341E+001
  0.12922364E+001
  0.12922387E+001
  0.12922409E+001
  0.12922431E+001
  0.12922452E+001
  0.12922473E+001
  0.12922494E+001
  0.12922514E+001
  0.12922534E+001
  0.12922554E+001
  0.12922573E+001
  0.12922592E+001
  0.12922611E+001
  0.12922629E+001
  0.12922647E+001
  0.12922664E+001
  0.12922681E+001
  0.12922698E+001
