  0.30442826E+001
  0.30450351E+001
  0.30451977E+001
  0.30452414E+001
  0.30452546E+001
  0.30452581E+001
  0.30452580E+001
  0.30452563E+001
  0.30452539E+001
  0.30452511E+001
  0.30452481E+001
  0.30452451E+001
  0.30452422E+001
  0.30452393E+001
  0.30452365E+001
  0.30452338E+001
  0.30452312E+001
  0.30452288E+001
  0.30452265E+001
  0.30452244E+001
  0.30452224E+001
  0.30452205E+001
  0.30452188E+001
  0.30452172E+001
  0.30452158E+001
  0.30452145E+001
  0.30452133E+001
  0.30452123E+001
  0.30452114E+001
  0.30452106E+001
  0.30452100E+001
  0.30452095E+001
  0.30452092E+001
  0.30452090E+001
  0.30452090E+001
  0.30452091E+001
  0.30452094E+001
  0.30452098E+001
  0.30452104E+001
  0.30452112E+001
  0.30452121E+001
  0.30452132E+001
  0.30452144E+001
  0.30452157E+001
  0.30452171E+001
  0.30452187E+001
  0.30452203E+001
  0.30452219E+001
  0.30452236E+001
  0.30452253E+001
  0.30452270E+001
  0.30452286E+001
  0.30452301E+001
  0.30452314E+001
  0.30452326E+001
  0.30452337E+001
  0.30452344E+001
  0.30452350E+001
  0.30452352E+001
  0.30452351E+001
  0.30452347E+001
  0.30452340E+001
  0.30452328E+001
  0.30452313E+001
  0.30452293E+001
  0.30452270E+001
  0.30452242E+001
  0.30452211E+001
  0.30452175E+001
  0.30452135E+001
  0.30452092E+001
  0.30452045E+001
  0.30451994E+001
  0.30451941E+001
  0.30451884E+001
  0.30451824E+001
  0.30451762E+001
  0.30451698E+001
  0.30451632E+001
  0.30451564E+001
  0.30451495E+001
  0.30451424E+001
  0.30451353E+001
  0.30451281E+001
  0.30451209E+001
  0.30451136E+001
  0.30451063E+001
  0.30450991E+001
  0.30450919E+001
  0.30450847E+001
  0.30450777E+001
  0.30450707E+001
  0.30450638E+001
  0.30450570E+001
  0.30450503E+001
  0.30450437E+001
  0.30450373E+001
  0.30450311E+001
  0.30450250E+001
  0.30450190E+001
  0.30450132E+001
  0.30450076E+001
  0.30450022E+001
  0.30449969E+001
  0.30449919E+001
  0.30449870E+001
  0.30449823E+001
  0.30449778E+001
  0.30449735E+001
  0.30449694E+001
  0.30449656E+001
  0.30449619E+001
  0.30449585E+001
  0.30449553E+001
  0.30449523E+001
  0.30449495E+001
  0.30449469E+001
  0.30449446E+001
  0.30449425E+001
  0.30449406E+001
  0.30449389E+001
  0.30449375E+001
  0.30449363E+001
  0.30449354E+001
  0.30449346E+001
  0.30449341E+001
  0.30449338E+001
  0.30449338E+001
  0.30449339E+001
  0.30449343E+001
  0.30449349E+001
  0.30449357E+001
  0.30449368E+001
  0.30449380E+001
  0.30449395E+001
  0.30449411E+001
  0.30449430E+001
  0.30449450E+001
  0.30449473E+001
  0.30449497E+001
  0.30449523E+001
  0.30449551E+001
  0.30449581E+001
  0.30449612E+001
  0.30449645E+001
  0.30449679E+001
  0.30449715E+001
  0.30449753E+001
  0.30449792E+001
  0.30449832E+001
  0.30449873E+001
  0.30449916E+001
  0.30449959E+001
  0.30450004E+001
  0.30450050E+001
  0.30450097E+001
  0.30450144E+001
  0.30450193E+001
  0.30450242E+001
  0.30450292E+001
  0.30450343E+001
  0.30450394E+001
  0.30450445E+001
  0.30450497E+001
  0.30450550E+001
  0.30450603E+001
  0.30450656E+001
  0.30450709E+001
  0.30450762E+001
  0.30450816E+001
  0.30450869E+001
  0.30450923E+001
  0.30450976E+001
  0.30451030E+001
  0.30451083E+001
  0.30451136E+001
  0.30451189E+001
  0.30451241E+001
  0.30451294E+001
  0.30451345E+001
  0.30451397E+001
  0.30451448E+001
  0.30451498E+001
  0.30451548E+001
  0.30451597E+001
  0.30451646E+001
  0.30451694E+001
  0.30451742E+001
  0.30451789E+001
  0.30451835E+001
  0.30451881E+001
  0.30451926E+001
  0.30451970E+001
  0.30452013E+001
  0.30452056E+001
  0.30452098E+001
  0.30452139E+001
  0.30452179E+001
  0.30452218E+001
  0.30452257E+001
