  0.73483271E+000
  0.73484665E+000
  0.73485127E+000
  0.73485390E+000
  0.73485593E+000
  0.73485766E+000
  0.73485914E+000
  0.73486040E+000
  0.73486145E+000
  0.73486229E+000
  0.73486295E+000
  0.73486345E+000
  0.73486380E+000
  0.73486403E+000
  0.73486416E+000
  0.73486420E+000
  0.73486418E+000
  0.73486410E+000
  0.73486397E+000
  0.73486381E+000
  0.73486362E+000
  0.73486341E+000
  0.73486319E+000
  0.73486297E+000
  0.73486274E+000
  0.73486250E+000
  0.73486227E+000
  0.73486205E+000
  0.73486183E+000
  0.73486162E+000
  0.73486142E+000
  0.73486123E+000
  0.73486105E+000
  0.73486089E+000
  0.73486073E+000
  0.73486059E+000
  0.73486046E+000
  0.73486034E+000
  0.73486023E+000
  0.73486013E+000
  0.73486005E+000
  0.73485998E+000
  0.73485992E+000
  0.73485986E+000
  0.73485982E+000
  0.73485979E+000
  0.73485977E+000
  0.73485975E+000
  0.73485975E+000
  0.73485975E+000
  0.73485976E+000
  0.73485977E+000
  0.73485979E+000
  0.73485982E+000
  0.73485985E+000
  0.73485988E+000
  0.73485992E+000
  0.73485996E+000
  0.73486001E+000
  0.73486005E+000
  0.73486010E+000
  0.73486015E+000
  0.73486020E+000
  0.73486025E+000
  0.73486031E+000
  0.73486036E+000
  0.73486041E+000
  0.73486047E+000
  0.73486052E+000
  0.73486058E+000
  0.73486064E+000
  0.73486070E+000
  0.73486076E+000
  0.73486082E+000
  0.73486089E+000
  0.73486096E+000
  0.73486103E+000
  0.73486111E+000
  0.73486119E+000
  0.73486127E+000
  0.73486137E+000
  0.73486146E+000
  0.73486157E+000
  0.73486168E+000
  0.73486179E+000
  0.73486192E+000
  0.73486205E+000
  0.73486219E+000
  0.73486233E+000
  0.73486248E+000
  0.73486264E+000
  0.73486281E+000
  0.73486298E+000
  0.73486316E+000
  0.73486334E+000
  0.73486353E+000
  0.73486372E+000
  0.73486392E+000
  0.73486412E+000
  0.73486433E+000
  0.73486454E+000
  0.73486476E+000
  0.73486497E+000
  0.73486519E+000
  0.73486541E+000
  0.73486563E+000
  0.73486584E+000
  0.73486606E+000
  0.73486628E+000
  0.73486650E+000
  0.73486671E+000
  0.73486693E+000
  0.73486714E+000
  0.73486734E+000
  0.73486755E+000
  0.73486775E+000
  0.73486795E+000
  0.73486814E+000
  0.73486833E+000
  0.73486851E+000
  0.73486869E+000
  0.73486886E+000
  0.73486903E+000
  0.73486919E+000
  0.73486935E+000
  0.73486950E+000
  0.73486965E+000
  0.73486979E+000
  0.73486992E+000
  0.73487005E+000
  0.73487018E+000
  0.73487030E+000
  0.73487041E+000
  0.73487052E+000
  0.73487062E+000
  0.73487072E+000
  0.73487081E+000
  0.73487090E+000
  0.73487098E+000
  0.73487106E+000
  0.73487113E+000
  0.73487120E+000
  0.73487127E+000
  0.73487133E+000
  0.73487138E+000
  0.73487144E+000
  0.73487149E+000
  0.73487153E+000
  0.73487157E+000
  0.73487161E+000
  0.73487165E+000
  0.73487168E+000
  0.73487172E+000
  0.73487174E+000
  0.73487177E+000
  0.73487179E+000
  0.73487182E+000
  0.73487184E+000
  0.73487185E+000
  0.73487187E+000
  0.73487188E+000
  0.73487190E+000
  0.73487191E+000
  0.73487192E+000
  0.73487193E+000
  0.73487193E+000
  0.73487194E+000
  0.73487194E+000
  0.73487195E+000
  0.73487195E+000
  0.73487195E+000
  0.73487196E+000
  0.73487196E+000
  0.73487196E+000
  0.73487196E+000
  0.73487196E+000
  0.73487196E+000
  0.73487196E+000
  0.73487195E+000
  0.73487195E+000
  0.73487195E+000
  0.73487195E+000
  0.73487195E+000
  0.73487194E+000
  0.73487194E+000
  0.73487194E+000
  0.73487193E+000
  0.73487193E+000
  0.73487193E+000
  0.73487192E+000
  0.73487192E+000
  0.73487192E+000
  0.73487191E+000
  0.73487191E+000
  0.73487191E+000
  0.73487190E+000
  0.73487190E+000
  0.73487190E+000
  0.73487189E+000
  0.73487189E+000
