  0.77801289E+000  0.89329816E+000  0.10978333E+001  0.23983931E+001
  0.77801213E+000  0.89329369E+000  0.10978342E+001  0.23983899E+001
  0.77801331E+000  0.89328890E+000  0.10978354E+001  0.23983928E+001
  0.77801279E+000  0.89328626E+000  0.10978367E+001  0.23983972E+001
  0.77801154E+000  0.89328446E+000  0.10978381E+001  0.23984020E+001
  0.77801004E+000  0.89328283E+000  0.10978398E+001  0.23984068E+001
  0.77800849E+000  0.89328115E+000  0.10978416E+001  0.23984116E+001
  0.77800696E+000  0.89327941E+000  0.10978436E+001  0.23984163E+001
  0.77800547E+000  0.89327767E+000  0.10978454E+001  0.23984210E+001
  0.77800404E+000  0.89327601E+000  0.10978472E+001  0.23984256E+001
  0.77800267E+000  0.89327450E+000  0.10978487E+001  0.23984302E+001
  0.77800135E+000  0.89327319E+000  0.10978499E+001  0.23984348E+001
  0.77800009E+000  0.89327209E+000  0.10978509E+001  0.23984395E+001
  0.77799887E+000  0.89327120E+000  0.10978515E+001  0.23984441E+001
  0.77799770E+000  0.89327050E+000  0.10978518E+001  0.23984487E+001
  0.77799657E+000  0.89326998E+000  0.10978519E+001  0.23984533E+001
  0.77799547E+000  0.89326959E+000  0.10978517E+001  0.23984580E+001
  0.77799440E+000  0.89326932E+000  0.10978513E+001  0.23984627E+001
  0.77799336E+000  0.89326914E+000  0.10978508E+001  0.23984674E+001
  0.77799235E+000  0.89326902E+000  0.10978501E+001  0.23984722E+001
  0.77799135E+000  0.89326894E+000  0.10978494E+001  0.23984770E+001
  0.77799037E+000  0.89326889E+000  0.10978486E+001  0.23984818E+001
  0.77798941E+000  0.89326885E+000  0.10978477E+001  0.23984866E+001
  0.77798846E+000  0.89326880E+000  0.10978468E+001  0.23984914E+001
  0.77798751E+000  0.89326874E+000  0.10978459E+001  0.23984963E+001
  0.77798658E+000  0.89326865E+000  0.10978451E+001  0.23985011E+001
  0.77798565E+000  0.89326853E+000  0.10978443E+001  0.23985060E+001
  0.77798473E+000  0.89326838E+000  0.10978435E+001  0.23985109E+001
  0.77798381E+000  0.89326818E+000  0.10978428E+001  0.23985158E+001
  0.77798289E+000  0.89326794E+000  0.10978421E+001  0.23985207E+001
  0.77798198E+000  0.89326764E+000  0.10978415E+001  0.23985256E+001
  0.77798106E+000  0.89326728E+000  0.10978410E+001  0.23985306E+001
  0.77798015E+000  0.89326687E+000  0.10978406E+001  0.23985356E+001
  0.77797924E+000  0.89326639E+000  0.10978402E+001  0.23985406E+001
  0.77797833E+000  0.89326586E+000  0.10978399E+001  0.23985457E+001
  0.77797742E+000  0.89326525E+000  0.10978397E+001  0.23985509E+001
  0.77797651E+000  0.89326458E+000  0.10978395E+001  0.23985561E+001
  0.77797561E+000  0.89326385E+000  0.10978394E+001  0.23985614E+001
  0.77797471E+000  0.89326305E+000  0.10978394E+001  0.23985668E+001
  0.77797381E+000  0.89326219E+000  0.10978394E+001  0.23985723E+001
  0.77797292E+000  0.89326128E+000  0.10978394E+001  0.23985780E+001
  0.77797204E+000  0.89326031E+000  0.10978395E+001  0.23985837E+001
  0.77797117E+000  0.89325929E+000  0.10978396E+001  0.23985896E+001
  0.77797030E+000  0.89325823E+000  0.10978396E+001  0.23985956E+001
  0.77796945E+000  0.89325713E+000  0.10978397E+001  0.23986017E+001
  0.77796861E+000  0.89325601E+000  0.10978398E+001  0.23986080E+001
  0.77796779E+000  0.89325486E+000  0.10978398E+001  0.23986145E+001
  0.77796698E+000  0.89325371E+000  0.10978398E+001  0.23986210E+001
  0.77796618E+000  0.89325255E+000  0.10978398E+001  0.23986278E+001
  0.77796541E+000  0.89325139E+000  0.10978397E+001  0.23986347E+001
  0.77796465E+000  0.89325024E+000  0.10978396E+001  0.23986417E+001
  0.77796392E+000  0.89324911E+000  0.10978394E+001  0.23986489E+001
  0.77796320E+000  0.89324800E+000  0.10978392E+001  0.23986563E+001
  0.77796251E+000  0.89324692E+000  0.10978389E+001  0.23986638E+001
  0.77796183E+000  0.89324587E+000  0.10978386E+001  0.23986714E+001
  0.77796119E+000  0.89324485E+000  0.10978382E+001  0.23986792E+001
  0.77796056E+000  0.89324387E+000  0.10978378E+001  0.23986871E+001
  0.77795996E+000  0.89324292E+000  0.10978373E+001  0.23986952E+001
  0.77795938E+000  0.89324202E+000  0.10978368E+001  0.23987034E+001
  0.77795883E+000  0.89324115E+000  0.10978362E+001  0.23987117E+001
  0.77795830E+000  0.89324031E+000  0.10978356E+001  0.23987201E+001
  0.77795780E+000  0.89323951E+000  0.10978350E+001  0.23987287E+001
  0.77795732E+000  0.89323875E+000  0.10978344E+001  0.23987374E+001
  0.77795687E+000  0.89323802E+000  0.10978337E+001  0.23987462E+001
  0.77795644E+000  0.89323731E+000  0.10978330E+001  0.23987551E+001
  0.77795604E+000  0.89323664E+000  0.10978323E+001  0.23987642E+001
  0.77795566E+000  0.89323600E+000  0.10978315E+001  0.23987733E+001
  0.77795530E+000  0.89323538E+000  0.10978308E+001  0.23987826E+001
  0.77795497E+000  0.89323479E+000  0.10978300E+001  0.23987919E+001
  0.77795466E+000  0.89323423E+000  0.10978292E+001  0.23988014E+001
  0.77795438E+000  0.89323370E+000  0.10978284E+001  0.23988110E+001
  0.77795412E+000  0.89323320E+000  0.10978276E+001  0.23988206E+001
  0.77795388E+000  0.89323272E+000  0.10978267E+001  0.23988304E+001
  0.77795366E+000  0.89323228E+000  0.10978259E+001  0.23988402E+001
  0.77795346E+000  0.89323187E+000  0.10978250E+001  0.23988501E+001
  0.77795329E+000  0.89323149E+000  0.10978241E+001  0.23988601E+001
  0.77795314E+000  0.89323115E+000  0.10978232E+001  0.23988702E+001
  0.77795300E+000  0.89323084E+000  0.10978223E+001  0.23988803E+001
  0.77795289E+000  0.89323056E+000  0.10978213E+001  0.23988905E+001
  0.77795280E+000  0.89323033E+000  0.10978204E+001  0.23989007E+001
  0.77795272E+000  0.89323013E+000  0.10978194E+001  0.23989110E+001
  0.77795266E+000  0.89322997E+000  0.10978184E+001  0.23989213E+001
  0.77795262E+000  0.89322985E+000  0.10978174E+001  0.23989316E+001
  0.77795260E+000  0.89322977E+000  0.10978164E+001  0.23989419E+001
  0.77795259E+000  0.89322973E+000  0.10978154E+001  0.23989523E+001
  0.77795259E+000  0.89322973E+000  0.10978144E+001  0.23989627E+001
  0.77795262E+000  0.89322976E+000  0.10978134E+001  0.23989731E+001
  0.77795265E+000  0.89322983E+000  0.10978123E+001  0.23989834E+001
  0.77795270E+000  0.89322993E+000  0.10978113E+001  0.23989938E+001
  0.77795276E+000  0.89323007E+000  0.10978103E+001  0.23990041E+001
  0.77795283E+000  0.89323024E+000  0.10978093E+001  0.23990145E+001
  0.77795292E+000  0.89323044E+000  0.10978083E+001  0.23990248E+001
  0.77795301E+000  0.89323067E+000  0.10978072E+001  0.23990351E+001
  0.77795311E+000  0.89323092E+000  0.10978062E+001  0.23990454E+001
  0.77795323E+000  0.89323120E+000  0.10978053E+001  0.23990556E+001
  0.77795335E+000  0.89323151E+000  0.10978043E+001  0.23990658E+001
  0.77795347E+000  0.89323183E+000  0.10978033E+001  0.23990760E+001
  0.77795361E+000  0.89323217E+000  0.10978024E+001  0.23990862E+001
  0.77795375E+000  0.89323252E+000  0.10978015E+001  0.23990963E+001
  0.77795389E+000  0.89323289E+000  0.10978005E+001  0.23991064E+001
  0.77795404E+000  0.89323328E+000  0.10977996E+001  0.23991165E+001
  0.77795419E+000  0.89323367E+000  0.10977988E+001  0.23991265E+001
  0.77795435E+000  0.89323407E+000  0.10977979E+001  0.23991365E+001
  0.77795450E+000  0.89323448E+000  0.10977971E+001  0.23991465E+001
  0.77795466E+000  0.89323489E+000  0.10977963E+001  0.23991565E+001
  0.77795483E+000  0.89323531E+000  0.10977955E+001  0.23991664E+001
  0.77795499E+000  0.89323573E+000  0.10977947E+001  0.23991763E+001
  0.77795515E+000  0.89323615E+000  0.10977940E+001  0.23991862E+001
  0.77795531E+000  0.89323657E+000  0.10977933E+001  0.23991960E+001
  0.77795547E+000  0.89323699E+000  0.10977926E+001  0.23992059E+001
  0.77795563E+000  0.89323741E+000  0.10977919E+001  0.23992157E+001
  0.77795579E+000  0.89323782E+000  0.10977913E+001  0.23992255E+001
  0.77795595E+000  0.89323823E+000  0.10977907E+001  0.23992354E+001
  0.77795610E+000  0.89323863E+000  0.10977901E+001  0.23992452E+001
  0.77795626E+000  0.89323903E+000  0.10977895E+001  0.23992550E+001
  0.77795641E+000  0.89323943E+000  0.10977889E+001  0.23992648E+001
  0.77795655E+000  0.89323981E+000  0.10977884E+001  0.23992746E+001
  0.77795670E+000  0.89324019E+000  0.10977879E+001  0.23992844E+001
  0.77795684E+000  0.89324057E+000  0.10977874E+001  0.23992942E+001
  0.77795697E+000  0.89324093E+000  0.10977870E+001  0.23993041E+001
  0.77795711E+000  0.89324128E+000  0.10977866E+001  0.23993139E+001
  0.77795724E+000  0.89324163E+000  0.10977861E+001  0.23993238E+001
  0.77795737E+000  0.89324197E+000  0.10977858E+001  0.23993337E+001
  0.77795749E+000  0.89324230E+000  0.10977854E+001  0.23993436E+001
  0.77795761E+000  0.89324262E+000  0.10977850E+001  0.23993535E+001
  0.77795772E+000  0.89324293E+000  0.10977847E+001  0.23993635E+001
  0.77795783E+000  0.89324323E+000  0.10977844E+001  0.23993735E+001
  0.77795794E+000  0.89324352E+000  0.10977841E+001  0.23993835E+001
  0.77795804E+000  0.89324381E+000  0.10977838E+001  0.23993936E+001
  0.77795814E+000  0.89324408E+000  0.10977836E+001  0.23994036E+001
  0.77795824E+000  0.89324434E+000  0.10977833E+001  0.23994138E+001
  0.77795833E+000  0.89324460E+000  0.10977831E+001  0.23994240E+001
  0.77795842E+000  0.89324485E+000  0.10977829E+001  0.23994342E+001
  0.77795851E+000  0.89324508E+000  0.10977827E+001  0.23994444E+001
  0.77795859E+000  0.89324531E+000  0.10977825E+001  0.23994547E+001
  0.77795867E+000  0.89324553E+000  0.10977823E+001  0.23994650E+001
  0.77795874E+000  0.89324574E+000  0.10977821E+001  0.23994754E+001
  0.77795881E+000  0.89324594E+000  0.10977820E+001  0.23994858E+001
  0.77795888E+000  0.89324614E+000  0.10977819E+001  0.23994963E+001
  0.77795894E+000  0.89324632E+000  0.10977817E+001  0.23995068E+001
  0.77795901E+000  0.89324650E+000  0.10977816E+001  0.23995174E+001
  0.77795907E+000  0.89324667E+000  0.10977815E+001  0.23995280E+001
  0.77795912E+000  0.89324684E+000  0.10977814E+001  0.23995386E+001
  0.77795918E+000  0.89324699E+000  0.10977813E+001  0.23995492E+001
  0.77795923E+000  0.89324714E+000  0.10977812E+001  0.23995599E+001
  0.77795928E+000  0.89324729E+000  0.10977811E+001  0.23995707E+001
  0.77795932E+000  0.89324742E+000  0.10977811E+001  0.23995814E+001
  0.77795937E+000  0.89324755E+000  0.10977810E+001  0.23995922E+001
  0.77795941E+000  0.89324768E+000  0.10977809E+001  0.23996030E+001
  0.77795945E+000  0.89324779E+000  0.10977809E+001  0.23996139E+001
  0.77795948E+000  0.89324791E+000  0.10977809E+001  0.23996247E+001
  0.77795952E+000  0.89324801E+000  0.10977808E+001  0.23996356E+001
  0.77795955E+000  0.89324812E+000  0.10977808E+001  0.23996465E+001
  0.77795958E+000  0.89324821E+000  0.10977807E+001  0.23996574E+001
  0.77795961E+000  0.89324831E+000  0.10977807E+001  0.23996683E+001
  0.77795964E+000  0.89324839E+000  0.10977807E+001  0.23996792E+001
  0.77795967E+000  0.89324848E+000  0.10977807E+001  0.23996901E+001
  0.77795969E+000  0.89324856E+000  0.10977806E+001  0.23997010E+001
  0.77795972E+000  0.89324863E+000  0.10977806E+001  0.23997118E+001
  0.77795974E+000  0.89324870E+000  0.10977806E+001  0.23997227E+001
  0.77795976E+000  0.89324877E+000  0.10977806E+001  0.23997335E+001
  0.77795978E+000  0.89324883E+000  0.10977806E+001  0.23997443E+001
  0.77795980E+000  0.89324889E+000  0.10977806E+001  0.23997551E+001
  0.77795982E+000  0.89324895E+000  0.10977806E+001  0.23997658E+001
  0.77795984E+000  0.89324901E+000  0.10977806E+001  0.23997765E+001
  0.77795985E+000  0.89324906E+000  0.10977806E+001  0.23997871E+001
  0.77795987E+000  0.89324911E+000  0.10977806E+001  0.23997977E+001
  0.77795988E+000  0.89324915E+000  0.10977806E+001  0.23998082E+001
  0.77795989E+000  0.89324920E+000  0.10977806E+001  0.23998187E+001
  0.77795991E+000  0.89324924E+000  0.10977806E+001  0.23998291E+001
  0.77795992E+000  0.89324928E+000  0.10977806E+001  0.23998394E+001
  0.77795993E+000  0.89324931E+000  0.10977806E+001  0.23998496E+001
  0.77795994E+000  0.89324935E+000  0.10977806E+001  0.23998598E+001
  0.77795995E+000  0.89324938E+000  0.10977806E+001  0.23998698E+001
  0.77795996E+000  0.89324941E+000  0.10977806E+001  0.23998798E+001
  0.77795997E+000  0.89324944E+000  0.10977806E+001  0.23998897E+001
  0.77795998E+000  0.89324947E+000  0.10977806E+001  0.23998995E+001
  0.77795998E+000  0.89324950E+000  0.10977806E+001  0.23999091E+001
  0.77795999E+000  0.89324952E+000  0.10977806E+001  0.23999187E+001
  0.77796000E+000  0.89324954E+000  0.10977806E+001  0.23999281E+001
  0.77796000E+000  0.89324957E+000  0.10977806E+001  0.23999374E+001
  0.77796001E+000  0.89324959E+000  0.10977806E+001  0.23999466E+001
  0.77796002E+000  0.89324961E+000  0.10977807E+001  0.23999557E+001
  0.77796002E+000  0.89324963E+000  0.10977807E+001  0.23999647E+001
  0.77796003E+000  0.89324964E+000  0.10977807E+001  0.23999735E+001
  0.77796003E+000  0.89324966E+000  0.10977807E+001  0.23999822E+001
  0.77796003E+000  0.89324968E+000  0.10977807E+001  0.23999907E+001
  0.77796004E+000  0.89324969E+000  0.10977807E+001  0.23999992E+001
  0.77796004E+000  0.89324970E+000  0.10977807E+001  0.24000074E+001
  0.77796005E+000  0.89324972E+000  0.10977807E+001  0.24000156E+001
  0.77796005E+000  0.89324973E+000  0.10977807E+001  0.24000236E+001
  0.77796005E+000  0.89324974E+000  0.10977807E+001  0.24000314E+001
  0.77796006E+000  0.89324975E+000  0.10977807E+001  0.24000391E+001
  0.77796006E+000  0.89324976E+000  0.10977807E+001  0.24000467E+001
  0.77796006E+000  0.89324977E+000  0.10977807E+001  0.24000541E+001
  0.77796006E+000  0.89324978E+000  0.10977807E+001  0.24000613E+001
  0.77796007E+000  0.89324979E+000  0.10977807E+001  0.24000684E+001
  0.77796007E+000  0.89324980E+000  0.10977808E+001  0.24000754E+001
  0.77796007E+000  0.89324981E+000  0.10977808E+001  0.24000822E+001
  0.77796007E+000  0.89324981E+000  0.10977808E+001  0.24000888E+001
