 -0.37156981E+000
 -0.37158614E+000
 -0.37159136E+000
 -0.37159327E+000
 -0.37159411E+000
 -0.37159459E+000
 -0.37159496E+000
 -0.37159530E+000
 -0.37159563E+000
 -0.37159597E+000
 -0.37159632E+000
 -0.37159669E+000
 -0.37159708E+000
 -0.37159748E+000
 -0.37159791E+000
 -0.37159835E+000
 -0.37159882E+000
 -0.37159930E+000
 -0.37159981E+000
 -0.37160035E+000
 -0.37160090E+000
 -0.37160149E+000
 -0.37160209E+000
 -0.37160273E+000
 -0.37160339E+000
 -0.37160408E+000
 -0.37160480E+000
 -0.37160555E+000
 -0.37160634E+000
 -0.37160716E+000
 -0.37160801E+000
 -0.37160890E+000
 -0.37160983E+000
 -0.37161080E+000
 -0.37161181E+000
 -0.37161286E+000
 -0.37161396E+000
 -0.37161509E+000
 -0.37161628E+000
 -0.37161751E+000
 -0.37161879E+000
 -0.37162011E+000
 -0.37162149E+000
 -0.37162291E+000
 -0.37162439E+000
 -0.37162591E+000
 -0.37162749E+000
 -0.37162913E+000
 -0.37163081E+000
 -0.37163256E+000
 -0.37163435E+000
 -0.37163620E+000
 -0.37163811E+000
 -0.37164008E+000
 -0.37164210E+000
 -0.37164419E+000
 -0.37164633E+000
 -0.37164853E+000
 -0.37165079E+000
 -0.37165311E+000
 -0.37165550E+000
 -0.37165794E+000
 -0.37166044E+000
 -0.37166301E+000
 -0.37166563E+000
 -0.37166832E+000
 -0.37167106E+000
 -0.37167387E+000
 -0.37167673E+000
 -0.37167965E+000
 -0.37168263E+000
 -0.37168566E+000
 -0.37168875E+000
 -0.37169189E+000
 -0.37169508E+000
 -0.37169832E+000
 -0.37170160E+000
 -0.37170494E+000
 -0.37170831E+000
 -0.37171172E+000
 -0.37171517E+000
 -0.37171866E+000
 -0.37172217E+000
 -0.37172572E+000
 -0.37172930E+000
 -0.37173290E+000
 -0.37173653E+000
 -0.37174018E+000
 -0.37174384E+000
 -0.37174752E+000
 -0.37175122E+000
 -0.37175493E+000
 -0.37175865E+000
 -0.37176238E+000
 -0.37176612E+000
 -0.37176986E+000
 -0.37177360E+000
 -0.37177735E+000
 -0.37178110E+000
 -0.37178485E+000
 -0.37178861E+000
 -0.37179236E+000
 -0.37179610E+000
 -0.37179985E+000
 -0.37180359E+000
 -0.37180733E+000
 -0.37181106E+000
 -0.37181479E+000
 -0.37181852E+000
 -0.37182224E+000
 -0.37182596E+000
 -0.37182967E+000
 -0.37183338E+000
 -0.37183708E+000
 -0.37184078E+000
 -0.37184447E+000
 -0.37184816E+000
 -0.37185185E+000
 -0.37185553E+000
 -0.37185921E+000
 -0.37186289E+000
 -0.37186657E+000
 -0.37187024E+000
 -0.37187391E+000
 -0.37187758E+000
 -0.37188126E+000
 -0.37188493E+000
 -0.37188860E+000
 -0.37189227E+000
 -0.37189594E+000
 -0.37189961E+000
 -0.37190328E+000
 -0.37190695E+000
 -0.37191063E+000
 -0.37191431E+000
 -0.37191798E+000
 -0.37192166E+000
 -0.37192534E+000
 -0.37192902E+000
 -0.37193271E+000
 -0.37193639E+000
 -0.37194007E+000
 -0.37194376E+000
 -0.37194744E+000
 -0.37195113E+000
 -0.37195481E+000
 -0.37195849E+000
 -0.37196217E+000
 -0.37196584E+000
 -0.37196951E+000
 -0.37197317E+000
 -0.37197683E+000
 -0.37198049E+000
 -0.37198413E+000
 -0.37198777E+000
 -0.37199139E+000
 -0.37199501E+000
 -0.37199861E+000
 -0.37200220E+000
 -0.37200577E+000
 -0.37200933E+000
 -0.37201287E+000
 -0.37201639E+000
 -0.37201989E+000
 -0.37202337E+000
 -0.37202683E+000
 -0.37203026E+000
 -0.37203367E+000
 -0.37203705E+000
 -0.37204040E+000
 -0.37204373E+000
 -0.37204702E+000
 -0.37205028E+000
 -0.37205351E+000
 -0.37205670E+000
 -0.37205986E+000
 -0.37206298E+000
 -0.37206606E+000
 -0.37206911E+000
 -0.37207211E+000
 -0.37207508E+000
 -0.37207800E+000
 -0.37208088E+000
 -0.37208372E+000
 -0.37208651E+000
 -0.37208926E+000
 -0.37209196E+000
 -0.37209462E+000
 -0.37209723E+000
 -0.37209979E+000
 -0.37210231E+000
 -0.37210478E+000
 -0.37210720E+000
 -0.37210957E+000
 -0.37211190E+000
 -0.37211417E+000
 -0.37211640E+000
 -0.37211858E+000
 -0.37212072E+000
 -0.37212280E+000
