  0.96932197E+000
  0.96932233E+000
  0.96932203E+000
  0.96932164E+000
  0.96932126E+000
  0.96932090E+000
  0.96932055E+000
  0.96932023E+000
  0.96931992E+000
  0.96931962E+000
  0.96931933E+000
  0.96931906E+000
  0.96931879E+000
  0.96931854E+000
  0.96931829E+000
  0.96931805E+000
  0.96931782E+000
  0.96931759E+000
  0.96931737E+000
  0.96931715E+000
  0.96931694E+000
  0.96931674E+000
  0.96931654E+000
  0.96931634E+000
  0.96931615E+000
  0.96931595E+000
  0.96931577E+000
  0.96931558E+000
  0.96931539E+000
  0.96931521E+000
  0.96931503E+000
  0.96931484E+000
  0.96931466E+000
  0.96931448E+000
  0.96931430E+000
  0.96931411E+000
  0.96931392E+000
  0.96931374E+000
  0.96931355E+000
  0.96931335E+000
  0.96931315E+000
  0.96931295E+000
  0.96931275E+000
  0.96931254E+000
  0.96931232E+000
  0.96931210E+000
  0.96931187E+000
  0.96931163E+000
  0.96931139E+000
  0.96931114E+000
  0.96931088E+000
  0.96931061E+000
  0.96931033E+000
  0.96931004E+000
  0.96930974E+000
  0.96930943E+000
  0.96930911E+000
  0.96930877E+000
  0.96930843E+000
  0.96930807E+000
  0.96930769E+000
  0.96930730E+000
  0.96930690E+000
  0.96930649E+000
  0.96930606E+000
  0.96930561E+000
  0.96930515E+000
  0.96930467E+000
  0.96930418E+000
  0.96930367E+000
  0.96930315E+000
  0.96930261E+000
  0.96930206E+000
  0.96930149E+000
  0.96930091E+000
  0.96930031E+000
  0.96929971E+000
  0.96929908E+000
  0.96929845E+000
  0.96929780E+000
  0.96929714E+000
  0.96929648E+000
  0.96929580E+000
  0.96929511E+000
  0.96929441E+000
  0.96929370E+000
  0.96929299E+000
  0.96929227E+000
  0.96929154E+000
  0.96929081E+000
  0.96929007E+000
  0.96928933E+000
  0.96928858E+000
  0.96928783E+000
  0.96928708E+000
  0.96928633E+000
  0.96928558E+000
  0.96928482E+000
  0.96928406E+000
  0.96928331E+000
  0.96928256E+000
  0.96928180E+000
  0.96928105E+000
  0.96928030E+000
  0.96927956E+000
  0.96927882E+000
  0.96927808E+000
  0.96927735E+000
  0.96927662E+000
  0.96927589E+000
  0.96927517E+000
  0.96927446E+000
  0.96927376E+000
  0.96927306E+000
  0.96927237E+000
  0.96927168E+000
  0.96927100E+000
  0.96927033E+000
  0.96926967E+000
  0.96926902E+000
  0.96926838E+000
  0.96926774E+000
  0.96926712E+000
  0.96926650E+000
  0.96926590E+000
  0.96926530E+000
  0.96926471E+000
  0.96926414E+000
  0.96926357E+000
  0.96926301E+000
  0.96926247E+000
  0.96926193E+000
  0.96926141E+000
  0.96926090E+000
  0.96926039E+000
  0.96925990E+000
  0.96925942E+000
  0.96925895E+000
  0.96925849E+000
  0.96925804E+000
  0.96925760E+000
  0.96925717E+000
  0.96925675E+000
  0.96925634E+000
  0.96925594E+000
  0.96925556E+000
  0.96925518E+000
  0.96925481E+000
  0.96925445E+000
  0.96925410E+000
  0.96925376E+000
  0.96925343E+000
  0.96925311E+000
  0.96925280E+000
  0.96925250E+000
  0.96925221E+000
  0.96925192E+000
  0.96925164E+000
  0.96925138E+000
  0.96925112E+000
  0.96925086E+000
  0.96925062E+000
  0.96925038E+000
  0.96925015E+000
  0.96924993E+000
  0.96924972E+000
  0.96924951E+000
  0.96924931E+000
  0.96924911E+000
  0.96924892E+000
  0.96924874E+000
  0.96924857E+000
  0.96924839E+000
  0.96924823E+000
  0.96924807E+000
  0.96924792E+000
  0.96924777E+000
  0.96924763E+000
  0.96924749E+000
  0.96924736E+000
  0.96924723E+000
  0.96924711E+000
  0.96924699E+000
  0.96924687E+000
  0.96924676E+000
  0.96924666E+000
  0.96924655E+000
  0.96924645E+000
  0.96924636E+000
  0.96924627E+000
  0.96924618E+000
  0.96924610E+000
  0.96924601E+000
  0.96924594E+000
  0.96924586E+000
  0.96924579E+000
  0.96924572E+000
  0.96924565E+000
  0.96924559E+000
  0.96924553E+000
