  0.49288821E+000
  0.49288871E+000
  0.49288875E+000
  0.49288871E+000
  0.49288863E+000
  0.49288855E+000
  0.49288846E+000
  0.49288837E+000
  0.49288827E+000
  0.49288818E+000
  0.49288809E+000
  0.49288800E+000
  0.49288791E+000
  0.49288782E+000
  0.49288773E+000
  0.49288765E+000
  0.49288757E+000
  0.49288749E+000
  0.49288741E+000
  0.49288733E+000
  0.49288726E+000
  0.49288719E+000
  0.49288711E+000
  0.49288704E+000
  0.49288697E+000
  0.49288691E+000
  0.49288684E+000
  0.49288677E+000
  0.49288671E+000
  0.49288665E+000
  0.49288658E+000
  0.49288652E+000
  0.49288646E+000
  0.49288639E+000
  0.49288633E+000
  0.49288627E+000
  0.49288620E+000
  0.49288614E+000
  0.49288607E+000
  0.49288601E+000
  0.49288594E+000
  0.49288587E+000
  0.49288580E+000
  0.49288573E+000
  0.49288566E+000
  0.49288558E+000
  0.49288551E+000
  0.49288543E+000
  0.49288534E+000
  0.49288526E+000
  0.49288517E+000
  0.49288507E+000
  0.49288497E+000
  0.49288487E+000
  0.49288476E+000
  0.49288465E+000
  0.49288453E+000
  0.49288441E+000
  0.49288428E+000
  0.49288415E+000
  0.49288401E+000
  0.49288386E+000
  0.49288371E+000
  0.49288355E+000
  0.49288338E+000
  0.49288321E+000
  0.49288303E+000
  0.49288284E+000
  0.49288264E+000
  0.49288244E+000
  0.49288223E+000
  0.49288201E+000
  0.49288178E+000
  0.49288154E+000
  0.49288130E+000
  0.49288105E+000
  0.49288079E+000
  0.49288052E+000
  0.49288024E+000
  0.49287996E+000
  0.49287966E+000
  0.49287936E+000
  0.49287906E+000
  0.49287874E+000
  0.49287842E+000
  0.49287809E+000
  0.49287776E+000
  0.49287742E+000
  0.49287707E+000
  0.49287672E+000
  0.49287636E+000
  0.49287600E+000
  0.49287563E+000
  0.49287526E+000
  0.49287488E+000
  0.49287450E+000
  0.49287412E+000
  0.49287373E+000
  0.49287334E+000
  0.49287295E+000
  0.49287256E+000
  0.49287216E+000
  0.49287177E+000
  0.49287137E+000
  0.49287098E+000
  0.49287058E+000
  0.49287019E+000
  0.49286979E+000
  0.49286940E+000
  0.49286901E+000
  0.49286862E+000
  0.49286823E+000
  0.49286785E+000
  0.49286746E+000
  0.49286708E+000
  0.49286671E+000
  0.49286633E+000
  0.49286596E+000
  0.49286560E+000
  0.49286524E+000
  0.49286488E+000
  0.49286453E+000
  0.49286418E+000
  0.49286384E+000
  0.49286351E+000
  0.49286317E+000
  0.49286285E+000
  0.49286253E+000
  0.49286221E+000
  0.49286190E+000
  0.49286160E+000
  0.49286130E+000
  0.49286101E+000
  0.49286072E+000
  0.49286044E+000
  0.49286017E+000
  0.49285990E+000
  0.49285964E+000
  0.49285939E+000
  0.49285914E+000
  0.49285889E+000
  0.49285865E+000
  0.49285842E+000
  0.49285820E+000
  0.49285798E+000
  0.49285776E+000
  0.49285755E+000
  0.49285735E+000
  0.49285715E+000
  0.49285696E+000
  0.49285677E+000
  0.49285659E+000
  0.49285642E+000
  0.49285625E+000
  0.49285608E+000
  0.49285592E+000
  0.49285576E+000
  0.49285561E+000
  0.49285547E+000
  0.49285532E+000
  0.49285519E+000
  0.49285505E+000
  0.49285493E+000
  0.49285480E+000
  0.49285468E+000
  0.49285456E+000
  0.49285445E+000
  0.49285434E+000
  0.49285424E+000
  0.49285414E+000
  0.49285404E+000
  0.49285394E+000
  0.49285385E+000
  0.49285376E+000
  0.49285368E+000
  0.49285360E+000
  0.49285352E+000
  0.49285344E+000
  0.49285337E+000
  0.49285330E+000
  0.49285323E+000
  0.49285316E+000
  0.49285310E+000
  0.49285304E+000
  0.49285298E+000
  0.49285293E+000
  0.49285287E+000
  0.49285282E+000
  0.49285277E+000
  0.49285272E+000
  0.49285268E+000
  0.49285263E+000
  0.49285259E+000
  0.49285255E+000
  0.49285251E+000
  0.49285247E+000
  0.49285243E+000
  0.49285240E+000
  0.49285237E+000
  0.49285233E+000
