  0.15108084E+001
  0.15108095E+001
  0.15108099E+001
  0.15108101E+001
  0.15108104E+001
  0.15108107E+001
  0.15108110E+001
  0.15108114E+001
  0.15108117E+001
  0.15108121E+001
  0.15108125E+001
  0.15108129E+001
  0.15108133E+001
  0.15108138E+001
  0.15108142E+001
  0.15108147E+001
  0.15108152E+001
  0.15108157E+001
  0.15108162E+001
  0.15108167E+001
  0.15108173E+001
  0.15108178E+001
  0.15108184E+001
  0.15108190E+001
  0.15108197E+001
  0.15108203E+001
  0.15108210E+001
  0.15108217E+001
  0.15108224E+001
  0.15108232E+001
  0.15108239E+001
  0.15108247E+001
  0.15108256E+001
  0.15108265E+001
  0.15108274E+001
  0.15108283E+001
  0.15108293E+001
  0.15108303E+001
  0.15108313E+001
  0.15108324E+001
  0.15108335E+001
  0.15108347E+001
  0.15108359E+001
  0.15108371E+001
  0.15108384E+001
  0.15108397E+001
  0.15108411E+001
  0.15108425E+001
  0.15108439E+001
  0.15108455E+001
  0.15108470E+001
  0.15108486E+001
  0.15108503E+001
  0.15108519E+001
  0.15108537E+001
  0.15108555E+001
  0.15108573E+001
  0.15108592E+001
  0.15108611E+001
  0.15108631E+001
  0.15108651E+001
  0.15108672E+001
  0.15108693E+001
  0.15108715E+001
  0.15108737E+001
  0.15108760E+001
  0.15108783E+001
  0.15108806E+001
  0.15108830E+001
  0.15108854E+001
  0.15108879E+001
  0.15108904E+001
  0.15108930E+001
  0.15108955E+001
  0.15108982E+001
  0.15109008E+001
  0.15109035E+001
  0.15109062E+001
  0.15109089E+001
  0.15109117E+001
  0.15109145E+001
  0.15109173E+001
  0.15109202E+001
  0.15109230E+001
  0.15109259E+001
  0.15109289E+001
  0.15109318E+001
  0.15109347E+001
  0.15109377E+001
  0.15109407E+001
  0.15109437E+001
  0.15109467E+001
  0.15109498E+001
  0.15109528E+001
  0.15109559E+001
  0.15109589E+001
  0.15109620E+001
  0.15109651E+001
  0.15109682E+001
  0.15109713E+001
  0.15109745E+001
  0.15109776E+001
  0.15109808E+001
  0.15109839E+001
  0.15109871E+001
  0.15109903E+001
  0.15109934E+001
  0.15109966E+001
  0.15109998E+001
  0.15110031E+001
  0.15110063E+001
  0.15110095E+001
  0.15110128E+001
  0.15110160E+001
  0.15110193E+001
  0.15110226E+001
  0.15110259E+001
  0.15110292E+001
  0.15110325E+001
  0.15110359E+001
  0.15110392E+001
  0.15110426E+001
  0.15110460E+001
  0.15110494E+001
  0.15110528E+001
  0.15110563E+001
  0.15110597E+001
  0.15110632E+001
  0.15110667E+001
  0.15110702E+001
  0.15110737E+001
  0.15110772E+001
  0.15110807E+001
  0.15110843E+001
  0.15110879E+001
  0.15110915E+001
  0.15110951E+001
  0.15110987E+001
  0.15111024E+001
  0.15111060E+001
  0.15111097E+001
  0.15111134E+001
  0.15111171E+001
  0.15111208E+001
  0.15111245E+001
  0.15111282E+001
  0.15111319E+001
  0.15111356E+001
  0.15111394E+001
  0.15111431E+001
  0.15111469E+001
  0.15111506E+001
  0.15111543E+001
  0.15111581E+001
  0.15111618E+001
  0.15111655E+001
  0.15111693E+001
  0.15111730E+001
  0.15111767E+001
  0.15111804E+001
  0.15111841E+001
  0.15111877E+001
  0.15111914E+001
  0.15111950E+001
  0.15111986E+001
  0.15112022E+001
  0.15112057E+001
  0.15112093E+001
  0.15112128E+001
  0.15112163E+001
  0.15112197E+001
  0.15112231E+001
  0.15112265E+001
  0.15112298E+001
  0.15112332E+001
  0.15112364E+001
  0.15112397E+001
  0.15112429E+001
  0.15112460E+001
  0.15112491E+001
  0.15112522E+001
  0.15112552E+001
  0.15112582E+001
  0.15112611E+001
  0.15112640E+001
  0.15112669E+001
  0.15112696E+001
  0.15112724E+001
  0.15112751E+001
  0.15112777E+001
  0.15112803E+001
  0.15112829E+001
  0.15112853E+001
  0.15112878E+001
  0.15112902E+001
  0.15112925E+001
  0.15112948E+001
  0.15112970E+001
  0.15112992E+001
  0.15113014E+001
