  0.57575913E+000  0.94008382E+000  0.10815205E+001  0.34458707E+001
  0.57575975E+000  0.94008441E+000  0.10815218E+001  0.34458725E+001
  0.57575991E+000  0.94008450E+000  0.10815220E+001  0.34458735E+001
  0.57575995E+000  0.94008447E+000  0.10815221E+001  0.34458745E+001
  0.57575994E+000  0.94008440E+000  0.10815221E+001  0.34458757E+001
  0.57575990E+000  0.94008431E+000  0.10815221E+001  0.34458769E+001
  0.57575985E+000  0.94008423E+000  0.10815222E+001  0.34458783E+001
  0.57575979E+000  0.94008414E+000  0.10815222E+001  0.34458798E+001
  0.57575972E+000  0.94008406E+000  0.10815222E+001  0.34458814E+001
  0.57575966E+000  0.94008398E+000  0.10815222E+001  0.34458830E+001
  0.57575959E+000  0.94008391E+000  0.10815222E+001  0.34458847E+001
  0.57575953E+000  0.94008384E+000  0.10815222E+001  0.34458865E+001
  0.57575946E+000  0.94008377E+000  0.10815222E+001  0.34458883E+001
  0.57575940E+000  0.94008371E+000  0.10815222E+001  0.34458901E+001
  0.57575934E+000  0.94008365E+000  0.10815222E+001  0.34458920E+001
  0.57575929E+000  0.94008360E+000  0.10815223E+001  0.34458940E+001
  0.57575924E+000  0.94008355E+000  0.10815223E+001  0.34458960E+001
  0.57575919E+000  0.94008350E+000  0.10815223E+001  0.34458981E+001
  0.57575915E+000  0.94008346E+000  0.10815223E+001  0.34459002E+001
  0.57575911E+000  0.94008342E+000  0.10815223E+001  0.34459024E+001
  0.57575907E+000  0.94008339E+000  0.10815224E+001  0.34459046E+001
  0.57575904E+000  0.94008335E+000  0.10815224E+001  0.34459069E+001
  0.57575900E+000  0.94008332E+000  0.10815224E+001  0.34459093E+001
  0.57575898E+000  0.94008330E+000  0.10815225E+001  0.34459117E+001
  0.57575895E+000  0.94008327E+000  0.10815225E+001  0.34459143E+001
  0.57575893E+000  0.94008325E+000  0.10815226E+001  0.34459169E+001
  0.57575891E+000  0.94008323E+000  0.10815227E+001  0.34459195E+001
  0.57575889E+000  0.94008321E+000  0.10815227E+001  0.34459223E+001
  0.57575888E+000  0.94008320E+000  0.10815228E+001  0.34459252E+001
  0.57575887E+000  0.94008319E+000  0.10815229E+001  0.34459281E+001
  0.57575886E+000  0.94008318E+000  0.10815230E+001  0.34459311E+001
  0.57575886E+000  0.94008318E+000  0.10815231E+001  0.34459343E+001
  0.57575886E+000  0.94008317E+000  0.10815232E+001  0.34459375E+001
  0.57575886E+000  0.94008317E+000  0.10815233E+001  0.34459409E+001
  0.57575887E+000  0.94008318E+000  0.10815234E+001  0.34459444E+001
  0.57575888E+000  0.94008318E+000  0.10815236E+001  0.34459479E+001
  0.57575889E+000  0.94008319E+000  0.10815237E+001  0.34459517E+001
  0.57575891E+000  0.94008320E+000  0.10815239E+001  0.34459555E+001
  0.57575893E+000  0.94008322E+000  0.10815240E+001  0.34459595E+001
  0.57575895E+000  0.94008323E+000  0.10815242E+001  0.34459636E+001
  0.57575898E+000  0.94008325E+000  0.10815244E+001  0.34459678E+001
  0.57575901E+000  0.94008328E+000  0.10815246E+001  0.34459722E+001
  0.57575904E+000  0.94008330E+000  0.10815248E+001  0.34459767E+001
  0.57575908E+000  0.94008333E+000  0.10815250E+001  0.34459814E+001
  0.57575912E+000  0.94008336E+000  0.10815253E+001  0.34459862E+001
  0.57575917E+000  0.94008340E+000  0.10815255E+001  0.34459912E+001
  0.57575922E+000  0.94008343E+000  0.10815258E+001  0.34459963E+001
  0.57575927E+000  0.94008347E+000  0.10815260E+001  0.34460016E+001
  0.57575933E+000  0.94008352E+000  0.10815263E+001  0.34460070E+001
  0.57575939E+000  0.94008356E+000  0.10815266E+001  0.34460126E+001
  0.57575946E+000  0.94008361E+000  0.10815270E+001  0.34460184E+001
  0.57575953E+000  0.94008366E+000  0.10815273E+001  0.34460244E+001
  0.57575961E+000  0.94008371E+000  0.10815276E+001  0.34460305E+001
  0.57575970E+000  0.94008377E+000  0.10815280E+001  0.34460367E+001
  0.57575978E+000  0.94008383E+000  0.10815284E+001  0.34460432E+001
  0.57575988E+000  0.94008389E+000  0.10815288E+001  0.34460498E+001
  0.57575998E+000  0.94008395E+000  0.10815292E+001  0.34460565E+001
  0.57576009E+000  0.94008402E+000  0.10815296E+001  0.34460635E+001
  0.57576020E+000  0.94008409E+000  0.10815301E+001  0.34460706E+001
  0.57576032E+000  0.94008417E+000  0.10815306E+001  0.34460778E+001
  0.57576045E+000  0.94008424E+000  0.10815311E+001  0.34460852E+001
  0.57576058E+000  0.94008432E+000  0.10815316E+001  0.34460928E+001
  0.57576073E+000  0.94008441E+000  0.10815321E+001  0.34461005E+001
  0.57576088E+000  0.94008450E+000  0.10815327E+001  0.34461084E+001
  0.57576104E+000  0.94008459E+000  0.10815333E+001  0.34461164E+001
  0.57576121E+000  0.94008469E+000  0.10815339E+001  0.34461246E+001
  0.57576139E+000  0.94008479E+000  0.10815345E+001  0.34461328E+001
  0.57576157E+000  0.94008489E+000  0.10815352E+001  0.34461413E+001
  0.57576177E+000  0.94008500E+000  0.10815359E+001  0.34461498E+001
  0.57576198E+000  0.94008512E+000  0.10815366E+001  0.34461585E+001
  0.57576219E+000  0.94008523E+000  0.10815374E+001  0.34461673E+001
  0.57576242E+000  0.94008536E+000  0.10815381E+001  0.34461762E+001
  0.57576266E+000  0.94008549E+000  0.10815390E+001  0.34461852E+001
  0.57576291E+000  0.94008562E+000  0.10815398E+001  0.34461943E+001
  0.57576316E+000  0.94008576E+000  0.10815407E+001  0.34462034E+001
  0.57576343E+000  0.94008591E+000  0.10815416E+001  0.34462127E+001
  0.57576371E+000  0.94008606E+000  0.10815425E+001  0.34462221E+001
  0.57576400E+000  0.94008621E+000  0.10815435E+001  0.34462315E+001
  0.57576430E+000  0.94008637E+000  0.10815445E+001  0.34462410E+001
  0.57576462E+000  0.94008654E+000  0.10815455E+001  0.34462506E+001
  0.57576494E+000  0.94008671E+000  0.10815466E+001  0.34462602E+001
  0.57576527E+000  0.94008689E+000  0.10815476E+001  0.34462699E+001
  0.57576561E+000  0.94008707E+000  0.10815488E+001  0.34462797E+001
  0.57576597E+000  0.94008726E+000  0.10815499E+001  0.34462895E+001
  0.57576633E+000  0.94008745E+000  0.10815511E+001  0.34462993E+001
  0.57576670E+000  0.94008765E+000  0.10815523E+001  0.34463092E+001
  0.57576708E+000  0.94008785E+000  0.10815536E+001  0.34463191E+001
  0.57576748E+000  0.94008806E+000  0.10815549E+001  0.34463290E+001
  0.57576787E+000  0.94008827E+000  0.10815562E+001  0.34463390E+001
  0.57576828E+000  0.94008849E+000  0.10815575E+001  0.34463490E+001
  0.57576870E+000  0.94008872E+000  0.10815588E+001  0.34463590E+001
  0.57576912E+000  0.94008894E+000  0.10815602E+001  0.34463691E+001
  0.57576955E+000  0.94008917E+000  0.10815616E+001  0.34463792E+001
  0.57576999E+000  0.94008941E+000  0.10815630E+001  0.34463893E+001
  0.57577043E+000  0.94008965E+000  0.10815645E+001  0.34463994E+001
  0.57577088E+000  0.94008989E+000  0.10815659E+001  0.34464095E+001
  0.57577133E+000  0.94009013E+000  0.10815674E+001  0.34464197E+001
  0.57577179E+000  0.94009038E+000  0.10815689E+001  0.34464299E+001
  0.57577225E+000  0.94009063E+000  0.10815703E+001  0.34464401E+001
  0.57577271E+000  0.94009088E+000  0.10815718E+001  0.34464504E+001
  0.57577318E+000  0.94009114E+000  0.10815734E+001  0.34464607E+001
  0.57577365E+000  0.94009139E+000  0.10815749E+001  0.34464710E+001
  0.57577412E+000  0.94009165E+000  0.10815764E+001  0.34464813E+001
  0.57577459E+000  0.94009191E+000  0.10815779E+001  0.34464917E+001
  0.57577506E+000  0.94009217E+000  0.10815794E+001  0.34465021E+001
  0.57577553E+000  0.94009242E+000  0.10815809E+001  0.34465125E+001
  0.57577601E+000  0.94009268E+000  0.10815825E+001  0.34465230E+001
  0.57577648E+000  0.94009294E+000  0.10815840E+001  0.34465336E+001
  0.57577695E+000  0.94009320E+000  0.10815855E+001  0.34465442E+001
  0.57577741E+000  0.94009346E+000  0.10815870E+001  0.34465548E+001
  0.57577788E+000  0.94009371E+000  0.10815884E+001  0.34465655E+001
  0.57577834E+000  0.94009397E+000  0.10815899E+001  0.34465763E+001
  0.57577879E+000  0.94009422E+000  0.10815914E+001  0.34465871E+001
  0.57577925E+000  0.94009447E+000  0.10815928E+001  0.34465981E+001
  0.57577969E+000  0.94009472E+000  0.10815943E+001  0.34466090E+001
  0.57578014E+000  0.94009496E+000  0.10815957E+001  0.34466201E+001
  0.57578058E+000  0.94009521E+000  0.10815971E+001  0.34466312E+001
  0.57578101E+000  0.94009544E+000  0.10815984E+001  0.34466424E+001
  0.57578143E+000  0.94009568E+000  0.10815998E+001  0.34466537E+001
  0.57578186E+000  0.94009591E+000  0.10816011E+001  0.34466651E+001
  0.57578227E+000  0.94009614E+000  0.10816024E+001  0.34466766E+001
  0.57578268E+000  0.94009637E+000  0.10816037E+001  0.34466881E+001
  0.57578308E+000  0.94009659E+000  0.10816050E+001  0.34466998E+001
  0.57578347E+000  0.94009681E+000  0.10816062E+001  0.34467115E+001
  0.57578385E+000  0.94009702E+000  0.10816074E+001  0.34467234E+001
  0.57578423E+000  0.94009723E+000  0.10816086E+001  0.34467354E+001
  0.57578460E+000  0.94009743E+000  0.10816098E+001  0.34467474E+001
  0.57578496E+000  0.94009763E+000  0.10816109E+001  0.34467596E+001
  0.57578532E+000  0.94009783E+000  0.10816120E+001  0.34467719E+001
  0.57578566E+000  0.94009802E+000  0.10816131E+001  0.34467842E+001
  0.57578600E+000  0.94009820E+000  0.10816142E+001  0.34467967E+001
  0.57578633E+000  0.94009838E+000  0.10816152E+001  0.34468093E+001
  0.57578665E+000  0.94009856E+000  0.10816162E+001  0.34468220E+001
  0.57578696E+000  0.94009873E+000  0.10816172E+001  0.34468348E+001
  0.57578726E+000  0.94009890E+000  0.10816181E+001  0.34468477E+001
  0.57578756E+000  0.94009906E+000  0.10816191E+001  0.34468607E+001
  0.57578785E+000  0.94009922E+000  0.10816200E+001  0.34468738E+001
  0.57578813E+000  0.94009937E+000  0.10816208E+001  0.34468870E+001
  0.57578840E+000  0.94009952E+000  0.10816217E+001  0.34469003E+001
  0.57578866E+000  0.94009966E+000  0.10816225E+001  0.34469137E+001
  0.57578891E+000  0.94009980E+000  0.10816233E+001  0.34469272E+001
  0.57578916E+000  0.94009994E+000  0.10816241E+001  0.34469407E+001
  0.57578940E+000  0.94010007E+000  0.10816248E+001  0.34469544E+001
  0.57578963E+000  0.94010019E+000  0.10816255E+001  0.34469681E+001
  0.57578985E+000  0.94010031E+000  0.10816262E+001  0.34469819E+001
  0.57579007E+000  0.94010043E+000  0.10816269E+001  0.34469958E+001
  0.57579028E+000  0.94010055E+000  0.10816275E+001  0.34470097E+001
  0.57579048E+000  0.94010065E+000  0.10816282E+001  0.34470237E+001
  0.57579068E+000  0.94010076E+000  0.10816288E+001  0.34470377E+001
  0.57579086E+000  0.94010086E+000  0.10816294E+001  0.34470518E+001
  0.57579104E+000  0.94010096E+000  0.10816299E+001  0.34470659E+001
  0.57579122E+000  0.94010105E+000  0.10816305E+001  0.34470801E+001
  0.57579139E+000  0.94010115E+000  0.10816310E+001  0.34470943E+001
  0.57579155E+000  0.94010123E+000  0.10816315E+001  0.34471085E+001
  0.57579170E+000  0.94010132E+000  0.10816320E+001  0.34471227E+001
  0.57579185E+000  0.94010140E+000  0.10816324E+001  0.34471369E+001
  0.57579200E+000  0.94010148E+000  0.10816329E+001  0.34471511E+001
  0.57579213E+000  0.94010155E+000  0.10816333E+001  0.34471654E+001
  0.57579227E+000  0.94010162E+000  0.10816337E+001  0.34471795E+001
  0.57579239E+000  0.94010169E+000  0.10816341E+001  0.34471937E+001
  0.57579252E+000  0.94010176E+000  0.10816345E+001  0.34472079E+001
  0.57579263E+000  0.94010182E+000  0.10816349E+001  0.34472220E+001
  0.57579274E+000  0.94010188E+000  0.10816352E+001  0.34472360E+001
  0.57579285E+000  0.94010194E+000  0.10816355E+001  0.34472500E+001
  0.57579296E+000  0.94010199E+000  0.10816359E+001  0.34472640E+001
  0.57579305E+000  0.94010205E+000  0.10816362E+001  0.34472778E+001
  0.57579315E+000  0.94010210E+000  0.10816365E+001  0.34472916E+001
  0.57579324E+000  0.94010215E+000  0.10816368E+001  0.34473054E+001
  0.57579333E+000  0.94010219E+000  0.10816370E+001  0.34473190E+001
  0.57579341E+000  0.94010224E+000  0.10816373E+001  0.34473325E+001
  0.57579349E+000  0.94010228E+000  0.10816375E+001  0.34473459E+001
  0.57579356E+000  0.94010232E+000  0.10816378E+001  0.34473592E+001
  0.57579364E+000  0.94010236E+000  0.10816380E+001  0.34473724E+001
  0.57579371E+000  0.94010240E+000  0.10816382E+001  0.34473855E+001
  0.57579377E+000  0.94010243E+000  0.10816384E+001  0.34473984E+001
  0.57579383E+000  0.94010247E+000  0.10816386E+001  0.34474112E+001
  0.57579389E+000  0.94010250E+000  0.10816388E+001  0.34474239E+001
  0.57579395E+000  0.94010253E+000  0.10816390E+001  0.34474364E+001
  0.57579401E+000  0.94010256E+000  0.10816392E+001  0.34474487E+001
  0.57579406E+000  0.94010259E+000  0.10816393E+001  0.34474609E+001
  0.57579411E+000  0.94010262E+000  0.10816395E+001  0.34474730E+001
  0.57579416E+000  0.94010264E+000  0.10816396E+001  0.34474849E+001
  0.57579420E+000  0.94010267E+000  0.10816398E+001  0.34474966E+001
  0.57579425E+000  0.94010269E+000  0.10816399E+001  0.34475081E+001
  0.57579429E+000  0.94010271E+000  0.10816401E+001  0.34475194E+001
  0.57579433E+000  0.94010273E+000  0.10816402E+001  0.34475306E+001
  0.57579436E+000  0.94010276E+000  0.10816403E+001  0.34475416E+001
  0.57579440E+000  0.94010277E+000  0.10816404E+001  0.34475524E+001
  0.57579443E+000  0.94010279E+000  0.10816405E+001  0.34475630E+001
  0.57579447E+000  0.94010281E+000  0.10816406E+001  0.34475734E+001
  0.57579450E+000  0.94010283E+000  0.10816407E+001  0.34475836E+001
  0.57579453E+000  0.94010284E+000  0.10816408E+001  0.34475937E+001
  0.57579455E+000  0.94010286E+000  0.10816409E+001  0.34476035E+001
  0.57579458E+000  0.94010287E+000  0.10816410E+001  0.34476131E+001
  0.57579461E+000  0.94010289E+000  0.10816411E+001  0.34476226E+001
  0.57579463E+000  0.94010290E+000  0.10816411E+001  0.34476318E+001
  0.57579465E+000  0.94010291E+000  0.10816412E+001  0.34476408E+001
  0.57579467E+000  0.94010292E+000  0.10816413E+001  0.34476497E+001
  0.57579469E+000  0.94010293E+000  0.10816414E+001  0.34476583E+001
  0.57579471E+000  0.94010295E+000  0.10816414E+001  0.34476668E+001
