  0.68701241E+000
  0.68701266E+000
  0.68701245E+000
  0.68701217E+000
  0.68701190E+000
  0.68701165E+000
  0.68701140E+000
  0.68701117E+000
  0.68701095E+000
  0.68701074E+000
  0.68701054E+000
  0.68701034E+000
  0.68701016E+000
  0.68700997E+000
  0.68700980E+000
  0.68700963E+000
  0.68700946E+000
  0.68700930E+000
  0.68700915E+000
  0.68700899E+000
  0.68700885E+000
  0.68700870E+000
  0.68700856E+000
  0.68700842E+000
  0.68700828E+000
  0.68700814E+000
  0.68700801E+000
  0.68700788E+000
  0.68700775E+000
  0.68700762E+000
  0.68700749E+000
  0.68700736E+000
  0.68700723E+000
  0.68700710E+000
  0.68700697E+000
  0.68700684E+000
  0.68700671E+000
  0.68700657E+000
  0.68700644E+000
  0.68700630E+000
  0.68700616E+000
  0.68700602E+000
  0.68700587E+000
  0.68700572E+000
  0.68700557E+000
  0.68700541E+000
  0.68700525E+000
  0.68700508E+000
  0.68700491E+000
  0.68700473E+000
  0.68700455E+000
  0.68700436E+000
  0.68700416E+000
  0.68700395E+000
  0.68700374E+000
  0.68700352E+000
  0.68700329E+000
  0.68700305E+000
  0.68700281E+000
  0.68700255E+000
  0.68700229E+000
  0.68700201E+000
  0.68700173E+000
  0.68700143E+000
  0.68700113E+000
  0.68700081E+000
  0.68700048E+000
  0.68700015E+000
  0.68699980E+000
  0.68699944E+000
  0.68699907E+000
  0.68699869E+000
  0.68699830E+000
  0.68699789E+000
  0.68699748E+000
  0.68699706E+000
  0.68699663E+000
  0.68699619E+000
  0.68699574E+000
  0.68699528E+000
  0.68699481E+000
  0.68699434E+000
  0.68699386E+000
  0.68699337E+000
  0.68699287E+000
  0.68699237E+000
  0.68699187E+000
  0.68699136E+000
  0.68699084E+000
  0.68699032E+000
  0.68698980E+000
  0.68698927E+000
  0.68698874E+000
  0.68698821E+000
  0.68698768E+000
  0.68698715E+000
  0.68698661E+000
  0.68698608E+000
  0.68698554E+000
  0.68698501E+000
  0.68698447E+000
  0.68698394E+000
  0.68698341E+000
  0.68698288E+000
  0.68698235E+000
  0.68698182E+000
  0.68698130E+000
  0.68698078E+000
  0.68698026E+000
  0.68697975E+000
  0.68697924E+000
  0.68697874E+000
  0.68697824E+000
  0.68697774E+000
  0.68697725E+000
  0.68697676E+000
  0.68697628E+000
  0.68697581E+000
  0.68697534E+000
  0.68697488E+000
  0.68697442E+000
  0.68697397E+000
  0.68697353E+000
  0.68697309E+000
  0.68697266E+000
  0.68697224E+000
  0.68697183E+000
  0.68697142E+000
  0.68697102E+000
  0.68697062E+000
  0.68697024E+000
  0.68696986E+000
  0.68696949E+000
  0.68696912E+000
  0.68696876E+000
  0.68696842E+000
  0.68696807E+000
  0.68696774E+000
  0.68696741E+000
  0.68696710E+000
  0.68696678E+000
  0.68696648E+000
  0.68696618E+000
  0.68696589E+000
  0.68696561E+000
  0.68696534E+000
  0.68696507E+000
  0.68696481E+000
  0.68696455E+000
  0.68696431E+000
  0.68696407E+000
  0.68696383E+000
  0.68696361E+000
  0.68696339E+000
  0.68696317E+000
  0.68696296E+000
  0.68696276E+000
  0.68696256E+000
  0.68696237E+000
  0.68696219E+000
  0.68696201E+000
  0.68696184E+000
  0.68696167E+000
  0.68696151E+000
  0.68696135E+000
  0.68696120E+000
  0.68696105E+000
  0.68696091E+000
  0.68696077E+000
  0.68696064E+000
  0.68696051E+000
  0.68696038E+000
  0.68696026E+000
  0.68696014E+000
  0.68696003E+000
  0.68695992E+000
  0.68695982E+000
  0.68695972E+000
  0.68695962E+000
  0.68695953E+000
  0.68695944E+000
  0.68695935E+000
  0.68695926E+000
  0.68695918E+000
  0.68695910E+000
  0.68695903E+000
  0.68695896E+000
  0.68695889E+000
  0.68695882E+000
  0.68695875E+000
  0.68695869E+000
  0.68695863E+000
  0.68695857E+000
  0.68695852E+000
  0.68695847E+000
  0.68695841E+000
  0.68695836E+000
  0.68695832E+000
  0.68695827E+000
  0.68695823E+000
