  0.89101349E+000
  0.89101380E+000
  0.89101353E+000
  0.89101320E+000
  0.89101286E+000
  0.89101255E+000
  0.89101225E+000
  0.89101196E+000
  0.89101169E+000
  0.89101143E+000
  0.89101118E+000
  0.89101094E+000
  0.89101071E+000
  0.89101049E+000
  0.89101027E+000
  0.89101006E+000
  0.89100985E+000
  0.89100966E+000
  0.89100946E+000
  0.89100928E+000
  0.89100909E+000
  0.89100891E+000
  0.89100874E+000
  0.89100856E+000
  0.89100839E+000
  0.89100823E+000
  0.89100806E+000
  0.89100790E+000
  0.89100774E+000
  0.89100758E+000
  0.89100742E+000
  0.89100726E+000
  0.89100710E+000
  0.89100694E+000
  0.89100678E+000
  0.89100662E+000
  0.89100645E+000
  0.89100629E+000
  0.89100612E+000
  0.89100595E+000
  0.89100578E+000
  0.89100560E+000
  0.89100542E+000
  0.89100524E+000
  0.89100505E+000
  0.89100486E+000
  0.89100466E+000
  0.89100445E+000
  0.89100424E+000
  0.89100402E+000
  0.89100379E+000
  0.89100356E+000
  0.89100331E+000
  0.89100306E+000
  0.89100280E+000
  0.89100253E+000
  0.89100224E+000
  0.89100195E+000
  0.89100165E+000
  0.89100133E+000
  0.89100101E+000
  0.89100067E+000
  0.89100032E+000
  0.89099995E+000
  0.89099958E+000
  0.89099919E+000
  0.89099878E+000
  0.89099837E+000
  0.89099794E+000
  0.89099749E+000
  0.89099704E+000
  0.89099657E+000
  0.89099608E+000
  0.89099559E+000
  0.89099508E+000
  0.89099456E+000
  0.89099403E+000
  0.89099348E+000
  0.89099293E+000
  0.89099236E+000
  0.89099179E+000
  0.89099120E+000
  0.89099061E+000
  0.89099001E+000
  0.89098940E+000
  0.89098878E+000
  0.89098816E+000
  0.89098753E+000
  0.89098689E+000
  0.89098625E+000
  0.89098561E+000
  0.89098496E+000
  0.89098431E+000
  0.89098365E+000
  0.89098299E+000
  0.89098234E+000
  0.89098168E+000
  0.89098102E+000
  0.89098036E+000
  0.89097970E+000
  0.89097904E+000
  0.89097838E+000
  0.89097772E+000
  0.89097707E+000
  0.89097642E+000
  0.89097577E+000
  0.89097513E+000
  0.89097448E+000
  0.89097385E+000
  0.89097321E+000
  0.89097259E+000
  0.89097196E+000
  0.89097135E+000
  0.89097074E+000
  0.89097013E+000
  0.89096953E+000
  0.89096894E+000
  0.89096836E+000
  0.89096778E+000
  0.89096721E+000
  0.89096665E+000
  0.89096609E+000
  0.89096554E+000
  0.89096501E+000
  0.89096448E+000
  0.89096396E+000
  0.89096344E+000
  0.89096294E+000
  0.89096244E+000
  0.89096196E+000
  0.89096148E+000
  0.89096101E+000
  0.89096056E+000
  0.89096011E+000
  0.89095967E+000
  0.89095924E+000
  0.89095882E+000
  0.89095840E+000
  0.89095800E+000
  0.89095761E+000
  0.89095722E+000
  0.89095685E+000
  0.89095648E+000
  0.89095613E+000
  0.89095578E+000
  0.89095544E+000
  0.89095511E+000
  0.89095479E+000
  0.89095447E+000
  0.89095417E+000
  0.89095387E+000
  0.89095359E+000
  0.89095331E+000
  0.89095303E+000
  0.89095277E+000
  0.89095251E+000
  0.89095226E+000
  0.89095202E+000
  0.89095179E+000
  0.89095156E+000
  0.89095134E+000
  0.89095113E+000
  0.89095092E+000
  0.89095072E+000
  0.89095052E+000
  0.89095034E+000
  0.89095015E+000
  0.89094998E+000
  0.89094981E+000
  0.89094964E+000
  0.89094948E+000
  0.89094933E+000
  0.89094918E+000
  0.89094904E+000
  0.89094890E+000
  0.89094876E+000
  0.89094864E+000
  0.89094851E+000
  0.89094839E+000
  0.89094827E+000
  0.89094816E+000
  0.89094805E+000
  0.89094795E+000
  0.89094785E+000
  0.89094775E+000
  0.89094766E+000
  0.89094757E+000
  0.89094749E+000
  0.89094740E+000
  0.89094732E+000
  0.89094725E+000
  0.89094717E+000
  0.89094710E+000
  0.89094703E+000
  0.89094697E+000
  0.89094690E+000
  0.89094684E+000
  0.89094678E+000
  0.89094673E+000
  0.89094667E+000
