  0.10934980E+002
  0.10935001E+002
  0.10935021E+002
  0.10935041E+002
  0.10935061E+002
  0.10935081E+002
  0.10935101E+002
  0.10935120E+002
  0.10935139E+002
  0.10935159E+002
  0.10935178E+002
  0.10935197E+002
  0.10935216E+002
  0.10935235E+002
  0.10935254E+002
  0.10935273E+002
  0.10935292E+002
  0.10935311E+002
  0.10935331E+002
  0.10935350E+002
  0.10935370E+002
  0.10935390E+002
  0.10935410E+002
  0.10935431E+002
  0.10935452E+002
  0.10935473E+002
  0.10935495E+002
  0.10935517E+002
  0.10935539E+002
  0.10935563E+002
  0.10935587E+002
  0.10935611E+002
  0.10935636E+002
  0.10935662E+002
  0.10935688E+002
  0.10935716E+002
  0.10935744E+002
  0.10935773E+002
  0.10935803E+002
  0.10935834E+002
  0.10935866E+002
  0.10935899E+002
  0.10935933E+002
  0.10935968E+002
  0.10936004E+002
  0.10936042E+002
  0.10936080E+002
  0.10936120E+002
  0.10936161E+002
  0.10936204E+002
  0.10936247E+002
  0.10936293E+002
  0.10936339E+002
  0.10936387E+002
  0.10936436E+002
  0.10936487E+002
  0.10936540E+002
  0.10936593E+002
  0.10936648E+002
  0.10936705E+002
  0.10936763E+002
  0.10936823E+002
  0.10936884E+002
  0.10936947E+002
  0.10937011E+002
  0.10937076E+002
  0.10937143E+002
  0.10937212E+002
  0.10937281E+002
  0.10937352E+002
  0.10937425E+002
  0.10937499E+002
  0.10937574E+002
  0.10937650E+002
  0.10937728E+002
  0.10937806E+002
  0.10937886E+002
  0.10937967E+002
  0.10938049E+002
  0.10938132E+002
  0.10938215E+002
  0.10938300E+002
  0.10938386E+002
  0.10938472E+002
  0.10938559E+002
  0.10938647E+002
  0.10938735E+002
  0.10938825E+002
  0.10938914E+002
  0.10939005E+002
  0.10939095E+002
  0.10939187E+002
  0.10939278E+002
  0.10939370E+002
  0.10939463E+002
  0.10939556E+002
  0.10939649E+002
  0.10939742E+002
  0.10939836E+002
  0.10939930E+002
  0.10940024E+002
  0.10940119E+002
  0.10940213E+002
  0.10940308E+002
  0.10940403E+002
  0.10940498E+002
  0.10940594E+002
  0.10940689E+002
  0.10940785E+002
  0.10940880E+002
  0.10940976E+002
  0.10941072E+002
  0.10941168E+002
  0.10941265E+002
  0.10941361E+002
  0.10941458E+002
  0.10941554E+002
  0.10941651E+002
  0.10941748E+002
  0.10941845E+002
  0.10941943E+002
  0.10942040E+002
  0.10942138E+002
  0.10942235E+002
  0.10942333E+002
  0.10942431E+002
  0.10942530E+002
  0.10942628E+002
  0.10942727E+002
  0.10942825E+002
  0.10942924E+002
  0.10943023E+002
  0.10943122E+002
  0.10943222E+002
  0.10943321E+002
  0.10943421E+002
  0.10943520E+002
  0.10943620E+002
  0.10943720E+002
  0.10943820E+002
  0.10943920E+002
  0.10944020E+002
  0.10944120E+002
  0.10944221E+002
  0.10944321E+002
  0.10944421E+002
  0.10944521E+002
  0.10944621E+002
  0.10944721E+002
  0.10944820E+002
  0.10944920E+002
  0.10945019E+002
  0.10945118E+002
  0.10945217E+002
  0.10945316E+002
  0.10945414E+002
  0.10945512E+002
  0.10945609E+002
  0.10945706E+002
  0.10945802E+002
  0.10945898E+002
  0.10945994E+002
  0.10946088E+002
  0.10946182E+002
  0.10946276E+002
  0.10946369E+002
  0.10946461E+002
  0.10946552E+002
  0.10946642E+002
  0.10946732E+002
  0.10946820E+002
  0.10946908E+002
  0.10946995E+002
  0.10947080E+002
  0.10947165E+002
  0.10947249E+002
  0.10947331E+002
  0.10947413E+002
  0.10947493E+002
  0.10947573E+002
  0.10947651E+002
  0.10947728E+002
  0.10947803E+002
  0.10947878E+002
  0.10947951E+002
  0.10948023E+002
  0.10948093E+002
  0.10948163E+002
  0.10948231E+002
  0.10948298E+002
  0.10948363E+002
  0.10948427E+002
  0.10948490E+002
  0.10948552E+002
  0.10948612E+002
  0.10948671E+002
  0.10948728E+002
  0.10948784E+002
  0.10948839E+002
  0.10948893E+002
