  0.69328195E-001
  0.69330888E-001
  0.69332031E-001
  0.69332809E-001
  0.69333444E-001
  0.69333995E-001
  0.69334482E-001
  0.69334915E-001
  0.69335302E-001
  0.69335646E-001
  0.69335950E-001
  0.69336219E-001
  0.69336456E-001
  0.69336662E-001
  0.69336841E-001
  0.69336995E-001
  0.69337126E-001
  0.69337237E-001
  0.69337330E-001
  0.69337407E-001
  0.69337470E-001
  0.69337519E-001
  0.69337558E-001
  0.69337587E-001
  0.69337608E-001
  0.69337621E-001
  0.69337629E-001
  0.69337631E-001
  0.69337628E-001
  0.69337623E-001
  0.69337614E-001
  0.69337602E-001
  0.69337589E-001
  0.69337573E-001
  0.69337557E-001
  0.69337539E-001
  0.69337521E-001
  0.69337502E-001
  0.69337482E-001
  0.69337462E-001
  0.69337441E-001
  0.69337420E-001
  0.69337399E-001
  0.69337377E-001
  0.69337355E-001
  0.69337333E-001
  0.69337311E-001
  0.69337288E-001
  0.69337265E-001
  0.69337241E-001
  0.69337217E-001
  0.69337192E-001
  0.69337166E-001
  0.69337139E-001
  0.69337112E-001
  0.69337083E-001
  0.69337053E-001
  0.69337021E-001
  0.69336988E-001
  0.69336954E-001
  0.69336918E-001
  0.69336880E-001
  0.69336840E-001
  0.69336799E-001
  0.69336755E-001
  0.69336710E-001
  0.69336662E-001
  0.69336612E-001
  0.69336560E-001
  0.69336505E-001
  0.69336448E-001
  0.69336389E-001
  0.69336328E-001
  0.69336264E-001
  0.69336197E-001
  0.69336128E-001
  0.69336057E-001
  0.69335983E-001
  0.69335906E-001
  0.69335827E-001
  0.69335746E-001
  0.69335662E-001
  0.69335576E-001
  0.69335487E-001
  0.69335396E-001
  0.69335303E-001
  0.69335207E-001
  0.69335110E-001
  0.69335010E-001
  0.69334908E-001
  0.69334805E-001
  0.69334699E-001
  0.69334592E-001
  0.69334483E-001
  0.69334373E-001
  0.69334262E-001
  0.69334149E-001
  0.69334035E-001
  0.69333920E-001
  0.69333804E-001
  0.69333687E-001
  0.69333570E-001
  0.69333453E-001
  0.69333335E-001
  0.69333216E-001
  0.69333098E-001
  0.69332980E-001
  0.69332862E-001
  0.69332745E-001
  0.69332628E-001
  0.69332511E-001
  0.69332396E-001
  0.69332281E-001
  0.69332167E-001
  0.69332054E-001
  0.69331943E-001
  0.69331832E-001
  0.69331723E-001
  0.69331616E-001
  0.69331510E-001
  0.69331406E-001
  0.69331303E-001
  0.69331202E-001
  0.69331104E-001
  0.69331006E-001
  0.69330911E-001
  0.69330818E-001
  0.69330727E-001
  0.69330638E-001
  0.69330551E-001
  0.69330466E-001
  0.69330383E-001
  0.69330303E-001
  0.69330224E-001
  0.69330148E-001
  0.69330073E-001
  0.69330001E-001
  0.69329931E-001
  0.69329863E-001
  0.69329797E-001
  0.69329733E-001
  0.69329671E-001
  0.69329612E-001
  0.69329554E-001
  0.69329498E-001
  0.69329444E-001
  0.69329391E-001
  0.69329341E-001
  0.69329292E-001
  0.69329245E-001
  0.69329200E-001
  0.69329157E-001
  0.69329115E-001
  0.69329075E-001
  0.69329036E-001
  0.69328999E-001
  0.69328963E-001
  0.69328929E-001
  0.69328896E-001
  0.69328864E-001
  0.69328834E-001
  0.69328804E-001
  0.69328777E-001
  0.69328750E-001
  0.69328724E-001
  0.69328700E-001
  0.69328676E-001
  0.69328654E-001
  0.69328632E-001
  0.69328612E-001
  0.69328592E-001
  0.69328573E-001
  0.69328555E-001
  0.69328538E-001
  0.69328521E-001
  0.69328506E-001
  0.69328491E-001
  0.69328477E-001
  0.69328463E-001
  0.69328450E-001
  0.69328437E-001
  0.69328426E-001
  0.69328414E-001
  0.69328404E-001
  0.69328393E-001
  0.69328384E-001
  0.69328374E-001
  0.69328365E-001
  0.69328357E-001
  0.69328349E-001
  0.69328341E-001
  0.69328334E-001
  0.69328327E-001
  0.69328320E-001
  0.69328314E-001
  0.69328308E-001
  0.69328303E-001
  0.69328297E-001
  0.69328292E-001
  0.69328287E-001
