  0.52136931E-006
  0.52144565E-006
  0.52146828E-006
  0.52147413E-006
  0.52147452E-006
  0.52147300E-006
  0.52147076E-006
  0.52146825E-006
  0.52146566E-006
  0.52146309E-006
  0.52146058E-006
  0.52145814E-006
  0.52145580E-006
  0.52145355E-006
  0.52145139E-006
  0.52144932E-006
  0.52144732E-006
  0.52144539E-006
  0.52144351E-006
  0.52144168E-006
  0.52143988E-006
  0.52143811E-006
  0.52143635E-006
  0.52143459E-006
  0.52143283E-006
  0.52143105E-006
  0.52142924E-006
  0.52142741E-006
  0.52142554E-006
  0.52142362E-006
  0.52142165E-006
  0.52141962E-006
  0.52141753E-006
  0.52141538E-006
  0.52141316E-006
  0.52141087E-006
  0.52140850E-006
  0.52140606E-006
  0.52140355E-006
  0.52140095E-006
  0.52139829E-006
  0.52139555E-006
  0.52139273E-006
  0.52138985E-006
  0.52138690E-006
  0.52138388E-006
  0.52138080E-006
  0.52137766E-006
  0.52137446E-006
  0.52137121E-006
  0.52136790E-006
  0.52136455E-006
  0.52136114E-006
  0.52135769E-006
  0.52135420E-006
  0.52135066E-006
  0.52134709E-006
  0.52134348E-006
  0.52133983E-006
  0.52133615E-006
  0.52133244E-006
  0.52132870E-006
  0.52132494E-006
  0.52132115E-006
  0.52131734E-006
  0.52131352E-006
  0.52130968E-006
  0.52130583E-006
  0.52130198E-006
  0.52129812E-006
  0.52129425E-006
  0.52129039E-006
  0.52128654E-006
  0.52128270E-006
  0.52127887E-006
  0.52127505E-006
  0.52127126E-006
  0.52126749E-006
  0.52126375E-006
  0.52126004E-006
  0.52125637E-006
  0.52125274E-006
  0.52124914E-006
  0.52124560E-006
  0.52124210E-006
  0.52123866E-006
  0.52123527E-006
  0.52123194E-006
  0.52122867E-006
  0.52122546E-006
  0.52122231E-006
  0.52121924E-006
  0.52121623E-006
  0.52121329E-006
  0.52121042E-006
  0.52120763E-006
  0.52120491E-006
  0.52120227E-006
  0.52119970E-006
  0.52119720E-006
  0.52119478E-006
  0.52119244E-006
  0.52119017E-006
  0.52118798E-006
  0.52118586E-006
  0.52118381E-006
  0.52118184E-006
  0.52117994E-006
  0.52117812E-006
  0.52117636E-006
  0.52117467E-006
  0.52117305E-006
  0.52117150E-006
  0.52117001E-006
  0.52116859E-006
  0.52116722E-006
  0.52116592E-006
  0.52116468E-006
  0.52116349E-006
  0.52116235E-006
  0.52116128E-006
  0.52116025E-006
  0.52115927E-006
  0.52115834E-006
  0.52115746E-006
  0.52115662E-006
  0.52115583E-006
  0.52115507E-006
  0.52115436E-006
  0.52115368E-006
  0.52115304E-006
  0.52115244E-006
  0.52115186E-006
  0.52115132E-006
  0.52115081E-006
  0.52115033E-006
  0.52114988E-006
  0.52114945E-006
  0.52114905E-006
  0.52114867E-006
  0.52114832E-006
  0.52114798E-006
  0.52114767E-006
  0.52114737E-006
  0.52114709E-006
  0.52114683E-006
  0.52114659E-006
  0.52114636E-006
  0.52114614E-006
  0.52114594E-006
  0.52114576E-006
  0.52114558E-006
  0.52114542E-006
  0.52114526E-006
  0.52114512E-006
  0.52114498E-006
  0.52114486E-006
  0.52114474E-006
  0.52114463E-006
  0.52114453E-006
  0.52114443E-006
  0.52114434E-006
  0.52114426E-006
  0.52114418E-006
  0.52114411E-006
  0.52114405E-006
  0.52114398E-006
  0.52114393E-006
  0.52114387E-006
  0.52114382E-006
  0.52114377E-006
  0.52114373E-006
  0.52114369E-006
  0.52114365E-006
  0.52114362E-006
  0.52114359E-006
  0.52114356E-006
  0.52114353E-006
  0.52114350E-006
  0.52114348E-006
  0.52114345E-006
  0.52114343E-006
  0.52114341E-006
  0.52114340E-006
  0.52114338E-006
  0.52114336E-006
  0.52114335E-006
  0.52114334E-006
  0.52114332E-006
  0.52114331E-006
  0.52114330E-006
  0.52114329E-006
  0.52114328E-006
  0.52114327E-006
  0.52114327E-006
  0.52114326E-006
  0.52114325E-006
  0.52114325E-006
  0.52114324E-006
  0.52114323E-006
