  0.23359710E+000
  0.23365435E+000
  0.23366274E+000
  0.23366461E+000
  0.23366546E+000
  0.23366612E+000
  0.23366674E+000
  0.23366733E+000
  0.23366789E+000
  0.23366844E+000
  0.23366895E+000
  0.23366945E+000
  0.23366992E+000
  0.23367037E+000
  0.23367081E+000
  0.23367123E+000
  0.23367165E+000
  0.23367207E+000
  0.23367249E+000
  0.23367291E+000
  0.23367335E+000
  0.23367380E+000
  0.23367428E+000
  0.23367477E+000
  0.23367529E+000
  0.23367585E+000
  0.23367643E+000
  0.23367706E+000
  0.23367772E+000
  0.23367843E+000
  0.23367919E+000
  0.23367999E+000
  0.23368084E+000
  0.23368175E+000
  0.23368271E+000
  0.23368373E+000
  0.23368481E+000
  0.23368594E+000
  0.23368713E+000
  0.23368837E+000
  0.23368967E+000
  0.23369103E+000
  0.23369243E+000
  0.23369388E+000
  0.23369538E+000
  0.23369692E+000
  0.23369849E+000
  0.23370009E+000
  0.23370172E+000
  0.23370337E+000
  0.23370503E+000
  0.23370671E+000
  0.23370838E+000
  0.23371005E+000
  0.23371172E+000
  0.23371337E+000
  0.23371500E+000
  0.23371660E+000
  0.23371818E+000
  0.23371972E+000
  0.23372122E+000
  0.23372268E+000
  0.23372409E+000
  0.23372544E+000
  0.23372675E+000
  0.23372800E+000
  0.23372919E+000
  0.23373033E+000
  0.23373140E+000
  0.23373242E+000
  0.23373337E+000
  0.23373427E+000
  0.23373511E+000
  0.23373589E+000
  0.23373662E+000
  0.23373729E+000
  0.23373791E+000
  0.23373848E+000
  0.23373901E+000
  0.23373949E+000
  0.23373992E+000
  0.23374031E+000
  0.23374067E+000
  0.23374098E+000
  0.23374126E+000
  0.23374151E+000
  0.23374172E+000
  0.23374190E+000
  0.23374205E+000
  0.23374218E+000
  0.23374227E+000
  0.23374234E+000
  0.23374238E+000
  0.23374240E+000
  0.23374239E+000
  0.23374236E+000
  0.23374231E+000
  0.23374224E+000
  0.23374214E+000
  0.23374203E+000
  0.23374189E+000
  0.23374174E+000
  0.23374157E+000
  0.23374138E+000
  0.23374117E+000
  0.23374095E+000
  0.23374071E+000
  0.23374046E+000
  0.23374020E+000
  0.23373992E+000
  0.23373964E+000
  0.23373934E+000
  0.23373903E+000
  0.23373871E+000
  0.23373839E+000
  0.23373806E+000
  0.23373772E+000
  0.23373738E+000
  0.23373703E+000
  0.23373668E+000
  0.23373633E+000
  0.23373598E+000
  0.23373562E+000
  0.23373527E+000
  0.23373491E+000
  0.23373456E+000
  0.23373421E+000
  0.23373386E+000
  0.23373351E+000
  0.23373317E+000
  0.23373283E+000
  0.23373250E+000
  0.23373217E+000
  0.23373185E+000
  0.23373153E+000
  0.23373122E+000
  0.23373091E+000
  0.23373062E+000
  0.23373032E+000
  0.23373004E+000
  0.23372976E+000
  0.23372949E+000
  0.23372922E+000
  0.23372897E+000
  0.23372872E+000
  0.23372848E+000
  0.23372824E+000
  0.23372801E+000
  0.23372779E+000
  0.23372758E+000
  0.23372737E+000
  0.23372717E+000
  0.23372698E+000
  0.23372679E+000
  0.23372661E+000
  0.23372644E+000
  0.23372627E+000
  0.23372611E+000
  0.23372596E+000
  0.23372581E+000
  0.23372567E+000
  0.23372553E+000
  0.23372540E+000
  0.23372528E+000
  0.23372515E+000
  0.23372504E+000
  0.23372493E+000
  0.23372482E+000
  0.23372472E+000
  0.23372462E+000
  0.23372453E+000
  0.23372444E+000
  0.23372435E+000
  0.23372427E+000
  0.23372419E+000
  0.23372412E+000
  0.23372405E+000
  0.23372398E+000
  0.23372392E+000
  0.23372385E+000
  0.23372380E+000
  0.23372374E+000
  0.23372369E+000
  0.23372363E+000
  0.23372359E+000
  0.23372354E+000
  0.23372350E+000
  0.23372345E+000
  0.23372341E+000
  0.23372338E+000
  0.23372334E+000
  0.23372330E+000
  0.23372327E+000
  0.23372324E+000
  0.23372321E+000
  0.23372318E+000
  0.23372316E+000
  0.23372313E+000
  0.23372311E+000
  0.23372308E+000
