  0.35399718E+000
  0.35399704E+000
  0.35399729E+000
  0.35399764E+000
  0.35399802E+000
  0.35399839E+000
  0.35399876E+000
  0.35399911E+000
  0.35399945E+000
  0.35399979E+000
  0.35400011E+000
  0.35400043E+000
  0.35400074E+000
  0.35400105E+000
  0.35400135E+000
  0.35400165E+000
  0.35400195E+000
  0.35400225E+000
  0.35400254E+000
  0.35400284E+000
  0.35400314E+000
  0.35400343E+000
  0.35400373E+000
  0.35400403E+000
  0.35400434E+000
  0.35400465E+000
  0.35400496E+000
  0.35400527E+000
  0.35400559E+000
  0.35400592E+000
  0.35400625E+000
  0.35400659E+000
  0.35400694E+000
  0.35400729E+000
  0.35400765E+000
  0.35400802E+000
  0.35400840E+000
  0.35400879E+000
  0.35400919E+000
  0.35400960E+000
  0.35401002E+000
  0.35401045E+000
  0.35401089E+000
  0.35401135E+000
  0.35401182E+000
  0.35401230E+000
  0.35401279E+000
  0.35401329E+000
  0.35401381E+000
  0.35401434E+000
  0.35401488E+000
  0.35401544E+000
  0.35401601E+000
  0.35401659E+000
  0.35401718E+000
  0.35401779E+000
  0.35401841E+000
  0.35401904E+000
  0.35401969E+000
  0.35402034E+000
  0.35402101E+000
  0.35402169E+000
  0.35402238E+000
  0.35402308E+000
  0.35402379E+000
  0.35402451E+000
  0.35402524E+000
  0.35402598E+000
  0.35402673E+000
  0.35402748E+000
  0.35402824E+000
  0.35402901E+000
  0.35402978E+000
  0.35403055E+000
  0.35403133E+000
  0.35403211E+000
  0.35403290E+000
  0.35403368E+000
  0.35403447E+000
  0.35403525E+000
  0.35403604E+000
  0.35403682E+000
  0.35403760E+000
  0.35403838E+000
  0.35403916E+000
  0.35403993E+000
  0.35404070E+000
  0.35404146E+000
  0.35404222E+000
  0.35404297E+000
  0.35404372E+000
  0.35404446E+000
  0.35404520E+000
  0.35404593E+000
  0.35404666E+000
  0.35404738E+000
  0.35404810E+000
  0.35404881E+000
  0.35404952E+000
  0.35405022E+000
  0.35405092E+000
  0.35405161E+000
  0.35405231E+000
  0.35405300E+000
  0.35405368E+000
  0.35405437E+000
  0.35405506E+000
  0.35405574E+000
  0.35405643E+000
  0.35405712E+000
  0.35405781E+000
  0.35405850E+000
  0.35405920E+000
  0.35405990E+000
  0.35406060E+000
  0.35406131E+000
  0.35406203E+000
  0.35406275E+000
  0.35406348E+000
  0.35406422E+000
  0.35406497E+000
  0.35406572E+000
  0.35406649E+000
  0.35406726E+000
  0.35406805E+000
  0.35406885E+000
  0.35406965E+000
  0.35407047E+000
  0.35407131E+000
  0.35407215E+000
  0.35407301E+000
  0.35407388E+000
  0.35407477E+000
  0.35407566E+000
  0.35407658E+000
  0.35407750E+000
  0.35407844E+000
  0.35407939E+000
  0.35408036E+000
  0.35408134E+000
  0.35408233E+000
  0.35408333E+000
  0.35408435E+000
  0.35408538E+000
  0.35408643E+000
  0.35408748E+000
  0.35408855E+000
  0.35408963E+000
  0.35409072E+000
  0.35409181E+000
  0.35409292E+000
  0.35409404E+000
  0.35409517E+000
  0.35409630E+000
  0.35409744E+000
  0.35409859E+000
  0.35409974E+000
  0.35410090E+000
  0.35410206E+000
  0.35410323E+000
  0.35410440E+000
  0.35410557E+000
  0.35410675E+000
  0.35410792E+000
  0.35410910E+000
  0.35411027E+000
  0.35411144E+000
  0.35411261E+000
  0.35411378E+000
  0.35411494E+000
  0.35411610E+000
  0.35411725E+000
  0.35411839E+000
  0.35411953E+000
  0.35412067E+000
  0.35412179E+000
  0.35412290E+000
  0.35412401E+000
  0.35412510E+000
  0.35412619E+000
  0.35412726E+000
  0.35412832E+000
  0.35412937E+000
  0.35413041E+000
  0.35413143E+000
  0.35413244E+000
  0.35413344E+000
  0.35413442E+000
  0.35413539E+000
  0.35413634E+000
  0.35413727E+000
  0.35413819E+000
  0.35413910E+000
  0.35413998E+000
  0.35414086E+000
  0.35414171E+000
  0.35414255E+000
  0.35414337E+000
  0.35414418E+000
  0.35414496E+000
