  0.93159550E+000
  0.93159791E+000
  0.93159875E+000
  0.93159901E+000
  0.93159899E+000
  0.93159880E+000
  0.93159851E+000
  0.93159813E+000
  0.93159770E+000
  0.93159723E+000
  0.93159673E+000
  0.93159621E+000
  0.93159568E+000
  0.93159515E+000
  0.93159462E+000
  0.93159410E+000
  0.93159360E+000
  0.93159311E+000
  0.93159264E+000
  0.93159218E+000
  0.93159175E+000
  0.93159134E+000
  0.93159095E+000
  0.93159058E+000
  0.93159024E+000
  0.93158993E+000
  0.93158963E+000
  0.93158937E+000
  0.93158912E+000
  0.93158891E+000
  0.93158871E+000
  0.93158854E+000
  0.93158840E+000
  0.93158828E+000
  0.93158818E+000
  0.93158810E+000
  0.93158805E+000
  0.93158802E+000
  0.93158800E+000
  0.93158801E+000
  0.93158804E+000
  0.93158808E+000
  0.93158814E+000
  0.93158821E+000
  0.93158829E+000
  0.93158839E+000
  0.93158850E+000
  0.93158861E+000
  0.93158874E+000
  0.93158887E+000
  0.93158900E+000
  0.93158914E+000
  0.93158928E+000
  0.93158942E+000
  0.93158956E+000
  0.93158970E+000
  0.93158984E+000
  0.93158998E+000
  0.93159012E+000
  0.93159025E+000
  0.93159038E+000
  0.93159050E+000
  0.93159063E+000
  0.93159074E+000
  0.93159086E+000
  0.93159097E+000
  0.93159108E+000
  0.93159119E+000
  0.93159129E+000
  0.93159139E+000
  0.93159149E+000
  0.93159158E+000
  0.93159168E+000
  0.93159177E+000
  0.93159186E+000
  0.93159195E+000
  0.93159203E+000
  0.93159212E+000
  0.93159221E+000
  0.93159229E+000
  0.93159238E+000
  0.93159246E+000
  0.93159254E+000
  0.93159262E+000
  0.93159271E+000
  0.93159279E+000
  0.93159287E+000
  0.93159295E+000
  0.93159303E+000
  0.93159311E+000
  0.93159319E+000
  0.93159327E+000
  0.93159335E+000
  0.93159342E+000
  0.93159350E+000
  0.93159358E+000
  0.93159365E+000
  0.93159373E+000
  0.93159380E+000
  0.93159387E+000
  0.93159394E+000
  0.93159401E+000
  0.93159408E+000
  0.93159415E+000
  0.93159422E+000
  0.93159429E+000
  0.93159435E+000
  0.93159441E+000
  0.93159448E+000
  0.93159454E+000
  0.93159460E+000
  0.93159466E+000
  0.93159471E+000
  0.93159477E+000
  0.93159482E+000
  0.93159488E+000
  0.93159493E+000
  0.93159498E+000
  0.93159503E+000
  0.93159508E+000
  0.93159513E+000
  0.93159517E+000
  0.93159522E+000
  0.93159526E+000
  0.93159530E+000
  0.93159534E+000
  0.93159538E+000
  0.93159542E+000
  0.93159546E+000
  0.93159550E+000
  0.93159553E+000
  0.93159556E+000
  0.93159560E+000
  0.93159563E+000
  0.93159566E+000
  0.93159568E+000
  0.93159571E+000
  0.93159574E+000
  0.93159576E+000
  0.93159579E+000
  0.93159581E+000
  0.93159583E+000
  0.93159585E+000
  0.93159587E+000
  0.93159589E+000
  0.93159590E+000
  0.93159592E+000
  0.93159593E+000
  0.93159595E+000
  0.93159596E+000
  0.93159597E+000
  0.93159598E+000
  0.93159599E+000
  0.93159600E+000
  0.93159601E+000
  0.93159602E+000
  0.93159602E+000
  0.93159603E+000
  0.93159603E+000
  0.93159603E+000
  0.93159604E+000
  0.93159604E+000
  0.93159604E+000
  0.93159604E+000
  0.93159604E+000
  0.93159604E+000
  0.93159604E+000
  0.93159604E+000
  0.93159604E+000
  0.93159603E+000
  0.93159603E+000
  0.93159603E+000
  0.93159602E+000
  0.93159602E+000
  0.93159601E+000
  0.93159601E+000
  0.93159600E+000
  0.93159599E+000
  0.93159599E+000
  0.93159598E+000
  0.93159597E+000
  0.93159597E+000
  0.93159596E+000
  0.93159595E+000
  0.93159594E+000
  0.93159594E+000
  0.93159593E+000
  0.93159592E+000
  0.93159591E+000
  0.93159590E+000
  0.93159589E+000
  0.93159589E+000
  0.93159588E+000
  0.93159587E+000
  0.93159586E+000
  0.93159585E+000
  0.93159584E+000
  0.93159583E+000
  0.93159583E+000
  0.93159582E+000
