  0.91293728E+000
  0.91293717E+000
  0.91293703E+000
  0.91293689E+000
  0.91293676E+000
  0.91293662E+000
  0.91293649E+000
  0.91293636E+000
  0.91293624E+000
  0.91293612E+000
  0.91293600E+000
  0.91293589E+000
  0.91293577E+000
  0.91293566E+000
  0.91293556E+000
  0.91293545E+000
  0.91293535E+000
  0.91293524E+000
  0.91293514E+000
  0.91293504E+000
  0.91293494E+000
  0.91293484E+000
  0.91293474E+000
  0.91293463E+000
  0.91293453E+000
  0.91293443E+000
  0.91293432E+000
  0.91293422E+000
  0.91293411E+000
  0.91293400E+000
  0.91293389E+000
  0.91293377E+000
  0.91293365E+000
  0.91293353E+000
  0.91293340E+000
  0.91293327E+000
  0.91293314E+000
  0.91293300E+000
  0.91293285E+000
  0.91293270E+000
  0.91293254E+000
  0.91293238E+000
  0.91293221E+000
  0.91293203E+000
  0.91293184E+000
  0.91293164E+000
  0.91293144E+000
  0.91293123E+000
  0.91293100E+000
  0.91293077E+000
  0.91293053E+000
  0.91293027E+000
  0.91293001E+000
  0.91292973E+000
  0.91292944E+000
  0.91292914E+000
  0.91292882E+000
  0.91292850E+000
  0.91292816E+000
  0.91292781E+000
  0.91292744E+000
  0.91292706E+000
  0.91292666E+000
  0.91292626E+000
  0.91292583E+000
  0.91292539E+000
  0.91292494E+000
  0.91292447E+000
  0.91292399E+000
  0.91292349E+000
  0.91292298E+000
  0.91292245E+000
  0.91292190E+000
  0.91292134E+000
  0.91292077E+000
  0.91292018E+000
  0.91291958E+000
  0.91291896E+000
  0.91291833E+000
  0.91291769E+000
  0.91291704E+000
  0.91291637E+000
  0.91291569E+000
  0.91291500E+000
  0.91291430E+000
  0.91291359E+000
  0.91291287E+000
  0.91291214E+000
  0.91291140E+000
  0.91291066E+000
  0.91290991E+000
  0.91290916E+000
  0.91290841E+000
  0.91290765E+000
  0.91290689E+000
  0.91290613E+000
  0.91290537E+000
  0.91290461E+000
  0.91290385E+000
  0.91290310E+000
  0.91290235E+000
  0.91290161E+000
  0.91290087E+000
  0.91290014E+000
  0.91289943E+000
  0.91289872E+000
  0.91289802E+000
  0.91289733E+000
  0.91289666E+000
  0.91289600E+000
  0.91289536E+000
  0.91289473E+000
  0.91289412E+000
  0.91289353E+000
  0.91289295E+000
  0.91289240E+000
  0.91289186E+000
  0.91289134E+000
  0.91289085E+000
  0.91289037E+000
  0.91288992E+000
  0.91288949E+000
  0.91288908E+000
  0.91288869E+000
  0.91288833E+000
  0.91288799E+000
  0.91288768E+000
  0.91288739E+000
  0.91288712E+000
  0.91288688E+000
  0.91288666E+000
  0.91288646E+000
  0.91288629E+000
  0.91288615E+000
  0.91288602E+000
  0.91288592E+000
  0.91288584E+000
  0.91288579E+000
  0.91288575E+000
  0.91288574E+000
  0.91288575E+000
  0.91288579E+000
  0.91288584E+000
  0.91288591E+000
  0.91288601E+000
  0.91288612E+000
  0.91288625E+000
  0.91288640E+000
  0.91288657E+000
  0.91288675E+000
  0.91288695E+000
  0.91288717E+000
  0.91288740E+000
  0.91288764E+000
  0.91288790E+000
  0.91288818E+000
  0.91288846E+000
  0.91288876E+000
  0.91288907E+000
  0.91288939E+000
  0.91288972E+000
  0.91289006E+000
  0.91289041E+000
  0.91289076E+000
  0.91289112E+000
  0.91289149E+000
  0.91289187E+000
  0.91289225E+000
  0.91289264E+000
  0.91289303E+000
  0.91289342E+000
  0.91289382E+000
  0.91289422E+000
  0.91289462E+000
  0.91289502E+000
  0.91289542E+000
  0.91289583E+000
  0.91289623E+000
  0.91289663E+000
  0.91289704E+000
  0.91289744E+000
  0.91289784E+000
  0.91289824E+000
  0.91289863E+000
  0.91289902E+000
  0.91289941E+000
  0.91289980E+000
  0.91290018E+000
  0.91290055E+000
  0.91290093E+000
  0.91290130E+000
  0.91290166E+000
  0.91290202E+000
  0.91290237E+000
  0.91290272E+000
  0.91290306E+000
  0.91290340E+000
  0.91290373E+000
  0.91290405E+000
  0.91290437E+000
