  0.82262958E+000
  0.82262958E+000
  0.82262956E+000
  0.82262953E+000
  0.82262951E+000
  0.82262948E+000
  0.82262945E+000
  0.82262942E+000
  0.82262938E+000
  0.82262935E+000
  0.82262931E+000
  0.82262927E+000
  0.82262923E+000
  0.82262919E+000
  0.82262915E+000
  0.82262910E+000
  0.82262905E+000
  0.82262900E+000
  0.82262895E+000
  0.82262889E+000
  0.82262884E+000
  0.82262878E+000
  0.82262871E+000
  0.82262865E+000
  0.82262858E+000
  0.82262851E+000
  0.82262844E+000
  0.82262836E+000
  0.82262828E+000
  0.82262819E+000
  0.82262811E+000
  0.82262801E+000
  0.82262792E+000
  0.82262782E+000
  0.82262771E+000
  0.82262761E+000
  0.82262749E+000
  0.82262737E+000
  0.82262725E+000
  0.82262712E+000
  0.82262699E+000
  0.82262685E+000
  0.82262670E+000
  0.82262655E+000
  0.82262639E+000
  0.82262622E+000
  0.82262605E+000
  0.82262586E+000
  0.82262567E+000
  0.82262548E+000
  0.82262527E+000
  0.82262506E+000
  0.82262483E+000
  0.82262460E+000
  0.82262435E+000
  0.82262410E+000
  0.82262383E+000
  0.82262356E+000
  0.82262327E+000
  0.82262297E+000
  0.82262266E+000
  0.82262233E+000
  0.82262199E+000
  0.82262164E+000
  0.82262128E+000
  0.82262090E+000
  0.82262051E+000
  0.82262010E+000
  0.82261968E+000
  0.82261925E+000
  0.82261880E+000
  0.82261833E+000
  0.82261785E+000
  0.82261736E+000
  0.82261685E+000
  0.82261633E+000
  0.82261579E+000
  0.82261524E+000
  0.82261467E+000
  0.82261409E+000
  0.82261350E+000
  0.82261289E+000
  0.82261228E+000
  0.82261165E+000
  0.82261101E+000
  0.82261035E+000
  0.82260969E+000
  0.82260902E+000
  0.82260834E+000
  0.82260765E+000
  0.82260696E+000
  0.82260626E+000
  0.82260555E+000
  0.82260484E+000
  0.82260412E+000
  0.82260341E+000
  0.82260269E+000
  0.82260197E+000
  0.82260125E+000
  0.82260053E+000
  0.82259982E+000
  0.82259911E+000
  0.82259840E+000
  0.82259770E+000
  0.82259700E+000
  0.82259632E+000
  0.82259564E+000
  0.82259497E+000
  0.82259431E+000
  0.82259367E+000
  0.82259304E+000
  0.82259242E+000
  0.82259181E+000
  0.82259123E+000
  0.82259065E+000
  0.82259010E+000
  0.82258956E+000
  0.82258904E+000
  0.82258854E+000
  0.82258806E+000
  0.82258761E+000
  0.82258717E+000
  0.82258675E+000
  0.82258636E+000
  0.82258599E+000
  0.82258564E+000
  0.82258531E+000
  0.82258501E+000
  0.82258473E+000
  0.82258447E+000
  0.82258424E+000
  0.82258403E+000
  0.82258385E+000
  0.82258369E+000
  0.82258355E+000
  0.82258344E+000
  0.82258335E+000
  0.82258329E+000
  0.82258324E+000
  0.82258322E+000
  0.82258323E+000
  0.82258325E+000
  0.82258330E+000
  0.82258337E+000
  0.82258346E+000
  0.82258357E+000
  0.82258370E+000
  0.82258385E+000
  0.82258402E+000
  0.82258420E+000
  0.82258441E+000
  0.82258463E+000
  0.82258487E+000
  0.82258512E+000
  0.82258540E+000
  0.82258568E+000
  0.82258598E+000
  0.82258629E+000
  0.82258662E+000
  0.82258696E+000
  0.82258731E+000
  0.82258766E+000
  0.82258803E+000
  0.82258841E+000
  0.82258880E+000
  0.82258920E+000
  0.82258960E+000
  0.82259001E+000
  0.82259043E+000
  0.82259085E+000
  0.82259127E+000
  0.82259170E+000
  0.82259213E+000
  0.82259257E+000
  0.82259301E+000
  0.82259345E+000
  0.82259389E+000
  0.82259433E+000
  0.82259477E+000
  0.82259521E+000
  0.82259565E+000
  0.82259609E+000
  0.82259653E+000
  0.82259696E+000
  0.82259740E+000
  0.82259782E+000
  0.82259825E+000
  0.82259867E+000
  0.82259909E+000
  0.82259950E+000
  0.82259991E+000
  0.82260032E+000
  0.82260071E+000
  0.82260111E+000
  0.82260149E+000
  0.82260188E+000
  0.82260225E+000
  0.82260262E+000
  0.82260298E+000
  0.82260334E+000
