  0.19206568E+000  0.21789623E+000  0.35286790E+000  0.51540907E+000  0.85888413E+000  0.97800325E+000  0.13287222E+001  0.24789557E+001  0.40911866E+001  0.58211014E+001  0.92539391E+001
  0.19206568E+000  0.21789627E+000  0.35286792E+000  0.51540913E+000  0.85888413E+000  0.97800328E+000  0.13287222E+001  0.24789558E+001  0.40911860E+001  0.58211014E+001  0.92539354E+001
  0.19206568E+000  0.21789631E+000  0.35286792E+000  0.51540914E+000  0.85888413E+000  0.97800328E+000  0.13287222E+001  0.24789558E+001  0.40911855E+001  0.58211014E+001  0.92539307E+001
  0.19206568E+000  0.21789634E+000  0.35286793E+000  0.51540914E+000  0.85888413E+000  0.97800328E+000  0.13287222E+001  0.24789558E+001  0.40911852E+001  0.58211014E+001  0.92539262E+001
  0.19206568E+000  0.21789637E+000  0.35286911E+000  0.51540914E+000  0.85888413E+000  0.97800328E+000  0.13287222E+001  0.24789558E+001  0.40911850E+001  0.58211014E+001  0.92539222E+001
  0.19206568E+000  0.21789639E+000  0.35287352E+000  0.51540914E+000  0.85888413E+000  0.97800328E+000  0.13287221E+001  0.24789558E+001  0.40911848E+001  0.58211014E+001  0.92539191E+001
  0.19206568E+000  0.21789640E+000  0.35287625E+000  0.51540914E+000  0.85888413E+000  0.97800328E+000  0.13287221E+001  0.24789558E+001  0.40911847E+001  0.58211014E+001  0.92539167E+001
  0.19206568E+000  0.21789641E+000  0.35287764E+000  0.51540914E+000  0.85888413E+000  0.97800328E+000  0.13287220E+001  0.24789558E+001  0.40911846E+001  0.58211014E+001  0.92539149E+001
  0.19206568E+000  0.21789642E+000  0.35287805E+000  0.51540913E+000  0.85888413E+000  0.97800328E+000  0.13287220E+001  0.24789558E+001  0.40911846E+001  0.58211014E+001  0.92539137E+001
  0.19206568E+000  0.21789642E+000  0.35287776E+000  0.51540913E+000  0.85888413E+000  0.97800328E+000  0.13287220E+001  0.24789558E+001  0.40911846E+001  0.58211014E+001  0.92539128E+001
  0.19206568E+000  0.21789642E+000  0.35287703E+000  0.51540913E+000  0.85888413E+000  0.97800328E+000  0.13287220E+001  0.24789559E+001  0.40911847E+001  0.58211014E+001  0.92539120E+001
  0.19206568E+000  0.21789642E+000  0.35287604E+000  0.51540913E+000  0.85888413E+000  0.97800328E+000  0.13287219E+001  0.24789559E+001  0.40911848E+001  0.58211014E+001  0.92539115E+001
  0.19206568E+000  0.21789642E+000  0.35287492E+000  0.51540913E+000  0.85888413E+000  0.97800328E+000  0.13287219E+001  0.24789559E+001  0.40911848E+001  0.58211014E+001  0.92539110E+001
  0.19206568E+000  0.21789642E+000  0.35287376E+000  0.51540912E+000  0.85888413E+000  0.97800328E+000  0.13287219E+001  0.24789559E+001  0.40911850E+001  0.58211014E+001  0.92539106E+001
  0.19206568E+000  0.21789642E+000  0.35287261E+000  0.51540912E+000  0.85888413E+000  0.97800328E+000  0.13287219E+001  0.24789559E+001  0.40911851E+001  0.58211014E+001  0.92539103E+001
  0.19206568E+000  0.21789642E+000  0.35287152E+000  0.51540912E+000  0.85888413E+000  0.97800328E+000  0.13287219E+001  0.24789559E+001  0.40911852E+001  0.58211014E+001  0.92539099E+001
  0.19206568E+000  0.21789641E+000  0.35287050E+000  0.51540912E+000  0.85888413E+000  0.97800328E+000  0.13287219E+001  0.24789559E+001  0.40911854E+001  0.58211014E+001  0.92539096E+001
  0.19206568E+000  0.21789641E+000  0.35286958E+000  0.51540912E+000  0.85888413E+000  0.97800328E+000  0.13287219E+001  0.24789559E+001  0.40911855E+001  0.58211014E+001  0.92539094E+001
  0.19206568E+000  0.21789641E+000  0.35286876E+000  0.51540912E+000  0.85888413E+000  0.97800328E+000  0.13287219E+001  0.24789559E+001  0.40911857E+001  0.58211014E+001  0.92539091E+001
  0.19206568E+000  0.21789641E+000  0.35286804E+000  0.51540912E+000  0.85888413E+000  0.97800328E+000  0.13287219E+001  0.24789559E+001  0.40911859E+001  0.58211014E+001  0.92539088E+001
  0.19206568E+000  0.21789641E+000  0.35286793E+000  0.51540912E+000  0.85888413E+000  0.97800327E+000  0.13287219E+001  0.24789559E+001  0.40911861E+001  0.58211014E+001  0.92539086E+001
  0.19206568E+000  0.21789641E+000  0.35286793E+000  0.51540911E+000  0.85888413E+000  0.97800327E+000  0.13287219E+001  0.24789559E+001  0.40911862E+001  0.58211014E+001  0.92539084E+001
  0.19206568E+000  0.21789641E+000  0.35286793E+000  0.51540911E+000  0.85888413E+000  0.97800327E+000  0.13287219E+001  0.24789560E+001  0.40911864E+001  0.58211014E+001  0.92539082E+001
  0.19206568E+000  0.21789641E+000  0.35286793E+000  0.51540911E+000  0.85888413E+000  0.97800328E+000  0.13287219E+001  0.24789560E+001  0.40911866E+001  0.58211014E+001  0.92539080E+001
  0.19206568E+000  0.21789641E+000  0.35286793E+000  0.51540911E+000  0.85888413E+000  0.97800328E+000  0.13287219E+001  0.24789560E+001  0.40911869E+001  0.58211014E+001  0.92539078E+001
  0.19206568E+000  0.21789641E+000  0.35286793E+000  0.51540911E+000  0.85888413E+000  0.97800328E+000  0.13287219E+001  0.24789560E+001  0.40911871E+001  0.58211014E+001  0.92539076E+001
  0.19206568E+000  0.21789641E+000  0.35286793E+000  0.51540911E+000  0.85888413E+000  0.97800328E+000  0.13287219E+001  0.24789560E+001  0.40911873E+001  0.58211014E+001  0.92539074E+001
  0.19206568E+000  0.21789641E+000  0.35286793E+000  0.51540911E+000  0.85888413E+000  0.97800328E+000  0.13287219E+001  0.24789560E+001  0.40911875E+001  0.58211014E+001  0.92539073E+001
  0.19206568E+000  0.21789641E+000  0.35286793E+000  0.51540911E+000  0.85888413E+000  0.97800328E+000  0.13287219E+001  0.24789560E+001  0.40911878E+001  0.58211014E+001  0.92539071E+001
  0.19206568E+000  0.21789641E+000  0.35286793E+000  0.51540911E+000  0.85888413E+000  0.97800328E+000  0.13287220E+001  0.24789560E+001  0.40911880E+001  0.58211014E+001  0.92539070E+001
  0.19206568E+000  0.21789641E+000  0.35286793E+000  0.51540911E+000  0.85888413E+000  0.97800328E+000  0.13287220E+001  0.24789561E+001  0.40911883E+001  0.58211014E+001  0.92539069E+001
  0.19206568E+000  0.21789641E+000  0.35286848E+000  0.51540911E+000  0.85888413E+000  0.97800328E+000  0.13287220E+001  0.24789561E+001  0.40911886E+001  0.58211014E+001  0.92539068E+001
  0.19206568E+000  0.21789641E+000  0.35286933E+000  0.51540911E+000  0.85888413E+000  0.97800328E+000  0.13287220E+001  0.24789561E+001  0.40911889E+001  0.58211014E+001  0.92539066E+001
  0.19206568E+000  0.21789641E+000  0.35287031E+000  0.51540911E+000  0.85888413E+000  0.97800328E+000  0.13287221E+001  0.24789561E+001  0.40911892E+001  0.58211014E+001  0.92539065E+001
  0.19206568E+000  0.21789641E+000  0.35287145E+000  0.51540911E+000  0.85888413E+000  0.97800328E+000  0.13287221E+001  0.24789561E+001  0.40911895E+001  0.58211014E+001  0.92539065E+001
  0.19206568E+000  0.21789641E+000  0.35287273E+000  0.51540911E+000  0.85888413E+000  0.97800328E+000  0.13287221E+001  0.24789561E+001  0.40911898E+001  0.58211014E+001  0.92539064E+001
  0.19206568E+000  0.21789642E+000  0.35287417E+000  0.51540911E+000  0.85888413E+000  0.97800328E+000  0.13287222E+001  0.24789562E+001  0.40911902E+001  0.58211014E+001  0.92539063E+001
  0.19206568E+000  0.21789642E+000  0.35287578E+000  0.51540911E+000  0.85888413E+000  0.97800329E+000  0.13287222E+001  0.24789562E+001  0.40911905E+001  0.58211014E+001  0.92539062E+001
  0.19206568E+000  0.21789642E+000  0.35287755E+000  0.51540911E+000  0.85888413E+000  0.97800329E+000  0.13287223E+001  0.24789562E+001  0.40911909E+001  0.58211014E+001  0.92539062E+001
  0.19206568E+000  0.21789642E+000  0.35287951E+000  0.51540911E+000  0.85888413E+000  0.97800329E+000  0.13287223E+001  0.24789562E+001  0.40911913E+001  0.58211014E+001  0.92539061E+001
  0.19206568E+000  0.21789643E+000  0.35288166E+000  0.51540911E+000  0.85888413E+000  0.97800329E+000  0.13287224E+001  0.24789562E+001  0.40911917E+001  0.58211014E+001  0.92539061E+001
  0.19206568E+000  0.21789643E+000  0.35288400E+000  0.51540911E+000  0.85888413E+000  0.97800329E+000  0.13287224E+001  0.24789563E+001  0.40911921E+001  0.58211014E+001  0.92539061E+001
  0.19206568E+000  0.21789643E+000  0.35288655E+000  0.51540911E+000  0.85888413E+000  0.97800330E+000  0.13287225E+001  0.24789563E+001  0.40911926E+001  0.58211014E+001  0.92539060E+001
  0.19206568E+000  0.21789644E+000  0.35288931E+000  0.51540912E+000  0.85888413E+000  0.97800330E+000  0.13287225E+001  0.24789563E+001  0.40911930E+001  0.58211014E+001  0.92539060E+001
  0.19206568E+000  0.21789644E+000  0.35289230E+000  0.51540912E+000  0.85888413E+000  0.97800330E+000  0.13287226E+001  0.24789563E+001  0.40911935E+001  0.58211014E+001  0.92539060E+001
  0.19206568E+000  0.21789645E+000  0.35289552E+000  0.51540912E+000  0.85888413E+000  0.97800331E+000  0.13287227E+001  0.24789564E+001  0.40911940E+001  0.58211014E+001  0.92539060E+001
  0.19206568E+000  0.21789645E+000  0.35289899E+000  0.51540912E+000  0.85888413E+000  0.97800331E+000  0.13287227E+001  0.24789564E+001  0.40911945E+001  0.58211014E+001  0.92539060E+001
  0.19206568E+000  0.21789646E+000  0.35290271E+000  0.51540912E+000  0.85888413E+000  0.97800331E+000  0.13287228E+001  0.24789564E+001  0.40911951E+001  0.58211014E+001  0.92539060E+001
  0.19206568E+000  0.21789646E+000  0.35290671E+000  0.51540913E+000  0.85888413E+000  0.97800332E+000  0.13287229E+001  0.24789565E+001  0.40911956E+001  0.58211014E+001  0.92539061E+001
  0.19206568E+000  0.21789647E+000  0.35291099E+000  0.51540913E+000  0.85888413E+000  0.97800332E+000  0.13287230E+001  0.24789565E+001  0.40911962E+001  0.58211014E+001  0.92539061E+001
  0.19206568E+000  0.21789647E+000  0.35291556E+000  0.51540913E+000  0.85888413E+000  0.97800332E+000  0.13287230E+001  0.24789565E+001  0.40911969E+001  0.58211014E+001  0.92539061E+001
  0.19206568E+000  0.21789648E+000  0.35292044E+000  0.51540914E+000  0.85888413E+000  0.97800333E+000  0.13287231E+001  0.24789566E+001  0.40911975E+001  0.58211014E+001  0.92539062E+001
  0.19206568E+000  0.21789649E+000  0.35292565E+000  0.51540914E+000  0.85888413E+000  0.97800333E+000  0.13287232E+001  0.24789566E+001  0.40911982E+001  0.58211014E+001  0.92539063E+001
  0.19206568E+000  0.21789650E+000  0.35293120E+000  0.51540914E+000  0.85888413E+000  0.97800334E+000  0.13287233E+001  0.24789566E+001  0.40911989E+001  0.58211014E+001  0.92539064E+001
  0.19206568E+000  0.21789650E+000  0.35293710E+000  0.51540915E+000  0.85888413E+000  0.97800334E+000  0.13287234E+001  0.24789567E+001  0.40911997E+001  0.58211014E+001  0.92539064E+001
  0.19206568E+000  0.21789651E+000  0.35294337E+000  0.51540915E+000  0.85888413E+000  0.97800335E+000  0.13287235E+001  0.24789567E+001  0.40912005E+001  0.58211014E+001  0.92539066E+001
  0.19206568E+000  0.21789652E+000  0.35295003E+000  0.51540916E+000  0.85888413E+000  0.97800335E+000  0.13287236E+001  0.24789568E+001  0.40912013E+001  0.58211014E+001  0.92539067E+001
  0.19206568E+000  0.21789653E+000  0.35295708E+000  0.51540916E+000  0.85888413E+000  0.97800336E+000  0.13287237E+001  0.24789568E+001  0.40912022E+001  0.58211014E+001  0.92539068E+001
  0.19206568E+000  0.21789654E+000  0.35296455E+000  0.51540917E+000  0.85888413E+000  0.97800336E+000  0.13287239E+001  0.24789568E+001  0.40912031E+001  0.58211014E+001  0.92539070E+001
  0.19206568E+000  0.21789655E+000  0.35297167E+000  0.51540917E+000  0.85888413E+000  0.97800337E+000  0.13287240E+001  0.24789569E+001  0.40912041E+001  0.58211014E+001  0.92539072E+001
  0.19206568E+000  0.21789657E+000  0.35297299E+000  0.51540918E+000  0.85888413E+000  0.97800337E+000  0.13287241E+001  0.24789570E+001  0.40912052E+001  0.58211014E+001  0.92539074E+001
  0.19206568E+000  0.21789658E+000  0.35297439E+000  0.51540919E+000  0.85888413E+000  0.97800338E+000  0.13287243E+001  0.24789570E+001  0.40912063E+001  0.58211014E+001  0.92539077E+001
  0.19206568E+000  0.21789659E+000  0.35297586E+000  0.51540920E+000  0.85888413E+000  0.97800338E+000  0.13287244E+001  0.24789571E+001  0.40912074E+001  0.58211014E+001  0.92539080E+001
  0.19206568E+000  0.21789661E+000  0.35297741E+000  0.51540920E+000  0.85888413E+000  0.97800339E+000  0.13287246E+001  0.24789571E+001  0.40912086E+001  0.58211014E+001  0.92539083E+001
  0.19206568E+000  0.21789662E+000  0.35297904E+000  0.51540921E+000  0.85888413E+000  0.97800340E+000  0.13287247E+001  0.24789572E+001  0.40912099E+001  0.58211014E+001  0.92539087E+001
  0.19206568E+000  0.21789664E+000  0.35298075E+000  0.51540922E+000  0.85888413E+000  0.97800340E+000  0.13287249E+001  0.24789573E+001  0.40912112E+001  0.58211014E+001  0.92539091E+001
  0.19206568E+000  0.21789665E+000  0.35298253E+000  0.51540923E+000  0.85888413E+000  0.97800341E+000  0.13287251E+001  0.24789573E+001  0.40912126E+001  0.58211014E+001  0.92539096E+001
  0.19206568E+000  0.21789667E+000  0.35298440E+000  0.51540924E+000  0.85888413E+000  0.97800341E+000  0.13287252E+001  0.24789574E+001  0.40912141E+001  0.58211014E+001  0.92539102E+001
  0.19206568E+000  0.21789669E+000  0.35298635E+000  0.51540925E+000  0.85888413E+000  0.97800342E+000  0.13287254E+001  0.24789575E+001  0.40912156E+001  0.58211014E+001  0.92539108E+001
  0.19206568E+000  0.21789671E+000  0.35298838E+000  0.51540926E+000  0.85888413E+000  0.97800343E+000  0.13287256E+001  0.24789576E+001  0.40912199E+001  0.58211014E+001  0.92539116E+001
  0.19206568E+000  0.21789673E+000  0.35299050E+000  0.51540927E+000  0.85888413E+000  0.97800343E+000  0.13287258E+001  0.24789576E+001  0.40913437E+001  0.58211014E+001  0.92539124E+001
  0.19206568E+000  0.21789675E+000  0.35299270E+000  0.51540929E+000  0.85888413E+000  0.97800344E+000  0.13287260E+001  0.24789577E+001  0.40914723E+001  0.58211014E+001  0.92539133E+001
  0.19206568E+000  0.21789677E+000  0.35299498E+000  0.51540930E+000  0.85888413E+000  0.97800345E+000  0.13287262E+001  0.24789578E+001  0.40917105E+001  0.58211014E+001  0.92539144E+001
  0.19206568E+000  0.21789680E+000  0.35299735E+000  0.51540931E+000  0.85888413E+000  0.97800345E+000  0.13287265E+001  0.24789579E+001  0.40917839E+001  0.58211014E+001  0.92539156E+001
  0.19206568E+000  0.21789682E+000  0.35299980E+000  0.51540933E+000  0.85888413E+000  0.97800346E+000  0.13287267E+001  0.24789580E+001  0.40918597E+001  0.58211014E+001  0.92539169E+001
  0.19206568E+000  0.21789685E+000  0.35300233E+000  0.51540934E+000  0.85888413E+000  0.97800347E+000  0.13287269E+001  0.24789581E+001  0.40919379E+001  0.58211014E+001  0.92539183E+001
  0.19206568E+000  0.21789687E+000  0.35300494E+000  0.51540936E+000  0.85888413E+000  0.97800348E+000  0.13287272E+001  0.24789582E+001  0.40920183E+001  0.58211014E+001  0.92539200E+001
  0.19206568E+000  0.21789690E+000  0.35300764E+000  0.51540937E+000  0.85888413E+000  0.97800348E+000  0.13287275E+001  0.24789583E+001  0.40921009E+001  0.58211014E+001  0.92539218E+001
  0.19206568E+000  0.21789693E+000  0.35301041E+000  0.51540939E+000  0.85888413E+000  0.97800349E+000  0.13287277E+001  0.24789584E+001  0.40921856E+001  0.58211014E+001  0.92539237E+001
  0.19206568E+000  0.21789696E+000  0.35301325E+000  0.51540940E+000  0.85888413E+000  0.97800350E+000  0.13287280E+001  0.24789585E+001  0.40922723E+001  0.58211014E+001  0.92539259E+001
  0.19206568E+000  0.21789699E+000  0.35301617E+000  0.51540942E+000  0.85888413E+000  0.97800351E+000  0.13287283E+001  0.24789587E+001  0.40923610E+001  0.58211014E+001  0.92539283E+001
  0.19206568E+000  0.21789702E+000  0.35301917E+000  0.51540944E+000  0.85888413E+000  0.97800351E+000  0.13287286E+001  0.24789588E+001  0.40924516E+001  0.58211014E+001  0.92539309E+001
  0.19206568E+000  0.21789706E+000  0.35302223E+000  0.51540946E+000  0.85888413E+000  0.97800352E+000  0.13287289E+001  0.24789589E+001  0.40925441E+001  0.58211014E+001  0.92539338E+001
  0.19206568E+000  0.21789709E+000  0.35302536E+000  0.51540948E+000  0.85888413E+000  0.97800353E+000  0.13287292E+001  0.24789590E+001  0.40926384E+001  0.58211014E+001  0.92539369E+001
  0.19206568E+000  0.21789713E+000  0.35302856E+000  0.51540949E+000  0.85888413E+000  0.97800353E+000  0.13287296E+001  0.24789591E+001  0.40927069E+001  0.58211014E+001  0.92539403E+001
  0.19206568E+000  0.21789716E+000  0.35303182E+000  0.51540951E+000  0.85888413E+000  0.97800354E+000  0.13287299E+001  0.24789593E+001  0.40927246E+001  0.58211014E+001  0.92539439E+001
  0.19206568E+000  0.21789720E+000  0.35303515E+000  0.51540953E+000  0.85888413E+000  0.97800355E+000  0.13287302E+001  0.24789594E+001  0.40927426E+001  0.58211014E+001  0.92539479E+001
  0.19206568E+000  0.21789724E+000  0.35303853E+000  0.51540956E+000  0.85888413E+000  0.97800356E+000  0.13287306E+001  0.24789595E+001  0.40927610E+001  0.58211014E+001  0.92539522E+001
  0.19206568E+000  0.21789728E+000  0.35304196E+000  0.51540958E+000  0.85888413E+000  0.97800356E+000  0.13287310E+001  0.24789596E+001  0.40927797E+001  0.58211014E+001  0.92539568E+001
  0.19206568E+000  0.21789732E+000  0.35304545E+000  0.51540960E+000  0.85888413E+000  0.97800357E+000  0.13287313E+001  0.24789598E+001  0.40927987E+001  0.58211014E+001  0.92539617E+001
  0.19206568E+000  0.21789736E+000  0.35304898E+000  0.51540962E+000  0.85888413E+000  0.97800358E+000  0.13287317E+001  0.24789599E+001  0.40928180E+001  0.58211014E+001  0.92539670E+001
  0.19206568E+000  0.21789740E+000  0.35305256E+000  0.51540964E+000  0.85888413E+000  0.97800359E+000  0.13287321E+001  0.24789600E+001  0.40932237E+001  0.58211014E+001  0.92539727E+001
  0.19206568E+000  0.21789744E+000  0.35305619E+000  0.51540967E+000  0.85888413E+000  0.97800359E+000  0.13287325E+001  0.24789602E+001  0.40935374E+001  0.58211014E+001  0.92539788E+001
  0.19206568E+000  0.21789749E+000  0.35305985E+000  0.51540969E+000  0.85888413E+000  0.97800360E+000  0.13287329E+001  0.24789603E+001  0.40938567E+001  0.58211014E+001  0.92539854E+001
  0.19206568E+000  0.21789753E+000  0.35306354E+000  0.51540971E+000  0.85888413E+000  0.97800361E+000  0.13287333E+001  0.24789604E+001  0.40941817E+001  0.58211014E+001  0.92539923E+001
  0.19206568E+000  0.21789757E+000  0.35306727E+000  0.51540974E+000  0.85888413E+000  0.97800361E+000  0.13287337E+001  0.24789606E+001  0.40945126E+001  0.58211014E+001  0.92539998E+001
  0.19206568E+000  0.21789762E+000  0.35307103E+000  0.51540976E+000  0.85888413E+000  0.97800362E+000  0.13287341E+001  0.24789607E+001  0.40948493E+001  0.58211014E+001  0.92540077E+001
  0.19206568E+000  0.21789766E+000  0.35307481E+000  0.51540978E+000  0.85888413E+000  0.97800363E+000  0.13287346E+001  0.24789608E+001  0.40951920E+001  0.58211014E+001  0.92540162E+001
  0.19206568E+000  0.21789770E+000  0.35307862E+000  0.51540981E+000  0.85888413E+000  0.97800363E+000  0.13287350E+001  0.24789610E+001  0.40955091E+001  0.58211014E+001  0.92540252E+001
  0.19206568E+000  0.21789775E+000  0.35308244E+000  0.51540983E+000  0.85888413E+000  0.97800364E+000  0.13287354E+001  0.24789611E+001  0.40957567E+001  0.58211014E+001  0.92540347E+001
  0.19206568E+000  0.21789779E+000  0.35308627E+000  0.51540986E+000  0.85888413E+000  0.97800365E+000  0.13287359E+001  0.24789612E+001  0.40960086E+001  0.58211014E+001  0.92540449E+001
  0.19206568E+000  0.21789784E+000  0.35309011E+000  0.51540988E+000  0.85888413E+000  0.97800365E+000  0.13287363E+001  0.24789614E+001  0.40962646E+001  0.58211014E+001  0.92540556E+001
  0.19206568E+000  0.21789788E+000  0.35309396E+000  0.51540991E+000  0.85888413E+000  0.97800366E+000  0.13287368E+001  0.24789615E+001  0.40965248E+001  0.58211014E+001  0.92540670E+001
  0.19206568E+000  0.21789793E+000  0.35309781E+000  0.51540993E+000  0.85888413E+000  0.97800366E+000  0.13287372E+001  0.24789617E+001  0.40968880E+001  0.58211014E+001  0.92540791E+001
  0.19206568E+000  0.21789797E+000  0.35310165E+000  0.51540996E+000  0.85888413E+000  0.97800367E+000  0.13287377E+001  0.24789618E+001  0.40973369E+001  0.58211014E+001  0.92540918E+001
  0.19206568E+000  0.21789801E+000  0.35310549E+000  0.51540998E+000  0.85888413E+000  0.97800368E+000  0.13287381E+001  0.24789619E+001  0.40977925E+001  0.58211014E+001  0.92541052E+001
  0.19206568E+000  0.21789806E+000  0.35310932E+000  0.51541001E+000  0.85888413E+000  0.97800368E+000  0.13287386E+001  0.24789621E+001  0.40982544E+001  0.58211014E+001  0.92541194E+001
  0.19206568E+000  0.21789810E+000  0.35311313E+000  0.51541003E+000  0.85888413E+000  0.97800369E+000  0.13287390E+001  0.24789622E+001  0.40987227E+001  0.58211014E+001  0.92541343E+001
  0.19206568E+000  0.21789814E+000  0.35311693E+000  0.51541006E+000  0.85888413E+000  0.97800369E+000  0.13287395E+001  0.24789624E+001  0.40991969E+001  0.58211014E+001  0.92541500E+001
  0.19206568E+000  0.21789819E+000  0.35312070E+000  0.51541008E+000  0.85888413E+000  0.97800370E+000  0.13287400E+001  0.24789625E+001  0.40996769E+001  0.58211014E+001  0.92541664E+001
  0.19206568E+000  0.21789823E+000  0.35312444E+000  0.51541011E+000  0.85888413E+000  0.97800370E+000  0.13287404E+001  0.24789626E+001  0.41001625E+001  0.58211014E+001  0.92541837E+001
  0.19206568E+000  0.21789827E+000  0.35312816E+000  0.51541013E+000  0.85888413E+000  0.97800371E+000  0.13287409E+001  0.24789628E+001  0.41003625E+001  0.58211014E+001  0.92542018E+001
  0.19206568E+000  0.21789831E+000  0.35313184E+000  0.51541016E+000  0.85888413E+000  0.97800371E+000  0.13287413E+001  0.24789629E+001  0.41004389E+001  0.58211014E+001  0.92542160E+001
  0.19206568E+000  0.21789835E+000  0.35313548E+000  0.51541018E+000  0.85888413E+000  0.97800372E+000  0.13287418E+001  0.24789631E+001  0.41005160E+001  0.58211014E+001  0.92542220E+001
  0.19206568E+000  0.21789839E+000  0.35313909E+000  0.51541020E+000  0.85888413E+000  0.97800372E+000  0.13287422E+001  0.24789632E+001  0.41005937E+001  0.58211014E+001  0.92542282E+001
  0.19206568E+000  0.21789842E+000  0.35314265E+000  0.51541023E+000  0.85888413E+000  0.97800373E+000  0.13287427E+001  0.24789634E+001  0.41007105E+001  0.58211014E+001  0.92542348E+001
  0.19206568E+000  0.21789846E+000  0.35314616E+000  0.51541025E+000  0.85888413E+000  0.97800373E+000  0.13287431E+001  0.24789635E+001  0.41008343E+001  0.58211014E+001  0.92542416E+001
  0.19206568E+000  0.21789850E+000  0.35314962E+000  0.51541027E+000  0.85888413E+000  0.97800373E+000  0.13287435E+001  0.24789636E+001  0.41009588E+001  0.58211014E+001  0.92542487E+001
  0.19206568E+000  0.21789853E+000  0.35315303E+000  0.51541029E+000  0.85888413E+000  0.97800374E+000  0.13287440E+001  0.24789638E+001  0.41010841E+001  0.58211014E+001  0.92542560E+001
  0.19206568E+000  0.21789857E+000  0.35315639E+000  0.51541032E+000  0.85888413E+000  0.97800374E+000  0.13287444E+001  0.24789639E+001  0.41011342E+001  0.58211014E+001  0.92542636E+001
  0.19206568E+000  0.21789860E+000  0.35315968E+000  0.51541034E+000  0.85888413E+000  0.97800375E+000  0.13287448E+001  0.24789640E+001  0.41011359E+001  0.58211014E+001  0.92542715E+001
  0.19206568E+000  0.21789863E+000  0.35316292E+000  0.51541036E+000  0.85888413E+000  0.97800375E+000  0.13287452E+001  0.24789642E+001  0.41011376E+001  0.58211014E+001  0.92542797E+001
  0.19206568E+000  0.21789866E+000  0.35316610E+000  0.51541038E+000  0.85888413E+000  0.97800375E+000  0.13287457E+001  0.24789643E+001  0.41011393E+001  0.58211014E+001  0.92542881E+001
  0.19206568E+000  0.21789869E+000  0.35316921E+000  0.51541040E+000  0.85888413E+000  0.97800376E+000  0.13287461E+001  0.24789645E+001  0.41013118E+001  0.58211014E+001  0.92542969E+001
  0.19206568E+000  0.21789872E+000  0.35317225E+000  0.51541042E+000  0.85888413E+000  0.97800376E+000  0.13287465E+001  0.24789646E+001  0.41015315E+001  0.58211014E+001  0.92543058E+001
  0.19206568E+000  0.21789875E+000  0.35317523E+000  0.51541044E+000  0.85888413E+000  0.97800376E+000  0.13287469E+001  0.24789647E+001  0.41017514E+001  0.58211014E+001  0.92543151E+001
  0.19206568E+000  0.21789878E+000  0.35317814E+000  0.51541046E+000  0.85888413E+000  0.97800377E+000  0.13287473E+001  0.24789649E+001  0.41019712E+001  0.58211014E+001  0.92543246E+001
  0.19206568E+000  0.21789881E+000  0.35318098E+000  0.51541048E+000  0.85888413E+000  0.97800377E+000  0.13287476E+001  0.24789650E+001  0.41022347E+001  0.58211014E+001  0.92543344E+001
  0.19206568E+000  0.21789883E+000  0.35318375E+000  0.51541050E+000  0.85888413E+000  0.97800377E+000  0.13287480E+001  0.24789651E+001  0.41027028E+001  0.58211014E+001  0.92543444E+001
  0.19206568E+000  0.21789886E+000  0.35318645E+000  0.51541052E+000  0.85888413E+000  0.97800378E+000  0.13287484E+001  0.24789652E+001  0.41031698E+001  0.58211014E+001  0.92543546E+001
  0.19206568E+000  0.21789888E+000  0.35318908E+000  0.51541054E+000  0.85888413E+000  0.97800378E+000  0.13287487E+001  0.24789654E+001  0.41032513E+001  0.58211014E+001  0.92543651E+001
  0.19206568E+000  0.21789890E+000  0.35319163E+000  0.51541055E+000  0.85888413E+000  0.97800378E+000  0.13287491E+001  0.24789655E+001  0.41032777E+001  0.58211014E+001  0.92543759E+001
  0.19206568E+000  0.21789893E+000  0.35319411E+000  0.51541057E+000  0.85888413E+000  0.97800378E+000  0.13287494E+001  0.24789656E+001  0.41033039E+001  0.58211014E+001  0.92543868E+001
  0.19206568E+000  0.21789895E+000  0.35319652E+000  0.51541059E+000  0.85888413E+000  0.97800379E+000  0.13287498E+001  0.24789657E+001  0.41033299E+001  0.58211014E+001  0.92543980E+001
  0.19206568E+000  0.21789897E+000  0.35319886E+000  0.51541060E+000  0.85888413E+000  0.97800379E+000  0.13287501E+001  0.24789659E+001  0.41033559E+001  0.58211014E+001  0.92544094E+001
  0.19206568E+000  0.21789899E+000  0.35320113E+000  0.51541062E+000  0.85888413E+000  0.97800379E+000  0.13287504E+001  0.24789660E+001  0.41056046E+001  0.58211014E+001  0.92544209E+001
  0.19206568E+000  0.21789901E+000  0.35320193E+000  0.51541063E+000  0.85888413E+000  0.97800379E+000  0.13287508E+001  0.24789661E+001  0.41056084E+001  0.58211014E+001  0.92544327E+001
  0.19206568E+000  0.21789903E+000  0.35320214E+000  0.51541065E+000  0.85888413E+000  0.97800380E+000  0.13287511E+001  0.24789662E+001  0.41056123E+001  0.58211014E+001  0.92544446E+001
  0.19206568E+000  0.21789904E+000  0.35320235E+000  0.51541066E+000  0.85888413E+000  0.97800380E+000  0.13287514E+001  0.24789663E+001  0.41056161E+001  0.58211014E+001  0.92544567E+001
  0.19206568E+000  0.21789906E+000  0.35320255E+000  0.51541068E+000  0.85888413E+000  0.97800380E+000  0.13287517E+001  0.24789664E+001  0.41056199E+001  0.58211014E+001  0.92544689E+001
  0.19206568E+000  0.21789908E+000  0.35320275E+000  0.51541069E+000  0.85888413E+000  0.97800380E+000  0.13287520E+001  0.24789665E+001  0.41056237E+001  0.58211014E+001  0.92544813E+001
  0.19206568E+000  0.21789909E+000  0.35320293E+000  0.51541070E+000  0.85888413E+000  0.97800380E+000  0.13287523E+001  0.24789666E+001  0.41056274E+001  0.58211014E+001  0.92544938E+001
  0.19206568E+000  0.21789911E+000  0.35320312E+000  0.51541072E+000  0.85888413E+000  0.97800380E+000  0.13287525E+001  0.24789668E+001  0.41056311E+001  0.58211014E+001  0.92545065E+001
  0.19206568E+000  0.21789912E+000  0.35320329E+000  0.51541073E+000  0.85888413E+000  0.97800381E+000  0.13287528E+001  0.24789669E+001  0.41056347E+001  0.58211014E+001  0.92545192E+001
  0.19206568E+000  0.21789913E+000  0.35320346E+000  0.51541074E+000  0.85888413E+000  0.97800381E+000  0.13287531E+001  0.24789670E+001  0.41056383E+001  0.58211014E+001  0.92545320E+001
  0.19206568E+000  0.21789915E+000  0.35320362E+000  0.51541075E+000  0.85888413E+000  0.97800381E+000  0.13287533E+001  0.24789671E+001  0.41056418E+001  0.58211014E+001  0.92545449E+001
  0.19206568E+000  0.21789916E+000  0.35320377E+000  0.51541076E+000  0.85888413E+000  0.97800381E+000  0.13287536E+001  0.24789672E+001  0.41056453E+001  0.58211014E+001  0.92545579E+001
  0.19206568E+000  0.21789917E+000  0.35320392E+000  0.51541077E+000  0.85888413E+000  0.97800381E+000  0.13287538E+001  0.24789673E+001  0.41056488E+001  0.58211014E+001  0.92545709E+001
  0.19206568E+000  0.21789918E+000  0.35320407E+000  0.51541078E+000  0.85888413E+000  0.97800381E+000  0.13287540E+001  0.24789673E+001  0.41056522E+001  0.58211014E+001  0.92545840E+001
  0.19206568E+000  0.21789919E+000  0.35320420E+000  0.51541079E+000  0.85888413E+000  0.97800382E+000  0.13287543E+001  0.24789674E+001  0.41056555E+001  0.58211014E+001  0.92545971E+001
  0.19206568E+000  0.21789920E+000  0.35320434E+000  0.51541080E+000  0.85888413E+000  0.97800382E+000  0.13287545E+001  0.24789675E+001  0.41056588E+001  0.58211014E+001  0.92546102E+001
  0.19206568E+000  0.21789921E+000  0.35320446E+000  0.51541081E+000  0.85888413E+000  0.97800382E+000  0.13287547E+001  0.24789676E+001  0.41056621E+001  0.58211014E+001  0.92546233E+001
  0.19206568E+000  0.21789922E+000  0.35320458E+000  0.51541082E+000  0.85888413E+000  0.97800382E+000  0.13287549E+001  0.24789677E+001  0.41056884E+001  0.58211014E+001  0.92565722E+001
  0.19206568E+000  0.21789923E+000  0.35320470E+000  0.51541083E+000  0.85888413E+000  0.97800382E+000  0.13287551E+001  0.24789678E+001  0.41057421E+001  0.58211014E+001  0.92566020E+001
  0.19206568E+000  0.21789924E+000  0.35320481E+000  0.51541084E+000  0.85888413E+000  0.97800382E+000  0.13287553E+001  0.24789679E+001  0.41057950E+001  0.58211014E+001  0.92566317E+001
  0.19206568E+000  0.21789925E+000  0.35320492E+000  0.51541085E+000  0.85888413E+000  0.97800382E+000  0.13287555E+001  0.24789679E+001  0.41058469E+001  0.58211014E+001  0.92566613E+001
  0.19206568E+000  0.21789925E+000  0.35320502E+000  0.51541085E+000  0.85888413E+000  0.97800382E+000  0.13287556E+001  0.24789680E+001  0.41059405E+001  0.58211014E+001  0.92566908E+001
  0.19206568E+000  0.21789926E+000  0.35320512E+000  0.51541086E+000  0.85888413E+000  0.97800382E+000  0.13287558E+001  0.24789681E+001  0.41074885E+001  0.58211014E+001  0.92567202E+001
  0.19206568E+000  0.21789927E+000  0.35320521E+000  0.51541087E+000  0.85888413E+000  0.97800383E+000  0.13287560E+001  0.24789682E+001  0.41075036E+001  0.58211014E+001  0.92567494E+001
  0.19206568E+000  0.21789927E+000  0.35320530E+000  0.51541087E+000  0.85888413E+000  0.97800383E+000  0.13287561E+001  0.24789682E+001  0.41075183E+001  0.58211014E+001  0.92567784E+001
  0.19206568E+000  0.21789928E+000  0.35320539E+000  0.51541088E+000  0.85888413E+000  0.97800383E+000  0.13287563E+001  0.24789683E+001  0.41075328E+001  0.58211014E+001  0.92568073E+001
  0.19206568E+000  0.21789929E+000  0.35320547E+000  0.51541089E+000  0.85888413E+000  0.97800383E+000  0.13287565E+001  0.24789684E+001  0.41075469E+001  0.58211014E+001  0.92632820E+001
  0.19206568E+000  0.21789929E+000  0.35320554E+000  0.51541089E+000  0.85888413E+000  0.97800383E+000  0.13287566E+001  0.24789684E+001  0.41075608E+001  0.58211014E+001  0.92633096E+001
  0.19206568E+000  0.21789930E+000  0.35320562E+000  0.51541090E+000  0.85888413E+000  0.97800383E+000  0.13287567E+001  0.24789685E+001  0.41075743E+001  0.58211014E+001  0.92633370E+001
  0.19206568E+000  0.21789930E+000  0.35320569E+000  0.51541090E+000  0.85888413E+000  0.97800383E+000  0.13287569E+001  0.24789686E+001  0.41075875E+001  0.58211014E+001  0.92633640E+001
  0.19206568E+000  0.21789931E+000  0.35320576E+000  0.51541091E+000  0.85888413E+000  0.97800383E+000  0.13287570E+001  0.24789686E+001  0.41076005E+001  0.58211014E+001  0.92633908E+001
  0.19206568E+000  0.21789931E+000  0.35320582E+000  0.51541091E+000  0.85888413E+000  0.97800383E+000  0.13287571E+001  0.24789687E+001  0.41076131E+001  0.58211014E+001  0.92634172E+001
  0.19206568E+000  0.21789932E+000  0.35320588E+000  0.51541092E+000  0.85888413E+000  0.97800383E+000  0.13287572E+001  0.24789687E+001  0.41076254E+001  0.58211014E+001  0.92634434E+001
  0.19206568E+000  0.21789932E+000  0.35320594E+000  0.51541092E+000  0.85888413E+000  0.97800383E+000  0.13287574E+001  0.24789688E+001  0.41076374E+001  0.58211014E+001  0.92634692E+001
  0.19206568E+000  0.21789932E+000  0.35320599E+000  0.51541093E+000  0.85888413E+000  0.97800383E+000  0.13287575E+001  0.24789689E+001  0.41076492E+001  0.58211014E+001  0.92634946E+001
  0.19206568E+000  0.21789933E+000  0.35320605E+000  0.51541093E+000  0.85888413E+000  0.97800383E+000  0.13287576E+001  0.24789689E+001  0.41076606E+001  0.58211014E+001  0.92678422E+001
  0.19206568E+000  0.21789933E+000  0.35320610E+000  0.51541093E+000  0.85888413E+000  0.97800383E+000  0.13287577E+001  0.24789690E+001  0.41076717E+001  0.58211014E+001  0.92678510E+001
  0.19206568E+000  0.21789933E+000  0.35320615E+000  0.51541094E+000  0.85888413E+000  0.97800383E+000  0.13287578E+001  0.24789690E+001  0.41076825E+001  0.58211014E+001  0.92678597E+001
  0.19206568E+000  0.21789934E+000  0.35320619E+000  0.51541094E+000  0.85888413E+000  0.97800383E+000  0.13287579E+001  0.24789691E+001  0.41076931E+001  0.58211014E+001  0.92678682E+001
  0.19206568E+000  0.21789934E+000  0.35320623E+000  0.51541094E+000  0.85888413E+000  0.97800384E+000  0.13287580E+001  0.24789691E+001  0.41077034E+001  0.58211014E+001  0.92678765E+001
  0.19206568E+000  0.21789934E+000  0.35320627E+000  0.51541095E+000  0.85888413E+000  0.97800384E+000  0.13287581E+001  0.24789691E+001  0.41077133E+001  0.58211014E+001  0.92678848E+001
  0.19206568E+000  0.21789934E+000  0.35320631E+000  0.51541095E+000  0.85888413E+000  0.97800384E+000  0.13287581E+001  0.24789692E+001  0.41077231E+001  0.58211014E+001  0.92678928E+001
  0.19206568E+000  0.21789935E+000  0.35320635E+000  0.51541095E+000  0.85888413E+000  0.97800384E+000  0.13287582E+001  0.24789692E+001  0.41077325E+001  0.58211014E+001  0.92679008E+001
  0.19206568E+000  0.21789935E+000  0.35320639E+000  0.51541096E+000  0.85888413E+000  0.97800384E+000  0.13287583E+001  0.24789693E+001  0.41077416E+001  0.58211014E+001  0.92679086E+001
  0.19206568E+000  0.21789935E+000  0.35320642E+000  0.51541096E+000  0.85888413E+000  0.97800384E+000  0.13287584E+001  0.24789693E+001  0.41077505E+001  0.58211014E+001  0.92679162E+001
  0.19206568E+000  0.21789935E+000  0.35320645E+000  0.51541096E+000  0.85888413E+000  0.97800384E+000  0.13287584E+001  0.24789693E+001  0.41077592E+001  0.58211014E+001  0.92700589E+001
  0.19206568E+000  0.21789936E+000  0.35320648E+000  0.51541096E+000  0.85888413E+000  0.97800384E+000  0.13287585E+001  0.24789694E+001  0.41077675E+001  0.58211014E+001  0.92701970E+001
  0.19206568E+000  0.21789936E+000  0.35320651E+000  0.51541097E+000  0.85888413E+000  0.97800384E+000  0.13287586E+001  0.24789694E+001  0.41077757E+001  0.58211014E+001  0.92703322E+001
  0.19206568E+000  0.21789936E+000  0.35320654E+000  0.51541097E+000  0.85888413E+000  0.97800384E+000  0.13287586E+001  0.24789695E+001  0.41077835E+001  0.58211014E+001  0.92704644E+001
  0.19206568E+000  0.21789936E+000  0.35320656E+000  0.51541097E+000  0.85888413E+000  0.97800384E+000  0.13287587E+001  0.24789695E+001  0.41077911E+001  0.58211014E+001  0.92705937E+001
  0.19206568E+000  0.21789936E+000  0.35320659E+000  0.51541097E+000  0.85888413E+000  0.97800384E+000  0.13287588E+001  0.24789695E+001  0.41077985E+001  0.58211014E+001  0.92707200E+001
  0.19206568E+000  0.21789936E+000  0.35320661E+000  0.51541097E+000  0.85888413E+000  0.97800384E+000  0.13287588E+001  0.24789695E+001  0.41078057E+001  0.58211014E+001  0.92708434E+001
  0.19206568E+000  0.21789936E+000  0.35320663E+000  0.51541098E+000  0.85888413E+000  0.97800384E+000  0.13287589E+001  0.24789696E+001  0.41078126E+001  0.58211014E+001  0.92709638E+001
  0.19206568E+000  0.21789937E+000  0.35320665E+000  0.51541098E+000  0.85888413E+000  0.97800384E+000  0.13287589E+001  0.24789696E+001  0.41078193E+001  0.58211014E+001  0.92710813E+001
  0.19206568E+000  0.21789937E+000  0.35320667E+000  0.51541098E+000  0.85888413E+000  0.97800384E+000  0.13287590E+001  0.24789696E+001  0.41078258E+001  0.58211014E+001  0.92711959E+001
  0.19206568E+000  0.21789937E+000  0.35320669E+000  0.51541098E+000  0.85888413E+000  0.97800384E+000  0.13287590E+001  0.24789697E+001  0.41078320E+001  0.58211014E+001  0.92713076E+001
  0.19206568E+000  0.21789937E+000  0.35320671E+000  0.51541098E+000  0.85888413E+000  0.97800384E+000  0.13287590E+001  0.24789697E+001  0.41078381E+001  0.58211014E+001  0.92739250E+001
  0.19206568E+000  0.21789937E+000  0.35320673E+000  0.51541098E+000  0.85888413E+000  0.97800384E+000  0.13287591E+001  0.24789697E+001  0.41078439E+001  0.58211014E+001  0.92739408E+001
  0.19206568E+000  0.21789937E+000  0.35320674E+000  0.51541099E+000  0.85888413E+000  0.97800384E+000  0.13287591E+001  0.24789697E+001  0.41078496E+001  0.58211014E+001  0.92739561E+001
  0.19206568E+000  0.21789937E+000  0.35320676E+000  0.51541099E+000  0.85888413E+000  0.97800384E+000  0.13287592E+001  0.24789698E+001  0.41078550E+001  0.58211014E+001  0.92739710E+001
  0.19206568E+000  0.21789937E+000  0.35320677E+000  0.51541099E+000  0.85888413E+000  0.97800384E+000  0.13287592E+001  0.24789698E+001  0.41078603E+001  0.58211014E+001  0.92739854E+001
  0.19206568E+000  0.21789937E+000  0.35320679E+000  0.51541099E+000  0.85888413E+000  0.97800384E+000  0.13287592E+001  0.24789698E+001  0.41078654E+001  0.58211014E+001  0.92739995E+001
  0.19206568E+000  0.21789938E+000  0.35320680E+000  0.51541099E+000  0.85888413E+000  0.97800384E+000  0.13287593E+001  0.24789698E+001  0.41078702E+001  0.58211014E+001  0.92740132E+001
  0.19206568E+000  0.21789938E+000  0.35320681E+000  0.51541099E+000  0.85888413E+000  0.97800384E+000  0.13287593E+001  0.24789698E+001  0.41078750E+001  0.58211014E+001  0.92740265E+001
  0.19206568E+000  0.21789938E+000  0.35320682E+000  0.51541099E+000  0.85888413E+000  0.97800384E+000  0.13287593E+001  0.24789698E+001  0.41078795E+001  0.58211014E+001  0.92740394E+001
