  0.00000000E+000  0.00000000E+000  0.00000000E+000  0.00000000E+000  0.00000000E+000  0.93024706E-001  0.19239093E+001  0.12473972E+002  0.31254987E+002  0.78558083E+002  0.15879441E+003
  0.00000000E+000  0.00000000E+000  0.00000000E+000  0.00000000E+000  0.00000000E+000  0.93051942E-001  0.19239169E+001  0.12473992E+002  0.31255006E+002  0.78558072E+002  0.15879438E+003
  0.00000000E+000  0.00000000E+000  0.00000000E+000  0.00000000E+000  0.00000000E+000  0.93074180E-001  0.19239243E+001  0.12474011E+002  0.31255024E+002  0.78558058E+002  0.15879434E+003
  0.00000000E+000  0.00000000E+000  0.00000000E+000  0.00000000E+000  0.00000000E+000  0.93093282E-001  0.19239317E+001  0.12474031E+002  0.31255042E+002  0.78558044E+002  0.15879429E+003
  0.00000000E+000  0.00000000E+000  0.00000000E+000  0.00000000E+000  0.00000000E+000  0.93110183E-001  0.19239390E+001  0.12474050E+002  0.31255061E+002  0.78558031E+002  0.15879424E+003
  0.00000000E+000  0.00000000E+000  0.00000000E+000  0.00000000E+000  0.00000000E+000  0.93125389E-001  0.19239462E+001  0.12474070E+002  0.31255080E+002  0.78558019E+002  0.15879419E+003
  0.00000000E+000  0.00000000E+000  0.00000000E+000  0.00000000E+000  0.00000000E+000  0.93139205E-001  0.19239534E+001  0.12474090E+002  0.31255099E+002  0.78558009E+002  0.15879415E+003
  0.00000000E+000  0.00000000E+000  0.00000000E+000  0.00000000E+000  0.00000000E+000  0.93151836E-001  0.19239606E+001  0.12474111E+002  0.31255120E+002  0.78558000E+002  0.15879410E+003
  0.00000000E+000  0.00000000E+000  0.00000000E+000  0.00000000E+000  0.00000000E+000  0.93163438E-001  0.19239678E+001  0.12474132E+002  0.31255141E+002  0.78557992E+002  0.15879406E+003
  0.00000000E+000  0.00000000E+000  0.00000000E+000  0.00000000E+000  0.00000000E+000  0.93174142E-001  0.19239750E+001  0.12474153E+002  0.31255162E+002  0.78557985E+002  0.15879401E+003
  0.00000000E+000  0.00000000E+000  0.00000000E+000  0.00000000E+000  0.00000000E+000  0.93184054E-001  0.19239823E+001  0.12474175E+002  0.31255185E+002  0.78557979E+002  0.15879397E+003
  0.00000000E+000  0.00000000E+000  0.00000000E+000  0.00000000E+000  0.00000000E+000  0.93193267E-001  0.19239897E+001  0.12474197E+002  0.31255208E+002  0.78557974E+002  0.15879393E+003
  0.00000000E+000  0.00000000E+000  0.00000000E+000  0.00000000E+000  0.00000000E+000  0.93201861E-001  0.19239972E+001  0.12474221E+002  0.31255232E+002  0.78557970E+002  0.15879388E+003
  0.00000000E+000  0.00000000E+000  0.00000000E+000  0.00000000E+000  0.00000000E+000  0.93209901E-001  0.19240048E+001  0.12474244E+002  0.31255256E+002  0.78557967E+002  0.15879384E+003
  0.00000000E+000  0.00000000E+000  0.00000000E+000  0.00000000E+000  0.00000000E+000  0.93217446E-001  0.19240126E+001  0.12474268E+002  0.31255282E+002  0.78557965E+002  0.15879380E+003
  0.00000000E+000  0.00000000E+000  0.00000000E+000  0.00000000E+000  0.00000000E+000  0.93224542E-001  0.19240206E+001  0.12474293E+002  0.31255308E+002  0.78557963E+002  0.15879376E+003
  0.00000000E+000  0.00000000E+000  0.00000000E+000  0.00000000E+000  0.00000000E+000  0.93231234E-001  0.19240287E+001  0.12474319E+002  0.31255334E+002  0.78557963E+002  0.15879372E+003
  0.00000000E+000  0.00000000E+000  0.00000000E+000  0.00000000E+000  0.00000000E+000  0.93237560E-001  0.19240371E+001  0.12474346E+002  0.31255362E+002  0.78557963E+002  0.15879367E+003
  0.00000000E+000  0.00000000E+000  0.00000000E+000  0.00000000E+000  0.00000000E+000  0.93243555E-001  0.19240458E+001  0.12474373E+002  0.31255391E+002  0.78557963E+002  0.15879363E+003
  0.00000000E+000  0.00000000E+000  0.00000000E+000  0.00000000E+000  0.00000000E+000  0.93249251E-001  0.19240546E+001  0.12474401E+002  0.31255420E+002  0.78557965E+002  0.15879359E+003
  0.00000000E+000  0.00000000E+000  0.00000000E+000  0.00000000E+000  0.00000000E+000  0.93254677E-001  0.19240638E+001  0.12474430E+002  0.31255450E+002  0.78557967E+002  0.15879355E+003
  0.00000000E+000  0.00000000E+000  0.00000000E+000  0.00000000E+000  0.00000000E+000  0.93259861E-001  0.19240733E+001  0.12474460E+002  0.31255482E+002  0.78557970E+002  0.15879350E+003
  0.00000000E+000  0.00000000E+000  0.00000000E+000  0.00000000E+000  0.00000000E+000  0.93264830E-001  0.19240830E+001  0.12474491E+002  0.31255514E+002  0.78557973E+002  0.15879346E+003
  0.00000000E+000  0.00000000E+000  0.00000000E+000  0.00000000E+000  0.00000000E+000  0.93269606E-001  0.19240931E+001  0.12474523E+002  0.31255548E+002  0.78557977E+002  0.15879341E+003
  0.00000000E+000  0.00000000E+000  0.00000000E+000  0.00000000E+000  0.00000000E+000  0.93274213E-001  0.19241036E+001  0.12474556E+002  0.31255582E+002  0.78557982E+002  0.15879337E+003
  0.00000000E+000  0.00000000E+000  0.00000000E+000  0.00000000E+000  0.00000000E+000  0.93278672E-001  0.19241143E+001  0.12474590E+002  0.31255618E+002  0.78557988E+002  0.15879332E+003
  0.00000000E+000  0.00000000E+000  0.00000000E+000  0.00000000E+000  0.00000000E+000  0.93283001E-001  0.19241255E+001  0.12474626E+002  0.31255656E+002  0.78557995E+002  0.15879328E+003
  0.00000000E+000  0.00000000E+000  0.00000000E+000  0.00000000E+000  0.00000000E+000  0.93287219E-001  0.19241370E+001  0.12474663E+002  0.31255695E+002  0.78558002E+002  0.15879323E+003
  0.00000000E+000  0.00000000E+000  0.00000000E+000  0.00000000E+000  0.00000000E+000  0.93291340E-001  0.19241489E+001  0.12474701E+002  0.31255735E+002  0.78558011E+002  0.15879318E+003
  0.00000000E+000  0.00000000E+000  0.00000000E+000  0.00000000E+000  0.00000000E+000  0.93295379E-001  0.19241612E+001  0.12474741E+002  0.31255777E+002  0.78558020E+002  0.15879313E+003
  0.00000000E+000  0.00000000E+000  0.00000000E+000  0.00000000E+000  0.00000000E+000  0.93299350E-001  0.19241739E+001  0.12474783E+002  0.31255820E+002  0.78558031E+002  0.15879308E+003
  0.00000000E+000  0.00000000E+000  0.00000000E+000  0.00000000E+000  0.00000000E+000  0.93303263E-001  0.19241870E+001  0.12474827E+002  0.31255866E+002  0.78558042E+002  0.15879303E+003
  0.00000000E+000  0.00000000E+000  0.00000000E+000  0.00000000E+000  0.00000000E+000  0.93307128E-001  0.19242006E+001  0.12474872E+002  0.31255913E+002  0.78558055E+002  0.15879298E+003
  0.00000000E+000  0.00000000E+000  0.00000000E+000  0.00000000E+000  0.00000000E+000  0.93310954E-001  0.19242145E+001  0.12474919E+002  0.31255962E+002  0.78558069E+002  0.15879292E+003
  0.00000000E+000  0.00000000E+000  0.00000000E+000  0.00000000E+000  0.00000000E+000  0.93314749E-001  0.19242289E+001  0.12474969E+002  0.31256014E+002  0.78558084E+002  0.15879287E+003
  0.00000000E+000  0.00000000E+000  0.00000000E+000  0.00000000E+000  0.00000000E+000  0.93318519E-001  0.19242437E+001  0.12475021E+002  0.31256068E+002  0.78558100E+002  0.15879281E+003
  0.00000000E+000  0.00000000E+000  0.00000000E+000  0.00000000E+000  0.00000000E+000  0.93322269E-001  0.19242590E+001  0.12475074E+002  0.31256124E+002  0.78558118E+002  0.15879276E+003
  0.00000000E+000  0.00000000E+000  0.00000000E+000  0.00000000E+000  0.00000000E+000  0.93326004E-001  0.19242748E+001  0.12475131E+002  0.31256182E+002  0.78558138E+002  0.15879270E+003
  0.00000000E+000  0.00000000E+000  0.00000000E+000  0.00000000E+000  0.00000000E+000  0.93329729E-001  0.19242910E+001  0.12475190E+002  0.31256243E+002  0.78558159E+002  0.15879264E+003
  0.00000000E+000  0.00000000E+000  0.00000000E+000  0.00000000E+000  0.00000000E+000  0.93333447E-001  0.19243077E+001  0.12475252E+002  0.31256308E+002  0.78558182E+002  0.15879257E+003
  0.00000000E+000  0.00000000E+000  0.00000000E+000  0.00000000E+000  0.00000000E+000  0.93337161E-001  0.19243249E+001  0.12475316E+002  0.31256374E+002  0.78558207E+002  0.15879251E+003
  0.00000000E+000  0.00000000E+000  0.00000000E+000  0.00000000E+000  0.00000000E+000  0.93340876E-001  0.19243426E+001  0.12475384E+002  0.31256445E+002  0.78558234E+002  0.15879245E+003
  0.00000000E+000  0.00000000E+000  0.00000000E+000  0.00000000E+000  0.00000000E+000  0.93344594E-001  0.19243608E+001  0.12475454E+002  0.31256518E+002  0.78558263E+002  0.15879238E+003
  0.00000000E+000  0.00000000E+000  0.00000000E+000  0.00000000E+000  0.00000000E+000  0.93348318E-001  0.19243796E+001  0.12475528E+002  0.31256595E+002  0.78558294E+002  0.15879231E+003
  0.00000000E+000  0.00000000E+000  0.00000000E+000  0.00000000E+000  0.00000000E+000  0.93352053E-001  0.19243989E+001  0.12475606E+002  0.31256675E+002  0.78558327E+002  0.15879224E+003
  0.00000000E+000  0.00000000E+000  0.00000000E+000  0.00000000E+000  0.00000000E+000  0.93355803E-001  0.19244187E+001  0.12475687E+002  0.31256759E+002  0.78558364E+002  0.15879217E+003
  0.00000000E+000  0.00000000E+000  0.00000000E+000  0.00000000E+000  0.00000000E+000  0.93359571E-001  0.19244391E+001  0.12475771E+002  0.31256847E+002  0.78558403E+002  0.15879210E+003
  0.00000000E+000  0.00000000E+000  0.00000000E+000  0.00000000E+000  0.00000000E+000  0.93363362E-001  0.19244601E+001  0.12475860E+002  0.31256939E+002  0.78558445E+002  0.15879203E+003
  0.00000000E+000  0.00000000E+000  0.00000000E+000  0.00000000E+000  0.00000000E+000  0.93367182E-001  0.19244817E+001  0.12475952E+002  0.31257036E+002  0.78558490E+002  0.15879196E+003
  0.00000000E+000  0.00000000E+000  0.00000000E+000  0.00000000E+000  0.00000000E+000  0.93371035E-001  0.19245038E+001  0.12476049E+002  0.31257137E+002  0.78558538E+002  0.15879188E+003
  0.00000000E+000  0.00000000E+000  0.00000000E+000  0.00000000E+000  0.00000000E+000  0.93374927E-001  0.19245266E+001  0.12476150E+002  0.31257244E+002  0.78558590E+002  0.15879181E+003
  0.00000000E+000  0.00000000E+000  0.00000000E+000  0.00000000E+000  0.00000000E+000  0.93378863E-001  0.19245499E+001  0.12476255E+002  0.31257355E+002  0.78558646E+002  0.15879173E+003
  0.00000000E+000  0.00000000E+000  0.00000000E+000  0.00000000E+000  0.00000000E+000  0.93382848E-001  0.19245739E+001  0.12476364E+002  0.31257471E+002  0.78558706E+002  0.15879166E+003
  0.00000000E+000  0.00000000E+000  0.00000000E+000  0.00000000E+000  0.00000000E+000  0.93386887E-001  0.19245985E+001  0.12476478E+002  0.31257593E+002  0.78558770E+002  0.15879158E+003
  0.00000000E+000  0.00000000E+000  0.00000000E+000  0.00000000E+000  0.00000000E+000  0.93390984E-001  0.19246237E+001  0.12476597E+002  0.31257721E+002  0.78558840E+002  0.15879150E+003
  0.00000000E+000  0.00000000E+000  0.00000000E+000  0.00000000E+000  0.00000000E+000  0.93395143E-001  0.19246496E+001  0.12476720E+002  0.31257855E+002  0.78558914E+002  0.15879143E+003
  0.00000000E+000  0.00000000E+000  0.00000000E+000  0.00000000E+000  0.00000000E+000  0.93399367E-001  0.19246761E+001  0.12476848E+002  0.31257994E+002  0.78558993E+002  0.15879135E+003
  0.00000000E+000  0.00000000E+000  0.00000000E+000  0.00000000E+000  0.00000000E+000  0.93403657E-001  0.19247032E+001  0.12476981E+002  0.31258141E+002  0.78559078E+002  0.15879127E+003
  0.00000000E+000  0.00000000E+000  0.00000000E+000  0.00000000E+000  0.00000000E+000  0.93408016E-001  0.19247309E+001  0.12477118E+002  0.31258293E+002  0.78559170E+002  0.15879120E+003
  0.00000000E+000  0.00000000E+000  0.00000000E+000  0.00000000E+000  0.00000000E+000  0.93412443E-001  0.19247594E+001  0.12477261E+002  0.31258453E+002  0.78559267E+002  0.15879113E+003
  0.00000000E+000  0.00000000E+000  0.00000000E+000  0.00000000E+000  0.00000000E+000  0.93416937E-001  0.19247884E+001  0.12477408E+002  0.31258620E+002  0.78559372E+002  0.15879106E+003
  0.00000000E+000  0.00000000E+000  0.00000000E+000  0.00000000E+000  0.00000000E+000  0.93421497E-001  0.19248182E+001  0.12477560E+002  0.31258794E+002  0.78559484E+002  0.15879099E+003
  0.00000000E+000  0.00000000E+000  0.00000000E+000  0.00000000E+000  0.00000000E+000  0.93426119E-001  0.19248486E+001  0.12477717E+002  0.31258975E+002  0.78559604E+002  0.15879092E+003
  0.00000000E+000  0.00000000E+000  0.00000000E+000  0.00000000E+000  0.00000000E+000  0.93430801E-001  0.19248797E+001  0.12477879E+002  0.31259164E+002  0.78559732E+002  0.15879086E+003
  0.00000000E+000  0.00000000E+000  0.00000000E+000  0.00000000E+000  0.00000000E+000  0.93435536E-001  0.19249115E+001  0.12478046E+002  0.31259360E+002  0.78559870E+002  0.15879080E+003
  0.00000000E+000  0.00000000E+000  0.00000000E+000  0.00000000E+000  0.00000000E+000  0.93440321E-001  0.19249441E+001  0.12478217E+002  0.31259564E+002  0.78560016E+002  0.15879075E+003
  0.00000000E+000  0.00000000E+000  0.00000000E+000  0.00000000E+000  0.00000000E+000  0.93445148E-001  0.19249773E+001  0.12478394E+002  0.31259776E+002  0.78560172E+002  0.15879070E+003
  0.00000000E+000  0.00000000E+000  0.00000000E+000  0.00000000E+000  0.00000000E+000  0.93450012E-001  0.19250113E+001  0.12478575E+002  0.31259995E+002  0.78560339E+002  0.15879065E+003
  0.00000000E+000  0.00000000E+000  0.00000000E+000  0.00000000E+000  0.00000000E+000  0.93454905E-001  0.19250461E+001  0.12478761E+002  0.31260223E+002  0.78560517E+002  0.15879062E+003
  0.00000000E+000  0.00000000E+000  0.00000000E+000  0.00000000E+000  0.00000000E+000  0.93459820E-001  0.19250815E+001  0.12478951E+002  0.31260458E+002  0.78560706E+002  0.15879059E+003
  0.00000000E+000  0.00000000E+000  0.00000000E+000  0.00000000E+000  0.00000000E+000  0.93464749E-001  0.19251178E+001  0.12479147E+002  0.31260702E+002  0.78560907E+002  0.15879056E+003
  0.00000000E+000  0.00000000E+000  0.00000000E+000  0.00000000E+000  0.00000000E+000  0.93469686E-001  0.19251548E+001  0.12479346E+002  0.31260953E+002  0.78561120E+002  0.15879055E+003
  0.00000000E+000  0.00000000E+000  0.00000000E+000  0.00000000E+000  0.00000000E+000  0.93474623E-001  0.19251926E+001  0.12479551E+002  0.31261212E+002  0.78561347E+002  0.15879055E+003
  0.00000000E+000  0.00000000E+000  0.00000000E+000  0.00000000E+000  0.00000000E+000  0.93479552E-001  0.19252311E+001  0.12479759E+002  0.31261478E+002  0.78561587E+002  0.15879056E+003
  0.00000000E+000  0.00000000E+000  0.00000000E+000  0.00000000E+000  0.00000000E+000  0.93484466E-001  0.19252704E+001  0.12479972E+002  0.31261752E+002  0.78561840E+002  0.15879058E+003
  0.00000000E+000  0.00000000E+000  0.00000000E+000  0.00000000E+000  0.00000000E+000  0.93489358E-001  0.19253104E+001  0.12480189E+002  0.31262034E+002  0.78562108E+002  0.15879061E+003
  0.00000000E+000  0.00000000E+000  0.00000000E+000  0.00000000E+000  0.00000000E+000  0.93494223E-001  0.19253513E+001  0.12480410E+002  0.31262323E+002  0.78562391E+002  0.15879066E+003
  0.00000000E+000  0.00000000E+000  0.00000000E+000  0.00000000E+000  0.00000000E+000  0.93499053E-001  0.19253928E+001  0.12480634E+002  0.31262619E+002  0.78562688E+002  0.15879072E+003
  0.00000000E+000  0.00000000E+000  0.00000000E+000  0.00000000E+000  0.00000000E+000  0.93503843E-001  0.19254351E+001  0.12480863E+002  0.31262922E+002  0.78563001E+002  0.15879080E+003
  0.00000000E+000  0.00000000E+000  0.00000000E+000  0.00000000E+000  0.00000000E+000  0.93508588E-001  0.19254781E+001  0.12481095E+002  0.31263232E+002  0.78563329E+002  0.15879090E+003
  0.00000000E+000  0.00000000E+000  0.00000000E+000  0.00000000E+000  0.00000000E+000  0.93513282E-001  0.19255218E+001  0.12481330E+002  0.31263549E+002  0.78563674E+002  0.15879102E+003
  0.00000000E+000  0.00000000E+000  0.00000000E+000  0.00000000E+000  0.00000000E+000  0.93517921E-001  0.19255661E+001  0.12481569E+002  0.31263872E+002  0.78564034E+002  0.15879115E+003
  0.00000000E+000  0.00000000E+000  0.00000000E+000  0.00000000E+000  0.00000000E+000  0.93522501E-001  0.19256112E+001  0.12481811E+002  0.31264202E+002  0.78564411E+002  0.15879132E+003
  0.00000000E+000  0.00000000E+000  0.00000000E+000  0.00000000E+000  0.00000000E+000  0.93527018E-001  0.19256569E+001  0.12482056E+002  0.31264537E+002  0.78564804E+002  0.15879150E+003
  0.00000000E+000  0.00000000E+000  0.00000000E+000  0.00000000E+000  0.00000000E+000  0.93531467E-001  0.19257032E+001  0.12482303E+002  0.31264879E+002  0.78565214E+002  0.15879171E+003
  0.00000000E+000  0.00000000E+000  0.00000000E+000  0.00000000E+000  0.00000000E+000  0.93535847E-001  0.19257500E+001  0.12482553E+002  0.31265226E+002  0.78565641E+002  0.15879195E+003
  0.00000000E+000  0.00000000E+000  0.00000000E+000  0.00000000E+000  0.00000000E+000  0.93540154E-001  0.19257975E+001  0.12482806E+002  0.31265579E+002  0.78566084E+002  0.15879221E+003
  0.00000000E+000  0.00000000E+000  0.00000000E+000  0.00000000E+000  0.00000000E+000  0.93544385E-001  0.19258455E+001  0.12483060E+002  0.31265936E+002  0.78566545E+002  0.15879250E+003
  0.00000000E+000  0.00000000E+000  0.00000000E+000  0.00000000E+000  0.00000000E+000  0.93548538E-001  0.19258940E+001  0.12483317E+002  0.31266299E+002  0.78567022E+002  0.15879283E+003
  0.00000000E+000  0.00000000E+000  0.00000000E+000  0.00000000E+000  0.00000000E+000  0.93552611E-001  0.19259429E+001  0.12483576E+002  0.31266667E+002  0.78567516E+002  0.15879319E+003
  0.00000000E+000  0.00000000E+000  0.00000000E+000  0.00000000E+000  0.00000000E+000  0.93556601E-001  0.19259923E+001  0.12483836E+002  0.31267039E+002  0.78568027E+002  0.15879358E+003
  0.00000000E+000  0.00000000E+000  0.00000000E+000  0.00000000E+000  0.00000000E+000  0.93560508E-001  0.19260421E+001  0.12484098E+002  0.31267415E+002  0.78568555E+002  0.15879400E+003
  0.00000000E+000  0.00000000E+000  0.00000000E+000  0.00000000E+000  0.00000000E+000  0.93564328E-001  0.19260922E+001  0.12484361E+002  0.31267795E+002  0.78569100E+002  0.15879447E+003
  0.00000000E+000  0.00000000E+000  0.00000000E+000  0.00000000E+000  0.00000000E+000  0.93568062E-001  0.19261426E+001  0.12484626E+002  0.31268179E+002  0.78569661E+002  0.15879497E+003
  0.00000000E+000  0.00000000E+000  0.00000000E+000  0.00000000E+000  0.00000000E+000  0.93571708E-001  0.19261933E+001  0.12484891E+002  0.31268566E+002  0.78570239E+002  0.15879551E+003
  0.00000000E+000  0.00000000E+000  0.00000000E+000  0.00000000E+000  0.00000000E+000  0.93575264E-001  0.19262441E+001  0.12485157E+002  0.31268957E+002  0.78570833E+002  0.15879610E+003
  0.00000000E+000  0.00000000E+000  0.00000000E+000  0.00000000E+000  0.00000000E+000  0.93578731E-001  0.19262951E+001  0.12485424E+002  0.31269350E+002  0.78571444E+002  0.15879672E+003
  0.00000000E+000  0.00000000E+000  0.00000000E+000  0.00000000E+000  0.00000000E+000  0.93582107E-001  0.19263462E+001  0.12485691E+002  0.31269747E+002  0.78572071E+002  0.15879739E+003
  0.00000000E+000  0.00000000E+000  0.00000000E+000  0.00000000E+000  0.00000000E+000  0.93585392E-001  0.19263974E+001  0.12485959E+002  0.31270145E+002  0.78572713E+002  0.15879810E+003
  0.00000000E+000  0.00000000E+000  0.00000000E+000  0.00000000E+000  0.00000000E+000  0.93588585E-001  0.19264485E+001  0.12486227E+002  0.31270546E+002  0.78573371E+002  0.15879886E+003
  0.00000000E+000  0.00000000E+000  0.00000000E+000  0.00000000E+000  0.00000000E+000  0.93591687E-001  0.19264995E+001  0.12486494E+002  0.31270949E+002  0.78574045E+002  0.15879967E+003
  0.00000000E+000  0.00000000E+000  0.00000000E+000  0.00000000E+000  0.00000000E+000  0.93594698E-001  0.19265504E+001  0.12486761E+002  0.31271353E+002  0.78574733E+002  0.15880053E+003
  0.00000000E+000  0.00000000E+000  0.00000000E+000  0.00000000E+000  0.00000000E+000  0.93597618E-001  0.19266011E+001  0.12487028E+002  0.31271759E+002  0.78575436E+002  0.15880144E+003
  0.00000000E+000  0.00000000E+000  0.00000000E+000  0.00000000E+000  0.00000000E+000  0.93600447E-001  0.19266515E+001  0.12487294E+002  0.31272166E+002  0.78576153E+002  0.15880239E+003
  0.00000000E+000  0.00000000E+000  0.00000000E+000  0.00000000E+000  0.00000000E+000  0.93603186E-001  0.19267016E+001  0.12487560E+002  0.31272574E+002  0.78576884E+002  0.15880340E+003
  0.00000000E+000  0.00000000E+000  0.00000000E+000  0.00000000E+000  0.00000000E+000  0.93605836E-001  0.19267514E+001  0.12487824E+002  0.31272983E+002  0.78577629E+002  0.15880446E+003
  0.00000000E+000  0.00000000E+000  0.00000000E+000  0.00000000E+000  0.00000000E+000  0.93608397E-001  0.19268007E+001  0.12488087E+002  0.31273391E+002  0.78578387E+002  0.15880557E+003
  0.00000000E+000  0.00000000E+000  0.00000000E+000  0.00000000E+000  0.00000000E+000  0.93610870E-001  0.19268495E+001  0.12488349E+002  0.31273800E+002  0.78579157E+002  0.15880674E+003
  0.00000000E+000  0.00000000E+000  0.00000000E+000  0.00000000E+000  0.00000000E+000  0.93613256E-001  0.19268977E+001  0.12488610E+002  0.31274209E+002  0.78579940E+002  0.15880795E+003
  0.00000000E+000  0.00000000E+000  0.00000000E+000  0.00000000E+000  0.00000000E+000  0.93615557E-001  0.19269454E+001  0.12488869E+002  0.31274617E+002  0.78580734E+002  0.15880923E+003
  0.00000000E+000  0.00000000E+000  0.00000000E+000  0.00000000E+000  0.00000000E+000  0.93617774E-001  0.19269923E+001  0.12489126E+002  0.31275025E+002  0.78581540E+002  0.15881056E+003
  0.00000000E+000  0.00000000E+000  0.00000000E+000  0.00000000E+000  0.00000000E+000  0.93619909E-001  0.19270386E+001  0.12489381E+002  0.31275431E+002  0.78582356E+002  0.15881194E+003
  0.00000000E+000  0.00000000E+000  0.00000000E+000  0.00000000E+000  0.00000000E+000  0.93621962E-001  0.19270841E+001  0.12489634E+002  0.31275837E+002  0.78583182E+002  0.15881337E+003
  0.00000000E+000  0.00000000E+000  0.00000000E+000  0.00000000E+000  0.00000000E+000  0.93623936E-001  0.19271288E+001  0.12489885E+002  0.31276241E+002  0.78584018E+002  0.15881486E+003
  0.00000000E+000  0.00000000E+000  0.00000000E+000  0.00000000E+000  0.00000000E+000  0.93625831E-001  0.19271727E+001  0.12490133E+002  0.31276643E+002  0.78584862E+002  0.15881641E+003
  0.00000000E+000  0.00000000E+000  0.00000000E+000  0.00000000E+000  0.00000000E+000  0.93627651E-001  0.19272157E+001  0.12490379E+002  0.31277043E+002  0.78586101E+002  0.15881800E+003
  0.00000000E+000  0.00000000E+000  0.00000000E+000  0.00000000E+000  0.00000000E+000  0.93629396E-001  0.19272578E+001  0.12490622E+002  0.31277442E+002  0.78587610E+002  0.15881966E+003
  0.00000000E+000  0.00000000E+000  0.00000000E+000  0.00000000E+000  0.00000000E+000  0.93631068E-001  0.19272990E+001  0.12490862E+002  0.31277837E+002  0.78589131E+002  0.15882136E+003
  0.00000000E+000  0.00000000E+000  0.00000000E+000  0.00000000E+000  0.00000000E+000  0.93632670E-001  0.19273392E+001  0.12491100E+002  0.31278231E+002  0.78590664E+002  0.15882311E+003
  0.00000000E+000  0.00000000E+000  0.00000000E+000  0.00000000E+000  0.00000000E+000  0.93634203E-001  0.19273784E+001  0.12491334E+002  0.31278621E+002  0.78592207E+002  0.15882492E+003
  0.00000000E+000  0.00000000E+000  0.00000000E+000  0.00000000E+000  0.00000000E+000  0.93635669E-001  0.19274165E+001  0.12491566E+002  0.31279009E+002  0.78593759E+002  0.15882677E+003
  0.00000000E+000  0.00000000E+000  0.00000000E+000  0.00000000E+000  0.00000000E+000  0.93637070E-001  0.19274537E+001  0.12491794E+002  0.31279393E+002  0.78595318E+002  0.15882868E+003
  0.00000000E+000  0.00000000E+000  0.00000000E+000  0.00000000E+000  0.00000000E+000  0.93638408E-001  0.19274898E+001  0.12492018E+002  0.31279774E+002  0.78596885E+002  0.15883063E+003
  0.00000000E+000  0.00000000E+000  0.00000000E+000  0.00000000E+000  0.00000000E+000  0.93639685E-001  0.19275249E+001  0.12492240E+002  0.31280151E+002  0.78598456E+002  0.15883263E+003
  0.00000000E+000  0.00000000E+000  0.00000000E+000  0.00000000E+000  0.00000000E+000  0.93640904E-001  0.19275589E+001  0.12492458E+002  0.31280524E+002  0.78600032E+002  0.15883467E+003
  0.00000000E+000  0.00000000E+000  0.00000000E+000  0.00000000E+000  0.00000000E+000  0.93642065E-001  0.19275918E+001  0.12492672E+002  0.31280894E+002  0.78601611E+002  0.15883675E+003
  0.00000000E+000  0.00000000E+000  0.00000000E+000  0.00000000E+000  0.00000000E+000  0.93643171E-001  0.19276237E+001  0.12492882E+002  0.31281259E+002  0.78603192E+002  0.15883888E+003
  0.00000000E+000  0.00000000E+000  0.00000000E+000  0.00000000E+000  0.00000000E+000  0.93644224E-001  0.19276546E+001  0.12493089E+002  0.31281620E+002  0.78604774E+002  0.15884105E+003
  0.00000000E+000  0.00000000E+000  0.00000000E+000  0.00000000E+000  0.00000000E+000  0.93645225E-001  0.19276844E+001  0.12493292E+002  0.31281977E+002  0.78606356E+002  0.15884325E+003
  0.00000000E+000  0.00000000E+000  0.00000000E+000  0.00000000E+000  0.00000000E+000  0.93646178E-001  0.19277131E+001  0.12493491E+002  0.31282328E+002  0.78607936E+002  0.15884549E+003
  0.00000000E+000  0.00000000E+000  0.00000000E+000  0.00000000E+000  0.00000000E+000  0.93647083E-001  0.19277408E+001  0.12493685E+002  0.31282676E+002  0.78609513E+002  0.15884776E+003
  0.00000000E+000  0.00000000E+000  0.00000000E+000  0.00000000E+000  0.00000000E+000  0.93647942E-001  0.19277675E+001  0.12493876E+002  0.31283018E+002  0.78611087E+002  0.15885007E+003
  0.00000000E+000  0.00000000E+000  0.00000000E+000  0.00000000E+000  0.00000000E+000  0.93648758E-001  0.19277932E+001  0.12494063E+002  0.31283355E+002  0.78612655E+002  0.15885240E+003
  0.00000000E+000  0.00000000E+000  0.00000000E+000  0.00000000E+000  0.00000000E+000  0.93649531E-001  0.19278179E+001  0.12494246E+002  0.31283687E+002  0.78614218E+002  0.15885477E+003
  0.00000000E+000  0.00000000E+000  0.00000000E+000  0.00000000E+000  0.00000000E+000  0.93650265E-001  0.19278416E+001  0.12494425E+002  0.31284014E+002  0.78615774E+002  0.15885715E+003
  0.00000000E+000  0.00000000E+000  0.00000000E+000  0.00000000E+000  0.00000000E+000  0.93650959E-001  0.19278644E+001  0.12494600E+002  0.31284336E+002  0.78617322E+002  0.15885957E+003
  0.00000000E+000  0.00000000E+000  0.00000000E+000  0.00000000E+000  0.00000000E+000  0.93651617E-001  0.19278863E+001  0.12494770E+002  0.31284652E+002  0.78618861E+002  0.15886200E+003
  0.00000000E+000  0.00000000E+000  0.00000000E+000  0.00000000E+000  0.00000000E+000  0.93652240E-001  0.19279072E+001  0.12494937E+002  0.31284963E+002  0.78620390E+002  0.15886445E+003
  0.00000000E+000  0.00000000E+000  0.00000000E+000  0.00000000E+000  0.00000000E+000  0.93652829E-001  0.19279273E+001  0.12495099E+002  0.31285268E+002  0.78621907E+002  0.15886692E+003
  0.00000000E+000  0.00000000E+000  0.00000000E+000  0.00000000E+000  0.00000000E+000  0.93653386E-001  0.19279465E+001  0.12495257E+002  0.31285567E+002  0.78623414E+002  0.15886940E+003
  0.00000000E+000  0.00000000E+000  0.00000000E+000  0.00000000E+000  0.00000000E+000  0.93653912E-001  0.19279648E+001  0.12495411E+002  0.31285861E+002  0.78624907E+002  0.15887189E+003
  0.00000000E+000  0.00000000E+000  0.00000000E+000  0.00000000E+000  0.00000000E+000  0.93654409E-001  0.19279824E+001  0.12495561E+002  0.31286149E+002  0.78626387E+002  0.15887440E+003
  0.00000000E+000  0.00000000E+000  0.00000000E+000  0.00000000E+000  0.00000000E+000  0.93654879E-001  0.19279992E+001  0.12495707E+002  0.31286431E+002  0.78627852E+002  0.15887691E+003
  0.00000000E+000  0.00000000E+000  0.00000000E+000  0.00000000E+000  0.00000000E+000  0.93655321E-001  0.19280152E+001  0.12495849E+002  0.31286708E+002  0.78629303E+002  0.15887942E+003
  0.00000000E+000  0.00000000E+000  0.00000000E+000  0.00000000E+000  0.00000000E+000  0.93655739E-001  0.19280305E+001  0.12495987E+002  0.31286978E+002  0.78630737E+002  0.15888194E+003
  0.00000000E+000  0.00000000E+000  0.00000000E+000  0.00000000E+000  0.00000000E+000  0.93656133E-001  0.19280450E+001  0.12496121E+002  0.31287243E+002  0.78632155E+002  0.15888446E+003
  0.00000000E+000  0.00000000E+000  0.00000000E+000  0.00000000E+000  0.00000000E+000  0.93656503E-001  0.19280589E+001  0.12496251E+002  0.31287502E+002  0.78633556E+002  0.15888698E+003
  0.00000000E+000  0.00000000E+000  0.00000000E+000  0.00000000E+000  0.00000000E+000  0.93656853E-001  0.19280721E+001  0.12496377E+002  0.31287755E+002  0.78634939E+002  0.15888949E+003
  0.00000000E+000  0.00000000E+000  0.00000000E+000  0.00000000E+000  0.00000000E+000  0.93657182E-001  0.19280847E+001  0.12496499E+002  0.31288002E+002  0.78636303E+002  0.15889200E+003
  0.00000000E+000  0.00000000E+000  0.00000000E+000  0.00000000E+000  0.00000000E+000  0.93657491E-001  0.19280967E+001  0.12496617E+002  0.31288244E+002  0.78637649E+002  0.15889449E+003
  0.00000000E+000  0.00000000E+000  0.00000000E+000  0.00000000E+000  0.00000000E+000  0.93657783E-001  0.19281081E+001  0.12496732E+002  0.31288479E+002  0.78638975E+002  0.15889698E+003
  0.00000000E+000  0.00000000E+000  0.00000000E+000  0.00000000E+000  0.00000000E+000  0.93658056E-001  0.19281189E+001  0.12496843E+002  0.31288709E+002  0.78640281E+002  0.15889946E+003
  0.00000000E+000  0.00000000E+000  0.00000000E+000  0.00000000E+000  0.00000000E+000  0.93658314E-001  0.19281292E+001  0.12496950E+002  0.31288933E+002  0.78641566E+002  0.15890193E+003
  0.00000000E+000  0.00000000E+000  0.00000000E+000  0.00000000E+000  0.00000000E+000  0.93658556E-001  0.19281390E+001  0.12497054E+002  0.31289151E+002  0.78642831E+002  0.15890437E+003
  0.00000000E+000  0.00000000E+000  0.00000000E+000  0.00000000E+000  0.00000000E+000  0.93658783E-001  0.19281483E+001  0.12497154E+002  0.31289364E+002  0.78644075E+002  0.15890681E+003
  0.00000000E+000  0.00000000E+000  0.00000000E+000  0.00000000E+000  0.00000000E+000  0.93658996E-001  0.19281571E+001  0.12497251E+002  0.31289571E+002  0.78645297E+002  0.15890922E+003
  0.00000000E+000  0.00000000E+000  0.00000000E+000  0.00000000E+000  0.00000000E+000  0.93659196E-001  0.19281654E+001  0.12497345E+002  0.31289772E+002  0.78646497E+002  0.15891161E+003
  0.00000000E+000  0.00000000E+000  0.00000000E+000  0.00000000E+000  0.00000000E+000  0.93659384E-001  0.19281733E+001  0.12497435E+002  0.31289968E+002  0.78647676E+002  0.15891398E+003
  0.00000000E+000  0.00000000E+000  0.00000000E+000  0.00000000E+000  0.00000000E+000  0.93659560E-001  0.19281809E+001  0.12497522E+002  0.31290159E+002  0.78648832E+002  0.15891633E+003
  0.00000000E+000  0.00000000E+000  0.00000000E+000  0.00000000E+000  0.00000000E+000  0.93659726E-001  0.19281880E+001  0.12497606E+002  0.31290344E+002  0.78649966E+002  0.15891865E+003
  0.00000000E+000  0.00000000E+000  0.00000000E+000  0.00000000E+000  0.00000000E+000  0.93659881E-001  0.19281947E+001  0.12497687E+002  0.31290523E+002  0.78651077E+002  0.15892094E+003
  0.00000000E+000  0.00000000E+000  0.00000000E+000  0.00000000E+000  0.00000000E+000  0.93660026E-001  0.19282011E+001  0.12497765E+002  0.31290698E+002  0.78652165E+002  0.15892321E+003
  0.00000000E+000  0.00000000E+000  0.00000000E+000  0.00000000E+000  0.00000000E+000  0.93660162E-001  0.19282071E+001  0.12497840E+002  0.31290867E+002  0.78653231E+002  0.15892545E+003
  0.00000000E+000  0.00000000E+000  0.00000000E+000  0.00000000E+000  0.00000000E+000  0.93660289E-001  0.19282129E+001  0.12497912E+002  0.31291031E+002  0.78654274E+002  0.15892766E+003
  0.00000000E+000  0.00000000E+000  0.00000000E+000  0.00000000E+000  0.00000000E+000  0.93660409E-001  0.19282183E+001  0.12497981E+002  0.31291191E+002  0.78655294E+002  0.15892984E+003
  0.00000000E+000  0.00000000E+000  0.00000000E+000  0.00000000E+000  0.00000000E+000  0.93660521E-001  0.19282234E+001  0.12498048E+002  0.31291345E+002  0.78656291E+002  0.15893198E+003
  0.00000000E+000  0.00000000E+000  0.00000000E+000  0.00000000E+000  0.00000000E+000  0.93660625E-001  0.19282283E+001  0.12498112E+002  0.31291494E+002  0.78657265E+002  0.15893410E+003
  0.00000000E+000  0.00000000E+000  0.00000000E+000  0.00000000E+000  0.00000000E+000  0.93660723E-001  0.19282328E+001  0.12498174E+002  0.31291639E+002  0.78658217E+002  0.15893618E+003
  0.00000000E+000  0.00000000E+000  0.00000000E+000  0.00000000E+000  0.00000000E+000  0.93660815E-001  0.19282372E+001  0.12498233E+002  0.31291779E+002  0.78659146E+002  0.15893822E+003
  0.00000000E+000  0.00000000E+000  0.00000000E+000  0.00000000E+000  0.00000000E+000  0.93660900E-001  0.19282413E+001  0.12498290E+002  0.31291915E+002  0.78660052E+002  0.15894024E+003
  0.00000000E+000  0.00000000E+000  0.00000000E+000  0.00000000E+000  0.00000000E+000  0.93660981E-001  0.19282451E+001  0.12498345E+002  0.31292046E+002  0.78660936E+002  0.15894221E+003
  0.00000000E+000  0.00000000E+000  0.00000000E+000  0.00000000E+000  0.00000000E+000  0.93661056E-001  0.19282488E+001  0.12498397E+002  0.31292172E+002  0.78661797E+002  0.15894415E+003
  0.00000000E+000  0.00000000E+000  0.00000000E+000  0.00000000E+000  0.00000000E+000  0.93661126E-001  0.19282522E+001  0.12498448E+002  0.31292295E+002  0.78662637E+002  0.15894606E+003
  0.00000000E+000  0.00000000E+000  0.00000000E+000  0.00000000E+000  0.00000000E+000  0.93661191E-001  0.19282555E+001  0.12498496E+002  0.31292413E+002  0.78663455E+002  0.15894792E+003
  0.00000000E+000  0.00000000E+000  0.00000000E+000  0.00000000E+000  0.00000000E+000  0.93661252E-001  0.19282586E+001  0.12498542E+002  0.31292527E+002  0.78664251E+002  0.15894976E+003
  0.00000000E+000  0.00000000E+000  0.00000000E+000  0.00000000E+000  0.00000000E+000  0.93661310E-001  0.19282615E+001  0.12498586E+002  0.31292637E+002  0.78665025E+002  0.15895155E+003
  0.00000000E+000  0.00000000E+000  0.00000000E+000  0.00000000E+000  0.00000000E+000  0.93661363E-001  0.19282642E+001  0.12498629E+002  0.31292744E+002  0.78665778E+002  0.15895331E+003
  0.00000000E+000  0.00000000E+000  0.00000000E+000  0.00000000E+000  0.00000000E+000  0.93661413E-001  0.19282668E+001  0.12498669E+002  0.31292846E+002  0.78666511E+002  0.15895502E+003
  0.00000000E+000  0.00000000E+000  0.00000000E+000  0.00000000E+000  0.00000000E+000  0.93661460E-001  0.19282693E+001  0.12498708E+002  0.31292945E+002  0.78667222E+002  0.15895670E+003
  0.00000000E+000  0.00000000E+000  0.00000000E+000  0.00000000E+000  0.00000000E+000  0.93661503E-001  0.19282716E+001  0.12498745E+002  0.31293041E+002  0.78667914E+002  0.15895835E+003
  0.00000000E+000  0.00000000E+000  0.00000000E+000  0.00000000E+000  0.00000000E+000  0.93661544E-001  0.19282738E+001  0.12498781E+002  0.31293132E+002  0.78668585E+002  0.15895995E+003
  0.00000000E+000  0.00000000E+000  0.00000000E+000  0.00000000E+000  0.00000000E+000  0.93661582E-001  0.19282758E+001  0.12498815E+002  0.31293221E+002  0.78669236E+002  0.15896152E+003
  0.00000000E+000  0.00000000E+000  0.00000000E+000  0.00000000E+000  0.00000000E+000  0.93661618E-001  0.19282778E+001  0.12498848E+002  0.31293306E+002  0.78669868E+002  0.15896305E+003
  0.00000000E+000  0.00000000E+000  0.00000000E+000  0.00000000E+000  0.00000000E+000  0.93661651E-001  0.19282796E+001  0.12498879E+002  0.31293388E+002  0.78670481E+002  0.15896454E+003
  0.00000000E+000  0.00000000E+000  0.00000000E+000  0.00000000E+000  0.00000000E+000  0.93661682E-001  0.19282813E+001  0.12498909E+002  0.31293467E+002  0.78671075E+002  0.15896600E+003
  0.00000000E+000  0.00000000E+000  0.00000000E+000  0.00000000E+000  0.00000000E+000  0.93661711E-001  0.19282829E+001  0.12498937E+002  0.31293543E+002  0.78671650E+002  0.15896742E+003
  0.00000000E+000  0.00000000E+000  0.00000000E+000  0.00000000E+000  0.00000000E+000  0.93661738E-001  0.19282845E+001  0.12498964E+002  0.31293616E+002  0.78672208E+002  0.15896880E+003
  0.00000000E+000  0.00000000E+000  0.00000000E+000  0.00000000E+000  0.00000000E+000  0.93661763E-001  0.19282859E+001  0.12498990E+002  0.31293686E+002  0.78672748E+002  0.15897015E+003
  0.00000000E+000  0.00000000E+000  0.00000000E+000  0.00000000E+000  0.00000000E+000  0.93661787E-001  0.19282873E+001  0.12499015E+002  0.31293753E+002  0.78673270E+002  0.15897146E+003
  0.00000000E+000  0.00000000E+000  0.00000000E+000  0.00000000E+000  0.00000000E+000  0.93661809E-001  0.19282886E+001  0.12499039E+002  0.31293818E+002  0.78673776E+002  0.15897273E+003
  0.00000000E+000  0.00000000E+000  0.00000000E+000  0.00000000E+000  0.00000000E+000  0.93661829E-001  0.19282898E+001  0.12499061E+002  0.31293880E+002  0.78674265E+002  0.15897397E+003
  0.00000000E+000  0.00000000E+000  0.00000000E+000  0.00000000E+000  0.00000000E+000  0.93661848E-001  0.19282909E+001  0.12499083E+002  0.31293940E+002  0.78674737E+002  0.15897518E+003
  0.00000000E+000  0.00000000E+000  0.00000000E+000  0.00000000E+000  0.00000000E+000  0.93661866E-001  0.19282920E+001  0.12499103E+002  0.31293997E+002  0.78675194E+002  0.15897635E+003
  0.00000000E+000  0.00000000E+000  0.00000000E+000  0.00000000E+000  0.00000000E+000  0.93661883E-001  0.19282930E+001  0.12499123E+002  0.31294052E+002  0.78675635E+002  0.15897748E+003
  0.00000000E+000  0.00000000E+000  0.00000000E+000  0.00000000E+000  0.00000000E+000  0.93661899E-001  0.19282940E+001  0.12499142E+002  0.31294105E+002  0.78676061E+002  0.15897859E+003
  0.00000000E+000  0.00000000E+000  0.00000000E+000  0.00000000E+000  0.00000000E+000  0.93661913E-001  0.19282949E+001  0.12499160E+002  0.31294156E+002  0.78676472E+002  0.15897966E+003
  0.00000000E+000  0.00000000E+000  0.00000000E+000  0.00000000E+000  0.00000000E+000  0.93661927E-001  0.19282957E+001  0.12499177E+002  0.31294204E+002  0.78676869E+002  0.15898070E+003
  0.00000000E+000  0.00000000E+000  0.00000000E+000  0.00000000E+000  0.00000000E+000  0.93661940E-001  0.19282965E+001  0.12499193E+002  0.31294251E+002  0.78677252E+002  0.15898170E+003
  0.00000000E+000  0.00000000E+000  0.00000000E+000  0.00000000E+000  0.00000000E+000  0.93661952E-001  0.19282973E+001  0.12499208E+002  0.31294295E+002  0.78677621E+002  0.15898268E+003
  0.00000000E+000  0.00000000E+000  0.00000000E+000  0.00000000E+000  0.00000000E+000  0.93661963E-001  0.19282980E+001  0.12499223E+002  0.31294338E+002  0.78677977E+002  0.15898362E+003
