 -0.57432092E+000 -0.43190780E+000 -0.11426195E+000 -0.56729871E-002 -0.39447190E-002 -0.10642722E-002  0.10817903E-002  0.96014761E+000  0.25658122E+001  0.51504776E+001  0.73807482E+001
 -0.57432537E+000 -0.43191429E+000 -0.11427341E+000 -0.56730854E-002 -0.39451465E-002 -0.10652482E-002  0.10815494E-002  0.96017399E+000  0.25658424E+001  0.51505252E+001  0.73807997E+001
 -0.57433024E+000 -0.43192130E+000 -0.11428189E+000 -0.56731128E-002 -0.39452430E-002 -0.10654601E-002  0.10814917E-002  0.96019784E+000  0.25658719E+001  0.51505736E+001  0.73808522E+001
 -0.57433497E+000 -0.43192793E+000 -0.11428831E+000 -0.56731252E-002 -0.39452723E-002 -0.10655176E-002  0.10814784E-002  0.96021943E+000  0.25658999E+001  0.51506214E+001  0.73809045E+001
 -0.57433915E+000 -0.43193379E+000 -0.11429346E+000 -0.56731332E-002 -0.39452839E-002 -0.10655350E-002  0.10814776E-002  0.96023923E+000  0.25659259E+001  0.51506676E+001  0.73809556E+001
 -0.57434263E+000 -0.43193876E+000 -0.11429777E+000 -0.56731394E-002 -0.39452895E-002 -0.10655396E-002  0.10814809E-002  0.96025758E+000  0.25659500E+001  0.51507118E+001  0.73810050E+001
 -0.57434540E+000 -0.43194289E+000 -0.11430146E+000 -0.56731446E-002 -0.39452926E-002 -0.10655393E-002  0.10814857E-002  0.96027465E+000  0.25659723E+001  0.51507535E+001  0.73810521E+001
 -0.57434753E+000 -0.43194627E+000 -0.11430466E+000 -0.56731491E-002 -0.39452944E-002 -0.10655367E-002  0.10814911E-002  0.96029054E+000  0.25659929E+001  0.51507925E+001  0.73810968E+001
 -0.57434914E+000 -0.43194901E+000 -0.11430744E+000 -0.56731529E-002 -0.39452954E-002 -0.10655329E-002  0.10814968E-002  0.96030533E+000  0.25660120E+001  0.51508290E+001  0.73811388E+001
 -0.57435032E+000 -0.43195122E+000 -0.11430986E+000 -0.56731563E-002 -0.39452959E-002 -0.10655284E-002  0.10815026E-002  0.96031907E+000  0.25660297E+001  0.51508629E+001  0.73811783E+001
 -0.57435118E+000 -0.43195299E+000 -0.11431196E+000 -0.56731592E-002 -0.39452959E-002 -0.10655236E-002  0.10815083E-002  0.96033184E+000  0.25660462E+001  0.51508945E+001  0.73812151E+001
 -0.57435178E+000 -0.43195438E+000 -0.11431377E+000 -0.56731617E-002 -0.39452956E-002 -0.10655186E-002  0.10815139E-002  0.96034371E+000  0.25660616E+001  0.51509238E+001  0.73812493E+001
 -0.57435220E+000 -0.43195547E+000 -0.11431533E+000 -0.56731639E-002 -0.39452950E-002 -0.10655134E-002  0.10815194E-002  0.96035473E+000  0.25660759E+001  0.51509510E+001  0.73812811E+001
 -0.57435248E+000 -0.43195632E+000 -0.11431666E+000 -0.56731657E-002 -0.39452942E-002 -0.10655082E-002  0.10815247E-002  0.96036498E+000  0.25660892E+001  0.51509763E+001  0.73813106E+001
 -0.57435266E+000 -0.43195697E+000 -0.11431779E+000 -0.56731673E-002 -0.39452932E-002 -0.10655031E-002  0.10815299E-002  0.96037451E+000  0.25661016E+001  0.51509997E+001  0.73813378E+001
 -0.57435277E+000 -0.43195746E+000 -0.11431873E+000 -0.56731685E-002 -0.39452921E-002 -0.10654980E-002  0.10815348E-002  0.96038337E+000  0.25661131E+001  0.51510214E+001  0.73813630E+001
 -0.57435282E+000 -0.43195782E+000 -0.11431952E+000 -0.56731696E-002 -0.39452909E-002 -0.10654929E-002  0.10815396E-002  0.96039161E+000  0.25661238E+001  0.51510415E+001  0.73813861E+001
 -0.57435283E+000 -0.43195808E+000 -0.11432017E+000 -0.56731704E-002 -0.39452895E-002 -0.10654880E-002  0.10815441E-002  0.96039928E+000  0.25661338E+001  0.51510601E+001  0.73814074E+001
 -0.57435282E+000 -0.43195826E+000 -0.11432070E+000 -0.56731711E-002 -0.39452881E-002 -0.10654832E-002  0.10815484E-002  0.96040642E+000  0.25661431E+001  0.51510773E+001  0.73814269E+001
 -0.57435278E+000 -0.43195837E+000 -0.11432113E+000 -0.56731716E-002 -0.39452867E-002 -0.10654785E-002  0.10815525E-002  0.96041304E+000  0.25661516E+001  0.51510931E+001  0.73814446E+001
 -0.57435273E+000 -0.43195843E+000 -0.11432147E+000 -0.56731719E-002 -0.39452852E-002 -0.10654739E-002  0.10815563E-002  0.96041919E+000  0.25661596E+001  0.51511077E+001  0.73814608E+001
 -0.57435267E+000 -0.43195846E+000 -0.11432173E+000 -0.56731721E-002 -0.39452836E-002 -0.10654694E-002  0.10815600E-002  0.96042489E+000  0.25661669E+001  0.51511210E+001  0.73814755E+001
 -0.57435260E+000 -0.43195845E+000 -0.11432192E+000 -0.56731722E-002 -0.39452821E-002 -0.10654651E-002  0.10815634E-002  0.96043015E+000  0.25661736E+001  0.51511331E+001  0.73814887E+001
 -0.57435252E+000 -0.43195841E+000 -0.11432206E+000 -0.56731722E-002 -0.39452805E-002 -0.10654608E-002  0.10815667E-002  0.96043499E+000  0.25661798E+001  0.51511441E+001  0.73815005E+001
 -0.57435245E+000 -0.43195836E+000 -0.11432216E+000 -0.56731722E-002 -0.39452789E-002 -0.10654567E-002  0.10815697E-002  0.96043942E+000  0.25661854E+001  0.51511541E+001  0.73815110E+001
 -0.57435237E+000 -0.43195829E+000 -0.11432221E+000 -0.56731720E-002 -0.39452773E-002 -0.10654528E-002  0.10815726E-002  0.96044346E+000  0.25661905E+001  0.51511629E+001  0.73815202E+001
 -0.57435228E+000 -0.43195821E+000 -0.11432224E+000 -0.56731718E-002 -0.39452758E-002 -0.10654489E-002  0.10815752E-002  0.96044711E+000  0.25661951E+001  0.51511708E+001  0.73815282E+001
 -0.57435220E+000 -0.43195812E+000 -0.11432224E+000 -0.56731716E-002 -0.39452742E-002 -0.10654452E-002  0.10815777E-002  0.96045039E+000  0.25661993E+001  0.51511777E+001  0.73815350E+001
 -0.57435212E+000 -0.43195803E+000 -0.11432221E+000 -0.56731713E-002 -0.39452727E-002 -0.10654416E-002  0.10815799E-002  0.96045330E+000  0.25662029E+001  0.51511837E+001  0.73815406E+001
 -0.57435204E+000 -0.43195793E+000 -0.11432217E+000 -0.56731710E-002 -0.39452712E-002 -0.10654382E-002  0.10815820E-002  0.96045584E+000  0.25662062E+001  0.51511887E+001  0.73815452E+001
 -0.57435196E+000 -0.43195783E+000 -0.11432212E+000 -0.56731707E-002 -0.39452698E-002 -0.10654349E-002  0.10815840E-002  0.96045803E+000  0.25662090E+001  0.51511929E+001  0.73815488E+001
 -0.57435188E+000 -0.43195772E+000 -0.11432205E+000 -0.56731703E-002 -0.39452684E-002 -0.10654317E-002  0.10815857E-002  0.96045986E+000  0.25662113E+001  0.51511963E+001  0.73815513E+001
 -0.57435180E+000 -0.43195762E+000 -0.11432197E+000 -0.56731700E-002 -0.39452670E-002 -0.10654287E-002  0.10815873E-002  0.96046134E+000  0.25662133E+001  0.51511988E+001  0.73815529E+001
 -0.57435172E+000 -0.43195751E+000 -0.11432189E+000 -0.56731696E-002 -0.39452657E-002 -0.10654258E-002  0.10815887E-002  0.96046248E+000  0.25662149E+001  0.51512006E+001  0.73815536E+001
 -0.57435164E+000 -0.43195740E+000 -0.11432181E+000 -0.56731692E-002 -0.39452644E-002 -0.10654230E-002  0.10815899E-002  0.96046329E+000  0.25662160E+001  0.51512017E+001  0.73815534E+001
 -0.57435156E+000 -0.43195729E+000 -0.11432171E+000 -0.56731689E-002 -0.39452632E-002 -0.10654204E-002  0.10815910E-002  0.96046377E+000  0.25662169E+001  0.51512020E+001  0.73815524E+001
 -0.57435148E+000 -0.43195718E+000 -0.11432162E+000 -0.56731685E-002 -0.39452620E-002 -0.10654179E-002  0.10815918E-002  0.96046394E+000  0.25662174E+001  0.51512017E+001  0.73815506E+001
 -0.57435140E+000 -0.43195707E+000 -0.11432152E+000 -0.56731681E-002 -0.39452609E-002 -0.10654156E-002  0.10815926E-002  0.96046379E+000  0.25662175E+001  0.51512007E+001  0.73815482E+001
 -0.57435132E+000 -0.43195695E+000 -0.11432142E+000 -0.56731677E-002 -0.39452599E-002 -0.10654134E-002  0.10815931E-002  0.96046336E+000  0.25662173E+001  0.51511992E+001  0.73815451E+001
 -0.57435124E+000 -0.43195684E+000 -0.11432132E+000 -0.56731674E-002 -0.39452589E-002 -0.10654113E-002  0.10815935E-002  0.96046264E+000  0.25662169E+001  0.51511971E+001  0.73815414E+001
 -0.57435116E+000 -0.43195673E+000 -0.11432121E+000 -0.56731670E-002 -0.39452579E-002 -0.10654094E-002  0.10815938E-002  0.96046167E+000  0.25662161E+001  0.51511945E+001  0.73815371E+001
 -0.57435108E+000 -0.43195661E+000 -0.11432110E+000 -0.56731667E-002 -0.39452570E-002 -0.10654075E-002  0.10815939E-002  0.96046044E+000  0.25662151E+001  0.51511915E+001  0.73815323E+001
 -0.57435100E+000 -0.43195649E+000 -0.11432099E+000 -0.56731663E-002 -0.39452561E-002 -0.10654058E-002  0.10815939E-002  0.96045899E+000  0.25662139E+001  0.51511880E+001  0.73815271E+001
 -0.57435091E+000 -0.43195637E+000 -0.11432088E+000 -0.56731660E-002 -0.39452553E-002 -0.10654041E-002  0.10815937E-002  0.96045732E+000  0.25662124E+001  0.51511841E+001  0.73815215E+001
 -0.57435082E+000 -0.43195624E+000 -0.11432076E+000 -0.56731656E-002 -0.39452545E-002 -0.10654025E-002  0.10815934E-002  0.96045548E+000  0.25662107E+001  0.51511799E+001  0.73815155E+001
 -0.57435073E+000 -0.43195612E+000 -0.11432065E+000 -0.56731653E-002 -0.39452537E-002 -0.10654010E-002  0.10815929E-002  0.96045346E+000  0.25662088E+001  0.51511753E+001  0.73815092E+001
 -0.57435064E+000 -0.43195598E+000 -0.11432052E+000 -0.56731649E-002 -0.39452529E-002 -0.10653994E-002  0.10815924E-002  0.96045130E+000  0.25662067E+001  0.51511705E+001  0.73815026E+001
 -0.57435054E+000 -0.43195585E+000 -0.11432039E+000 -0.56731646E-002 -0.39452520E-002 -0.10653978E-002  0.10815917E-002  0.96044903E+000  0.25662045E+001  0.51511654E+001  0.73814958E+001
 -0.57435044E+000 -0.43195570E+000 -0.11432026E+000 -0.56731642E-002 -0.39452512E-002 -0.10653962E-002  0.10815910E-002  0.96044665E+000  0.25662021E+001  0.51511601E+001  0.73814887E+001
 -0.57435033E+000 -0.43195555E+000 -0.11432012E+000 -0.56731638E-002 -0.39452503E-002 -0.10653944E-002  0.10815901E-002  0.96044419E+000  0.25661996E+001  0.51511546E+001  0.73814815E+001
 -0.57435021E+000 -0.43195539E+000 -0.11431997E+000 -0.56731634E-002 -0.39452493E-002 -0.10653925E-002  0.10815892E-002  0.96044167E+000  0.25661970E+001  0.51511490E+001  0.73814741E+001
 -0.57435010E+000 -0.43195523E+000 -0.11431982E+000 -0.56731630E-002 -0.39452483E-002 -0.10653904E-002  0.10815882E-002  0.96043910E+000  0.25661943E+001  0.51511431E+001  0.73814666E+001
 -0.57434997E+000 -0.43195505E+000 -0.11431966E+000 -0.56731626E-002 -0.39452471E-002 -0.10653880E-002  0.10815871E-002  0.96043651E+000  0.25661916E+001  0.51511372E+001  0.73814589E+001
 -0.57434984E+000 -0.43195487E+000 -0.11431948E+000 -0.56731621E-002 -0.39452459E-002 -0.10653854E-002  0.10815860E-002  0.96043390E+000  0.25661887E+001  0.51511311E+001  0.73814511E+001
 -0.57434970E+000 -0.43195467E+000 -0.11431930E+000 -0.56731616E-002 -0.39452444E-002 -0.10653825E-002  0.10815848E-002  0.96043129E+000  0.25661858E+001  0.51511249E+001  0.73814432E+001
 -0.57434955E+000 -0.43195447E+000 -0.11431910E+000 -0.56731610E-002 -0.39452429E-002 -0.10653792E-002  0.10815837E-002  0.96042867E+000  0.25661828E+001  0.51511186E+001  0.73814353E+001
 -0.57434939E+000 -0.43195425E+000 -0.11431890E+000 -0.56731605E-002 -0.39452411E-002 -0.10653755E-002  0.10815825E-002  0.96042606E+000  0.25661797E+001  0.51511122E+001  0.73814272E+001
 -0.57434923E+000 -0.43195402E+000 -0.11431868E+000 -0.56731598E-002 -0.39452392E-002 -0.10653713E-002  0.10815813E-002  0.96042346E+000  0.25661766E+001  0.51511057E+001  0.73814191E+001
 -0.57434906E+000 -0.43195378E+000 -0.11431845E+000 -0.56731591E-002 -0.39452370E-002 -0.10653667E-002  0.10815802E-002  0.96042087E+000  0.25661735E+001  0.51510992E+001  0.73814109E+001
 -0.57434888E+000 -0.43195353E+000 -0.11431820E+000 -0.56731584E-002 -0.39452346E-002 -0.10653615E-002  0.10815791E-002  0.96041829E+000  0.25661702E+001  0.51510925E+001  0.73814026E+001
 -0.57434869E+000 -0.43195326E+000 -0.11431794E+000 -0.56731576E-002 -0.39452319E-002 -0.10653558E-002  0.10815780E-002  0.96041571E+000  0.25661670E+001  0.51510857E+001  0.73813942E+001
 -0.57434849E+000 -0.43195298E+000 -0.11431766E+000 -0.56731568E-002 -0.39452290E-002 -0.10653495E-002  0.10815770E-002  0.96041313E+000  0.25661637E+001  0.51510789E+001  0.73813857E+001
 -0.57434828E+000 -0.43195269E+000 -0.11431737E+000 -0.56731558E-002 -0.39452259E-002 -0.10653426E-002  0.10815761E-002  0.96041055E+000  0.25661603E+001  0.51510719E+001  0.73813771E+001
 -0.57434806E+000 -0.43195238E+000 -0.11431706E+000 -0.56731549E-002 -0.39452225E-002 -0.10653351E-002  0.10815752E-002  0.96040796E+000  0.25661569E+001  0.51510649E+001  0.73813684E+001
 -0.57434784E+000 -0.43195206E+000 -0.11431674E+000 -0.56731538E-002 -0.39452187E-002 -0.10653269E-002  0.10815745E-002  0.96040537E+000  0.25661534E+001  0.51510578E+001  0.73813597E+001
 -0.57434760E+000 -0.43195172E+000 -0.11431640E+000 -0.56731527E-002 -0.39452147E-002 -0.10653181E-002  0.10815738E-002  0.96040276E+000  0.25661498E+001  0.51510505E+001  0.73813508E+001
 -0.57434736E+000 -0.43195137E+000 -0.11431604E+000 -0.56731515E-002 -0.39452105E-002 -0.10653087E-002  0.10815732E-002  0.96040013E+000  0.25661462E+001  0.51510431E+001  0.73813418E+001
 -0.57434711E+000 -0.43195100E+000 -0.11431567E+000 -0.56731503E-002 -0.39452059E-002 -0.10652986E-002  0.10815728E-002  0.96039748E+000  0.25661426E+001  0.51510357E+001  0.73813327E+001
 -0.57434685E+000 -0.43195063E+000 -0.11431528E+000 -0.56731489E-002 -0.39452010E-002 -0.10652879E-002  0.10815724E-002  0.96039480E+000  0.25661389E+001  0.51510281E+001  0.73813235E+001
 -0.57434658E+000 -0.43195024E+000 -0.11431487E+000 -0.56731475E-002 -0.39451959E-002 -0.10652765E-002  0.10815722E-002  0.96039209E+000  0.25661351E+001  0.51510204E+001  0.73813141E+001
 -0.57434630E+000 -0.43194983E+000 -0.11431445E+000 -0.56731461E-002 -0.39451905E-002 -0.10652646E-002  0.10815720E-002  0.96038934E+000  0.25661312E+001  0.51510126E+001  0.73813047E+001
 -0.57434602E+000 -0.43194941E+000 -0.11431400E+000 -0.56731446E-002 -0.39451849E-002 -0.10652521E-002  0.10815720E-002  0.96038657E+000  0.25661273E+001  0.51510047E+001  0.73812952E+001
 -0.57434573E+000 -0.43194898E+000 -0.11431355E+000 -0.56731430E-002 -0.39451790E-002 -0.10652391E-002  0.10815722E-002  0.96038375E+000  0.25661233E+001  0.51509967E+001  0.73812855E+001
 -0.57434543E+000 -0.43194854E+000 -0.11431307E+000 -0.56731413E-002 -0.39451729E-002 -0.10652255E-002  0.10815724E-002  0.96038090E+000  0.25661192E+001  0.51509885E+001  0.73812758E+001
 -0.57434513E+000 -0.43194808E+000 -0.11431258E+000 -0.56731396E-002 -0.39451666E-002 -0.10652115E-002  0.10815727E-002  0.96037801E+000  0.25661151E+001  0.51509803E+001  0.73812660E+001
 -0.57434481E+000 -0.43194761E+000 -0.11431207E+000 -0.56731378E-002 -0.39451600E-002 -0.10651970E-002  0.10815732E-002  0.96037508E+000  0.25661110E+001  0.51509720E+001  0.73812561E+001
 -0.57434450E+000 -0.43194713E+000 -0.11431155E+000 -0.56731360E-002 -0.39451533E-002 -0.10651821E-002  0.10815738E-002  0.96037210E+000  0.25661067E+001  0.51509636E+001  0.73812462E+001
 -0.57434417E+000 -0.43194664E+000 -0.11431101E+000 -0.56731341E-002 -0.39451464E-002 -0.10651668E-002  0.10815745E-002  0.96036909E+000  0.25661024E+001  0.51509552E+001  0.73812362E+001
 -0.57434384E+000 -0.43194614E+000 -0.11431046E+000 -0.56731322E-002 -0.39451393E-002 -0.10651512E-002  0.10815752E-002  0.96036604E+000  0.25660981E+001  0.51509467E+001  0.73812262E+001
 -0.57434351E+000 -0.43194562E+000 -0.11430989E+000 -0.56731302E-002 -0.39451322E-002 -0.10651353E-002  0.10815761E-002  0.96036295E+000  0.25660937E+001  0.51509381E+001  0.73812161E+001
 -0.57434317E+000 -0.43194510E+000 -0.11430931E+000 -0.56731282E-002 -0.39451248E-002 -0.10651192E-002  0.10815771E-002  0.96035983E+000  0.25660893E+001  0.51509294E+001  0.73812061E+001
 -0.57434282E+000 -0.43194457E+000 -0.11430871E+000 -0.56731262E-002 -0.39451174E-002 -0.10651028E-002  0.10815782E-002  0.96035667E+000  0.25660848E+001  0.51509208E+001  0.73811960E+001
 -0.57434247E+000 -0.43194402E+000 -0.11430810E+000 -0.56731241E-002 -0.39451099E-002 -0.10650862E-002  0.10815794E-002  0.96035347E+000  0.25660803E+001  0.51509121E+001  0.73811860E+001
 -0.57434212E+000 -0.43194347E+000 -0.11430748E+000 -0.56731219E-002 -0.39451023E-002 -0.10650696E-002  0.10815806E-002  0.96035024E+000  0.25660758E+001  0.51509034E+001  0.73811760E+001
 -0.57434176E+000 -0.43194291E+000 -0.11430684E+000 -0.56731197E-002 -0.39450946E-002 -0.10650528E-002  0.10815820E-002  0.96034699E+000  0.25660712E+001  0.51508947E+001  0.73811661E+001
 -0.57434140E+000 -0.43194235E+000 -0.11430619E+000 -0.56731175E-002 -0.39450869E-002 -0.10650359E-002  0.10815834E-002  0.96034370E+000  0.25660666E+001  0.51508860E+001  0.73811562E+001
 -0.57434103E+000 -0.43194177E+000 -0.11430554E+000 -0.56731153E-002 -0.39450792E-002 -0.10650190E-002  0.10815849E-002  0.96034039E+000  0.25660620E+001  0.51508773E+001  0.73811464E+001
 -0.57434066E+000 -0.43194119E+000 -0.11430487E+000 -0.56731131E-002 -0.39450714E-002 -0.10650020E-002  0.10815865E-002  0.96033706E+000  0.25660573E+001  0.51508687E+001  0.73811367E+001
 -0.57434029E+000 -0.43194060E+000 -0.11430418E+000 -0.56731108E-002 -0.39450637E-002 -0.10649851E-002  0.10815881E-002  0.96033370E+000  0.25660527E+001  0.51508601E+001  0.73811271E+001
 -0.57433992E+000 -0.43194001E+000 -0.11430349E+000 -0.56731085E-002 -0.39450559E-002 -0.10649682E-002  0.10815898E-002  0.96033033E+000  0.25660480E+001  0.51508515E+001  0.73811176E+001
 -0.57433954E+000 -0.43193941E+000 -0.11430279E+000 -0.56731062E-002 -0.39450481E-002 -0.10649513E-002  0.10815916E-002  0.96032695E+000  0.25660433E+001  0.51508430E+001  0.73811082E+001
 -0.57433916E+000 -0.43193881E+000 -0.11430209E+000 -0.56731039E-002 -0.39450404E-002 -0.10649345E-002  0.10815934E-002  0.96032355E+000  0.25660387E+001  0.51508345E+001  0.73810990E+001
 -0.57433878E+000 -0.43193820E+000 -0.11430137E+000 -0.56731015E-002 -0.39450327E-002 -0.10649179E-002  0.10815953E-002  0.96032014E+000  0.25660340E+001  0.51508262E+001  0.73810899E+001
 -0.57433840E+000 -0.43193759E+000 -0.11430065E+000 -0.56730992E-002 -0.39450250E-002 -0.10649013E-002  0.10815972E-002  0.96031672E+000  0.25660294E+001  0.51508179E+001  0.73810809E+001
 -0.57433802E+000 -0.43193697E+000 -0.11429992E+000 -0.56730968E-002 -0.39450174E-002 -0.10648849E-002  0.10815992E-002  0.96031330E+000  0.25660247E+001  0.51508096E+001  0.73810721E+001
 -0.57433763E+000 -0.43193636E+000 -0.11429919E+000 -0.56730945E-002 -0.39450098E-002 -0.10648686E-002  0.10816013E-002  0.96030988E+000  0.25660201E+001  0.51508015E+001  0.73810634E+001
 -0.57433725E+000 -0.43193574E+000 -0.11429845E+000 -0.56730921E-002 -0.39450023E-002 -0.10648525E-002  0.10816034E-002  0.96030646E+000  0.25660155E+001  0.51507935E+001  0.73810549E+001
 -0.57433687E+000 -0.43193512E+000 -0.11429770E+000 -0.56730898E-002 -0.39449948E-002 -0.10648365E-002  0.10816055E-002  0.96030305E+000  0.25660109E+001  0.51507855E+001  0.73810465E+001
 -0.57433648E+000 -0.43193450E+000 -0.11429695E+000 -0.56730874E-002 -0.39449875E-002 -0.10648208E-002  0.10816077E-002  0.96029964E+000  0.25660064E+001  0.51507777E+001  0.73810383E+001
 -0.57433610E+000 -0.43193387E+000 -0.11429620E+000 -0.56730851E-002 -0.39449801E-002 -0.10648052E-002  0.10816099E-002  0.96029624E+000  0.25660018E+001  0.51507699E+001  0.73810302E+001
 -0.57433572E+000 -0.43193325E+000 -0.11429545E+000 -0.56730827E-002 -0.39449729E-002 -0.10647899E-002  0.10816122E-002  0.96029285E+000  0.25659973E+001  0.51507623E+001  0.73810223E+001
 -0.57433534E+000 -0.43193263E+000 -0.11429470E+000 -0.56730804E-002 -0.39449658E-002 -0.10647747E-002  0.10816145E-002  0.96028948E+000  0.25659929E+001  0.51507547E+001  0.73810146E+001
 -0.57433496E+000 -0.43193201E+000 -0.11429395E+000 -0.56730781E-002 -0.39449587E-002 -0.10647598E-002  0.10816168E-002  0.96028613E+000  0.25659884E+001  0.51507473E+001  0.73810070E+001
 -0.57433458E+000 -0.43193140E+000 -0.11429319E+000 -0.56730758E-002 -0.39449518E-002 -0.10647451E-002  0.10816192E-002  0.96028279E+000  0.25659841E+001  0.51507400E+001  0.73809995E+001
 -0.57433421E+000 -0.43193078E+000 -0.11429244E+000 -0.56730735E-002 -0.39449449E-002 -0.10647306E-002  0.10816216E-002  0.96027947E+000  0.25659797E+001  0.51507328E+001  0.73809922E+001
 -0.57433384E+000 -0.43193017E+000 -0.11429169E+000 -0.56730712E-002 -0.39449382E-002 -0.10647164E-002  0.10816240E-002  0.96027618E+000  0.25659754E+001  0.51507257E+001  0.73809851E+001
 -0.57433347E+000 -0.43192957E+000 -0.11429094E+000 -0.56730689E-002 -0.39449315E-002 -0.10647024E-002  0.10816264E-002  0.96027292E+000  0.25659711E+001  0.51507187E+001  0.73809781E+001
 -0.57433310E+000 -0.43192896E+000 -0.11429020E+000 -0.56730667E-002 -0.39449250E-002 -0.10646887E-002  0.10816289E-002  0.96026969E+000  0.25659669E+001  0.51507119E+001  0.73809712E+001
 -0.57433274E+000 -0.43192837E+000 -0.11428946E+000 -0.56730645E-002 -0.39449185E-002 -0.10646752E-002  0.10816314E-002  0.96026648E+000  0.25659628E+001  0.51507051E+001  0.73809645E+001
 -0.57433238E+000 -0.43192777E+000 -0.11428872E+000 -0.56730623E-002 -0.39449122E-002 -0.10646620E-002  0.10816339E-002  0.96026331E+000  0.25659587E+001  0.51506985E+001  0.73809580E+001
 -0.57433203E+000 -0.43192719E+000 -0.11428799E+000 -0.56730601E-002 -0.39449060E-002 -0.10646490E-002  0.10816365E-002  0.96026017E+000  0.25659546E+001  0.51506920E+001  0.73809516E+001
 -0.57433168E+000 -0.43192661E+000 -0.11428726E+000 -0.56730580E-002 -0.39448999E-002 -0.10646363E-002  0.10816390E-002  0.96025708E+000  0.25659506E+001  0.51506856E+001  0.73809453E+001
 -0.57433134E+000 -0.43192604E+000 -0.11428655E+000 -0.56730559E-002 -0.39448939E-002 -0.10646239E-002  0.10816416E-002  0.96025401E+000  0.25659467E+001  0.51506794E+001  0.73809391E+001
 -0.57433100E+000 -0.43192547E+000 -0.11428584E+000 -0.56730538E-002 -0.39448880E-002 -0.10646118E-002  0.10816441E-002  0.96025099E+000  0.25659428E+001  0.51506732E+001  0.73809331E+001
 -0.57433067E+000 -0.43192491E+000 -0.11428513E+000 -0.56730517E-002 -0.39448823E-002 -0.10645999E-002  0.10816467E-002  0.96024802E+000  0.25659389E+001  0.51506672E+001  0.73809273E+001
 -0.57433034E+000 -0.43192436E+000 -0.11428444E+000 -0.56730497E-002 -0.39448767E-002 -0.10645883E-002  0.10816493E-002  0.96024508E+000  0.25659352E+001  0.51506613E+001  0.73809215E+001
 -0.57433002E+000 -0.43192382E+000 -0.11428375E+000 -0.56730477E-002 -0.39448712E-002 -0.10645769E-002  0.10816519E-002  0.96024219E+000  0.25659315E+001  0.51506555E+001  0.73809159E+001
 -0.57432970E+000 -0.43192329E+000 -0.11428308E+000 -0.56730458E-002 -0.39448658E-002 -0.10645659E-002  0.10816545E-002  0.96023935E+000  0.25659278E+001  0.51506498E+001  0.73809104E+001
 -0.57432939E+000 -0.43192277E+000 -0.11428241E+000 -0.56730439E-002 -0.39448606E-002 -0.10645551E-002  0.10816571E-002  0.96023656E+000  0.25659243E+001  0.51506443E+001  0.73809051E+001
 -0.57432909E+000 -0.43192226E+000 -0.11428176E+000 -0.56730420E-002 -0.39448555E-002 -0.10645446E-002  0.10816597E-002  0.96023381E+000  0.25659208E+001  0.51506389E+001  0.73808999E+001
 -0.57432879E+000 -0.43192175E+000 -0.11428111E+000 -0.56730401E-002 -0.39448505E-002 -0.10645344E-002  0.10816623E-002  0.96023112E+000  0.25659173E+001  0.51506335E+001  0.73808948E+001
 -0.57432850E+000 -0.43192126E+000 -0.11428048E+000 -0.56730383E-002 -0.39448456E-002 -0.10645244E-002  0.10816649E-002  0.96022847E+000  0.25659140E+001  0.51506283E+001  0.73808898E+001
 -0.57432822E+000 -0.43192078E+000 -0.11427986E+000 -0.56730366E-002 -0.39448409E-002 -0.10645148E-002  0.10816675E-002  0.96022588E+000  0.25659107E+001  0.51506233E+001  0.73808849E+001
 -0.57432794E+000 -0.43192031E+000 -0.11427925E+000 -0.56730348E-002 -0.39448363E-002 -0.10645054E-002  0.10816701E-002  0.96022334E+000  0.25659074E+001  0.51506183E+001  0.73808802E+001
 -0.57432767E+000 -0.43191985E+000 -0.11427865E+000 -0.56730331E-002 -0.39448318E-002 -0.10644962E-002  0.10816727E-002  0.96022085E+000  0.25659043E+001  0.51506135E+001  0.73808756E+001
 -0.57432741E+000 -0.43191940E+000 -0.11427807E+000 -0.56730315E-002 -0.39448275E-002 -0.10644874E-002  0.10816752E-002  0.96021842E+000  0.25659012E+001  0.51506088E+001  0.73808711E+001
 -0.57432715E+000 -0.43191896E+000 -0.11427750E+000 -0.56730299E-002 -0.39448232E-002 -0.10644788E-002  0.10816778E-002  0.96021604E+000  0.25658981E+001  0.51506042E+001  0.73808667E+001
 -0.57432690E+000 -0.43191853E+000 -0.11427694E+000 -0.56730283E-002 -0.39448191E-002 -0.10644704E-002  0.10816803E-002  0.96021371E+000  0.25658952E+001  0.51505997E+001  0.73808625E+001
 -0.57432666E+000 -0.43191812E+000 -0.11427639E+000 -0.56730268E-002 -0.39448151E-002 -0.10644624E-002  0.10816828E-002  0.96021144E+000  0.25658923E+001  0.51505953E+001  0.73808583E+001
 -0.57432642E+000 -0.43191771E+000 -0.11427586E+000 -0.56730253E-002 -0.39448113E-002 -0.10644546E-002  0.10816854E-002  0.96020923E+000  0.25658895E+001  0.51505910E+001  0.73808543E+001
 -0.57432620E+000 -0.43191732E+000 -0.11427534E+000 -0.56730239E-002 -0.39448076E-002 -0.10644470E-002  0.10816878E-002  0.96020707E+000  0.25658868E+001  0.51505869E+001  0.73808504E+001
 -0.57432598E+000 -0.43191694E+000 -0.11427484E+000 -0.56730225E-002 -0.39448039E-002 -0.10644397E-002  0.10816903E-002  0.96020496E+000  0.25658841E+001  0.51505829E+001  0.73808466E+001
 -0.57432576E+000 -0.43191657E+000 -0.11427435E+000 -0.56730211E-002 -0.39448004E-002 -0.10644326E-002  0.10816928E-002  0.96020291E+000  0.25658815E+001  0.51505790E+001  0.73808429E+001
 -0.57432555E+000 -0.43191621E+000 -0.11427387E+000 -0.56730198E-002 -0.39447970E-002 -0.10644258E-002  0.10816952E-002  0.96020091E+000  0.25658789E+001  0.51505752E+001  0.73808393E+001
 -0.57432535E+000 -0.43191586E+000 -0.11427340E+000 -0.56730185E-002 -0.39447938E-002 -0.10644193E-002  0.10816976E-002  0.96019897E+000  0.25658765E+001  0.51505715E+001  0.73808358E+001
 -0.57432516E+000 -0.43191552E+000 -0.11427295E+000 -0.56730172E-002 -0.39447906E-002 -0.10644129E-002  0.10817000E-002  0.96019708E+000  0.25658741E+001  0.51505679E+001  0.73808324E+001
 -0.57432497E+000 -0.43191520E+000 -0.11427251E+000 -0.56730160E-002 -0.39447876E-002 -0.10644068E-002  0.10817023E-002  0.96019525E+000  0.25658718E+001  0.51505644E+001  0.73808292E+001
 -0.57432479E+000 -0.43191488E+000 -0.11427209E+000 -0.56730149E-002 -0.39447846E-002 -0.10644009E-002  0.10817047E-002  0.96019347E+000  0.25658695E+001  0.51505610E+001  0.73808260E+001
 -0.57432462E+000 -0.43191458E+000 -0.11427168E+000 -0.56730137E-002 -0.39447818E-002 -0.10643952E-002  0.10817070E-002  0.96019174E+000  0.25658673E+001  0.51505578E+001  0.73808229E+001
 -0.57432445E+000 -0.43191428E+000 -0.11427128E+000 -0.56730126E-002 -0.39447791E-002 -0.10643898E-002  0.10817092E-002  0.96019006E+000  0.25658652E+001  0.51505546E+001  0.73808200E+001
 -0.57432429E+000 -0.43191400E+000 -0.11427089E+000 -0.56730116E-002 -0.39447764E-002 -0.10643845E-002  0.10817115E-002  0.96018843E+000  0.25658631E+001  0.51505515E+001  0.73808171E+001
 -0.57432414E+000 -0.43191373E+000 -0.11427052E+000 -0.56730105E-002 -0.39447739E-002 -0.10643795E-002  0.10817137E-002  0.96018686E+000  0.25658612E+001  0.51505486E+001  0.73808143E+001
 -0.57432399E+000 -0.43191346E+000 -0.11427016E+000 -0.56730096E-002 -0.39447715E-002 -0.10643746E-002  0.10817158E-002  0.96018533E+000  0.25658592E+001  0.51505457E+001  0.73808116E+001
 -0.57432385E+000 -0.43191321E+000 -0.11426981E+000 -0.56730086E-002 -0.39447691E-002 -0.10643700E-002  0.10817180E-002  0.96018385E+000  0.25658574E+001  0.51505429E+001  0.73808091E+001
 -0.57432371E+000 -0.43191296E+000 -0.11426948E+000 -0.56730077E-002 -0.39447669E-002 -0.10643655E-002  0.10817201E-002  0.96018242E+000  0.25658555E+001  0.51505403E+001  0.73808066E+001
 -0.57432358E+000 -0.43191273E+000 -0.11426915E+000 -0.56730068E-002 -0.39447647E-002 -0.10643612E-002  0.10817222E-002  0.96018104E+000  0.25658538E+001  0.51505377E+001  0.73808041E+001
 -0.57432345E+000 -0.43191250E+000 -0.11426884E+000 -0.56730060E-002 -0.39447626E-002 -0.10643571E-002  0.10817242E-002  0.96017970E+000  0.25658521E+001  0.51505352E+001  0.73808018E+001
 -0.57432333E+000 -0.43191229E+000 -0.11426854E+000 -0.56730051E-002 -0.39447606E-002 -0.10643531E-002  0.10817262E-002  0.96017841E+000  0.25658505E+001  0.51505328E+001  0.73807996E+001
 -0.57432321E+000 -0.43191208E+000 -0.11426825E+000 -0.56730043E-002 -0.39447587E-002 -0.10643493E-002  0.10817281E-002  0.96017716E+000  0.25658489E+001  0.51505305E+001  0.73807974E+001
 -0.57432310E+000 -0.43191188E+000 -0.11426797E+000 -0.56730036E-002 -0.39447569E-002 -0.10643457E-002  0.10817301E-002  0.96017596E+000  0.25658474E+001  0.51505282E+001  0.73807953E+001
 -0.57432300E+000 -0.43191169E+000 -0.11426770E+000 -0.56730029E-002 -0.39447551E-002 -0.10643422E-002  0.10817319E-002  0.96017479E+000  0.25658459E+001  0.51505261E+001  0.73807933E+001
 -0.57432289E+000 -0.43191150E+000 -0.11426744E+000 -0.56730022E-002 -0.39447535E-002 -0.10643389E-002  0.10817338E-002  0.96017367E+000  0.25658445E+001  0.51505240E+001  0.73807914E+001
 -0.57432280E+000 -0.43191133E+000 -0.11426719E+000 -0.56730015E-002 -0.39447518E-002 -0.10643357E-002  0.10817356E-002  0.96017259E+000  0.25658431E+001  0.51505220E+001  0.73807895E+001
 -0.57432270E+000 -0.43191116E+000 -0.11426696E+000 -0.56730008E-002 -0.39447503E-002 -0.10643327E-002  0.10817374E-002  0.96017155E+000  0.25658418E+001  0.51505201E+001  0.73807877E+001
 -0.57432262E+000 -0.43191100E+000 -0.11426673E+000 -0.56730002E-002 -0.39447488E-002 -0.10643298E-002  0.10817391E-002  0.96017055E+000  0.25658406E+001  0.51505183E+001  0.73807860E+001
 -0.57432253E+000 -0.43191084E+000 -0.11426651E+000 -0.56729996E-002 -0.39447474E-002 -0.10643270E-002  0.10817408E-002  0.96016958E+000  0.25658394E+001  0.51505165E+001  0.73807844E+001
 -0.57432245E+000 -0.43191069E+000 -0.11426630E+000 -0.56729990E-002 -0.39447460E-002 -0.10643244E-002  0.10817424E-002  0.96016865E+000  0.25658382E+001  0.51505148E+001  0.73807828E+001
 -0.57432237E+000 -0.43191055E+000 -0.11426610E+000 -0.56729985E-002 -0.39447448E-002 -0.10643218E-002  0.10817440E-002  0.96016775E+000  0.25658371E+001  0.51505131E+001  0.73807813E+001
 -0.57432230E+000 -0.43191042E+000 -0.11426590E+000 -0.56729980E-002 -0.39447435E-002 -0.10643194E-002  0.10817456E-002  0.96016689E+000  0.25658360E+001  0.51505116E+001  0.73807798E+001
 -0.57432223E+000 -0.43191029E+000 -0.11426572E+000 -0.56729975E-002 -0.39447423E-002 -0.10643171E-002  0.10817472E-002  0.96016606E+000  0.25658349E+001  0.51505101E+001  0.73807784E+001
 -0.57432216E+000 -0.43191017E+000 -0.11426554E+000 -0.56729970E-002 -0.39447412E-002 -0.10643149E-002  0.10817487E-002  0.96016527E+000  0.25658339E+001  0.51505086E+001  0.73807770E+001
 -0.57432210E+000 -0.43191005E+000 -0.11426537E+000 -0.56729965E-002 -0.39447401E-002 -0.10643128E-002  0.10817501E-002  0.96016450E+000  0.25658330E+001  0.51505072E+001  0.73807757E+001
 -0.57432204E+000 -0.43190994E+000 -0.11426521E+000 -0.56729961E-002 -0.39447391E-002 -0.10643108E-002  0.10817515E-002  0.96016377E+000  0.25658321E+001  0.51505059E+001  0.73807745E+001
 -0.57432198E+000 -0.43190983E+000 -0.11426505E+000 -0.56729957E-002 -0.39447381E-002 -0.10643089E-002  0.10817529E-002  0.96016306E+000  0.25658312E+001  0.51505046E+001  0.73807733E+001
 -0.57432193E+000 -0.43190973E+000 -0.11426490E+000 -0.56729953E-002 -0.39447372E-002 -0.10643071E-002  0.10817543E-002  0.96016238E+000  0.25658303E+001  0.51505034E+001  0.73807722E+001
 -0.57432187E+000 -0.43190963E+000 -0.11426476E+000 -0.56729949E-002 -0.39447363E-002 -0.10643053E-002  0.10817556E-002  0.96016173E+000  0.25658295E+001  0.51505022E+001  0.73807711E+001
 -0.57432182E+000 -0.43190954E+000 -0.11426463E+000 -0.56729945E-002 -0.39447355E-002 -0.10643037E-002  0.10817568E-002  0.96016111E+000  0.25658287E+001  0.51505011E+001  0.73807700E+001
 -0.57432178E+000 -0.43190945E+000 -0.11426450E+000 -0.56729941E-002 -0.39447346E-002 -0.10643021E-002  0.10817581E-002  0.96016051E+000  0.25658280E+001  0.51505000E+001  0.73807690E+001
 -0.57432173E+000 -0.43190937E+000 -0.11426437E+000 -0.56729938E-002 -0.39447339E-002 -0.10643006E-002  0.10817593E-002  0.96015993E+000  0.25658273E+001  0.51504990E+001  0.73807681E+001
 -0.57432169E+000 -0.43190929E+000 -0.11426425E+000 -0.56729935E-002 -0.39447331E-002 -0.10642992E-002  0.10817604E-002  0.96015938E+000  0.25658266E+001  0.51504980E+001  0.73807672E+001
 -0.57432165E+000 -0.43190921E+000 -0.11426414E+000 -0.56729932E-002 -0.39447324E-002 -0.10642978E-002  0.10817616E-002  0.96015885E+000  0.25658259E+001  0.51504970E+001  0.73807663E+001
 -0.57432161E+000 -0.43190914E+000 -0.11426403E+000 -0.56729929E-002 -0.39447318E-002 -0.10642965E-002  0.10817626E-002  0.96015835E+000  0.25658253E+001  0.51504961E+001  0.73807654E+001
 -0.57432158E+000 -0.43190907E+000 -0.11426393E+000 -0.56729926E-002 -0.39447311E-002 -0.10642953E-002  0.10817637E-002  0.96015786E+000  0.25658247E+001  0.51504953E+001  0.73807646E+001
 -0.57432154E+000 -0.43190901E+000 -0.11426383E+000 -0.56729923E-002 -0.39447305E-002 -0.10642941E-002  0.10817647E-002  0.96015740E+000  0.25658241E+001  0.51504944E+001  0.73807639E+001
 -0.57432151E+000 -0.43190894E+000 -0.11426374E+000 -0.56729921E-002 -0.39447299E-002 -0.10642930E-002  0.10817657E-002  0.96015695E+000  0.25658236E+001  0.51504937E+001  0.73807631E+001
 -0.57432148E+000 -0.43190888E+000 -0.11426365E+000 -0.56729918E-002 -0.39447294E-002 -0.10642920E-002  0.10817667E-002  0.96015652E+000  0.25658230E+001  0.51504929E+001  0.73807624E+001
 -0.57432145E+000 -0.43190883E+000 -0.11426357E+000 -0.56729916E-002 -0.39447289E-002 -0.10642910E-002  0.10817676E-002  0.96015612E+000  0.25658225E+001  0.51504922E+001  0.73807618E+001
 -0.57432142E+000 -0.43190878E+000 -0.11426349E+000 -0.56729914E-002 -0.39447284E-002 -0.10642900E-002  0.10817685E-002  0.96015573E+000  0.25658220E+001  0.51504915E+001  0.73807611E+001
 -0.57432139E+000 -0.43190872E+000 -0.11426341E+000 -0.56729912E-002 -0.39447279E-002 -0.10642891E-002  0.10817694E-002  0.96015535E+000  0.25658216E+001  0.51504908E+001  0.73807605E+001
 -0.57432137E+000 -0.43190868E+000 -0.11426334E+000 -0.56729910E-002 -0.39447275E-002 -0.10642882E-002  0.10817702E-002  0.96015499E+000  0.25658211E+001  0.51504902E+001  0.73807599E+001
 -0.57432134E+000 -0.43190863E+000 -0.11426327E+000 -0.56729908E-002 -0.39447270E-002 -0.10642874E-002  0.10817710E-002  0.96015465E+000  0.25658207E+001  0.51504896E+001  0.73807594E+001
 -0.57432132E+000 -0.43190859E+000 -0.11426320E+000 -0.56729906E-002 -0.39447266E-002 -0.10642866E-002  0.10817718E-002  0.96015432E+000  0.25658203E+001  0.51504890E+001  0.73807588E+001
 -0.57432130E+000 -0.43190855E+000 -0.11426314E+000 -0.56729904E-002 -0.39447262E-002 -0.10642859E-002  0.10817726E-002  0.96015401E+000  0.25658199E+001  0.51504885E+001  0.73807583E+001
 -0.57432128E+000 -0.43190851E+000 -0.11426308E+000 -0.56729903E-002 -0.39447259E-002 -0.10642852E-002  0.10817733E-002  0.96015371E+000  0.25658196E+001  0.51504880E+001  0.73807578E+001
 -0.57432126E+000 -0.43190847E+000 -0.11426302E+000 -0.56729901E-002 -0.39447255E-002 -0.10642845E-002  0.10817740E-002  0.96015343E+000  0.25658192E+001  0.51504875E+001  0.73807574E+001
 -0.57432124E+000 -0.43190843E+000 -0.11426297E+000 -0.56729900E-002 -0.39447252E-002 -0.10642839E-002  0.10817747E-002  0.96015315E+000  0.25658189E+001  0.51504870E+001  0.73807569E+001
 -0.57432122E+000 -0.43190840E+000 -0.11426291E+000 -0.56729898E-002 -0.39447249E-002 -0.10642833E-002  0.10817754E-002  0.96015289E+000  0.25658186E+001  0.51504865E+001  0.73807565E+001
 -0.57432121E+000 -0.43190837E+000 -0.11426287E+000 -0.56729897E-002 -0.39447246E-002 -0.10642827E-002  0.10817760E-002  0.96015264E+000  0.25658183E+001  0.51504861E+001  0.73807561E+001
 -0.57432119E+000 -0.43190834E+000 -0.11426282E+000 -0.56729895E-002 -0.39447243E-002 -0.10642822E-002  0.10817766E-002  0.96015241E+000  0.25658180E+001  0.51504857E+001  0.73807557E+001
 -0.57432118E+000 -0.43190831E+000 -0.11426277E+000 -0.56729894E-002 -0.39447240E-002 -0.10642817E-002  0.10817772E-002  0.96015218E+000  0.25658177E+001  0.51504853E+001  0.73807554E+001
 -0.57432116E+000 -0.43190828E+000 -0.11426273E+000 -0.56729893E-002 -0.39447238E-002 -0.10642812E-002  0.10817777E-002  0.96015196E+000  0.25658174E+001  0.51504849E+001  0.73807550E+001
 -0.57432115E+000 -0.43190826E+000 -0.11426269E+000 -0.56729892E-002 -0.39447235E-002 -0.10642807E-002  0.10817783E-002  0.96015175E+000  0.25658172E+001  0.51504846E+001  0.73807547E+001
 -0.57432114E+000 -0.43190823E+000 -0.11426265E+000 -0.56729891E-002 -0.39447233E-002 -0.10642803E-002  0.10817788E-002  0.96015156E+000  0.25658169E+001  0.51504842E+001  0.73807544E+001
 -0.57432113E+000 -0.43190821E+000 -0.11426262E+000 -0.56729890E-002 -0.39447231E-002 -0.10642798E-002  0.10817793E-002  0.96015137E+000  0.25658167E+001  0.51504839E+001  0.73807541E+001
 -0.57432112E+000 -0.43190819E+000 -0.11426258E+000 -0.56729889E-002 -0.39447229E-002 -0.10642794E-002  0.10817798E-002  0.96015119E+000  0.25658165E+001  0.51504836E+001  0.73807538E+001
 -0.57432110E+000 -0.43190817E+000 -0.11426255E+000 -0.56729888E-002 -0.39447227E-002 -0.10642791E-002  0.10817802E-002  0.96015102E+000  0.25658163E+001  0.51504833E+001  0.73807535E+001
 -0.57432109E+000 -0.43190815E+000 -0.11426252E+000 -0.56729887E-002 -0.39447225E-002 -0.10642787E-002  0.10817807E-002  0.96015085E+000  0.25658161E+001  0.51504830E+001  0.73807532E+001
 -0.57432109E+000 -0.43190813E+000 -0.11426249E+000 -0.56729886E-002 -0.39447223E-002 -0.10642784E-002  0.10817811E-002  0.96015069E+000  0.25658159E+001  0.51504827E+001  0.73807530E+001
 -0.57432108E+000 -0.43190811E+000 -0.11426246E+000 -0.56729886E-002 -0.39447221E-002 -0.10642781E-002  0.10817815E-002  0.96015055E+000  0.25658157E+001  0.51504825E+001  0.73807528E+001
 -0.57432107E+000 -0.43190810E+000 -0.11426244E+000 -0.56729885E-002 -0.39447220E-002 -0.10642778E-002  0.10817819E-002  0.96015040E+000  0.25658155E+001  0.51504822E+001  0.73807525E+001
