  0.30295857E+000  0.31844106E+000  0.46007078E+000  0.62776830E+000  0.80312580E+000  0.91033986E+000  0.12870709E+001  0.18867001E+001  0.26313694E+001  0.40996569E+001  0.58392658E+001
  0.30295856E+000  0.31844105E+000  0.46007078E+000  0.62776830E+000  0.80312579E+000  0.91033986E+000  0.12870709E+001  0.18867002E+001  0.26313701E+001  0.40996566E+001  0.58392649E+001
  0.30295855E+000  0.31844105E+000  0.46007078E+000  0.62776830E+000  0.80312577E+000  0.91033985E+000  0.12870709E+001  0.18867006E+001  0.26313707E+001  0.40996568E+001  0.58392647E+001
  0.30295855E+000  0.31844104E+000  0.46007078E+000  0.62776830E+000  0.80312576E+000  0.91033985E+000  0.12870709E+001  0.18867009E+001  0.26313713E+001  0.40996572E+001  0.58392648E+001
  0.30295854E+000  0.31844104E+000  0.46007078E+000  0.62776830E+000  0.80312576E+000  0.91033985E+000  0.12870709E+001  0.18867013E+001  0.26313719E+001  0.40996575E+001  0.58392649E+001
  0.30295854E+000  0.31844104E+000  0.46007078E+000  0.62776830E+000  0.80312576E+000  0.91033985E+000  0.12870709E+001  0.18867016E+001  0.26313724E+001  0.40996578E+001  0.58392649E+001
  0.30295853E+000  0.31844104E+000  0.46007078E+000  0.62776830E+000  0.80312575E+000  0.91033985E+000  0.12870709E+001  0.18867020E+001  0.26313730E+001  0.40996580E+001  0.58392650E+001
  0.30295853E+000  0.31844104E+000  0.46007078E+000  0.62776830E+000  0.80312575E+000  0.91033985E+000  0.12870709E+001  0.18867023E+001  0.26313735E+001  0.40996583E+001  0.58392651E+001
  0.30295853E+000  0.31844104E+000  0.46007078E+000  0.62776830E+000  0.80312575E+000  0.91033986E+000  0.12870709E+001  0.18867026E+001  0.26313740E+001  0.40996585E+001  0.58392652E+001
  0.30295852E+000  0.31844104E+000  0.46007078E+000  0.62776830E+000  0.80312576E+000  0.91033986E+000  0.12870709E+001  0.18867029E+001  0.26313745E+001  0.40996587E+001  0.58392652E+001
  0.30295852E+000  0.31844104E+000  0.46007078E+000  0.62776830E+000  0.80312576E+000  0.91033986E+000  0.12870709E+001  0.18867032E+001  0.26313750E+001  0.40996588E+001  0.58392653E+001
  0.30295852E+000  0.31844104E+000  0.46007078E+000  0.62776830E+000  0.80312576E+000  0.91033986E+000  0.12870709E+001  0.18867035E+001  0.26313754E+001  0.40996590E+001  0.58392654E+001
  0.30295852E+000  0.31844104E+000  0.46007078E+000  0.62776830E+000  0.80312576E+000  0.91033986E+000  0.12870709E+001  0.18867038E+001  0.26313759E+001  0.40996592E+001  0.58392654E+001
  0.30295852E+000  0.31844104E+000  0.46007078E+000  0.62776830E+000  0.80312576E+000  0.91033986E+000  0.12870709E+001  0.18867041E+001  0.26313763E+001  0.40996593E+001  0.58392655E+001
  0.30295851E+000  0.31844104E+000  0.46007078E+000  0.62776830E+000  0.80312576E+000  0.91033986E+000  0.12870709E+001  0.18867043E+001  0.26313766E+001  0.40996595E+001  0.58392655E+001
  0.30295851E+000  0.31844104E+000  0.46007078E+000  0.62776830E+000  0.80312576E+000  0.91033987E+000  0.12870709E+001  0.18867046E+001  0.26313770E+001  0.40996596E+001  0.58392656E+001
  0.30295851E+000  0.31844104E+000  0.46007078E+000  0.62776830E+000  0.80312577E+000  0.91033987E+000  0.12870709E+001  0.18867048E+001  0.26313774E+001  0.40996597E+001  0.58392656E+001
  0.30295851E+000  0.31844104E+000  0.46007078E+000  0.62776830E+000  0.80312577E+000  0.91033987E+000  0.12870709E+001  0.18867051E+001  0.26313777E+001  0.40996598E+001  0.58392657E+001
  0.30295851E+000  0.31844104E+000  0.46007078E+000  0.62776830E+000  0.80312577E+000  0.91033987E+000  0.12870709E+001  0.18867053E+001  0.26313780E+001  0.40996600E+001  0.58392657E+001
  0.30295851E+000  0.31844104E+000  0.46007078E+000  0.62776830E+000  0.80312577E+000  0.91033987E+000  0.12870709E+001  0.18867055E+001  0.26313783E+001  0.40996601E+001  0.58392658E+001
  0.30295851E+000  0.31844104E+000  0.46007078E+000  0.62776830E+000  0.80312577E+000  0.91033987E+000  0.12870709E+001  0.18867057E+001  0.26313786E+001  0.40996602E+001  0.58392658E+001
  0.30295851E+000  0.31844104E+000  0.46007078E+000  0.62776830E+000  0.80312577E+000  0.91033987E+000  0.12870709E+001  0.18867060E+001  0.26313789E+001  0.40996603E+001  0.58392659E+001
  0.30295851E+000  0.31844104E+000  0.46007078E+000  0.62776830E+000  0.80312577E+000  0.91033987E+000  0.12870709E+001  0.18867062E+001  0.26313791E+001  0.40996604E+001  0.58392659E+001
  0.30295850E+000  0.31844104E+000  0.46007078E+000  0.62776830E+000  0.80312578E+000  0.91033988E+000  0.12870709E+001  0.18867064E+001  0.26313794E+001  0.40996605E+001  0.58392660E+001
  0.30295850E+000  0.31844104E+000  0.46007078E+000  0.62776830E+000  0.80312578E+000  0.91033988E+000  0.12870709E+001  0.18867066E+001  0.26313796E+001  0.40996606E+001  0.58392660E+001
  0.30295850E+000  0.31844104E+000  0.46007078E+000  0.62776830E+000  0.80312578E+000  0.91033988E+000  0.12870709E+001  0.18867068E+001  0.26313798E+001  0.40996607E+001  0.58392660E+001
  0.30295850E+000  0.31844104E+000  0.46007078E+000  0.62776830E+000  0.80312578E+000  0.91033988E+000  0.12870709E+001  0.18867069E+001  0.26313800E+001  0.40996608E+001  0.58392661E+001
  0.30295850E+000  0.31844104E+000  0.46007078E+000  0.62776830E+000  0.80312578E+000  0.91033988E+000  0.12870709E+001  0.18867071E+001  0.26313802E+001  0.40996608E+001  0.58392661E+001
  0.30295850E+000  0.31844104E+000  0.46007078E+000  0.62776830E+000  0.80312578E+000  0.91033988E+000  0.12870709E+001  0.18867073E+001  0.26313804E+001  0.40996609E+001  0.58392662E+001
  0.30295850E+000  0.31844104E+000  0.46007078E+000  0.62776830E+000  0.80312578E+000  0.91033988E+000  0.12870709E+001  0.18867075E+001  0.26313806E+001  0.40996610E+001  0.58392662E+001
  0.30295850E+000  0.31844104E+000  0.46007078E+000  0.62776830E+000  0.80312578E+000  0.91033988E+000  0.12870709E+001  0.18867077E+001  0.26313808E+001  0.40996611E+001  0.58392662E+001
  0.30295850E+000  0.31844104E+000  0.46007078E+000  0.62776830E+000  0.80312578E+000  0.91033988E+000  0.12870709E+001  0.18867079E+001  0.26313810E+001  0.40996612E+001  0.58392663E+001
  0.30295850E+000  0.31844104E+000  0.46007078E+000  0.62776830E+000  0.80312578E+000  0.91033988E+000  0.12870709E+001  0.18867080E+001  0.26313812E+001  0.40996613E+001  0.58392663E+001
  0.30295850E+000  0.31844104E+000  0.46007078E+000  0.62776830E+000  0.80312578E+000  0.91033988E+000  0.12870709E+001  0.18867082E+001  0.26313813E+001  0.40996614E+001  0.58392664E+001
  0.30295850E+000  0.31844104E+000  0.46007078E+000  0.62776830E+000  0.80312579E+000  0.91033989E+000  0.12870709E+001  0.18867084E+001  0.26313815E+001  0.40996614E+001  0.58392664E+001
  0.30295850E+000  0.31844104E+000  0.46007078E+000  0.62776830E+000  0.80312579E+000  0.91033989E+000  0.12870709E+001  0.18867086E+001  0.26313817E+001  0.40996615E+001  0.58392664E+001
  0.30295850E+000  0.31844104E+000  0.46007078E+000  0.62776830E+000  0.80312579E+000  0.91033989E+000  0.12870709E+001  0.18867088E+001  0.26313819E+001  0.40996616E+001  0.58392665E+001
  0.30295850E+000  0.31844104E+000  0.46007078E+000  0.62776830E+000  0.80312579E+000  0.91033989E+000  0.12870709E+001  0.18867090E+001  0.26313821E+001  0.40996617E+001  0.58392665E+001
  0.30295850E+000  0.31844104E+000  0.46007078E+000  0.62776830E+000  0.80312579E+000  0.91033989E+000  0.12870709E+001  0.18867092E+001  0.26313823E+001  0.40996618E+001  0.58392666E+001
  0.30295849E+000  0.31844104E+000  0.46007078E+000  0.62776830E+000  0.80312579E+000  0.91033989E+000  0.12870709E+001  0.18867093E+001  0.26313825E+001  0.40996618E+001  0.58392666E+001
  0.30295849E+000  0.31844104E+000  0.46007078E+000  0.62776830E+000  0.80312579E+000  0.91033989E+000  0.12870709E+001  0.18867095E+001  0.26313827E+001  0.40996619E+001  0.58392666E+001
  0.30295849E+000  0.31844104E+000  0.46007078E+000  0.62776830E+000  0.80312579E+000  0.91033989E+000  0.12870709E+001  0.18867097E+001  0.26313829E+001  0.40996620E+001  0.58392667E+001
  0.30295849E+000  0.31844104E+000  0.46007078E+000  0.62776830E+000  0.80312579E+000  0.91033989E+000  0.12870709E+001  0.18867099E+001  0.26313831E+001  0.40996621E+001  0.58392667E+001
  0.30295849E+000  0.31844104E+000  0.46007078E+000  0.62776830E+000  0.80312579E+000  0.91033989E+000  0.12870709E+001  0.18867101E+001  0.26313833E+001  0.40996622E+001  0.58392668E+001
  0.30295849E+000  0.31844104E+000  0.46007078E+000  0.62776830E+000  0.80312579E+000  0.91033989E+000  0.12870709E+001  0.18867104E+001  0.26313836E+001  0.40996623E+001  0.58392668E+001
  0.30295849E+000  0.31844105E+000  0.46007078E+000  0.62776830E+000  0.80312579E+000  0.91033989E+000  0.12870709E+001  0.18867106E+001  0.26313838E+001  0.40996623E+001  0.58392669E+001
  0.30295850E+000  0.31844105E+000  0.46007078E+000  0.62776830E+000  0.80312579E+000  0.91033990E+000  0.12870709E+001  0.18867108E+001  0.26313841E+001  0.40996624E+001  0.58392669E+001
  0.30295850E+000  0.31844105E+000  0.46007078E+000  0.62776830E+000  0.80312580E+000  0.91033990E+000  0.12870709E+001  0.18867110E+001  0.26313844E+001  0.40996625E+001  0.58392670E+001
  0.30295850E+000  0.31844105E+000  0.46007078E+000  0.62776830E+000  0.80312580E+000  0.91033990E+000  0.12870709E+001  0.18867113E+001  0.26313846E+001  0.40996626E+001  0.58392670E+001
  0.30295850E+000  0.31844105E+000  0.46007078E+000  0.62776830E+000  0.80312580E+000  0.91033990E+000  0.12870709E+001  0.18867115E+001  0.26313849E+001  0.40996627E+001  0.58392671E+001
  0.30295850E+000  0.31844105E+000  0.46007078E+000  0.62776830E+000  0.80312580E+000  0.91033990E+000  0.12870709E+001  0.18867118E+001  0.26313853E+001  0.40996628E+001  0.58392671E+001
  0.30295850E+000  0.31844105E+000  0.46007078E+000  0.62776830E+000  0.80312580E+000  0.91033990E+000  0.12870709E+001  0.18867121E+001  0.26313856E+001  0.40996629E+001  0.58392672E+001
  0.30295850E+000  0.31844105E+000  0.46007078E+000  0.62776830E+000  0.80312580E+000  0.91033990E+000  0.12870709E+001  0.18867124E+001  0.26313859E+001  0.40996629E+001  0.58392673E+001
  0.30295850E+000  0.31844105E+000  0.46007078E+000  0.62776830E+000  0.80312581E+000  0.91033990E+000  0.12870709E+001  0.18867127E+001  0.26313863E+001  0.40996630E+001  0.58392673E+001
  0.30295850E+000  0.31844105E+000  0.46007078E+000  0.62776830E+000  0.80312581E+000  0.91033990E+000  0.12870709E+001  0.18867130E+001  0.26313867E+001  0.40996631E+001  0.58392674E+001
  0.30295850E+000  0.31844105E+000  0.46007078E+000  0.62776830E+000  0.80312581E+000  0.91033990E+000  0.12870709E+001  0.18867133E+001  0.26313871E+001  0.40996632E+001  0.58392675E+001
  0.30295850E+000  0.31844105E+000  0.46007078E+000  0.62776830E+000  0.80312582E+000  0.91033991E+000  0.12870709E+001  0.18867137E+001  0.26313875E+001  0.40996633E+001  0.58392675E+001
  0.30295850E+000  0.31844105E+000  0.46007078E+000  0.62776830E+000  0.80312582E+000  0.91033991E+000  0.12870709E+001  0.18867141E+001  0.26313880E+001  0.40996633E+001  0.58392676E+001
  0.30295851E+000  0.31844105E+000  0.46007078E+000  0.62776830E+000  0.80312582E+000  0.91033991E+000  0.12870709E+001  0.18867145E+001  0.26313885E+001  0.40996634E+001  0.58392677E+001
  0.30295851E+000  0.31844105E+000  0.46007078E+000  0.62776830E+000  0.80312583E+000  0.91033991E+000  0.12870709E+001  0.18867149E+001  0.26313890E+001  0.40996635E+001  0.58392678E+001
  0.30295851E+000  0.31844105E+000  0.46007078E+000  0.62776830E+000  0.80312583E+000  0.91033991E+000  0.12870709E+001  0.18867153E+001  0.26313895E+001  0.40996636E+001  0.58392679E+001
  0.30295851E+000  0.31844105E+000  0.46007078E+000  0.62776830E+000  0.80312583E+000  0.91033991E+000  0.12870709E+001  0.18867158E+001  0.26313900E+001  0.40996636E+001  0.58392679E+001
  0.30295851E+000  0.31844105E+000  0.46007078E+000  0.62776830E+000  0.80312584E+000  0.91033992E+000  0.12870709E+001  0.18867163E+001  0.26313906E+001  0.40996637E+001  0.58392680E+001
  0.30295852E+000  0.31844105E+000  0.46007078E+000  0.62776830E+000  0.80312585E+000  0.91033992E+000  0.12870709E+001  0.18867168E+001  0.26313912E+001  0.40996638E+001  0.58392681E+001
  0.30295852E+000  0.31844105E+000  0.46007078E+000  0.62776830E+000  0.80312585E+000  0.91033992E+000  0.12870709E+001  0.18867173E+001  0.26313918E+001  0.40996638E+001  0.58392682E+001
  0.30295852E+000  0.31844105E+000  0.46007078E+000  0.62776830E+000  0.80312586E+000  0.91033992E+000  0.12870709E+001  0.18867179E+001  0.26313925E+001  0.40996639E+001  0.58392683E+001
  0.30295852E+000  0.31844105E+000  0.46007078E+000  0.62776830E+000  0.80312586E+000  0.91033993E+000  0.12870709E+001  0.18867185E+001  0.26313931E+001  0.40996640E+001  0.58392685E+001
  0.30295852E+000  0.31844105E+000  0.46007078E+000  0.62776830E+000  0.80312587E+000  0.91033993E+000  0.12870709E+001  0.18867191E+001  0.26313938E+001  0.40996640E+001  0.58392686E+001
  0.30295853E+000  0.31844105E+000  0.46007078E+000  0.62776830E+000  0.80312588E+000  0.91033993E+000  0.12870709E+001  0.18867198E+001  0.26313945E+001  0.40996641E+001  0.58392687E+001
  0.30295853E+000  0.31844105E+000  0.46007078E+000  0.62776830E+000  0.80312588E+000  0.91033994E+000  0.12870709E+001  0.18867205E+001  0.26313952E+001  0.40996642E+001  0.58392688E+001
  0.30295853E+000  0.31844105E+000  0.46007078E+000  0.62776830E+000  0.80312589E+000  0.91033994E+000  0.12870709E+001  0.18867212E+001  0.26313960E+001  0.40996643E+001  0.58392690E+001
  0.30295854E+000  0.31844105E+000  0.46007078E+000  0.62776830E+000  0.80312590E+000  0.91033994E+000  0.12870709E+001  0.18867219E+001  0.26313967E+001  0.40996643E+001  0.58392691E+001
  0.30295854E+000  0.31844106E+000  0.46007078E+000  0.62776830E+000  0.80312591E+000  0.91033995E+000  0.12870709E+001  0.18867227E+001  0.26313975E+001  0.40996644E+001  0.58392692E+001
  0.30295854E+000  0.31844106E+000  0.46007078E+000  0.62776830E+000  0.80312592E+000  0.91033995E+000  0.12870709E+001  0.18867235E+001  0.26313983E+001  0.40996645E+001  0.58392694E+001
  0.30295855E+000  0.31844106E+000  0.46007078E+000  0.62776830E+000  0.80312593E+000  0.91033996E+000  0.12870709E+001  0.18867243E+001  0.26313991E+001  0.40996646E+001  0.58392696E+001
  0.30295855E+000  0.31844106E+000  0.46007078E+000  0.62776830E+000  0.80312594E+000  0.91033996E+000  0.12870709E+001  0.18867251E+001  0.26313999E+001  0.40996647E+001  0.58392697E+001
  0.30295855E+000  0.31844106E+000  0.46007078E+000  0.62776830E+000  0.80312595E+000  0.91033997E+000  0.12870709E+001  0.18867260E+001  0.26314007E+001  0.40996648E+001  0.58392699E+001
  0.30295856E+000  0.31844106E+000  0.46007078E+000  0.62776830E+000  0.80312596E+000  0.91033997E+000  0.12870709E+001  0.18867269E+001  0.26314015E+001  0.40996649E+001  0.58392701E+001
  0.30295856E+000  0.31844106E+000  0.46007078E+000  0.62776830E+000  0.80312597E+000  0.91033998E+000  0.12870709E+001  0.18867278E+001  0.26314024E+001  0.40996650E+001  0.58392703E+001
  0.30295857E+000  0.31844106E+000  0.46007078E+000  0.62776830E+000  0.80312599E+000  0.91033999E+000  0.12870709E+001  0.18867287E+001  0.26314032E+001  0.40996651E+001  0.58392706E+001
  0.30295857E+000  0.31844106E+000  0.46007078E+000  0.62776830E+000  0.80312600E+000  0.91033999E+000  0.12870709E+001  0.18867297E+001  0.26314041E+001  0.40996652E+001  0.58392708E+001
  0.30295858E+000  0.31844106E+000  0.46007078E+000  0.62776830E+000  0.80312601E+000  0.91034000E+000  0.12870709E+001  0.18867306E+001  0.26314050E+001  0.40996653E+001  0.58392710E+001
  0.30295858E+000  0.31844106E+000  0.46007078E+000  0.62776830E+000  0.80312603E+000  0.91034001E+000  0.12870709E+001  0.18867316E+001  0.26314059E+001  0.40996654E+001  0.58392713E+001
  0.30295858E+000  0.31844106E+000  0.46007078E+000  0.62776830E+000  0.80312604E+000  0.91034001E+000  0.12870709E+001  0.18867326E+001  0.26314069E+001  0.40996655E+001  0.58392715E+001
  0.30295859E+000  0.31844106E+000  0.46007078E+000  0.62776830E+000  0.80312605E+000  0.91034002E+000  0.12870709E+001  0.18867337E+001  0.26314078E+001  0.40996657E+001  0.58392718E+001
  0.30295859E+000  0.31844106E+000  0.46007078E+000  0.62776830E+000  0.80312607E+000  0.91034003E+000  0.12870709E+001  0.18867347E+001  0.26314088E+001  0.40996658E+001  0.58392721E+001
  0.30295860E+000  0.31844106E+000  0.46007078E+000  0.62776830E+000  0.80312608E+000  0.91034004E+000  0.12870709E+001  0.18867357E+001  0.26314098E+001  0.40996660E+001  0.58392724E+001
  0.30295860E+000  0.31844106E+000  0.46007078E+000  0.62776830E+000  0.80312610E+000  0.91034005E+000  0.12870709E+001  0.18867368E+001  0.26314108E+001  0.40996661E+001  0.58392728E+001
  0.30295861E+000  0.31844107E+000  0.46007078E+000  0.62776830E+000  0.80312612E+000  0.91034006E+000  0.12870709E+001  0.18867379E+001  0.26314118E+001  0.40996663E+001  0.58392731E+001
  0.30295861E+000  0.31844107E+000  0.46007078E+000  0.62776830E+000  0.80312613E+000  0.91034007E+000  0.12870709E+001  0.18867390E+001  0.26314129E+001  0.40996664E+001  0.58392735E+001
  0.30295862E+000  0.31844107E+000  0.46007078E+000  0.62776830E+000  0.80312615E+000  0.91034007E+000  0.12870709E+001  0.18867401E+001  0.26314140E+001  0.40996666E+001  0.58392739E+001
  0.30295862E+000  0.31844107E+000  0.46007078E+000  0.62776830E+000  0.80312617E+000  0.91034008E+000  0.12870709E+001  0.18867412E+001  0.26314151E+001  0.40996668E+001  0.58392743E+001
  0.30295863E+000  0.31844107E+000  0.46007078E+000  0.62776830E+000  0.80312618E+000  0.91034009E+000  0.12870709E+001  0.18867424E+001  0.26314162E+001  0.40996669E+001  0.58392747E+001
  0.30295863E+000  0.31844107E+000  0.46007078E+000  0.62776830E+000  0.80312620E+000  0.91034010E+000  0.12870709E+001  0.18867435E+001  0.26314173E+001  0.40996671E+001  0.58392752E+001
  0.30295864E+000  0.31844107E+000  0.46007078E+000  0.62776830E+000  0.80312622E+000  0.91034011E+000  0.12870709E+001  0.18867446E+001  0.26314185E+001  0.40996673E+001  0.58392756E+001
  0.30295864E+000  0.31844107E+000  0.46007078E+000  0.62776830E+000  0.80312624E+000  0.91034012E+000  0.12870709E+001  0.18867458E+001  0.26314197E+001  0.40996675E+001  0.58392761E+001
  0.30295865E+000  0.31844107E+000  0.46007078E+000  0.62776830E+000  0.80312626E+000  0.91034014E+000  0.12870709E+001  0.18867470E+001  0.26314209E+001  0.40996677E+001  0.58392766E+001
  0.30295865E+000  0.31844107E+000  0.46007078E+000  0.62776830E+000  0.80312628E+000  0.91034015E+000  0.12870709E+001  0.18867481E+001  0.26314221E+001  0.40996679E+001  0.58392772E+001
  0.30295866E+000  0.31844107E+000  0.46007078E+000  0.62776830E+000  0.80312630E+000  0.91034016E+000  0.12870709E+001  0.18867493E+001  0.26314233E+001  0.40996681E+001  0.58392778E+001
  0.30295867E+000  0.31844107E+000  0.46007078E+000  0.62776830E+000  0.80312632E+000  0.91034017E+000  0.12870709E+001  0.18867505E+001  0.26314246E+001  0.40996684E+001  0.58392784E+001
  0.30295867E+000  0.31844107E+000  0.46007078E+000  0.62776830E+000  0.80312633E+000  0.91034018E+000  0.12870709E+001  0.18867517E+001  0.26314259E+001  0.40996686E+001  0.58392790E+001
  0.30295868E+000  0.31844107E+000  0.46007078E+000  0.62776830E+000  0.80312635E+000  0.91034019E+000  0.12870709E+001  0.18867529E+001  0.26314272E+001  0.40996688E+001  0.58392797E+001
  0.30295868E+000  0.31844107E+000  0.46007078E+000  0.62776830E+000  0.80312637E+000  0.91034020E+000  0.12870709E+001  0.18867541E+001  0.26314285E+001  0.40996691E+001  0.58392804E+001
  0.30295869E+000  0.31844108E+000  0.46007078E+000  0.62776830E+000  0.80312639E+000  0.91034021E+000  0.12870709E+001  0.18867553E+001  0.26314298E+001  0.40996693E+001  0.58392811E+001
  0.30295869E+000  0.31844108E+000  0.46007078E+000  0.62776830E+000  0.80312641E+000  0.91034022E+000  0.12870709E+001  0.18867565E+001  0.26314312E+001  0.40996696E+001  0.58392819E+001
  0.30295870E+000  0.31844108E+000  0.46007078E+000  0.62776830E+000  0.80312643E+000  0.91034023E+000  0.12870709E+001  0.18867577E+001  0.26314325E+001  0.40996698E+001  0.58392827E+001
  0.30295870E+000  0.31844108E+000  0.46007078E+000  0.62776830E+000  0.80312645E+000  0.91034024E+000  0.12870709E+001  0.18867589E+001  0.26314339E+001  0.40996701E+001  0.58392835E+001
  0.30295871E+000  0.31844108E+000  0.46007078E+000  0.62776830E+000  0.80312647E+000  0.91034025E+000  0.12870709E+001  0.18867601E+001  0.26314352E+001  0.40996704E+001  0.58392844E+001
  0.30295871E+000  0.31844108E+000  0.46007078E+000  0.62776830E+000  0.80312649E+000  0.91034026E+000  0.12870709E+001  0.18867613E+001  0.26314366E+001  0.40996707E+001  0.58392853E+001
  0.30295872E+000  0.31844108E+000  0.46007078E+000  0.62776830E+000  0.80312651E+000  0.91034027E+000  0.12870709E+001  0.18867625E+001  0.26314380E+001  0.40996710E+001  0.58392862E+001
  0.30295872E+000  0.31844108E+000  0.46007078E+000  0.62776830E+000  0.80312653E+000  0.91034028E+000  0.12870709E+001  0.18867637E+001  0.26314394E+001  0.40996712E+001  0.58392872E+001
  0.30295873E+000  0.31844108E+000  0.46007078E+000  0.62776830E+000  0.80312655E+000  0.91034029E+000  0.12870709E+001  0.18867649E+001  0.26314408E+001  0.40996715E+001  0.58392882E+001
  0.30295873E+000  0.31844108E+000  0.46007078E+000  0.62776830E+000  0.80312657E+000  0.91034030E+000  0.12870709E+001  0.18867661E+001  0.26314423E+001  0.40996719E+001  0.58392893E+001
  0.30295874E+000  0.31844108E+000  0.46007078E+000  0.62776830E+000  0.80312659E+000  0.91034031E+000  0.12870709E+001  0.18867673E+001  0.26314437E+001  0.40996722E+001  0.58392904E+001
  0.30295874E+000  0.31844108E+000  0.46007078E+000  0.62776830E+000  0.80312661E+000  0.91034032E+000  0.12870709E+001  0.18868188E+001  0.26314451E+001  0.40996725E+001  0.58392915E+001
  0.30295875E+000  0.31844108E+000  0.46007078E+000  0.62776830E+000  0.80312663E+000  0.91034033E+000  0.12870709E+001  0.18876335E+001  0.26314466E+001  0.40996728E+001  0.58392927E+001
  0.30295875E+000  0.31844108E+000  0.46007078E+000  0.62776830E+000  0.80312664E+000  0.91034034E+000  0.12870709E+001  0.18876365E+001  0.26314480E+001  0.40996731E+001  0.58392939E+001
  0.30295876E+000  0.31844108E+000  0.46007078E+000  0.62776830E+000  0.80312666E+000  0.91034034E+000  0.12870709E+001  0.18876395E+001  0.26314494E+001  0.40996735E+001  0.58392951E+001
  0.30295876E+000  0.31844108E+000  0.46007078E+000  0.62776830E+000  0.80312668E+000  0.91034035E+000  0.12870709E+001  0.18876425E+001  0.26314509E+001  0.40996738E+001  0.58392964E+001
  0.30295877E+000  0.31844108E+000  0.46007078E+000  0.62776830E+000  0.80312670E+000  0.91034036E+000  0.12870709E+001  0.18876455E+001  0.26314523E+001  0.40996741E+001  0.58392977E+001
  0.30295877E+000  0.31844108E+000  0.46007078E+000  0.62776830E+000  0.80312671E+000  0.91034037E+000  0.12870709E+001  0.18876485E+001  0.26314538E+001  0.40996745E+001  0.58392991E+001
  0.30295877E+000  0.31844108E+000  0.46007078E+000  0.62776830E+000  0.80312673E+000  0.91034038E+000  0.12870709E+001  0.18876514E+001  0.26314596E+001  0.40996748E+001  0.58393005E+001
  0.30295878E+000  0.31844108E+000  0.46007078E+000  0.62776830E+000  0.80312675E+000  0.91034038E+000  0.12870709E+001  0.18876543E+001  0.26314654E+001  0.40996752E+001  0.58393019E+001
  0.30295878E+000  0.31844108E+000  0.46007078E+000  0.62776830E+000  0.80312676E+000  0.91034039E+000  0.12870709E+001  0.18876572E+001  0.26314688E+001  0.40996755E+001  0.58393034E+001
  0.30295879E+000  0.31844109E+000  0.46007078E+000  0.62776830E+000  0.80312678E+000  0.91034040E+000  0.12870709E+001  0.18876600E+001  0.26314722E+001  0.40996759E+001  0.58393049E+001
  0.30295879E+000  0.31844109E+000  0.46007078E+000  0.62776830E+000  0.80312680E+000  0.91034040E+000  0.12870709E+001  0.18876628E+001  0.26314756E+001  0.40996762E+001  0.58393065E+001
  0.30295879E+000  0.31844109E+000  0.46007078E+000  0.62776830E+000  0.80312681E+000  0.91034041E+000  0.12870709E+001  0.18876656E+001  0.26314790E+001  0.40996766E+001  0.58393080E+001
  0.30295880E+000  0.31844109E+000  0.46007078E+000  0.62776830E+000  0.80312683E+000  0.91034042E+000  0.12870709E+001  0.18876684E+001  0.26314823E+001  0.40996770E+001  0.58393096E+001
  0.30295880E+000  0.31844109E+000  0.46007078E+000  0.62776830E+000  0.80312684E+000  0.91034042E+000  0.12870709E+001  0.18876711E+001  0.26314857E+001  0.40996773E+001  0.58393113E+001
  0.30295881E+000  0.31844109E+000  0.46007078E+000  0.62776830E+000  0.80312686E+000  0.91034043E+000  0.12870709E+001  0.18876738E+001  0.26314890E+001  0.40996777E+001  0.58393129E+001
  0.30295881E+000  0.31844109E+000  0.46007078E+000  0.62776830E+000  0.80312687E+000  0.91034043E+000  0.12870709E+001  0.18876764E+001  0.26314923E+001  0.40996780E+001  0.58393146E+001
  0.30295881E+000  0.31844109E+000  0.46007078E+000  0.62776830E+000  0.80312688E+000  0.91034044E+000  0.12870709E+001  0.18876790E+001  0.26314955E+001  0.40996784E+001  0.58393163E+001
  0.30295881E+000  0.31844109E+000  0.46007078E+000  0.62776830E+000  0.80312690E+000  0.91034044E+000  0.12870709E+001  0.18876816E+001  0.26314988E+001  0.40996788E+001  0.58393181E+001
  0.30295882E+000  0.31844109E+000  0.46007078E+000  0.62776830E+000  0.80312691E+000  0.91034045E+000  0.12870709E+001  0.18876842E+001  0.26315020E+001  0.40996792E+001  0.58393198E+001
  0.30295882E+000  0.31844109E+000  0.46007078E+000  0.62776830E+000  0.80312692E+000  0.91034045E+000  0.12870709E+001  0.18876867E+001  0.26315051E+001  0.40996795E+001  0.58393216E+001
  0.30295882E+000  0.31844109E+000  0.46007078E+000  0.62776830E+000  0.80312693E+000  0.91034046E+000  0.12870709E+001  0.18876891E+001  0.26315083E+001  0.40996799E+001  0.58393234E+001
  0.30295883E+000  0.31844109E+000  0.46007078E+000  0.62776830E+000  0.80312694E+000  0.91034046E+000  0.12870709E+001  0.18876915E+001  0.26315114E+001  0.40996803E+001  0.58393253E+001
  0.30295883E+000  0.31844109E+000  0.46007078E+000  0.62776830E+000  0.80312696E+000  0.91034047E+000  0.12870709E+001  0.18876939E+001  0.26315145E+001  0.40996806E+001  0.58393271E+001
  0.30295883E+000  0.31844109E+000  0.46007078E+000  0.62776830E+000  0.80312697E+000  0.91034047E+000  0.12870709E+001  0.18876962E+001  0.26315175E+001  0.40996810E+001  0.58393289E+001
  0.30295883E+000  0.31844109E+000  0.46007078E+000  0.62776830E+000  0.80312698E+000  0.91034047E+000  0.12870709E+001  0.18876985E+001  0.26315205E+001  0.40996813E+001  0.58393308E+001
  0.30295884E+000  0.31844109E+000  0.46007078E+000  0.62776830E+000  0.80312699E+000  0.91034048E+000  0.12870709E+001  0.18877008E+001  0.26315235E+001  0.40996817E+001  0.58393327E+001
  0.30295884E+000  0.31844109E+000  0.46007078E+000  0.62776830E+000  0.80312700E+000  0.91034048E+000  0.12870709E+001  0.18877029E+001  0.26315264E+001  0.40996821E+001  0.58393346E+001
  0.30295884E+000  0.31844109E+000  0.46007078E+000  0.62776830E+000  0.80312701E+000  0.91034049E+000  0.12870709E+001  0.18877051E+001  0.26315293E+001  0.40996824E+001  0.58393365E+001
  0.30295884E+000  0.31844109E+000  0.46007078E+000  0.62776830E+000  0.80312702E+000  0.91034049E+000  0.12870709E+001  0.18877072E+001  0.26315321E+001  0.40996828E+001  0.58393384E+001
  0.30295884E+000  0.31844109E+000  0.46007078E+000  0.62776830E+000  0.80312703E+000  0.91034049E+000  0.12870709E+001  0.18877093E+001  0.26315349E+001  0.40996831E+001  0.58393403E+001
  0.30295885E+000  0.31844109E+000  0.46007078E+000  0.62776830E+000  0.80312703E+000  0.91034049E+000  0.12870709E+001  0.18877113E+001  0.26315377E+001  0.40996835E+001  0.58393422E+001
  0.30295885E+000  0.31844109E+000  0.46007078E+000  0.62776830E+000  0.80312704E+000  0.91034050E+000  0.12870709E+001  0.18877133E+001  0.26315404E+001  0.40996838E+001  0.58393441E+001
  0.30295885E+000  0.31844109E+000  0.46007078E+000  0.62776830E+000  0.80312705E+000  0.91034050E+000  0.12870709E+001  0.18877152E+001  0.26315431E+001  0.40996842E+001  0.58393460E+001
  0.30295885E+000  0.31844109E+000  0.46007078E+000  0.62776830E+000  0.80312706E+000  0.91034050E+000  0.12870709E+001  0.18877171E+001  0.26315457E+001  0.40996845E+001  0.58393479E+001
  0.30295885E+000  0.31844109E+000  0.46007078E+000  0.62776830E+000  0.80312707E+000  0.91034051E+000  0.12870709E+001  0.18877190E+001  0.26315483E+001  0.40996849E+001  0.58393498E+001
  0.30295886E+000  0.31844109E+000  0.46007078E+000  0.62776830E+000  0.80312707E+000  0.91034051E+000  0.12870709E+001  0.18877208E+001  0.26315508E+001  0.40996852E+001  0.58393517E+001
  0.30295886E+000  0.31844109E+000  0.46007078E+000  0.62776830E+000  0.80312708E+000  0.91034051E+000  0.12870709E+001  0.18877225E+001  0.26315533E+001  0.40996855E+001  0.58393536E+001
  0.30295886E+000  0.31844109E+000  0.46007078E+000  0.62776830E+000  0.80312709E+000  0.91034051E+000  0.12870709E+001  0.18877242E+001  0.26315557E+001  0.40996858E+001  0.58393555E+001
  0.30295886E+000  0.31844109E+000  0.46007078E+000  0.62776830E+000  0.80312709E+000  0.91034051E+000  0.12870709E+001  0.18877259E+001  0.26315581E+001  0.40996862E+001  0.58393573E+001
  0.30295886E+000  0.31844109E+000  0.46007078E+000  0.62776830E+000  0.80312710E+000  0.91034052E+000  0.12870709E+001  0.18877275E+001  0.26315604E+001  0.40996865E+001  0.58393592E+001
  0.30295886E+000  0.31844109E+000  0.46007078E+000  0.62776830E+000  0.80312711E+000  0.91034052E+000  0.12870709E+001  0.18877291E+001  0.26315627E+001  0.40996868E+001  0.58393611E+001
  0.30295886E+000  0.31844109E+000  0.46007078E+000  0.62776830E+000  0.80312711E+000  0.91034052E+000  0.12870709E+001  0.18877306E+001  0.26315649E+001  0.40996871E+001  0.58393629E+001
  0.30295886E+000  0.31844109E+000  0.46007078E+000  0.62776830E+000  0.80312712E+000  0.91034052E+000  0.12870709E+001  0.18877321E+001  0.26315671E+001  0.40996874E+001  0.58393647E+001
  0.30295887E+000  0.31844109E+000  0.46007078E+000  0.62776830E+000  0.80312712E+000  0.91034052E+000  0.12870709E+001  0.18877336E+001  0.26315693E+001  0.40996877E+001  0.58393665E+001
  0.30295887E+000  0.31844109E+000  0.46007078E+000  0.62776830E+000  0.80312713E+000  0.91034052E+000  0.12870709E+001  0.18877350E+001  0.26315713E+001  0.40996880E+001  0.58393683E+001
  0.30295887E+000  0.31844109E+000  0.46007078E+000  0.62776830E+000  0.80312713E+000  0.91034053E+000  0.12870709E+001  0.18877364E+001  0.26315734E+001  0.40996883E+001  0.58393700E+001
  0.30295887E+000  0.31844109E+000  0.46007078E+000  0.62776830E+000  0.80312714E+000  0.91034053E+000  0.12870709E+001  0.18877377E+001  0.26315754E+001  0.40996886E+001  0.58393718E+001
  0.30295887E+000  0.31844109E+000  0.46007078E+000  0.62776830E+000  0.80312714E+000  0.91034053E+000  0.12870709E+001  0.18877390E+001  0.26315773E+001  0.40996888E+001  0.58393735E+001
  0.30295887E+000  0.31844109E+000  0.46007078E+000  0.62776830E+000  0.80312715E+000  0.91034053E+000  0.12870709E+001  0.18877403E+001  0.26315792E+001  0.40996891E+001  0.58393752E+001
  0.30295887E+000  0.31844109E+000  0.46007078E+000  0.62776830E+000  0.80312715E+000  0.91034053E+000  0.12870709E+001  0.18877415E+001  0.26315811E+001  0.40996894E+001  0.58393769E+001
  0.30295887E+000  0.31844109E+000  0.46007078E+000  0.62776830E+000  0.80312715E+000  0.91034053E+000  0.12870709E+001  0.18877427E+001  0.26315829E+001  0.40996897E+001  0.58393785E+001
  0.30295887E+000  0.31844109E+000  0.46007078E+000  0.62776830E+000  0.80312716E+000  0.91034053E+000  0.12870709E+001  0.18877438E+001  0.26315846E+001  0.40996899E+001  0.58393802E+001
  0.30295887E+000  0.31844109E+000  0.46007078E+000  0.62776830E+000  0.80312716E+000  0.91034053E+000  0.12870709E+001  0.18877450E+001  0.26315863E+001  0.40996902E+001  0.58393818E+001
  0.30295887E+000  0.31844109E+000  0.46007078E+000  0.62776830E+000  0.80312716E+000  0.91034054E+000  0.12870709E+001  0.18877460E+001  0.26315880E+001  0.40996904E+001  0.58393834E+001
  0.30295887E+000  0.31844109E+000  0.46007078E+000  0.62776830E+000  0.80312717E+000  0.91034054E+000  0.12870709E+001  0.18877471E+001  0.26315896E+001  0.40996906E+001  0.58393849E+001
  0.30295887E+000  0.31844109E+000  0.46007078E+000  0.62776830E+000  0.80312717E+000  0.91034054E+000  0.12870709E+001  0.18877481E+001  0.26315912E+001  0.40996909E+001  0.58393864E+001
  0.30295888E+000  0.31844109E+000  0.46007078E+000  0.62776830E+000  0.80312717E+000  0.91034054E+000  0.12870709E+001  0.18877491E+001  0.26315927E+001  0.40996911E+001  0.58393880E+001
  0.30295888E+000  0.31844109E+000  0.46007078E+000  0.62776830E+000  0.80312718E+000  0.91034054E+000  0.12870709E+001  0.18877500E+001  0.26315942E+001  0.40996913E+001  0.58393894E+001
  0.30295888E+000  0.31844109E+000  0.46007078E+000  0.62776830E+000  0.80312718E+000  0.91034054E+000  0.12870709E+001  0.18877509E+001  0.26315957E+001  0.40996916E+001  0.58393909E+001
  0.30295888E+000  0.31844109E+000  0.46007078E+000  0.62776830E+000  0.80312718E+000  0.91034054E+000  0.12870709E+001  0.18877518E+001  0.26315971E+001  0.40996918E+001  0.58393923E+001
  0.30295888E+000  0.31844109E+000  0.46007078E+000  0.62776830E+000  0.80312718E+000  0.91034054E+000  0.12870709E+001  0.18877526E+001  0.26315984E+001  0.40996920E+001  0.58393937E+001
  0.30295888E+000  0.31844109E+000  0.46007078E+000  0.62776830E+000  0.80312719E+000  0.91034054E+000  0.12870709E+001  0.18877535E+001  0.26315997E+001  0.40996922E+001  0.58393951E+001
  0.30295888E+000  0.31844109E+000  0.46007078E+000  0.62776830E+000  0.80312719E+000  0.91034054E+000  0.12870709E+001  0.18877543E+001  0.26316010E+001  0.40996924E+001  0.58393964E+001
  0.30295888E+000  0.31844109E+000  0.46007078E+000  0.62776830E+000  0.80312719E+000  0.91034054E+000  0.12870709E+001  0.18877550E+001  0.26316023E+001  0.40996926E+001  0.58393977E+001
  0.30295888E+000  0.31844109E+000  0.46007078E+000  0.62776830E+000  0.80312719E+000  0.91034054E+000  0.12870709E+001  0.18877558E+001  0.26316035E+001  0.40996928E+001  0.58393990E+001
  0.30295888E+000  0.31844109E+000  0.46007078E+000  0.62776830E+000  0.80312719E+000  0.91034054E+000  0.12870709E+001  0.18877565E+001  0.26316046E+001  0.40996929E+001  0.58394002E+001
  0.30295888E+000  0.31844109E+000  0.46007078E+000  0.62776830E+000  0.80312720E+000  0.91034055E+000  0.12870709E+001  0.18877572E+001  0.26316058E+001  0.40996931E+001  0.58394014E+001
  0.30295888E+000  0.31844109E+000  0.46007078E+000  0.62776830E+000  0.80312720E+000  0.91034055E+000  0.12870709E+001  0.18877578E+001  0.26316069E+001  0.40996933E+001  0.58394026E+001
  0.30295888E+000  0.31844109E+000  0.46007078E+000  0.62776830E+000  0.80312720E+000  0.91034055E+000  0.12870709E+001  0.18877585E+001  0.26316079E+001  0.40996935E+001  0.58394038E+001
  0.30295888E+000  0.31844109E+000  0.46007078E+000  0.62776830E+000  0.80312720E+000  0.91034055E+000  0.12870709E+001  0.18877591E+001  0.26316089E+001  0.40996936E+001  0.58394049E+001
  0.30295888E+000  0.31844109E+000  0.46007078E+000  0.62776830E+000  0.80312720E+000  0.91034055E+000  0.12870709E+001  0.18877597E+001  0.26316099E+001  0.40996938E+001  0.58394060E+001
  0.30295888E+000  0.31844109E+000  0.46007078E+000  0.62776830E+000  0.80312720E+000  0.91034055E+000  0.12870709E+001  0.18877602E+001  0.26316109E+001  0.40996939E+001  0.58394071E+001
  0.30295888E+000  0.31844109E+000  0.46007078E+000  0.62776830E+000  0.80312721E+000  0.91034055E+000  0.12870709E+001  0.18877608E+001  0.26316118E+001  0.40996941E+001  0.58394082E+001
  0.30295888E+000  0.31844109E+000  0.46007078E+000  0.62776830E+000  0.80312721E+000  0.91034055E+000  0.12870709E+001  0.18877613E+001  0.26316127E+001  0.40996942E+001  0.58394092E+001
  0.30295888E+000  0.31844109E+000  0.46007078E+000  0.62776830E+000  0.80312721E+000  0.91034055E+000  0.12870709E+001  0.18877618E+001  0.26316135E+001  0.40996944E+001  0.58394102E+001
  0.30295888E+000  0.31844109E+000  0.46007078E+000  0.62776830E+000  0.80312721E+000  0.91034055E+000  0.12870709E+001  0.18877623E+001  0.26316144E+001  0.40996945E+001  0.58394112E+001
  0.30295888E+000  0.31844109E+000  0.46007078E+000  0.62776830E+000  0.80312721E+000  0.91034055E+000  0.12870709E+001  0.18877627E+001  0.26316152E+001  0.40996946E+001  0.58394121E+001
  0.30295888E+000  0.31844109E+000  0.46007078E+000  0.62776830E+000  0.80312721E+000  0.91034055E+000  0.12870709E+001  0.18877632E+001  0.26316159E+001  0.40996948E+001  0.58394130E+001
  0.30295888E+000  0.31844109E+000  0.46007078E+000  0.62776830E+000  0.80312721E+000  0.91034055E+000  0.12870709E+001  0.18877636E+001  0.26316167E+001  0.40996949E+001  0.58394139E+001
  0.30295888E+000  0.31844109E+000  0.46007078E+000  0.62776830E+000  0.80312721E+000  0.91034055E+000  0.12870709E+001  0.18877640E+001  0.26316174E+001  0.40996950E+001  0.58394148E+001
  0.30295888E+000  0.31844109E+000  0.46007078E+000  0.62776830E+000  0.80312721E+000  0.91034055E+000  0.12870709E+001  0.18877644E+001  0.26316181E+001  0.40996951E+001  0.58394156E+001
  0.30295888E+000  0.31844109E+000  0.46007078E+000  0.62776830E+000  0.80312721E+000  0.91034055E+000  0.12870709E+001  0.18877648E+001  0.26316187E+001  0.40996952E+001  0.58394164E+001
  0.30295888E+000  0.31844109E+000  0.46007078E+000  0.62776830E+000  0.80312722E+000  0.91034055E+000  0.12870709E+001  0.18877652E+001  0.26316194E+001  0.40996953E+001  0.58394172E+001
  0.30295888E+000  0.31844109E+000  0.46007078E+000  0.62776830E+000  0.80312722E+000  0.91034055E+000  0.12870709E+001  0.18877655E+001  0.26316200E+001  0.40996955E+001  0.58394180E+001
  0.30295888E+000  0.31844109E+000  0.46007078E+000  0.62776830E+000  0.80312722E+000  0.91034055E+000  0.12870709E+001  0.18877658E+001  0.26316206E+001  0.40996956E+001  0.58394187E+001
