 -0.48123520E+000 -0.23367244E+000 -0.54910978E-002 -0.45320847E-002 -0.16550454E-002  0.22933633E+000  0.34247202E+001  0.16556427E+002  0.32977854E+002  0.97855980E+002  0.17234813E+003
 -0.48123557E+000 -0.23367711E+000 -0.54911257E-002 -0.45322530E-002 -0.16556349E-002  0.22933618E+000  0.34247199E+001  0.16556427E+002  0.32978118E+002  0.97851394E+002  0.17234812E+003
 -0.48123605E+000 -0.23368296E+000 -0.54911358E-002 -0.45323047E-002 -0.16558115E-002  0.22933615E+000  0.34247200E+001  0.16556427E+002  0.32978357E+002  0.97844415E+002  0.17234812E+003
 -0.48123652E+000 -0.23368769E+000 -0.54911412E-002 -0.45323209E-002 -0.16558599E-002  0.22933615E+000  0.34247200E+001  0.16556427E+002  0.32978579E+002  0.97837557E+002  0.17234812E+003
 -0.48123692E+000 -0.23369076E+000 -0.54911449E-002 -0.45323253E-002 -0.16558664E-002  0.22933617E+000  0.34247200E+001  0.16556427E+002  0.32978790E+002  0.97831417E+002  0.17234812E+003
 -0.48123723E+000 -0.23369234E+000 -0.54911477E-002 -0.45323253E-002 -0.16558581E-002  0.22933618E+000  0.34247201E+001  0.16556427E+002  0.32978994E+002  0.97826085E+002  0.17234812E+003
 -0.48123746E+000 -0.23369279E+000 -0.54911500E-002 -0.45323234E-002 -0.16558439E-002  0.22933620E+000  0.34247201E+001  0.16556427E+002  0.32979191E+002  0.97821524E+002  0.17234812E+003
 -0.48123762E+000 -0.23369239E+000 -0.54911518E-002 -0.45323207E-002 -0.16558273E-002  0.22933622E+000  0.34247202E+001  0.16556427E+002  0.32979385E+002  0.97817667E+002  0.17234812E+003
 -0.48123772E+000 -0.23369139E+000 -0.54911534E-002 -0.45323175E-002 -0.16558098E-002  0.22933625E+000  0.34247202E+001  0.16556427E+002  0.32979574E+002  0.97814448E+002  0.17234812E+003
 -0.48123778E+000 -0.23368993E+000 -0.54911546E-002 -0.45323140E-002 -0.16557921E-002  0.22933627E+000  0.34247202E+001  0.16556427E+002  0.32979759E+002  0.97811806E+002  0.17234812E+003
 -0.48123780E+000 -0.23368816E+000 -0.54911556E-002 -0.45323103E-002 -0.16557745E-002  0.22933629E+000  0.34247203E+001  0.16556427E+002  0.32979940E+002  0.97809692E+002  0.17234812E+003
 -0.48123779E+000 -0.23368614E+000 -0.54911562E-002 -0.45323065E-002 -0.16557573E-002  0.22933630E+000  0.34247203E+001  0.16556427E+002  0.32980118E+002  0.97808061E+002  0.17234812E+003
 -0.48123776E+000 -0.23368396E+000 -0.54911567E-002 -0.45323026E-002 -0.16557406E-002  0.22933632E+000  0.34247204E+001  0.16556427E+002  0.32980293E+002  0.97806878E+002  0.17234812E+003
 -0.48123771E+000 -0.23368167E+000 -0.54911569E-002 -0.45322987E-002 -0.16557242E-002  0.22933634E+000  0.34247204E+001  0.16556427E+002  0.32980464E+002  0.97806114E+002  0.17234812E+003
 -0.48123765E+000 -0.23367931E+000 -0.54911569E-002 -0.45322948E-002 -0.16557084E-002  0.22933635E+000  0.34247204E+001  0.16556427E+002  0.32980633E+002  0.97805745E+002  0.17234812E+003
 -0.48123758E+000 -0.23367694E+000 -0.54911568E-002 -0.45322908E-002 -0.16556929E-002  0.22933636E+000  0.34247205E+001  0.16556427E+002  0.32980800E+002  0.97805756E+002  0.17234812E+003
 -0.48123750E+000 -0.23367456E+000 -0.54911564E-002 -0.45322867E-002 -0.16556779E-002  0.22933637E+000  0.34247205E+001  0.16556427E+002  0.32980965E+002  0.97806133E+002  0.17234812E+003
 -0.48123742E+000 -0.23367222E+000 -0.54911559E-002 -0.45322827E-002 -0.16556631E-002  0.22933638E+000  0.34247206E+001  0.16556427E+002  0.32981128E+002  0.97806870E+002  0.17234812E+003
 -0.48123734E+000 -0.23366993E+000 -0.54911552E-002 -0.45322785E-002 -0.16556487E-002  0.22933639E+000  0.34247206E+001  0.16556427E+002  0.32981291E+002  0.97807963E+002  0.17234812E+003
 -0.48123725E+000 -0.23366769E+000 -0.54911544E-002 -0.45322743E-002 -0.16556344E-002  0.22933640E+000  0.34247206E+001  0.16556427E+002  0.32981453E+002  0.97809413E+002  0.17234812E+003
 -0.48123716E+000 -0.23366553E+000 -0.54911534E-002 -0.45322701E-002 -0.16556202E-002  0.22933642E+000  0.34247207E+001  0.16556427E+002  0.32981614E+002  0.97811225E+002  0.17234812E+003
 -0.48123707E+000 -0.23366344E+000 -0.54911524E-002 -0.45322658E-002 -0.16556061E-002  0.22933643E+000  0.34247207E+001  0.16556427E+002  0.32981776E+002  0.97813405E+002  0.17234812E+003
 -0.48123698E+000 -0.23366144E+000 -0.54911512E-002 -0.45322614E-002 -0.16555920E-002  0.22933644E+000  0.34247208E+001  0.16556427E+002  0.32981938E+002  0.97815965E+002  0.17234812E+003
 -0.48123689E+000 -0.23365951E+000 -0.54911500E-002 -0.45322569E-002 -0.16555778E-002  0.22933645E+000  0.34247208E+001  0.16556427E+002  0.32982102E+002  0.97818917E+002  0.17234812E+003
 -0.48123680E+000 -0.23365766E+000 -0.54911486E-002 -0.45322523E-002 -0.16555635E-002  0.22933646E+000  0.34247208E+001  0.16556427E+002  0.32982267E+002  0.97822279E+002  0.17234812E+003
 -0.48123671E+000 -0.23365588E+000 -0.54911472E-002 -0.45322476E-002 -0.16555490E-002  0.22933647E+000  0.34247209E+001  0.16556427E+002  0.32982434E+002  0.97826070E+002  0.17234812E+003
 -0.48123661E+000 -0.23365417E+000 -0.54911457E-002 -0.45322428E-002 -0.16555343E-002  0.22933649E+000  0.34247209E+001  0.16556427E+002  0.32982603E+002  0.97830313E+002  0.17234812E+003
 -0.48123652E+000 -0.23365253E+000 -0.54911442E-002 -0.45322379E-002 -0.16555192E-002  0.22933650E+000  0.34247210E+001  0.16556427E+002  0.32982775E+002  0.97835032E+002  0.17234812E+003
 -0.48123642E+000 -0.23365095E+000 -0.54911426E-002 -0.45322329E-002 -0.16555038E-002  0.22933652E+000  0.34247210E+001  0.16556427E+002  0.32982949E+002  0.97840255E+002  0.17234812E+003
 -0.48123633E+000 -0.23364942E+000 -0.54911409E-002 -0.45322277E-002 -0.16554881E-002  0.22933654E+000  0.34247211E+001  0.16556427E+002  0.32983128E+002  0.97846014E+002  0.17234812E+003
 -0.48123623E+000 -0.23364794E+000 -0.54911392E-002 -0.45322223E-002 -0.16554718E-002  0.22933656E+000  0.34247211E+001  0.16556427E+002  0.32983310E+002  0.97852342E+002  0.17234812E+003
 -0.48123613E+000 -0.23364649E+000 -0.54911374E-002 -0.45322168E-002 -0.16554552E-002  0.22933658E+000  0.34247211E+001  0.16556427E+002  0.32983496E+002  0.97859276E+002  0.17234812E+003
 -0.48123603E+000 -0.23364508E+000 -0.54911356E-002 -0.45322112E-002 -0.16554380E-002  0.22933660E+000  0.34247212E+001  0.16556427E+002  0.32983688E+002  0.97866856E+002  0.17234812E+003
 -0.48123593E+000 -0.23364370E+000 -0.54911337E-002 -0.45322053E-002 -0.16554203E-002  0.22933663E+000  0.34247212E+001  0.16556427E+002  0.32983884E+002  0.97875124E+002  0.17234812E+003
 -0.48123583E+000 -0.23364234E+000 -0.54911318E-002 -0.45321993E-002 -0.16554020E-002  0.22933665E+000  0.34247213E+001  0.16556427E+002  0.32984086E+002  0.97884125E+002  0.17234812E+003
 -0.48123573E+000 -0.23364099E+000 -0.54911298E-002 -0.45321931E-002 -0.16553831E-002  0.22933668E+000  0.34247213E+001  0.16556427E+002  0.32984294E+002  0.97893909E+002  0.17234812E+003
 -0.48123562E+000 -0.23363966E+000 -0.54911277E-002 -0.45321867E-002 -0.16553636E-002  0.22933671E+000  0.34247214E+001  0.16556427E+002  0.32984509E+002  0.97904528E+002  0.17234812E+003
 -0.48123551E+000 -0.23363832E+000 -0.54911256E-002 -0.45321800E-002 -0.16553436E-002  0.22933675E+000  0.34247214E+001  0.16556427E+002  0.32984731E+002  0.97916039E+002  0.17234812E+003
 -0.48123539E+000 -0.23363698E+000 -0.54911234E-002 -0.45321732E-002 -0.16553229E-002  0.22933678E+000  0.34247215E+001  0.16556427E+002  0.32984960E+002  0.97928500E+002  0.17234812E+003
 -0.48123528E+000 -0.23363563E+000 -0.54911211E-002 -0.45321662E-002 -0.16553015E-002  0.22933682E+000  0.34247215E+001  0.16556427E+002  0.32985198E+002  0.97941975E+002  0.17234812E+003
 -0.48123516E+000 -0.23363427E+000 -0.54911188E-002 -0.45321590E-002 -0.16552796E-002  0.22933686E+000  0.34247216E+001  0.16556427E+002  0.32985445E+002  0.97956534E+002  0.17234812E+003
 -0.48123504E+000 -0.23363288E+000 -0.54911164E-002 -0.45321515E-002 -0.16552570E-002  0.22933690E+000  0.34247217E+001  0.16556427E+002  0.32985701E+002  0.97972248E+002  0.17234812E+003
 -0.48123491E+000 -0.23363148E+000 -0.54911139E-002 -0.45321439E-002 -0.16552338E-002  0.22933695E+000  0.34247217E+001  0.16556427E+002  0.32985967E+002  0.97989197E+002  0.17234812E+003
 -0.48123479E+000 -0.23363004E+000 -0.54911114E-002 -0.45321360E-002 -0.16552101E-002  0.22933700E+000  0.34247218E+001  0.16556427E+002  0.32986244E+002  0.98007464E+002  0.17234812E+003
 -0.48123465E+000 -0.23362857E+000 -0.54911087E-002 -0.45321280E-002 -0.16551857E-002  0.22933705E+000  0.34247218E+001  0.16556427E+002  0.32986532E+002  0.98027137E+002  0.17234812E+003
 -0.48123452E+000 -0.23362706E+000 -0.54911060E-002 -0.45321197E-002 -0.16551608E-002  0.22933710E+000  0.34247219E+001  0.16556427E+002  0.32986832E+002  0.98048314E+002  0.17234812E+003
 -0.48123438E+000 -0.23362551E+000 -0.54911032E-002 -0.45321112E-002 -0.16551354E-002  0.22933716E+000  0.34247220E+001  0.16556427E+002  0.32987145E+002  0.98071097E+002  0.17234812E+003
 -0.48123424E+000 -0.23362391E+000 -0.54911003E-002 -0.45321026E-002 -0.16551094E-002  0.22933722E+000  0.34247220E+001  0.16556427E+002  0.32987471E+002  0.98095595E+002  0.17234812E+003
 -0.48123409E+000 -0.23362225E+000 -0.54910973E-002 -0.45320937E-002 -0.16550829E-002  0.22933728E+000  0.34247221E+001  0.16556428E+002  0.32987811E+002  0.98121926E+002  0.17234812E+003
 -0.48123394E+000 -0.23362055E+000 -0.54910943E-002 -0.45320847E-002 -0.16550559E-002  0.22933735E+000  0.34247222E+001  0.16556428E+002  0.32988166E+002  0.98150217E+002  0.17234812E+003
 -0.48123379E+000 -0.23361879E+000 -0.54910911E-002 -0.45320754E-002 -0.16550284E-002  0.22933742E+000  0.34247223E+001  0.16556428E+002  0.32988536E+002  0.98180602E+002  0.17234812E+003
 -0.48123364E+000 -0.23361696E+000 -0.54910879E-002 -0.45320660E-002 -0.16550004E-002  0.22933749E+000  0.34247223E+001  0.16556428E+002  0.32988923E+002  0.98213225E+002  0.17234812E+003
 -0.48123348E+000 -0.23361507E+000 -0.54910845E-002 -0.45320564E-002 -0.16549720E-002  0.22933756E+000  0.34247224E+001  0.16556428E+002  0.32989326E+002  0.98248241E+002  0.17234812E+003
 -0.48123331E+000 -0.23361311E+000 -0.54910811E-002 -0.45320466E-002 -0.16549432E-002  0.22933764E+000  0.34247225E+001  0.16556428E+002  0.32989748E+002  0.98285814E+002  0.17234812E+003
 -0.48123315E+000 -0.23361109E+000 -0.54910776E-002 -0.45320367E-002 -0.16549140E-002  0.22933772E+000  0.34247226E+001  0.16556428E+002  0.32990187E+002  0.98326121E+002  0.17234812E+003
 -0.48123298E+000 -0.23360899E+000 -0.54910739E-002 -0.45320265E-002 -0.16548843E-002  0.22933780E+000  0.34247227E+001  0.16556428E+002  0.32990646E+002  0.98369349E+002  0.17234812E+003
 -0.48123281E+000 -0.23360682E+000 -0.54910702E-002 -0.45320162E-002 -0.16548543E-002  0.22933789E+000  0.34247228E+001  0.16556428E+002  0.32991125E+002  0.98415696E+002  0.17234812E+003
 -0.48123263E+000 -0.23360457E+000 -0.54910664E-002 -0.45320058E-002 -0.16548239E-002  0.22933798E+000  0.34247228E+001  0.16556428E+002  0.32991625E+002  0.98465375E+002  0.17234812E+003
 -0.48123246E+000 -0.23360225E+000 -0.54910625E-002 -0.45319951E-002 -0.16547932E-002  0.22933807E+000  0.34247229E+001  0.16556428E+002  0.32992146E+002  0.98518609E+002  0.17234812E+003
 -0.48123228E+000 -0.23359985E+000 -0.54910585E-002 -0.45319844E-002 -0.16547621E-002  0.22933817E+000  0.34247230E+001  0.16556428E+002  0.32992689E+002  0.98575635E+002  0.17234812E+003
 -0.48123209E+000 -0.23359737E+000 -0.54910544E-002 -0.45319734E-002 -0.16547307E-002  0.22933827E+000  0.34247231E+001  0.16556428E+002  0.32993255E+002  0.98636699E+002  0.17234812E+003
 -0.48123191E+000 -0.23359482E+000 -0.54910502E-002 -0.45319624E-002 -0.16546990E-002  0.22933837E+000  0.34247232E+001  0.16556428E+002  0.32993844E+002  0.98702062E+002  0.17234812E+003
 -0.48123172E+000 -0.23359218E+000 -0.54910459E-002 -0.45319512E-002 -0.16546670E-002  0.22933848E+000  0.34247233E+001  0.16556428E+002  0.32994457E+002  0.98771993E+002  0.17234812E+003
 -0.48123153E+000 -0.23358947E+000 -0.54910415E-002 -0.45319398E-002 -0.16546348E-002  0.22933858E+000  0.34247234E+001  0.16556428E+002  0.32995094E+002  0.98846772E+002  0.17234812E+003
 -0.48123133E+000 -0.23358667E+000 -0.54910371E-002 -0.45319283E-002 -0.16546023E-002  0.22933870E+000  0.34247236E+001  0.16556428E+002  0.32995756E+002  0.98926687E+002  0.17234812E+003
 -0.48123114E+000 -0.23358380E+000 -0.54910325E-002 -0.45319167E-002 -0.16545696E-002  0.22933881E+000  0.34247237E+001  0.16556428E+002  0.32996443E+002  0.99012034E+002  0.17234812E+003
 -0.48123094E+000 -0.23358086E+000 -0.54910278E-002 -0.45319050E-002 -0.16545367E-002  0.22933893E+000  0.34247238E+001  0.16556428E+002  0.32997155E+002  0.99103111E+002  0.17234812E+003
 -0.48123074E+000 -0.23357783E+000 -0.54910231E-002 -0.45318932E-002 -0.16545036E-002  0.22933906E+000  0.34247239E+001  0.16556428E+002  0.32997893E+002  0.99173810E+002  0.17234812E+003
 -0.48123053E+000 -0.23357474E+000 -0.54910183E-002 -0.45318813E-002 -0.16544704E-002  0.22933918E+000  0.34247240E+001  0.16556428E+002  0.32998656E+002  0.99179581E+002  0.17234812E+003
 -0.48123033E+000 -0.23357157E+000 -0.54910134E-002 -0.45318693E-002 -0.16544371E-002  0.22933931E+000  0.34247241E+001  0.16556428E+002  0.32999445E+002  0.99185723E+002  0.17234812E+003
 -0.48123012E+000 -0.23356833E+000 -0.54910084E-002 -0.45318572E-002 -0.16544037E-002  0.22933944E+000  0.34247243E+001  0.16556428E+002  0.33000260E+002  0.99192251E+002  0.17234812E+003
 -0.48122991E+000 -0.23356502E+000 -0.54910034E-002 -0.45318451E-002 -0.16543703E-002  0.22933958E+000  0.34247244E+001  0.16556429E+002  0.33001100E+002  0.99199182E+002  0.17234812E+003
 -0.48122970E+000 -0.23356165E+000 -0.54909983E-002 -0.45318329E-002 -0.16543368E-002  0.22933972E+000  0.34247245E+001  0.16556429E+002  0.33001965E+002  0.99206531E+002  0.17234812E+003
 -0.48122949E+000 -0.23355822E+000 -0.54909931E-002 -0.45318207E-002 -0.16543034E-002  0.22933986E+000  0.34247247E+001  0.16556429E+002  0.33002855E+002  0.99214314E+002  0.17234812E+003
 -0.48122927E+000 -0.23355473E+000 -0.54909879E-002 -0.45318084E-002 -0.16542699E-002  0.22934000E+000  0.34247248E+001  0.16556429E+002  0.33003771E+002  0.99222545E+002  0.17234812E+003
 -0.48122906E+000 -0.23355118E+000 -0.54909826E-002 -0.45317961E-002 -0.16542366E-002  0.22934014E+000  0.34247249E+001  0.16556429E+002  0.33004711E+002  0.99231237E+002  0.17234812E+003
 -0.48122884E+000 -0.23354758E+000 -0.54909773E-002 -0.45317838E-002 -0.16542033E-002  0.22934029E+000  0.34247251E+001  0.16556429E+002  0.33005675E+002  0.99240402E+002  0.17234812E+003
 -0.48122863E+000 -0.23354393E+000 -0.54909719E-002 -0.45317715E-002 -0.16541702E-002  0.22934044E+000  0.34247252E+001  0.16556429E+002  0.33006663E+002  0.99250052E+002  0.17234812E+003
 -0.48122841E+000 -0.23354024E+000 -0.54909665E-002 -0.45317592E-002 -0.16541373E-002  0.22934059E+000  0.34247253E+001  0.16556429E+002  0.33007674E+002  0.99260198E+002  0.17234812E+003
 -0.48122820E+000 -0.23353651E+000 -0.54909611E-002 -0.45317469E-002 -0.16541046E-002  0.22934074E+000  0.34247255E+001  0.16556429E+002  0.33008707E+002  0.99270850E+002  0.17234812E+003
 -0.48122798E+000 -0.23353275E+000 -0.54909556E-002 -0.45317347E-002 -0.16540721E-002  0.22934090E+000  0.34247256E+001  0.16556429E+002  0.33009763E+002  0.99282015E+002  0.17234812E+003
 -0.48122777E+000 -0.23352896E+000 -0.54909501E-002 -0.45317225E-002 -0.16540398E-002  0.22934105E+000  0.34247258E+001  0.16556429E+002  0.33010840E+002  0.99293701E+002  0.17234812E+003
 -0.48122756E+000 -0.23352514E+000 -0.54909446E-002 -0.45317104E-002 -0.16540079E-002  0.22934120E+000  0.34247259E+001  0.16556429E+002  0.33011939E+002  0.99305916E+002  0.17234812E+003
 -0.48122734E+000 -0.23352131E+000 -0.54909391E-002 -0.45316984E-002 -0.16539763E-002  0.22934136E+000  0.34247261E+001  0.16556429E+002  0.33013057E+002  0.99318664E+002  0.17234812E+003
 -0.48122713E+000 -0.23351746E+000 -0.54909337E-002 -0.45316865E-002 -0.16539451E-002  0.22934151E+000  0.34247263E+001  0.16556429E+002  0.33014195E+002  0.99331951E+002  0.17234812E+003
 -0.48122693E+000 -0.23351360E+000 -0.54909282E-002 -0.45316747E-002 -0.16539142E-002  0.22934167E+000  0.34247264E+001  0.16556430E+002  0.33015352E+002  0.99373221E+002  0.17234812E+003
 -0.48122672E+000 -0.23350974E+000 -0.54909227E-002 -0.45316630E-002 -0.16538838E-002  0.22934182E+000  0.34247266E+001  0.16556430E+002  0.33016527E+002  0.99571107E+002  0.17234812E+003
 -0.48122652E+000 -0.23350588E+000 -0.54909172E-002 -0.45316514E-002 -0.16538538E-002  0.22934197E+000  0.34247267E+001  0.16556430E+002  0.33017719E+002  0.99776525E+002  0.17234812E+003
 -0.48122631E+000 -0.23350203E+000 -0.54909118E-002 -0.45316399E-002 -0.16538243E-002  0.22934212E+000  0.34247269E+001  0.16556430E+002  0.33018928E+002  0.99989492E+002  0.17234812E+003
 -0.48122611E+000 -0.23349820E+000 -0.54909064E-002 -0.45316286E-002 -0.16537953E-002  0.22934228E+000  0.34247271E+001  0.16556430E+002  0.33020152E+002  0.10021001E+003  0.17234812E+003
 -0.48122592E+000 -0.23349438E+000 -0.54909011E-002 -0.45316175E-002 -0.16537668E-002  0.22934242E+000  0.34247272E+001  0.16556430E+002  0.33021392E+002  0.10043808E+003  0.17234812E+003
 -0.48122572E+000 -0.23349059E+000 -0.54908958E-002 -0.45316065E-002 -0.16537389E-002  0.22934257E+000  0.34247274E+001  0.16556430E+002  0.33022646E+002  0.10067367E+003  0.17234812E+003
 -0.48122553E+000 -0.23348682E+000 -0.54908905E-002 -0.45315958E-002 -0.16537115E-002  0.22934272E+000  0.34247276E+001  0.16556430E+002  0.33023913E+002  0.10091676E+003  0.17234812E+003
 -0.48122535E+000 -0.23348309E+000 -0.54908853E-002 -0.45315852E-002 -0.16536847E-002  0.22934286E+000  0.34247277E+001  0.16556430E+002  0.33025193E+002  0.10116731E+003  0.17234812E+003
 -0.48122516E+000 -0.23347940E+000 -0.54908802E-002 -0.45315748E-002 -0.16536584E-002  0.22934300E+000  0.34247279E+001  0.16556430E+002  0.33026485E+002  0.10315938E+003  0.17234812E+003
 -0.48122498E+000 -0.23347575E+000 -0.54908752E-002 -0.45315646E-002 -0.16536328E-002  0.22934314E+000  0.34247281E+001  0.16556430E+002  0.33027788E+002  0.10316027E+003  0.17234812E+003
 -0.48122481E+000 -0.23347214E+000 -0.54908702E-002 -0.45315546E-002 -0.16536078E-002  0.22934328E+000  0.34247282E+001  0.16556430E+002  0.33029100E+002  0.10316119E+003  0.17234812E+003
 -0.48122464E+000 -0.23346859E+000 -0.54908653E-002 -0.45315448E-002 -0.16535834E-002  0.22934341E+000  0.34247284E+001  0.16556430E+002  0.33030422E+002  0.10316212E+003  0.17234812E+003
 -0.48122447E+000 -0.23346509E+000 -0.54908605E-002 -0.45315353E-002 -0.16535597E-002  0.22934355E+000  0.34247286E+001  0.16556431E+002  0.33031752E+002  0.10316308E+003  0.17234812E+003
 -0.48122430E+000 -0.23346165E+000 -0.54908557E-002 -0.45315259E-002 -0.16535366E-002  0.22934367E+000  0.34247287E+001  0.16556431E+002  0.33033090E+002  0.10316407E+003  0.17234812E+003
 -0.48122414E+000 -0.23345827E+000 -0.54908511E-002 -0.45315168E-002 -0.16535142E-002  0.22934380E+000  0.34247289E+001  0.16556431E+002  0.33034434E+002  0.10316504E+003  0.17234812E+003
 -0.48122399E+000 -0.23345496E+000 -0.54908466E-002 -0.45315080E-002 -0.16534924E-002  0.22934392E+000  0.34247291E+001  0.16556431E+002  0.33035785E+002  0.10316504E+003  0.17234812E+003
 -0.48122384E+000 -0.23345171E+000 -0.54908421E-002 -0.45314994E-002 -0.16534712E-002  0.22934404E+000  0.34247292E+001  0.16556431E+002  0.33037140E+002  0.10316504E+003  0.17234812E+003
 -0.48122369E+000 -0.23344854E+000 -0.54908378E-002 -0.45314910E-002 -0.16534507E-002  0.22934416E+000  0.34247294E+001  0.16556431E+002  0.33038498E+002  0.10316504E+003  0.17234812E+003
 -0.48122355E+000 -0.23344543E+000 -0.54908335E-002 -0.45314829E-002 -0.16534309E-002  0.22934427E+000  0.34247296E+001  0.16556431E+002  0.33039861E+002  0.10316505E+003  0.17234812E+003
 -0.48122341E+000 -0.23344240E+000 -0.54908294E-002 -0.45314750E-002 -0.16534117E-002  0.22934438E+000  0.34247297E+001  0.16556431E+002  0.33041225E+002  0.10316505E+003  0.17234812E+003
 -0.48122327E+000 -0.23343944E+000 -0.54908254E-002 -0.45314673E-002 -0.16533932E-002  0.22934449E+000  0.34247299E+001  0.16556431E+002  0.33042590E+002  0.10316505E+003  0.17234812E+003
 -0.48122314E+000 -0.23343656E+000 -0.54908215E-002 -0.45314599E-002 -0.16533753E-002  0.22934459E+000  0.34247301E+001  0.16556431E+002  0.33043957E+002  0.10316505E+003  0.17234812E+003
 -0.48122302E+000 -0.23343376E+000 -0.54908177E-002 -0.45314527E-002 -0.16533580E-002  0.22934469E+000  0.34247302E+001  0.16556431E+002  0.33045322E+002  0.10316505E+003  0.17234813E+003
 -0.48122289E+000 -0.23343103E+000 -0.54908140E-002 -0.45314458E-002 -0.16533414E-002  0.22934479E+000  0.34247304E+001  0.16556431E+002  0.33046687E+002  0.10316505E+003  0.17234813E+003
 -0.48122278E+000 -0.23342839E+000 -0.54908104E-002 -0.45314391E-002 -0.16533254E-002  0.22934489E+000  0.34247305E+001  0.16556432E+002  0.33048049E+002  0.10316506E+003  0.17234813E+003
 -0.48122266E+000 -0.23342582E+000 -0.54908069E-002 -0.45314327E-002 -0.16533100E-002  0.22934498E+000  0.34247307E+001  0.16556432E+002  0.33049409E+002  0.10316506E+003  0.17234813E+003
 -0.48122255E+000 -0.23342333E+000 -0.54908035E-002 -0.45314264E-002 -0.16532952E-002  0.22934507E+000  0.34247308E+001  0.16556432E+002  0.33050765E+002  0.10316506E+003  0.17234813E+003
 -0.48122245E+000 -0.23342093E+000 -0.54908003E-002 -0.45314204E-002 -0.16532809E-002  0.22934515E+000  0.34247310E+001  0.16556432E+002  0.33052116E+002  0.10316506E+003  0.17234813E+003
 -0.48122235E+000 -0.23341860E+000 -0.54907971E-002 -0.45314147E-002 -0.16532673E-002  0.22934523E+000  0.34247311E+001  0.16556432E+002  0.33053462E+002  0.10316506E+003  0.17234813E+003
 -0.48122225E+000 -0.23341635E+000 -0.54907941E-002 -0.45314091E-002 -0.16532542E-002  0.22934531E+000  0.34247313E+001  0.16556432E+002  0.33054801E+002  0.10316507E+003  0.17234813E+003
 -0.48122216E+000 -0.23341417E+000 -0.54907912E-002 -0.45314038E-002 -0.16532417E-002  0.22934539E+000  0.34247314E+001  0.16556432E+002  0.33056134E+002  0.10316507E+003  0.17234813E+003
 -0.48122207E+000 -0.23341208E+000 -0.54907883E-002 -0.45313987E-002 -0.16532297E-002  0.22934546E+000  0.34247316E+001  0.16556432E+002  0.33057459E+002  0.10316507E+003  0.17234813E+003
 -0.48122198E+000 -0.23341006E+000 -0.54907856E-002 -0.45313938E-002 -0.16532183E-002  0.22934553E+000  0.34247317E+001  0.16556432E+002  0.33058775E+002  0.10316507E+003  0.17234813E+003
 -0.48122190E+000 -0.23340811E+000 -0.54907830E-002 -0.45313891E-002 -0.16532073E-002  0.22934560E+000  0.34247318E+001  0.16556432E+002  0.33060083E+002  0.10316507E+003  0.17234813E+003
 -0.48122182E+000 -0.23340624E+000 -0.54907805E-002 -0.45313846E-002 -0.16531968E-002  0.22934566E+000  0.34247320E+001  0.16556432E+002  0.33061380E+002  0.10316507E+003  0.17234814E+003
 -0.48122174E+000 -0.23340445E+000 -0.54907781E-002 -0.45313803E-002 -0.16531869E-002  0.22934572E+000  0.34247321E+001  0.16556432E+002  0.33062667E+002  0.10316508E+003  0.17234814E+003
 -0.48122167E+000 -0.23340272E+000 -0.54907758E-002 -0.45313761E-002 -0.16531773E-002  0.22934578E+000  0.34247322E+001  0.16556432E+002  0.33063943E+002  0.10316508E+003  0.17234814E+003
 -0.48122160E+000 -0.23340106E+000 -0.54907735E-002 -0.45313722E-002 -0.16531683E-002  0.22934584E+000  0.34247323E+001  0.16556432E+002  0.33065206E+002  0.10316508E+003  0.17234814E+003
 -0.48122153E+000 -0.23339947E+000 -0.54907714E-002 -0.45313684E-002 -0.16531596E-002  0.22934589E+000  0.34247325E+001  0.16556433E+002  0.33066458E+002  0.10316508E+003  0.17234814E+003
 -0.48122147E+000 -0.23339795E+000 -0.54907694E-002 -0.45313649E-002 -0.16531514E-002  0.22934595E+000  0.34247326E+001  0.16556433E+002  0.33067696E+002  0.10316508E+003  0.17234814E+003
 -0.48122141E+000 -0.23339649E+000 -0.54907674E-002 -0.45313614E-002 -0.16531436E-002  0.22934599E+000  0.34247327E+001  0.16556433E+002  0.33068920E+002  0.10316509E+003  0.17234814E+003
 -0.48122135E+000 -0.23339510E+000 -0.54907655E-002 -0.45313582E-002 -0.16531362E-002  0.22934604E+000  0.34247328E+001  0.16556433E+002  0.33070130E+002  0.10316509E+003  0.17234814E+003
 -0.48122130E+000 -0.23339376E+000 -0.54907638E-002 -0.45313551E-002 -0.16531292E-002  0.22934609E+000  0.34247329E+001  0.16556433E+002  0.33071325E+002  0.10316509E+003  0.17234814E+003
 -0.48122125E+000 -0.23339249E+000 -0.54907621E-002 -0.45313521E-002 -0.16531225E-002  0.22934613E+000  0.34247330E+001  0.16556433E+002  0.33072505E+002  0.10316509E+003  0.17234815E+003
 -0.48122120E+000 -0.23339127E+000 -0.54907604E-002 -0.45313493E-002 -0.16531161E-002  0.22934617E+000  0.34247331E+001  0.16556433E+002  0.33073670E+002  0.10316509E+003  0.17234815E+003
 -0.48122115E+000 -0.23339011E+000 -0.54907589E-002 -0.45313467E-002 -0.16531101E-002  0.22934621E+000  0.34247332E+001  0.16556433E+002  0.33074818E+002  0.10316510E+003  0.17234815E+003
 -0.48122111E+000 -0.23338900E+000 -0.54907574E-002 -0.45313442E-002 -0.16531044E-002  0.22934625E+000  0.34247333E+001  0.16556433E+002  0.33075949E+002  0.10316510E+003  0.17234815E+003
 -0.48122106E+000 -0.23338794E+000 -0.54907560E-002 -0.45313418E-002 -0.16530991E-002  0.22934628E+000  0.34247334E+001  0.16556433E+002  0.33077064E+002  0.10316510E+003  0.17234815E+003
 -0.48122102E+000 -0.23338694E+000 -0.54907547E-002 -0.45313395E-002 -0.16530940E-002  0.22934632E+000  0.34247335E+001  0.16556433E+002  0.33078161E+002  0.10316510E+003  0.17234815E+003
 -0.48122099E+000 -0.23338598E+000 -0.54907534E-002 -0.45313373E-002 -0.16530892E-002  0.22934635E+000  0.34247336E+001  0.16556433E+002  0.33079240E+002  0.10316510E+003  0.17234815E+003
 -0.48122095E+000 -0.23338507E+000 -0.54907522E-002 -0.45313353E-002 -0.16530846E-002  0.22934638E+000  0.34247336E+001  0.16556433E+002  0.33080302E+002  0.10316511E+003  0.17234816E+003
 -0.48122092E+000 -0.23338421E+000 -0.54907510E-002 -0.45313333E-002 -0.16530803E-002  0.22934641E+000  0.34247337E+001  0.16556433E+002  0.33081345E+002  0.10316511E+003  0.17234816E+003
 -0.48122088E+000 -0.23338338E+000 -0.54907499E-002 -0.45313315E-002 -0.16530763E-002  0.22934643E+000  0.34247338E+001  0.16556433E+002  0.33082370E+002  0.10316511E+003  0.17234816E+003
 -0.48122085E+000 -0.23338260E+000 -0.54907489E-002 -0.45313298E-002 -0.16530724E-002  0.22934646E+000  0.34247339E+001  0.16556433E+002  0.33083375E+002  0.10316511E+003  0.17234816E+003
 -0.48122082E+000 -0.23338186E+000 -0.54907479E-002 -0.45313281E-002 -0.16530688E-002  0.22934648E+000  0.34247339E+001  0.16556433E+002  0.33088581E+002  0.10316511E+003  0.17234816E+003
 -0.48122080E+000 -0.23338116E+000 -0.54907470E-002 -0.45313266E-002 -0.16530654E-002  0.22934651E+000  0.34247340E+001  0.16556434E+002  0.33096228E+002  0.10316512E+003  0.17234816E+003
 -0.48122077E+000 -0.23338049E+000 -0.54907461E-002 -0.45313251E-002 -0.16530622E-002  0.22934653E+000  0.34247341E+001  0.16556434E+002  0.33103723E+002  0.10316512E+003  0.17234816E+003
 -0.48122075E+000 -0.23337986E+000 -0.54907453E-002 -0.45313237E-002 -0.16530592E-002  0.22934655E+000  0.34247341E+001  0.16556434E+002  0.33111065E+002  0.10316512E+003  0.17234817E+003
 -0.48122072E+000 -0.23337926E+000 -0.54907445E-002 -0.45313224E-002 -0.16530564E-002  0.22934657E+000  0.34247342E+001  0.16556434E+002  0.33118254E+002  0.10316512E+003  0.17234817E+003
 -0.48122070E+000 -0.23337869E+000 -0.54907437E-002 -0.45313212E-002 -0.16530537E-002  0.22934659E+000  0.34247342E+001  0.16556434E+002  0.33125289E+002  0.10316512E+003  0.17234817E+003
 -0.48122068E+000 -0.23337816E+000 -0.54907430E-002 -0.45313201E-002 -0.16530512E-002  0.22934660E+000  0.34247343E+001  0.16556434E+002  0.33132169E+002  0.10316512E+003  0.17234817E+003
 -0.48122066E+000 -0.23337765E+000 -0.54907424E-002 -0.45313190E-002 -0.16530489E-002  0.22934662E+000  0.34247344E+001  0.16556434E+002  0.33138895E+002  0.10316513E+003  0.17234817E+003
 -0.48122064E+000 -0.23337717E+000 -0.54907417E-002 -0.45313179E-002 -0.16530466E-002  0.22934664E+000  0.34247344E+001  0.16556434E+002  0.33142636E+002  0.10316513E+003  0.17234817E+003
 -0.48122063E+000 -0.23337672E+000 -0.54907411E-002 -0.45313170E-002 -0.16530446E-002  0.22934665E+000  0.34247344E+001  0.16556434E+002  0.33144065E+002  0.10316513E+003  0.17234817E+003
 -0.48122061E+000 -0.23337629E+000 -0.54907406E-002 -0.45313161E-002 -0.16530426E-002  0.22934666E+000  0.34247345E+001  0.16556434E+002  0.33145460E+002  0.10316513E+003  0.17234817E+003
 -0.48122059E+000 -0.23337588E+000 -0.54907400E-002 -0.45313152E-002 -0.16530408E-002  0.22934668E+000  0.34247345E+001  0.16556434E+002  0.33146821E+002  0.10316513E+003  0.17234818E+003
 -0.48122058E+000 -0.23337550E+000 -0.54907395E-002 -0.45313144E-002 -0.16530391E-002  0.22934669E+000  0.34247346E+001  0.16556434E+002  0.33148148E+002  0.10316513E+003  0.17234818E+003
 -0.48122057E+000 -0.23337514E+000 -0.54907390E-002 -0.45313136E-002 -0.16530375E-002  0.22934670E+000  0.34247346E+001  0.16556434E+002  0.33149441E+002  0.10316514E+003  0.17234818E+003
 -0.48122055E+000 -0.23337480E+000 -0.54907386E-002 -0.45313129E-002 -0.16530360E-002  0.22934671E+000  0.34247347E+001  0.16556434E+002  0.33150701E+002  0.10316514E+003  0.17234818E+003
 -0.48122054E+000 -0.23337448E+000 -0.54907382E-002 -0.45313123E-002 -0.16530346E-002  0.22934672E+000  0.34247347E+001  0.16556434E+002  0.33151928E+002  0.10316514E+003  0.17234818E+003
 -0.48122053E+000 -0.23337418E+000 -0.54907378E-002 -0.45313116E-002 -0.16530332E-002  0.22934673E+000  0.34247347E+001  0.16556434E+002  0.33153122E+002  0.10316514E+003  0.17234818E+003
 -0.48122052E+000 -0.23337389E+000 -0.54907374E-002 -0.45313110E-002 -0.16530320E-002  0.22934674E+000  0.34247348E+001  0.16556434E+002  0.33154283E+002  0.10316514E+003  0.17234818E+003
 -0.48122051E+000 -0.23337362E+000 -0.54907371E-002 -0.45313105E-002 -0.16530308E-002  0.22934675E+000  0.34247348E+001  0.16556434E+002  0.33155412E+002  0.10316514E+003  0.17234819E+003
 -0.48122050E+000 -0.23337337E+000 -0.54907367E-002 -0.45313100E-002 -0.16530298E-002  0.22934676E+000  0.34247348E+001  0.16556434E+002  0.33156510E+002  0.10316514E+003  0.17234819E+003
 -0.48122049E+000 -0.23337313E+000 -0.54907364E-002 -0.45313095E-002 -0.16530287E-002  0.22934677E+000  0.34247348E+001  0.16556434E+002  0.33157576E+002  0.10316515E+003  0.17234819E+003
 -0.48122048E+000 -0.23337291E+000 -0.54907361E-002 -0.45313090E-002 -0.16530278E-002  0.22934677E+000  0.34247349E+001  0.16556434E+002  0.33158611E+002  0.10316515E+003  0.17234819E+003
 -0.48122048E+000 -0.23337270E+000 -0.54907359E-002 -0.45313086E-002 -0.16530269E-002  0.22934678E+000  0.34247349E+001  0.16556434E+002  0.33159615E+002  0.10316515E+003  0.17234819E+003
 -0.48122047E+000 -0.23337250E+000 -0.54907356E-002 -0.45313082E-002 -0.16530261E-002  0.22934679E+000  0.34247349E+001  0.16556434E+002  0.33160590E+002  0.10316515E+003  0.17234819E+003
 -0.48122046E+000 -0.23337231E+000 -0.54907353E-002 -0.45313078E-002 -0.16530253E-002  0.22934679E+000  0.34247349E+001  0.16556434E+002  0.33161535E+002  0.10316515E+003  0.17234819E+003
 -0.48122046E+000 -0.23337214E+000 -0.54907351E-002 -0.45313075E-002 -0.16530246E-002  0.22934680E+000  0.34247350E+001  0.16556434E+002  0.33162451E+002  0.10316515E+003  0.17234819E+003
 -0.48122045E+000 -0.23337197E+000 -0.54907349E-002 -0.45313071E-002 -0.16530239E-002  0.22934680E+000  0.34247350E+001  0.16556434E+002  0.33163339E+002  0.10316515E+003  0.17234820E+003
 -0.48122045E+000 -0.23337182E+000 -0.54907347E-002 -0.45313068E-002 -0.16530233E-002  0.22934681E+000  0.34247350E+001  0.16556434E+002  0.33164199E+002  0.10316515E+003  0.17234820E+003
 -0.48122044E+000 -0.23337167E+000 -0.54907345E-002 -0.45313065E-002 -0.16530227E-002  0.22934681E+000  0.34247350E+001  0.16556434E+002  0.33165031E+002  0.10316516E+003  0.17234820E+003
 -0.48122044E+000 -0.23337153E+000 -0.54907343E-002 -0.45313063E-002 -0.16530222E-002  0.22934682E+000  0.34247350E+001  0.16556434E+002  0.33165836E+002  0.10316516E+003  0.17234820E+003
 -0.48122043E+000 -0.23337140E+000 -0.54907342E-002 -0.45313060E-002 -0.16530216E-002  0.22934682E+000  0.34247350E+001  0.16556434E+002  0.33166615E+002  0.10316516E+003  0.17234820E+003
 -0.48122043E+000 -0.23337128E+000 -0.54907340E-002 -0.45313058E-002 -0.16530212E-002  0.22934682E+000  0.34247351E+001  0.16556434E+002  0.33167368E+002  0.10316516E+003  0.17234820E+003
 -0.48122042E+000 -0.23337117E+000 -0.54907339E-002 -0.45313056E-002 -0.16530207E-002  0.22934683E+000  0.34247351E+001  0.16556434E+002  0.33168096E+002  0.10316516E+003  0.17234820E+003
 -0.48122042E+000 -0.23337106E+000 -0.54907337E-002 -0.45313054E-002 -0.16530203E-002  0.22934683E+000  0.34247351E+001  0.16556434E+002  0.33168799E+002  0.10316516E+003  0.17234820E+003
 -0.48122042E+000 -0.23337096E+000 -0.54907336E-002 -0.45313052E-002 -0.16530199E-002  0.22934683E+000  0.34247351E+001  0.16556434E+002  0.33169478E+002  0.10316516E+003  0.17234820E+003
 -0.48122041E+000 -0.23337087E+000 -0.54907335E-002 -0.45313050E-002 -0.16530196E-002  0.22934684E+000  0.34247351E+001  0.16556434E+002  0.33170134E+002  0.10316516E+003  0.17234821E+003
 -0.48122041E+000 -0.23337078E+000 -0.54907334E-002 -0.45313048E-002 -0.16530192E-002  0.22934684E+000  0.34247351E+001  0.16556434E+002  0.33170767E+002  0.10316516E+003  0.17234821E+003
 -0.48122041E+000 -0.23337070E+000 -0.54907333E-002 -0.45313047E-002 -0.16530189E-002  0.22934684E+000  0.34247351E+001  0.16556434E+002  0.33171377E+002  0.10316516E+003  0.17234821E+003
 -0.48122040E+000 -0.23337062E+000 -0.54907332E-002 -0.45313045E-002 -0.16530186E-002  0.22934684E+000  0.34247351E+001  0.16556434E+002  0.33171966E+002  0.10316517E+003  0.17234821E+003
 -0.48122040E+000 -0.23337055E+000 -0.54907331E-002 -0.45313044E-002 -0.16530183E-002  0.22934685E+000  0.34247352E+001  0.16556435E+002  0.33172533E+002  0.10316517E+003  0.17234821E+003
 -0.48122040E+000 -0.23337048E+000 -0.54907330E-002 -0.45313042E-002 -0.16530181E-002  0.22934685E+000  0.34247352E+001  0.16556435E+002  0.33173080E+002  0.10316517E+003  0.17234821E+003
 -0.48122040E+000 -0.23337042E+000 -0.54907329E-002 -0.45313041E-002 -0.16530179E-002  0.22934685E+000  0.34247352E+001  0.16556435E+002  0.33173607E+002  0.10316517E+003  0.17234821E+003
 -0.48122040E+000 -0.23337036E+000 -0.54907328E-002 -0.45313040E-002 -0.16530176E-002  0.22934685E+000  0.34247352E+001  0.16556435E+002  0.33174114E+002  0.10316517E+003  0.17234821E+003
 -0.48122039E+000 -0.23337030E+000 -0.54907327E-002 -0.45313039E-002 -0.16530174E-002  0.22934685E+000  0.34247352E+001  0.16556435E+002  0.33174603E+002  0.10316517E+003  0.17234821E+003
 -0.48122039E+000 -0.23337025E+000 -0.54907327E-002 -0.45313038E-002 -0.16530172E-002  0.22934686E+000  0.34247352E+001  0.16556435E+002  0.33175073E+002  0.10316517E+003  0.17234821E+003
 -0.48122039E+000 -0.23337020E+000 -0.54907326E-002 -0.45313037E-002 -0.16530171E-002  0.22934686E+000  0.34247352E+001  0.16556435E+002  0.33175525E+002  0.10316517E+003  0.17234821E+003
 -0.48122039E+000 -0.23337015E+000 -0.54907326E-002 -0.45313036E-002 -0.16530169E-002  0.22934686E+000  0.34247352E+001  0.16556435E+002  0.33175960E+002  0.10316517E+003  0.17234821E+003
 -0.48122039E+000 -0.23337011E+000 -0.54907325E-002 -0.45313035E-002 -0.16530167E-002  0.22934686E+000  0.34247352E+001  0.16556435E+002  0.33176378E+002  0.10316517E+003  0.17234822E+003
 -0.48122039E+000 -0.23337007E+000 -0.54907324E-002 -0.45313035E-002 -0.16530166E-002  0.22934686E+000  0.34247352E+001  0.16556435E+002  0.33176780E+002  0.10316517E+003  0.17234822E+003
 -0.48122038E+000 -0.23337003E+000 -0.54907324E-002 -0.45313034E-002 -0.16530165E-002  0.22934686E+000  0.34247352E+001  0.16556435E+002  0.33177166E+002  0.10316517E+003  0.17234822E+003
 -0.48122038E+000 -0.23336999E+000 -0.54907324E-002 -0.45313033E-002 -0.16530163E-002  0.22934686E+000  0.34247352E+001  0.16556435E+002  0.33177537E+002  0.10316517E+003  0.17234822E+003
 -0.48122038E+000 -0.23336996E+000 -0.54907323E-002 -0.45313033E-002 -0.16530162E-002  0.22934687E+000  0.34247352E+001  0.16556435E+002  0.33177893E+002  0.10316517E+003  0.17234822E+003
 -0.48122038E+000 -0.23336993E+000 -0.54907323E-002 -0.45313032E-002 -0.16530161E-002  0.22934687E+000  0.34247352E+001  0.16556435E+002  0.33178235E+002  0.10316518E+003  0.17234822E+003
 -0.48122038E+000 -0.23336990E+000 -0.54907322E-002 -0.45313032E-002 -0.16530160E-002  0.22934687E+000  0.34247353E+001  0.16556435E+002  0.33178563E+002  0.10316518E+003  0.17234822E+003
 -0.48122038E+000 -0.23336987E+000 -0.54907322E-002 -0.45313031E-002 -0.16530159E-002  0.22934687E+000  0.34247353E+001  0.16556435E+002  0.33178878E+002  0.10316518E+003  0.17234822E+003
 -0.48122038E+000 -0.23336985E+000 -0.54907322E-002 -0.45313031E-002 -0.16530158E-002  0.22934687E+000  0.34247353E+001  0.16556435E+002  0.33179180E+002  0.10316518E+003  0.17234822E+003
 -0.48122038E+000 -0.23336982E+000 -0.54907321E-002 -0.45313030E-002 -0.16530158E-002  0.22934687E+000  0.34247353E+001  0.16556435E+002  0.33179469E+002  0.10316518E+003  0.17234822E+003
 -0.48122038E+000 -0.23336980E+000 -0.54907321E-002 -0.45313030E-002 -0.16530157E-002  0.22934687E+000  0.34247353E+001  0.16556435E+002  0.33179747E+002  0.10316518E+003  0.17234822E+003
 -0.48122038E+000 -0.23336978E+000 -0.54907321E-002 -0.45313029E-002 -0.16530156E-002  0.22934687E+000  0.34247353E+001  0.16556435E+002  0.33180013E+002  0.10316518E+003  0.17234822E+003
 -0.48122038E+000 -0.23336976E+000 -0.54907321E-002 -0.45313029E-002 -0.16530155E-002  0.22934687E+000  0.34247353E+001  0.16556435E+002  0.33180268E+002  0.10316518E+003  0.17234822E+003
