  0.10520785E+002
  0.10516482E+002
  0.10512709E+002
  0.10509456E+002
  0.10506668E+002
  0.10504285E+002
  0.10502250E+002
  0.10500512E+002
  0.10499030E+002
  0.10497765E+002
  0.10496686E+002
  0.10495765E+002
  0.10494980E+002
  0.10494309E+002
  0.10493738E+002
  0.10493251E+002
  0.10492837E+002
  0.10492485E+002
  0.10492186E+002
  0.10491934E+002
  0.10491721E+002
  0.10491543E+002
  0.10491394E+002
  0.10491272E+002
  0.10491172E+002
  0.10491092E+002
  0.10491029E+002
  0.10490981E+002
  0.10490947E+002
  0.10490925E+002
  0.10490913E+002
  0.10490911E+002
  0.10490917E+002
  0.10490931E+002
  0.10490952E+002
  0.10490980E+002
  0.10491013E+002
  0.10491052E+002
  0.10491096E+002
  0.10491145E+002
  0.10491198E+002
  0.10491256E+002
  0.10491318E+002
  0.10491383E+002
  0.10491453E+002
  0.10491527E+002
  0.10491604E+002
  0.10491685E+002
  0.10491770E+002
  0.10491859E+002
  0.10491952E+002
  0.10492049E+002
  0.10492150E+002
  0.10492255E+002
  0.10492364E+002
  0.10492479E+002
  0.10492597E+002
  0.10492721E+002
  0.10492849E+002
  0.10492983E+002
  0.10493121E+002
  0.10493265E+002
  0.10493414E+002
  0.10493568E+002
  0.10493728E+002
  0.10493892E+002
  0.10494062E+002
  0.10494237E+002
  0.10494417E+002
  0.10494602E+002
  0.10494791E+002
  0.10494985E+002
  0.10495183E+002
  0.10495386E+002
  0.10495592E+002
  0.10495802E+002
  0.10496016E+002
  0.10496233E+002
  0.10496452E+002
  0.10496675E+002
  0.10496900E+002
  0.10497128E+002
  0.10497357E+002
  0.10497589E+002
  0.10497822E+002
  0.10498056E+002
  0.10498292E+002
  0.10498529E+002
  0.10498767E+002
  0.10499005E+002
  0.10499244E+002
  0.10499484E+002
  0.10499724E+002
  0.10499964E+002
  0.10500205E+002
  0.10500446E+002
  0.10500686E+002
  0.10500927E+002
  0.10501168E+002
  0.10501410E+002
  0.10501651E+002
  0.10501892E+002
  0.10502133E+002
  0.10502375E+002
  0.10502616E+002
  0.10502858E+002
  0.10503100E+002
  0.10503342E+002
  0.10503584E+002
  0.10503827E+002
  0.10504070E+002
  0.10504314E+002
  0.10504558E+002
  0.10504803E+002
  0.10505049E+002
  0.10505295E+002
  0.10505542E+002
  0.10505790E+002
  0.10506039E+002
  0.10506289E+002
  0.10506539E+002
  0.10506791E+002
  0.10507044E+002
  0.10507298E+002
  0.10507553E+002
  0.10507809E+002
  0.10508067E+002
  0.10508325E+002
  0.10508585E+002
  0.10508846E+002
  0.10509109E+002
  0.10509372E+002
  0.10509637E+002
  0.10509903E+002
  0.10510170E+002
  0.10510438E+002
  0.10510707E+002
  0.10510978E+002
  0.10511249E+002
  0.10511521E+002
  0.10511794E+002
  0.10512068E+002
  0.10512342E+002
  0.10512617E+002
  0.10512892E+002
  0.10513168E+002
  0.10513444E+002
  0.10513721E+002
  0.10513997E+002
  0.10514274E+002
  0.10514550E+002
  0.10514826E+002
  0.10515101E+002
  0.10515376E+002
  0.10515650E+002
  0.10515924E+002
  0.10516196E+002
  0.10516468E+002
  0.10516738E+002
  0.10517007E+002
  0.10517274E+002
  0.10517540E+002
  0.10517804E+002
  0.10518066E+002
  0.10518326E+002
  0.10518584E+002
  0.10518840E+002
  0.10519093E+002
  0.10519344E+002
  0.10519592E+002
  0.10519838E+002
  0.10520081E+002
  0.10520320E+002
  0.10520557E+002
  0.10520791E+002
  0.10521021E+002
  0.10521248E+002
  0.10521472E+002
  0.10521692E+002
  0.10521909E+002
  0.10522122E+002
  0.10522332E+002
  0.10522538E+002
  0.10522740E+002
  0.10522939E+002
  0.10523134E+002
  0.10523325E+002
  0.10523512E+002
  0.10523696E+002
  0.10523875E+002
  0.10524051E+002
  0.10524223E+002
  0.10524391E+002
  0.10524555E+002
  0.10524716E+002
  0.10524872E+002
  0.10525025E+002
  0.10525174E+002
  0.10525319E+002
  0.10525461E+002
