  0.58762812E+000  0.33160773E+000  0.23562055E+001  0.38807702E+002
  0.58659385E+000  0.31744423E+000  0.23703085E+001  0.38791587E+002
  0.58590550E+000  0.31604557E+000  0.23707620E+001  0.38778128E+002
  0.58418174E+000  0.31571558E+000  0.23707174E+001  0.38767214E+002
  0.58389422E+000  0.31447052E+000  0.23693307E+001  0.38758981E+002
  0.58353845E+000  0.31167304E+000  0.23718742E+001  0.38750058E+002
  0.58305456E+000  0.31211572E+000  0.23716360E+001  0.38742197E+002
  0.58241371E+000  0.31215425E+000  0.23709626E+001  0.38736524E+002
  0.58217165E+000  0.31234732E+000  0.23704508E+001  0.38731156E+002
  0.58185377E+000  0.31103627E+000  0.23707922E+001  0.38727384E+002
  0.58181378E+000  0.31106464E+000  0.23702641E+001  0.38723606E+002
  0.58025176E+000  0.31261508E+000  0.23638804E+001  0.38726318E+002
  0.58015678E+000  0.31267771E+000  0.23629626E+001  0.38724126E+002
  0.58008702E+000  0.31273103E+000  0.23625984E+001  0.38721826E+002
  0.57964148E+000  0.31314379E+000  0.23622947E+001  0.38719877E+002
  0.57963068E+000  0.31315580E+000  0.23555466E+001  0.38724677E+002
  0.57962381E+000  0.31315254E+000  0.23516009E+001  0.38726976E+002
  0.57961878E+000  0.31315915E+000  0.23479101E+001  0.38729256E+002
  0.57961528E+000  0.31316714E+000  0.23476220E+001  0.38728346E+002
  0.57828860E+000  0.31449744E+000  0.23451479E+001  0.38729806E+002
  0.57828759E+000  0.31450410E+000  0.23449503E+001  0.38729147E+002
  0.57828758E+000  0.31451170E+000  0.23447659E+001  0.38728611E+002
  0.57828845E+000  0.31426670E+000  0.23430805E+001  0.38729946E+002
  0.57826783E+000  0.31429604E+000  0.23429197E+001  0.38729608E+002
  0.57827013E+000  0.31430296E+000  0.23427688E+001  0.38729350E+002
  0.57827300E+000  0.31430968E+000  0.23411482E+001  0.38730640E+002
  0.57827605E+000  0.31431464E+000  0.23410159E+001  0.38730513E+002
  0.57827987E+000  0.31429181E+000  0.23409183E+001  0.38730439E+002
  0.57828408E+000  0.31429823E+000  0.23407981E+001  0.38730412E+002
  0.57828845E+000  0.31430472E+000  0.23406840E+001  0.38730426E+002
  0.57829327E+000  0.31431089E+000  0.23405759E+001  0.38730476E+002
  0.57829833E+000  0.31431704E+000  0.23404734E+001  0.38730559E+002
  0.57830359E+000  0.31432311E+000  0.23390941E+001  0.38731952E+002
  0.57830902E+000  0.31432910E+000  0.23390024E+001  0.38732089E+002
  0.57831458E+000  0.31433499E+000  0.23389160E+001  0.38732248E+002
  0.57832025E+000  0.31434080E+000  0.23388351E+001  0.38732428E+002
  0.57832600E+000  0.31434651E+000  0.23387598E+001  0.38732625E+002
  0.57833179E+000  0.31435211E+000  0.23386902E+001  0.38732839E+002
  0.57833761E+000  0.31435760E+000  0.23386265E+001  0.38733067E+002
  0.57834344E+000  0.31436297E+000  0.23385689E+001  0.38733309E+002
  0.57834925E+000  0.31436821E+000  0.23385177E+001  0.38733562E+002
  0.57835504E+000  0.31437331E+000  0.23384731E+001  0.38733826E+002
  0.57836078E+000  0.31437827E+000  0.23384352E+001  0.38734101E+002
  0.57836647E+000  0.31438309E+000  0.23384043E+001  0.38734385E+002
  0.57837210E+000  0.31438775E+000  0.23383804E+001  0.38734677E+002
  0.57837767E+000  0.31439225E+000  0.23383638E+001  0.38734978E+002
  0.57838318E+000  0.31439661E+000  0.23383545E+001  0.38735287E+002
  0.57838864E+000  0.31440080E+000  0.23383526E+001  0.38735604E+002
  0.57839405E+000  0.31440485E+000  0.23383580E+001  0.38735929E+002
  0.57839943E+000  0.31440874E+000  0.23383707E+001  0.38736263E+002
  0.57840480E+000  0.31441250E+000  0.23383906E+001  0.38736605E+002
  0.57841017E+000  0.31441611E+000  0.23384177E+001  0.38736956E+002
  0.57841558E+000  0.31441961E+000  0.23384519E+001  0.38737317E+002
  0.57842105E+000  0.31442299E+000  0.23384930E+001  0.38737687E+002
  0.57842662E+000  0.31442627E+000  0.23385410E+001  0.38738069E+002
  0.57843230E+000  0.31442948E+000  0.23385957E+001  0.38738461E+002
  0.57843813E+000  0.31443262E+000  0.23386571E+001  0.38738866E+002
  0.57844414E+000  0.31443573E+000  0.23387252E+001  0.38739283E+002
  0.57845035E+000  0.31443882E+000  0.23387998E+001  0.38739713E+002
  0.57845678E+000  0.31444191E+000  0.23388810E+001  0.38740156E+002
  0.57846347E+000  0.31444504E+000  0.23389687E+001  0.38740613E+002
  0.57847042E+000  0.31444820E+000  0.23390629E+001  0.38741084E+002
  0.57847765E+000  0.31445144E+000  0.23391638E+001  0.38741568E+002
  0.57848517E+000  0.31445475E+000  0.23392712E+001  0.38742067E+002
  0.57849299E+000  0.31445817E+000  0.23393853E+001  0.38742579E+002
  0.57850111E+000  0.31446171E+000  0.23395060E+001  0.38743105E+002
  0.57850955E+000  0.31446536E+000  0.23396334E+001  0.38743645E+002
  0.57851829E+000  0.31446916E+000  0.23397675E+001  0.38744198E+002
  0.57852733E+000  0.31447310E+000  0.23399083E+001  0.38744764E+002
  0.57853667E+000  0.31447719E+000  0.23400557E+001  0.38745342E+002
  0.57854630E+000  0.31448144E+000  0.23402098E+001  0.38745931E+002
  0.57855621E+000  0.31448585E+000  0.23403705E+001  0.38746532E+002
  0.57856640E+000  0.31449043E+000  0.23405377E+001  0.38747143E+002
  0.57857684E+000  0.31449517E+000  0.23407113E+001  0.38747764E+002
  0.57858754E+000  0.31450007E+000  0.23408912E+001  0.38748394E+002
  0.57859847E+000  0.31450513E+000  0.23410773E+001  0.38749033E+002
  0.57860962E+000  0.31451036E+000  0.23412694E+001  0.38749678E+002
  0.57862097E+000  0.31451575E+000  0.23414675E+001  0.38750331E+002
  0.57863251E+000  0.31452129E+000  0.23416711E+001  0.38750990E+002
  0.57864422E+000  0.31452698E+000  0.23418803E+001  0.38751654E+002
  0.57865609E+000  0.31453281E+000  0.23420948E+001  0.38752322E+002
  0.57866809E+000  0.31453878E+000  0.23423143E+001  0.38752995E+002
  0.57868021E+000  0.31454488E+000  0.23425386E+001  0.38753670E+002
  0.57869243E+000  0.31455111E+000  0.23427675E+001  0.38754349E+002
  0.57870473E+000  0.31455744E+000  0.23430007E+001  0.38755029E+002
  0.57871710E+000  0.31456388E+000  0.23432379E+001  0.38755711E+002
  0.57872952E+000  0.31457041E+000  0.23434789E+001  0.38756394E+002
  0.57874196E+000  0.31457702E+000  0.23437233E+001  0.38757078E+002
  0.57875441E+000  0.31458370E+000  0.23439710E+001  0.38757762E+002
  0.57876685E+000  0.31459044E+000  0.23442215E+001  0.38758446E+002
  0.57877926E+000  0.31459723E+000  0.23444746E+001  0.38759130E+002
  0.57879163E+000  0.31460404E+000  0.23447300E+001  0.38759814E+002
  0.57880393E+000  0.31461088E+000  0.23449874E+001  0.38760498E+002
  0.57881616E+000  0.31461773E+000  0.23452465E+001  0.38761181E+002
  0.57882829E+000  0.31462457E+000  0.23455070E+001  0.38761864E+002
  0.57884030E+000  0.31463140E+000  0.23457686E+001  0.38762547E+002
  0.57885219E+000  0.31463819E+000  0.23460310E+001  0.38763229E+002
  0.57886394E+000  0.31464494E+000  0.23462938E+001  0.38763912E+002
  0.57887552E+000  0.31465164E+000  0.23465569E+001  0.38764595E+002
  0.57888694E+000  0.31465827E+000  0.23468198E+001  0.38765278E+002
  0.57889817E+000  0.31466482E+000  0.23470824E+001  0.38765962E+002
  0.57890920E+000  0.31467129E+000  0.23473444E+001  0.38766647E+002
  0.57892002E+000  0.31467766E+000  0.23476054E+001  0.38767334E+002
  0.57893062E+000  0.31468392E+000  0.23478652E+001  0.38768023E+002
  0.57894100E+000  0.31469006E+000  0.23481236E+001  0.38768714E+002
  0.57895113E+000  0.31469608E+000  0.23483803E+001  0.38769408E+002
  0.57896101E+000  0.31470197E+000  0.23486351E+001  0.38770105E+002
  0.57897064E+000  0.31470772E+000  0.23488877E+001  0.38770806E+002
  0.57898001E+000  0.31471333E+000  0.23491380E+001  0.38771510E+002
  0.57898911E+000  0.31471878E+000  0.23493858E+001  0.38772219E+002
  0.57899794E+000  0.31472408E+000  0.23496308E+001  0.38772933E+002
  0.57900649E+000  0.31472922E+000  0.23498729E+001  0.38773653E+002
  0.57901476E+000  0.31473420E+000  0.23501119E+001  0.38774377E+002
  0.57902275E+000  0.31473901E+000  0.23503476E+001  0.38775108E+002
  0.57903046E+000  0.31474366E+000  0.23505800E+001  0.38775846E+002
  0.57903788E+000  0.31474814E+000  0.23508088E+001  0.38776590E+002
  0.57904502E+000  0.31475245E+000  0.23510340E+001  0.38777342E+002
  0.57905188E+000  0.31475659E+000  0.23512555E+001  0.38778101E+002
  0.57905845E+000  0.31476056E+000  0.23514732E+001  0.38778868E+002
  0.57906475E+000  0.31476437E+000  0.23516869E+001  0.38779643E+002
  0.57907077E+000  0.31476800E+000  0.23518967E+001  0.38780427E+002
  0.57907652E+000  0.31477148E+000  0.23521024E+001  0.38781219E+002
  0.57908200E+000  0.31477480E+000  0.23523041E+001  0.38782020E+002
  0.57908721E+000  0.31477795E+000  0.23525016E+001  0.38782830E+002
  0.57909217E+000  0.31478095E+000  0.23526949E+001  0.38783649E+002
  0.57909687E+000  0.31478380E+000  0.23528841E+001  0.38784477E+002
  0.57910133E+000  0.31478650E+000  0.23530690E+001  0.38785315E+002
  0.57910554E+000  0.31478906E+000  0.23532498E+001  0.38786162E+002
  0.57910952E+000  0.31479148E+000  0.23534263E+001  0.38787019E+002
  0.57911327E+000  0.31479376E+000  0.23535987E+001  0.38787885E+002
  0.57911680E+000  0.31479591E+000  0.23537669E+001  0.38788760E+002
  0.57912011E+000  0.31479793E+000  0.23539310E+001  0.38789645E+002
  0.57912322E+000  0.31479984E+000  0.23540909E+001  0.38790539E+002
  0.57912613E+000  0.31480162E+000  0.23542467E+001  0.38791442E+002
  0.57912885E+000  0.31480329E+000  0.23543985E+001  0.38792354E+002
  0.57913138E+000  0.31480485E+000  0.23545462E+001  0.38793275E+002
  0.57913373E+000  0.31480631E+000  0.23546900E+001  0.38794205E+002
  0.57913592E+000  0.31480767E+000  0.23548299E+001  0.38795142E+002
  0.57913794E+000  0.31480894E+000  0.23549659E+001  0.38796088E+002
  0.57913981E+000  0.31481011E+000  0.23550981E+001  0.38797041E+002
  0.57914153E+000  0.31481120E+000  0.23552265E+001  0.38798001E+002
  0.57914312E+000  0.31481221E+000  0.23553512E+001  0.38798969E+002
  0.57914456E+000  0.31481314E+000  0.23554724E+001  0.38799943E+002
  0.57914589E+000  0.31481400E+000  0.23555899E+001  0.38800923E+002
  0.57914709E+000  0.31481479E+000  0.23557039E+001  0.38801909E+002
  0.57914818E+000  0.31481551E+000  0.23558145E+001  0.38802900E+002
  0.57914916E+000  0.31481617E+000  0.23559217E+001  0.38803896E+002
  0.57915004E+000  0.31481678E+000  0.23560256E+001  0.38804896E+002
  0.57915083E+000  0.31481732E+000  0.23561263E+001  0.38805899E+002
  0.57915153E+000  0.31481782E+000  0.23562238E+001  0.38806906E+002
  0.57915215E+000  0.31481827E+000  0.23563182E+001  0.38807915E+002
  0.57915268E+000  0.31481867E+000  0.23564095E+001  0.38808927E+002
  0.57915315E+000  0.31481902E+000  0.23564979E+001  0.38809939E+002
  0.57915354E+000  0.31481934E+000  0.23565834E+001  0.38810953E+002
  0.57915387E+000  0.31481962E+000  0.23566661E+001  0.38811967E+002
  0.57915414E+000  0.31481986E+000  0.23567459E+001  0.38812980E+002
  0.57915435E+000  0.31482007E+000  0.23568231E+001  0.38813993E+002
  0.57915452E+000  0.31482025E+000  0.23568976E+001  0.38815004E+002
  0.57915463E+000  0.31482040E+000  0.23569696E+001  0.38816012E+002
  0.57915470E+000  0.31482052E+000  0.23570390E+001  0.38817018E+002
  0.57915472E+000  0.31482062E+000  0.23571060E+001  0.38818021E+002
  0.57915471E+000  0.31482069E+000  0.23571707E+001  0.38819019E+002
  0.57915467E+000  0.31482074E+000  0.23572329E+001  0.38820013E+002
  0.57915459E+000  0.31482077E+000  0.23572930E+001  0.38821001E+002
  0.57915447E+000  0.31482078E+000  0.23573508E+001  0.38821984E+002
  0.57915434E+000  0.31482077E+000  0.23574065E+001  0.38822961E+002
  0.57915417E+000  0.31482074E+000  0.23574600E+001  0.38823930E+002
  0.57915398E+000  0.31482070E+000  0.23575116E+001  0.38824892E+002
  0.57915377E+000  0.31482065E+000  0.23575612E+001  0.38825846E+002
  0.57915354E+000  0.31482057E+000  0.23576088E+001  0.38826791E+002
  0.57915329E+000  0.31482049E+000  0.23576546E+001  0.38827728E+002
  0.57915302E+000  0.31482040E+000  0.23576986E+001  0.38828655E+002
  0.57915274E+000  0.31482029E+000  0.23577408E+001  0.38829572E+002
  0.57915245E+000  0.31482018E+000  0.23577813E+001  0.38830479E+002
  0.57915214E+000  0.31482005E+000  0.23578201E+001  0.38831375E+002
  0.57915182E+000  0.31481992E+000  0.23578573E+001  0.38832260E+002
  0.57915149E+000  0.31481978E+000  0.23578930E+001  0.38833133E+002
  0.57915115E+000  0.31481963E+000  0.23579271E+001  0.38833994E+002
  0.57915081E+000  0.31481947E+000  0.23579598E+001  0.38834844E+002
  0.57915045E+000  0.31481931E+000  0.23579911E+001  0.38835680E+002
  0.57915009E+000  0.31481914E+000  0.23580209E+001  0.38836504E+002
  0.57914973E+000  0.31481897E+000  0.23580495E+001  0.38837315E+002
  0.57914936E+000  0.31481880E+000  0.23580767E+001  0.38838112E+002
  0.57914898E+000  0.31481862E+000  0.23581027E+001  0.38838896E+002
  0.57914861E+000  0.31481843E+000  0.23581276E+001  0.38839667E+002
  0.57914823E+000  0.31481825E+000  0.23581512E+001  0.38840423E+002
  0.57914784E+000  0.31481806E+000  0.23581737E+001  0.38841165E+002
  0.57914746E+000  0.31481786E+000  0.23581952E+001  0.38841894E+002
  0.57914708E+000  0.31481767E+000  0.23582155E+001  0.38842608E+002
  0.57914669E+000  0.31481747E+000  0.23582349E+001  0.38843307E+002
  0.57914631E+000  0.31481728E+000  0.23582533E+001  0.38843992E+002
  0.57914593E+000  0.31481708E+000  0.23582708E+001  0.38844663E+002
  0.57914554E+000  0.31481688E+000  0.23582874E+001  0.38845320E+002
  0.57914516E+000  0.31481668E+000  0.23583030E+001  0.38845961E+002
  0.57914478E+000  0.31481648E+000  0.23583179E+001  0.38846589E+002
  0.57914440E+000  0.31481627E+000  0.23583319E+001  0.38847201E+002
  0.57914402E+000  0.31481607E+000  0.23583451E+001  0.38847800E+002
  0.57914364E+000  0.31481586E+000  0.23583576E+001  0.38848384E+002
  0.57914325E+000  0.31481566E+000  0.23583692E+001  0.38848953E+002
  0.57914287E+000  0.31481545E+000  0.23583803E+001  0.38849510E+002
