  0.49030169E-002  0.56983268E-001  0.10108264E+001  0.41010431E+002
  0.49089170E-002  0.56919567E-001  0.10100714E+001  0.40994034E+002
  0.49132276E-002  0.56867373E-001  0.10094273E+001  0.40979633E+002
  0.49162600E-002  0.56824973E-001  0.10088888E+001  0.40967198E+002
  0.49182881E-002  0.56790846E-001  0.10084432E+001  0.40956525E+002
  0.49195400E-002  0.56763696E-001  0.10080768E+001  0.40947384E+002
  0.49201999E-002  0.56742405E-001  0.10077773E+001  0.40939563E+002
  0.49204150E-002  0.56726013E-001  0.10075339E+001  0.40932875E+002
  0.49203018E-002  0.56713690E-001  0.10073374E+001  0.40927154E+002
  0.49199516E-002  0.56704728E-001  0.10071805E+001  0.40922261E+002
  0.49194356E-002  0.56698526E-001  0.10070569E+001  0.40918074E+002
  0.49188088E-002  0.56694577E-001  0.10069613E+001  0.40914491E+002
  0.49181135E-002  0.56692458E-001  0.10068892E+001  0.40911424E+002
  0.49173817E-002  0.56691821E-001  0.10068372E+001  0.40908797E+002
  0.49166374E-002  0.56692378E-001  0.10068019E+001  0.40906547E+002
  0.49158984E-002  0.56693896E-001  0.10067809E+001  0.40904620E+002
  0.49151776E-002  0.56696187E-001  0.10067718E+001  0.40902970E+002
  0.49144839E-002  0.56699098E-001  0.10067727E+001  0.40901558E+002
  0.49138233E-002  0.56702506E-001  0.10067820E+001  0.40900352E+002
  0.49131995E-002  0.56706315E-001  0.10067984E+001  0.40899322E+002
  0.49126145E-002  0.56710446E-001  0.10068206E+001  0.40898446E+002
  0.49120690E-002  0.56714835E-001  0.10068476E+001  0.40897701E+002
  0.49115626E-002  0.56719433E-001  0.10068785E+001  0.40897073E+002
  0.49110944E-002  0.56724198E-001  0.10069125E+001  0.40896544E+002
  0.49106627E-002  0.56729096E-001  0.10069490E+001  0.40896103E+002
  0.49102656E-002  0.56734100E-001  0.10069873E+001  0.40895740E+002
  0.49099011E-002  0.56739185E-001  0.10070270E+001  0.40895444E+002
  0.49095670E-002  0.56744329E-001  0.10070676E+001  0.40895208E+002
  0.49092608E-002  0.56749515E-001  0.10071087E+001  0.40895025E+002
  0.49089803E-002  0.56754724E-001  0.10071499E+001  0.40894890E+002
  0.49087234E-002  0.56759940E-001  0.10071910E+001  0.40894797E+002
  0.49084880E-002  0.56765146E-001  0.10072316E+001  0.40894743E+002
  0.49082719E-002  0.56770326E-001  0.10072716E+001  0.40894723E+002
  0.49080735E-002  0.56775465E-001  0.10073108E+001  0.40894735E+002
  0.49078911E-002  0.56780549E-001  0.10073490E+001  0.40894776E+002
  0.49077231E-002  0.56785561E-001  0.10073861E+001  0.40894845E+002
  0.49075683E-002  0.56790487E-001  0.10074220E+001  0.40894937E+002
  0.49074255E-002  0.56795315E-001  0.10074566E+001  0.40895054E+002
  0.49072938E-002  0.56800033E-001  0.10074900E+001  0.40895192E+002
  0.49071725E-002  0.56804630E-001  0.10075222E+001  0.40895350E+002
  0.49070608E-002  0.56809099E-001  0.10075531E+001  0.40895528E+002
  0.49069583E-002  0.56813434E-001  0.10075828E+001  0.40895725E+002
  0.49068646E-002  0.56817632E-001  0.10076115E+001  0.40895939E+002
  0.49067795E-002  0.56821693E-001  0.10076392E+001  0.40896171E+002
  0.49067027E-002  0.56825621E-001  0.10076660E+001  0.40896419E+002
  0.49066342E-002  0.56829423E-001  0.10076921E+001  0.40896684E+002
  0.49065738E-002  0.56833108E-001  0.10077176E+001  0.40896964E+002
  0.49065214E-002  0.56836688E-001  0.10077428E+001  0.40897260E+002
  0.49064770E-002  0.56840180E-001  0.10077676E+001  0.40897572E+002
  0.49064402E-002  0.56843598E-001  0.10077924E+001  0.40897899E+002
  0.49064110E-002  0.56846962E-001  0.10078173E+001  0.40898242E+002
  0.49063891E-002  0.56850289E-001  0.10078424E+001  0.40898601E+002
  0.49063742E-002  0.56853598E-001  0.10078680E+001  0.40898976E+002
  0.49063658E-002  0.56856907E-001  0.10078940E+001  0.40899367E+002
  0.49063635E-002  0.56860234E-001  0.10079208E+001  0.40899775E+002
  0.49063668E-002  0.56863593E-001  0.10079485E+001  0.40900201E+002
  0.49063752E-002  0.56866998E-001  0.10079770E+001  0.40900644E+002
  0.49063882E-002  0.56870461E-001  0.10080067E+001  0.40901105E+002
  0.49064051E-002  0.56873991E-001  0.10080375E+001  0.40901584E+002
  0.49064255E-002  0.56877595E-001  0.10080695E+001  0.40902083E+002
  0.49064487E-002  0.56881279E-001  0.10081028E+001  0.40902600E+002
  0.49064743E-002  0.56885045E-001  0.10081375E+001  0.40903136E+002
  0.49065017E-002  0.56888897E-001  0.10081737E+001  0.40903692E+002
  0.49065306E-002  0.56892832E-001  0.10082112E+001  0.40904268E+002
  0.49065604E-002  0.56896849E-001  0.10082503E+001  0.40904862E+002
  0.49065910E-002  0.56900946E-001  0.10082908E+001  0.40905476E+002
  0.49066218E-002  0.56905118E-001  0.10083329E+001  0.40906109E+002
  0.49066526E-002  0.56909361E-001  0.10083764E+001  0.40906761E+002
  0.49066831E-002  0.56913667E-001  0.10084215E+001  0.40907431E+002
  0.49067130E-002  0.56918031E-001  0.10084680E+001  0.40908119E+002
  0.49067421E-002  0.56922446E-001  0.10085160E+001  0.40908824E+002
  0.49067701E-002  0.56926903E-001  0.10085654E+001  0.40909546E+002
  0.49067967E-002  0.56931395E-001  0.10086163E+001  0.40910284E+002
  0.49068217E-002  0.56935913E-001  0.10086685E+001  0.40911037E+002
  0.49068450E-002  0.56940449E-001  0.10087220E+001  0.40911804E+002
  0.49068662E-002  0.56944995E-001  0.10087767E+001  0.40912585E+002
  0.49068852E-002  0.56949542E-001  0.10088327E+001  0.40913379E+002
  0.49069017E-002  0.56954082E-001  0.10088898E+001  0.40914185E+002
  0.49069157E-002  0.56958606E-001  0.10089480E+001  0.40915001E+002
  0.49069268E-002  0.56963106E-001  0.10090072E+001  0.40915828E+002
  0.49069350E-002  0.56967576E-001  0.10090673E+001  0.40916664E+002
  0.49069402E-002  0.56972007E-001  0.10091283E+001  0.40917509E+002
  0.49069422E-002  0.56976393E-001  0.10091901E+001  0.40918361E+002
  0.49069409E-002  0.56980727E-001  0.10092526E+001  0.40919220E+002
  0.49069364E-002  0.56985003E-001  0.10093157E+001  0.40920084E+002
  0.49069286E-002  0.56989216E-001  0.10093794E+001  0.40920954E+002
  0.49069174E-002  0.56993360E-001  0.10094435E+001  0.40921829E+002
  0.49069030E-002  0.56997431E-001  0.10095080E+001  0.40922708E+002
  0.49068854E-002  0.57001425E-001  0.10095728E+001  0.40923590E+002
  0.49068647E-002  0.57005338E-001  0.10096377E+001  0.40924475E+002
  0.49068409E-002  0.57009167E-001  0.10097028E+001  0.40925363E+002
  0.49068142E-002  0.57012910E-001  0.10097679E+001  0.40926253E+002
  0.49067848E-002  0.57016563E-001  0.10098329E+001  0.40927144E+002
  0.49067528E-002  0.57020127E-001  0.10098978E+001  0.40928037E+002
  0.49067184E-002  0.57023598E-001  0.10099625E+001  0.40928931E+002
  0.49066818E-002  0.57026977E-001  0.10100268E+001  0.40929827E+002
  0.49066432E-002  0.57030262E-001  0.10100907E+001  0.40930723E+002
  0.49066028E-002  0.57033454E-001  0.10101542E+001  0.40931620E+002
  0.49065608E-002  0.57036552E-001  0.10102171E+001  0.40932519E+002
  0.49065173E-002  0.57039557E-001  0.10102794E+001  0.40933418E+002
  0.49064727E-002  0.57042470E-001  0.10103410E+001  0.40934318E+002
  0.49064271E-002  0.57045292E-001  0.10104018E+001  0.40935219E+002
  0.49063807E-002  0.57048023E-001  0.10104618E+001  0.40936121E+002
  0.49063337E-002  0.57050665E-001  0.10105210E+001  0.40937025E+002
  0.49062863E-002  0.57053220E-001  0.10105792E+001  0.40937931E+002
  0.49062387E-002  0.57055688E-001  0.10106364E+001  0.40938838E+002
  0.49061910E-002  0.57058073E-001  0.10106926E+001  0.40939747E+002
  0.49061435E-002  0.57060376E-001  0.10107477E+001  0.40940658E+002
  0.49060961E-002  0.57062598E-001  0.10108017E+001  0.40941572E+002
  0.49060491E-002  0.57064742E-001  0.10108546E+001  0.40942488E+002
  0.49060026E-002  0.57066810E-001  0.10109063E+001  0.40943407E+002
  0.49059567E-002  0.57068803E-001  0.10109568E+001  0.40944330E+002
  0.49059115E-002  0.57070725E-001  0.10110061E+001  0.40945256E+002
  0.49058671E-002  0.57072577E-001  0.10110542E+001  0.40946185E+002
  0.49058236E-002  0.57074362E-001  0.10111010E+001  0.40947119E+002
  0.49057809E-002  0.57076082E-001  0.10111465E+001  0.40948057E+002
  0.49057393E-002  0.57077738E-001  0.10111909E+001  0.40948999E+002
  0.49056987E-002  0.57079334E-001  0.10112339E+001  0.40949946E+002
  0.49056592E-002  0.57080870E-001  0.10112757E+001  0.40950898E+002
  0.49056207E-002  0.57082350E-001  0.10113163E+001  0.40951855E+002
  0.49055834E-002  0.57083775E-001  0.10113556E+001  0.40952818E+002
  0.49055472E-002  0.57085148E-001  0.10113937E+001  0.40953785E+002
  0.49055122E-002  0.57086469E-001  0.10114305E+001  0.40954758E+002
  0.49054783E-002  0.57087742E-001  0.10114662E+001  0.40955737E+002
  0.49054456E-002  0.57088968E-001  0.10115007E+001  0.40956722E+002
  0.49054139E-002  0.57090149E-001  0.10115341E+001  0.40957713E+002
  0.49053835E-002  0.57091286E-001  0.10115663E+001  0.40958709E+002
  0.49053541E-002  0.57092381E-001  0.10115974E+001  0.40959712E+002
  0.49053258E-002  0.57093437E-001  0.10116274E+001  0.40960720E+002
  0.49052986E-002  0.57094453E-001  0.10116564E+001  0.40961735E+002
  0.49052724E-002  0.57095433E-001  0.10116843E+001  0.40962755E+002
  0.49052472E-002  0.57096377E-001  0.10117113E+001  0.40963782E+002
  0.49052231E-002  0.57097287E-001  0.10117372E+001  0.40964814E+002
  0.49051999E-002  0.57098163E-001  0.10117622E+001  0.40965851E+002
  0.49051776E-002  0.57099008E-001  0.10117863E+001  0.40966895E+002
  0.49051563E-002  0.57099823E-001  0.10118095E+001  0.40967943E+002
  0.49051358E-002  0.57100608E-001  0.10118319E+001  0.40968997E+002
  0.49051162E-002  0.57101365E-001  0.10118534E+001  0.40970056E+002
  0.49050974E-002  0.57102095E-001  0.10118741E+001  0.40971119E+002
  0.49050793E-002  0.57102798E-001  0.10118940E+001  0.40972187E+002
  0.49050621E-002  0.57103476E-001  0.10119131E+001  0.40973259E+002
  0.49050455E-002  0.57104130E-001  0.10119315E+001  0.40974335E+002
  0.49050297E-002  0.57104760E-001  0.10119493E+001  0.40975414E+002
  0.49050145E-002  0.57105367E-001  0.10119663E+001  0.40976496E+002
  0.49050000E-002  0.57105952E-001  0.10119827E+001  0.40977581E+002
  0.49049860E-002  0.57106516E-001  0.10119984E+001  0.40978668E+002
  0.49049727E-002  0.57107059E-001  0.10120136E+001  0.40979757E+002
  0.49049599E-002  0.57107582E-001  0.10120281E+001  0.40980848E+002
  0.49049477E-002  0.57108085E-001  0.10120421E+001  0.40981939E+002
  0.49049360E-002  0.57108570E-001  0.10120555E+001  0.40983030E+002
  0.49049247E-002  0.57109036E-001  0.10120684E+001  0.40984122E+002
  0.49049140E-002  0.57109484E-001  0.10120808E+001  0.40985213E+002
  0.49049037E-002  0.57109916E-001  0.10120927E+001  0.40986302E+002
  0.49048938E-002  0.57110330E-001  0.10121041E+001  0.40987390E+002
  0.49048843E-002  0.57110728E-001  0.10121151E+001  0.40988476E+002
  0.49048752E-002  0.57111109E-001  0.10121256E+001  0.40989559E+002
  0.49048665E-002  0.57111475E-001  0.10121357E+001  0.40990639E+002
  0.49048582E-002  0.57111826E-001  0.10121454E+001  0.40991714E+002
  0.49048502E-002  0.57112162E-001  0.10121546E+001  0.40992786E+002
  0.49048425E-002  0.57112484E-001  0.10121635E+001  0.40993852E+002
  0.49048351E-002  0.57112791E-001  0.10121720E+001  0.40994913E+002
  0.49048280E-002  0.57113085E-001  0.10121802E+001  0.40995967E+002
  0.49048213E-002  0.57113365E-001  0.10121880E+001  0.40997015E+002
  0.49048148E-002  0.57113632E-001  0.10121954E+001  0.40998056E+002
  0.49048085E-002  0.57113887E-001  0.10122026E+001  0.40999089E+002
  0.49048025E-002  0.57114128E-001  0.10122094E+001  0.41000114E+002
  0.49047967E-002  0.57114358E-001  0.10122159E+001  0.41001130E+002
  0.49047912E-002  0.57114576E-001  0.10122221E+001  0.41002137E+002
  0.49047859E-002  0.57114782E-001  0.10122280E+001  0.41003134E+002
  0.49047808E-002  0.57114977E-001  0.10122337E+001  0.41004121E+002
  0.49047759E-002  0.57115161E-001  0.10122390E+001  0.41005098E+002
  0.49047712E-002  0.57115334E-001  0.10122441E+001  0.41006063E+002
  0.49047667E-002  0.57115497E-001  0.10122490E+001  0.41007017E+002
  0.49047624E-002  0.57115650E-001  0.10122536E+001  0.41007959E+002
  0.49047582E-002  0.57115794E-001  0.10122580E+001  0.41008889E+002
  0.49047542E-002  0.57115928E-001  0.10122621E+001  0.41009806E+002
  0.49047504E-002  0.57116053E-001  0.10122661E+001  0.41010711E+002
  0.49047467E-002  0.57116169E-001  0.10122698E+001  0.41011602E+002
  0.49047432E-002  0.57116276E-001  0.10122733E+001  0.41012480E+002
  0.49047399E-002  0.57116376E-001  0.10122766E+001  0.41013344E+002
  0.49047366E-002  0.57116467E-001  0.10122797E+001  0.41014194E+002
  0.49047335E-002  0.57116551E-001  0.10122826E+001  0.41015029E+002
  0.49047306E-002  0.57116628E-001  0.10122854E+001  0.41015851E+002
  0.49047277E-002  0.57116698E-001  0.10122880E+001  0.41016658E+002
  0.49047250E-002  0.57116761E-001  0.10122904E+001  0.41017450E+002
  0.49047224E-002  0.57116817E-001  0.10122927E+001  0.41018227E+002
  0.49047199E-002  0.57116867E-001  0.10122948E+001  0.41018989E+002
  0.49047175E-002  0.57116912E-001  0.10122968E+001  0.41019736E+002
  0.49047152E-002  0.57116950E-001  0.10122986E+001  0.41020468E+002
  0.49047130E-002  0.57116983E-001  0.10123003E+001  0.41021185E+002
  0.49047109E-002  0.57117010E-001  0.10123019E+001  0.41021886E+002
  0.49047089E-002  0.57117032E-001  0.10123033E+001  0.41022572E+002
  0.49047070E-002  0.57117049E-001  0.10123046E+001  0.41023243E+002
  0.49047051E-002  0.57117060E-001  0.10123058E+001  0.41023899E+002
  0.49047033E-002  0.57117067E-001  0.10123069E+001  0.41024539E+002
  0.49047016E-002  0.57117069E-001  0.10123079E+001  0.41025165E+002
  0.49046999E-002  0.57117065E-001  0.10123087E+001  0.41025775E+002
  0.49046983E-002  0.57117058E-001  0.10123095E+001  0.41026370E+002
  0.49046966E-002  0.57117046E-001  0.10123101E+001  0.41026950E+002
  0.49046952E-002  0.57117030E-001  0.10123107E+001  0.41027517E+002
