  0.66102252E-001
  0.66103999E-001
  0.66077090E-001
  0.66047800E-001
  0.66021018E-001
  0.65997589E-001
  0.65977400E-001
  0.65960103E-001
  0.65945318E-001
  0.65932692E-001
  0.65921913E-001
  0.65912713E-001
  0.65904864E-001
  0.65898169E-001
  0.65892462E-001
  0.65887600E-001
  0.65883463E-001
  0.65879948E-001
  0.65876968E-001
  0.65874447E-001
  0.65872323E-001
  0.65870541E-001
  0.65869056E-001
  0.65867827E-001
  0.65866821E-001
  0.65866009E-001
  0.65865367E-001
  0.65864874E-001
  0.65864510E-001
  0.65864262E-001
  0.65864115E-001
  0.65864058E-001
  0.65864082E-001
  0.65864178E-001
  0.65864339E-001
  0.65864559E-001
  0.65864833E-001
  0.65865157E-001
  0.65865527E-001
  0.65865940E-001
  0.65866394E-001
  0.65866888E-001
  0.65867418E-001
  0.65867985E-001
  0.65868587E-001
  0.65869223E-001
  0.65869894E-001
  0.65870599E-001
  0.65871337E-001
  0.65872111E-001
  0.65872918E-001
  0.65873762E-001
  0.65874641E-001
  0.65875557E-001
  0.65876511E-001
  0.65877503E-001
  0.65878534E-001
  0.65879604E-001
  0.65880714E-001
  0.65881865E-001
  0.65883056E-001
  0.65884287E-001
  0.65885559E-001
  0.65886871E-001
  0.65888223E-001
  0.65889613E-001
  0.65891041E-001
  0.65892506E-001
  0.65894007E-001
  0.65895542E-001
  0.65897109E-001
  0.65898707E-001
  0.65900333E-001
  0.65901987E-001
  0.65903666E-001
  0.65905367E-001
  0.65907089E-001
  0.65908830E-001
  0.65910586E-001
  0.65912356E-001
  0.65914138E-001
  0.65915929E-001
  0.65917728E-001
  0.65919532E-001
  0.65921340E-001
  0.65923149E-001
  0.65924958E-001
  0.65926765E-001
  0.65928570E-001
  0.65930369E-001
  0.65932164E-001
  0.65933951E-001
  0.65935731E-001
  0.65937503E-001
  0.65939265E-001
  0.65941018E-001
  0.65942762E-001
  0.65944495E-001
  0.65946218E-001
  0.65947931E-001
  0.65949634E-001
  0.65951327E-001
  0.65953010E-001
  0.65954683E-001
  0.65956348E-001
  0.65958004E-001
  0.65959651E-001
  0.65961292E-001
  0.65962925E-001
  0.65964551E-001
  0.65966172E-001
  0.65967788E-001
  0.65969400E-001
  0.65971007E-001
  0.65972611E-001
  0.65974213E-001
  0.65975814E-001
  0.65977413E-001
  0.65979011E-001
  0.65980610E-001
  0.65982209E-001
  0.65983810E-001
  0.65985413E-001
  0.65987018E-001
  0.65988626E-001
  0.65990237E-001
  0.65991853E-001
  0.65993472E-001
  0.65995097E-001
  0.65996726E-001
  0.65998361E-001
  0.66000001E-001
  0.66001647E-001
  0.66003299E-001
  0.66004956E-001
  0.66006620E-001
  0.66008290E-001
  0.66009966E-001
  0.66011648E-001
  0.66013335E-001
  0.66015029E-001
  0.66016727E-001
  0.66018431E-001
  0.66020140E-001
  0.66021853E-001
  0.66023570E-001
  0.66025290E-001
  0.66027014E-001
  0.66028740E-001
  0.66030468E-001
  0.66032197E-001
  0.66033927E-001
  0.66035657E-001
  0.66037386E-001
  0.66039113E-001
  0.66040838E-001
  0.66042560E-001
  0.66044278E-001
  0.66045991E-001
  0.66047699E-001
  0.66049400E-001
  0.66051094E-001
  0.66052780E-001
  0.66054457E-001
  0.66056124E-001
  0.66057781E-001
  0.66059426E-001
  0.66061059E-001
  0.66062678E-001
  0.66064284E-001
  0.66065875E-001
  0.66067450E-001
  0.66069010E-001
  0.66070552E-001
  0.66072077E-001
  0.66073584E-001
  0.66075072E-001
  0.66076541E-001
  0.66077989E-001
  0.66079418E-001
  0.66080825E-001
  0.66082211E-001
  0.66083575E-001
  0.66084917E-001
  0.66086237E-001
  0.66087533E-001
  0.66088807E-001
  0.66090057E-001
  0.66091283E-001
  0.66092486E-001
  0.66093665E-001
  0.66094819E-001
  0.66095950E-001
  0.66097057E-001
  0.66098139E-001
  0.66099197E-001
  0.66100231E-001
  0.66101242E-001
  0.66102228E-001
  0.66103195E-001
