  0.42099906E+000
  0.42059097E+000
  0.42027216E+000
  0.42002174E+000
  0.41982737E+000
  0.41967962E+000
  0.41957075E+000
  0.41949425E+000
  0.41944464E+000
  0.41941728E+000
  0.41940828E+000
  0.41941436E+000
  0.41943276E+000
  0.41946119E+000
  0.41949772E+000
  0.41954074E+000
  0.41958891E+000
  0.41964108E+000
  0.41969633E+000
  0.41975386E+000
  0.41981299E+000
  0.41987317E+000
  0.41993392E+000
  0.41999482E+000
  0.42005553E+000
  0.42011574E+000
  0.42017517E+000
  0.42023360E+000
  0.42029080E+000
  0.42034660E+000
  0.42040082E+000
  0.42045331E+000
  0.42050393E+000
  0.42055255E+000
  0.42059907E+000
  0.42064339E+000
  0.42068542E+000
  0.42072510E+000
  0.42076239E+000
  0.42079724E+000
  0.42082966E+000
  0.42085964E+000
  0.42088721E+000
  0.42091242E+000
  0.42093533E+000
  0.42095603E+000
  0.42097460E+000
  0.42099118E+000
  0.42100588E+000
  0.42101885E+000
  0.42103022E+000
  0.42104015E+000
  0.42104879E+000
  0.42105628E+000
  0.42106276E+000
  0.42106836E+000
  0.42107320E+000
  0.42107739E+000
  0.42108102E+000
  0.42108418E+000
  0.42108694E+000
  0.42108935E+000
  0.42109146E+000
  0.42109330E+000
  0.42109492E+000
  0.42109631E+000
  0.42109751E+000
  0.42109852E+000
  0.42109935E+000
  0.42110001E+000
  0.42110049E+000
  0.42110081E+000
  0.42110096E+000
  0.42110095E+000
  0.42110079E+000
  0.42110046E+000
  0.42109999E+000
  0.42109938E+000
  0.42109862E+000
  0.42109774E+000
  0.42109673E+000
  0.42109561E+000
  0.42109438E+000
  0.42109305E+000
  0.42109164E+000
  0.42109014E+000
  0.42108858E+000
  0.42108695E+000
  0.42108526E+000
  0.42108353E+000
  0.42108177E+000
  0.42107997E+000
  0.42107815E+000
  0.42107631E+000
  0.42107446E+000
  0.42107260E+000
  0.42107074E+000
  0.42106889E+000
  0.42106705E+000
  0.42106521E+000
  0.42106339E+000
  0.42106159E+000
  0.42105981E+000
  0.42105806E+000
  0.42105633E+000
  0.42105462E+000
  0.42105294E+000
  0.42105129E+000
  0.42104968E+000
  0.42104809E+000
  0.42104653E+000
  0.42104501E+000
  0.42104352E+000
  0.42104206E+000
  0.42104064E+000
  0.42103924E+000
  0.42103789E+000
  0.42103656E+000
  0.42103526E+000
  0.42103400E+000
  0.42103277E+000
  0.42103158E+000
  0.42103041E+000
  0.42102927E+000
  0.42102817E+000
  0.42102710E+000
  0.42102605E+000
  0.42102504E+000
  0.42102406E+000
  0.42102310E+000
  0.42102218E+000
  0.42102128E+000
  0.42102040E+000
  0.42101956E+000
  0.42101874E+000
  0.42101795E+000
  0.42101718E+000
  0.42101644E+000
  0.42101572E+000
  0.42101502E+000
  0.42101435E+000
  0.42101370E+000
  0.42101307E+000
  0.42101247E+000
  0.42101188E+000
  0.42101132E+000
  0.42101077E+000
  0.42101025E+000
  0.42100974E+000
  0.42100925E+000
  0.42100878E+000
  0.42100832E+000
  0.42100789E+000
  0.42100746E+000
  0.42100706E+000
  0.42100667E+000
  0.42100629E+000
  0.42100593E+000
  0.42100558E+000
  0.42100525E+000
  0.42100493E+000
  0.42100462E+000
  0.42100432E+000
  0.42100403E+000
  0.42100376E+000
  0.42100350E+000
  0.42100325E+000
  0.42100301E+000
  0.42100277E+000
  0.42100255E+000
  0.42100234E+000
  0.42100214E+000
  0.42100194E+000
  0.42100176E+000
  0.42100158E+000
  0.42100141E+000
  0.42100125E+000
  0.42100109E+000
  0.42100095E+000
  0.42100081E+000
  0.42100067E+000
  0.42100055E+000
  0.42100043E+000
  0.42100031E+000
  0.42100020E+000
  0.42100010E+000
  0.42100000E+000
  0.42099991E+000
  0.42099983E+000
  0.42099975E+000
  0.42099967E+000
  0.42099960E+000
  0.42099953E+000
  0.42099947E+000
  0.42099941E+000
  0.42099935E+000
  0.42099930E+000
  0.42099926E+000
  0.42099922E+000
  0.42099917E+000
