  0.64619396E+000  0.10271575E+000  0.15552331E+000  0.77956330E+000
  0.64356891E+000  0.10469645E+000  0.15531382E+000  0.77878483E+000
  0.64281937E+000  0.10462408E+000  0.15537849E+000  0.77826681E+000
  0.63977430E+000  0.10627826E+000  0.15556195E+000  0.77847254E+000
  0.63903759E+000  0.10630724E+000  0.15582763E+000  0.77813711E+000
  0.63830585E+000  0.10548442E+000  0.15695325E+000  0.77797506E+000
  0.63623639E+000  0.10727710E+000  0.15688456E+000  0.77788505E+000
  0.63522178E+000  0.10744157E+000  0.15745187E+000  0.77786189E+000
  0.63407667E+000  0.10842231E+000  0.15740477E+000  0.77787491E+000
  0.63284557E+000  0.10812867E+000  0.15892578E+000  0.77776920E+000
  0.63149037E+000  0.10941570E+000  0.15892248E+000  0.77780466E+000
  0.62945174E+000  0.11141902E+000  0.15908494E+000  0.77770181E+000
  0.62926708E+000  0.11160109E+000  0.15909251E+000  0.77777046E+000
  0.62919347E+000  0.11168150E+000  0.15911502E+000  0.77785487E+000
  0.62907540E+000  0.11182859E+000  0.15913685E+000  0.77795015E+000
  0.62911666E+000  0.11184915E+000  0.15954953E+000  0.77764773E+000
  0.62918513E+000  0.11183881E+000  0.15965580E+000  0.77767598E+000
  0.62926467E+000  0.11184366E+000  0.15974524E+000  0.77771086E+000
  0.62935293E+000  0.11185282E+000  0.15976835E+000  0.77781133E+000
  0.62813254E+000  0.11317270E+000  0.15984116E+000  0.77786913E+000
  0.62823324E+000  0.11318325E+000  0.15986701E+000  0.77796857E+000
  0.62833811E+000  0.11319433E+000  0.15989353E+000  0.77806682E+000
  0.62844600E+000  0.11277866E+000  0.16038068E+000  0.77813044E+000
  0.62855591E+000  0.11279035E+000  0.16040824E+000  0.77822489E+000
  0.62866692E+000  0.11280233E+000  0.16043590E+000  0.77831707E+000
  0.62877825E+000  0.11281446E+000  0.16049101E+000  0.77837932E+000
  0.62888892E+000  0.11282706E+000  0.16051843E+000  0.77846637E+000
  0.62899882E+000  0.11283875E+000  0.16054629E+000  0.77855061E+000
  0.62910713E+000  0.11285129E+000  0.16057297E+000  0.77863192E+000
  0.62921315E+000  0.11286401E+000  0.16059916E+000  0.77871020E+000
  0.62931674E+000  0.11287645E+000  0.16062486E+000  0.77878535E+000
  0.62941731E+000  0.11288894E+000  0.16064980E+000  0.77885730E+000
  0.62951449E+000  0.11290132E+000  0.16069784E+000  0.77890217E+000
  0.62960794E+000  0.11291356E+000  0.16072126E+000  0.77896756E+000
  0.62969735E+000  0.11292562E+000  0.16074378E+000  0.77902963E+000
  0.62978249E+000  0.11293744E+000  0.16076402E+000  0.77908969E+000
  0.62986313E+000  0.11294898E+000  0.16078470E+000  0.77914495E+000
  0.62993911E+000  0.11296020E+000  0.16080437E+000  0.77919681E+000
  0.63001032E+000  0.11297105E+000  0.16082299E+000  0.77924528E+000
  0.63007667E+000  0.11298149E+000  0.16084053E+000  0.77929039E+000
  0.63013816E+000  0.11299147E+000  0.16085696E+000  0.77933215E+000
  0.63019480E+000  0.11300095E+000  0.16087228E+000  0.77937065E+000
  0.63024666E+000  0.11300989E+000  0.16088647E+000  0.77940593E+000
  0.63029385E+000  0.11301828E+000  0.16089956E+000  0.77943810E+000
  0.63033655E+000  0.11302607E+000  0.16091154E+000  0.77946726E+000
  0.63037494E+000  0.11303327E+000  0.16092246E+000  0.77949353E+000
  0.63040925E+000  0.11303986E+000  0.16093234E+000  0.77951706E+000
  0.63043974E+000  0.11304584E+000  0.16094123E+000  0.77953799E+000
  0.63046669E+000  0.11305122E+000  0.16094920E+000  0.77955651E+000
  0.63049039E+000  0.11305602E+000  0.16095629E+000  0.77957278E+000
  0.63051116E+000  0.11306026E+000  0.16096257E+000  0.77958699E+000
  0.63052928E+000  0.11306398E+000  0.16096812E+000  0.77959934E+000
  0.63054505E+000  0.11306721E+000  0.16097300E+000  0.77961000E+000
  0.63055877E+000  0.11307000E+000  0.16097729E+000  0.77961917E+000
  0.63057069E+000  0.11307237E+000  0.16098105E+000  0.77962703E+000
  0.63058106E+000  0.11307439E+000  0.16098435E+000  0.77963374E+000
  0.63059011E+000  0.11307608E+000  0.16098725E+000  0.77963946E+000
  0.63059803E+000  0.11307750E+000  0.16098980E+000  0.77964433E+000
  0.63060499E+000  0.11307868E+000  0.16099205E+000  0.77964847E+000
  0.63061114E+000  0.11307965E+000  0.16099405E+000  0.77965199E+000
  0.63061659E+000  0.11308045E+000  0.16099583E+000  0.77965499E+000
  0.63062144E+000  0.11308110E+000  0.16099742E+000  0.77965753E+000
  0.63062576E+000  0.11308163E+000  0.16099885E+000  0.77965969E+000
  0.63062961E+000  0.11308206E+000  0.16100013E+000  0.77966151E+000
  0.63063304E+000  0.11308240E+000  0.16100129E+000  0.77966302E+000
  0.63063608E+000  0.11308267E+000  0.16100233E+000  0.77966427E+000
  0.63063874E+000  0.11308287E+000  0.16100326E+000  0.77966526E+000
  0.63064105E+000  0.11308302E+000  0.16100409E+000  0.77966603E+000
  0.63064300E+000  0.11308311E+000  0.16100482E+000  0.77966657E+000
  0.63064462E+000  0.11308316E+000  0.16100545E+000  0.77966690E+000
  0.63064589E+000  0.11308317E+000  0.16100599E+000  0.77966702E+000
  0.63064683E+000  0.11308313E+000  0.16100643E+000  0.77966694E+000
  0.63064742E+000  0.11308306E+000  0.16100679E+000  0.77966667E+000
  0.63064769E+000  0.11308295E+000  0.16100705E+000  0.77966621E+000
  0.63064762E+000  0.11308281E+000  0.16100723E+000  0.77966557E+000
  0.63064723E+000  0.11308264E+000  0.16100733E+000  0.77966475E+000
  0.63064652E+000  0.11308243E+000  0.16100734E+000  0.77966377E+000
  0.63064551E+000  0.11308220E+000  0.16100727E+000  0.77966262E+000
  0.63064419E+000  0.11308193E+000  0.16100713E+000  0.77966133E+000
  0.63064258E+000  0.11308164E+000  0.16100692E+000  0.77965990E+000
  0.63064070E+000  0.11308132E+000  0.16100665E+000  0.77965835E+000
  0.63063855E+000  0.11308098E+000  0.16100632E+000  0.77965668E+000
  0.63063615E+000  0.11308062E+000  0.16100593E+000  0.77965491E+000
  0.63063353E+000  0.11308024E+000  0.16100550E+000  0.77965304E+000
  0.63063068E+000  0.11307984E+000  0.16100503E+000  0.77965110E+000
  0.63062764E+000  0.11307942E+000  0.16100452E+000  0.77964908E+000
  0.63062441E+000  0.11307899E+000  0.16100399E+000  0.77964701E+000
  0.63062102E+000  0.11307854E+000  0.16100343E+000  0.77964490E+000
  0.63061747E+000  0.11307808E+000  0.16100285E+000  0.77964274E+000
  0.63061379E+000  0.11307761E+000  0.16100227E+000  0.77964056E+000
  0.63061000E+000  0.11307714E+000  0.16100168E+000  0.77963835E+000
  0.63060609E+000  0.11307666E+000  0.16100108E+000  0.77963614E+000
  0.63060210E+000  0.11307617E+000  0.16100049E+000  0.77963392E+000
  0.63059804E+000  0.11307568E+000  0.16099991E+000  0.77963170E+000
  0.63059391E+000  0.11307519E+000  0.16099934E+000  0.77962949E+000
  0.63058974E+000  0.11307469E+000  0.16099878E+000  0.77962729E+000
  0.63058553E+000  0.11307420E+000  0.16099824E+000  0.77962510E+000
  0.63058130E+000  0.11307371E+000  0.16099771E+000  0.77962293E+000
  0.63057706E+000  0.11307322E+000  0.16099721E+000  0.77962079E+000
  0.63057282E+000  0.11307274E+000  0.16099672E+000  0.77961867E+000
  0.63056858E+000  0.11307225E+000  0.16099626E+000  0.77961658E+000
  0.63056436E+000  0.11307178E+000  0.16099582E+000  0.77961452E+000
  0.63056016E+000  0.11307131E+000  0.16099540E+000  0.77961249E+000
  0.63055600E+000  0.11307084E+000  0.16099500E+000  0.77961049E+000
  0.63055187E+000  0.11307038E+000  0.16099462E+000  0.77960852E+000
  0.63054779E+000  0.11306993E+000  0.16099426E+000  0.77960659E+000
  0.63054376E+000  0.11306949E+000  0.16099393E+000  0.77960469E+000
  0.63053979E+000  0.11306905E+000  0.16099361E+000  0.77960282E+000
  0.63053588E+000  0.11306862E+000  0.16099330E+000  0.77960099E+000
  0.63053204E+000  0.11306820E+000  0.16099302E+000  0.77959920E+000
  0.63052827E+000  0.11306778E+000  0.16099275E+000  0.77959744E+000
  0.63052457E+000  0.11306737E+000  0.16099249E+000  0.77959571E+000
  0.63052095E+000  0.11306697E+000  0.16099224E+000  0.77959402E+000
  0.63051740E+000  0.11306657E+000  0.16099201E+000  0.77959236E+000
  0.63051394E+000  0.11306618E+000  0.16099178E+000  0.77959074E+000
  0.63051056E+000  0.11306580E+000  0.16099157E+000  0.77958915E+000
  0.63050727E+000  0.11306542E+000  0.16099136E+000  0.77958759E+000
  0.63050406E+000  0.11306504E+000  0.16099116E+000  0.77958607E+000
  0.63050094E+000  0.11306467E+000  0.16099096E+000  0.77958458E+000
  0.63049790E+000  0.11306431E+000  0.16099077E+000  0.77958313E+000
  0.63049495E+000  0.11306395E+000  0.16099058E+000  0.77958170E+000
  0.63049209E+000  0.11306359E+000  0.16099040E+000  0.77958031E+000
  0.63048931E+000  0.11306324E+000  0.16099022E+000  0.77957895E+000
  0.63048663E+000  0.11306290E+000  0.16099004E+000  0.77957763E+000
  0.63048402E+000  0.11306256E+000  0.16098987E+000  0.77957633E+000
  0.63048151E+000  0.11306222E+000  0.16098970E+000  0.77957507E+000
  0.63047907E+000  0.11306188E+000  0.16098952E+000  0.77957383E+000
  0.63047672E+000  0.11306156E+000  0.16098935E+000  0.77957263E+000
  0.63047445E+000  0.11306123E+000  0.16098918E+000  0.77957146E+000
  0.63047226E+000  0.11306091E+000  0.16098901E+000  0.77957032E+000
  0.63047015E+000  0.11306060E+000  0.16098885E+000  0.77956921E+000
  0.63046812E+000  0.11306028E+000  0.16098868E+000  0.77956812E+000
  0.63046615E+000  0.11305998E+000  0.16098851E+000  0.77956707E+000
  0.63046427E+000  0.11305968E+000  0.16098834E+000  0.77956605E+000
  0.63046245E+000  0.11305938E+000  0.16098817E+000  0.77956506E+000
  0.63046070E+000  0.11305909E+000  0.16098801E+000  0.77956409E+000
  0.63045902E+000  0.11305881E+000  0.16098784E+000  0.77956315E+000
  0.63045740E+000  0.11305853E+000  0.16098767E+000  0.77956224E+000
  0.63045584E+000  0.11305826E+000  0.16098751E+000  0.77956136E+000
  0.63045435E+000  0.11305799E+000  0.16098734E+000  0.77956051E+000
  0.63045291E+000  0.11305773E+000  0.16098718E+000  0.77955968E+000
  0.63045153E+000  0.11305747E+000  0.16098702E+000  0.77955888E+000
  0.63045021E+000  0.11305722E+000  0.16098685E+000  0.77955811E+000
  0.63044894E+000  0.11305698E+000  0.16098669E+000  0.77955736E+000
  0.63044771E+000  0.11305674E+000  0.16098653E+000  0.77955664E+000
  0.63044654E+000  0.11305651E+000  0.16098638E+000  0.77955594E+000
  0.63044541E+000  0.11305629E+000  0.16098622E+000  0.77955527E+000
  0.63044433E+000  0.11305607E+000  0.16098606E+000  0.77955462E+000
  0.63044329E+000  0.11305586E+000  0.16098591E+000  0.77955399E+000
  0.63044229E+000  0.11305565E+000  0.16098576E+000  0.77955339E+000
  0.63044134E+000  0.11305545E+000  0.16098561E+000  0.77955281E+000
  0.63044042E+000  0.11305526E+000  0.16098546E+000  0.77955226E+000
  0.63043953E+000  0.11305507E+000  0.16098531E+000  0.77955173E+000
  0.63043868E+000  0.11305489E+000  0.16098517E+000  0.77955121E+000
  0.63043787E+000  0.11305471E+000  0.16098503E+000  0.77955072E+000
  0.63043709E+000  0.11305454E+000  0.16098489E+000  0.77955025E+000
  0.63043634E+000  0.11305437E+000  0.16098475E+000  0.77954980E+000
  0.63043562E+000  0.11305421E+000  0.16098462E+000  0.77954937E+000
  0.63043492E+000  0.11305406E+000  0.16098449E+000  0.77954896E+000
  0.63043426E+000  0.11305391E+000  0.16098436E+000  0.77954856E+000
  0.63043362E+000  0.11305376E+000  0.16098423E+000  0.77954819E+000
  0.63043301E+000  0.11305362E+000  0.16098410E+000  0.77954783E+000
  0.63043242E+000  0.11305349E+000  0.16098398E+000  0.77954749E+000
  0.63043185E+000  0.11305335E+000  0.16098386E+000  0.77954717E+000
  0.63043131E+000  0.11305323E+000  0.16098375E+000  0.77954686E+000
  0.63043079E+000  0.11305310E+000  0.16098363E+000  0.77954657E+000
  0.63043029E+000  0.11305299E+000  0.16098352E+000  0.77954629E+000
  0.63042981E+000  0.11305287E+000  0.16098341E+000  0.77954603E+000
  0.63042935E+000  0.11305276E+000  0.16098330E+000  0.77954578E+000
  0.63042891E+000  0.11305265E+000  0.16098320E+000  0.77954554E+000
  0.63042849E+000  0.11305255E+000  0.16098310E+000  0.77954532E+000
  0.63042808E+000  0.11305245E+000  0.16098300E+000  0.77954511E+000
  0.63042769E+000  0.11305236E+000  0.16098290E+000  0.77954492E+000
  0.63042732E+000  0.11305226E+000  0.16098280E+000  0.77954473E+000
  0.63042696E+000  0.11305217E+000  0.16098271E+000  0.77954456E+000
  0.63042662E+000  0.11305209E+000  0.16098262E+000  0.77954440E+000
  0.63042630E+000  0.11305200E+000  0.16098253E+000  0.77954425E+000
  0.63042599E+000  0.11305192E+000  0.16098245E+000  0.77954411E+000
  0.63042569E+000  0.11305185E+000  0.16098237E+000  0.77954398E+000
  0.63042541E+000  0.11305177E+000  0.16098229E+000  0.77954386E+000
  0.63042514E+000  0.11305170E+000  0.16098221E+000  0.77954375E+000
  0.63042488E+000  0.11305163E+000  0.16098213E+000  0.77954365E+000
  0.63042463E+000  0.11305156E+000  0.16098206E+000  0.77954355E+000
  0.63042440E+000  0.11305149E+000  0.16098199E+000  0.77954347E+000
  0.63042418E+000  0.11305143E+000  0.16098192E+000  0.77954339E+000
  0.63042396E+000  0.11305137E+000  0.16098185E+000  0.77954332E+000
  0.63042376E+000  0.11305131E+000  0.16098178E+000  0.77954325E+000
  0.63042357E+000  0.11305126E+000  0.16098172E+000  0.77954320E+000
  0.63042339E+000  0.11305120E+000  0.16098166E+000  0.77954315E+000
  0.63042322E+000  0.11305115E+000  0.16098160E+000  0.77954310E+000
  0.63042306E+000  0.11305110E+000  0.16098154E+000  0.77954307E+000
  0.63042291E+000  0.11305105E+000  0.16098149E+000  0.77954303E+000
  0.63042277E+000  0.11305100E+000  0.16098143E+000  0.77954301E+000
  0.63042264E+000  0.11305096E+000  0.16098138E+000  0.77954299E+000
  0.63042251E+000  0.11305091E+000  0.16098133E+000  0.77954297E+000
  0.63042239E+000  0.11305087E+000  0.16098128E+000  0.77954296E+000
  0.63042229E+000  0.11305083E+000  0.16098123E+000  0.77954295E+000
  0.63042219E+000  0.11305079E+000  0.16098119E+000  0.77954296E+000
  0.63042211E+000  0.11305075E+000  0.16098115E+000  0.77954296E+000
  0.63042202E+000  0.11305072E+000  0.16098111E+000  0.77954294E+000
