 -0.51990484E-001  0.47408604E-002  0.44201203E+000  0.12892340E+001
 -0.52053311E-001  0.47326680E-002  0.44177960E+000  0.12879051E+001
 -0.52099505E-001  0.47287336E-002  0.44160870E+000  0.12868509E+001
 -0.52132369E-001  0.47267241E-002  0.44147839E+000  0.12860144E+001
 -0.52154690E-001  0.47258750E-002  0.44137834E+000  0.12853601E+001
 -0.52168768E-001  0.47257412E-002  0.44130225E+000  0.12848594E+001
 -0.52176483E-001  0.47260171E-002  0.44124583E+000  0.12844878E+001
 -0.52179349E-001  0.47264951E-002  0.44120575E+000  0.12842243E+001
 -0.52178581E-001  0.47270428E-002  0.44117931E+000  0.12840510E+001
 -0.52175146E-001  0.47275826E-002  0.44116418E+000  0.12839527E+001
 -0.52169806E-001  0.47280765E-002  0.44115837E+000  0.12839166E+001
 -0.52163160E-001  0.47285129E-002  0.44116021E+000  0.12839320E+001
 -0.52155673E-001  0.47288923E-002  0.44116825E+000  0.12839897E+001
 -0.52147702E-001  0.47292237E-002  0.44118130E+000  0.12840821E+001
 -0.52139521E-001  0.47295199E-002  0.44119838E+000  0.12842027E+001
 -0.52131333E-001  0.47297933E-002  0.44121867E+000  0.12843460E+001
 -0.52123290E-001  0.47300548E-002  0.44124151E+000  0.12845075E+001
 -0.52115499E-001  0.47303130E-002  0.44126637E+000  0.12846833E+001
 -0.52108037E-001  0.47305742E-002  0.44129281E+000  0.12848701E+001
 -0.52100953E-001  0.47308425E-002  0.44132050E+000  0.12850652E+001
 -0.52094275E-001  0.47311205E-002  0.44134915E+000  0.12852661E+001
 -0.52088019E-001  0.47314096E-002  0.44137855E+000  0.12854709E+001
 -0.52082186E-001  0.47317100E-002  0.44140851E+000  0.12856778E+001
 -0.52076769E-001  0.47320215E-002  0.44143890E+000  0.12858853E+001
 -0.52071756E-001  0.47323437E-002  0.44146961E+000  0.12860921E+001
 -0.52067130E-001  0.47326759E-002  0.44150053E+000  0.12862970E+001
 -0.52062870E-001  0.47330173E-002  0.44153159E+000  0.12864991E+001
 -0.52058954E-001  0.47333673E-002  0.44156270E+000  0.12866974E+001
 -0.52055359E-001  0.47337252E-002  0.44159380E+000  0.12868912E+001
 -0.52052060E-001  0.47340906E-002  0.44162482E+000  0.12870797E+001
 -0.52049035E-001  0.47344628E-002  0.44165568E+000  0.12872624E+001
 -0.52046260E-001  0.47348412E-002  0.44168629E+000  0.12874385E+001
 -0.52043714E-001  0.47352252E-002  0.44171657E+000  0.12876078E+001
 -0.52041376E-001  0.47356137E-002  0.44174643E+000  0.12877697E+001
 -0.52039227E-001  0.47360055E-002  0.44177575E+000  0.12879239E+001
 -0.52037249E-001  0.47363991E-002  0.44180444E+000  0.12880701E+001
 -0.52035425E-001  0.47367926E-002  0.44183237E+000  0.12882081E+001
 -0.52033742E-001  0.47371837E-002  0.44185943E+000  0.12883377E+001
 -0.52032185E-001  0.47375700E-002  0.44188549E+000  0.12884588E+001
 -0.52030744E-001  0.47379484E-002  0.44191043E+000  0.12885715E+001
 -0.52029407E-001  0.47383159E-002  0.44193415E+000  0.12886757E+001
 -0.52028166E-001  0.47386692E-002  0.44195655E+000  0.12887717E+001
 -0.52027011E-001  0.47390050E-002  0.44197753E+000  0.12888595E+001
 -0.52025936E-001  0.47393204E-002  0.44199703E+000  0.12889394E+001
 -0.52024933E-001  0.47396123E-002  0.44201499E+000  0.12890118E+001
 -0.52023996E-001  0.47398784E-002  0.44203139E+000  0.12890770E+001
 -0.52023120E-001  0.47401167E-002  0.44204622E+000  0.12891353E+001
 -0.52022299E-001  0.47403259E-002  0.44205951E+000  0.12891873E+001
 -0.52021527E-001  0.47405053E-002  0.44207128E+000  0.12892334E+001
 -0.52020800E-001  0.47406548E-002  0.44208161E+000  0.12892741E+001
 -0.52020112E-001  0.47407751E-002  0.44209058E+000  0.12893098E+001
 -0.52019458E-001  0.47408672E-002  0.44209828E+000  0.12893411E+001
 -0.52018834E-001  0.47409329E-002  0.44210481E+000  0.12893684E+001
 -0.52018236E-001  0.47409742E-002  0.44211028E+000  0.12893923E+001
 -0.52017658E-001  0.47409932E-002  0.44211482E+000  0.12894131E+001
 -0.52017098E-001  0.47409923E-002  0.44211852E+000  0.12894312E+001
 -0.52016552E-001  0.47409740E-002  0.44212150E+000  0.12894470E+001
 -0.52016017E-001  0.47409404E-002  0.44212386E+000  0.12894609E+001
 -0.52015490E-001  0.47408938E-002  0.44212567E+000  0.12894732E+001
 -0.52014968E-001  0.47408360E-002  0.44212703E+000  0.12894840E+001
 -0.52014451E-001  0.47407688E-002  0.44212799E+000  0.12894936E+001
 -0.52013935E-001  0.47406937E-002  0.44212861E+000  0.12895022E+001
 -0.52013420E-001  0.47406120E-002  0.44212894E+000  0.12895099E+001
 -0.52012906E-001  0.47405246E-002  0.44212901E+000  0.12895167E+001
 -0.52012391E-001  0.47404324E-002  0.44212885E+000  0.12895229E+001
 -0.52011874E-001  0.47403363E-002  0.44212848E+000  0.12895285E+001
 -0.52011357E-001  0.47402366E-002  0.44212792E+000  0.12895334E+001
 -0.52010838E-001  0.47401341E-002  0.44212716E+000  0.12895378E+001
 -0.52010318E-001  0.47400290E-002  0.44212623E+000  0.12895416E+001
 -0.52009796E-001  0.47399217E-002  0.44212512E+000  0.12895449E+001
 -0.52009274E-001  0.47398126E-002  0.44212384E+000  0.12895478E+001
 -0.52008751E-001  0.47397020E-002  0.44212239E+000  0.12895501E+001
 -0.52008228E-001  0.47395902E-002  0.44212077E+000  0.12895519E+001
 -0.52007704E-001  0.47394774E-002  0.44211899E+000  0.12895532E+001
 -0.52007180E-001  0.47393641E-002  0.44211705E+000  0.12895541E+001
 -0.52006657E-001  0.47392504E-002  0.44211494E+000  0.12895545E+001
 -0.52006134E-001  0.47391367E-002  0.44211269E+000  0.12895544E+001
 -0.52005612E-001  0.47390234E-002  0.44211028E+000  0.12895540E+001
 -0.52005091E-001  0.47389106E-002  0.44210774E+000  0.12895531E+001
 -0.52004572E-001  0.47387988E-002  0.44210505E+000  0.12895518E+001
 -0.52004054E-001  0.47386882E-002  0.44210224E+000  0.12895502E+001
 -0.52003538E-001  0.47385792E-002  0.44209931E+000  0.12895482E+001
 -0.52003024E-001  0.47384720E-002  0.44209626E+000  0.12895460E+001
 -0.52002512E-001  0.47383670E-002  0.44209311E+000  0.12895434E+001
 -0.52002003E-001  0.47382643E-002  0.44208986E+000  0.12895406E+001
 -0.52001497E-001  0.47381643E-002  0.44208653E+000  0.12895375E+001
 -0.52000994E-001  0.47380672E-002  0.44208312E+000  0.12895343E+001
 -0.52000495E-001  0.47379731E-002  0.44207964E+000  0.12895308E+001
 -0.52000001E-001  0.47378823E-002  0.44207611E+000  0.12895272E+001
 -0.51999510E-001  0.47377949E-002  0.44207253E+000  0.12895235E+001
 -0.51999024E-001  0.47377111E-002  0.44206891E+000  0.12895196E+001
 -0.51998544E-001  0.47376308E-002  0.44206527E+000  0.12895157E+001
 -0.51998069E-001  0.47375543E-002  0.44206160E+000  0.12895117E+001
 -0.51997600E-001  0.47374815E-002  0.44205793E+000  0.12895076E+001
 -0.51997137E-001  0.47374124E-002  0.44205425E+000  0.12895035E+001
 -0.51996681E-001  0.47373471E-002  0.44205057E+000  0.12894993E+001
 -0.51996232E-001  0.47372856E-002  0.44204692E+000  0.12894952E+001
 -0.51995790E-001  0.47372277E-002  0.44204328E+000  0.12894910E+001
 -0.51995356E-001  0.47371734E-002  0.44203967E+000  0.12894869E+001
 -0.51994930E-001  0.47371226E-002  0.44203609E+000  0.12894827E+001
 -0.51994512E-001  0.47370753E-002  0.44203255E+000  0.12894786E+001
 -0.51994103E-001  0.47370312E-002  0.44202906E+000  0.12894745E+001
 -0.51993702E-001  0.47369903E-002  0.44202562E+000  0.12894705E+001
 -0.51993310E-001  0.47369525E-002  0.44202224E+000  0.12894665E+001
 -0.51992927E-001  0.47369175E-002  0.44201892E+000  0.12894626E+001
 -0.51992554E-001  0.47368853E-002  0.44201566E+000  0.12894587E+001
 -0.51992189E-001  0.47368557E-002  0.44201246E+000  0.12894548E+001
 -0.51991834E-001  0.47368285E-002  0.44200934E+000  0.12894510E+001
 -0.51991489E-001  0.47368036E-002  0.44200629E+000  0.12894473E+001
 -0.51991152E-001  0.47367808E-002  0.44200331E+000  0.12894436E+001
 -0.51990826E-001  0.47367600E-002  0.44200041E+000  0.12894400E+001
 -0.51990508E-001  0.47367411E-002  0.44199758E+000  0.12894364E+001
 -0.51990200E-001  0.47367238E-002  0.44199484E+000  0.12894329E+001
 -0.51989902E-001  0.47367081E-002  0.44199217E+000  0.12894294E+001
 -0.51989612E-001  0.47366939E-002  0.44198958E+000  0.12894260E+001
 -0.51989331E-001  0.47366809E-002  0.44198707E+000  0.12894227E+001
 -0.51989060E-001  0.47366691E-002  0.44198464E+000  0.12894194E+001
 -0.51988797E-001  0.47366584E-002  0.44198229E+000  0.12894162E+001
 -0.51988543E-001  0.47366486E-002  0.44198002E+000  0.12894131E+001
 -0.51988297E-001  0.47366398E-002  0.44197782E+000  0.12894100E+001
 -0.51988060E-001  0.47366317E-002  0.44197570E+000  0.12894070E+001
 -0.51987830E-001  0.47366243E-002  0.44197365E+000  0.12894040E+001
 -0.51987609E-001  0.47366175E-002  0.44197168E+000  0.12894011E+001
 -0.51987395E-001  0.47366113E-002  0.44196978E+000  0.12893983E+001
 -0.51987188E-001  0.47366055E-002  0.44196795E+000  0.12893955E+001
 -0.51986989E-001  0.47366002E-002  0.44196619E+000  0.12893928E+001
 -0.51986797E-001  0.47365952E-002  0.44196449E+000  0.12893901E+001
 -0.51986612E-001  0.47365905E-002  0.44196286E+000  0.12893875E+001
 -0.51986433E-001  0.47365862E-002  0.44196129E+000  0.12893849E+001
 -0.51986261E-001  0.47365821E-002  0.44195978E+000  0.12893825E+001
 -0.51986095E-001  0.47365781E-002  0.44195833E+000  0.12893800E+001
 -0.51985935E-001  0.47365744E-002  0.44195694E+000  0.12893777E+001
 -0.51985781E-001  0.47365708E-002  0.44195560E+000  0.12893754E+001
 -0.51985632E-001  0.47365674E-002  0.44195431E+000  0.12893731E+001
 -0.51985489E-001  0.47365640E-002  0.44195308E+000  0.12893710E+001
 -0.51985351E-001  0.47365608E-002  0.44195190E+000  0.12893688E+001
 -0.51985218E-001  0.47365576E-002  0.44195076E+000  0.12893668E+001
 -0.51985090E-001  0.47365545E-002  0.44194967E+000  0.12893648E+001
 -0.51984967E-001  0.47365515E-002  0.44194862E+000  0.12893628E+001
 -0.51984848E-001  0.47365486E-002  0.44194762E+000  0.12893609E+001
 -0.51984733E-001  0.47365457E-002  0.44194665E+000  0.12893591E+001
 -0.51984623E-001  0.47365428E-002  0.44194573E+000  0.12893573E+001
 -0.51984517E-001  0.47365400E-002  0.44194484E+000  0.12893556E+001
 -0.51984415E-001  0.47365372E-002  0.44194399E+000  0.12893539E+001
 -0.51984316E-001  0.47365345E-002  0.44194317E+000  0.12893523E+001
 -0.51984221E-001  0.47365318E-002  0.44194239E+000  0.12893507E+001
 -0.51984130E-001  0.47365292E-002  0.44194163E+000  0.12893492E+001
 -0.51984042E-001  0.47365266E-002  0.44194091E+000  0.12893478E+001
 -0.51983958E-001  0.47365241E-002  0.44194022E+000  0.12893463E+001
 -0.51983876E-001  0.47365216E-002  0.44193955E+000  0.12893450E+001
 -0.51983798E-001  0.47365192E-002  0.44193891E+000  0.12893436E+001
 -0.51983723E-001  0.47365168E-002  0.44193830E+000  0.12893424E+001
 -0.51983651E-001  0.47365145E-002  0.44193771E+000  0.12893411E+001
 -0.51983581E-001  0.47365123E-002  0.44193715E+000  0.12893399E+001
 -0.51983515E-001  0.47365101E-002  0.44193661E+000  0.12893388E+001
 -0.51983451E-001  0.47365081E-002  0.44193609E+000  0.12893377E+001
 -0.51983389E-001  0.47365061E-002  0.44193559E+000  0.12893366E+001
 -0.51983331E-001  0.47365041E-002  0.44193511E+000  0.12893356E+001
 -0.51983274E-001  0.47365023E-002  0.44193466E+000  0.12893346E+001
 -0.51983220E-001  0.47365006E-002  0.44193422E+000  0.12893336E+001
 -0.51983168E-001  0.47364989E-002  0.44193380E+000  0.12893327E+001
 -0.51983119E-001  0.47364974E-002  0.44193340E+000  0.12893319E+001
 -0.51983071E-001  0.47364959E-002  0.44193301E+000  0.12893310E+001
 -0.51983026E-001  0.47364945E-002  0.44193264E+000  0.12893302E+001
 -0.51982983E-001  0.47364933E-002  0.44193229E+000  0.12893294E+001
 -0.51982942E-001  0.47364921E-002  0.44193195E+000  0.12893286E+001
 -0.51982903E-001  0.47364910E-002  0.44193163E+000  0.12893279E+001
 -0.51982865E-001  0.47364901E-002  0.44193132E+000  0.12893272E+001
 -0.51982830E-001  0.47364892E-002  0.44193103E+000  0.12893266E+001
 -0.51982796E-001  0.47364885E-002  0.44193075E+000  0.12893259E+001
 -0.51982764E-001  0.47364878E-002  0.44193048E+000  0.12893253E+001
 -0.51982734E-001  0.47364872E-002  0.44193023E+000  0.12893247E+001
 -0.51982706E-001  0.47364868E-002  0.44192999E+000  0.12893242E+001
 -0.51982678E-001  0.47364864E-002  0.44192976E+000  0.12893236E+001
 -0.51982653E-001  0.47364862E-002  0.44192954E+000  0.12893231E+001
 -0.51982629E-001  0.47364860E-002  0.44192933E+000  0.12893226E+001
 -0.51982606E-001  0.47364859E-002  0.44192914E+000  0.12893221E+001
 -0.51982585E-001  0.47364859E-002  0.44192895E+000  0.12893217E+001
 -0.51982565E-001  0.47364860E-002  0.44192877E+000  0.12893213E+001
 -0.51982547E-001  0.47364862E-002  0.44192861E+000  0.12893208E+001
 -0.51982529E-001  0.47364864E-002  0.44192845E+000  0.12893204E+001
 -0.51982513E-001  0.47364868E-002  0.44192830E+000  0.12893201E+001
 -0.51982498E-001  0.47364872E-002  0.44192816E+000  0.12893197E+001
 -0.51982484E-001  0.47364877E-002  0.44192803E+000  0.12893194E+001
 -0.51982471E-001  0.47364882E-002  0.44192791E+000  0.12893190E+001
 -0.51982460E-001  0.47364889E-002  0.44192780E+000  0.12893187E+001
 -0.51982449E-001  0.47364895E-002  0.44192769E+000  0.12893184E+001
 -0.51982439E-001  0.47364903E-002  0.44192759E+000  0.12893182E+001
 -0.51982430E-001  0.47364911E-002  0.44192750E+000  0.12893179E+001
 -0.51982422E-001  0.47364920E-002  0.44192741E+000  0.12893177E+001
 -0.51982414E-001  0.47364930E-002  0.44192733E+000  0.12893174E+001
 -0.51982408E-001  0.47364940E-002  0.44192726E+000  0.12893172E+001
 -0.51982402E-001  0.47364951E-002  0.44192720E+000  0.12893170E+001
 -0.51982397E-001  0.47364962E-002  0.44192714E+000  0.12893168E+001
 -0.51982393E-001  0.47364974E-002  0.44192708E+000  0.12893166E+001
 -0.51982389E-001  0.47364987E-002  0.44192704E+000  0.12893164E+001
 -0.51982386E-001  0.47365001E-002  0.44192699E+000  0.12893163E+001
 -0.51982383E-001  0.47365016E-002  0.44192696E+000  0.12893161E+001
 -0.51982380E-001  0.47365033E-002  0.44192694E+000  0.12893160E+001
 -0.51982380E-001  0.47365050E-002  0.44192692E+000  0.12893158E+001
