 -0.16986735E-001
 -0.17006645E-001
 -0.17021143E-001
 -0.17031389E-001
 -0.17038313E-001
 -0.17042661E-001
 -0.17045026E-001
 -0.17045887E-001
 -0.17045624E-001
 -0.17044538E-001
 -0.17042867E-001
 -0.17040795E-001
 -0.17038468E-001
 -0.17035996E-001
 -0.17033463E-001
 -0.17030931E-001
 -0.17028446E-001
 -0.17026041E-001
 -0.17023739E-001
 -0.17021556E-001
 -0.17019498E-001
 -0.17017571E-001
 -0.17015774E-001
 -0.17014105E-001
 -0.17012559E-001
 -0.17011132E-001
 -0.17009816E-001
 -0.17008605E-001
 -0.17007491E-001
 -0.17006467E-001
 -0.17005526E-001
 -0.17004660E-001
 -0.17003863E-001
 -0.17003129E-001
 -0.17002451E-001
 -0.17001825E-001
 -0.17001245E-001
 -0.17000708E-001
 -0.17000209E-001
 -0.16999746E-001
 -0.16999314E-001
 -0.16998912E-001
 -0.16998537E-001
 -0.16998187E-001
 -0.16997860E-001
 -0.16997555E-001
 -0.16997270E-001
 -0.16997004E-001
 -0.16996755E-001
 -0.16996521E-001
 -0.16996303E-001
 -0.16996097E-001
 -0.16995904E-001
 -0.16995721E-001
 -0.16995548E-001
 -0.16995384E-001
 -0.16995226E-001
 -0.16995075E-001
 -0.16994930E-001
 -0.16994789E-001
 -0.16994652E-001
 -0.16994518E-001
 -0.16994386E-001
 -0.16994257E-001
 -0.16994130E-001
 -0.16994005E-001
 -0.16993881E-001
 -0.16993758E-001
 -0.16993636E-001
 -0.16993516E-001
 -0.16993397E-001
 -0.16993279E-001
 -0.16993162E-001
 -0.16993046E-001
 -0.16992932E-001
 -0.16992819E-001
 -0.16992706E-001
 -0.16992596E-001
 -0.16992486E-001
 -0.16992377E-001
 -0.16992270E-001
 -0.16992163E-001
 -0.16992058E-001
 -0.16991954E-001
 -0.16991851E-001
 -0.16991748E-001
 -0.16991647E-001
 -0.16991546E-001
 -0.16991447E-001
 -0.16991348E-001
 -0.16991250E-001
 -0.16991152E-001
 -0.16991056E-001
 -0.16990960E-001
 -0.16990865E-001
 -0.16990770E-001
 -0.16990677E-001
 -0.16990584E-001
 -0.16990492E-001
 -0.16990400E-001
 -0.16990310E-001
 -0.16990220E-001
 -0.16990131E-001
 -0.16990044E-001
 -0.16989957E-001
 -0.16989871E-001
 -0.16989786E-001
 -0.16989702E-001
 -0.16989619E-001
 -0.16989537E-001
 -0.16989457E-001
 -0.16989377E-001
 -0.16989299E-001
 -0.16989222E-001
 -0.16989147E-001
 -0.16989072E-001
 -0.16988999E-001
 -0.16988928E-001
 -0.16988858E-001
 -0.16988789E-001
 -0.16988722E-001
 -0.16988656E-001
 -0.16988591E-001
 -0.16988528E-001
 -0.16988467E-001
 -0.16988406E-001
 -0.16988348E-001
 -0.16988291E-001
 -0.16988235E-001
 -0.16988180E-001
 -0.16988128E-001
 -0.16988076E-001
 -0.16988026E-001
 -0.16987977E-001
 -0.16987930E-001
 -0.16987884E-001
 -0.16987839E-001
 -0.16987796E-001
 -0.16987754E-001
 -0.16987713E-001
 -0.16987674E-001
 -0.16987636E-001
 -0.16987599E-001
 -0.16987563E-001
 -0.16987528E-001
 -0.16987495E-001
 -0.16987462E-001
 -0.16987431E-001
 -0.16987400E-001
 -0.16987371E-001
 -0.16987343E-001
 -0.16987315E-001
 -0.16987289E-001
 -0.16987264E-001
 -0.16987239E-001
 -0.16987216E-001
 -0.16987193E-001
 -0.16987171E-001
 -0.16987150E-001
 -0.16987130E-001
 -0.16987110E-001
 -0.16987092E-001
 -0.16987074E-001
 -0.16987056E-001
 -0.16987040E-001
 -0.16987024E-001
 -0.16987009E-001
 -0.16986994E-001
 -0.16986980E-001
 -0.16986967E-001
 -0.16986954E-001
 -0.16986942E-001
 -0.16986930E-001
 -0.16986919E-001
 -0.16986908E-001
 -0.16986898E-001
 -0.16986889E-001
 -0.16986879E-001
 -0.16986871E-001
 -0.16986862E-001
 -0.16986855E-001
 -0.16986847E-001
 -0.16986840E-001
 -0.16986833E-001
 -0.16986827E-001
 -0.16986821E-001
 -0.16986815E-001
 -0.16986810E-001
 -0.16986805E-001
 -0.16986800E-001
 -0.16986796E-001
 -0.16986792E-001
 -0.16986788E-001
 -0.16986784E-001
 -0.16986781E-001
 -0.16986777E-001
 -0.16986774E-001
 -0.16986772E-001
 -0.16986769E-001
 -0.16986766E-001
