  0.43798579E+000
  0.43759762E+000
  0.43729331E+000
  0.43705313E+000
  0.43686568E+000
  0.43672228E+000
  0.43661578E+000
  0.43654014E+000
  0.43649026E+000
  0.43646182E+000
  0.43645115E+000
  0.43645515E+000
  0.43647123E+000
  0.43649719E+000
  0.43653119E+000
  0.43657167E+000
  0.43661735E+000
  0.43666713E+000
  0.43672007E+000
  0.43677541E+000
  0.43683249E+000
  0.43689074E+000
  0.43694969E+000
  0.43700893E+000
  0.43706809E+000
  0.43712687E+000
  0.43718499E+000
  0.43724220E+000
  0.43729829E+000
  0.43735307E+000
  0.43740635E+000
  0.43745797E+000
  0.43750780E+000
  0.43755568E+000
  0.43760152E+000
  0.43764521E+000
  0.43768666E+000
  0.43772581E+000
  0.43776260E+000
  0.43779699E+000
  0.43782898E+000
  0.43785855E+000
  0.43788575E+000
  0.43791061E+000
  0.43793319E+000
  0.43795358E+000
  0.43797187E+000
  0.43798818E+000
  0.43800263E+000
  0.43801537E+000
  0.43802652E+000
  0.43803625E+000
  0.43804470E+000
  0.43805200E+000
  0.43805831E+000
  0.43806375E+000
  0.43806843E+000
  0.43807247E+000
  0.43807595E+000
  0.43807897E+000
  0.43808159E+000
  0.43808387E+000
  0.43808584E+000
  0.43808756E+000
  0.43808905E+000
  0.43809032E+000
  0.43809139E+000
  0.43809228E+000
  0.43809299E+000
  0.43809352E+000
  0.43809389E+000
  0.43809409E+000
  0.43809412E+000
  0.43809400E+000
  0.43809372E+000
  0.43809328E+000
  0.43809270E+000
  0.43809197E+000
  0.43809111E+000
  0.43809012E+000
  0.43808900E+000
  0.43808777E+000
  0.43808644E+000
  0.43808501E+000
  0.43808349E+000
  0.43808189E+000
  0.43808022E+000
  0.43807849E+000
  0.43807671E+000
  0.43807488E+000
  0.43807302E+000
  0.43807112E+000
  0.43806920E+000
  0.43806727E+000
  0.43806532E+000
  0.43806337E+000
  0.43806142E+000
  0.43805947E+000
  0.43805754E+000
  0.43805561E+000
  0.43805370E+000
  0.43805181E+000
  0.43804995E+000
  0.43804810E+000
  0.43804628E+000
  0.43804449E+000
  0.43804273E+000
  0.43804100E+000
  0.43803930E+000
  0.43803763E+000
  0.43803599E+000
  0.43803439E+000
  0.43803282E+000
  0.43803128E+000
  0.43802978E+000
  0.43802832E+000
  0.43802688E+000
  0.43802549E+000
  0.43802412E+000
  0.43802279E+000
  0.43802149E+000
  0.43802023E+000
  0.43801900E+000
  0.43801780E+000
  0.43801664E+000
  0.43801550E+000
  0.43801440E+000
  0.43801333E+000
  0.43801229E+000
  0.43801128E+000
  0.43801030E+000
  0.43800935E+000
  0.43800843E+000
  0.43800754E+000
  0.43800667E+000
  0.43800583E+000
  0.43800502E+000
  0.43800423E+000
  0.43800347E+000
  0.43800274E+000
  0.43800203E+000
  0.43800134E+000
  0.43800067E+000
  0.43800003E+000
  0.43799941E+000
  0.43799881E+000
  0.43799823E+000
  0.43799768E+000
  0.43799714E+000
  0.43799662E+000
  0.43799612E+000
  0.43799564E+000
  0.43799518E+000
  0.43799473E+000
  0.43799430E+000
  0.43799388E+000
  0.43799348E+000
  0.43799310E+000
  0.43799273E+000
  0.43799238E+000
  0.43799204E+000
  0.43799171E+000
  0.43799139E+000
  0.43799109E+000
  0.43799080E+000
  0.43799052E+000
  0.43799026E+000
  0.43799000E+000
  0.43798975E+000
  0.43798952E+000
  0.43798929E+000
  0.43798908E+000
  0.43798887E+000
  0.43798868E+000
  0.43798849E+000
  0.43798831E+000
  0.43798814E+000
  0.43798797E+000
  0.43798782E+000
  0.43798767E+000
  0.43798753E+000
  0.43798739E+000
  0.43798727E+000
  0.43798715E+000
  0.43798703E+000
  0.43798692E+000
  0.43798682E+000
  0.43798672E+000
  0.43798663E+000
  0.43798655E+000
  0.43798646E+000
  0.43798639E+000
  0.43798632E+000
  0.43798625E+000
  0.43798619E+000
  0.43798613E+000
  0.43798608E+000
  0.43798603E+000
  0.43798599E+000
  0.43798594E+000
