  0.12927818E+001
  0.12924587E+001
  0.12922243E+001
  0.12920318E+001
  0.12918706E+001
  0.12917353E+001
  0.12916217E+001
  0.12915267E+001
  0.12914473E+001
  0.12913811E+001
  0.12913262E+001
  0.12912808E+001
  0.12912434E+001
  0.12912127E+001
  0.12911879E+001
  0.12911679E+001
  0.12911520E+001
  0.12911396E+001
  0.12911302E+001
  0.12911233E+001
  0.12911185E+001
  0.12911155E+001
  0.12911141E+001
  0.12911139E+001
  0.12911149E+001
  0.12911167E+001
  0.12911193E+001
  0.12911226E+001
  0.12911265E+001
  0.12911307E+001
  0.12911353E+001
  0.12911403E+001
  0.12911454E+001
  0.12911507E+001
  0.12911562E+001
  0.12911617E+001
  0.12911673E+001
  0.12911729E+001
  0.12911785E+001
  0.12911840E+001
  0.12911895E+001
  0.12911950E+001
  0.12912003E+001
  0.12912055E+001
  0.12912107E+001
  0.12912157E+001
  0.12912206E+001
  0.12912255E+001
  0.12912302E+001
  0.12912348E+001
  0.12912394E+001
  0.12912440E+001
  0.12912485E+001
  0.12912530E+001
  0.12912574E+001
  0.12912619E+001
  0.12912665E+001
  0.12912710E+001
  0.12912757E+001
  0.12912804E+001
  0.12912852E+001
  0.12912902E+001
  0.12912952E+001
  0.12913003E+001
  0.12913056E+001
  0.12913109E+001
  0.12913164E+001
  0.12913220E+001
  0.12913277E+001
  0.12913335E+001
  0.12913394E+001
  0.12913454E+001
  0.12913515E+001
  0.12913577E+001
  0.12913639E+001
  0.12913702E+001
  0.12913766E+001
  0.12913830E+001
  0.12913895E+001
  0.12913960E+001
  0.12914026E+001
  0.12914091E+001
  0.12914157E+001
  0.12914223E+001
  0.12914289E+001
  0.12914355E+001
  0.12914421E+001
  0.12914486E+001
  0.12914552E+001
  0.12914617E+001
  0.12914683E+001
  0.12914747E+001
  0.12914812E+001
  0.12914877E+001
  0.12914941E+001
  0.12915005E+001
  0.12915068E+001
  0.12915132E+001
  0.12915195E+001
  0.12915257E+001
  0.12915320E+001
  0.12915382E+001
  0.12915445E+001
  0.12915506E+001
  0.12915568E+001
  0.12915630E+001
  0.12915692E+001
  0.12915753E+001
  0.12915815E+001
  0.12915876E+001
  0.12915938E+001
  0.12915999E+001
  0.12916061E+001
  0.12916123E+001
  0.12916185E+001
  0.12916247E+001
  0.12916310E+001
  0.12916372E+001
  0.12916435E+001
  0.12916499E+001
  0.12916562E+001
  0.12916626E+001
  0.12916690E+001
  0.12916755E+001
  0.12916820E+001
  0.12916886E+001
  0.12916952E+001
  0.12917019E+001
  0.12917086E+001
  0.12917154E+001
  0.12917222E+001
  0.12917290E+001
  0.12917359E+001
  0.12917429E+001
  0.12917499E+001
  0.12917570E+001
  0.12917641E+001
  0.12917713E+001
  0.12917785E+001
  0.12917858E+001
  0.12917932E+001
  0.12918005E+001
  0.12918079E+001
  0.12918154E+001
  0.12918229E+001
  0.12918304E+001
  0.12918380E+001
  0.12918456E+001
  0.12918532E+001
  0.12918609E+001
  0.12918686E+001
  0.12918762E+001
  0.12918840E+001
  0.12918917E+001
  0.12918994E+001
  0.12919071E+001
  0.12919148E+001
  0.12919226E+001
  0.12919303E+001
  0.12919380E+001
  0.12919456E+001
  0.12919533E+001
  0.12919609E+001
  0.12919685E+001
  0.12919760E+001
  0.12919835E+001
  0.12919910E+001
  0.12919984E+001
  0.12920058E+001
  0.12920131E+001
  0.12920203E+001
  0.12920275E+001
  0.12920346E+001
  0.12920416E+001
  0.12920486E+001
  0.12920555E+001
  0.12920623E+001
  0.12920690E+001
  0.12920756E+001
  0.12920821E+001
  0.12920886E+001
  0.12920949E+001
  0.12921012E+001
  0.12921073E+001
  0.12921134E+001
  0.12921193E+001
  0.12921252E+001
  0.12921309E+001
  0.12921365E+001
  0.12921420E+001
  0.12921475E+001
  0.12921528E+001
  0.12921580E+001
  0.12921630E+001
  0.12921680E+001
  0.12921729E+001
  0.12921776E+001
  0.12921823E+001
  0.12921868E+001
  0.12921913E+001
