  0.73566072E+000
  0.73538315E+000
  0.73518950E+000
  0.73506075E+000
  0.73497575E+000
  0.73491946E+000
  0.73488212E+000
  0.73485713E+000
  0.73484021E+000
  0.73482861E+000
  0.73482054E+000
  0.73481480E+000
  0.73480997E+000
  0.73480570E+000
  0.73480190E+000
  0.73479854E+000
  0.73479564E+000
  0.73479321E+000
  0.73479127E+000
  0.73478985E+000
  0.73478893E+000
  0.73478851E+000
  0.73478858E+000
  0.73478911E+000
  0.73479005E+000
  0.73479138E+000
  0.73479304E+000
  0.73479498E+000
  0.73479715E+000
  0.73479949E+000
  0.73480197E+000
  0.73480453E+000
  0.73480713E+000
  0.73480973E+000
  0.73481229E+000
  0.73481478E+000
  0.73481718E+000
  0.73481947E+000
  0.73482163E+000
  0.73482366E+000
  0.73482554E+000
  0.73482728E+000
  0.73482887E+000
  0.73483033E+000
  0.73483166E+000
  0.73483287E+000
  0.73483397E+000
  0.73483497E+000
  0.73483588E+000
  0.73483672E+000
  0.73483750E+000
  0.73483823E+000
  0.73483891E+000
  0.73483956E+000
  0.73484019E+000
  0.73484079E+000
  0.73484138E+000
  0.73484195E+000
  0.73484251E+000
  0.73484306E+000
  0.73484360E+000
  0.73484412E+000
  0.73484464E+000
  0.73484514E+000
  0.73484563E+000
  0.73484610E+000
  0.73484656E+000
  0.73484700E+000
  0.73484743E+000
  0.73484784E+000
  0.73484824E+000
  0.73484863E+000
  0.73484901E+000
  0.73484937E+000
  0.73484973E+000
  0.73485007E+000
  0.73485041E+000
  0.73485075E+000
  0.73485108E+000
  0.73485140E+000
  0.73485173E+000
  0.73485205E+000
  0.73485238E+000
  0.73485271E+000
  0.73485304E+000
  0.73485337E+000
  0.73485371E+000
  0.73485405E+000
  0.73485440E+000
  0.73485476E+000
  0.73485512E+000
  0.73485549E+000
  0.73485586E+000
  0.73485624E+000
  0.73485663E+000
  0.73485702E+000
  0.73485741E+000
  0.73485781E+000
  0.73485822E+000
  0.73485862E+000
  0.73485903E+000
  0.73485944E+000
  0.73485986E+000
  0.73486027E+000
  0.73486068E+000
  0.73486109E+000
  0.73486149E+000
  0.73486190E+000
  0.73486230E+000
  0.73486269E+000
  0.73486308E+000
  0.73486346E+000
  0.73486384E+000
  0.73486421E+000
  0.73486457E+000
  0.73486493E+000
  0.73486527E+000
  0.73486561E+000
  0.73486593E+000
  0.73486625E+000
  0.73486656E+000
  0.73486686E+000
  0.73486715E+000
  0.73486742E+000
  0.73486769E+000
  0.73486795E+000
  0.73486820E+000
  0.73486844E+000
  0.73486866E+000
  0.73486888E+000
  0.73486909E+000
  0.73486929E+000
  0.73486948E+000
  0.73486966E+000
  0.73486984E+000
  0.73487000E+000
  0.73487016E+000
  0.73487030E+000
  0.73487044E+000
  0.73487058E+000
  0.73487070E+000
  0.73487082E+000
  0.73487093E+000
  0.73487104E+000
  0.73487114E+000
  0.73487123E+000
  0.73487132E+000
  0.73487140E+000
  0.73487148E+000
  0.73487155E+000
  0.73487162E+000
  0.73487168E+000
  0.73487174E+000
  0.73487180E+000
  0.73487185E+000
  0.73487189E+000
  0.73487194E+000
  0.73487198E+000
  0.73487202E+000
  0.73487205E+000
  0.73487208E+000
  0.73487211E+000
  0.73487214E+000
  0.73487216E+000
  0.73487218E+000
  0.73487220E+000
  0.73487222E+000
  0.73487223E+000
  0.73487225E+000
  0.73487226E+000
  0.73487227E+000
  0.73487228E+000
  0.73487228E+000
  0.73487229E+000
  0.73487229E+000
  0.73487230E+000
  0.73487230E+000
  0.73487230E+000
  0.73487230E+000
  0.73487230E+000
  0.73487229E+000
  0.73487229E+000
  0.73487229E+000
  0.73487228E+000
  0.73487228E+000
  0.73487227E+000
  0.73487226E+000
  0.73487226E+000
  0.73487225E+000
  0.73487224E+000
  0.73487223E+000
  0.73487222E+000
  0.73487221E+000
  0.73487220E+000
  0.73487219E+000
  0.73487218E+000
  0.73487216E+000
  0.73487215E+000
  0.73487214E+000
  0.73487215E+000
