  0.69816935E+000  0.89109393E+000  0.10013431E+001  0.25805213E+001
  0.69764860E+000  0.89133774E+000  0.10011925E+001  0.25796564E+001
  0.69745889E+000  0.89125328E+000  0.10011527E+001  0.25790324E+001
  0.69689871E+000  0.89153230E+000  0.10010595E+001  0.25786370E+001
  0.69674076E+000  0.89145281E+000  0.10010020E+001  0.25782872E+001
  0.69657686E+000  0.89129625E+000  0.10011611E+001  0.25779072E+001
  0.69623999E+000  0.89154471E+000  0.10011320E+001  0.25775706E+001
  0.69595031E+000  0.89152530E+000  0.10012887E+001  0.25773427E+001
  0.69572711E+000  0.89168839E+000  0.10012510E+001  0.25771230E+001
  0.69554616E+000  0.89163651E+000  0.10014294E+001  0.25769128E+001
  0.69529877E+000  0.89184660E+000  0.10014056E+001  0.25767542E+001
  0.69499920E+000  0.89211644E+000  0.10014384E+001  0.25765693E+001
  0.69496693E+000  0.89212516E+000  0.10014203E+001  0.25764613E+001
  0.69494864E+000  0.89212404E+000  0.10014091E+001  0.25763694E+001
  0.69491025E+000  0.89214769E+000  0.10014000E+001  0.25762939E+001
  0.69490488E+000  0.89214560E+000  0.10014799E+001  0.25761414E+001
  0.69490365E+000  0.89214094E+000  0.10015020E+001  0.25760617E+001
  0.69490486E+000  0.89213687E+000  0.10015237E+001  0.25759933E+001
  0.69490811E+000  0.89213491E+000  0.10015210E+001  0.25759571E+001
  0.69465747E+000  0.89238235E+000  0.10015410E+001  0.25759126E+001
  0.69466386E+000  0.89238098E+000  0.10015384E+001  0.25758911E+001
  0.69467142E+000  0.89237986E+000  0.10015364E+001  0.25758747E+001
  0.69467995E+000  0.89233505E+000  0.10015923E+001  0.25758493E+001
  0.69468561E+000  0.89233795E+000  0.10015915E+001  0.25758409E+001
  0.69469552E+000  0.89233736E+000  0.10015912E+001  0.25758357E+001
  0.69470591E+000  0.89233689E+000  0.10016023E+001  0.25758221E+001
  0.69471663E+000  0.89233656E+000  0.10016026E+001  0.25758219E+001
  0.69472760E+000  0.89233473E+000  0.10016048E+001  0.25758237E+001
  0.69473870E+000  0.89233458E+000  0.10016055E+001  0.25758273E+001
  0.69474984E+000  0.89233454E+000  0.10016064E+001  0.25758324E+001
  0.69476095E+000  0.89233455E+000  0.10016075E+001  0.25758387E+001
  0.69477194E+000  0.89233465E+000  0.10016086E+001  0.25758461E+001
  0.69478275E+000  0.89233480E+000  0.10016195E+001  0.25758449E+001
  0.69479331E+000  0.89233502E+000  0.10016208E+001  0.25758541E+001
  0.69480357E+000  0.89233529E+000  0.10016222E+001  0.25758640E+001
  0.69481347E+000  0.89233562E+000  0.10016235E+001  0.25758746E+001
  0.69482297E+000  0.89233598E+000  0.10016249E+001  0.25758857E+001
  0.69483203E+000  0.89233639E+000  0.10016263E+001  0.25758973E+001
  0.69484062E+000  0.89233683E+000  0.10016276E+001  0.25759092E+001
  0.69484871E+000  0.89233729E+000  0.10016290E+001  0.25759215E+001
  0.69485627E+000  0.89233777E+000  0.10016303E+001  0.25759341E+001
  0.69486329E+000  0.89233826E+000  0.10016316E+001  0.25759470E+001
  0.69486977E+000  0.89233876E+000  0.10016328E+001  0.25759601E+001
  0.69487569E+000  0.89233925E+000  0.10016340E+001  0.25759734E+001
  0.69488107E+000  0.89233974E+000  0.10016352E+001  0.25759870E+001
  0.69488592E+000  0.89234021E+000  0.10016363E+001  0.25760007E+001
  0.69489026E+000  0.89234065E+000  0.10016373E+001  0.25760146E+001
  0.69489411E+000  0.89234107E+000  0.10016383E+001  0.25760286E+001
  0.69489749E+000  0.89234146E+000  0.10016393E+001  0.25760429E+001
  0.69490044E+000  0.89234181E+000  0.10016402E+001  0.25760573E+001
  0.69490300E+000  0.89234212E+000  0.10016410E+001  0.25760719E+001
  0.69490521E+000  0.89234240E+000  0.10016419E+001  0.25760867E+001
  0.69490709E+000  0.89234264E+000  0.10016427E+001  0.25761017E+001
  0.69490870E+000  0.89234285E+000  0.10016435E+001  0.25761170E+001
  0.69491006E+000  0.89234302E+000  0.10016444E+001  0.25761326E+001
  0.69491122E+000  0.89234316E+000  0.10016452E+001  0.25761484E+001
  0.69491220E+000  0.89234327E+000  0.10016461E+001  0.25761646E+001
  0.69491304E+000  0.89234336E+000  0.10016470E+001  0.25761811E+001
  0.69491376E+000  0.89234343E+000  0.10016479E+001  0.25761980E+001
  0.69491439E+000  0.89234349E+000  0.10016489E+001  0.25762152E+001
  0.69491495E+000  0.89234354E+000  0.10016500E+001  0.25762328E+001
  0.69491544E+000  0.89234358E+000  0.10016511E+001  0.25762509E+001
  0.69491589E+000  0.89234361E+000  0.10016522E+001  0.25762693E+001
  0.69491631E+000  0.89234365E+000  0.10016535E+001  0.25762881E+001
  0.69491669E+000  0.89234369E+000  0.10016548E+001  0.25763073E+001
  0.69491706E+000  0.89234374E+000  0.10016563E+001  0.25763269E+001
  0.69491741E+000  0.89234379E+000  0.10016578E+001  0.25763469E+001
  0.69491776E+000  0.89234385E+000  0.10016594E+001  0.25763673E+001
  0.69491809E+000  0.89234392E+000  0.10016610E+001  0.25763880E+001
  0.69491841E+000  0.89234400E+000  0.10016628E+001  0.25764091E+001
  0.69491872E+000  0.89234410E+000  0.10016646E+001  0.25764305E+001
  0.69491903E+000  0.89234420E+000  0.10016666E+001  0.25764521E+001
  0.69491933E+000  0.89234432E+000  0.10016686E+001  0.25764740E+001
  0.69491962E+000  0.89234445E+000  0.10016707E+001  0.25764962E+001
  0.69491990E+000  0.89234460E+000  0.10016729E+001  0.25765186E+001
  0.69492018E+000  0.89234476E+000  0.10016752E+001  0.25765411E+001
  0.69492045E+000  0.89234493E+000  0.10016776E+001  0.25765638E+001
  0.69492072E+000  0.89234511E+000  0.10016800E+001  0.25765867E+001
  0.69492098E+000  0.89234531E+000  0.10016825E+001  0.25766096E+001
  0.69492123E+000  0.89234552E+000  0.10016851E+001  0.25766326E+001
  0.69492148E+000  0.89234574E+000  0.10016878E+001  0.25766556E+001
  0.69492172E+000  0.89234597E+000  0.10016905E+001  0.25766786E+001
  0.69492196E+000  0.89234622E+000  0.10016933E+001  0.25767017E+001
  0.69492219E+000  0.89234647E+000  0.10016962E+001  0.25767247E+001
  0.69492242E+000  0.89234674E+000  0.10016991E+001  0.25767476E+001
  0.69492265E+000  0.89234702E+000  0.10017021E+001  0.25767705E+001
  0.69492288E+000  0.89234731E+000  0.10017051E+001  0.25767933E+001
  0.69492310E+000  0.89234760E+000  0.10017082E+001  0.25768159E+001
  0.69492333E+000  0.89234791E+000  0.10017114E+001  0.25768385E+001
  0.69492355E+000  0.89234822E+000  0.10017145E+001  0.25768609E+001
  0.69492377E+000  0.89234855E+000  0.10017178E+001  0.25768832E+001
  0.69492400E+000  0.89234888E+000  0.10017210E+001  0.25769054E+001
  0.69492422E+000  0.89234922E+000  0.10017243E+001  0.25769274E+001
  0.69492445E+000  0.89234956E+000  0.10017277E+001  0.25769493E+001
  0.69492468E+000  0.89234991E+000  0.10017310E+001  0.25769710E+001
  0.69492491E+000  0.89235027E+000  0.10017344E+001  0.25769926E+001
  0.69492514E+000  0.89235063E+000  0.10017378E+001  0.25770141E+001
  0.69492537E+000  0.89235099E+000  0.10017412E+001  0.25770354E+001
  0.69492561E+000  0.89235136E+000  0.10017446E+001  0.25770566E+001
  0.69492585E+000  0.89235174E+000  0.10017480E+001  0.25770777E+001
  0.69492609E+000  0.89235211E+000  0.10017514E+001  0.25770987E+001
  0.69492633E+000  0.89235249E+000  0.10017549E+001  0.25771196E+001
  0.69492658E+000  0.89235287E+000  0.10017583E+001  0.25771404E+001
  0.69492683E+000  0.89235325E+000  0.10017617E+001  0.25771611E+001
  0.69492708E+000  0.89235364E+000  0.10017651E+001  0.25771818E+001
  0.69492734E+000  0.89235402E+000  0.10017685E+001  0.25772025E+001
  0.69492759E+000  0.89235440E+000  0.10017718E+001  0.25772232E+001
  0.69492785E+000  0.89235479E+000  0.10017751E+001  0.25772438E+001
  0.69492811E+000  0.89235517E+000  0.10017785E+001  0.25772645E+001
  0.69492837E+000  0.89235555E+000  0.10017817E+001  0.25772852E+001
  0.69492863E+000  0.89235592E+000  0.10017850E+001  0.25773059E+001
  0.69492889E+000  0.89235630E+000  0.10017882E+001  0.25773267E+001
  0.69492915E+000  0.89235667E+000  0.10017913E+001  0.25773476E+001
  0.69492942E+000  0.89235704E+000  0.10017945E+001  0.25773686E+001
  0.69492968E+000  0.89235740E+000  0.10017976E+001  0.25773897E+001
  0.69492994E+000  0.89235776E+000  0.10018006E+001  0.25774109E+001
  0.69493021E+000  0.89235812E+000  0.10018036E+001  0.25774322E+001
  0.69493047E+000  0.89235847E+000  0.10018065E+001  0.25774538E+001
  0.69493073E+000  0.89235881E+000  0.10018094E+001  0.25774754E+001
  0.69493099E+000  0.89235915E+000  0.10018123E+001  0.25774973E+001
  0.69493125E+000  0.89235948E+000  0.10018151E+001  0.25775194E+001
  0.69493151E+000  0.89235981E+000  0.10018178E+001  0.25775416E+001
  0.69493176E+000  0.89236013E+000  0.10018205E+001  0.25775641E+001
  0.69493202E+000  0.89236045E+000  0.10018231E+001  0.25775869E+001
  0.69493227E+000  0.89236076E+000  0.10018257E+001  0.25776098E+001
  0.69493252E+000  0.89236106E+000  0.10018282E+001  0.25776330E+001
  0.69493276E+000  0.89236135E+000  0.10018306E+001  0.25776565E+001
  0.69493301E+000  0.89236164E+000  0.10018330E+001  0.25776802E+001
  0.69493325E+000  0.89236192E+000  0.10018354E+001  0.25777042E+001
  0.69493348E+000  0.89236220E+000  0.10018377E+001  0.25777284E+001
  0.69493372E+000  0.89236247E+000  0.10018399E+001  0.25777529E+001
  0.69493395E+000  0.89236273E+000  0.10018420E+001  0.25777777E+001
  0.69493417E+000  0.89236298E+000  0.10018442E+001  0.25778028E+001
  0.69493439E+000  0.89236323E+000  0.10018462E+001  0.25778281E+001
  0.69493461E+000  0.89236347E+000  0.10018482E+001  0.25778538E+001
  0.69493483E+000  0.89236370E+000  0.10018502E+001  0.25778797E+001
  0.69493504E+000  0.89236393E+000  0.10018521E+001  0.25779059E+001
  0.69493524E+000  0.89236415E+000  0.10018539E+001  0.25779323E+001
  0.69493544E+000  0.89236437E+000  0.10018557E+001  0.25779590E+001
  0.69493564E+000  0.89236458E+000  0.10018574E+001  0.25779860E+001
  0.69493583E+000  0.89236478E+000  0.10018591E+001  0.25780132E+001
  0.69493602E+000  0.89236498E+000  0.10018607E+001  0.25780407E+001
  0.69493620E+000  0.89236517E+000  0.10018623E+001  0.25780684E+001
  0.69493638E+000  0.89236535E+000  0.10018639E+001  0.25780963E+001
  0.69493656E+000  0.89236553E+000  0.10018654E+001  0.25781245E+001
  0.69493673E+000  0.89236570E+000  0.10018668E+001  0.25781528E+001
  0.69493689E+000  0.89236587E+000  0.10018682E+001  0.25781814E+001
  0.69493705E+000  0.89236604E+000  0.10018695E+001  0.25782101E+001
  0.69493721E+000  0.89236619E+000  0.10018709E+001  0.25782390E+001
  0.69493736E+000  0.89236635E+000  0.10018721E+001  0.25782680E+001
  0.69493751E+000  0.89236649E+000  0.10018733E+001  0.25782972E+001
  0.69493765E+000  0.89236664E+000  0.10018745E+001  0.25783265E+001
  0.69493779E+000  0.89236678E+000  0.10018757E+001  0.25783559E+001
  0.69493793E+000  0.89236691E+000  0.10018768E+001  0.25783854E+001
  0.69493806E+000  0.89236704E+000  0.10018779E+001  0.25784149E+001
  0.69493818E+000  0.89236716E+000  0.10018789E+001  0.25784446E+001
  0.69493831E+000  0.89236728E+000  0.10018799E+001  0.25784742E+001
  0.69493842E+000  0.89236740E+000  0.10018809E+001  0.25785039E+001
  0.69493854E+000  0.89236751E+000  0.10018818E+001  0.25785335E+001
  0.69493865E+000  0.89236762E+000  0.10018827E+001  0.25785632E+001
  0.69493876E+000  0.89236773E+000  0.10018835E+001  0.25785928E+001
  0.69493886E+000  0.89236783E+000  0.10018844E+001  0.25786224E+001
  0.69493896E+000  0.89236792E+000  0.10018852E+001  0.25786518E+001
  0.69493905E+000  0.89236802E+000  0.10018860E+001  0.25786812E+001
  0.69493915E+000  0.89236811E+000  0.10018867E+001  0.25787105E+001
  0.69493924E+000  0.89236819E+000  0.10018874E+001  0.25787396E+001
  0.69493932E+000  0.89236828E+000  0.10018881E+001  0.25787686E+001
  0.69493940E+000  0.89236836E+000  0.10018888E+001  0.25787975E+001
  0.69493948E+000  0.89236844E+000  0.10018894E+001  0.25788261E+001
  0.69493956E+000  0.89236851E+000  0.10018900E+001  0.25788545E+001
  0.69493963E+000  0.89236858E+000  0.10018906E+001  0.25788828E+001
  0.69493970E+000  0.89236865E+000  0.10018912E+001  0.25789108E+001
  0.69493977E+000  0.89236872E+000  0.10018917E+001  0.25789385E+001
  0.69493984E+000  0.89236878E+000  0.10018922E+001  0.25789660E+001
  0.69493990E+000  0.89236884E+000  0.10018927E+001  0.25789932E+001
  0.69493996E+000  0.89236890E+000  0.10018932E+001  0.25790202E+001
  0.69494002E+000  0.89236895E+000  0.10018937E+001  0.25790468E+001
  0.69494007E+000  0.89236901E+000  0.10018941E+001  0.25790731E+001
  0.69494013E+000  0.89236906E+000  0.10018945E+001  0.25790990E+001
  0.69494018E+000  0.89236911E+000  0.10018949E+001  0.25791247E+001
  0.69494023E+000  0.89236915E+000  0.10018953E+001  0.25791500E+001
  0.69494027E+000  0.89236920E+000  0.10018957E+001  0.25791749E+001
  0.69494032E+000  0.89236924E+000  0.10018960E+001  0.25791995E+001
  0.69494036E+000  0.89236928E+000  0.10018964E+001  0.25792236E+001
  0.69494040E+000  0.89236932E+000  0.10018967E+001  0.25792474E+001
  0.69494044E+000  0.89236935E+000  0.10018970E+001  0.25792708E+001
  0.69494048E+000  0.89236939E+000  0.10018973E+001  0.25792938E+001
  0.69494051E+000  0.89236942E+000  0.10018975E+001  0.25793164E+001
  0.69494054E+000  0.89236945E+000  0.10018978E+001  0.25793386E+001
  0.69494058E+000  0.89236948E+000  0.10018980E+001  0.25793604E+001
  0.69494061E+000  0.89236951E+000  0.10018983E+001  0.25793818E+001
  0.69494064E+000  0.89236954E+000  0.10018985E+001  0.25794027E+001
  0.69494067E+000  0.89236956E+000  0.10018987E+001  0.25794232E+001
  0.69494069E+000  0.89236959E+000  0.10018989E+001  0.25794433E+001
  0.69494072E+000  0.89236961E+000  0.10018991E+001  0.25794630E+001
  0.69494074E+000  0.89236963E+000  0.10018993E+001  0.25794822E+001
  0.69494077E+000  0.89236965E+000  0.10018995E+001  0.25795010E+001
  0.69494079E+000  0.89236967E+000  0.10018996E+001  0.25795194E+001
  0.69494081E+000  0.89236969E+000  0.10018998E+001  0.25795374E+001
  0.69494085E+000  0.89236971E+000  0.10018999E+001  0.25795550E+001
