  0.77813258E+000  0.89340103E+000  0.10988148E+001  0.24007791E+001
  0.77811677E+000  0.89384099E+000  0.10981456E+001  0.23997319E+001
  0.77809050E+000  0.89386772E+000  0.10980016E+001  0.23989375E+001
  0.77806545E+000  0.89383904E+000  0.10979400E+001  0.23982830E+001
  0.77804383E+000  0.89380252E+000  0.10978995E+001  0.23977368E+001
  0.77802569E+000  0.89376475E+000  0.10978705E+001  0.23972804E+001
  0.77801065E+000  0.89372682E+000  0.10978504E+001  0.23968993E+001
  0.77799825E+000  0.89368910E+000  0.10978380E+001  0.23965817E+001
  0.77798808E+000  0.89365197E+000  0.10978317E+001  0.23963177E+001
  0.77797978E+000  0.89361581E+000  0.10978303E+001  0.23960990E+001
  0.77797304E+000  0.89358098E+000  0.10978325E+001  0.23959186E+001
  0.77796760E+000  0.89354784E+000  0.10978372E+001  0.23957707E+001
  0.77796325E+000  0.89351665E+000  0.10978435E+001  0.23956503E+001
  0.77795981E+000  0.89348762E+000  0.10978507E+001  0.23955531E+001
  0.77795714E+000  0.89346085E+000  0.10978581E+001  0.23954757E+001
  0.77795510E+000  0.89343640E+000  0.10978653E+001  0.23954149E+001
  0.77795359E+000  0.89341424E+000  0.10978721E+001  0.23953684E+001
  0.77795252E+000  0.89339431E+000  0.10978781E+001  0.23953338E+001
  0.77795181E+000  0.89337650E+000  0.10978833E+001  0.23953094E+001
  0.77795141E+000  0.89336069E+000  0.10978877E+001  0.23952937E+001
  0.77795125E+000  0.89334672E+000  0.10978911E+001  0.23952852E+001
  0.77795130E+000  0.89333444E+000  0.10978938E+001  0.23952829E+001
  0.77795150E+000  0.89332369E+000  0.10978956E+001  0.23952858E+001
  0.77795183E+000  0.89331432E+000  0.10978968E+001  0.23952931E+001
  0.77795226E+000  0.89330617E+000  0.10978974E+001  0.23953040E+001
  0.77795276E+000  0.89329910E+000  0.10978974E+001  0.23953179E+001
  0.77795331E+000  0.89329298E+000  0.10978971E+001  0.23953343E+001
  0.77795389E+000  0.89328769E+000  0.10978965E+001  0.23953528E+001
  0.77795449E+000  0.89328312E+000  0.10978956E+001  0.23953729E+001
  0.77795509E+000  0.89327917E+000  0.10978946E+001  0.23953943E+001
  0.77795568E+000  0.89327574E+000  0.10978936E+001  0.23954166E+001
  0.77795625E+000  0.89327275E+000  0.10978926E+001  0.23954398E+001
  0.77795678E+000  0.89327013E+000  0.10978916E+001  0.23954634E+001
  0.77795728E+000  0.89326782E+000  0.10978907E+001  0.23954874E+001
  0.77795774E+000  0.89326575E+000  0.10978900E+001  0.23955116E+001
  0.77795814E+000  0.89326388E+000  0.10978894E+001  0.23955358E+001
  0.77795849E+000  0.89326216E+000  0.10978890E+001  0.23955599E+001
  0.77795878E+000  0.89326055E+000  0.10978887E+001  0.23955839E+001
  0.77795901E+000  0.89325901E+000  0.10978886E+001  0.23956077E+001
  0.77795918E+000  0.89325754E+000  0.10978886E+001  0.23956312E+001
  0.77795928E+000  0.89325608E+000  0.10978887E+001  0.23956544E+001
  0.77795931E+000  0.89325464E+000  0.10978888E+001  0.23956773E+001
  0.77795928E+000  0.89325319E+000  0.10978890E+001  0.23956999E+001
  0.77795918E+000  0.89325173E+000  0.10978893E+001  0.23957222E+001
  0.77795903E+000  0.89325024E+000  0.10978895E+001  0.23957442E+001
  0.77795881E+000  0.89324872E+000  0.10978897E+001  0.23957658E+001
  0.77795853E+000  0.89324716E+000  0.10978898E+001  0.23957873E+001
  0.77795821E+000  0.89324558E+000  0.10978898E+001  0.23958085E+001
  0.77795783E+000  0.89324396E+000  0.10978897E+001  0.23958295E+001
  0.77795741E+000  0.89324232E+000  0.10978895E+001  0.23958505E+001
  0.77795695E+000  0.89324066E+000  0.10978891E+001  0.23958713E+001
  0.77795645E+000  0.89323899E+000  0.10978886E+001  0.23958921E+001
  0.77795593E+000  0.89323731E+000  0.10978880E+001  0.23959130E+001
  0.77795539E+000  0.89323563E+000  0.10978872E+001  0.23959339E+001
  0.77795483E+000  0.89323396E+000  0.10978863E+001  0.23959549E+001
  0.77795426E+000  0.89323231E+000  0.10978853E+001  0.23959762E+001
  0.77795369E+000  0.89323069E+000  0.10978841E+001  0.23959977E+001
  0.77795311E+000  0.89322910E+000  0.10978828E+001  0.23960194E+001
  0.77795253E+000  0.89322755E+000  0.10978815E+001  0.23960415E+001
  0.77795197E+000  0.89322604E+000  0.10978800E+001  0.23960639E+001
  0.77795141E+000  0.89322458E+000  0.10978785E+001  0.23960867E+001
  0.77795087E+000  0.89322318E+000  0.10978770E+001  0.23961099E+001
  0.77795035E+000  0.89322182E+000  0.10978754E+001  0.23961335E+001
  0.77794984E+000  0.89322053E+000  0.10978737E+001  0.23961575E+001
  0.77794936E+000  0.89321929E+000  0.10978720E+001  0.23961819E+001
  0.77794890E+000  0.89321811E+000  0.10978702E+001  0.23962067E+001
  0.77794847E+000  0.89321700E+000  0.10978685E+001  0.23962319E+001
  0.77794807E+000  0.89321594E+000  0.10978667E+001  0.23962576E+001
  0.77794769E+000  0.89321494E+000  0.10978649E+001  0.23962835E+001
  0.77794734E+000  0.89321401E+000  0.10978630E+001  0.23963099E+001
  0.77794703E+000  0.89321314E+000  0.10978612E+001  0.23963365E+001
  0.77794674E+000  0.89321234E+000  0.10978593E+001  0.23963635E+001
  0.77794649E+000  0.89321160E+000  0.10978574E+001  0.23963908E+001
  0.77794626E+000  0.89321093E+000  0.10978556E+001  0.23964182E+001
  0.77794607E+000  0.89321033E+000  0.10978536E+001  0.23964459E+001
  0.77794591E+000  0.89320979E+000  0.10978517E+001  0.23964738E+001
  0.77794579E+000  0.89320933E+000  0.10978498E+001  0.23965019E+001
  0.77794569E+000  0.89320893E+000  0.10978479E+001  0.23965300E+001
  0.77794562E+000  0.89320861E+000  0.10978459E+001  0.23965582E+001
  0.77794559E+000  0.89320836E+000  0.10978440E+001  0.23965865E+001
  0.77794558E+000  0.89320818E+000  0.10978420E+001  0.23966148E+001
  0.77794561E+000  0.89320807E+000  0.10978401E+001  0.23966431E+001
  0.77794566E+000  0.89320803E+000  0.10978381E+001  0.23966713E+001
  0.77794573E+000  0.89320806E+000  0.10978362E+001  0.23966995E+001
  0.77794584E+000  0.89320816E+000  0.10978342E+001  0.23967276E+001
  0.77794596E+000  0.89320833E+000  0.10978323E+001  0.23967556E+001
  0.77794611E+000  0.89320857E+000  0.10978304E+001  0.23967835E+001
  0.77794628E+000  0.89320886E+000  0.10978285E+001  0.23968112E+001
  0.77794647E+000  0.89320922E+000  0.10978267E+001  0.23968387E+001
  0.77794668E+000  0.89320964E+000  0.10978248E+001  0.23968661E+001
  0.77794690E+000  0.89321011E+000  0.10978230E+001  0.23968933E+001
  0.77794715E+000  0.89321063E+000  0.10978213E+001  0.23969203E+001
  0.77794740E+000  0.89321120E+000  0.10978195E+001  0.23969471E+001
  0.77794767E+000  0.89321181E+000  0.10978178E+001  0.23969737E+001
  0.77794794E+000  0.89321247E+000  0.10978161E+001  0.23970001E+001
  0.77794823E+000  0.89321316E+000  0.10978145E+001  0.23970263E+001
  0.77794853E+000  0.89321388E+000  0.10978129E+001  0.23970523E+001
  0.77794883E+000  0.89321464E+000  0.10978113E+001  0.23970781E+001
  0.77794913E+000  0.89321541E+000  0.10978098E+001  0.23971038E+001
  0.77794944E+000  0.89321621E+000  0.10978083E+001  0.23971293E+001
  0.77794976E+000  0.89321703E+000  0.10978069E+001  0.23971546E+001
  0.77795007E+000  0.89321786E+000  0.10978055E+001  0.23971798E+001
  0.77795039E+000  0.89321870E+000  0.10978042E+001  0.23972048E+001
  0.77795070E+000  0.89321955E+000  0.10978029E+001  0.23972297E+001
  0.77795102E+000  0.89322041E+000  0.10978017E+001  0.23972545E+001
  0.77795133E+000  0.89322126E+000  0.10978005E+001  0.23972792E+001
  0.77795163E+000  0.89322212E+000  0.10977993E+001  0.23973039E+001
  0.77795194E+000  0.89322297E+000  0.10977982E+001  0.23973284E+001
  0.77795223E+000  0.89322382E+000  0.10977972E+001  0.23973529E+001
  0.77795253E+000  0.89322466E+000  0.10977962E+001  0.23973774E+001
  0.77795282E+000  0.89322549E+000  0.10977952E+001  0.23974019E+001
  0.77795310E+000  0.89322631E+000  0.10977943E+001  0.23974263E+001
  0.77795337E+000  0.89322711E+000  0.10977934E+001  0.23974508E+001
  0.77795364E+000  0.89322791E+000  0.10977926E+001  0.23974753E+001
  0.77795390E+000  0.89322868E+000  0.10977918E+001  0.23974999E+001
  0.77795415E+000  0.89322945E+000  0.10977911E+001  0.23975245E+001
  0.77795440E+000  0.89323019E+000  0.10977904E+001  0.23975492E+001
  0.77795464E+000  0.89323092E+000  0.10977897E+001  0.23975739E+001
  0.77795487E+000  0.89323163E+000  0.10977891E+001  0.23975988E+001
  0.77795509E+000  0.89323232E+000  0.10977885E+001  0.23976238E+001
  0.77795530E+000  0.89323300E+000  0.10977879E+001  0.23976489E+001
  0.77795551E+000  0.89323365E+000  0.10977874E+001  0.23976742E+001
  0.77795570E+000  0.89323429E+000  0.10977869E+001  0.23976996E+001
  0.77795589E+000  0.89323490E+000  0.10977864E+001  0.23977252E+001
  0.77795608E+000  0.89323550E+000  0.10977860E+001  0.23977509E+001
  0.77795625E+000  0.89323608E+000  0.10977856E+001  0.23977768E+001
  0.77795642E+000  0.89323664E+000  0.10977852E+001  0.23978029E+001
  0.77795658E+000  0.89323718E+000  0.10977848E+001  0.23978292E+001
  0.77795673E+000  0.89323770E+000  0.10977845E+001  0.23978558E+001
  0.77795688E+000  0.89323821E+000  0.10977842E+001  0.23978825E+001
  0.77795702E+000  0.89323870E+000  0.10977839E+001  0.23979094E+001
  0.77795715E+000  0.89323917E+000  0.10977836E+001  0.23979365E+001
  0.77795728E+000  0.89323962E+000  0.10977833E+001  0.23979639E+001
  0.77795740E+000  0.89324005E+000  0.10977831E+001  0.23979914E+001
  0.77795752E+000  0.89324047E+000  0.10977829E+001  0.23980192E+001
  0.77795763E+000  0.89324088E+000  0.10977827E+001  0.23980472E+001
  0.77795774E+000  0.89324127E+000  0.10977825E+001  0.23980754E+001
  0.77795784E+000  0.89324164E+000  0.10977823E+001  0.23981038E+001
  0.77795793E+000  0.89324200E+000  0.10977821E+001  0.23981325E+001
  0.77795802E+000  0.89324234E+000  0.10977820E+001  0.23981613E+001
  0.77795811E+000  0.89324267E+000  0.10977818E+001  0.23981903E+001
  0.77795819E+000  0.89324299E+000  0.10977817E+001  0.23982195E+001
  0.77795827E+000  0.89324330E+000  0.10977815E+001  0.23982490E+001
  0.77795834E+000  0.89324359E+000  0.10977814E+001  0.23982785E+001
  0.77795842E+000  0.89324388E+000  0.10977813E+001  0.23983083E+001
  0.77795848E+000  0.89324415E+000  0.10977812E+001  0.23983382E+001
  0.77795855E+000  0.89324441E+000  0.10977811E+001  0.23983682E+001
  0.77795861E+000  0.89324466E+000  0.10977810E+001  0.23983984E+001
  0.77795867E+000  0.89324489E+000  0.10977809E+001  0.23984287E+001
  0.77795873E+000  0.89324512E+000  0.10977809E+001  0.23984591E+001
  0.77795878E+000  0.89324534E+000  0.10977808E+001  0.23984896E+001
  0.77795883E+000  0.89324556E+000  0.10977807E+001  0.23985202E+001
  0.77795888E+000  0.89324576E+000  0.10977807E+001  0.23985508E+001
  0.77795893E+000  0.89324595E+000  0.10977806E+001  0.23985815E+001
  0.77795898E+000  0.89324614E+000  0.10977805E+001  0.23986122E+001
  0.77795902E+000  0.89324632E+000  0.10977805E+001  0.23986429E+001
  0.77795906E+000  0.89324649E+000  0.10977805E+001  0.23986737E+001
  0.77795910E+000  0.89324666E+000  0.10977804E+001  0.23987044E+001
  0.77795914E+000  0.89324681E+000  0.10977804E+001  0.23987350E+001
  0.77795918E+000  0.89324697E+000  0.10977803E+001  0.23987656E+001
  0.77795922E+000  0.89324711E+000  0.10977803E+001  0.23987962E+001
  0.77795925E+000  0.89324725E+000  0.10977803E+001  0.23988266E+001
  0.77795929E+000  0.89324738E+000  0.10977802E+001  0.23988570E+001
  0.77795932E+000  0.89324751E+000  0.10977802E+001  0.23988872E+001
  0.77795935E+000  0.89324764E+000  0.10977802E+001  0.23989172E+001
  0.77795938E+000  0.89324775E+000  0.10977802E+001  0.23989471E+001
  0.77795941E+000  0.89324787E+000  0.10977802E+001  0.23989769E+001
  0.77795944E+000  0.89324797E+000  0.10977801E+001  0.23990064E+001
  0.77795947E+000  0.89324808E+000  0.10977801E+001  0.23990357E+001
  0.77795950E+000  0.89324818E+000  0.10977801E+001  0.23990648E+001
  0.77795953E+000  0.89324827E+000  0.10977801E+001  0.23990937E+001
  0.77795955E+000  0.89324836E+000  0.10977801E+001  0.23991223E+001
  0.77795958E+000  0.89324845E+000  0.10977801E+001  0.23991506E+001
  0.77795960E+000  0.89324853E+000  0.10977801E+001  0.23991786E+001
  0.77795963E+000  0.89324861E+000  0.10977801E+001  0.23992064E+001
  0.77795965E+000  0.89324869E+000  0.10977801E+001  0.23992338E+001
  0.77795967E+000  0.89324876E+000  0.10977801E+001  0.23992609E+001
  0.77795969E+000  0.89324883E+000  0.10977801E+001  0.23992876E+001
  0.77795971E+000  0.89324890E+000  0.10977801E+001  0.23993140E+001
  0.77795973E+000  0.89324896E+000  0.10977801E+001  0.23993401E+001
  0.77795975E+000  0.89324902E+000  0.10977801E+001  0.23993658E+001
  0.77795977E+000  0.89324908E+000  0.10977801E+001  0.23993911E+001
  0.77795979E+000  0.89324913E+000  0.10977801E+001  0.23994160E+001
  0.77795981E+000  0.89324918E+000  0.10977801E+001  0.23994405E+001
  0.77795983E+000  0.89324923E+000  0.10977801E+001  0.23994646E+001
  0.77795985E+000  0.89324928E+000  0.10977801E+001  0.23994883E+001
  0.77795986E+000  0.89324932E+000  0.10977801E+001  0.23995116E+001
  0.77795988E+000  0.89324937E+000  0.10977801E+001  0.23995345E+001
  0.77795990E+000  0.89324941E+000  0.10977802E+001  0.23995569E+001
  0.77795991E+000  0.89324944E+000  0.10977802E+001  0.23995790E+001
  0.77795993E+000  0.89324948E+000  0.10977802E+001  0.23996005E+001
  0.77795994E+000  0.89324951E+000  0.10977802E+001  0.23996217E+001
  0.77795996E+000  0.89324954E+000  0.10977802E+001  0.23996424E+001
  0.77795997E+000  0.89324957E+000  0.10977802E+001  0.23996627E+001
  0.77795999E+000  0.89324960E+000  0.10977803E+001  0.23996825E+001
  0.77796000E+000  0.89324963E+000  0.10977803E+001  0.23997020E+001
  0.77796002E+000  0.89324966E+000  0.10977803E+001  0.23997209E+001
  0.77796003E+000  0.89324968E+000  0.10977803E+001  0.23997394E+001
  0.77796004E+000  0.89324970E+000  0.10977803E+001  0.23997576E+001
  0.77796006E+000  0.89324973E+000  0.10977804E+001  0.23997753E+001
