 -0.37202575E+000
 -0.37199534E+000
 -0.37184347E+000
 -0.37168544E+000
 -0.37154225E+000
 -0.37141714E+000
 -0.37130913E+000
 -0.37121632E+000
 -0.37113669E+000
 -0.37106837E+000
 -0.37100975E+000
 -0.37095944E+000
 -0.37091624E+000
 -0.37087913E+000
 -0.37084724E+000
 -0.37081984E+000
 -0.37079629E+000
 -0.37077605E+000
 -0.37075867E+000
 -0.37074376E+000
 -0.37073099E+000
 -0.37072007E+000
 -0.37071077E+000
 -0.37070287E+000
 -0.37069620E+000
 -0.37069061E+000
 -0.37068597E+000
 -0.37068217E+000
 -0.37067912E+000
 -0.37067673E+000
 -0.37067493E+000
 -0.37067367E+000
 -0.37067289E+000
 -0.37067255E+000
 -0.37067262E+000
 -0.37067305E+000
 -0.37067382E+000
 -0.37067492E+000
 -0.37067631E+000
 -0.37067799E+000
 -0.37067993E+000
 -0.37068212E+000
 -0.37068456E+000
 -0.37068723E+000
 -0.37069012E+000
 -0.37069324E+000
 -0.37069657E+000
 -0.37070011E+000
 -0.37070386E+000
 -0.37070781E+000
 -0.37071197E+000
 -0.37071634E+000
 -0.37072091E+000
 -0.37072570E+000
 -0.37073070E+000
 -0.37073592E+000
 -0.37074135E+000
 -0.37074701E+000
 -0.37075289E+000
 -0.37075900E+000
 -0.37076534E+000
 -0.37077190E+000
 -0.37077869E+000
 -0.37078571E+000
 -0.37079295E+000
 -0.37080042E+000
 -0.37080810E+000
 -0.37081599E+000
 -0.37082409E+000
 -0.37083239E+000
 -0.37084088E+000
 -0.37084955E+000
 -0.37085840E+000
 -0.37086741E+000
 -0.37087657E+000
 -0.37088586E+000
 -0.37089529E+000
 -0.37090483E+000
 -0.37091448E+000
 -0.37092422E+000
 -0.37093403E+000
 -0.37094392E+000
 -0.37095386E+000
 -0.37096384E+000
 -0.37097386E+000
 -0.37098391E+000
 -0.37099397E+000
 -0.37100403E+000
 -0.37101409E+000
 -0.37102415E+000
 -0.37103418E+000
 -0.37104420E+000
 -0.37105419E+000
 -0.37106414E+000
 -0.37107406E+000
 -0.37108394E+000
 -0.37109379E+000
 -0.37110359E+000
 -0.37111335E+000
 -0.37112306E+000
 -0.37113273E+000
 -0.37114236E+000
 -0.37115195E+000
 -0.37116150E+000
 -0.37117101E+000
 -0.37118049E+000
 -0.37118993E+000
 -0.37119935E+000
 -0.37120873E+000
 -0.37121810E+000
 -0.37122744E+000
 -0.37123676E+000
 -0.37124607E+000
 -0.37125537E+000
 -0.37126466E+000
 -0.37127395E+000
 -0.37128324E+000
 -0.37129253E+000
 -0.37130183E+000
 -0.37131114E+000
 -0.37132046E+000
 -0.37132980E+000
 -0.37133915E+000
 -0.37134853E+000
 -0.37135793E+000
 -0.37136736E+000
 -0.37137681E+000
 -0.37138630E+000
 -0.37139582E+000
 -0.37140537E+000
 -0.37141495E+000
 -0.37142457E+000
 -0.37143423E+000
 -0.37144393E+000
 -0.37145366E+000
 -0.37146343E+000
 -0.37147323E+000
 -0.37148308E+000
 -0.37149295E+000
 -0.37150286E+000
 -0.37151281E+000
 -0.37152278E+000
 -0.37153279E+000
 -0.37154282E+000
 -0.37155287E+000
 -0.37156295E+000
 -0.37157304E+000
 -0.37158315E+000
 -0.37159327E+000
 -0.37160340E+000
 -0.37161353E+000
 -0.37162367E+000
 -0.37163379E+000
 -0.37164392E+000
 -0.37165402E+000
 -0.37166411E+000
 -0.37167418E+000
 -0.37168422E+000
 -0.37169423E+000
 -0.37170420E+000
 -0.37171413E+000
 -0.37172402E+000
 -0.37173385E+000
 -0.37174362E+000
 -0.37175334E+000
 -0.37176298E+000
 -0.37177256E+000
 -0.37178206E+000
 -0.37179148E+000
 -0.37180081E+000
 -0.37181006E+000
 -0.37181921E+000
 -0.37182826E+000
 -0.37183721E+000
 -0.37184606E+000
 -0.37185479E+000
 -0.37186342E+000
 -0.37187192E+000
 -0.37188031E+000
 -0.37188858E+000
 -0.37189672E+000
 -0.37190474E+000
 -0.37191262E+000
 -0.37192038E+000
 -0.37192800E+000
 -0.37193548E+000
 -0.37194283E+000
 -0.37195004E+000
 -0.37195712E+000
 -0.37196405E+000
 -0.37197084E+000
 -0.37197750E+000
 -0.37198401E+000
 -0.37199038E+000
 -0.37199661E+000
 -0.37200269E+000
 -0.37200864E+000
 -0.37201445E+000
 -0.37202012E+000
 -0.37202567E+000
