  0.96868833E+000
  0.96886232E+000
  0.96897964E+000
  0.96907346E+000
  0.96915056E+000
  0.96921415E+000
  0.96926654E+000
  0.96930962E+000
  0.96934494E+000
  0.96937381E+000
  0.96939730E+000
  0.96941631E+000
  0.96943158E+000
  0.96944372E+000
  0.96945326E+000
  0.96946062E+000
  0.96946616E+000
  0.96947018E+000
  0.96947294E+000
  0.96947463E+000
  0.96947544E+000
  0.96947552E+000
  0.96947498E+000
  0.96947395E+000
  0.96947249E+000
  0.96947070E+000
  0.96946864E+000
  0.96946636E+000
  0.96946391E+000
  0.96946133E+000
  0.96945866E+000
  0.96945592E+000
  0.96945316E+000
  0.96945038E+000
  0.96944762E+000
  0.96944489E+000
  0.96944220E+000
  0.96943959E+000
  0.96943705E+000
  0.96943460E+000
  0.96943225E+000
  0.96943000E+000
  0.96942787E+000
  0.96942586E+000
  0.96942397E+000
  0.96942220E+000
  0.96942055E+000
  0.96941902E+000
  0.96941759E+000
  0.96941627E+000
  0.96941504E+000
  0.96941390E+000
  0.96941282E+000
  0.96941180E+000
  0.96941083E+000
  0.96940989E+000
  0.96940897E+000
  0.96940807E+000
  0.96940716E+000
  0.96940623E+000
  0.96940529E+000
  0.96940432E+000
  0.96940332E+000
  0.96940227E+000
  0.96940118E+000
  0.96940005E+000
  0.96939886E+000
  0.96939762E+000
  0.96939634E+000
  0.96939500E+000
  0.96939361E+000
  0.96939216E+000
  0.96939067E+000
  0.96938913E+000
  0.96938755E+000
  0.96938592E+000
  0.96938425E+000
  0.96938254E+000
  0.96938079E+000
  0.96937901E+000
  0.96937720E+000
  0.96937535E+000
  0.96937349E+000
  0.96937159E+000
  0.96936968E+000
  0.96936775E+000
  0.96936580E+000
  0.96936384E+000
  0.96936187E+000
  0.96935989E+000
  0.96935791E+000
  0.96935592E+000
  0.96935393E+000
  0.96935194E+000
  0.96934995E+000
  0.96934797E+000
  0.96934599E+000
  0.96934402E+000
  0.96934206E+000
  0.96934011E+000
  0.96933817E+000
  0.96933624E+000
  0.96933433E+000
  0.96933243E+000
  0.96933055E+000
  0.96932868E+000
  0.96932683E+000
  0.96932500E+000
  0.96932319E+000
  0.96932140E+000
  0.96931964E+000
  0.96931789E+000
  0.96931616E+000
  0.96931446E+000
  0.96931277E+000
  0.96931111E+000
  0.96930948E+000
  0.96930787E+000
  0.96930628E+000
  0.96930471E+000
  0.96930317E+000
  0.96930166E+000
  0.96930016E+000
  0.96929870E+000
  0.96929726E+000
  0.96929584E+000
  0.96929445E+000
  0.96929308E+000
  0.96929173E+000
  0.96929042E+000
  0.96928912E+000
  0.96928786E+000
  0.96928661E+000
  0.96928539E+000
  0.96928420E+000
  0.96928303E+000
  0.96928188E+000
  0.96928076E+000
  0.96927966E+000
  0.96927859E+000
  0.96927753E+000
  0.96927651E+000
  0.96927550E+000
  0.96927452E+000
  0.96927356E+000
  0.96927262E+000
  0.96927171E+000
  0.96927081E+000
  0.96926994E+000
  0.96926909E+000
  0.96926826E+000
  0.96926745E+000
  0.96926666E+000
  0.96926589E+000
  0.96926515E+000
  0.96926442E+000
  0.96926371E+000
  0.96926302E+000
  0.96926235E+000
  0.96926169E+000
  0.96926106E+000
  0.96926044E+000
  0.96925984E+000
  0.96925926E+000
  0.96925869E+000
  0.96925814E+000
  0.96925761E+000
  0.96925709E+000
  0.96925659E+000
  0.96925611E+000
  0.96925564E+000
  0.96925518E+000
  0.96925474E+000
  0.96925432E+000
  0.96925391E+000
  0.96925351E+000
  0.96925312E+000
  0.96925275E+000
  0.96925239E+000
  0.96925205E+000
  0.96925171E+000
  0.96925139E+000
  0.96925108E+000
  0.96925078E+000
  0.96925049E+000
  0.96925022E+000
  0.96924995E+000
  0.96924969E+000
  0.96924945E+000
  0.96924921E+000
  0.96924898E+000
  0.96924876E+000
  0.96924855E+000
  0.96924835E+000
  0.96924816E+000
  0.96924797E+000
  0.96924780E+000
  0.96924763E+000
  0.96924746E+000
  0.96924729E+000
