  0.49261177E+000
  0.49269215E+000
  0.49274430E+000
  0.49278591E+000
  0.49282029E+000
  0.49284880E+000
  0.49287240E+000
  0.49289188E+000
  0.49290791E+000
  0.49292104E+000
  0.49293176E+000
  0.49294044E+000
  0.49294743E+000
  0.49295299E+000
  0.49295736E+000
  0.49296072E+000
  0.49296325E+000
  0.49296507E+000
  0.49296631E+000
  0.49296705E+000
  0.49296737E+000
  0.49296736E+000
  0.49296705E+000
  0.49296651E+000
  0.49296577E+000
  0.49296487E+000
  0.49296383E+000
  0.49296269E+000
  0.49296147E+000
  0.49296019E+000
  0.49295886E+000
  0.49295750E+000
  0.49295613E+000
  0.49295475E+000
  0.49295338E+000
  0.49295202E+000
  0.49295070E+000
  0.49294940E+000
  0.49294815E+000
  0.49294694E+000
  0.49294578E+000
  0.49294469E+000
  0.49294365E+000
  0.49294267E+000
  0.49294176E+000
  0.49294092E+000
  0.49294014E+000
  0.49293942E+000
  0.49293875E+000
  0.49293815E+000
  0.49293759E+000
  0.49293708E+000
  0.49293662E+000
  0.49293618E+000
  0.49293577E+000
  0.49293538E+000
  0.49293500E+000
  0.49293464E+000
  0.49293427E+000
  0.49293390E+000
  0.49293353E+000
  0.49293314E+000
  0.49293274E+000
  0.49293232E+000
  0.49293188E+000
  0.49293142E+000
  0.49293093E+000
  0.49293042E+000
  0.49292989E+000
  0.49292933E+000
  0.49292874E+000
  0.49292813E+000
  0.49292749E+000
  0.49292683E+000
  0.49292614E+000
  0.49292543E+000
  0.49292470E+000
  0.49292394E+000
  0.49292316E+000
  0.49292236E+000
  0.49292154E+000
  0.49292070E+000
  0.49291984E+000
  0.49291896E+000
  0.49291807E+000
  0.49291717E+000
  0.49291625E+000
  0.49291531E+000
  0.49291437E+000
  0.49291341E+000
  0.49291245E+000
  0.49291147E+000
  0.49291049E+000
  0.49290951E+000
  0.49290851E+000
  0.49290752E+000
  0.49290652E+000
  0.49290552E+000
  0.49290451E+000
  0.49290351E+000
  0.49290251E+000
  0.49290151E+000
  0.49290051E+000
  0.49289951E+000
  0.49289852E+000
  0.49289753E+000
  0.49289655E+000
  0.49289557E+000
  0.49289461E+000
  0.49289364E+000
  0.49289269E+000
  0.49289175E+000
  0.49289081E+000
  0.49288988E+000
  0.49288897E+000
  0.49288806E+000
  0.49288717E+000
  0.49288629E+000
  0.49288541E+000
  0.49288455E+000
  0.49288371E+000
  0.49288287E+000
  0.49288205E+000
  0.49288124E+000
  0.49288045E+000
  0.49287966E+000
  0.49287889E+000
  0.49287814E+000
  0.49287740E+000
  0.49287667E+000
  0.49287595E+000
  0.49287525E+000
  0.49287456E+000
  0.49287389E+000
  0.49287323E+000
  0.49287258E+000
  0.49287195E+000
  0.49287133E+000
  0.49287073E+000
  0.49287013E+000
  0.49286956E+000
  0.49286899E+000
  0.49286844E+000
  0.49286790E+000
  0.49286737E+000
  0.49286686E+000
  0.49286635E+000
  0.49286586E+000
  0.49286539E+000
  0.49286492E+000
  0.49286447E+000
  0.49286403E+000
  0.49286360E+000
  0.49286318E+000
  0.49286277E+000
  0.49286237E+000
  0.49286199E+000
  0.49286161E+000
  0.49286125E+000
  0.49286090E+000
  0.49286055E+000
  0.49286022E+000
  0.49285989E+000
  0.49285958E+000
  0.49285928E+000
  0.49285898E+000
  0.49285869E+000
  0.49285842E+000
  0.49285815E+000
  0.49285789E+000
  0.49285764E+000
  0.49285739E+000
  0.49285716E+000
  0.49285693E+000
  0.49285671E+000
  0.49285650E+000
  0.49285629E+000
  0.49285610E+000
  0.49285590E+000
  0.49285572E+000
  0.49285554E+000
  0.49285537E+000
  0.49285521E+000
  0.49285505E+000
  0.49285490E+000
  0.49285475E+000
  0.49285461E+000
  0.49285448E+000
  0.49285435E+000
  0.49285422E+000
  0.49285410E+000
  0.49285399E+000
  0.49285388E+000
  0.49285377E+000
  0.49285367E+000
  0.49285358E+000
  0.49285349E+000
  0.49285340E+000
  0.49285331E+000
  0.49285322E+000
