  0.14968819E+001
  0.14985492E+001
  0.15001329E+001
  0.15015417E+001
  0.15027660E+001
  0.15038200E+001
  0.15047235E+001
  0.15054961E+001
  0.15061561E+001
  0.15067192E+001
  0.15071994E+001
  0.15076087E+001
  0.15079574E+001
  0.15082543E+001
  0.15085071E+001
  0.15087223E+001
  0.15089054E+001
  0.15090611E+001
  0.15091934E+001
  0.15093058E+001
  0.15094013E+001
  0.15094822E+001
  0.15095507E+001
  0.15096088E+001
  0.15096578E+001
  0.15096993E+001
  0.15097342E+001
  0.15097637E+001
  0.15097885E+001
  0.15098093E+001
  0.15098269E+001
  0.15098416E+001
  0.15098541E+001
  0.15098645E+001
  0.15098734E+001
  0.15098810E+001
  0.15098875E+001
  0.15098932E+001
  0.15098982E+001
  0.15099026E+001
  0.15099067E+001
  0.15099105E+001
  0.15099141E+001
  0.15099177E+001
  0.15099212E+001
  0.15099248E+001
  0.15099285E+001
  0.15099323E+001
  0.15099363E+001
  0.15099406E+001
  0.15099451E+001
  0.15099498E+001
  0.15099548E+001
  0.15099601E+001
  0.15099657E+001
  0.15099715E+001
  0.15099776E+001
  0.15099839E+001
  0.15099904E+001
  0.15099971E+001
  0.15100040E+001
  0.15100110E+001
  0.15100182E+001
  0.15100256E+001
  0.15100330E+001
  0.15100405E+001
  0.15100482E+001
  0.15100559E+001
  0.15100637E+001
  0.15100715E+001
  0.15100794E+001
  0.15100873E+001
  0.15100953E+001
  0.15101033E+001
  0.15101113E+001
  0.15101193E+001
  0.15101274E+001
  0.15101354E+001
  0.15101435E+001
  0.15101515E+001
  0.15101596E+001
  0.15101676E+001
  0.15101757E+001
  0.15101837E+001
  0.15101917E+001
  0.15101997E+001
  0.15102077E+001
  0.15102157E+001
  0.15102236E+001
  0.15102316E+001
  0.15102395E+001
  0.15102475E+001
  0.15102554E+001
  0.15102633E+001
  0.15102712E+001
  0.15102791E+001
  0.15102870E+001
  0.15102949E+001
  0.15103028E+001
  0.15103107E+001
  0.15103186E+001
  0.15103266E+001
  0.15103345E+001
  0.15103425E+001
  0.15103505E+001
  0.15103585E+001
  0.15103665E+001
  0.15103746E+001
  0.15103827E+001
  0.15103908E+001
  0.15103990E+001
  0.15104072E+001
  0.15104155E+001
  0.15104238E+001
  0.15104322E+001
  0.15104406E+001
  0.15104491E+001
  0.15104576E+001
  0.15104662E+001
  0.15104749E+001
  0.15104836E+001
  0.15104924E+001
  0.15105013E+001
  0.15105103E+001
  0.15105193E+001
  0.15105284E+001
  0.15105376E+001
  0.15105468E+001
  0.15105562E+001
  0.15105656E+001
  0.15105751E+001
  0.15105846E+001
  0.15105942E+001
  0.15106039E+001
  0.15106137E+001
  0.15106236E+001
  0.15106335E+001
  0.15106435E+001
  0.15106535E+001
  0.15106636E+001
  0.15106738E+001
  0.15106840E+001
  0.15106943E+001
  0.15107046E+001
  0.15107149E+001
  0.15107253E+001
  0.15107358E+001
  0.15107462E+001
  0.15107567E+001
  0.15107672E+001
  0.15107777E+001
  0.15107882E+001
  0.15107988E+001
  0.15108093E+001
  0.15108198E+001
  0.15108303E+001
  0.15108408E+001
  0.15108512E+001
  0.15108616E+001
  0.15108720E+001
  0.15108823E+001
  0.15108926E+001
  0.15109028E+001
  0.15109130E+001
  0.15109231E+001
  0.15109331E+001
  0.15109431E+001
  0.15109529E+001
  0.15109627E+001
  0.15109724E+001
  0.15109820E+001
  0.15109915E+001
  0.15110009E+001
  0.15110101E+001
  0.15110193E+001
  0.15110283E+001
  0.15110372E+001
  0.15110460E+001
  0.15110547E+001
  0.15110632E+001
  0.15110716E+001
  0.15110799E+001
  0.15110880E+001
  0.15110960E+001
  0.15111038E+001
  0.15111115E+001
  0.15111190E+001
  0.15111264E+001
  0.15111337E+001
  0.15111408E+001
  0.15111478E+001
  0.15111546E+001
  0.15111612E+001
  0.15111677E+001
  0.15111741E+001
  0.15111803E+001
  0.15111864E+001
  0.15111923E+001
  0.15111981E+001
  0.15112038E+001
