 -0.47087467E-001  0.61724128E-001  0.14528385E+001  0.42299665E+002
 -0.47144394E-001  0.61652235E-001  0.14518510E+001  0.42281939E+002
 -0.47186278E-001  0.61596107E-001  0.14510360E+001  0.42266484E+002
 -0.47216109E-001  0.61551697E-001  0.14503672E+001  0.42253213E+002
 -0.47236401E-001  0.61516721E-001  0.14498215E+001  0.42241885E+002
 -0.47249228E-001  0.61489437E-001  0.14493791E+001  0.42232243E+002
 -0.47256283E-001  0.61468422E-001  0.14490231E+001  0.42224051E+002
 -0.47258934E-001  0.61452508E-001  0.14487396E+001  0.42217099E+002
 -0.47258279E-001  0.61440733E-001  0.14485168E+001  0.42211205E+002
 -0.47255194E-001  0.61432311E-001  0.14483447E+001  0.42206214E+002
 -0.47250370E-001  0.61426603E-001  0.14482153E+001  0.42201991E+002
 -0.47244351E-001  0.61423090E-001  0.14481215E+001  0.42198423E+002
 -0.47237560E-001  0.61421350E-001  0.14480575E+001  0.42195413E+002
 -0.47230321E-001  0.61421044E-001  0.14480185E+001  0.42192879E+002
 -0.47222883E-001  0.61421897E-001  0.14480003E+001  0.42190749E+002
 -0.47215434E-001  0.61423689E-001  0.14479995E+001  0.42188966E+002
 -0.47208112E-001  0.61426242E-001  0.14480133E+001  0.42187477E+002
 -0.47201015E-001  0.61429411E-001  0.14480391E+001  0.42186242E+002
 -0.47194214E-001  0.61433081E-001  0.14480749E+001  0.42185222E+002
 -0.47187753E-001  0.61437158E-001  0.14481189E+001  0.42184387E+002
 -0.47181661E-001  0.61441566E-001  0.14481698E+001  0.42183712E+002
 -0.47175950E-001  0.61446245E-001  0.14482261E+001  0.42183172E+002
 -0.47170623E-001  0.61451143E-001  0.14482870E+001  0.42182750E+002
 -0.47165675E-001  0.61456220E-001  0.14483514E+001  0.42182429E+002
 -0.47161094E-001  0.61461440E-001  0.14484186E+001  0.42182195E+002
 -0.47156865E-001  0.61466776E-001  0.14484879E+001  0.42182037E+002
 -0.47152969E-001  0.61472202E-001  0.14485586E+001  0.42181943E+002
 -0.47149388E-001  0.61477697E-001  0.14486303E+001  0.42181905E+002
 -0.47146098E-001  0.61483240E-001  0.14487025E+001  0.42181916E+002
 -0.47143080E-001  0.61488815E-001  0.14487747E+001  0.42181969E+002
 -0.47140312E-001  0.61494402E-001  0.14488467E+001  0.42182059E+002
 -0.47137773E-001  0.61499987E-001  0.14489179E+001  0.42182181E+002
 -0.47135442E-001  0.61505551E-001  0.14489882E+001  0.42182331E+002
 -0.47133303E-001  0.61511079E-001  0.14490572E+001  0.42182505E+002
 -0.47131336E-001  0.61516554E-001  0.14491248E+001  0.42182700E+002
 -0.47129526E-001  0.61521960E-001  0.14491905E+001  0.42182915E+002
 -0.47127857E-001  0.61527280E-001  0.14492544E+001  0.42183146E+002
 -0.47126316E-001  0.61532499E-001  0.14493161E+001  0.42183391E+002
 -0.47124892E-001  0.61537603E-001  0.14493755E+001  0.42183650E+002
 -0.47123572E-001  0.61542579E-001  0.14494326E+001  0.42183922E+002
 -0.47122346E-001  0.61547415E-001  0.14494872E+001  0.42184204E+002
 -0.47121207E-001  0.61552103E-001  0.14495394E+001  0.42184497E+002
 -0.47120146E-001  0.61556637E-001  0.14495890E+001  0.42184799E+002
 -0.47119156E-001  0.61561013E-001  0.14496362E+001  0.42185110E+002
 -0.47118230E-001  0.61565233E-001  0.14496810E+001  0.42185431E+002
 -0.47117362E-001  0.61569301E-001  0.14497235E+001  0.42185761E+002
 -0.47116547E-001  0.61573225E-001  0.14497639E+001  0.42186100E+002
 -0.47115778E-001  0.61577014E-001  0.14498023E+001  0.42186448E+002
 -0.47115050E-001  0.61580685E-001  0.14498389E+001  0.42186805E+002
 -0.47114360E-001  0.61584253E-001  0.14498740E+001  0.42187173E+002
 -0.47113701E-001  0.61587737E-001  0.14499079E+001  0.42187552E+002
 -0.47113069E-001  0.61591156E-001  0.14499407E+001  0.42187942E+002
 -0.47112460E-001  0.61594531E-001  0.14499728E+001  0.42188344E+002
 -0.47111870E-001  0.61597881E-001  0.14500043E+001  0.42188760E+002
 -0.47111295E-001  0.61601227E-001  0.14500357E+001  0.42189188E+002
 -0.47110732E-001  0.61604585E-001  0.14500670E+001  0.42189632E+002
 -0.47110177E-001  0.61607972E-001  0.14500985E+001  0.42190091E+002
 -0.47109629E-001  0.61611401E-001  0.14501305E+001  0.42190566E+002
 -0.47109085E-001  0.61614884E-001  0.14501631E+001  0.42191057E+002
 -0.47108543E-001  0.61618431E-001  0.14501965E+001  0.42191567E+002
 -0.47108002E-001  0.61622048E-001  0.14502308E+001  0.42192093E+002
 -0.47107461E-001  0.61625739E-001  0.14502662E+001  0.42192639E+002
 -0.47106919E-001  0.61629508E-001  0.14503026E+001  0.42193202E+002
 -0.47106375E-001  0.61633356E-001  0.14503402E+001  0.42193784E+002
 -0.47105830E-001  0.61637282E-001  0.14503791E+001  0.42194385E+002
 -0.47105283E-001  0.61641282E-001  0.14504193E+001  0.42195005E+002
 -0.47104735E-001  0.61645355E-001  0.14504608E+001  0.42195643E+002
 -0.47104185E-001  0.61649495E-001  0.14505036E+001  0.42196299E+002
 -0.47103635E-001  0.61653696E-001  0.14505477E+001  0.42196973E+002
 -0.47103083E-001  0.61657953E-001  0.14505931E+001  0.42197664E+002
 -0.47102532E-001  0.61662258E-001  0.14506398E+001  0.42198372E+002
 -0.47101981E-001  0.61666605E-001  0.14506878E+001  0.42199096E+002
 -0.47101431E-001  0.61670985E-001  0.14507370E+001  0.42199836E+002
 -0.47100882E-001  0.61675391E-001  0.14507874E+001  0.42200590E+002
 -0.47100335E-001  0.61679814E-001  0.14508390E+001  0.42201358E+002
 -0.47099791E-001  0.61684246E-001  0.14508917E+001  0.42202140E+002
 -0.47099249E-001  0.61688679E-001  0.14509454E+001  0.42202933E+002
 -0.47098711E-001  0.61693105E-001  0.14510001E+001  0.42203739E+002
 -0.47098176E-001  0.61697516E-001  0.14510557E+001  0.42204555E+002
 -0.47097645E-001  0.61701905E-001  0.14511122E+001  0.42205380E+002
 -0.47097119E-001  0.61706264E-001  0.14511696E+001  0.42206215E+002
 -0.47096597E-001  0.61710586E-001  0.14512276E+001  0.42207057E+002
 -0.47096081E-001  0.61714865E-001  0.14512864E+001  0.42207907E+002
 -0.47095571E-001  0.61719094E-001  0.14513457E+001  0.42208763E+002
 -0.47095066E-001  0.61723268E-001  0.14514056E+001  0.42209625E+002
 -0.47094568E-001  0.61727380E-001  0.14514659E+001  0.42210492E+002
 -0.47094077E-001  0.61731427E-001  0.14515266E+001  0.42211363E+002
 -0.47093592E-001  0.61735404E-001  0.14515876E+001  0.42212239E+002
 -0.47093115E-001  0.61739308E-001  0.14516489E+001  0.42213117E+002
 -0.47092645E-001  0.61743133E-001  0.14517103E+001  0.42213999E+002
 -0.47092184E-001  0.61746878E-001  0.14517717E+001  0.42214883E+002
 -0.47091730E-001  0.61750541E-001  0.14518332E+001  0.42215768E+002
 -0.47091284E-001  0.61754118E-001  0.14518945E+001  0.42216656E+002
 -0.47090847E-001  0.61757608E-001  0.14519557E+001  0.42217545E+002
 -0.47090419E-001  0.61761010E-001  0.14520167E+001  0.42218435E+002
 -0.47089999E-001  0.61764324E-001  0.14520774E+001  0.42219326E+002
 -0.47089589E-001  0.61767547E-001  0.14521376E+001  0.42220218E+002
 -0.47089188E-001  0.61770681E-001  0.14521975E+001  0.42221111E+002
 -0.47088796E-001  0.61773725E-001  0.14522568E+001  0.42222005E+002
 -0.47088413E-001  0.61776680E-001  0.14523155E+001  0.42222900E+002
 -0.47088040E-001  0.61779545E-001  0.14523735E+001  0.42223796E+002
 -0.47087676E-001  0.61782323E-001  0.14524309E+001  0.42224694E+002
 -0.47087321E-001  0.61785013E-001  0.14524875E+001  0.42225592E+002
 -0.47086976E-001  0.61787617E-001  0.14525432E+001  0.42226492E+002
 -0.47086641E-001  0.61790137E-001  0.14525981E+001  0.42227393E+002
 -0.47086315E-001  0.61792574E-001  0.14526521E+001  0.42228296E+002
 -0.47085998E-001  0.61794929E-001  0.14527051E+001  0.42229202E+002
 -0.47085691E-001  0.61797204E-001  0.14527571E+001  0.42230109E+002
 -0.47085393E-001  0.61799401E-001  0.14528080E+001  0.42231019E+002
 -0.47085103E-001  0.61801523E-001  0.14528579E+001  0.42231932E+002
 -0.47084823E-001  0.61803570E-001  0.14529067E+001  0.42232847E+002
 -0.47084552E-001  0.61805544E-001  0.14529544E+001  0.42233766E+002
 -0.47084289E-001  0.61807449E-001  0.14530009E+001  0.42234689E+002
 -0.47084034E-001  0.61809286E-001  0.14530463E+001  0.42235615E+002
 -0.47083788E-001  0.61811056E-001  0.14530906E+001  0.42236545E+002
 -0.47083550E-001  0.61812763E-001  0.14531336E+001  0.42237480E+002
 -0.47083320E-001  0.61814407E-001  0.14531755E+001  0.42238419E+002
 -0.47083098E-001  0.61815992E-001  0.14532162E+001  0.42239363E+002
 -0.47082884E-001  0.61817519E-001  0.14532557E+001  0.42240311E+002
 -0.47082676E-001  0.61818990E-001  0.14532941E+001  0.42241265E+002
 -0.47082476E-001  0.61820407E-001  0.14533313E+001  0.42242225E+002
 -0.47082283E-001  0.61821772E-001  0.14533673E+001  0.42243189E+002
 -0.47082096E-001  0.61823087E-001  0.14534022E+001  0.42244160E+002
 -0.47081916E-001  0.61824353E-001  0.14534360E+001  0.42245136E+002
 -0.47081743E-001  0.61825573E-001  0.14534687E+001  0.42246118E+002
 -0.47081575E-001  0.61826749E-001  0.14535003E+001  0.42247105E+002
 -0.47081414E-001  0.61827881E-001  0.14535308E+001  0.42248099E+002
 -0.47081258E-001  0.61828972E-001  0.14535603E+001  0.42249099E+002
 -0.47081107E-001  0.61830023E-001  0.14535887E+001  0.42250105E+002
 -0.47080962E-001  0.61831035E-001  0.14536162E+001  0.42251117E+002
 -0.47080823E-001  0.61832011E-001  0.14536427E+001  0.42252135E+002
 -0.47080688E-001  0.61832951E-001  0.14536682E+001  0.42253159E+002
 -0.47080558E-001  0.61833858E-001  0.14536928E+001  0.42254189E+002
 -0.47080432E-001  0.61834731E-001  0.14537166E+001  0.42255225E+002
 -0.47080311E-001  0.61835573E-001  0.14537394E+001  0.42256266E+002
 -0.47080195E-001  0.61836384E-001  0.14537614E+001  0.42257312E+002
 -0.47080082E-001  0.61837166E-001  0.14537826E+001  0.42258364E+002
 -0.47079974E-001  0.61837920E-001  0.14538030E+001  0.42259421E+002
 -0.47079869E-001  0.61838646E-001  0.14538227E+001  0.42260482E+002
 -0.47079768E-001  0.61839347E-001  0.14538416E+001  0.42261548E+002
 -0.47079671E-001  0.61840022E-001  0.14538598E+001  0.42262618E+002
 -0.47079577E-001  0.61840672E-001  0.14538773E+001  0.42263692E+002
 -0.47079487E-001  0.61841300E-001  0.14538941E+001  0.42264770E+002
 -0.47079400E-001  0.61841904E-001  0.14539103E+001  0.42265850E+002
 -0.47079316E-001  0.61842486E-001  0.14539258E+001  0.42266934E+002
 -0.47079235E-001  0.61843047E-001  0.14539408E+001  0.42268019E+002
 -0.47079157E-001  0.61843588E-001  0.14539552E+001  0.42269107E+002
 -0.47079082E-001  0.61844108E-001  0.14539690E+001  0.42270195E+002
 -0.47079010E-001  0.61844609E-001  0.14539823E+001  0.42271285E+002
 -0.47078940E-001  0.61845091E-001  0.14539951E+001  0.42272375E+002
 -0.47078874E-001  0.61845555E-001  0.14540073E+001  0.42273465E+002
 -0.47078809E-001  0.61846001E-001  0.14540191E+001  0.42274555E+002
 -0.47078747E-001  0.61846430E-001  0.14540304E+001  0.42275643E+002
 -0.47078688E-001  0.61846842E-001  0.14540413E+001  0.42276730E+002
 -0.47078631E-001  0.61847238E-001  0.14540517E+001  0.42277815E+002
 -0.47078576E-001  0.61847617E-001  0.14540617E+001  0.42278897E+002
 -0.47078523E-001  0.61847982E-001  0.14540713E+001  0.42279975E+002
 -0.47078472E-001  0.61848331E-001  0.14540805E+001  0.42281050E+002
 -0.47078424E-001  0.61848665E-001  0.14540893E+001  0.42282120E+002
 -0.47078378E-001  0.61848985E-001  0.14540977E+001  0.42283186E+002
 -0.47078333E-001  0.61849290E-001  0.14541058E+001  0.42284245E+002
 -0.47078291E-001  0.61849582E-001  0.14541136E+001  0.42285299E+002
 -0.47078250E-001  0.61849861E-001  0.14541210E+001  0.42286346E+002
 -0.47078212E-001  0.61850127E-001  0.14541281E+001  0.42287386E+002
 -0.47078175E-001  0.61850380E-001  0.14541349E+001  0.42288419E+002
 -0.47078139E-001  0.61850620E-001  0.14541413E+001  0.42289443E+002
 -0.47078106E-001  0.61850849E-001  0.14541475E+001  0.42290458E+002
 -0.47078074E-001  0.61851066E-001  0.14541534E+001  0.42291464E+002
 -0.47078044E-001  0.61851271E-001  0.14541590E+001  0.42292461E+002
 -0.47078016E-001  0.61851465E-001  0.14541644E+001  0.42293447E+002
 -0.47077989E-001  0.61851649E-001  0.14541695E+001  0.42294423E+002
 -0.47077963E-001  0.61851821E-001  0.14541744E+001  0.42295388E+002
 -0.47077939E-001  0.61851984E-001  0.14541790E+001  0.42296341E+002
 -0.47077916E-001  0.61852137E-001  0.14541834E+001  0.42297283E+002
 -0.47077895E-001  0.61852280E-001  0.14541875E+001  0.42298212E+002
 -0.47077875E-001  0.61852414E-001  0.14541915E+001  0.42299129E+002
 -0.47077856E-001  0.61852538E-001  0.14541952E+001  0.42300033E+002
 -0.47077838E-001  0.61852655E-001  0.14541987E+001  0.42300924E+002
 -0.47077822E-001  0.61852762E-001  0.14542021E+001  0.42301801E+002
 -0.47077807E-001  0.61852862E-001  0.14542052E+001  0.42302664E+002
 -0.47077793E-001  0.61852954E-001  0.14542082E+001  0.42303514E+002
 -0.47077780E-001  0.61853038E-001  0.14542110E+001  0.42304349E+002
 -0.47077768E-001  0.61853115E-001  0.14542136E+001  0.42305170E+002
 -0.47077757E-001  0.61853185E-001  0.14542160E+001  0.42305977E+002
 -0.47077746E-001  0.61853249E-001  0.14542183E+001  0.42306769E+002
 -0.47077737E-001  0.61853306E-001  0.14542205E+001  0.42307545E+002
 -0.47077729E-001  0.61853357E-001  0.14542225E+001  0.42308307E+002
 -0.47077721E-001  0.61853402E-001  0.14542244E+001  0.42309054E+002
 -0.47077715E-001  0.61853441E-001  0.14542261E+001  0.42309786E+002
 -0.47077709E-001  0.61853475E-001  0.14542277E+001  0.42310502E+002
 -0.47077703E-001  0.61853503E-001  0.14542292E+001  0.42311204E+002
 -0.47077699E-001  0.61853526E-001  0.14542306E+001  0.42311889E+002
 -0.47077695E-001  0.61853544E-001  0.14542318E+001  0.42312560E+002
 -0.47077692E-001  0.61853556E-001  0.14542330E+001  0.42313216E+002
 -0.47077689E-001  0.61853564E-001  0.14542340E+001  0.42313856E+002
 -0.47077687E-001  0.61853567E-001  0.14542349E+001  0.42314481E+002
 -0.47077686E-001  0.61853566E-001  0.14542357E+001  0.42315091E+002
 -0.47077685E-001  0.61853560E-001  0.14542365E+001  0.42315686E+002
 -0.47077684E-001  0.61853549E-001  0.14542371E+001  0.42316266E+002
 -0.47077685E-001  0.61853535E-001  0.14542376E+001  0.42316832E+002
