  0.68656331E+000
  0.68668663E+000
  0.68676978E+000
  0.68683628E+000
  0.68689092E+000
  0.68693599E+000
  0.68697312E+000
  0.68700365E+000
  0.68702869E+000
  0.68704915E+000
  0.68706580E+000
  0.68707927E+000
  0.68709009E+000
  0.68709870E+000
  0.68710546E+000
  0.68711068E+000
  0.68711461E+000
  0.68711746E+000
  0.68711941E+000
  0.68712061E+000
  0.68712118E+000
  0.68712123E+000
  0.68712086E+000
  0.68712012E+000
  0.68711909E+000
  0.68711782E+000
  0.68711636E+000
  0.68711475E+000
  0.68711301E+000
  0.68711118E+000
  0.68710929E+000
  0.68710735E+000
  0.68710539E+000
  0.68710342E+000
  0.68710146E+000
  0.68709953E+000
  0.68709762E+000
  0.68709577E+000
  0.68709397E+000
  0.68709223E+000
  0.68709057E+000
  0.68708898E+000
  0.68708747E+000
  0.68708604E+000
  0.68708470E+000
  0.68708345E+000
  0.68708228E+000
  0.68708119E+000
  0.68708018E+000
  0.68707925E+000
  0.68707837E+000
  0.68707756E+000
  0.68707680E+000
  0.68707608E+000
  0.68707539E+000
  0.68707472E+000
  0.68707407E+000
  0.68707343E+000
  0.68707278E+000
  0.68707213E+000
  0.68707146E+000
  0.68707077E+000
  0.68707006E+000
  0.68706932E+000
  0.68706855E+000
  0.68706774E+000
  0.68706690E+000
  0.68706603E+000
  0.68706512E+000
  0.68706417E+000
  0.68706318E+000
  0.68706216E+000
  0.68706110E+000
  0.68706001E+000
  0.68705889E+000
  0.68705773E+000
  0.68705655E+000
  0.68705534E+000
  0.68705410E+000
  0.68705283E+000
  0.68705155E+000
  0.68705024E+000
  0.68704892E+000
  0.68704758E+000
  0.68704622E+000
  0.68704485E+000
  0.68704347E+000
  0.68704209E+000
  0.68704069E+000
  0.68703929E+000
  0.68703788E+000
  0.68703647E+000
  0.68703506E+000
  0.68703365E+000
  0.68703224E+000
  0.68703083E+000
  0.68702943E+000
  0.68702804E+000
  0.68702665E+000
  0.68702526E+000
  0.68702389E+000
  0.68702252E+000
  0.68702117E+000
  0.68701982E+000
  0.68701849E+000
  0.68701716E+000
  0.68701585E+000
  0.68701456E+000
  0.68701328E+000
  0.68701201E+000
  0.68701075E+000
  0.68700951E+000
  0.68700829E+000
  0.68700708E+000
  0.68700589E+000
  0.68700471E+000
  0.68700355E+000
  0.68700241E+000
  0.68700129E+000
  0.68700018E+000
  0.68699908E+000
  0.68699801E+000
  0.68699695E+000
  0.68699591E+000
  0.68699489E+000
  0.68699389E+000
  0.68699290E+000
  0.68699193E+000
  0.68699098E+000
  0.68699004E+000
  0.68698913E+000
  0.68698823E+000
  0.68698735E+000
  0.68698648E+000
  0.68698564E+000
  0.68698481E+000
  0.68698399E+000
  0.68698320E+000
  0.68698242E+000
  0.68698166E+000
  0.68698091E+000
  0.68698019E+000
  0.68697947E+000
  0.68697878E+000
  0.68697810E+000
  0.68697743E+000
  0.68697678E+000
  0.68697615E+000
  0.68697553E+000
  0.68697493E+000
  0.68697434E+000
  0.68697377E+000
  0.68697321E+000
  0.68697266E+000
  0.68697213E+000
  0.68697162E+000
  0.68697111E+000
  0.68697062E+000
  0.68697015E+000
  0.68696969E+000
  0.68696924E+000
  0.68696880E+000
  0.68696837E+000
  0.68696796E+000
  0.68696756E+000
  0.68696717E+000
  0.68696679E+000
  0.68696643E+000
  0.68696607E+000
  0.68696573E+000
  0.68696540E+000
  0.68696507E+000
  0.68696476E+000
  0.68696446E+000
  0.68696417E+000
  0.68696389E+000
  0.68696361E+000
  0.68696335E+000
  0.68696310E+000
  0.68696285E+000
  0.68696261E+000
  0.68696238E+000
  0.68696216E+000
  0.68696195E+000
  0.68696175E+000
  0.68696155E+000
  0.68696136E+000
  0.68696118E+000
  0.68696101E+000
  0.68696084E+000
  0.68696068E+000
  0.68696052E+000
  0.68696037E+000
  0.68696023E+000
  0.68696009E+000
  0.68695996E+000
  0.68695984E+000
  0.68695972E+000
  0.68695960E+000
  0.68695948E+000
