  0.89045969E+000
  0.89061176E+000
  0.89071429E+000
  0.89079629E+000
  0.89086368E+000
  0.89091925E+000
  0.89096504E+000
  0.89100269E+000
  0.89103356E+000
  0.89105879E+000
  0.89107933E+000
  0.89109594E+000
  0.89110928E+000
  0.89111990E+000
  0.89112824E+000
  0.89113467E+000
  0.89113951E+000
  0.89114303E+000
  0.89114543E+000
  0.89114691E+000
  0.89114762E+000
  0.89114768E+000
  0.89114722E+000
  0.89114631E+000
  0.89114504E+000
  0.89114348E+000
  0.89114168E+000
  0.89113968E+000
  0.89113754E+000
  0.89113529E+000
  0.89113295E+000
  0.89113056E+000
  0.89112814E+000
  0.89112572E+000
  0.89112330E+000
  0.89112091E+000
  0.89111857E+000
  0.89111628E+000
  0.89111406E+000
  0.89111192E+000
  0.89110987E+000
  0.89110791E+000
  0.89110605E+000
  0.89110429E+000
  0.89110264E+000
  0.89110109E+000
  0.89109965E+000
  0.89109831E+000
  0.89109706E+000
  0.89109591E+000
  0.89109483E+000
  0.89109383E+000
  0.89109289E+000
  0.89109200E+000
  0.89109115E+000
  0.89109033E+000
  0.89108953E+000
  0.89108873E+000
  0.89108794E+000
  0.89108713E+000
  0.89108631E+000
  0.89108546E+000
  0.89108458E+000
  0.89108367E+000
  0.89108272E+000
  0.89108172E+000
  0.89108069E+000
  0.89107961E+000
  0.89107848E+000
  0.89107731E+000
  0.89107610E+000
  0.89107483E+000
  0.89107353E+000
  0.89107219E+000
  0.89107080E+000
  0.89106938E+000
  0.89106792E+000
  0.89106642E+000
  0.89106490E+000
  0.89106334E+000
  0.89106175E+000
  0.89106014E+000
  0.89105851E+000
  0.89105686E+000
  0.89105519E+000
  0.89105350E+000
  0.89105180E+000
  0.89105008E+000
  0.89104836E+000
  0.89104663E+000
  0.89104490E+000
  0.89104316E+000
  0.89104142E+000
  0.89103968E+000
  0.89103794E+000
  0.89103621E+000
  0.89103448E+000
  0.89103276E+000
  0.89103104E+000
  0.89102934E+000
  0.89102764E+000
  0.89102596E+000
  0.89102429E+000
  0.89102263E+000
  0.89102098E+000
  0.89101935E+000
  0.89101774E+000
  0.89101614E+000
  0.89101456E+000
  0.89101299E+000
  0.89101145E+000
  0.89100992E+000
  0.89100841E+000
  0.89100692E+000
  0.89100545E+000
  0.89100400E+000
  0.89100257E+000
  0.89100116E+000
  0.89099977E+000
  0.89099840E+000
  0.89099706E+000
  0.89099573E+000
  0.89099443E+000
  0.89099315E+000
  0.89099188E+000
  0.89099065E+000
  0.89098943E+000
  0.89098823E+000
  0.89098706E+000
  0.89098591E+000
  0.89098478E+000
  0.89098367E+000
  0.89098258E+000
  0.89098152E+000
  0.89098047E+000
  0.89097945E+000
  0.89097845E+000
  0.89097747E+000
  0.89097651E+000
  0.89097557E+000
  0.89097465E+000
  0.89097375E+000
  0.89097287E+000
  0.89097201E+000
  0.89097117E+000
  0.89097036E+000
  0.89096956E+000
  0.89096877E+000
  0.89096801E+000
  0.89096727E+000
  0.89096654E+000
  0.89096584E+000
  0.89096515E+000
  0.89096448E+000
  0.89096382E+000
  0.89096318E+000
  0.89096256E+000
  0.89096196E+000
  0.89096137E+000
  0.89096080E+000
  0.89096025E+000
  0.89095971E+000
  0.89095918E+000
  0.89095867E+000
  0.89095818E+000
  0.89095770E+000
  0.89095724E+000
  0.89095678E+000
  0.89095635E+000
  0.89095592E+000
  0.89095551E+000
  0.89095512E+000
  0.89095473E+000
  0.89095436E+000
  0.89095400E+000
  0.89095365E+000
  0.89095331E+000
  0.89095299E+000
  0.89095268E+000
  0.89095237E+000
  0.89095208E+000
  0.89095180E+000
  0.89095153E+000
  0.89095127E+000
  0.89095102E+000
  0.89095077E+000
  0.89095054E+000
  0.89095032E+000
  0.89095010E+000
  0.89094989E+000
  0.89094969E+000
  0.89094950E+000
  0.89094932E+000
  0.89094914E+000
  0.89094898E+000
  0.89094881E+000
  0.89094866E+000
  0.89094851E+000
  0.89094836E+000
  0.89094821E+000
