  0.10941784E+002
  0.10937073E+002
  0.10932981E+002
  0.10929478E+002
  0.10926495E+002
  0.10923964E+002
  0.10921820E+002
  0.10920007E+002
  0.10918475E+002
  0.10917183E+002
  0.10916094E+002
  0.10915180E+002
  0.10914412E+002
  0.10913771E+002
  0.10913236E+002
  0.10912792E+002
  0.10912426E+002
  0.10912126E+002
  0.10911883E+002
  0.10911688E+002
  0.10911534E+002
  0.10911416E+002
  0.10911328E+002
  0.10911267E+002
  0.10911227E+002
  0.10911207E+002
  0.10911204E+002
  0.10911215E+002
  0.10911238E+002
  0.10911271E+002
  0.10911314E+002
  0.10911364E+002
  0.10911421E+002
  0.10911484E+002
  0.10911551E+002
  0.10911623E+002
  0.10911699E+002
  0.10911777E+002
  0.10911858E+002
  0.10911942E+002
  0.10912028E+002
  0.10912115E+002
  0.10912205E+002
  0.10912296E+002
  0.10912388E+002
  0.10912483E+002
  0.10912579E+002
  0.10912677E+002
  0.10912776E+002
  0.10912878E+002
  0.10912982E+002
  0.10913089E+002
  0.10913199E+002
  0.10913311E+002
  0.10913427E+002
  0.10913547E+002
  0.10913670E+002
  0.10913798E+002
  0.10913930E+002
  0.10914067E+002
  0.10914208E+002
  0.10914354E+002
  0.10914506E+002
  0.10914662E+002
  0.10914823E+002
  0.10914989E+002
  0.10915160E+002
  0.10915336E+002
  0.10915516E+002
  0.10915702E+002
  0.10915892E+002
  0.10916086E+002
  0.10916284E+002
  0.10916487E+002
  0.10916693E+002
  0.10916903E+002
  0.10917116E+002
  0.10917332E+002
  0.10917551E+002
  0.10917773E+002
  0.10917997E+002
  0.10918223E+002
  0.10918452E+002
  0.10918682E+002
  0.10918913E+002
  0.10919146E+002
  0.10919381E+002
  0.10919616E+002
  0.10919852E+002
  0.10920089E+002
  0.10920326E+002
  0.10920564E+002
  0.10920802E+002
  0.10921040E+002
  0.10921279E+002
  0.10921518E+002
  0.10921757E+002
  0.10921996E+002
  0.10922235E+002
  0.10922475E+002
  0.10922714E+002
  0.10922953E+002
  0.10923193E+002
  0.10923433E+002
  0.10923672E+002
  0.10923912E+002
  0.10924153E+002
  0.10924393E+002
  0.10924634E+002
  0.10924875E+002
  0.10925117E+002
  0.10925359E+002
  0.10925602E+002
  0.10925845E+002
  0.10926089E+002
  0.10926334E+002
  0.10926580E+002
  0.10926827E+002
  0.10927074E+002
  0.10927323E+002
  0.10927572E+002
  0.10927823E+002
  0.10928074E+002
  0.10928327E+002
  0.10928581E+002
  0.10928836E+002
  0.10929093E+002
  0.10929351E+002
  0.10929609E+002
  0.10929870E+002
  0.10930131E+002
  0.10930394E+002
  0.10930657E+002
  0.10930923E+002
  0.10931189E+002
  0.10931456E+002
  0.10931725E+002
  0.10931994E+002
  0.10932265E+002
  0.10932536E+002
  0.10932808E+002
  0.10933081E+002
  0.10933355E+002
  0.10933629E+002
  0.10933904E+002
  0.10934180E+002
  0.10934455E+002
  0.10934731E+002
  0.10935007E+002
  0.10935283E+002
  0.10935559E+002
  0.10935834E+002
  0.10936109E+002
  0.10936384E+002
  0.10936657E+002
  0.10936931E+002
  0.10937203E+002
  0.10937474E+002
  0.10937744E+002
  0.10938012E+002
  0.10938279E+002
  0.10938545E+002
  0.10938808E+002
  0.10939070E+002
  0.10939330E+002
  0.10939588E+002
  0.10939843E+002
  0.10940096E+002
  0.10940347E+002
  0.10940595E+002
  0.10940840E+002
  0.10941083E+002
  0.10941322E+002
  0.10941559E+002
  0.10941792E+002
  0.10942022E+002
  0.10942249E+002
  0.10942473E+002
  0.10942693E+002
  0.10942910E+002
  0.10943123E+002
  0.10943333E+002
  0.10943539E+002
  0.10943741E+002
  0.10943939E+002
  0.10944134E+002
  0.10944325E+002
  0.10944512E+002
  0.10944696E+002
  0.10944875E+002
  0.10945051E+002
  0.10945223E+002
  0.10945391E+002
  0.10945555E+002
  0.10945715E+002
  0.10945872E+002
  0.10946024E+002
  0.10946173E+002
  0.10946318E+002
  0.10946460E+002
