  0.69328195E-001
  0.69446684E-001
  0.69527870E-001
  0.69582330E-001
  0.69617343E-001
  0.69638035E-001
  0.69648157E-001
  0.69650492E-001
  0.69647129E-001
  0.69639651E-001
  0.69629261E-001
  0.69616881E-001
  0.69603324E-001
  0.69589113E-001
  0.69574627E-001
  0.69560159E-001
  0.69545929E-001
  0.69532104E-001
  0.69518804E-001
  0.69506117E-001
  0.69494099E-001
  0.69482784E-001
  0.69472190E-001
  0.69462316E-001
  0.69453154E-001
  0.69444683E-001
  0.69436877E-001
  0.69429705E-001
  0.69423132E-001
  0.69417120E-001
  0.69411631E-001
  0.69406625E-001
  0.69402064E-001
  0.69397910E-001
  0.69394126E-001
  0.69390680E-001
  0.69387538E-001
  0.69384673E-001
  0.69382055E-001
  0.69379663E-001
  0.69377473E-001
  0.69375466E-001
  0.69373625E-001
  0.69371935E-001
  0.69370380E-001
  0.69368950E-001
  0.69367632E-001
  0.69366416E-001
  0.69365293E-001
  0.69364254E-001
  0.69363291E-001
  0.69362396E-001
  0.69361562E-001
  0.69360782E-001
  0.69360049E-001
  0.69359359E-001
  0.69358705E-001
  0.69358084E-001
  0.69357490E-001
  0.69356920E-001
  0.69356371E-001
  0.69355841E-001
  0.69355326E-001
  0.69354825E-001
  0.69354336E-001
  0.69353859E-001
  0.69353392E-001
  0.69352935E-001
  0.69352487E-001
  0.69352047E-001
  0.69351616E-001
  0.69351194E-001
  0.69350780E-001
  0.69350374E-001
  0.69349976E-001
  0.69349585E-001
  0.69349202E-001
  0.69348826E-001
  0.69348457E-001
  0.69348094E-001
  0.69347738E-001
  0.69347387E-001
  0.69347041E-001
  0.69346700E-001
  0.69346364E-001
  0.69346032E-001
  0.69345703E-001
  0.69345378E-001
  0.69345055E-001
  0.69344735E-001
  0.69344418E-001
  0.69344103E-001
  0.69343789E-001
  0.69343477E-001
  0.69343167E-001
  0.69342859E-001
  0.69342551E-001
  0.69342245E-001
  0.69341941E-001
  0.69341638E-001
  0.69341336E-001
  0.69341036E-001
  0.69340738E-001
  0.69340441E-001
  0.69340147E-001
  0.69339854E-001
  0.69339564E-001
  0.69339276E-001
  0.69338991E-001
  0.69338708E-001
  0.69338428E-001
  0.69338152E-001
  0.69337879E-001
  0.69337609E-001
  0.69337342E-001
  0.69337080E-001
  0.69336821E-001
  0.69336566E-001
  0.69336316E-001
  0.69336069E-001
  0.69335827E-001
  0.69335590E-001
  0.69335356E-001
  0.69335128E-001
  0.69334904E-001
  0.69334685E-001
  0.69334470E-001
  0.69334260E-001
  0.69334055E-001
  0.69333854E-001
  0.69333659E-001
  0.69333468E-001
  0.69333282E-001
  0.69333100E-001
  0.69332923E-001
  0.69332751E-001
  0.69332583E-001
  0.69332420E-001
  0.69332262E-001
  0.69332107E-001
  0.69331958E-001
  0.69331812E-001
  0.69331671E-001
  0.69331534E-001
  0.69331401E-001
  0.69331272E-001
  0.69331147E-001
  0.69331026E-001
  0.69330909E-001
  0.69330795E-001
  0.69330685E-001
  0.69330579E-001
  0.69330476E-001
  0.69330377E-001
  0.69330281E-001
  0.69330188E-001
  0.69330099E-001
  0.69330013E-001
  0.69329930E-001
  0.69329850E-001
  0.69329772E-001
  0.69329698E-001
  0.69329626E-001
  0.69329558E-001
  0.69329491E-001
  0.69329428E-001
  0.69329367E-001
  0.69329308E-001
  0.69329252E-001
  0.69329198E-001
  0.69329146E-001
  0.69329096E-001
  0.69329049E-001
  0.69329004E-001
  0.69328960E-001
  0.69328919E-001
  0.69328879E-001
  0.69328841E-001
  0.69328805E-001
  0.69328771E-001
  0.69328738E-001
  0.69328707E-001
  0.69328678E-001
  0.69328649E-001
  0.69328623E-001
  0.69328597E-001
  0.69328573E-001
  0.69328551E-001
  0.69328529E-001
  0.69328509E-001
  0.69328489E-001
  0.69328471E-001
  0.69328454E-001
  0.69328438E-001
  0.69328422E-001
  0.69328408E-001
  0.69328394E-001
  0.69328381E-001
  0.69328367E-001
  0.69328355E-001
