  0.23365217E+000
  0.23700474E+000
  0.23695973E+000
  0.23657520E+000
  0.23620126E+000
  0.23587572E+000
  0.23559714E+000
  0.23535935E+000
  0.23515563E+000
  0.23498121E+000
  0.23483274E+000
  0.23470627E+000
  0.23459813E+000
  0.23450559E+000
  0.23442634E+000
  0.23435835E+000
  0.23429992E+000
  0.23424958E+000
  0.23420610E+000
  0.23416842E+000
  0.23413566E+000
  0.23410705E+000
  0.23408195E+000
  0.23405982E+000
  0.23404020E+000
  0.23402269E+000
  0.23400697E+000
  0.23399275E+000
  0.23397980E+000
  0.23396793E+000
  0.23395696E+000
  0.23394676E+000
  0.23393722E+000
  0.23392826E+000
  0.23391979E+000
  0.23391176E+000
  0.23390415E+000
  0.23389691E+000
  0.23389003E+000
  0.23388351E+000
  0.23387733E+000
  0.23387152E+000
  0.23386606E+000
  0.23386097E+000
  0.23385626E+000
  0.23385193E+000
  0.23384798E+000
  0.23384440E+000
  0.23384120E+000
  0.23383835E+000
  0.23383585E+000
  0.23383366E+000
  0.23383177E+000
  0.23383014E+000
  0.23382875E+000
  0.23382756E+000
  0.23382653E+000
  0.23382565E+000
  0.23382487E+000
  0.23382417E+000
  0.23382352E+000
  0.23382291E+000
  0.23382232E+000
  0.23382172E+000
  0.23382111E+000
  0.23382047E+000
  0.23381980E+000
  0.23381910E+000
  0.23381835E+000
  0.23381756E+000
  0.23381673E+000
  0.23381585E+000
  0.23381493E+000
  0.23381397E+000
  0.23381296E+000
  0.23381191E+000
  0.23381083E+000
  0.23380971E+000
  0.23380856E+000
  0.23380738E+000
  0.23380617E+000
  0.23380494E+000
  0.23380368E+000
  0.23380240E+000
  0.23380111E+000
  0.23379979E+000
  0.23379847E+000
  0.23379713E+000
  0.23379577E+000
  0.23379441E+000
  0.23379305E+000
  0.23379168E+000
  0.23379030E+000
  0.23378892E+000
  0.23378754E+000
  0.23378616E+000
  0.23378479E+000
  0.23378342E+000
  0.23378205E+000
  0.23378068E+000
  0.23377933E+000
  0.23377798E+000
  0.23377664E+000
  0.23377531E+000
  0.23377399E+000
  0.23377268E+000
  0.23377138E+000
  0.23377010E+000
  0.23376883E+000
  0.23376758E+000
  0.23376634E+000
  0.23376512E+000
  0.23376392E+000
  0.23376273E+000
  0.23376156E+000
  0.23376042E+000
  0.23375929E+000
  0.23375818E+000
  0.23375709E+000
  0.23375602E+000
  0.23375498E+000
  0.23375395E+000
  0.23375295E+000
  0.23375197E+000
  0.23375102E+000
  0.23375008E+000
  0.23374917E+000
  0.23374828E+000
  0.23374742E+000
  0.23374657E+000
  0.23374575E+000
  0.23374496E+000
  0.23374418E+000
  0.23374343E+000
  0.23374270E+000
  0.23374199E+000
  0.23374130E+000
  0.23374063E+000
  0.23373999E+000
  0.23373936E+000
  0.23373875E+000
  0.23373817E+000
  0.23373760E+000
  0.23373705E+000
  0.23373652E+000
  0.23373600E+000
  0.23373551E+000
  0.23373503E+000
  0.23373456E+000
  0.23373411E+000
  0.23373368E+000
  0.23373326E+000
  0.23373286E+000
  0.23373246E+000
  0.23373209E+000
  0.23373172E+000
  0.23373137E+000
  0.23373103E+000
  0.23373070E+000
  0.23373038E+000
  0.23373007E+000
  0.23372978E+000
  0.23372949E+000
  0.23372921E+000
  0.23372895E+000
  0.23372869E+000
  0.23372844E+000
  0.23372820E+000
  0.23372797E+000
  0.23372774E+000
  0.23372752E+000
  0.23372731E+000
  0.23372711E+000
  0.23372692E+000
  0.23372673E+000
  0.23372655E+000
  0.23372637E+000
  0.23372620E+000
  0.23372604E+000
  0.23372588E+000
  0.23372573E+000
  0.23372558E+000
  0.23372544E+000
  0.23372530E+000
  0.23372517E+000
  0.23372504E+000
  0.23372492E+000
  0.23372480E+000
  0.23372469E+000
  0.23372458E+000
  0.23372447E+000
  0.23372437E+000
  0.23372426E+000
  0.23372417E+000
  0.23372407E+000
  0.23372398E+000
  0.23372388E+000
  0.23372379E+000
  0.23372369E+000
  0.23372360E+000
