  0.37572131E+000
  0.37572730E+000
  0.37573316E+000
  0.37573860E+000
  0.37574352E+000
  0.37574791E+000
  0.37575177E+000
  0.37575514E+000
  0.37575807E+000
  0.37576059E+000
  0.37576275E+000
  0.37576459E+000
  0.37576614E+000
  0.37576743E+000
  0.37576850E+000
  0.37576937E+000
  0.37577006E+000
  0.37577059E+000
  0.37577097E+000
  0.37577123E+000
  0.37577137E+000
  0.37577141E+000
  0.37577136E+000
  0.37577122E+000
  0.37577100E+000
  0.37577071E+000
  0.37577035E+000
  0.37576993E+000
  0.37576945E+000
  0.37576892E+000
  0.37576833E+000
  0.37576769E+000
  0.37576701E+000
  0.37576627E+000
  0.37576550E+000
  0.37576467E+000
  0.37576381E+000
  0.37576289E+000
  0.37576194E+000
  0.37576094E+000
  0.37575989E+000
  0.37575880E+000
  0.37575767E+000
  0.37575648E+000
  0.37575525E+000
  0.37575396E+000
  0.37575262E+000
  0.37575123E+000
  0.37574979E+000
  0.37574828E+000
  0.37574671E+000
  0.37574509E+000
  0.37574339E+000
  0.37574164E+000
  0.37573981E+000
  0.37573792E+000
  0.37573595E+000
  0.37573392E+000
  0.37573181E+000
  0.37572963E+000
  0.37572738E+000
  0.37572506E+000
  0.37572267E+000
  0.37572021E+000
  0.37571768E+000
  0.37571509E+000
  0.37571244E+000
  0.37570972E+000
  0.37570696E+000
  0.37570414E+000
  0.37570128E+000
  0.37569837E+000
  0.37569542E+000
  0.37569245E+000
  0.37568944E+000
  0.37568641E+000
  0.37568336E+000
  0.37568031E+000
  0.37567724E+000
  0.37567417E+000
  0.37567111E+000
  0.37566805E+000
  0.37566501E+000
  0.37566199E+000
  0.37565899E+000
  0.37565602E+000
  0.37565308E+000
  0.37565017E+000
  0.37564731E+000
  0.37564448E+000
  0.37564171E+000
  0.37563898E+000
  0.37563630E+000
  0.37563368E+000
  0.37563111E+000
  0.37562860E+000
  0.37562614E+000
  0.37562375E+000
  0.37562141E+000
  0.37561914E+000
  0.37561692E+000
  0.37561477E+000
  0.37561268E+000
  0.37561064E+000
  0.37560867E+000
  0.37560676E+000
  0.37560490E+000
  0.37560311E+000
  0.37560137E+000
  0.37559969E+000
  0.37559806E+000
  0.37559648E+000
  0.37559496E+000
  0.37559348E+000
  0.37559206E+000
  0.37559069E+000
  0.37558936E+000
  0.37558808E+000
  0.37558684E+000
  0.37558564E+000
  0.37558448E+000
  0.37558337E+000
  0.37558229E+000
  0.37558125E+000
  0.37558024E+000
  0.37557927E+000
  0.37557834E+000
  0.37557743E+000
  0.37557656E+000
  0.37557571E+000
  0.37557490E+000
  0.37557411E+000
  0.37557335E+000
  0.37557261E+000
  0.37557190E+000
  0.37557121E+000
  0.37557055E+000
  0.37556991E+000
  0.37556929E+000
  0.37556869E+000
  0.37556811E+000
  0.37556755E+000
  0.37556701E+000
  0.37556649E+000
  0.37556599E+000
  0.37556551E+000
  0.37556504E+000
  0.37556459E+000
  0.37556416E+000
  0.37556374E+000
  0.37556334E+000
  0.37556295E+000
  0.37556258E+000
  0.37556222E+000
  0.37556188E+000
  0.37556155E+000
  0.37556124E+000
  0.37556093E+000
  0.37556065E+000
  0.37556037E+000
  0.37556011E+000
  0.37555986E+000
  0.37555963E+000
  0.37555940E+000
  0.37555919E+000
  0.37555899E+000
  0.37555880E+000
  0.37555862E+000
  0.37555845E+000
  0.37555829E+000
  0.37555815E+000
  0.37555801E+000
  0.37555788E+000
  0.37555776E+000
  0.37555765E+000
  0.37555755E+000
  0.37555746E+000
  0.37555738E+000
  0.37555730E+000
  0.37555723E+000
  0.37555717E+000
  0.37555711E+000
  0.37555707E+000
  0.37555702E+000
  0.37555699E+000
  0.37555696E+000
  0.37555694E+000
  0.37555692E+000
  0.37555691E+000
  0.37555690E+000
  0.37555690E+000
  0.37555691E+000
  0.37555691E+000
  0.37555693E+000
  0.37555695E+000
  0.37555697E+000
  0.37555700E+000
  0.37555703E+000
  0.37555707E+000
  0.37555711E+000
