  0.28939005E+000
  0.28940966E+000
  0.28941034E+000
  0.28940829E+000
  0.28940721E+000
  0.28940768E+000
  0.28940954E+000
  0.28941247E+000
  0.28941619E+000
  0.28942044E+000
  0.28942502E+000
  0.28942977E+000
  0.28943456E+000
  0.28943928E+000
  0.28944386E+000
  0.28944822E+000
  0.28945233E+000
  0.28945614E+000
  0.28945963E+000
  0.28946278E+000
  0.28946558E+000
  0.28946803E+000
  0.28947012E+000
  0.28947187E+000
  0.28947328E+000
  0.28947437E+000
  0.28947515E+000
  0.28947564E+000
  0.28947587E+000
  0.28947585E+000
  0.28947562E+000
  0.28947520E+000
  0.28947460E+000
  0.28947387E+000
  0.28947302E+000
  0.28947207E+000
  0.28947105E+000
  0.28946998E+000
  0.28946887E+000
  0.28946774E+000
  0.28946661E+000
  0.28946548E+000
  0.28946436E+000
  0.28946326E+000
  0.28946218E+000
  0.28946111E+000
  0.28946006E+000
  0.28945902E+000
  0.28945798E+000
  0.28945695E+000
  0.28945591E+000
  0.28945485E+000
  0.28945377E+000
  0.28945267E+000
  0.28945153E+000
  0.28945034E+000
  0.28944911E+000
  0.28944783E+000
  0.28944649E+000
  0.28944509E+000
  0.28944364E+000
  0.28944212E+000
  0.28944054E+000
  0.28943890E+000
  0.28943720E+000
  0.28943543E+000
  0.28943361E+000
  0.28943173E+000
  0.28942980E+000
  0.28942781E+000
  0.28942578E+000
  0.28942370E+000
  0.28942159E+000
  0.28941944E+000
  0.28941725E+000
  0.28941504E+000
  0.28941281E+000
  0.28941056E+000
  0.28940829E+000
  0.28940602E+000
  0.28940375E+000
  0.28940147E+000
  0.28939920E+000
  0.28939694E+000
  0.28939469E+000
  0.28939246E+000
  0.28939026E+000
  0.28938807E+000
  0.28938592E+000
  0.28938379E+000
  0.28938170E+000
  0.28937965E+000
  0.28937763E+000
  0.28937566E+000
  0.28937372E+000
  0.28937183E+000
  0.28936999E+000
  0.28936819E+000
  0.28936643E+000
  0.28936473E+000
  0.28936307E+000
  0.28936145E+000
  0.28935989E+000
  0.28935837E+000
  0.28935690E+000
  0.28935547E+000
  0.28935409E+000
  0.28935275E+000
  0.28935146E+000
  0.28935021E+000
  0.28934900E+000
  0.28934784E+000
  0.28934671E+000
  0.28934562E+000
  0.28934457E+000
  0.28934356E+000
  0.28934259E+000
  0.28934164E+000
  0.28934073E+000
  0.28933986E+000
  0.28933901E+000
  0.28933820E+000
  0.28933741E+000
  0.28933665E+000
  0.28933592E+000
  0.28933522E+000
  0.28933454E+000
  0.28933388E+000
  0.28933325E+000
  0.28933264E+000
  0.28933205E+000
  0.28933148E+000
  0.28933093E+000
  0.28933040E+000
  0.28932989E+000
  0.28932939E+000
  0.28932892E+000
  0.28932846E+000
  0.28932801E+000
  0.28932758E+000
  0.28932717E+000
  0.28932677E+000
  0.28932638E+000
  0.28932601E+000
  0.28932565E+000
  0.28932530E+000
  0.28932497E+000
  0.28932465E+000
  0.28932434E+000
  0.28932404E+000
  0.28932375E+000
  0.28932348E+000
  0.28932321E+000
  0.28932296E+000
  0.28932271E+000
  0.28932248E+000
  0.28932226E+000
  0.28932204E+000
  0.28932184E+000
  0.28932164E+000
  0.28932145E+000
  0.28932128E+000
  0.28932111E+000
  0.28932095E+000
  0.28932079E+000
  0.28932065E+000
  0.28932051E+000
  0.28932038E+000
  0.28932026E+000
  0.28932015E+000
  0.28932004E+000
  0.28931995E+000
  0.28931985E+000
  0.28931977E+000
  0.28931969E+000
  0.28931961E+000
  0.28931955E+000
  0.28931949E+000
  0.28931943E+000
  0.28931938E+000
  0.28931933E+000
  0.28931929E+000
  0.28931926E+000
  0.28931923E+000
  0.28931920E+000
  0.28931918E+000
  0.28931916E+000
  0.28931915E+000
  0.28931914E+000
  0.28931913E+000
  0.28931913E+000
  0.28931913E+000
  0.28931913E+000
  0.28931914E+000
  0.28931915E+000
  0.28931917E+000
  0.28931919E+000
  0.28931921E+000
  0.28931923E+000
  0.28931926E+000
