  0.52127013E-006
  0.52130545E-006
  0.52130667E-006
  0.52130298E-006
  0.52130104E-006
  0.52130189E-006
  0.52130523E-006
  0.52131052E-006
  0.52131721E-006
  0.52132487E-006
  0.52133312E-006
  0.52134168E-006
  0.52135030E-006
  0.52135880E-006
  0.52136704E-006
  0.52137491E-006
  0.52138231E-006
  0.52138917E-006
  0.52139546E-006
  0.52140114E-006
  0.52140618E-006
  0.52141059E-006
  0.52141436E-006
  0.52141751E-006
  0.52142005E-006
  0.52142200E-006
  0.52142341E-006
  0.52142430E-006
  0.52142471E-006
  0.52142468E-006
  0.52142426E-006
  0.52142350E-006
  0.52142243E-006
  0.52142111E-006
  0.52141957E-006
  0.52141787E-006
  0.52141603E-006
  0.52141410E-006
  0.52141210E-006
  0.52141007E-006
  0.52140803E-006
  0.52140600E-006
  0.52140398E-006
  0.52140200E-006
  0.52140004E-006
  0.52139812E-006
  0.52139623E-006
  0.52139436E-006
  0.52139249E-006
  0.52139063E-006
  0.52138876E-006
  0.52138685E-006
  0.52138491E-006
  0.52138292E-006
  0.52138086E-006
  0.52137873E-006
  0.52137651E-006
  0.52137420E-006
  0.52137179E-006
  0.52136928E-006
  0.52136665E-006
  0.52136392E-006
  0.52136108E-006
  0.52135812E-006
  0.52135505E-006
  0.52135187E-006
  0.52134859E-006
  0.52134520E-006
  0.52134172E-006
  0.52133815E-006
  0.52133448E-006
  0.52133075E-006
  0.52132693E-006
  0.52132306E-006
  0.52131912E-006
  0.52131514E-006
  0.52131112E-006
  0.52130707E-006
  0.52130299E-006
  0.52129889E-006
  0.52129479E-006
  0.52129070E-006
  0.52128661E-006
  0.52128254E-006
  0.52127849E-006
  0.52127447E-006
  0.52127050E-006
  0.52126656E-006
  0.52126268E-006
  0.52125886E-006
  0.52125509E-006
  0.52125139E-006
  0.52124776E-006
  0.52124420E-006
  0.52124072E-006
  0.52123731E-006
  0.52123399E-006
  0.52123075E-006
  0.52122759E-006
  0.52122451E-006
  0.52122152E-006
  0.52121862E-006
  0.52121580E-006
  0.52121306E-006
  0.52121041E-006
  0.52120784E-006
  0.52120535E-006
  0.52120294E-006
  0.52120061E-006
  0.52119836E-006
  0.52119619E-006
  0.52119409E-006
  0.52119206E-006
  0.52119010E-006
  0.52118821E-006
  0.52118639E-006
  0.52118463E-006
  0.52118293E-006
  0.52118130E-006
  0.52117972E-006
  0.52117820E-006
  0.52117673E-006
  0.52117531E-006
  0.52117395E-006
  0.52117263E-006
  0.52117136E-006
  0.52117013E-006
  0.52116895E-006
  0.52116781E-006
  0.52116671E-006
  0.52116565E-006
  0.52116462E-006
  0.52116363E-006
  0.52116268E-006
  0.52116176E-006
  0.52116087E-006
  0.52116001E-006
  0.52115918E-006
  0.52115838E-006
  0.52115760E-006
  0.52115686E-006
  0.52115614E-006
  0.52115544E-006
  0.52115477E-006
  0.52115413E-006
  0.52115350E-006
  0.52115290E-006
  0.52115232E-006
  0.52115176E-006
  0.52115123E-006
  0.52115071E-006
  0.52115021E-006
  0.52114973E-006
  0.52114928E-006
  0.52114884E-006
  0.52114841E-006
  0.52114801E-006
  0.52114762E-006
  0.52114725E-006
  0.52114690E-006
  0.52114656E-006
  0.52114624E-006
  0.52114594E-006
  0.52114565E-006
  0.52114538E-006
  0.52114512E-006
  0.52114487E-006
  0.52114464E-006
  0.52114442E-006
  0.52114422E-006
  0.52114403E-006
  0.52114385E-006
  0.52114368E-006
  0.52114353E-006
  0.52114338E-006
  0.52114325E-006
  0.52114313E-006
  0.52114302E-006
  0.52114292E-006
  0.52114283E-006
  0.52114275E-006
  0.52114267E-006
  0.52114261E-006
  0.52114255E-006
  0.52114251E-006
  0.52114247E-006
  0.52114243E-006
  0.52114241E-006
  0.52114239E-006
  0.52114238E-006
  0.52114237E-006
  0.52114238E-006
  0.52114238E-006
  0.52114240E-006
  0.52114242E-006
  0.52114245E-006
  0.52114248E-006
  0.52114252E-006
  0.52114256E-006
  0.52114261E-006
