  0.93159550E+000
  0.93181867E+000
  0.93197766E+000
  0.93209385E+000
  0.93217786E+000
  0.93223674E+000
  0.93227581E+000
  0.93229926E+000
  0.93231044E+000
  0.93231202E+000
  0.93230619E+000
  0.93229466E+000
  0.93227885E+000
  0.93225984E+000
  0.93223853E+000
  0.93221561E+000
  0.93219163E+000
  0.93216702E+000
  0.93214210E+000
  0.93211713E+000
  0.93209231E+000
  0.93206779E+000
  0.93204368E+000
  0.93202006E+000
  0.93199698E+000
  0.93197448E+000
  0.93195261E+000
  0.93193137E+000
  0.93191077E+000
  0.93189084E+000
  0.93187157E+000
  0.93185298E+000
  0.93183507E+000
  0.93181785E+000
  0.93180132E+000
  0.93178550E+000
  0.93177040E+000
  0.93175603E+000
  0.93174239E+000
  0.93172950E+000
  0.93171737E+000
  0.93170600E+000
  0.93169540E+000
  0.93168555E+000
  0.93167646E+000
  0.93166811E+000
  0.93166048E+000
  0.93165355E+000
  0.93164728E+000
  0.93164165E+000
  0.93163661E+000
  0.93163211E+000
  0.93162811E+000
  0.93162457E+000
  0.93162142E+000
  0.93161863E+000
  0.93161615E+000
  0.93161394E+000
  0.93161195E+000
  0.93161017E+000
  0.93160855E+000
  0.93160707E+000
  0.93160570E+000
  0.93160445E+000
  0.93160328E+000
  0.93160219E+000
  0.93160117E+000
  0.93160022E+000
  0.93159934E+000
  0.93159851E+000
  0.93159774E+000
  0.93159702E+000
  0.93159637E+000
  0.93159576E+000
  0.93159521E+000
  0.93159472E+000
  0.93159428E+000
  0.93159388E+000
  0.93159354E+000
  0.93159324E+000
  0.93159299E+000
  0.93159278E+000
  0.93159261E+000
  0.93159248E+000
  0.93159239E+000
  0.93159232E+000
  0.93159229E+000
  0.93159228E+000
  0.93159230E+000
  0.93159234E+000
  0.93159240E+000
  0.93159247E+000
  0.93159257E+000
  0.93159267E+000
  0.93159279E+000
  0.93159291E+000
  0.93159304E+000
  0.93159318E+000
  0.93159332E+000
  0.93159346E+000
  0.93159361E+000
  0.93159376E+000
  0.93159390E+000
  0.93159405E+000
  0.93159420E+000
  0.93159434E+000
  0.93159448E+000
  0.93159462E+000
  0.93159476E+000
  0.93159489E+000
  0.93159502E+000
  0.93159514E+000
  0.93159527E+000
  0.93159538E+000
  0.93159549E+000
  0.93159560E+000
  0.93159571E+000
  0.93159581E+000
  0.93159590E+000
  0.93159600E+000
  0.93159608E+000
  0.93159617E+000
  0.93159625E+000
  0.93159632E+000
  0.93159639E+000
  0.93159646E+000
  0.93159653E+000
  0.93159659E+000
  0.93159664E+000
  0.93159670E+000
  0.93159675E+000
  0.93159680E+000
  0.93159684E+000
  0.93159688E+000
  0.93159692E+000
  0.93159695E+000
  0.93159698E+000
  0.93159701E+000
  0.93159704E+000
  0.93159706E+000
  0.93159708E+000
  0.93159710E+000
  0.93159711E+000
  0.93159713E+000
  0.93159714E+000
  0.93159715E+000
  0.93159715E+000
  0.93159716E+000
  0.93159716E+000
  0.93159716E+000
  0.93159716E+000
  0.93159716E+000
  0.93159715E+000
  0.93159715E+000
  0.93159714E+000
  0.93159713E+000
  0.93159712E+000
  0.93159711E+000
  0.93159710E+000
  0.93159709E+000
  0.93159707E+000
  0.93159706E+000
  0.93159704E+000
  0.93159703E+000
  0.93159701E+000
  0.93159699E+000
  0.93159697E+000
  0.93159695E+000
  0.93159694E+000
  0.93159692E+000
  0.93159690E+000
  0.93159687E+000
  0.93159685E+000
  0.93159683E+000
  0.93159681E+000
  0.93159679E+000
  0.93159677E+000
  0.93159675E+000
  0.93159672E+000
  0.93159670E+000
  0.93159668E+000
  0.93159666E+000
  0.93159664E+000
  0.93159661E+000
  0.93159659E+000
  0.93159657E+000
  0.93159655E+000
  0.93159653E+000
  0.93159650E+000
  0.93159648E+000
  0.93159646E+000
  0.93159644E+000
  0.93159642E+000
  0.93159640E+000
  0.93159638E+000
  0.93159636E+000
  0.93159634E+000
  0.93159631E+000
  0.93159629E+000
  0.93159627E+000
