  0.35411712E+000
  0.35405352E+000
  0.35400069E+000
  0.35395477E+000
  0.35391360E+000
  0.35388076E+000
  0.35385314E+000
  0.35383085E+000
  0.35381129E+000
  0.35379620E+000
  0.35378093E+000
  0.35376699E+000
  0.35375671E+000
  0.35374772E+000
  0.35374008E+000
  0.35373472E+000
  0.35372945E+000
  0.35372549E+000
  0.35372219E+000
  0.35371941E+000
  0.35371739E+000
  0.35371576E+000
  0.35371471E+000
  0.35371399E+000
  0.35371321E+000
  0.35371411E+000
  0.35371304E+000
  0.35371318E+000
  0.35371351E+000
  0.35371416E+000
  0.35371471E+000
  0.35371554E+000
  0.35371631E+000
  0.35371724E+000
  0.35371823E+000
  0.35371929E+000
  0.35372044E+000
  0.35372156E+000
  0.35372275E+000
  0.35372395E+000
  0.35372526E+000
  0.35372658E+000
  0.35372795E+000
  0.35372935E+000
  0.35373079E+000
  0.35373227E+000
  0.35373377E+000
  0.35373517E+000
  0.35373691E+000
  0.35373852E+000
  0.35374015E+000
  0.35374220E+000
  0.35374390E+000
  0.35374565E+000
  0.35374742E+000
  0.35374924E+000
  0.35375112E+000
  0.35375311E+000
  0.35375504E+000
  0.35375706E+000
  0.35375907E+000
  0.35376115E+000
  0.35376325E+000
  0.35376533E+000
  0.35376750E+000
  0.35376969E+000
  0.35377210E+000
  0.35377434E+000
  0.35377661E+000
  0.35377889E+000
  0.35378118E+000
  0.35378350E+000
  0.35378581E+000
  0.35378815E+000
  0.35379053E+000
  0.35379287E+000
  0.35379521E+000
  0.35379754E+000
  0.35379986E+000
  0.35380217E+000
  0.35380447E+000
  0.35380674E+000
  0.35380899E+000
  0.35381121E+000
  0.35381343E+000
  0.35381581E+000
  0.35381798E+000
  0.35382011E+000
  0.35382222E+000
  0.35382430E+000
  0.35382635E+000
  0.35382837E+000
  0.35383035E+000
  0.35383232E+000
  0.35383426E+000
  0.35383617E+000
  0.35383806E+000
  0.35383993E+000
  0.35384178E+000
  0.35384361E+000
  0.35384542E+000
  0.35384722E+000
  0.35384901E+000
  0.35385079E+000
  0.35385256E+000
  0.35385433E+000
  0.35385609E+000
  0.35385786E+000
  0.35385963E+000
  0.35386141E+000
  0.35386320E+000
  0.35386500E+000
  0.35386681E+000
  0.35386864E+000
  0.35387049E+000
  0.35387236E+000
  0.35387426E+000
  0.35387618E+000
  0.35387813E+000
  0.35388011E+000
  0.35388212E+000
  0.35388417E+000
  0.35388625E+000
  0.35388837E+000
  0.35389053E+000
  0.35389272E+000
  0.35389496E+000
  0.35389724E+000
  0.35389956E+000
  0.35390193E+000
  0.35390434E+000
  0.35390679E+000
  0.35390929E+000
  0.35391185E+000
  0.35391445E+000
  0.35391708E+000
  0.35391976E+000
  0.35392249E+000
  0.35392526E+000
  0.35392807E+000
  0.35393092E+000
  0.35393382E+000
  0.35393675E+000
  0.35393973E+000
  0.35394274E+000
  0.35394579E+000
  0.35394887E+000
  0.35395198E+000
  0.35395513E+000
  0.35395830E+000
  0.35396151E+000
  0.35396473E+000
  0.35396799E+000
  0.35397126E+000
  0.35397455E+000
  0.35397786E+000
  0.35398118E+000
  0.35398451E+000
  0.35398785E+000
  0.35399120E+000
  0.35399455E+000
  0.35399791E+000
  0.35400126E+000
  0.35400462E+000
  0.35400796E+000
  0.35401130E+000
  0.35401463E+000
  0.35401795E+000
  0.35402125E+000
  0.35402454E+000
  0.35402780E+000
  0.35403105E+000
  0.35403427E+000
  0.35403747E+000
  0.35404063E+000
  0.35404378E+000
  0.35404688E+000
  0.35404996E+000
  0.35405300E+000
  0.35405601E+000
  0.35405898E+000
  0.35406191E+000
  0.35406480E+000
  0.35406765E+000
  0.35407046E+000
  0.35407323E+000
  0.35407595E+000
  0.35407862E+000
  0.35408125E+000
  0.35408384E+000
  0.35408637E+000
  0.35408886E+000
  0.35409130E+000
  0.35409370E+000
  0.35409604E+000
  0.35409834E+000
  0.35410058E+000
  0.35410278E+000
  0.35410492E+000
  0.35410703E+000
