  0.91292731E+000
  0.91294178E+000
  0.91295303E+000
  0.91296166E+000
  0.91296817E+000
  0.91297296E+000
  0.91297635E+000
  0.91297860E+000
  0.91297992E+000
  0.91298050E+000
  0.91298048E+000
  0.91297998E+000
  0.91297910E+000
  0.91297791E+000
  0.91297649E+000
  0.91297488E+000
  0.91297313E+000
  0.91297127E+000
  0.91296934E+000
  0.91296735E+000
  0.91296533E+000
  0.91296330E+000
  0.91296125E+000
  0.91295922E+000
  0.91295719E+000
  0.91295519E+000
  0.91295322E+000
  0.91295129E+000
  0.91294939E+000
  0.91294754E+000
  0.91294574E+000
  0.91294398E+000
  0.91294229E+000
  0.91294065E+000
  0.91293908E+000
  0.91293757E+000
  0.91293612E+000
  0.91293474E+000
  0.91293343E+000
  0.91293219E+000
  0.91293101E+000
  0.91292990E+000
  0.91292886E+000
  0.91292789E+000
  0.91292697E+000
  0.91292610E+000
  0.91292529E+000
  0.91292453E+000
  0.91292380E+000
  0.91292311E+000
  0.91292245E+000
  0.91292181E+000
  0.91292117E+000
  0.91292055E+000
  0.91291993E+000
  0.91291929E+000
  0.91291865E+000
  0.91291799E+000
  0.91291731E+000
  0.91291660E+000
  0.91291586E+000
  0.91291509E+000
  0.91291429E+000
  0.91291344E+000
  0.91291256E+000
  0.91291164E+000
  0.91291068E+000
  0.91290967E+000
  0.91290863E+000
  0.91290754E+000
  0.91290641E+000
  0.91290524E+000
  0.91290404E+000
  0.91290279E+000
  0.91290150E+000
  0.91290018E+000
  0.91289881E+000
  0.91289742E+000
  0.91289599E+000
  0.91289453E+000
  0.91289304E+000
  0.91289152E+000
  0.91288997E+000
  0.91288840E+000
  0.91288681E+000
  0.91288520E+000
  0.91288357E+000
  0.91288192E+000
  0.91288027E+000
  0.91287860E+000
  0.91287692E+000
  0.91287524E+000
  0.91287356E+000
  0.91287188E+000
  0.91287020E+000
  0.91286853E+000
  0.91286687E+000
  0.91286521E+000
  0.91286358E+000
  0.91286195E+000
  0.91286035E+000
  0.91285877E+000
  0.91285722E+000
  0.91285569E+000
  0.91285419E+000
  0.91285272E+000
  0.91285129E+000
  0.91284989E+000
  0.91284853E+000
  0.91284721E+000
  0.91284593E+000
  0.91284470E+000
  0.91284351E+000
  0.91284237E+000
  0.91284127E+000
  0.91284023E+000
  0.91283924E+000
  0.91283830E+000
  0.91283741E+000
  0.91283658E+000
  0.91283580E+000
  0.91283508E+000
  0.91283441E+000
  0.91283381E+000
  0.91283325E+000
  0.91283276E+000
  0.91283232E+000
  0.91283194E+000
  0.91283162E+000
  0.91283135E+000
  0.91283114E+000
  0.91283099E+000
  0.91283089E+000
  0.91283085E+000
  0.91283087E+000
  0.91283094E+000
  0.91283106E+000
  0.91283123E+000
  0.91283146E+000
  0.91283174E+000
  0.91283206E+000
  0.91283244E+000
  0.91283286E+000
  0.91283333E+000
  0.91283384E+000
  0.91283440E+000
  0.91283500E+000
  0.91283564E+000
  0.91283631E+000
  0.91283703E+000
  0.91283778E+000
  0.91283857E+000
  0.91283939E+000
  0.91284024E+000
  0.91284112E+000
  0.91284202E+000
  0.91284296E+000
  0.91284392E+000
  0.91284490E+000
  0.91284590E+000
  0.91284693E+000
  0.91284797E+000
  0.91284903E+000
  0.91285010E+000
  0.91285119E+000
  0.91285229E+000
  0.91285340E+000
  0.91285452E+000
  0.91285565E+000
  0.91285678E+000
  0.91285792E+000
  0.91285906E+000
  0.91286020E+000
  0.91286135E+000
  0.91286249E+000
  0.91286363E+000
  0.91286477E+000
  0.91286591E+000
  0.91286704E+000
  0.91286816E+000
  0.91286928E+000
  0.91287039E+000
  0.91287149E+000
  0.91287258E+000
  0.91287366E+000
  0.91287473E+000
  0.91287579E+000
  0.91287683E+000
  0.91287787E+000
  0.91287888E+000
  0.91287989E+000
  0.91288088E+000
  0.91288185E+000
  0.91288281E+000
  0.91288375E+000
  0.91288468E+000
  0.91288559E+000
  0.91288648E+000
  0.91288736E+000
  0.91288822E+000
