  0.82262315E+000
  0.82261923E+000
  0.82261577E+000
  0.82261280E+000
  0.82261030E+000
  0.82260821E+000
  0.82260648E+000
  0.82260507E+000
  0.82260391E+000
  0.82260299E+000
  0.82260225E+000
  0.82260169E+000
  0.82260126E+000
  0.82260094E+000
  0.82260073E+000
  0.82260059E+000
  0.82260053E+000
  0.82260052E+000
  0.82260057E+000
  0.82260065E+000
  0.82260076E+000
  0.82260090E+000
  0.82260107E+000
  0.82260125E+000
  0.82260145E+000
  0.82260165E+000
  0.82260187E+000
  0.82260209E+000
  0.82260231E+000
  0.82260254E+000
  0.82260276E+000
  0.82260298E+000
  0.82260320E+000
  0.82260342E+000
  0.82260362E+000
  0.82260382E+000
  0.82260401E+000
  0.82260419E+000
  0.82260435E+000
  0.82260451E+000
  0.82260465E+000
  0.82260477E+000
  0.82260488E+000
  0.82260497E+000
  0.82260504E+000
  0.82260510E+000
  0.82260512E+000
  0.82260513E+000
  0.82260511E+000
  0.82260507E+000
  0.82260500E+000
  0.82260490E+000
  0.82260477E+000
  0.82260460E+000
  0.82260441E+000
  0.82260418E+000
  0.82260392E+000
  0.82260362E+000
  0.82260328E+000
  0.82260290E+000
  0.82260248E+000
  0.82260202E+000
  0.82260151E+000
  0.82260097E+000
  0.82260037E+000
  0.82259974E+000
  0.82259905E+000
  0.82259832E+000
  0.82259755E+000
  0.82259672E+000
  0.82259585E+000
  0.82259493E+000
  0.82259397E+000
  0.82259295E+000
  0.82259190E+000
  0.82259079E+000
  0.82258965E+000
  0.82258846E+000
  0.82258723E+000
  0.82258595E+000
  0.82258464E+000
  0.82258329E+000
  0.82258191E+000
  0.82258050E+000
  0.82257905E+000
  0.82257757E+000
  0.82257607E+000
  0.82257455E+000
  0.82257300E+000
  0.82257143E+000
  0.82256985E+000
  0.82256826E+000
  0.82256665E+000
  0.82256504E+000
  0.82256343E+000
  0.82256181E+000
  0.82256019E+000
  0.82255858E+000
  0.82255697E+000
  0.82255537E+000
  0.82255379E+000
  0.82255222E+000
  0.82255067E+000
  0.82254914E+000
  0.82254763E+000
  0.82254615E+000
  0.82254470E+000
  0.82254328E+000
  0.82254189E+000
  0.82254054E+000
  0.82253922E+000
  0.82253795E+000
  0.82253671E+000
  0.82253553E+000
  0.82253438E+000
  0.82253329E+000
  0.82253224E+000
  0.82253124E+000
  0.82253030E+000
  0.82252940E+000
  0.82252857E+000
  0.82252778E+000
  0.82252706E+000
  0.82252639E+000
  0.82252577E+000
  0.82252522E+000
  0.82252472E+000
  0.82252428E+000
  0.82252390E+000
  0.82252359E+000
  0.82252333E+000
  0.82252312E+000
  0.82252298E+000
  0.82252290E+000
  0.82252287E+000
  0.82252291E+000
  0.82252300E+000
  0.82252314E+000
  0.82252335E+000
  0.82252360E+000
  0.82252391E+000
  0.82252428E+000
  0.82252469E+000
  0.82252516E+000
  0.82252568E+000
  0.82252624E+000
  0.82252685E+000
  0.82252751E+000
  0.82252821E+000
  0.82252895E+000
  0.82252974E+000
  0.82253056E+000
  0.82253142E+000
  0.82253232E+000
  0.82253325E+000
  0.82253421E+000
  0.82253521E+000
  0.82253623E+000
  0.82253728E+000
  0.82253836E+000
  0.82253946E+000
  0.82254058E+000
  0.82254173E+000
  0.82254289E+000
  0.82254407E+000
  0.82254526E+000
  0.82254646E+000
  0.82254768E+000
  0.82254891E+000
  0.82255015E+000
  0.82255139E+000
  0.82255264E+000
  0.82255389E+000
  0.82255515E+000
  0.82255641E+000
  0.82255766E+000
  0.82255892E+000
  0.82256017E+000
  0.82256142E+000
  0.82256266E+000
  0.82256390E+000
  0.82256512E+000
  0.82256634E+000
  0.82256755E+000
  0.82256875E+000
  0.82256994E+000
  0.82257111E+000
  0.82257228E+000
  0.82257343E+000
  0.82257456E+000
  0.82257568E+000
  0.82257678E+000
  0.82257787E+000
  0.82257894E+000
  0.82257999E+000
  0.82258103E+000
  0.82258205E+000
  0.82258305E+000
  0.82258403E+000
  0.82258500E+000
