  0.00000000E+000  0.00000000E+000  0.00000000E+000  0.00000000E+000  0.00000000E+000  0.93297376E-001  0.19258404E+001  0.12485183E+002  0.31272660E+002  0.78602913E+002  0.15888797E+003
  0.00000000E+000  0.00000000E+000  0.00000000E+000  0.00000000E+000  0.00000000E+000  0.93259161E-001  0.19250526E+001  0.12478547E+002  0.31263343E+002  0.78570045E+002  0.15882530E+003
  0.00000000E+000  0.00000000E+000  0.00000000E+000  0.00000000E+000  0.00000000E+000  0.93224492E-001  0.19243620E+001  0.12472701E+002  0.31255317E+002  0.78547868E+002  0.15877021E+003
  0.00000000E+000  0.00000000E+000  0.00000000E+000  0.00000000E+000  0.00000000E+000  0.93194469E-001  0.19237655E+001  0.12467622E+002  0.31248517E+002  0.78528711E+002  0.15872255E+003
  0.00000000E+000  0.00000000E+000  0.00000000E+000  0.00000000E+000  0.00000000E+000  0.93168985E-001  0.19232525E+001  0.12463227E+002  0.31242656E+002  0.78512255E+002  0.15868156E+003
  0.00000000E+000  0.00000000E+000  0.00000000E+000  0.00000000E+000  0.00000000E+000  0.93147618E-001  0.19228119E+001  0.12459425E+002  0.31237597E+002  0.78498144E+002  0.15864636E+003
  0.00000000E+000  0.00000000E+000  0.00000000E+000  0.00000000E+000  0.00000000E+000  0.93129872E-001  0.19224336E+001  0.12456135E+002  0.31233228E+002  0.78486051E+002  0.15861615E+003
  0.00000000E+000  0.00000000E+000  0.00000000E+000  0.00000000E+000  0.00000000E+000  0.93115264E-001  0.19221087E+001  0.12453282E+002  0.31229451E+002  0.78475688E+002  0.15859023E+003
  0.00000000E+000  0.00000000E+000  0.00000000E+000  0.00000000E+000  0.00000000E+000  0.93103357E-001  0.19218295E+001  0.12450804E+002  0.31226188E+002  0.78466803E+002  0.15856796E+003
  0.00000000E+000  0.00000000E+000  0.00000000E+000  0.00000000E+000  0.00000000E+000  0.93093768E-001  0.19215895E+001  0.12448681E+002  0.31223385E+002  0.78459181E+002  0.15854881E+003
  0.00000000E+000  0.00000000E+000  0.00000000E+000  0.00000000E+000  0.00000000E+000  0.93086165E-001  0.19213830E+001  0.12446861E+002  0.31220976E+002  0.78452634E+002  0.15853234E+003
  0.00000000E+000  0.00000000E+000  0.00000000E+000  0.00000000E+000  0.00000000E+000  0.93080262E-001  0.19212051E+001  0.12445300E+002  0.31218903E+002  0.78447004E+002  0.15851813E+003
  0.00000000E+000  0.00000000E+000  0.00000000E+000  0.00000000E+000  0.00000000E+000  0.93075813E-001  0.19210518E+001  0.12443961E+002  0.31217118E+002  0.78442157E+002  0.15850587E+003
  0.00000000E+000  0.00000000E+000  0.00000000E+000  0.00000000E+000  0.00000000E+000  0.93072610E-001  0.19209197E+001  0.12442811E+002  0.31215578E+002  0.78437978E+002  0.15849526E+003
  0.00000000E+000  0.00000000E+000  0.00000000E+000  0.00000000E+000  0.00000000E+000  0.93070453E-001  0.19208056E+001  0.12441823E+002  0.31214248E+002  0.78434371E+002  0.15848606E+003
  0.00000000E+000  0.00000000E+000  0.00000000E+000  0.00000000E+000  0.00000000E+000  0.93069181E-001  0.19207071E+001  0.12440975E+002  0.31213099E+002  0.78431252E+002  0.15847807E+003
  0.00000000E+000  0.00000000E+000  0.00000000E+000  0.00000000E+000  0.00000000E+000  0.93068668E-001  0.19206221E+001  0.12440245E+002  0.31212105E+002  0.78428551E+002  0.15847111E+003
  0.00000000E+000  0.00000000E+000  0.00000000E+000  0.00000000E+000  0.00000000E+000  0.93068806E-001  0.19205488E+001  0.12439619E+002  0.31211243E+002  0.78426209E+002  0.15846503E+003
  0.00000000E+000  0.00000000E+000  0.00000000E+000  0.00000000E+000  0.00000000E+000  0.93069505E-001  0.19204856E+001  0.12439081E+002  0.31210495E+002  0.78424175E+002  0.15845971E+003
  0.00000000E+000  0.00000000E+000  0.00000000E+000  0.00000000E+000  0.00000000E+000  0.93070686E-001  0.19204312E+001  0.12438619E+002  0.31209846E+002  0.78422405E+002  0.15845504E+003
  0.00000000E+000  0.00000000E+000  0.00000000E+000  0.00000000E+000  0.00000000E+000  0.93072287E-001  0.19203845E+001  0.12438223E+002  0.31209282E+002  0.78420862E+002  0.15845091E+003
  0.00000000E+000  0.00000000E+000  0.00000000E+000  0.00000000E+000  0.00000000E+000  0.93074254E-001  0.19203445E+001  0.12437885E+002  0.31208792E+002  0.78419515E+002  0.15844726E+003
  0.00000000E+000  0.00000000E+000  0.00000000E+000  0.00000000E+000  0.00000000E+000  0.93076542E-001  0.19203105E+001  0.12437597E+002  0.31208365E+002  0.78418337E+002  0.15844402E+003
  0.00000000E+000  0.00000000E+000  0.00000000E+000  0.00000000E+000  0.00000000E+000  0.93079115E-001  0.19202817E+001  0.12437353E+002  0.31207994E+002  0.78417304E+002  0.15844113E+003
  0.00000000E+000  0.00000000E+000  0.00000000E+000  0.00000000E+000  0.00000000E+000  0.93081943E-001  0.19202575E+001  0.12437147E+002  0.31207671E+002  0.78416398E+002  0.15843853E+003
  0.00000000E+000  0.00000000E+000  0.00000000E+000  0.00000000E+000  0.00000000E+000  0.93084999E-001  0.19202376E+001  0.12436975E+002  0.31207389E+002  0.78415600E+002  0.15843619E+003
  0.00000000E+000  0.00000000E+000  0.00000000E+000  0.00000000E+000  0.00000000E+000  0.93088264E-001  0.19202213E+001  0.12436833E+002  0.31207145E+002  0.78414897E+002  0.15843407E+003
  0.00000000E+000  0.00000000E+000  0.00000000E+000  0.00000000E+000  0.00000000E+000  0.93091719E-001  0.19202084E+001  0.12436717E+002  0.31206933E+002  0.78414277E+002  0.15843214E+003
  0.00000000E+000  0.00000000E+000  0.00000000E+000  0.00000000E+000  0.00000000E+000  0.93095351E-001  0.19201986E+001  0.12436625E+002  0.31206749E+002  0.78413727E+002  0.15843036E+003
  0.00000000E+000  0.00000000E+000  0.00000000E+000  0.00000000E+000  0.00000000E+000  0.93099147E-001  0.19201916E+001  0.12436554E+002  0.31206591E+002  0.78413239E+002  0.15842872E+003
  0.00000000E+000  0.00000000E+000  0.00000000E+000  0.00000000E+000  0.00000000E+000  0.93103097E-001  0.19201872E+001  0.12436502E+002  0.31206454E+002  0.78412806E+002  0.15842719E+003
  0.00000000E+000  0.00000000E+000  0.00000000E+000  0.00000000E+000  0.00000000E+000  0.93107191E-001  0.19201852E+001  0.12436468E+002  0.31206338E+002  0.78412420E+002  0.15842576E+003
  0.00000000E+000  0.00000000E+000  0.00000000E+000  0.00000000E+000  0.00000000E+000  0.93111424E-001  0.19201854E+001  0.12436451E+002  0.31206239E+002  0.78412075E+002  0.15842441E+003
  0.00000000E+000  0.00000000E+000  0.00000000E+000  0.00000000E+000  0.00000000E+000  0.93115788E-001  0.19201878E+001  0.12436448E+002  0.31206157E+002  0.78411766E+002  0.15842312E+003
  0.00000000E+000  0.00000000E+000  0.00000000E+000  0.00000000E+000  0.00000000E+000  0.93120276E-001  0.19201921E+001  0.12436459E+002  0.31206089E+002  0.78411489E+002  0.15842189E+003
  0.00000000E+000  0.00000000E+000  0.00000000E+000  0.00000000E+000  0.00000000E+000  0.93124885E-001  0.19201983E+001  0.12436484E+002  0.31206035E+002  0.78411241E+002  0.15842070E+003
  0.00000000E+000  0.00000000E+000  0.00000000E+000  0.00000000E+000  0.00000000E+000  0.93129609E-001  0.19202064E+001  0.12436521E+002  0.31205993E+002  0.78411017E+002  0.15841954E+003
  0.00000000E+000  0.00000000E+000  0.00000000E+000  0.00000000E+000  0.00000000E+000  0.93134443E-001  0.19202162E+001  0.12436570E+002  0.31205962E+002  0.78410816E+002  0.15841841E+003
  0.00000000E+000  0.00000000E+000  0.00000000E+000  0.00000000E+000  0.00000000E+000  0.93139384E-001  0.19202278E+001  0.12436631E+002  0.31205942E+002  0.78410635E+002  0.15841730E+003
  0.00000000E+000  0.00000000E+000  0.00000000E+000  0.00000000E+000  0.00000000E+000  0.93144429E-001  0.19202410E+001  0.12436704E+002  0.31205933E+002  0.78410473E+002  0.15841621E+003
  0.00000000E+000  0.00000000E+000  0.00000000E+000  0.00000000E+000  0.00000000E+000  0.93149573E-001  0.19202560E+001  0.12436788E+002  0.31205934E+002  0.78410327E+002  0.15841512E+003
  0.00000000E+000  0.00000000E+000  0.00000000E+000  0.00000000E+000  0.00000000E+000  0.93154814E-001  0.19202726E+001  0.12436883E+002  0.31205944E+002  0.78410197E+002  0.15841404E+003
  0.00000000E+000  0.00000000E+000  0.00000000E+000  0.00000000E+000  0.00000000E+000  0.93160151E-001  0.19202908E+001  0.12436990E+002  0.31205964E+002  0.78410081E+002  0.15841296E+003
  0.00000000E+000  0.00000000E+000  0.00000000E+000  0.00000000E+000  0.00000000E+000  0.93165583E-001  0.19203107E+001  0.12437108E+002  0.31205993E+002  0.78409980E+002  0.15841187E+003
  0.00000000E+000  0.00000000E+000  0.00000000E+000  0.00000000E+000  0.00000000E+000  0.93171107E-001  0.19203322E+001  0.12437237E+002  0.31206032E+002  0.78409892E+002  0.15841079E+003
  0.00000000E+000  0.00000000E+000  0.00000000E+000  0.00000000E+000  0.00000000E+000  0.93176725E-001  0.19203555E+001  0.12437378E+002  0.31206081E+002  0.78409818E+002  0.15840969E+003
  0.00000000E+000  0.00000000E+000  0.00000000E+000  0.00000000E+000  0.00000000E+000  0.93182438E-001  0.19203804E+001  0.12437532E+002  0.31206140E+002  0.78409757E+002  0.15840859E+003
  0.00000000E+000  0.00000000E+000  0.00000000E+000  0.00000000E+000  0.00000000E+000  0.93188248E-001  0.19204071E+001  0.12437697E+002  0.31206209E+002  0.78409710E+002  0.15840748E+003
  0.00000000E+000  0.00000000E+000  0.00000000E+000  0.00000000E+000  0.00000000E+000  0.93194156E-001  0.19204356E+001  0.12437875E+002  0.31206289E+002  0.78409678E+002  0.15840637E+003
  0.00000000E+000  0.00000000E+000  0.00000000E+000  0.00000000E+000  0.00000000E+000  0.93200166E-001  0.19204660E+001  0.12438066E+002  0.31206380E+002  0.78409662E+002  0.15840524E+003
  0.00000000E+000  0.00000000E+000  0.00000000E+000  0.00000000E+000  0.00000000E+000  0.93206282E-001  0.19204982E+001  0.12438271E+002  0.31206483E+002  0.78409661E+002  0.15840412E+003
  0.00000000E+000  0.00000000E+000  0.00000000E+000  0.00000000E+000  0.00000000E+000  0.93212507E-001  0.19205323E+001  0.12438489E+002  0.31206598E+002  0.78409679E+002  0.15840299E+003
  0.00000000E+000  0.00000000E+000  0.00000000E+000  0.00000000E+000  0.00000000E+000  0.93218847E-001  0.19205684E+001  0.12438722E+002  0.31206727E+002  0.78409716E+002  0.15840186E+003
  0.00000000E+000  0.00000000E+000  0.00000000E+000  0.00000000E+000  0.00000000E+000  0.93225304E-001  0.19206066E+001  0.12438970E+002  0.31206869E+002  0.78409774E+002  0.15840073E+003
  0.00000000E+000  0.00000000E+000  0.00000000E+000  0.00000000E+000  0.00000000E+000  0.93231883E-001  0.19206469E+001  0.12439233E+002  0.31207027E+002  0.78409854E+002  0.15839961E+003
  0.00000000E+000  0.00000000E+000  0.00000000E+000  0.00000000E+000  0.00000000E+000  0.93238586E-001  0.19206894E+001  0.12439511E+002  0.31207200E+002  0.78409960E+002  0.15839849E+003
  0.00000000E+000  0.00000000E+000  0.00000000E+000  0.00000000E+000  0.00000000E+000  0.93245416E-001  0.19207341E+001  0.12439806E+002  0.31207389E+002  0.78410092E+002  0.15839739E+003
  0.00000000E+000  0.00000000E+000  0.00000000E+000  0.00000000E+000  0.00000000E+000  0.93252375E-001  0.19207810E+001  0.12440118E+002  0.31207596E+002  0.78410253E+002  0.15839631E+003
  0.00000000E+000  0.00000000E+000  0.00000000E+000  0.00000000E+000  0.00000000E+000  0.93259460E-001  0.19208303E+001  0.12440447E+002  0.31207821E+002  0.78410445E+002  0.15839525E+003
  0.00000000E+000  0.00000000E+000  0.00000000E+000  0.00000000E+000  0.00000000E+000  0.93266672E-001  0.19208820E+001  0.12440793E+002  0.31208065E+002  0.78410670E+002  0.15839422E+003
  0.00000000E+000  0.00000000E+000  0.00000000E+000  0.00000000E+000  0.00000000E+000  0.93274007E-001  0.19209360E+001  0.12441157E+002  0.31208329E+002  0.78410929E+002  0.15839321E+003
  0.00000000E+000  0.00000000E+000  0.00000000E+000  0.00000000E+000  0.00000000E+000  0.93281460E-001  0.19209926E+001  0.12441538E+002  0.31208613E+002  0.78411227E+002  0.15839224E+003
  0.00000000E+000  0.00000000E+000  0.00000000E+000  0.00000000E+000  0.00000000E+000  0.93289025E-001  0.19210516E+001  0.12441938E+002  0.31208918E+002  0.78411563E+002  0.15839131E+003
  0.00000000E+000  0.00000000E+000  0.00000000E+000  0.00000000E+000  0.00000000E+000  0.93296694E-001  0.19211131E+001  0.12442357E+002  0.31209246E+002  0.78411940E+002  0.15839042E+003
  0.00000000E+000  0.00000000E+000  0.00000000E+000  0.00000000E+000  0.00000000E+000  0.93304456E-001  0.19211772E+001  0.12442793E+002  0.31209595E+002  0.78412359E+002  0.15838958E+003
  0.00000000E+000  0.00000000E+000  0.00000000E+000  0.00000000E+000  0.00000000E+000  0.93312302E-001  0.19212438E+001  0.12443248E+002  0.31209967E+002  0.78412823E+002  0.15838878E+003
  0.00000000E+000  0.00000000E+000  0.00000000E+000  0.00000000E+000  0.00000000E+000  0.93320218E-001  0.19213130E+001  0.12443721E+002  0.31210362E+002  0.78413333E+002  0.15838805E+003
  0.00000000E+000  0.00000000E+000  0.00000000E+000  0.00000000E+000  0.00000000E+000  0.93328192E-001  0.19213847E+001  0.12444212E+002  0.31210780E+002  0.78413890E+002  0.15838737E+003
  0.00000000E+000  0.00000000E+000  0.00000000E+000  0.00000000E+000  0.00000000E+000  0.93336210E-001  0.19214589E+001  0.12444721E+002  0.31211222E+002  0.78414496E+002  0.15838675E+003
  0.00000000E+000  0.00000000E+000  0.00000000E+000  0.00000000E+000  0.00000000E+000  0.93344257E-001  0.19215356E+001  0.12445248E+002  0.31211687E+002  0.78415151E+002  0.15838620E+003
  0.00000000E+000  0.00000000E+000  0.00000000E+000  0.00000000E+000  0.00000000E+000  0.93352317E-001  0.19216148E+001  0.12445791E+002  0.31212176E+002  0.78415858E+002  0.15838571E+003
  0.00000000E+000  0.00000000E+000  0.00000000E+000  0.00000000E+000  0.00000000E+000  0.93360376E-001  0.19216964E+001  0.12446352E+002  0.31212689E+002  0.78416615E+002  0.15838530E+003
  0.00000000E+000  0.00000000E+000  0.00000000E+000  0.00000000E+000  0.00000000E+000  0.93368418E-001  0.19217803E+001  0.12446929E+002  0.31213225E+002  0.78417425E+002  0.15838497E+003
  0.00000000E+000  0.00000000E+000  0.00000000E+000  0.00000000E+000  0.00000000E+000  0.93376429E-001  0.19218665E+001  0.12447522E+002  0.31213784E+002  0.78418288E+002  0.15838471E+003
  0.00000000E+000  0.00000000E+000  0.00000000E+000  0.00000000E+000  0.00000000E+000  0.93384394E-001  0.19219549E+001  0.12448130E+002  0.31214366E+002  0.78419204E+002  0.15838454E+003
  0.00000000E+000  0.00000000E+000  0.00000000E+000  0.00000000E+000  0.00000000E+000  0.93392299E-001  0.19220454E+001  0.12448752E+002  0.31214971E+002  0.78420173E+002  0.15838445E+003
  0.00000000E+000  0.00000000E+000  0.00000000E+000  0.00000000E+000  0.00000000E+000  0.93400131E-001  0.19221380E+001  0.12449389E+002  0.31215598E+002  0.78421196E+002  0.15838445E+003
  0.00000000E+000  0.00000000E+000  0.00000000E+000  0.00000000E+000  0.00000000E+000  0.93407879E-001  0.19222324E+001  0.12450038E+002  0.31216247E+002  0.78422272E+002  0.15838454E+003
  0.00000000E+000  0.00000000E+000  0.00000000E+000  0.00000000E+000  0.00000000E+000  0.93415529E-001  0.19223287E+001  0.12450700E+002  0.31216917E+002  0.78423401E+002  0.15838473E+003
  0.00000000E+000  0.00000000E+000  0.00000000E+000  0.00000000E+000  0.00000000E+000  0.93423074E-001  0.19224268E+001  0.12451374E+002  0.31217608E+002  0.78424583E+002  0.15838501E+003
  0.00000000E+000  0.00000000E+000  0.00000000E+000  0.00000000E+000  0.00000000E+000  0.93430502E-001  0.19225264E+001  0.12452058E+002  0.31218319E+002  0.78425817E+002  0.15838540E+003
  0.00000000E+000  0.00000000E+000  0.00000000E+000  0.00000000E+000  0.00000000E+000  0.93437806E-001  0.19226275E+001  0.12452753E+002  0.31219049E+002  0.78427103E+002  0.15838589E+003
  0.00000000E+000  0.00000000E+000  0.00000000E+000  0.00000000E+000  0.00000000E+000  0.93444978E-001  0.19227300E+001  0.12453456E+002  0.31219798E+002  0.78428441E+002  0.15838649E+003
  0.00000000E+000  0.00000000E+000  0.00000000E+000  0.00000000E+000  0.00000000E+000  0.93452013E-001  0.19228337E+001  0.12454168E+002  0.31220565E+002  0.78429829E+002  0.15838721E+003
  0.00000000E+000  0.00000000E+000  0.00000000E+000  0.00000000E+000  0.00000000E+000  0.93458904E-001  0.19229386E+001  0.12454887E+002  0.31221350E+002  0.78431266E+002  0.15838803E+003
  0.00000000E+000  0.00000000E+000  0.00000000E+000  0.00000000E+000  0.00000000E+000  0.93465648E-001  0.19230444E+001  0.12455613E+002  0.31222152E+002  0.78432753E+002  0.15838898E+003
  0.00000000E+000  0.00000000E+000  0.00000000E+000  0.00000000E+000  0.00000000E+000  0.93472241E-001  0.19231512E+001  0.12456344E+002  0.31222969E+002  0.78434287E+002  0.15839004E+003
  0.00000000E+000  0.00000000E+000  0.00000000E+000  0.00000000E+000  0.00000000E+000  0.93478679E-001  0.19232587E+001  0.12457081E+002  0.31223802E+002  0.78435868E+002  0.15839123E+003
  0.00000000E+000  0.00000000E+000  0.00000000E+000  0.00000000E+000  0.00000000E+000  0.93484962E-001  0.19233668E+001  0.12457821E+002  0.31224650E+002  0.78437495E+002  0.15839254E+003
  0.00000000E+000  0.00000000E+000  0.00000000E+000  0.00000000E+000  0.00000000E+000  0.93491086E-001  0.19234755E+001  0.12458565E+002  0.31225511E+002  0.78439167E+002  0.15839399E+003
  0.00000000E+000  0.00000000E+000  0.00000000E+000  0.00000000E+000  0.00000000E+000  0.93497052E-001  0.19235845E+001  0.12459312E+002  0.31226386E+002  0.78440883E+002  0.15839557E+003
  0.00000000E+000  0.00000000E+000  0.00000000E+000  0.00000000E+000  0.00000000E+000  0.93502859E-001  0.19236938E+001  0.12460060E+002  0.31227272E+002  0.78442641E+002  0.15839729E+003
  0.00000000E+000  0.00000000E+000  0.00000000E+000  0.00000000E+000  0.00000000E+000  0.93508506E-001  0.19238032E+001  0.12460810E+002  0.31228171E+002  0.78444441E+002  0.15839914E+003
  0.00000000E+000  0.00000000E+000  0.00000000E+000  0.00000000E+000  0.00000000E+000  0.93513996E-001  0.19239126E+001  0.12461559E+002  0.31229080E+002  0.78446281E+002  0.15840114E+003
  0.00000000E+000  0.00000000E+000  0.00000000E+000  0.00000000E+000  0.00000000E+000  0.93519328E-001  0.19240219E+001  0.12462309E+002  0.31230000E+002  0.78448161E+002  0.15840328E+003
  0.00000000E+000  0.00000000E+000  0.00000000E+000  0.00000000E+000  0.00000000E+000  0.93524503E-001  0.19241311E+001  0.12463058E+002  0.31230929E+002  0.78450078E+002  0.15840557E+003
  0.00000000E+000  0.00000000E+000  0.00000000E+000  0.00000000E+000  0.00000000E+000  0.93529525E-001  0.19242398E+001  0.12463805E+002  0.31231866E+002  0.78452032E+002  0.15840800E+003
  0.00000000E+000  0.00000000E+000  0.00000000E+000  0.00000000E+000  0.00000000E+000  0.93534393E-001  0.19243481E+001  0.12464549E+002  0.31232812E+002  0.78454021E+002  0.15841059E+003
  0.00000000E+000  0.00000000E+000  0.00000000E+000  0.00000000E+000  0.00000000E+000  0.93539111E-001  0.19244558E+001  0.12465291E+002  0.31233765E+002  0.78456045E+002  0.15841333E+003
  0.00000000E+000  0.00000000E+000  0.00000000E+000  0.00000000E+000  0.00000000E+000  0.93543681E-001  0.19245628E+001  0.12466030E+002  0.31234724E+002  0.78458102E+002  0.15841623E+003
  0.00000000E+000  0.00000000E+000  0.00000000E+000  0.00000000E+000  0.00000000E+000  0.93548106E-001  0.19246690E+001  0.12466765E+002  0.31235689E+002  0.78460191E+002  0.15841928E+003
  0.00000000E+000  0.00000000E+000  0.00000000E+000  0.00000000E+000  0.00000000E+000  0.93552387E-001  0.19247743E+001  0.12467496E+002  0.31236660E+002  0.78462310E+002  0.15842249E+003
  0.00000000E+000  0.00000000E+000  0.00000000E+000  0.00000000E+000  0.00000000E+000  0.93556529E-001  0.19248785E+001  0.12468221E+002  0.31237634E+002  0.78464458E+002  0.15842586E+003
  0.00000000E+000  0.00000000E+000  0.00000000E+000  0.00000000E+000  0.00000000E+000  0.93560534E-001  0.19249816E+001  0.12468942E+002  0.31238613E+002  0.78466634E+002  0.15842938E+003
  0.00000000E+000  0.00000000E+000  0.00000000E+000  0.00000000E+000  0.00000000E+000  0.93564405E-001  0.19250835E+001  0.12469656E+002  0.31239594E+002  0.78468836E+002  0.15843307E+003
  0.00000000E+000  0.00000000E+000  0.00000000E+000  0.00000000E+000  0.00000000E+000  0.93568145E-001  0.19251840E+001  0.12470365E+002  0.31240578E+002  0.78471063E+002  0.15843691E+003
  0.00000000E+000  0.00000000E+000  0.00000000E+000  0.00000000E+000  0.00000000E+000  0.93571758E-001  0.19252831E+001  0.12471067E+002  0.31241564E+002  0.78473314E+002  0.15844092E+003
  0.00000000E+000  0.00000000E+000  0.00000000E+000  0.00000000E+000  0.00000000E+000  0.93575248E-001  0.19253807E+001  0.12471762E+002  0.31242550E+002  0.78475588E+002  0.15844508E+003
  0.00000000E+000  0.00000000E+000  0.00000000E+000  0.00000000E+000  0.00000000E+000  0.93578616E-001  0.19254767E+001  0.12472449E+002  0.31243537E+002  0.78477882E+002  0.15844939E+003
  0.00000000E+000  0.00000000E+000  0.00000000E+000  0.00000000E+000  0.00000000E+000  0.93581868E-001  0.19255710E+001  0.12473129E+002  0.31244524E+002  0.78480196E+002  0.15845387E+003
  0.00000000E+000  0.00000000E+000  0.00000000E+000  0.00000000E+000  0.00000000E+000  0.93585006E-001  0.19256636E+001  0.12473802E+002  0.31245510E+002  0.78482528E+002  0.15845849E+003
  0.00000000E+000  0.00000000E+000  0.00000000E+000  0.00000000E+000  0.00000000E+000  0.93588033E-001  0.19257544E+001  0.12474466E+002  0.31246494E+002  0.78484876E+002  0.15846327E+003
  0.00000000E+000  0.00000000E+000  0.00000000E+000  0.00000000E+000  0.00000000E+000  0.93590954E-001  0.19258433E+001  0.12475122E+002  0.31247475E+002  0.78487240E+002  0.15846820E+003
  0.00000000E+000  0.00000000E+000  0.00000000E+000  0.00000000E+000  0.00000000E+000  0.93593771E-001  0.19259303E+001  0.12475768E+002  0.31248454E+002  0.78489618E+002  0.15847328E+003
  0.00000000E+000  0.00000000E+000  0.00000000E+000  0.00000000E+000  0.00000000E+000  0.93596489E-001  0.19260154E+001  0.12476406E+002  0.31249430E+002  0.78492007E+002  0.15847849E+003
  0.00000000E+000  0.00000000E+000  0.00000000E+000  0.00000000E+000  0.00000000E+000  0.93599109E-001  0.19260984E+001  0.12477035E+002  0.31250401E+002  0.78494408E+002  0.15848385E+003
  0.00000000E+000  0.00000000E+000  0.00000000E+000  0.00000000E+000  0.00000000E+000  0.93601636E-001  0.19261795E+001  0.12477655E+002  0.31251368E+002  0.78496818E+002  0.15848935E+003
  0.00000000E+000  0.00000000E+000  0.00000000E+000  0.00000000E+000  0.00000000E+000  0.93604073E-001  0.19262585E+001  0.12478265E+002  0.31252329E+002  0.78499235E+002  0.15849498E+003
  0.00000000E+000  0.00000000E+000  0.00000000E+000  0.00000000E+000  0.00000000E+000  0.93606422E-001  0.19263354E+001  0.12478865E+002  0.31253285E+002  0.78501659E+002  0.15850073E+003
  0.00000000E+000  0.00000000E+000  0.00000000E+000  0.00000000E+000  0.00000000E+000  0.93608688E-001  0.19264103E+001  0.12479455E+002  0.31254234E+002  0.78504088E+002  0.15850661E+003
  0.00000000E+000  0.00000000E+000  0.00000000E+000  0.00000000E+000  0.00000000E+000  0.93610873E-001  0.19264830E+001  0.12480035E+002  0.31255176E+002  0.78506521E+002  0.15851261E+003
  0.00000000E+000  0.00000000E+000  0.00000000E+000  0.00000000E+000  0.00000000E+000  0.93612979E-001  0.19265537E+001  0.12480606E+002  0.31256111E+002  0.78508955E+002  0.15851873E+003
  0.00000000E+000  0.00000000E+000  0.00000000E+000  0.00000000E+000  0.00000000E+000  0.93615010E-001  0.19266223E+001  0.12481165E+002  0.31257038E+002  0.78511390E+002  0.15852495E+003
  0.00000000E+000  0.00000000E+000  0.00000000E+000  0.00000000E+000  0.00000000E+000  0.93616969E-001  0.19266889E+001  0.12481715E+002  0.31257957E+002  0.78513823E+002  0.15853128E+003
  0.00000000E+000  0.00000000E+000  0.00000000E+000  0.00000000E+000  0.00000000E+000  0.93618858E-001  0.19267534E+001  0.12482254E+002  0.31258867E+002  0.78516254E+002  0.15853770E+003
  0.00000000E+000  0.00000000E+000  0.00000000E+000  0.00000000E+000  0.00000000E+000  0.93620679E-001  0.19268158E+001  0.12482783E+002  0.31259767E+002  0.78518682E+002  0.15854422E+003
  0.00000000E+000  0.00000000E+000  0.00000000E+000  0.00000000E+000  0.00000000E+000  0.93622436E-001  0.19268763E+001  0.12483301E+002  0.31260658E+002  0.78521104E+002  0.15855082E+003
  0.00000000E+000  0.00000000E+000  0.00000000E+000  0.00000000E+000  0.00000000E+000  0.93624131E-001  0.19269348E+001  0.12483808E+002  0.31261539E+002  0.78523519E+002  0.15855750E+003
  0.00000000E+000  0.00000000E+000  0.00000000E+000  0.00000000E+000  0.00000000E+000  0.93625765E-001  0.19269914E+001  0.12484305E+002  0.31262409E+002  0.78525926E+002  0.15856426E+003
  0.00000000E+000  0.00000000E+000  0.00000000E+000  0.00000000E+000  0.00000000E+000  0.93627342E-001  0.19270460E+001  0.12484792E+002  0.31263268E+002  0.78528324E+002  0.15857108E+003
  0.00000000E+000  0.00000000E+000  0.00000000E+000  0.00000000E+000  0.00000000E+000  0.93628863E-001  0.19270988E+001  0.12485268E+002  0.31264117E+002  0.78530712E+002  0.15857797E+003
  0.00000000E+000  0.00000000E+000  0.00000000E+000  0.00000000E+000  0.00000000E+000  0.93630331E-001  0.19271497E+001  0.12485733E+002  0.31264953E+002  0.78533087E+002  0.15858491E+003
  0.00000000E+000  0.00000000E+000  0.00000000E+000  0.00000000E+000  0.00000000E+000  0.93631747E-001  0.19271989E+001  0.12486187E+002  0.31265778E+002  0.78535448E+002  0.15859191E+003
  0.00000000E+000  0.00000000E+000  0.00000000E+000  0.00000000E+000  0.00000000E+000  0.93633113E-001  0.19272463E+001  0.12486631E+002  0.31266591E+002  0.78537796E+002  0.15859894E+003
  0.00000000E+000  0.00000000E+000  0.00000000E+000  0.00000000E+000  0.00000000E+000  0.93634432E-001  0.19272920E+001  0.12487065E+002  0.31267391E+002  0.78540127E+002  0.15860601E+003
  0.00000000E+000  0.00000000E+000  0.00000000E+000  0.00000000E+000  0.00000000E+000  0.93635704E-001  0.19273361E+001  0.12487488E+002  0.31268179E+002  0.78542442E+002  0.15861312E+003
  0.00000000E+000  0.00000000E+000  0.00000000E+000  0.00000000E+000  0.00000000E+000  0.93636932E-001  0.19273785E+001  0.12487901E+002  0.31268954E+002  0.78544738E+002  0.15862024E+003
  0.00000000E+000  0.00000000E+000  0.00000000E+000  0.00000000E+000  0.00000000E+000  0.93638117E-001  0.19274194E+001  0.12488303E+002  0.31269716E+002  0.78547016E+002  0.15862739E+003
  0.00000000E+000  0.00000000E+000  0.00000000E+000  0.00000000E+000  0.00000000E+000  0.93639260E-001  0.19274587E+001  0.12488696E+002  0.31270465E+002  0.78549273E+002  0.15863455E+003
  0.00000000E+000  0.00000000E+000  0.00000000E+000  0.00000000E+000  0.00000000E+000  0.93640363E-001  0.19274966E+001  0.12489078E+002  0.31271200E+002  0.78551508E+002  0.15864171E+003
  0.00000000E+000  0.00000000E+000  0.00000000E+000  0.00000000E+000  0.00000000E+000  0.93641428E-001  0.19275331E+001  0.12489450E+002  0.31271922E+002  0.78553722E+002  0.15864888E+003
  0.00000000E+000  0.00000000E+000  0.00000000E+000  0.00000000E+000  0.00000000E+000  0.93642455E-001  0.19275682E+001  0.12489812E+002  0.31272630E+002  0.78555912E+002  0.15865603E+003
  0.00000000E+000  0.00000000E+000  0.00000000E+000  0.00000000E+000  0.00000000E+000  0.93643446E-001  0.19276019E+001  0.12490165E+002  0.31273325E+002  0.78558078E+002  0.15866318E+003
  0.00000000E+000  0.00000000E+000  0.00000000E+000  0.00000000E+000  0.00000000E+000  0.93644402E-001  0.19276344E+001  0.12490508E+002  0.31274006E+002  0.78560219E+002  0.15867031E+003
  0.00000000E+000  0.00000000E+000  0.00000000E+000  0.00000000E+000  0.00000000E+000  0.93645323E-001  0.19276656E+001  0.12490841E+002  0.31274673E+002  0.78562334E+002  0.15867742E+003
  0.00000000E+000  0.00000000E+000  0.00000000E+000  0.00000000E+000  0.00000000E+000  0.93646212E-001  0.19276956E+001  0.12491165E+002  0.31275326E+002  0.78564423E+002  0.15868451E+003
  0.00000000E+000  0.00000000E+000  0.00000000E+000  0.00000000E+000  0.00000000E+000  0.93647069E-001  0.19277245E+001  0.12491479E+002  0.31275965E+002  0.78566484E+002  0.15869156E+003
  0.00000000E+000  0.00000000E+000  0.00000000E+000  0.00000000E+000  0.00000000E+000  0.93647894E-001  0.19277522E+001  0.12491785E+002  0.31276591E+002  0.78568517E+002  0.15869857E+003
  0.00000000E+000  0.00000000E+000  0.00000000E+000  0.00000000E+000  0.00000000E+000  0.93648689E-001  0.19277789E+001  0.12492082E+002  0.31277202E+002  0.78570522E+002  0.15870554E+003
  0.00000000E+000  0.00000000E+000  0.00000000E+000  0.00000000E+000  0.00000000E+000  0.93649455E-001  0.19278045E+001  0.12492369E+002  0.31277800E+002  0.78572497E+002  0.15871247E+003
  0.00000000E+000  0.00000000E+000  0.00000000E+000  0.00000000E+000  0.00000000E+000  0.93650192E-001  0.19278291E+001  0.12492648E+002  0.31278384E+002  0.78574442E+002  0.15871934E+003
  0.00000000E+000  0.00000000E+000  0.00000000E+000  0.00000000E+000  0.00000000E+000  0.93650902E-001  0.19278527E+001  0.12492919E+002  0.31278954E+002  0.78576357E+002  0.15872616E+003
  0.00000000E+000  0.00000000E+000  0.00000000E+000  0.00000000E+000  0.00000000E+000  0.93651584E-001  0.19278754E+001  0.12493181E+002  0.31279510E+002  0.78578241E+002  0.15873292E+003
  0.00000000E+000  0.00000000E+000  0.00000000E+000  0.00000000E+000  0.00000000E+000  0.93652239E-001  0.19278971E+001  0.12493435E+002  0.31280053E+002  0.78580094E+002  0.15873962E+003
  0.00000000E+000  0.00000000E+000  0.00000000E+000  0.00000000E+000  0.00000000E+000  0.93652869E-001  0.19279180E+001  0.12493681E+002  0.31280582E+002  0.78581915E+002  0.15874625E+003
  0.00000000E+000  0.00000000E+000  0.00000000E+000  0.00000000E+000  0.00000000E+000  0.93653473E-001  0.19279381E+001  0.12493919E+002  0.31281098E+002  0.78583703E+002  0.15875281E+003
  0.00000000E+000  0.00000000E+000  0.00000000E+000  0.00000000E+000  0.00000000E+000  0.93654053E-001  0.19279573E+001  0.12494149E+002  0.31281601E+002  0.78585654E+002  0.15875929E+003
  0.00000000E+000  0.00000000E+000  0.00000000E+000  0.00000000E+000  0.00000000E+000  0.93654609E-001  0.19279758E+001  0.12494372E+002  0.31282090E+002  0.78588676E+002  0.15876571E+003
  0.00000000E+000  0.00000000E+000  0.00000000E+000  0.00000000E+000  0.00000000E+000  0.93655141E-001  0.19279934E+001  0.12494588E+002  0.31282566E+002  0.78591641E+002  0.15877204E+003
  0.00000000E+000  0.00000000E+000  0.00000000E+000  0.00000000E+000  0.00000000E+000  0.93655650E-001  0.19280104E+001  0.12494796E+002  0.31283029E+002  0.78594548E+002  0.15877829E+003
  0.00000000E+000  0.00000000E+000  0.00000000E+000  0.00000000E+000  0.00000000E+000  0.93656137E-001  0.19280266E+001  0.12494997E+002  0.31283480E+002  0.78597397E+002  0.15878445E+003
  0.00000000E+000  0.00000000E+000  0.00000000E+000  0.00000000E+000  0.00000000E+000  0.93656602E-001  0.19280422E+001  0.12495191E+002  0.31283917E+002  0.78600187E+002  0.15879053E+003
  0.00000000E+000  0.00000000E+000  0.00000000E+000  0.00000000E+000  0.00000000E+000  0.93657045E-001  0.19280571E+001  0.12495379E+002  0.31284343E+002  0.78602918E+002  0.15879651E+003
  0.00000000E+000  0.00000000E+000  0.00000000E+000  0.00000000E+000  0.00000000E+000  0.93657467E-001  0.19280713E+001  0.12495560E+002  0.31284756E+002  0.78605591E+002  0.15880241E+003
  0.00000000E+000  0.00000000E+000  0.00000000E+000  0.00000000E+000  0.00000000E+000  0.93657869E-001  0.19280850E+001  0.12495734E+002  0.31285157E+002  0.78608205E+002  0.15880821E+003
  0.00000000E+000  0.00000000E+000  0.00000000E+000  0.00000000E+000  0.00000000E+000  0.93658251E-001  0.19280980E+001  0.12495902E+002  0.31285546E+002  0.78610761E+002  0.15881392E+003
  0.00000000E+000  0.00000000E+000  0.00000000E+000  0.00000000E+000  0.00000000E+000  0.93658614E-001  0.19281104E+001  0.12496064E+002  0.31285923E+002  0.78613258E+002  0.15881953E+003
  0.00000000E+000  0.00000000E+000  0.00000000E+000  0.00000000E+000  0.00000000E+000  0.93658957E-001  0.19281223E+001  0.12496220E+002  0.31286289E+002  0.78615696E+002  0.15882504E+003
  0.00000000E+000  0.00000000E+000  0.00000000E+000  0.00000000E+000  0.00000000E+000  0.93659282E-001  0.19281337E+001  0.12496371E+002  0.31286643E+002  0.78618077E+002  0.15883046E+003
  0.00000000E+000  0.00000000E+000  0.00000000E+000  0.00000000E+000  0.00000000E+000  0.93659589E-001  0.19281445E+001  0.12496515E+002  0.31286986E+002  0.78620400E+002  0.15883577E+003
  0.00000000E+000  0.00000000E+000  0.00000000E+000  0.00000000E+000  0.00000000E+000  0.93659879E-001  0.19281548E+001  0.12496655E+002  0.31287319E+002  0.78622665E+002  0.15884098E+003
  0.00000000E+000  0.00000000E+000  0.00000000E+000  0.00000000E+000  0.00000000E+000  0.93660151E-001  0.19281647E+001  0.12496788E+002  0.31287640E+002  0.78624873E+002  0.15884609E+003
  0.00000000E+000  0.00000000E+000  0.00000000E+000  0.00000000E+000  0.00000000E+000  0.93660407E-001  0.19281740E+001  0.12496917E+002  0.31287951E+002  0.78627024E+002  0.15885110E+003
  0.00000000E+000  0.00000000E+000  0.00000000E+000  0.00000000E+000  0.00000000E+000  0.93660647E-001  0.19281829E+001  0.12497041E+002  0.31288252E+002  0.78629120E+002  0.15885600E+003
  0.00000000E+000  0.00000000E+000  0.00000000E+000  0.00000000E+000  0.00000000E+000  0.93660872E-001  0.19281914E+001  0.12497159E+002  0.31288542E+002  0.78631159E+002  0.15886080E+003
  0.00000000E+000  0.00000000E+000  0.00000000E+000  0.00000000E+000  0.00000000E+000  0.93661081E-001  0.19281994E+001  0.12497273E+002  0.31288823E+002  0.78633144E+002  0.15886550E+003
  0.00000000E+000  0.00000000E+000  0.00000000E+000  0.00000000E+000  0.00000000E+000  0.93661276E-001  0.19282071E+001  0.12497382E+002  0.31289094E+002  0.78635074E+002  0.15887010E+003
  0.00000000E+000  0.00000000E+000  0.00000000E+000  0.00000000E+000  0.00000000E+000  0.93661456E-001  0.19282143E+001  0.12497487E+002  0.31289356E+002  0.78636950E+002  0.15887459E+003
  0.00000000E+000  0.00000000E+000  0.00000000E+000  0.00000000E+000  0.00000000E+000  0.93661623E-001  0.19282212E+001  0.12497587E+002  0.31289608E+002  0.78638773E+002  0.15887897E+003
  0.00000000E+000  0.00000000E+000  0.00000000E+000  0.00000000E+000  0.00000000E+000  0.93661777E-001  0.19282276E+001  0.12497684E+002  0.31289851E+002  0.78640544E+002  0.15888326E+003
  0.00000000E+000  0.00000000E+000  0.00000000E+000  0.00000000E+000  0.00000000E+000  0.93661918E-001  0.19282337E+001  0.12497776E+002  0.31290086E+002  0.78642262E+002  0.15888744E+003
  0.00000000E+000  0.00000000E+000  0.00000000E+000  0.00000000E+000  0.00000000E+000  0.93662048E-001  0.19282395E+001  0.12497864E+002  0.31290312E+002  0.78643930E+002  0.15889152E+003
  0.00000000E+000  0.00000000E+000  0.00000000E+000  0.00000000E+000  0.00000000E+000  0.93662165E-001  0.19282450E+001  0.12497948E+002  0.31290530E+002  0.78645548E+002  0.15889549E+003
  0.00000000E+000  0.00000000E+000  0.00000000E+000  0.00000000E+000  0.00000000E+000  0.93662271E-001  0.19282501E+001  0.12498028E+002  0.31290739E+002  0.78647116E+002  0.15889937E+003
  0.00000000E+000  0.00000000E+000  0.00000000E+000  0.00000000E+000  0.00000000E+000  0.93662366E-001  0.19282549E+001  0.12498105E+002  0.31290941E+002  0.78648636E+002  0.15890315E+003
  0.00000000E+000  0.00000000E+000  0.00000000E+000  0.00000000E+000  0.00000000E+000  0.93662451E-001  0.19282595E+001  0.12498179E+002  0.31291134E+002  0.78650107E+002  0.15890682E+003
  0.00000000E+000  0.00000000E+000  0.00000000E+000  0.00000000E+000  0.00000000E+000  0.93662526E-001  0.19282637E+001  0.12498249E+002  0.31291321E+002  0.78651533E+002  0.15891040E+003
  0.00000000E+000  0.00000000E+000  0.00000000E+000  0.00000000E+000  0.00000000E+000  0.93662591E-001  0.19282677E+001  0.12498316E+002  0.31291500E+002  0.78652912E+002  0.15891388E+003
  0.00000000E+000  0.00000000E+000  0.00000000E+000  0.00000000E+000  0.00000000E+000  0.93662647E-001  0.19282714E+001  0.12498379E+002  0.31291671E+002  0.78654246E+002  0.15891727E+003
  0.00000000E+000  0.00000000E+000  0.00000000E+000  0.00000000E+000  0.00000000E+000  0.93662694E-001  0.19282749E+001  0.12498440E+002  0.31291837E+002  0.78655536E+002  0.15892056E+003
  0.00000000E+000  0.00000000E+000  0.00000000E+000  0.00000000E+000  0.00000000E+000  0.93662732E-001  0.19282781E+001  0.12498498E+002  0.31291995E+002  0.78656783E+002  0.15892375E+003
  0.00000000E+000  0.00000000E+000  0.00000000E+000  0.00000000E+000  0.00000000E+000  0.93662761E-001  0.19282811E+001  0.12498553E+002  0.31292147E+002  0.78657987E+002  0.15892686E+003
  0.00000000E+000  0.00000000E+000  0.00000000E+000  0.00000000E+000  0.00000000E+000  0.93662781E-001  0.19282838E+001  0.12498605E+002  0.31292292E+002  0.78659150E+002  0.15892987E+003
  0.00000000E+000  0.00000000E+000  0.00000000E+000  0.00000000E+000  0.00000000E+000  0.93662794E-001  0.19282864E+001  0.12498655E+002  0.31292432E+002  0.78660273E+002  0.15893279E+003
  0.00000000E+000  0.00000000E+000  0.00000000E+000  0.00000000E+000  0.00000000E+000  0.93662797E-001  0.19282887E+001  0.12498702E+002  0.31292565E+002  0.78661356E+002  0.15893563E+003
  0.00000000E+000  0.00000000E+000  0.00000000E+000  0.00000000E+000  0.00000000E+000  0.93662793E-001  0.19282908E+001  0.12498746E+002  0.31292693E+002  0.78662401E+002  0.15893837E+003
  0.00000000E+000  0.00000000E+000  0.00000000E+000  0.00000000E+000  0.00000000E+000  0.93662780E-001  0.19282927E+001  0.12498789E+002  0.31292815E+002  0.78663408E+002  0.15894104E+003
  0.00000000E+000  0.00000000E+000  0.00000000E+000  0.00000000E+000  0.00000000E+000  0.93662760E-001  0.19282945E+001  0.12498829E+002  0.31292932E+002  0.78664378E+002  0.15894361E+003
  0.00000000E+000  0.00000000E+000  0.00000000E+000  0.00000000E+000  0.00000000E+000  0.93662730E-001  0.19282960E+001  0.12498866E+002  0.31293044E+002  0.78665312E+002  0.15894611E+003
  0.00000000E+000  0.00000000E+000  0.00000000E+000  0.00000000E+000  0.00000000E+000  0.93662697E-001  0.19282973E+001  0.12498902E+002  0.31293151E+002  0.78666215E+002  0.15894853E+003
