 -0.48122869E+000 -0.23353870E+000 -0.54909372E-002 -0.45317416E-002 -0.16541549E-002  0.22934096E+000  0.34247268E+001  0.16556430E+002  0.33038529E+002  0.10316509E+003  0.17234818E+003
 -0.48126711E+000 -0.23435980E+000 -0.54921008E-002 -0.45329702E-002 -0.16555785E-002  0.22932626E+000  0.34247058E+001  0.16556418E+002  0.33004495E+002  0.10131356E+003  0.17234807E+003
 -0.48129516E+000 -0.23475992E+000 -0.54929729E-002 -0.45338446E-002 -0.16564596E-002  0.22932271E+000  0.34247007E+001  0.16556417E+002  0.32975393E+002  0.95620887E+002  0.17234804E+003
 -0.48131437E+000 -0.23487786E+000 -0.54936152E-002 -0.45344801E-002 -0.16570748E-002  0.22932120E+000  0.34246980E+001  0.16556416E+002  0.32950915E+002  0.92459582E+002  0.17234801E+003
 -0.48132640E+000 -0.23495838E+000 -0.54940733E-002 -0.45349345E-002 -0.16575185E-002  0.22932027E+000  0.34246961E+001  0.16556416E+002  0.32929949E+002  0.91043739E+002  0.17234800E+003
 -0.48133289E+000 -0.23500902E+000 -0.54943842E-002 -0.45352471E-002 -0.16578357E-002  0.22931965E+000  0.34246946E+001  0.16556416E+002  0.32911959E+002  0.89165850E+002  0.17234799E+003
 -0.48133526E+000 -0.23503630E+000 -0.54945783E-002 -0.45354473E-002 -0.16580544E-002  0.22931925E+000  0.34246935E+001  0.16556415E+002  0.32896524E+002  0.88558310E+002  0.17234798E+003
 -0.48133469E+000 -0.23504569E+000 -0.54946803E-002 -0.45355590E-002 -0.16581952E-002  0.22931903E+000  0.34246926E+001  0.16556415E+002  0.32883277E+002  0.88013339E+002  0.17234797E+003
 -0.48133209E+000 -0.23504163E+000 -0.54947101E-002 -0.45356011E-002 -0.16582743E-002  0.22931895E+000  0.34246920E+001  0.16556415E+002  0.32871932E+002  0.87012891E+002  0.17234796E+003
 -0.48132817E+000 -0.23502773E+000 -0.54946840E-002 -0.45355891E-002 -0.16583046E-002  0.22931898E+000  0.34246916E+001  0.16556415E+002  0.32867426E+002  0.86510211E+002  0.17234796E+003
 -0.48132346E+000 -0.23500686E+000 -0.54946153E-002 -0.45355356E-002 -0.16582966E-002  0.22931910E+000  0.34246914E+001  0.16556415E+002  0.32864159E+002  0.86333174E+002  0.17234795E+003
 -0.48131832E+000 -0.23498129E+000 -0.54945147E-002 -0.45354507E-002 -0.16582589E-002  0.22931929E+000  0.34246912E+001  0.16556415E+002  0.32861395E+002  0.86278421E+002  0.17234795E+003
 -0.48131303E+000 -0.23495280E+000 -0.54943908E-002 -0.45353427E-002 -0.16581985E-002  0.22931953E+000  0.34246912E+001  0.16556415E+002  0.32859059E+002  0.86231388E+002  0.17234794E+003
 -0.48130777E+000 -0.23492274E+000 -0.54942507E-002 -0.45352183E-002 -0.16581210E-002  0.22931981E+000  0.34246913E+001  0.16556415E+002  0.32857087E+002  0.86070538E+002  0.17234794E+003
 -0.48130267E+000 -0.23489216E+000 -0.54941002E-002 -0.45350829E-002 -0.16580311E-002  0.22932012E+000  0.34246914E+001  0.16556415E+002  0.32855426E+002  0.85588773E+002  0.17234793E+003
 -0.48129781E+000 -0.23486181E+000 -0.54939436E-002 -0.45349407E-002 -0.16579324E-002  0.22932045E+000  0.34246917E+001  0.16556415E+002  0.32854030E+002  0.85332943E+002  0.17234793E+003
 -0.48129323E+000 -0.23483225E+000 -0.54937846E-002 -0.45347954E-002 -0.16578278E-002  0.22932079E+000  0.34246919E+001  0.16556414E+002  0.32852858E+002  0.85218746E+002  0.17234793E+003
 -0.48128896E+000 -0.23480387E+000 -0.54936261E-002 -0.45346495E-002 -0.16577198E-002  0.22932113E+000  0.34246922E+001  0.16556414E+002  0.32851879E+002  0.85120067E+002  0.17234793E+003
 -0.48128500E+000 -0.23477691E+000 -0.54934702E-002 -0.45345052E-002 -0.16576103E-002  0.22932149E+000  0.34246926E+001  0.16556414E+002  0.32851064E+002  0.85034682E+002  0.17234793E+003
 -0.48128136E+000 -0.23475153E+000 -0.54933188E-002 -0.45343642E-002 -0.16575006E-002  0.22932184E+000  0.34246929E+001  0.16556414E+002  0.32850388E+002  0.84960698E+002  0.17234792E+003
 -0.48127802E+000 -0.23472780E+000 -0.54931730E-002 -0.45342277E-002 -0.16573919E-002  0.22932220E+000  0.34246933E+001  0.16556415E+002  0.32849831E+002  0.84896500E+002  0.17234792E+003
 -0.48127496E+000 -0.23470574E+000 -0.54930338E-002 -0.45340966E-002 -0.16572851E-002  0.22932256E+000  0.34246937E+001  0.16556415E+002  0.32849377E+002  0.84840713E+002  0.17234792E+003
 -0.48127217E+000 -0.23468532E+000 -0.54929018E-002 -0.45339715E-002 -0.16571808E-002  0.22932291E+000  0.34246942E+001  0.16556415E+002  0.32849009E+002  0.84792161E+002  0.17234792E+003
 -0.48126963E+000 -0.23462599E+000 -0.54927773E-002 -0.45338529E-002 -0.16570795E-002  0.22932326E+000  0.34246946E+001  0.16556415E+002  0.32848715E+002  0.84749841E+002  0.17234792E+003
 -0.48126732E+000 -0.23456049E+000 -0.54926606E-002 -0.45337408E-002 -0.16569815E-002  0.22932361E+000  0.34246950E+001  0.16556415E+002  0.32848484E+002  0.84712894E+002  0.17234792E+003
 -0.48126521E+000 -0.23450044E+000 -0.54925517E-002 -0.45336355E-002 -0.16568870E-002  0.22932396E+000  0.34246955E+001  0.16556415E+002  0.32848308E+002  0.84680583E+002  0.17234792E+003
 -0.48126329E+000 -0.23444545E+000 -0.54924505E-002 -0.45335368E-002 -0.16567961E-002  0.22932431E+000  0.34246959E+001  0.16556415E+002  0.32848177E+002  0.84652277E+002  0.17234792E+003
 -0.48126154E+000 -0.23439516E+000 -0.54923567E-002 -0.45334447E-002 -0.16567088E-002  0.22932465E+000  0.34246964E+001  0.16556415E+002  0.32848086E+002  0.84627434E+002  0.17234792E+003
 -0.48125994E+000 -0.23434918E+000 -0.54922701E-002 -0.45333589E-002 -0.16566253E-002  0.22932499E+000  0.34246968E+001  0.16556415E+002  0.32848028E+002  0.84605587E+002  0.17234791E+003
 -0.48125848E+000 -0.23430714E+000 -0.54921904E-002 -0.45332791E-002 -0.16565454E-002  0.22932533E+000  0.34246972E+001  0.16556415E+002  0.32847999E+002  0.84586335E+002  0.17234791E+003
 -0.48125715E+000 -0.23426868E+000 -0.54921171E-002 -0.45332051E-002 -0.16564690E-002  0.22932566E+000  0.34246977E+001  0.16556415E+002  0.32847994E+002  0.84569332E+002  0.17234791E+003
 -0.48125593E+000 -0.23423347E+000 -0.54920500E-002 -0.45331365E-002 -0.16563962E-002  0.22932599E+000  0.34246981E+001  0.16556415E+002  0.32848010E+002  0.84554281E+002  0.17234791E+003
 -0.48125480E+000 -0.23420119E+000 -0.54919884E-002 -0.45330730E-002 -0.16563268E-002  0.22932632E+000  0.34246985E+001  0.16556415E+002  0.32848043E+002  0.84540925E+002  0.17234791E+003
 -0.48125376E+000 -0.23417156E+000 -0.54919321E-002 -0.45330143E-002 -0.16562608E-002  0.22932664E+000  0.34246989E+001  0.16556415E+002  0.32848091E+002  0.84529047E+002  0.17234791E+003
 -0.48125281E+000 -0.23414430E+000 -0.54918807E-002 -0.45329600E-002 -0.16561980E-002  0.22932695E+000  0.34246993E+001  0.16556415E+002  0.32848152E+002  0.84519093E+002  0.17234791E+003
 -0.48125192E+000 -0.23411917E+000 -0.54918336E-002 -0.45329098E-002 -0.16561384E-002  0.22932726E+000  0.34246997E+001  0.16556415E+002  0.32848225E+002  0.84514187E+002  0.17234791E+003
 -0.48125110E+000 -0.23409596E+000 -0.54917905E-002 -0.45328634E-002 -0.16560819E-002  0.22932756E+000  0.34247001E+001  0.16556415E+002  0.32848306E+002  0.84509796E+002  0.17234791E+003
 -0.48125033E+000 -0.23407448E+000 -0.54917512E-002 -0.45328204E-002 -0.16560283E-002  0.22932785E+000  0.34247005E+001  0.16556415E+002  0.32848397E+002  0.84505862E+002  0.17234791E+003
 -0.48124961E+000 -0.23405456E+000 -0.54917151E-002 -0.45327807E-002 -0.16559775E-002  0.22932814E+000  0.34247008E+001  0.16556415E+002  0.32848494E+002  0.84502335E+002  0.17234791E+003
 -0.48124895E+000 -0.23403604E+000 -0.54916821E-002 -0.45327439E-002 -0.16559296E-002  0.22932841E+000  0.34247011E+001  0.16556415E+002  0.32848599E+002  0.84499176E+002  0.17234791E+003
 -0.48124832E+000 -0.23401880E+000 -0.54916518E-002 -0.45327099E-002 -0.16558843E-002  0.22932867E+000  0.34247015E+001  0.16556415E+002  0.32848710E+002  0.84496351E+002  0.17234791E+003
 -0.48124773E+000 -0.23400271E+000 -0.54916239E-002 -0.45326783E-002 -0.16558415E-002  0.22932893E+000  0.34247018E+001  0.16556415E+002  0.32848827E+002  0.84493836E+002  0.17234791E+003
 -0.48124717E+000 -0.23398768E+000 -0.54915983E-002 -0.45326490E-002 -0.16558010E-002  0.22932917E+000  0.34247021E+001  0.16556415E+002  0.32848951E+002  0.84491613E+002  0.17234791E+003
 -0.48124665E+000 -0.23397361E+000 -0.54915747E-002 -0.45326217E-002 -0.16557628E-002  0.22932940E+000  0.34247024E+001  0.16556416E+002  0.32849080E+002  0.84489669E+002  0.17234791E+003
 -0.48124615E+000 -0.23396042E+000 -0.54915529E-002 -0.45325964E-002 -0.16557267E-002  0.22932962E+000  0.34247027E+001  0.16556416E+002  0.32849215E+002  0.84487998E+002  0.17234790E+003
 -0.48124568E+000 -0.23394802E+000 -0.54915328E-002 -0.45325727E-002 -0.16556924E-002  0.22932983E+000  0.34247029E+001  0.16556416E+002  0.32849357E+002  0.84486601E+002  0.17234790E+003
 -0.48124523E+000 -0.23393636E+000 -0.54915141E-002 -0.45325505E-002 -0.16556597E-002  0.22933003E+000  0.34247032E+001  0.16556416E+002  0.32849505E+002  0.84485483E+002  0.17234790E+003
 -0.48124480E+000 -0.23392534E+000 -0.54914966E-002 -0.45325296E-002 -0.16556285E-002  0.22933022E+000  0.34247034E+001  0.16556416E+002  0.32849661E+002  0.84484654E+002  0.17234790E+003
 -0.48124439E+000 -0.23391492E+000 -0.54914803E-002 -0.45325099E-002 -0.16555985E-002  0.22933040E+000  0.34247037E+001  0.16556416E+002  0.32849826E+002  0.84484130E+002  0.17234790E+003
 -0.48124399E+000 -0.23390503E+000 -0.54914650E-002 -0.45324911E-002 -0.16555695E-002  0.22933057E+000  0.34247039E+001  0.16556416E+002  0.32849999E+002  0.84483934E+002  0.17234790E+003
 -0.48124361E+000 -0.23389559E+000 -0.54914506E-002 -0.45324733E-002 -0.16555413E-002  0.22933073E+000  0.34247042E+001  0.16556416E+002  0.32850183E+002  0.84484091E+002  0.17234790E+003
 -0.48124323E+000 -0.23388655E+000 -0.54914369E-002 -0.45324561E-002 -0.16555136E-002  0.22933089E+000  0.34247044E+001  0.16556416E+002  0.32850378E+002  0.84484633E+002  0.17234790E+003
 -0.48124287E+000 -0.23387786E+000 -0.54914239E-002 -0.45324395E-002 -0.16554863E-002  0.22933104E+000  0.34247046E+001  0.16556416E+002  0.32850586E+002  0.84485594E+002  0.17234790E+003
 -0.48124251E+000 -0.23386944E+000 -0.54914114E-002 -0.45324233E-002 -0.16554591E-002  0.22933119E+000  0.34247049E+001  0.16556416E+002  0.32850807E+002  0.84487013E+002  0.17234790E+003
 -0.48124215E+000 -0.23386126E+000 -0.54913993E-002 -0.45324074E-002 -0.16554318E-002  0.22933133E+000  0.34247051E+001  0.16556416E+002  0.32851044E+002  0.84488933E+002  0.17234790E+003
 -0.48124180E+000 -0.23385327E+000 -0.54913875E-002 -0.45323917E-002 -0.16554044E-002  0.22933148E+000  0.34247054E+001  0.16556416E+002  0.32851298E+002  0.84491396E+002  0.17234790E+003
 -0.48124144E+000 -0.23384541E+000 -0.54913760E-002 -0.45323761E-002 -0.16553766E-002  0.22933163E+000  0.34247056E+001  0.16556416E+002  0.32851571E+002  0.84494450E+002  0.17234790E+003
 -0.48124109E+000 -0.23383766E+000 -0.54913647E-002 -0.45323606E-002 -0.16553483E-002  0.22933178E+000  0.34247058E+001  0.16556417E+002  0.32851863E+002  0.84498140E+002  0.17234790E+003
 -0.48124074E+000 -0.23382997E+000 -0.54913536E-002 -0.45323450E-002 -0.16553194E-002  0.22933193E+000  0.34247061E+001  0.16556417E+002  0.32852177E+002  0.84502514E+002  0.17234790E+003
 -0.48124038E+000 -0.23382233E+000 -0.54913425E-002 -0.45323293E-002 -0.16552899E-002  0.22933209E+000  0.34247064E+001  0.16556417E+002  0.32852514E+002  0.84507619E+002  0.17234790E+003
 -0.48124002E+000 -0.23381471E+000 -0.54913315E-002 -0.45323135E-002 -0.16552596E-002  0.22933225E+000  0.34247066E+001  0.16556417E+002  0.32852874E+002  0.84513501E+002  0.17234789E+003
 -0.48123966E+000 -0.23380709E+000 -0.54913206E-002 -0.45322976E-002 -0.16552285E-002  0.22933241E+000  0.34247069E+001  0.16556417E+002  0.32853260E+002  0.84520602E+002  0.17234789E+003
 -0.48123930E+000 -0.23379945E+000 -0.54913097E-002 -0.45322814E-002 -0.16551967E-002  0.22933259E+000  0.34247072E+001  0.16556417E+002  0.32853673E+002  0.84535193E+002  0.17234789E+003
 -0.48123894E+000 -0.23379180E+000 -0.54912987E-002 -0.45322650E-002 -0.16551640E-002  0.22933276E+000  0.34247075E+001  0.16556417E+002  0.32854113E+002  0.84551531E+002  0.17234789E+003
 -0.48123857E+000 -0.23378413E+000 -0.54912878E-002 -0.45322485E-002 -0.16551305E-002  0.22933295E+000  0.34247077E+001  0.16556417E+002  0.32854581E+002  0.84569691E+002  0.17234789E+003
 -0.48123820E+000 -0.23377642E+000 -0.54912769E-002 -0.45322317E-002 -0.16550962E-002  0.22933314E+000  0.34247080E+001  0.16556417E+002  0.32855077E+002  0.84589743E+002  0.17234789E+003
 -0.48123783E+000 -0.23376869E+000 -0.54912659E-002 -0.45322147E-002 -0.16550611E-002  0.22933334E+000  0.34247083E+001  0.16556418E+002  0.32855604E+002  0.84611752E+002  0.17234789E+003
 -0.48123745E+000 -0.23376093E+000 -0.54912550E-002 -0.45321975E-002 -0.16550252E-002  0.22933355E+000  0.34247087E+001  0.16556418E+002  0.32856160E+002  0.84635777E+002  0.17234789E+003
 -0.48123707E+000 -0.23375316E+000 -0.54912441E-002 -0.45321802E-002 -0.16549886E-002  0.22933376E+000  0.34247090E+001  0.16556418E+002  0.32856747E+002  0.84661873E+002  0.17234789E+003
 -0.48123670E+000 -0.23374536E+000 -0.54912331E-002 -0.45321627E-002 -0.16549514E-002  0.22933398E+000  0.34247093E+001  0.16556418E+002  0.32857364E+002  0.84690085E+002  0.17234789E+003
 -0.48123632E+000 -0.23373755E+000 -0.54912222E-002 -0.45321450E-002 -0.16549136E-002  0.22933420E+000  0.34247097E+001  0.16556418E+002  0.32858012E+002  0.84720457E+002  0.17234789E+003
 -0.48123594E+000 -0.23372974E+000 -0.54912113E-002 -0.45321273E-002 -0.16548752E-002  0.22933443E+000  0.34247100E+001  0.16556418E+002  0.32858691E+002  0.84753020E+002  0.17234789E+003
 -0.48123556E+000 -0.23372193E+000 -0.54912005E-002 -0.45321094E-002 -0.16548363E-002  0.22933467E+000  0.34247104E+001  0.16556419E+002  0.32859400E+002  0.84787804E+002  0.17234789E+003
 -0.48123518E+000 -0.23371412E+000 -0.54911897E-002 -0.45320915E-002 -0.16547969E-002  0.22933491E+000  0.34247107E+001  0.16556419E+002  0.32860139E+002  0.84824830E+002  0.17234789E+003
 -0.48123481E+000 -0.23370633E+000 -0.54911789E-002 -0.45320735E-002 -0.16547572E-002  0.22933516E+000  0.34247111E+001  0.16556419E+002  0.32860909E+002  0.84864112E+002  0.17234789E+003
 -0.48123443E+000 -0.23369855E+000 -0.54911682E-002 -0.45320555E-002 -0.16547172E-002  0.22933541E+000  0.34247115E+001  0.16556419E+002  0.32861707E+002  0.84905659E+002  0.17234789E+003
 -0.48123406E+000 -0.23369080E+000 -0.54911576E-002 -0.45320374E-002 -0.16546770E-002  0.22933566E+000  0.34247118E+001  0.16556419E+002  0.32862535E+002  0.84949473E+002  0.17234789E+003
 -0.48123369E+000 -0.23368309E+000 -0.54911471E-002 -0.45320194E-002 -0.16546366E-002  0.22933592E+000  0.34247122E+001  0.16556420E+002  0.32863392E+002  0.84995551E+002  0.17234789E+003
 -0.48123332E+000 -0.23367541E+000 -0.54911366E-002 -0.45320015E-002 -0.16545962E-002  0.22933618E+000  0.34247126E+001  0.16556420E+002  0.32864276E+002  0.85043884E+002  0.17234789E+003
 -0.48123296E+000 -0.23366777E+000 -0.54911262E-002 -0.45319836E-002 -0.16545557E-002  0.22933645E+000  0.34247130E+001  0.16556420E+002  0.32865188E+002  0.85094457E+002  0.17234789E+003
 -0.48123260E+000 -0.23366018E+000 -0.54911160E-002 -0.45319658E-002 -0.16545152E-002  0.22933671E+000  0.34247134E+001  0.16556420E+002  0.32866126E+002  0.85147253E+002  0.17234789E+003
 -0.48123225E+000 -0.23365265E+000 -0.54911058E-002 -0.45319480E-002 -0.16544749E-002  0.22933698E+000  0.34247138E+001  0.16556420E+002  0.32867090E+002  0.85202248E+002  0.17234789E+003
 -0.48123189E+000 -0.23364518E+000 -0.54910957E-002 -0.45319305E-002 -0.16544347E-002  0.22933724E+000  0.34247142E+001  0.16556421E+002  0.32868079E+002  0.85259414E+002  0.17234789E+003
 -0.48123155E+000 -0.23363777E+000 -0.54910858E-002 -0.45319130E-002 -0.16543948E-002  0.22933751E+000  0.34247146E+001  0.16556421E+002  0.32869092E+002  0.85318723E+002  0.17234789E+003
 -0.48123121E+000 -0.23363043E+000 -0.54910760E-002 -0.45318957E-002 -0.16543552E-002  0.22933778E+000  0.34247150E+001  0.16556421E+002  0.32870128E+002  0.85380141E+002  0.17234789E+003
 -0.48123087E+000 -0.23362316E+000 -0.54910662E-002 -0.45318787E-002 -0.16543159E-002  0.22933804E+000  0.34247154E+001  0.16556421E+002  0.32871694E+002  0.85520471E+002  0.17234789E+003
 -0.48123054E+000 -0.23361598E+000 -0.54910567E-002 -0.45318618E-002 -0.16542771E-002  0.22933831E+000  0.34247158E+001  0.16556421E+002  0.32874390E+002  0.85725342E+002  0.17234789E+003
 -0.48123022E+000 -0.23360888E+000 -0.54910472E-002 -0.45318451E-002 -0.16542387E-002  0.22933857E+000  0.34247162E+001  0.16556422E+002  0.32877137E+002  0.85936458E+002  0.17234789E+003
 -0.48122990E+000 -0.23360187E+000 -0.54910379E-002 -0.45318286E-002 -0.16542008E-002  0.22933883E+000  0.34247166E+001  0.16556422E+002  0.32879932E+002  0.86153687E+002  0.17234789E+003
 -0.48122959E+000 -0.23359496E+000 -0.54910288E-002 -0.45318125E-002 -0.16541635E-002  0.22933908E+000  0.34247171E+001  0.16556422E+002  0.32882774E+002  0.86213125E+002  0.17234789E+003
 -0.48122929E+000 -0.23358815E+000 -0.54910198E-002 -0.45317965E-002 -0.16541268E-002  0.22933933E+000  0.34247175E+001  0.16556422E+002  0.32885660E+002  0.86229732E+002  0.17234789E+003
 -0.48122899E+000 -0.23358144E+000 -0.54910109E-002 -0.45317808E-002 -0.16540907E-002  0.22933958E+000  0.34247179E+001  0.16556423E+002  0.32888588E+002  0.86246751E+002  0.17234790E+003
 -0.48122870E+000 -0.23357484E+000 -0.54910022E-002 -0.45317655E-002 -0.16540553E-002  0.22933983E+000  0.34247183E+001  0.16556423E+002  0.32891555E+002  0.86264171E+002  0.17234790E+003
 -0.48122841E+000 -0.23356835E+000 -0.54909937E-002 -0.45317504E-002 -0.16540205E-002  0.22934007E+000  0.34247187E+001  0.16556423E+002  0.32894560E+002  0.86281981E+002  0.17234790E+003
 -0.48122813E+000 -0.23356198E+000 -0.54909853E-002 -0.45317356E-002 -0.16539865E-002  0.22934030E+000  0.34247191E+001  0.16556423E+002  0.32897599E+002  0.86300171E+002  0.17234790E+003
 -0.48122786E+000 -0.23355573E+000 -0.54909771E-002 -0.45317211E-002 -0.16539532E-002  0.22934053E+000  0.34247195E+001  0.16556423E+002  0.32900670E+002  0.86318729E+002  0.17234790E+003
 -0.48122760E+000 -0.23354960E+000 -0.54909690E-002 -0.45317069E-002 -0.16539207E-002  0.22934076E+000  0.34247199E+001  0.16556424E+002  0.32903771E+002  0.86337642E+002  0.17234790E+003
 -0.48122734E+000 -0.23354360E+000 -0.54909612E-002 -0.45316931E-002 -0.16538890E-002  0.22934098E+000  0.34247203E+001  0.16556424E+002  0.32906900E+002  0.86356900E+002  0.17234790E+003
 -0.48122709E+000 -0.23353772E+000 -0.54909534E-002 -0.45316796E-002 -0.16538580E-002  0.22934120E+000  0.34247207E+001  0.16556424E+002  0.32910054E+002  0.86376491E+002  0.17234790E+003
 -0.48122685E+000 -0.23353198E+000 -0.54909459E-002 -0.45316664E-002 -0.16538279E-002  0.22934140E+000  0.34247211E+001  0.16556424E+002  0.32913231E+002  0.86506351E+002  0.17234791E+003
 -0.48122662E+000 -0.23352637E+000 -0.54909386E-002 -0.45316535E-002 -0.16537985E-002  0.22934161E+000  0.34247215E+001  0.16556425E+002  0.32916428E+002  0.86642951E+002  0.17234791E+003
 -0.48122639E+000 -0.23352089E+000 -0.54909314E-002 -0.45316410E-002 -0.16537699E-002  0.22934181E+000  0.34247219E+001  0.16556425E+002  0.32919644E+002  0.86781550E+002  0.17234791E+003
 -0.48122617E+000 -0.23351555E+000 -0.54909244E-002 -0.45316288E-002 -0.16537422E-002  0.22934200E+000  0.34247222E+001  0.16556425E+002  0.32922876E+002  0.86922061E+002  0.17234791E+003
 -0.48122595E+000 -0.23351034E+000 -0.54909176E-002 -0.45316170E-002 -0.16537152E-002  0.22934219E+000  0.34247226E+001  0.16556425E+002  0.32926122E+002  0.87064399E+002  0.17234791E+003
 -0.48122574E+000 -0.23350527E+000 -0.54909109E-002 -0.45316054E-002 -0.16536890E-002  0.22934237E+000  0.34247230E+001  0.16556426E+002  0.32929379E+002  0.87208476E+002  0.17234792E+003
 -0.48122554E+000 -0.23350034E+000 -0.54909045E-002 -0.45315943E-002 -0.16536637E-002  0.22934254E+000  0.34247233E+001  0.16556426E+002  0.32932645E+002  0.87354204E+002  0.17234792E+003
 -0.48122535E+000 -0.23349554E+000 -0.54908982E-002 -0.45315834E-002 -0.16536391E-002  0.22934271E+000  0.34247237E+001  0.16556426E+002  0.32935917E+002  0.87671602E+002  0.17234792E+003
 -0.48122516E+000 -0.23349088E+000 -0.54908921E-002 -0.45315728E-002 -0.16536152E-002  0.22934288E+000  0.34247241E+001  0.16556426E+002  0.32939195E+002  0.88187290E+002  0.17234792E+003
 -0.48122497E+000 -0.23348636E+000 -0.54908861E-002 -0.45315626E-002 -0.16535921E-002  0.22934303E+000  0.34247244E+001  0.16556426E+002  0.32942475E+002  0.88536402E+002  0.17234792E+003
 -0.48122480E+000 -0.23348196E+000 -0.54908804E-002 -0.45315527E-002 -0.16535698E-002  0.22934319E+000  0.34247248E+001  0.16556427E+002  0.32945755E+002  0.88543243E+002  0.17234793E+003
 -0.48122463E+000 -0.23347771E+000 -0.54908748E-002 -0.45315431E-002 -0.16535482E-002  0.22934333E+000  0.34247251E+001  0.16556427E+002  0.32949033E+002  0.88550136E+002  0.17234793E+003
 -0.48122446E+000 -0.23347358E+000 -0.54908694E-002 -0.45315339E-002 -0.16535273E-002  0.22934348E+000  0.34247254E+001  0.16556427E+002  0.32952307E+002  0.88557080E+002  0.17234793E+003
 -0.48122430E+000 -0.23346958E+000 -0.54908641E-002 -0.45315249E-002 -0.16535072E-002  0.22934362E+000  0.34247257E+001  0.16556427E+002  0.32955575E+002  0.88564069E+002  0.17234794E+003
 -0.48122415E+000 -0.23346571E+000 -0.54908590E-002 -0.45315162E-002 -0.16534876E-002  0.22934375E+000  0.34247261E+001  0.16556427E+002  0.32958834E+002  0.88571099E+002  0.17234794E+003
 -0.48122400E+000 -0.23346196E+000 -0.54908541E-002 -0.45315078E-002 -0.16534688E-002  0.22934388E+000  0.34247264E+001  0.16556428E+002  0.32962083E+002  0.88631366E+002  0.17234794E+003
 -0.48122385E+000 -0.23345833E+000 -0.54908494E-002 -0.45314997E-002 -0.16534506E-002  0.22934400E+000  0.34247267E+001  0.16556428E+002  0.32965320E+002  0.88864674E+002  0.17234794E+003
 -0.48122371E+000 -0.23345483E+000 -0.54908447E-002 -0.45314918E-002 -0.16534331E-002  0.22934412E+000  0.34247270E+001  0.16556428E+002  0.32968542E+002  0.89098900E+002  0.17234795E+003
 -0.48122358E+000 -0.23345144E+000 -0.54908403E-002 -0.45314842E-002 -0.16534161E-002  0.22934423E+000  0.34247273E+001  0.16556428E+002  0.32971748E+002  0.89333902E+002  0.17234795E+003
 -0.48122345E+000 -0.23344817E+000 -0.54908360E-002 -0.45314769E-002 -0.16533997E-002  0.22934434E+000  0.34247276E+001  0.16556428E+002  0.32974935E+002  0.89569535E+002  0.17234795E+003
 -0.48122333E+000 -0.23344501E+000 -0.54908318E-002 -0.45314698E-002 -0.16533839E-002  0.22934445E+000  0.34247278E+001  0.16556429E+002  0.32978103E+002  0.89805654E+002  0.17234796E+003
 -0.48122321E+000 -0.23344195E+000 -0.54908278E-002 -0.45314630E-002 -0.16533687E-002  0.22934455E+000  0.34247281E+001  0.16556429E+002  0.32981248E+002  0.90521672E+002  0.17234796E+003
 -0.48122309E+000 -0.23343901E+000 -0.54908239E-002 -0.45314564E-002 -0.16533540E-002  0.22934465E+000  0.34247284E+001  0.16556429E+002  0.32984370E+002  0.91006501E+002  0.17234796E+003
 -0.48122298E+000 -0.23343616E+000 -0.54908201E-002 -0.45314500E-002 -0.16533398E-002  0.22934474E+000  0.34247286E+001  0.16556429E+002  0.32987466E+002  0.91038748E+002  0.17234797E+003
 -0.48122287E+000 -0.23343342E+000 -0.54908165E-002 -0.45314439E-002 -0.16533261E-002  0.22934483E+000  0.34247289E+001  0.16556429E+002  0.32990536E+002  0.91070983E+002  0.17234797E+003
 -0.48122277E+000 -0.23343077E+000 -0.54908130E-002 -0.45314380E-002 -0.16533129E-002  0.22934492E+000  0.34247291E+001  0.16556429E+002  0.32993577E+002  0.91103188E+002  0.17234797E+003
 -0.48122267E+000 -0.23342822E+000 -0.54908096E-002 -0.45314323E-002 -0.16533002E-002  0.22934500E+000  0.34247294E+001  0.16556430E+002  0.32996588E+002  0.91135342E+002  0.17234798E+003
 -0.48122257E+000 -0.23342575E+000 -0.54908064E-002 -0.45314267E-002 -0.16532879E-002  0.22934508E+000  0.34247296E+001  0.16556430E+002  0.32999567E+002  0.91402839E+002  0.17234798E+003
 -0.48122248E+000 -0.23342338E+000 -0.54908032E-002 -0.45314214E-002 -0.16532761E-002  0.22934516E+000  0.34247298E+001  0.16556430E+002  0.33002513E+002  0.91753991E+002  0.17234799E+003
 -0.48122239E+000 -0.23342108E+000 -0.54908002E-002 -0.45314163E-002 -0.16532646E-002  0.22934524E+000  0.34247300E+001  0.16556430E+002  0.33005425E+002  0.92103987E+002  0.17234799E+003
 -0.48122230E+000 -0.23341887E+000 -0.54907973E-002 -0.45314113E-002 -0.16532536E-002  0.22934531E+000  0.34247302E+001  0.16556430E+002  0.33008302E+002  0.92452631E+002  0.17234799E+003
 -0.48122221E+000 -0.23341674E+000 -0.54907944E-002 -0.45314065E-002 -0.16532430E-002  0.22934538E+000  0.34247304E+001  0.16556430E+002  0.33011142E+002  0.93068309E+002  0.17234800E+003
 -0.48122213E+000 -0.23341469E+000 -0.54907917E-002 -0.45314019E-002 -0.16532327E-002  0.22934544E+000  0.34247306E+001  0.16556430E+002  0.33013944E+002  0.93631807E+002  0.17234800E+003
 -0.48122206E+000 -0.23341271E+000 -0.54907891E-002 -0.45313975E-002 -0.16532228E-002  0.22934551E+000  0.34247308E+001  0.16556431E+002  0.33016708E+002  0.93775297E+002  0.17234800E+003
 -0.48122198E+000 -0.23341080E+000 -0.54907865E-002 -0.45313932E-002 -0.16532132E-002  0.22934557E+000  0.34247310E+001  0.16556431E+002  0.33019431E+002  0.93917908E+002  0.17234801E+003
 -0.48122191E+000 -0.23340896E+000 -0.54907841E-002 -0.45313890E-002 -0.16532040E-002  0.22934563E+000  0.34247312E+001  0.16556431E+002  0.33022114E+002  0.94059568E+002  0.17234801E+003
 -0.48122184E+000 -0.23340719E+000 -0.54907817E-002 -0.45313850E-002 -0.16531951E-002  0.22934569E+000  0.34247314E+001  0.16556431E+002  0.33024755E+002  0.94452928E+002  0.17234802E+003
 -0.48122177E+000 -0.23340548E+000 -0.54907794E-002 -0.45313812E-002 -0.16531865E-002  0.22934574E+000  0.34247315E+001  0.16556431E+002  0.33027355E+002  0.94964601E+002  0.17234802E+003
 -0.48122170E+000 -0.23340383E+000 -0.54907773E-002 -0.45313775E-002 -0.16531782E-002  0.22934579E+000  0.34247317E+001  0.16556431E+002  0.33029911E+002  0.95472017E+002  0.17234802E+003
 -0.48122164E+000 -0.23340224E+000 -0.54907751E-002 -0.45313739E-002 -0.16531701E-002  0.22934584E+000  0.34247318E+001  0.16556431E+002  0.33032423E+002  0.95946165E+002  0.17234803E+003
 -0.48122158E+000 -0.23340071E+000 -0.54907731E-002 -0.45313704E-002 -0.16531624E-002  0.22934589E+000  0.34247320E+001  0.16556431E+002  0.33034892E+002  0.96380031E+002  0.17234803E+003
 -0.48122152E+000 -0.23339924E+000 -0.54907711E-002 -0.45313671E-002 -0.16531549E-002  0.22934594E+000  0.34247321E+001  0.16556432E+002  0.33037315E+002  0.96795774E+002  0.17234804E+003
 -0.48122146E+000 -0.23339781E+000 -0.54907692E-002 -0.45313638E-002 -0.16531477E-002  0.22934599E+000  0.34247323E+001  0.16556432E+002  0.33039694E+002  0.97207167E+002  0.17234804E+003
 -0.48122141E+000 -0.23339644E+000 -0.54907674E-002 -0.45313607E-002 -0.16531408E-002  0.22934603E+000  0.34247324E+001  0.16556432E+002  0.33042028E+002  0.97879884E+002  0.17234804E+003
 -0.48122136E+000 -0.23339512E+000 -0.54907656E-002 -0.45313577E-002 -0.16531341E-002  0.22934607E+000  0.34247325E+001  0.16556432E+002  0.33044315E+002  0.99124969E+002  0.17234805E+003
 -0.48122130E+000 -0.23339385E+000 -0.54907639E-002 -0.45313548E-002 -0.16531276E-002  0.22934611E+000  0.34247327E+001  0.16556432E+002  0.33046557E+002  0.99238221E+002  0.17234805E+003
 -0.48122126E+000 -0.23339263E+000 -0.54907623E-002 -0.45313521E-002 -0.16531214E-002  0.22934615E+000  0.34247328E+001  0.16556432E+002  0.33048753E+002  0.99305969E+002  0.17234806E+003
 -0.48122121E+000 -0.23339145E+000 -0.54907607E-002 -0.45313494E-002 -0.16531154E-002  0.22934619E+000  0.34247329E+001  0.16556432E+002  0.33050903E+002  0.99745659E+002  0.17234806E+003
 -0.48122116E+000 -0.23339031E+000 -0.54907592E-002 -0.45313468E-002 -0.16531096E-002  0.22934622E+000  0.34247330E+001  0.16556432E+002  0.33053006E+002  0.10065367E+003  0.17234806E+003
 -0.48122112E+000 -0.23338922E+000 -0.54907577E-002 -0.45313443E-002 -0.16531040E-002  0.22934626E+000  0.34247331E+001  0.16556432E+002  0.33055063E+002  0.10315980E+003  0.17234807E+003
 -0.48122108E+000 -0.23338816E+000 -0.54907563E-002 -0.45313419E-002 -0.16530987E-002  0.22934629E+000  0.34247332E+001  0.16556433E+002  0.33057074E+002  0.10316275E+003  0.17234807E+003
 -0.48122103E+000 -0.23338715E+000 -0.54907550E-002 -0.45313396E-002 -0.16530935E-002  0.22934632E+000  0.34247333E+001  0.16556433E+002  0.33059039E+002  0.10316504E+003  0.17234808E+003
 -0.48122100E+000 -0.23338618E+000 -0.54907537E-002 -0.45313374E-002 -0.16530886E-002  0.22934635E+000  0.34247334E+001  0.16556433E+002  0.33060958E+002  0.10316505E+003  0.17234808E+003
 -0.48122096E+000 -0.23338524E+000 -0.54907524E-002 -0.45313352E-002 -0.16530838E-002  0.22934638E+000  0.34247335E+001  0.16556433E+002  0.33062831E+002  0.10316505E+003  0.17234808E+003
 -0.48122092E+000 -0.23338434E+000 -0.54907512E-002 -0.45313332E-002 -0.16530792E-002  0.22934641E+000  0.34247336E+001  0.16556433E+002  0.33064658E+002  0.10316505E+003  0.17234809E+003
 -0.48122089E+000 -0.23338347E+000 -0.54907501E-002 -0.45313312E-002 -0.16530748E-002  0.22934644E+000  0.34247337E+001  0.16556433E+002  0.33066441E+002  0.10316506E+003  0.17234809E+003
 -0.48122085E+000 -0.23338264E+000 -0.54907490E-002 -0.45313293E-002 -0.16530706E-002  0.22934647E+000  0.34247338E+001  0.16556433E+002  0.33068178E+002  0.10316506E+003  0.17234809E+003
 -0.48122082E+000 -0.23338185E+000 -0.54907479E-002 -0.45313275E-002 -0.16530665E-002  0.22934649E+000  0.34247338E+001  0.16556433E+002  0.33069871E+002  0.10316506E+003  0.17234810E+003
 -0.48122079E+000 -0.23338108E+000 -0.54907469E-002 -0.45313258E-002 -0.16530627E-002  0.22934651E+000  0.34247339E+001  0.16556433E+002  0.33071520E+002  0.10316507E+003  0.17234810E+003
 -0.48122076E+000 -0.23338035E+000 -0.54907459E-002 -0.45313241E-002 -0.16530590E-002  0.22934654E+000  0.34247340E+001  0.16556433E+002  0.33073125E+002  0.10316507E+003  0.17234811E+003
 -0.48122073E+000 -0.23337965E+000 -0.54907449E-002 -0.45313225E-002 -0.16530554E-002  0.22934656E+000  0.34247341E+001  0.16556433E+002  0.33074687E+002  0.10316508E+003  0.17234811E+003
 -0.48122070E+000 -0.23337898E+000 -0.54907440E-002 -0.45313210E-002 -0.16530521E-002  0.22934658E+000  0.34247341E+001  0.16556433E+002  0.33076206E+002  0.10316508E+003  0.17234811E+003
 -0.48122068E+000 -0.23337834E+000 -0.54907432E-002 -0.45313196E-002 -0.16530488E-002  0.22934660E+000  0.34247342E+001  0.16556433E+002  0.33077682E+002  0.10316508E+003  0.17234812E+003
 -0.48122065E+000 -0.23337772E+000 -0.54907424E-002 -0.45313182E-002 -0.16530458E-002  0.22934662E+000  0.34247343E+001  0.16556433E+002  0.33079117E+002  0.10316509E+003  0.17234812E+003
 -0.48122063E+000 -0.23337714E+000 -0.54907416E-002 -0.45313169E-002 -0.16530429E-002  0.22934664E+000  0.34247343E+001  0.16556434E+002  0.33080511E+002  0.10316509E+003  0.17234812E+003
 -0.48122061E+000 -0.23337658E+000 -0.54907408E-002 -0.45313156E-002 -0.16530401E-002  0.22934666E+000  0.34247344E+001  0.16556434E+002  0.33081864E+002  0.10316509E+003  0.17234813E+003
 -0.48122059E+000 -0.23337605E+000 -0.54907401E-002 -0.45313144E-002 -0.16530375E-002  0.22934667E+000  0.34247344E+001  0.16556434E+002  0.33083177E+002  0.10316510E+003  0.17234813E+003
 -0.48122057E+000 -0.23337554E+000 -0.54907394E-002 -0.45313133E-002 -0.16530350E-002  0.22934669E+000  0.34247345E+001  0.16556434E+002  0.33089274E+002  0.10316510E+003  0.17234813E+003
 -0.48122055E+000 -0.23337506E+000 -0.54907388E-002 -0.45313123E-002 -0.16530327E-002  0.22934670E+000  0.34247345E+001  0.16556434E+002  0.33099031E+002  0.10316510E+003  0.17234813E+003
 -0.48122053E+000 -0.23337460E+000 -0.54907382E-002 -0.45313112E-002 -0.16530304E-002  0.22934672E+000  0.34247346E+001  0.16556434E+002  0.33108486E+002  0.10316510E+003  0.17234814E+003
 -0.48122051E+000 -0.23337416E+000 -0.54907376E-002 -0.45313103E-002 -0.16530284E-002  0.22934673E+000  0.34247346E+001  0.16556434E+002  0.33117646E+002  0.10316511E+003  0.17234814E+003
 -0.48122049E+000 -0.23337375E+000 -0.54907371E-002 -0.45313094E-002 -0.16530264E-002  0.22934675E+000  0.34247347E+001  0.16556434E+002  0.33126515E+002  0.10316511E+003  0.17234814E+003
 -0.48122048E+000 -0.23337336E+000 -0.54907366E-002 -0.45313085E-002 -0.16530246E-002  0.22934676E+000  0.34247347E+001  0.16556434E+002  0.33135099E+002  0.10316511E+003  0.17234815E+003
 -0.48122047E+000 -0.23337300E+000 -0.54907361E-002 -0.45313077E-002 -0.16530229E-002  0.22934677E+000  0.34247347E+001  0.16556434E+002  0.33142176E+002  0.10316512E+003  0.17234815E+003
 -0.48122045E+000 -0.23337265E+000 -0.54907356E-002 -0.45313070E-002 -0.16530213E-002  0.22934678E+000  0.34247348E+001  0.16556434E+002  0.33143964E+002  0.10316512E+003  0.17234815E+003
 -0.48122044E+000 -0.23337232E+000 -0.54907352E-002 -0.45313063E-002 -0.16530198E-002  0.22934679E+000  0.34247348E+001  0.16556434E+002  0.33145693E+002  0.10316512E+003  0.17234815E+003
 -0.48122043E+000 -0.23337202E+000 -0.54907348E-002 -0.45313057E-002 -0.16530184E-002  0.22934680E+000  0.34247348E+001  0.16556434E+002  0.33147363E+002  0.10316512E+003  0.17234816E+003
 -0.48122042E+000 -0.23337173E+000 -0.54907344E-002 -0.45313051E-002 -0.16530171E-002  0.22934681E+000  0.34247349E+001  0.16556434E+002  0.33148975E+002  0.10316513E+003  0.17234816E+003
 -0.48122041E+000 -0.23337146E+000 -0.54907340E-002 -0.45313045E-002 -0.16530160E-002  0.22934682E+000  0.34247349E+001  0.16556434E+002  0.33150532E+002  0.10316513E+003  0.17234816E+003
 -0.48122040E+000 -0.23337121E+000 -0.54907337E-002 -0.45313040E-002 -0.16530149E-002  0.22934683E+000  0.34247349E+001  0.16556434E+002  0.33152033E+002  0.10316513E+003  0.17234816E+003
 -0.48122039E+000 -0.23337097E+000 -0.54907334E-002 -0.45313035E-002 -0.16530139E-002  0.22934683E+000  0.34247350E+001  0.16556434E+002  0.33153482E+002  0.10316513E+003  0.17234817E+003
 -0.48122038E+000 -0.23337075E+000 -0.54907331E-002 -0.45313031E-002 -0.16530130E-002  0.22934684E+000  0.34247350E+001  0.16556434E+002  0.33154878E+002  0.10316513E+003  0.17234817E+003
 -0.48122037E+000 -0.23337055E+000 -0.54907328E-002 -0.45313027E-002 -0.16530122E-002  0.22934685E+000  0.34247350E+001  0.16556434E+002  0.33156224E+002  0.10316514E+003  0.17234817E+003
 -0.48122037E+000 -0.23337036E+000 -0.54907326E-002 -0.45313023E-002 -0.16530115E-002  0.22934685E+000  0.34247350E+001  0.16556434E+002  0.33157519E+002  0.10316514E+003  0.17234817E+003
 -0.48122036E+000 -0.23337019E+000 -0.54907324E-002 -0.45313020E-002 -0.16530109E-002  0.22934686E+000  0.34247350E+001  0.16556434E+002  0.33158767E+002  0.10316514E+003  0.17234818E+003
 -0.48122035E+000 -0.23337003E+000 -0.54907322E-002 -0.45313017E-002 -0.16530103E-002  0.22934686E+000  0.34247351E+001  0.16556434E+002  0.33159967E+002  0.10316514E+003  0.17234818E+003
 -0.48122035E+000 -0.23336988E+000 -0.54907320E-002 -0.45313014E-002 -0.16530098E-002  0.22934687E+000  0.34247351E+001  0.16556434E+002  0.33161122E+002  0.10316514E+003  0.17234818E+003
 -0.48122035E+000 -0.23336975E+000 -0.54907318E-002 -0.45313012E-002 -0.16530094E-002  0.22934687E+000  0.34247351E+001  0.16556434E+002  0.33162232E+002  0.10316515E+003  0.17234818E+003
 -0.48122034E+000 -0.23336963E+000 -0.54907317E-002 -0.45313010E-002 -0.16530091E-002  0.22934687E+000  0.34247351E+001  0.16556434E+002  0.33163299E+002  0.10316515E+003  0.17234818E+003
 -0.48122034E+000 -0.23336952E+000 -0.54907315E-002 -0.45313008E-002 -0.16530088E-002  0.22934688E+000  0.34247351E+001  0.16556434E+002  0.33164324E+002  0.10316515E+003  0.17234819E+003
 -0.48122034E+000 -0.23336942E+000 -0.54907314E-002 -0.45313007E-002 -0.16530086E-002  0.22934688E+000  0.34247352E+001  0.16556434E+002  0.33165308E+002  0.10316515E+003  0.17234819E+003
 -0.48122033E+000 -0.23336934E+000 -0.54907313E-002 -0.45313006E-002 -0.16530085E-002  0.22934688E+000  0.34247352E+001  0.16556434E+002  0.33166252E+002  0.10316515E+003  0.17234819E+003
 -0.48122033E+000 -0.23336926E+000 -0.54907312E-002 -0.45313005E-002 -0.16530084E-002  0.22934689E+000  0.34247352E+001  0.16556434E+002  0.33167157E+002  0.10316515E+003  0.17234819E+003
 -0.48122033E+000 -0.23336920E+000 -0.54907311E-002 -0.45313004E-002 -0.16530084E-002  0.22934689E+000  0.34247352E+001  0.16556434E+002  0.33168026E+002  0.10316516E+003  0.17234819E+003
 -0.48122033E+000 -0.23336914E+000 -0.54907311E-002 -0.45313004E-002 -0.16530084E-002  0.22934689E+000  0.34247352E+001  0.16556434E+002  0.33168858E+002  0.10316516E+003  0.17234819E+003
 -0.48122033E+000 -0.23336909E+000 -0.54907310E-002 -0.45313004E-002 -0.16530085E-002  0.22934689E+000  0.34247352E+001  0.16556434E+002  0.33169654E+002  0.10316516E+003  0.17234820E+003
 -0.48122033E+000 -0.23336906E+000 -0.54907310E-002 -0.45313004E-002 -0.16530087E-002  0.22934689E+000  0.34247352E+001  0.16556435E+002  0.33170417E+002  0.10316516E+003  0.17234820E+003
 -0.48122033E+000 -0.23336903E+000 -0.54907309E-002 -0.45313004E-002 -0.16530089E-002  0.22934689E+000  0.34247352E+001  0.16556435E+002  0.33171146E+002  0.10316516E+003  0.17234820E+003
 -0.48122033E+000 -0.23336900E+000 -0.54907309E-002 -0.45313005E-002 -0.16530091E-002  0.22934689E+000  0.34247352E+001  0.16556435E+002  0.33171844E+002  0.10316516E+003  0.17234820E+003
 -0.48122033E+000 -0.23336898E+000 -0.54907309E-002 -0.45313005E-002 -0.16530094E-002  0.22934689E+000  0.34247352E+001  0.16556435E+002  0.33172510E+002  0.10316516E+003  0.17234820E+003
 -0.48122033E+000 -0.23336898E+000 -0.54907309E-002 -0.45313006E-002 -0.16530098E-002  0.22934689E+000  0.34247353E+001  0.16556435E+002  0.33173149E+002  0.10316516E+003  0.17234820E+003
