  0.30342760E+000  0.31844517E+000  0.46007078E+000  0.62776830E+000  0.80354502E+000  0.91081010E+000  0.12870709E+001  0.18881899E+001  0.26333956E+001  0.41002588E+001  0.58417165E+001
  0.30335427E+000  0.31846409E+000  0.46007078E+000  0.62776830E+000  0.80347044E+000  0.91072989E+000  0.12870709E+001  0.18880470E+001  0.26330421E+001  0.40997768E+001  0.58414866E+001
  0.30329076E+000  0.31846409E+000  0.45995620E+000  0.62776830E+000  0.80345160E+000  0.91066406E+000  0.12870709E+001  0.18878522E+001  0.26323825E+001  0.40997710E+001  0.58408306E+001
  0.30323619E+000  0.31846409E+000  0.46007078E+000  0.62776830E+000  0.80337445E+000  0.91064185E+000  0.12870709E+001  0.18877122E+001  0.26291806E+001  0.40997681E+001  0.58403387E+001
  0.30319641E+000  0.31845694E+000  0.46007078E+000  0.62776830E+000  0.80335754E+000  0.91057393E+000  0.12870709E+001  0.18875923E+001  0.26263394E+001  0.40997075E+001  0.58400643E+001
  0.30316267E+000  0.31846409E+000  0.46007078E+000  0.62776830E+000  0.80334723E+000  0.91051587E+000  0.12870709E+001  0.18874587E+001  0.26255960E+001  0.40995574E+001  0.58398289E+001
  0.30313392E+000  0.31846409E+000  0.46007078E+000  0.62769813E+000  0.80330978E+000  0.91056398E+000  0.12870709E+001  0.18873401E+001  0.26254121E+001  0.40995238E+001  0.58406402E+001
  0.30310941E+000  0.31845283E+000  0.46007078E+000  0.62776830E+000  0.80330063E+000  0.91050313E+000  0.12870709E+001  0.18872358E+001  0.26252547E+001  0.40997737E+001  0.58402941E+001
  0.30308851E+000  0.31844803E+000  0.45995499E+000  0.62776830E+000  0.80326770E+000  0.91045119E+000  0.12870709E+001  0.18871445E+001  0.26254545E+001  0.40994738E+001  0.58399875E+001
  0.30307068E+000  0.31844393E+000  0.45995489E+000  0.62776830E+000  0.80323963E+000  0.91040685E+000  0.12870709E+001  0.18870651E+001  0.26253176E+001  0.40997017E+001  0.58397172E+001
  0.30305547E+000  0.31844044E+000  0.45995480E+000  0.62776830E+000  0.80321572E+000  0.91047463E+000  0.12870709E+001  0.18869964E+001  0.26252030E+001  0.40996304E+001  0.58402918E+001
  0.30304246E+000  0.31843745E+000  0.46007078E+000  0.62776830E+000  0.80319534E+000  0.91043692E+000  0.12870709E+001  0.18869371E+001  0.26251069E+001  0.40996481E+001  0.58400977E+001
  0.30303135E+000  0.31846409E+000  0.46007078E+000  0.62776830E+000  0.80317798E+000  0.91040465E+000  0.12870709E+001  0.18868861E+001  0.26250260E+001  0.40997733E+001  0.58399282E+001
  0.30302184E+000  0.31846409E+000  0.46007078E+000  0.62776830E+000  0.80316319E+000  0.91037701E+000  0.12870709E+001  0.18868423E+001  0.26249579E+001  0.40996494E+001  0.58397803E+001
  0.30301370E+000  0.31846409E+000  0.46007078E+000  0.62776830E+000  0.80321665E+000  0.91035332E+000  0.12870709E+001  0.18868048E+001  0.26249004E+001  0.40995457E+001  0.58396516E+001
  0.30300673E+000  0.31846409E+000  0.46007078E+000  0.62776830E+000  0.80320479E+000  0.91033300E+000  0.12870709E+001  0.18867728E+001  0.26248519E+001  0.40997671E+001  0.58400123E+001
  0.30300076E+000  0.31845385E+000  0.46007078E+000  0.62776830E+000  0.80319464E+000  0.91031556E+000  0.12870709E+001  0.18867455E+001  0.26248110E+001  0.40996908E+001  0.58399064E+001
  0.30299564E+000  0.31845236E+000  0.46007078E+000  0.62776830E+000  0.80318596E+000  0.91030059E+000  0.12870709E+001  0.18867222E+001  0.26247765E+001  0.40996264E+001  0.58398144E+001
  0.30299125E+000  0.31846409E+000  0.46007078E+000  0.62776830E+000  0.80317853E+000  0.91028772E+000  0.12870709E+001  0.18867025E+001  0.26247474E+001  0.40995721E+001  0.58397343E+001
  0.30298748E+000  0.31846409E+000  0.46007078E+000  0.62776830E+000  0.80317217E+000  0.91027666E+000  0.12870709E+001  0.18866857E+001  0.26247229E+001  0.40997589E+001  0.58396647E+001
  0.30298424E+000  0.31846409E+000  0.46007078E+000  0.62776830E+000  0.80316672E+000  0.91026715E+000  0.12870709E+001  0.18866715E+001  0.26247022E+001  0.40997369E+001  0.58396042E+001
  0.30298147E+000  0.31846409E+000  0.46007078E+000  0.62776830E+000  0.80316206E+000  0.91025896E+000  0.12870709E+001  0.18866596E+001  0.26246849E+001  0.40997182E+001  0.58395515E+001
  0.30297908E+000  0.31846409E+000  0.46007078E+000  0.62776830E+000  0.80315806E+000  0.91041124E+000  0.12870709E+001  0.18866496E+001  0.26246704E+001  0.40997713E+001  0.58395057E+001
  0.30297704E+000  0.31846409E+000  0.46007078E+000  0.62776830E+000  0.80315464E+000  0.91040502E+000  0.12870709E+001  0.18866411E+001  0.26246584E+001  0.40997633E+001  0.58394657E+001
  0.30297528E+000  0.31846409E+000  0.46007078E+000  0.62776830E+000  0.80315171E+000  0.91039964E+000  0.12870709E+001  0.18866341E+001  0.26246483E+001  0.40997497E+001  0.58394308E+001
  0.30297377E+000  0.31846409E+000  0.46007078E+000  0.62776830E+000  0.80314920E+000  0.91039498E+000  0.12870709E+001  0.18866283E+001  0.26246404E+001  0.40997381E+001  0.58394004E+001
  0.30297247E+000  0.31846409E+000  0.46007078E+000  0.62776830E+000  0.80314705E+000  0.91039095E+000  0.12870709E+001  0.18866235E+001  0.26246341E+001  0.40997281E+001  0.58393737E+001
  0.30297136E+000  0.31846409E+000  0.46007078E+000  0.62776830E+000  0.80314521E+000  0.91038745E+000  0.12870709E+001  0.18866195E+001  0.26246289E+001  0.40997196E+001  0.58393503E+001
  0.30297040E+000  0.31846409E+000  0.46007078E+000  0.62776830E+000  0.80314364E+000  0.91038442E+000  0.12870709E+001  0.18866163E+001  0.26246605E+001  0.40997122E+001  0.58393297E+001
  0.30296957E+000  0.31846409E+000  0.46007078E+000  0.62776830E+000  0.80314229E+000  0.91038177E+000  0.12870709E+001  0.18866137E+001  0.26246541E+001  0.40997059E+001  0.58393115E+001
  0.30296886E+000  0.31846409E+000  0.46007078E+000  0.62776830E+000  0.80314113E+000  0.91037947E+000  0.12870709E+001  0.18866116E+001  0.26246486E+001  0.40997005E+001  0.58392954E+001
  0.30296825E+000  0.31846409E+000  0.46007078E+000  0.62776830E+000  0.80314013E+000  0.91037745E+000  0.12870709E+001  0.18866100E+001  0.26246439E+001  0.40996958E+001  0.58392810E+001
  0.30296771E+000  0.31846409E+000  0.46007078E+000  0.62776830E+000  0.80313927E+000  0.91037568E+000  0.12870709E+001  0.18866087E+001  0.26246398E+001  0.40996917E+001  0.58392681E+001
  0.30296725E+000  0.31846409E+000  0.46007078E+000  0.62776830E+000  0.80313853E+000  0.91037411E+000  0.12870709E+001  0.18866077E+001  0.26246364E+001  0.40996881E+001  0.58392565E+001
  0.30296685E+000  0.31846409E+000  0.46007078E+000  0.62776830E+000  0.80313789E+000  0.91037273E+000  0.12870709E+001  0.18866069E+001  0.26246334E+001  0.40996849E+001  0.58392459E+001
  0.30296649E+000  0.31846409E+000  0.46007078E+000  0.62776830E+000  0.80313733E+000  0.91037149E+000  0.12870709E+001  0.18866063E+001  0.26246308E+001  0.40996821E+001  0.58392361E+001
  0.30296618E+000  0.31846409E+000  0.46007078E+000  0.62776830E+000  0.80313684E+000  0.91037037E+000  0.12870709E+001  0.18866058E+001  0.26246285E+001  0.40996796E+001  0.58392271E+001
  0.30296590E+000  0.31846409E+000  0.46007078E+000  0.62776830E+000  0.80313640E+000  0.91036935E+000  0.12870709E+001  0.18866054E+001  0.26246265E+001  0.40996772E+001  0.58392187E+001
  0.30296565E+000  0.31846409E+000  0.46007078E+000  0.62776830E+000  0.80313601E+000  0.91036842E+000  0.12870709E+001  0.18866051E+001  0.26246248E+001  0.40996751E+001  0.58392107E+001
  0.30296542E+000  0.31846409E+000  0.46007078E+000  0.62776830E+000  0.80313566E+000  0.91036755E+000  0.12870709E+001  0.18866049E+001  0.26246233E+001  0.40996731E+001  0.58392031E+001
  0.30296520E+000  0.31846409E+000  0.46007078E+000  0.62776830E+000  0.80313533E+000  0.91036674E+000  0.12870709E+001  0.18866046E+001  0.26246219E+001  0.40996711E+001  0.58391957E+001
  0.30296500E+000  0.31846409E+000  0.46007078E+000  0.62776830E+000  0.80313502E+000  0.91036596E+000  0.12870709E+001  0.18866044E+001  0.26246206E+001  0.40996692E+001  0.58391885E+001
  0.30296481E+000  0.31846409E+000  0.46007078E+000  0.62776830E+000  0.80313473E+000  0.91036521E+000  0.12870709E+001  0.18866041E+001  0.26246194E+001  0.40996674E+001  0.58391814E+001
  0.30296463E+000  0.31846409E+000  0.46007078E+000  0.62776830E+000  0.80313444E+000  0.91036448E+000  0.12870709E+001  0.18866037E+001  0.26246183E+001  0.40996656E+001  0.58391744E+001
  0.30296444E+000  0.31846409E+000  0.46007078E+000  0.62776830E+000  0.80313416E+000  0.91036375E+000  0.12870709E+001  0.18866033E+001  0.26246173E+001  0.40996637E+001  0.58391674E+001
  0.30296426E+000  0.31846409E+000  0.46007078E+000  0.62776830E+000  0.80313388E+000  0.91036302E+000  0.12870709E+001  0.18866028E+001  0.26246162E+001  0.40996619E+001  0.58391604E+001
  0.30296408E+000  0.31846409E+000  0.46007078E+000  0.62776830E+000  0.80313359E+000  0.91036229E+000  0.12870709E+001  0.18866023E+001  0.26246152E+001  0.40996600E+001  0.58391533E+001
  0.30296389E+000  0.31846409E+000  0.46007078E+000  0.62776830E+000  0.80313330E+000  0.91036155E+000  0.12870709E+001  0.18866017E+001  0.26246142E+001  0.40996580E+001  0.58391461E+001
  0.30296370E+000  0.31846409E+000  0.46007078E+000  0.62776830E+000  0.80313300E+000  0.91036080E+000  0.12870709E+001  0.18866010E+001  0.26246132E+001  0.40996560E+001  0.58391388E+001
  0.30296350E+000  0.31846409E+000  0.46007078E+000  0.62776830E+000  0.80313269E+000  0.91036004E+000  0.12870709E+001  0.18866002E+001  0.26246121E+001  0.40996540E+001  0.58391314E+001
  0.30296330E+000  0.31846409E+000  0.46007078E+000  0.62776830E+000  0.80313237E+000  0.91035925E+000  0.12870709E+001  0.18865994E+001  0.26246111E+001  0.40996519E+001  0.58391239E+001
  0.30296310E+000  0.31844261E+000  0.46007078E+000  0.62776830E+000  0.80313205E+000  0.91035846E+000  0.12870709E+001  0.18865985E+001  0.26246100E+001  0.40996498E+001  0.58391164E+001
  0.30296289E+000  0.31844254E+000  0.46007078E+000  0.62776830E+000  0.80313171E+000  0.91035765E+000  0.12870709E+001  0.18865975E+001  0.26246089E+001  0.40996477E+001  0.58391088E+001
  0.30296268E+000  0.31844247E+000  0.46007078E+000  0.62776830E+000  0.80313137E+000  0.91035683E+000  0.12870709E+001  0.18865965E+001  0.26246078E+001  0.40996456E+001  0.58391012E+001
  0.30296246E+000  0.31844240E+000  0.46007078E+000  0.62776830E+000  0.80313103E+000  0.91035600E+000  0.12870709E+001  0.18865955E+001  0.26246067E+001  0.40996434E+001  0.58390936E+001
  0.30296225E+000  0.31844233E+000  0.46007078E+000  0.62776830E+000  0.80313068E+000  0.91035516E+000  0.12870709E+001  0.18865945E+001  0.26246056E+001  0.40996412E+001  0.58390860E+001
  0.30296203E+000  0.31844226E+000  0.46007078E+000  0.62776830E+000  0.80313033E+000  0.91035433E+000  0.12870709E+001  0.18865935E+001  0.26246044E+001  0.40996391E+001  0.58390785E+001
  0.30296181E+000  0.31844219E+000  0.46007078E+000  0.62776830E+000  0.80312998E+000  0.91035350E+000  0.12870709E+001  0.18865925E+001  0.26246033E+001  0.40996370E+001  0.58390711E+001
  0.30296159E+000  0.31844212E+000  0.46007078E+000  0.62776830E+000  0.80312963E+000  0.91035268E+000  0.12870709E+001  0.18865916E+001  0.26246022E+001  0.40996349E+001  0.58390638E+001
  0.30296138E+000  0.31844205E+000  0.46007078E+000  0.62776830E+000  0.80312929E+000  0.91035187E+000  0.12870709E+001  0.18865908E+001  0.26246012E+001  0.40996329E+001  0.58390567E+001
  0.30296117E+000  0.31844199E+000  0.46007078E+000  0.62776830E+000  0.80312896E+000  0.91035108E+000  0.12870709E+001  0.18865900E+001  0.26246001E+001  0.40996309E+001  0.58390498E+001
  0.30296097E+000  0.31844192E+000  0.46007078E+000  0.62776830E+000  0.80312863E+000  0.91035030E+000  0.12870709E+001  0.18865892E+001  0.26245991E+001  0.40996290E+001  0.58390432E+001
  0.30296077E+000  0.31844186E+000  0.46007078E+000  0.62776830E+000  0.80312832E+000  0.91034955E+000  0.12870709E+001  0.18865886E+001  0.26245981E+001  0.40996272E+001  0.58390367E+001
  0.30296058E+000  0.31844180E+000  0.46007078E+000  0.62776830E+000  0.80312802E+000  0.91034883E+000  0.12870709E+001  0.18865881E+001  0.26245974E+001  0.40996254E+001  0.58390306E+001
  0.30296040E+000  0.31844174E+000  0.46007078E+000  0.62776830E+000  0.80312773E+000  0.91034813E+000  0.12870709E+001  0.18865878E+001  0.26245981E+001  0.40996238E+001  0.58390247E+001
  0.30296023E+000  0.31844169E+000  0.46007078E+000  0.62776830E+000  0.80312745E+000  0.91034746E+000  0.12870709E+001  0.18865875E+001  0.26245987E+001  0.40996222E+001  0.58390192E+001
  0.30296006E+000  0.31844163E+000  0.46007078E+000  0.62776830E+000  0.80312719E+000  0.91034682E+000  0.12870709E+001  0.18865874E+001  0.26245992E+001  0.40996208E+001  0.58390140E+001
  0.30295990E+000  0.31844158E+000  0.46007078E+000  0.62776830E+000  0.80312695E+000  0.91034622E+000  0.12870709E+001  0.18865874E+001  0.26245994E+001  0.40996194E+001  0.58390091E+001
  0.30295976E+000  0.31844154E+000  0.46007078E+000  0.62776830E+000  0.80312672E+000  0.91034565E+000  0.12870709E+001  0.18865875E+001  0.26245996E+001  0.40996182E+001  0.58390046E+001
  0.30295962E+000  0.31844149E+000  0.46007078E+000  0.62776830E+000  0.80312651E+000  0.91034512E+000  0.12870709E+001  0.18865878E+001  0.26245997E+001  0.40996171E+001  0.58390004E+001
  0.30295949E+000  0.31844145E+000  0.46007078E+000  0.62776830E+000  0.80312632E+000  0.91034462E+000  0.12870709E+001  0.18865883E+001  0.26245996E+001  0.40996161E+001  0.58389965E+001
  0.30295937E+000  0.31844142E+000  0.46007078E+000  0.62776830E+000  0.80312614E+000  0.91034416E+000  0.12870709E+001  0.18865889E+001  0.26245995E+001  0.40996151E+001  0.58389930E+001
  0.30295927E+000  0.31844138E+000  0.46007078E+000  0.62776830E+000  0.80312598E+000  0.91034373E+000  0.12870709E+001  0.18865896E+001  0.26252149E+001  0.40996143E+001  0.58389898E+001
  0.30295917E+000  0.31844135E+000  0.46007078E+000  0.62776830E+000  0.80312583E+000  0.91034333E+000  0.12870709E+001  0.18865905E+001  0.26252273E+001  0.40996136E+001  0.58389870E+001
  0.30295908E+000  0.31844132E+000  0.46007078E+000  0.62776830E+000  0.80312570E+000  0.91034297E+000  0.12870709E+001  0.18865915E+001  0.26252403E+001  0.40996130E+001  0.58389845E+001
  0.30295900E+000  0.31844129E+000  0.46007078E+000  0.62776830E+000  0.80312558E+000  0.91034265E+000  0.12870709E+001  0.18865926E+001  0.26252540E+001  0.40996125E+001  0.58389823E+001
  0.30295893E+000  0.31844127E+000  0.46007078E+000  0.62776830E+000  0.80312548E+000  0.91034235E+000  0.12870709E+001  0.18865939E+001  0.26252683E+001  0.40996121E+001  0.58389804E+001
  0.30295886E+000  0.31844125E+000  0.46007078E+000  0.62776830E+000  0.80312540E+000  0.91034208E+000  0.12870709E+001  0.18865953E+001  0.26252831E+001  0.40996118E+001  0.58389788E+001
  0.30295881E+000  0.31844123E+000  0.46007078E+000  0.62776830E+000  0.80312532E+000  0.91034184E+000  0.12870709E+001  0.18865968E+001  0.26252985E+001  0.40996116E+001  0.58389775E+001
  0.30295876E+000  0.31844121E+000  0.46007078E+000  0.62776830E+000  0.80312526E+000  0.91034163E+000  0.12870709E+001  0.18865984E+001  0.26262983E+001  0.40996114E+001  0.58389765E+001
  0.30295872E+000  0.31844120E+000  0.46007078E+000  0.62776830E+000  0.80312521E+000  0.91034145E+000  0.12870709E+001  0.18866002E+001  0.26263682E+001  0.40996114E+001  0.58389757E+001
  0.30295868E+000  0.31844118E+000  0.46007078E+000  0.62776830E+000  0.80312517E+000  0.91034129E+000  0.12870709E+001  0.18866020E+001  0.26264165E+001  0.40996114E+001  0.58389752E+001
  0.30295865E+000  0.31844117E+000  0.46007078E+000  0.62776830E+000  0.80312514E+000  0.91034115E+000  0.12870709E+001  0.18866040E+001  0.26264660E+001  0.40996115E+001  0.58389749E+001
  0.30295863E+000  0.31844116E+000  0.46007078E+000  0.62776830E+000  0.80312513E+000  0.91034103E+000  0.12870709E+001  0.18866060E+001  0.26275233E+001  0.40996116E+001  0.58389749E+001
  0.30295861E+000  0.31844116E+000  0.46007078E+000  0.62776830E+000  0.80312512E+000  0.91034093E+000  0.12870709E+001  0.18866082E+001  0.26275901E+001  0.40996118E+001  0.58389750E+001
  0.30295860E+000  0.31844115E+000  0.46007078E+000  0.62776830E+000  0.80312511E+000  0.91034085E+000  0.12870709E+001  0.18866104E+001  0.26276602E+001  0.40996121E+001  0.58389754E+001
  0.30295859E+000  0.31844114E+000  0.46007078E+000  0.62776830E+000  0.80312512E+000  0.91034078E+000  0.12870709E+001  0.18866127E+001  0.26289221E+001  0.40996124E+001  0.58389759E+001
  0.30295858E+000  0.31844114E+000  0.46007078E+000  0.62776830E+000  0.80312513E+000  0.91034073E+000  0.12870709E+001  0.18866150E+001  0.26294960E+001  0.40996128E+001  0.58389766E+001
  0.30295858E+000  0.31844114E+000  0.46007078E+000  0.62776830E+000  0.80312515E+000  0.91034069E+000  0.12870709E+001  0.18866174E+001  0.26295456E+001  0.40996132E+001  0.58389774E+001
  0.30295858E+000  0.31844113E+000  0.46007078E+000  0.62776830E+000  0.80312517E+000  0.91034066E+000  0.12870709E+001  0.18866199E+001  0.26295960E+001  0.40996137E+001  0.58389784E+001
  0.30295858E+000  0.31844113E+000  0.46007078E+000  0.62776830E+000  0.80312520E+000  0.91034064E+000  0.12870709E+001  0.18866225E+001  0.26296472E+001  0.40996142E+001  0.58389796E+001
  0.30295858E+000  0.31844113E+000  0.46007078E+000  0.62776830E+000  0.80312523E+000  0.91034062E+000  0.12870709E+001  0.18866250E+001  0.26300976E+001  0.40996147E+001  0.58389809E+001
  0.30295859E+000  0.31844113E+000  0.46007078E+000  0.62776830E+000  0.80312527E+000  0.91034062E+000  0.12870709E+001  0.18866277E+001  0.26301168E+001  0.40996153E+001  0.58389823E+001
  0.30295860E+000  0.31844113E+000  0.46007078E+000  0.62776830E+000  0.80312530E+000  0.91034062E+000  0.12870709E+001  0.18866303E+001  0.26301362E+001  0.40996159E+001  0.58389838E+001
  0.30295861E+000  0.31844113E+000  0.46007078E+000  0.62776830E+000  0.80312534E+000  0.91034063E+000  0.12870709E+001  0.18866330E+001  0.26301559E+001  0.40996165E+001  0.58389855E+001
  0.30295862E+000  0.31844113E+000  0.46007078E+000  0.62776830E+000  0.80312539E+000  0.91034064E+000  0.12870709E+001  0.18866358E+001  0.26301658E+001  0.40996172E+001  0.58389873E+001
  0.30295863E+000  0.31844113E+000  0.46007078E+000  0.62776830E+000  0.80312543E+000  0.91034065E+000  0.12870709E+001  0.18866385E+001  0.26301721E+001  0.40996178E+001  0.58389892E+001
  0.30295864E+000  0.31844113E+000  0.46007078E+000  0.62776830E+000  0.80312548E+000  0.91034067E+000  0.12870709E+001  0.18866413E+001  0.26301785E+001  0.40996185E+001  0.58389912E+001
  0.30295865E+000  0.31844113E+000  0.46007078E+000  0.62776830E+000  0.80312552E+000  0.91034069E+000  0.12870709E+001  0.18866441E+001  0.26301850E+001  0.40996192E+001  0.58389933E+001
  0.30295866E+000  0.31844114E+000  0.46007078E+000  0.62776830E+000  0.80312557E+000  0.91034071E+000  0.12870709E+001  0.18866470E+001  0.26301916E+001  0.40996200E+001  0.58389955E+001
  0.30295868E+000  0.31844114E+000  0.46007078E+000  0.62776830E+000  0.80312561E+000  0.91034073E+000  0.12870709E+001  0.18866498E+001  0.26301982E+001  0.40996207E+001  0.58389978E+001
  0.30295869E+000  0.31844114E+000  0.46007078E+000  0.62776830E+000  0.80312566E+000  0.91034075E+000  0.12870709E+001  0.18866527E+001  0.26302049E+001  0.40996215E+001  0.58390002E+001
  0.30295870E+000  0.31844114E+000  0.46007078E+000  0.62776830E+000  0.80312571E+000  0.91034077E+000  0.12870709E+001  0.18866555E+001  0.26302116E+001  0.40996223E+001  0.58390026E+001
  0.30295871E+000  0.31844114E+000  0.46007078E+000  0.62776830E+000  0.80312575E+000  0.91034080E+000  0.12870709E+001  0.18866584E+001  0.26302184E+001  0.40996231E+001  0.58390052E+001
  0.30295873E+000  0.31844114E+000  0.46007078E+000  0.62776830E+000  0.80312580E+000  0.91034082E+000  0.12870709E+001  0.18866613E+001  0.26302253E+001  0.40996239E+001  0.58390079E+001
  0.30295874E+000  0.31844114E+000  0.46007078E+000  0.62776830E+000  0.80312585E+000  0.91034084E+000  0.12870709E+001  0.18866642E+001  0.26302321E+001  0.40996247E+001  0.58390107E+001
  0.30295875E+000  0.31844114E+000  0.46007078E+000  0.62776830E+000  0.80312589E+000  0.91034085E+000  0.12870709E+001  0.18866671E+001  0.26302391E+001  0.40996255E+001  0.58390136E+001
  0.30295876E+000  0.31844114E+000  0.46007078E+000  0.62776830E+000  0.80312593E+000  0.91034087E+000  0.12870709E+001  0.18866700E+001  0.26312040E+001  0.40996263E+001  0.58390166E+001
  0.30295877E+000  0.31844114E+000  0.46007078E+000  0.62776830E+000  0.80312598E+000  0.91034089E+000  0.12870709E+001  0.18866728E+001  0.26313017E+001  0.40996272E+001  0.58390197E+001
  0.30295878E+000  0.31844114E+000  0.46007078E+000  0.62776830E+000  0.80312602E+000  0.91034090E+000  0.12870709E+001  0.18866757E+001  0.26313052E+001  0.40996280E+001  0.58390229E+001
  0.30295879E+000  0.31844115E+000  0.46007078E+000  0.62776830E+000  0.80312606E+000  0.91034092E+000  0.12870709E+001  0.18866786E+001  0.26313088E+001  0.40996289E+001  0.58390262E+001
  0.30295880E+000  0.31844115E+000  0.46007078E+000  0.62776830E+000  0.80312610E+000  0.91034093E+000  0.12870709E+001  0.18866815E+001  0.26313123E+001  0.40996298E+001  0.58390296E+001
  0.30295881E+000  0.31844115E+000  0.46007078E+000  0.62776830E+000  0.80312614E+000  0.91034094E+000  0.12870709E+001  0.18866843E+001  0.26313159E+001  0.40996307E+001  0.58390330E+001
  0.30295882E+000  0.31844115E+000  0.46007078E+000  0.62776830E+000  0.80312618E+000  0.91034094E+000  0.12870709E+001  0.18866872E+001  0.26313194E+001  0.40996316E+001  0.58390366E+001
  0.30295882E+000  0.31844115E+000  0.46007078E+000  0.62776830E+000  0.80312622E+000  0.91034095E+000  0.12870709E+001  0.18866900E+001  0.26313230E+001  0.40996325E+001  0.58390403E+001
  0.30295883E+000  0.31844115E+000  0.46007078E+000  0.62776830E+000  0.80312625E+000  0.91034096E+000  0.12870709E+001  0.18866928E+001  0.26313266E+001  0.40996334E+001  0.58390440E+001
  0.30295884E+000  0.31844114E+000  0.46007078E+000  0.62776830E+000  0.80312629E+000  0.91034096E+000  0.12870709E+001  0.18866957E+001  0.26313301E+001  0.40996343E+001  0.58390479E+001
  0.30295884E+000  0.31844114E+000  0.46007078E+000  0.62776830E+000  0.80312632E+000  0.91034096E+000  0.12870709E+001  0.18866984E+001  0.26313337E+001  0.40996352E+001  0.58390519E+001
  0.30295885E+000  0.31844114E+000  0.46007078E+000  0.62776830E+000  0.80312635E+000  0.91034096E+000  0.12870709E+001  0.18867012E+001  0.26313372E+001  0.40996361E+001  0.58390559E+001
  0.30295885E+000  0.31844114E+000  0.46007078E+000  0.62776830E+000  0.80312638E+000  0.91034096E+000  0.12870709E+001  0.18867040E+001  0.26313408E+001  0.40996370E+001  0.58390600E+001
  0.30295886E+000  0.31844114E+000  0.46007078E+000  0.62776830E+000  0.80312641E+000  0.91034096E+000  0.12870709E+001  0.18867067E+001  0.26313443E+001  0.40996380E+001  0.58390643E+001
  0.30295886E+000  0.31844114E+000  0.46007078E+000  0.62776830E+000  0.80312644E+000  0.91034095E+000  0.12870709E+001  0.18867094E+001  0.26313479E+001  0.40996389E+001  0.58390686E+001
  0.30295886E+000  0.31844114E+000  0.46007078E+000  0.62776830E+000  0.80312647E+000  0.91034095E+000  0.12870709E+001  0.18867121E+001  0.26313514E+001  0.40996398E+001  0.58390729E+001
  0.30295886E+000  0.31844114E+000  0.46007078E+000  0.62776830E+000  0.80312649E+000  0.91034094E+000  0.12870709E+001  0.18867147E+001  0.26313549E+001  0.40996408E+001  0.58390774E+001
  0.30295887E+000  0.31844114E+000  0.46007078E+000  0.62776830E+000  0.80312652E+000  0.91034093E+000  0.12870709E+001  0.18867173E+001  0.26313584E+001  0.40996417E+001  0.58390819E+001
  0.30295887E+000  0.31844114E+000  0.46007078E+000  0.62776830E+000  0.80312654E+000  0.91034093E+000  0.12870709E+001  0.18867199E+001  0.26313618E+001  0.40996427E+001  0.58390865E+001
  0.30295887E+000  0.31844114E+000  0.46007078E+000  0.62776830E+000  0.80312657E+000  0.91034092E+000  0.12870709E+001  0.18867225E+001  0.26313653E+001  0.40996436E+001  0.58390912E+001
  0.30295887E+000  0.31844113E+000  0.46007078E+000  0.62776830E+000  0.80312659E+000  0.91034090E+000  0.12870709E+001  0.18867250E+001  0.26313687E+001  0.40996445E+001  0.58390960E+001
  0.30295887E+000  0.31844113E+000  0.46007078E+000  0.62776830E+000  0.80312661E+000  0.91034089E+000  0.12870709E+001  0.18867275E+001  0.26313722E+001  0.40996455E+001  0.58391008E+001
  0.30295887E+000  0.31844113E+000  0.46007078E+000  0.62776830E+000  0.80312663E+000  0.91034088E+000  0.12870709E+001  0.18867300E+001  0.26313755E+001  0.40996464E+001  0.58391056E+001
  0.30295887E+000  0.31844113E+000  0.46007078E+000  0.62776830E+000  0.80312665E+000  0.91034087E+000  0.12870709E+001  0.18867324E+001  0.26313789E+001  0.40996474E+001  0.58391106E+001
  0.30295887E+000  0.31844113E+000  0.46007078E+000  0.62776830E+000  0.80312667E+000  0.91034086E+000  0.12870709E+001  0.18867348E+001  0.26313823E+001  0.40996483E+001  0.58391155E+001
  0.30295887E+000  0.31844113E+000  0.46007078E+000  0.62776830E+000  0.80312669E+000  0.91034084E+000  0.12870709E+001  0.18867372E+001  0.26313856E+001  0.40996493E+001  0.58391205E+001
  0.30295887E+000  0.31844112E+000  0.46007078E+000  0.62776830E+000  0.80312670E+000  0.91034083E+000  0.12870709E+001  0.18867396E+001  0.26313889E+001  0.40996502E+001  0.58391256E+001
  0.30295887E+000  0.31844112E+000  0.46007078E+000  0.62776830E+000  0.80312672E+000  0.91034081E+000  0.12870709E+001  0.18867418E+001  0.26313922E+001  0.40996512E+001  0.58391307E+001
  0.30295887E+000  0.31844112E+000  0.46007078E+000  0.62776830E+000  0.80312674E+000  0.91034080E+000  0.12870709E+001  0.18867441E+001  0.26313954E+001  0.40996521E+001  0.58391358E+001
  0.30295887E+000  0.31844112E+000  0.46007078E+000  0.62776830E+000  0.80312675E+000  0.91034078E+000  0.12870709E+001  0.18867463E+001  0.26313986E+001  0.40996530E+001  0.58391410E+001
  0.30295887E+000  0.31844112E+000  0.46007078E+000  0.62776830E+000  0.80312676E+000  0.91034077E+000  0.12870709E+001  0.18867485E+001  0.26314018E+001  0.40996539E+001  0.58391461E+001
  0.30295887E+000  0.31844112E+000  0.46007078E+000  0.62776830E+000  0.80312678E+000  0.91034075E+000  0.12870709E+001  0.18867507E+001  0.26314049E+001  0.40996549E+001  0.58391513E+001
  0.30295887E+000  0.31844111E+000  0.46007078E+000  0.62776830E+000  0.80312679E+000  0.91034073E+000  0.12870709E+001  0.18867528E+001  0.26314080E+001  0.40996558E+001  0.58391565E+001
  0.30295886E+000  0.31844111E+000  0.46007078E+000  0.62776830E+000  0.80312680E+000  0.91034072E+000  0.12870709E+001  0.18867549E+001  0.26314111E+001  0.40996567E+001  0.58391618E+001
  0.30295886E+000  0.31844111E+000  0.46007078E+000  0.62776830E+000  0.80312681E+000  0.91034070E+000  0.12870709E+001  0.18867569E+001  0.26314141E+001  0.40996576E+001  0.58391670E+001
  0.30295886E+000  0.31844111E+000  0.46007078E+000  0.62776830E+000  0.80312683E+000  0.91034069E+000  0.12870709E+001  0.18867589E+001  0.26314171E+001  0.40996585E+001  0.58391722E+001
  0.30295886E+000  0.31844111E+000  0.46007078E+000  0.62776830E+000  0.80312684E+000  0.91034067E+000  0.12870709E+001  0.18867609E+001  0.26314201E+001  0.40996594E+001  0.58391775E+001
  0.30295886E+000  0.31844111E+000  0.46007078E+000  0.62776830E+000  0.80312685E+000  0.91034065E+000  0.12870709E+001  0.18867628E+001  0.26314230E+001  0.40996603E+001  0.58391827E+001
  0.30295886E+000  0.31844110E+000  0.46007078E+000  0.62776830E+000  0.80312686E+000  0.91034064E+000  0.12870709E+001  0.18867647E+001  0.26314259E+001  0.40996612E+001  0.58391879E+001
  0.30295885E+000  0.31844110E+000  0.46007078E+000  0.62776830E+000  0.80312687E+000  0.91034062E+000  0.12870709E+001  0.18867665E+001  0.26314287E+001  0.40996621E+001  0.58391931E+001
  0.30295885E+000  0.31844110E+000  0.46007078E+000  0.62776830E+000  0.80312688E+000  0.91034061E+000  0.12870709E+001  0.18867818E+001  0.26314315E+001  0.40996629E+001  0.58391983E+001
  0.30295885E+000  0.31844110E+000  0.46007078E+000  0.62776830E+000  0.80312688E+000  0.91034059E+000  0.12870709E+001  0.18876341E+001  0.26314342E+001  0.40996638E+001  0.58392035E+001
  0.30295885E+000  0.31844110E+000  0.46007078E+000  0.62776830E+000  0.80312689E+000  0.91034058E+000  0.12870709E+001  0.18876386E+001  0.26314369E+001  0.40996646E+001  0.58392086E+001
  0.30295885E+000  0.31844110E+000  0.46007078E+000  0.62776830E+000  0.80312690E+000  0.91034057E+000  0.12870709E+001  0.18876430E+001  0.26314396E+001  0.40996655E+001  0.58392137E+001
  0.30295884E+000  0.31844110E+000  0.46007078E+000  0.62776830E+000  0.80312691E+000  0.91034055E+000  0.12870709E+001  0.18876473E+001  0.26314422E+001  0.40996663E+001  0.58392188E+001
  0.30295884E+000  0.31844110E+000  0.46007078E+000  0.62776830E+000  0.80312692E+000  0.91034054E+000  0.12870709E+001  0.18876515E+001  0.26314448E+001  0.40996671E+001  0.58392239E+001
  0.30295884E+000  0.31844109E+000  0.46007078E+000  0.62776830E+000  0.80312692E+000  0.91034053E+000  0.12870709E+001  0.18876556E+001  0.26314473E+001  0.40996679E+001  0.58392289E+001
  0.30295884E+000  0.31844109E+000  0.46007078E+000  0.62776830E+000  0.80312693E+000  0.91034052E+000  0.12870709E+001  0.18876596E+001  0.26314498E+001  0.40996687E+001  0.58392339E+001
  0.30295884E+000  0.31844109E+000  0.46007078E+000  0.62776830E+000  0.80312694E+000  0.91034050E+000  0.12870709E+001  0.18876635E+001  0.26314522E+001  0.40996695E+001  0.58392388E+001
  0.30295884E+000  0.31844109E+000  0.46007078E+000  0.62776830E+000  0.80312695E+000  0.91034049E+000  0.12870709E+001  0.18876673E+001  0.26314546E+001  0.40996703E+001  0.58392437E+001
  0.30295884E+000  0.31844109E+000  0.46007078E+000  0.62776830E+000  0.80312695E+000  0.91034048E+000  0.12870709E+001  0.18876710E+001  0.26314660E+001  0.40996710E+001  0.58392485E+001
  0.30295883E+000  0.31844109E+000  0.46007078E+000  0.62776830E+000  0.80312696E+000  0.91034048E+000  0.12870709E+001  0.18876747E+001  0.26314713E+001  0.40996718E+001  0.58392533E+001
  0.30295883E+000  0.31844109E+000  0.46007078E+000  0.62776830E+000  0.80312697E+000  0.91034047E+000  0.12870709E+001  0.18876782E+001  0.26314766E+001  0.40996725E+001  0.58392581E+001
  0.30295883E+000  0.31844109E+000  0.46007078E+000  0.62776830E+000  0.80312697E+000  0.91034046E+000  0.12870709E+001  0.18876816E+001  0.26314817E+001  0.40996733E+001  0.58392627E+001
  0.30295883E+000  0.31844109E+000  0.46007078E+000  0.62776830E+000  0.80312698E+000  0.91034045E+000  0.12870709E+001  0.18876849E+001  0.26314867E+001  0.40996740E+001  0.58392674E+001
  0.30295883E+000  0.31844109E+000  0.46007078E+000  0.62776830E+000  0.80312698E+000  0.91034044E+000  0.12870709E+001  0.18876882E+001  0.26314916E+001  0.40996747E+001  0.58392719E+001
  0.30295883E+000  0.31844108E+000  0.46007078E+000  0.62776830E+000  0.80312699E+000  0.91034044E+000  0.12870709E+001  0.18876913E+001  0.26314964E+001  0.40996754E+001  0.58392764E+001
  0.30295883E+000  0.31844108E+000  0.46007078E+000  0.62776830E+000  0.80312700E+000  0.91034043E+000  0.12870709E+001  0.18876944E+001  0.26315010E+001  0.40996761E+001  0.58392809E+001
  0.30295883E+000  0.31844108E+000  0.46007078E+000  0.62776830E+000  0.80312700E+000  0.91034043E+000  0.12870709E+001  0.18876974E+001  0.26315056E+001  0.40996767E+001  0.58392852E+001
  0.30295883E+000  0.31844108E+000  0.46007078E+000  0.62776830E+000  0.80312701E+000  0.91034042E+000  0.12870709E+001  0.18877003E+001  0.26315100E+001  0.40996774E+001  0.58392895E+001
  0.30295883E+000  0.31844108E+000  0.46007078E+000  0.62776830E+000  0.80312702E+000  0.91034042E+000  0.12870709E+001  0.18877031E+001  0.26315144E+001  0.40996780E+001  0.58392938E+001
  0.30295883E+000  0.31844108E+000  0.46007078E+000  0.62776830E+000  0.80312702E+000  0.91034041E+000  0.12870709E+001  0.18877058E+001  0.26315186E+001  0.40996787E+001  0.58392979E+001
  0.30295883E+000  0.31844108E+000  0.46007078E+000  0.62776830E+000  0.80312703E+000  0.91034041E+000  0.12870709E+001  0.18877084E+001  0.26315227E+001  0.40996793E+001  0.58393020E+001
  0.30295883E+000  0.31844108E+000  0.46007078E+000  0.62776830E+000  0.80312703E+000  0.91034041E+000  0.12870709E+001  0.18877110E+001  0.26315267E+001  0.40996799E+001  0.58393061E+001
  0.30295883E+000  0.31844108E+000  0.46007078E+000  0.62776830E+000  0.80312704E+000  0.91034041E+000  0.12870709E+001  0.18877134E+001  0.26315306E+001  0.40996805E+001  0.58393100E+001
  0.30295883E+000  0.31844108E+000  0.46007078E+000  0.62776830E+000  0.80312705E+000  0.91034041E+000  0.12870709E+001  0.18877158E+001  0.26315344E+001  0.40996810E+001  0.58393139E+001
  0.30295883E+000  0.31844108E+000  0.46007078E+000  0.62776830E+000  0.80312705E+000  0.91034041E+000  0.12870709E+001  0.18877181E+001  0.26315381E+001  0.40996816E+001  0.58393177E+001
  0.30295883E+000  0.31844108E+000  0.46007078E+000  0.62776830E+000  0.80312706E+000  0.91034041E+000  0.12870709E+001  0.18877204E+001  0.26315416E+001  0.40996822E+001  0.58393214E+001
  0.30295883E+000  0.31844108E+000  0.46007078E+000  0.62776830E+000  0.80312706E+000  0.91034041E+000  0.12870709E+001  0.18877226E+001  0.26315451E+001  0.40996827E+001  0.58393251E+001
  0.30295883E+000  0.31844108E+000  0.46007078E+000  0.62776830E+000  0.80312707E+000  0.91034041E+000  0.12870709E+001  0.18877247E+001  0.26315485E+001  0.40996832E+001  0.58393286E+001
  0.30295884E+000  0.31844108E+000  0.46007078E+000  0.62776830E+000  0.80312707E+000  0.91034041E+000  0.12870709E+001  0.18877267E+001  0.26315518E+001  0.40996837E+001  0.58393322E+001
  0.30295884E+000  0.31844108E+000  0.46007078E+000  0.62776830E+000  0.80312708E+000  0.91034041E+000  0.12870709E+001  0.18877286E+001  0.26315549E+001  0.40996842E+001  0.58393356E+001
  0.30295884E+000  0.31844108E+000  0.46007078E+000  0.62776830E+000  0.80312709E+000  0.91034041E+000  0.12870709E+001  0.18877305E+001  0.26315580E+001  0.40996847E+001  0.58393389E+001
  0.30295884E+000  0.31844108E+000  0.46007078E+000  0.62776830E+000  0.80312709E+000  0.91034041E+000  0.12870709E+001  0.18877323E+001  0.26315610E+001  0.40996852E+001  0.58393422E+001
  0.30295884E+000  0.31844108E+000  0.46007078E+000  0.62776830E+000  0.80312710E+000  0.91034042E+000  0.12870709E+001  0.18877341E+001  0.26315639E+001  0.40996857E+001  0.58393454E+001
  0.30295884E+000  0.31844108E+000  0.46007078E+000  0.62776830E+000  0.80312710E+000  0.91034042E+000  0.12870709E+001  0.18877358E+001  0.26315667E+001  0.40996861E+001  0.58393485E+001
  0.30295884E+000  0.31844108E+000  0.46007078E+000  0.62776830E+000  0.80312711E+000  0.91034042E+000  0.12870709E+001  0.18877374E+001  0.26315694E+001  0.40996865E+001  0.58393516E+001
  0.30295884E+000  0.31844108E+000  0.46007078E+000  0.62776830E+000  0.80312711E+000  0.91034042E+000  0.12870709E+001  0.18877390E+001  0.26315720E+001  0.40996870E+001  0.58393545E+001
  0.30295885E+000  0.31844108E+000  0.46007078E+000  0.62776830E+000  0.80312712E+000  0.91034043E+000  0.12870709E+001  0.18877405E+001  0.26315745E+001  0.40996874E+001  0.58393574E+001
  0.30295885E+000  0.31844108E+000  0.46007078E+000  0.62776830E+000  0.80312712E+000  0.91034043E+000  0.12870709E+001  0.18877420E+001  0.26315770E+001  0.40996878E+001  0.58393603E+001
  0.30295885E+000  0.31844108E+000  0.46007078E+000  0.62776830E+000  0.80312713E+000  0.91034043E+000  0.12870709E+001  0.18877434E+001  0.26315793E+001  0.40996882E+001  0.58393630E+001
  0.30295885E+000  0.31844108E+000  0.46007078E+000  0.62776830E+000  0.80312713E+000  0.91034044E+000  0.12870709E+001  0.18877447E+001  0.26315816E+001  0.40996885E+001  0.58393657E+001
  0.30295885E+000  0.31844108E+000  0.46007078E+000  0.62776830E+000  0.80312714E+000  0.91034044E+000  0.12870709E+001  0.18877460E+001  0.26315838E+001  0.40996889E+001  0.58393683E+001
  0.30295885E+000  0.31844108E+000  0.46007078E+000  0.62776830E+000  0.80312714E+000  0.91034045E+000  0.12870709E+001  0.18877472E+001  0.26315859E+001  0.40996893E+001  0.58393708E+001
  0.30295885E+000  0.31844108E+000  0.46007078E+000  0.62776830E+000  0.80312715E+000  0.91034045E+000  0.12870709E+001  0.18877484E+001  0.26315880E+001  0.40996896E+001  0.58393733E+001
  0.30295886E+000  0.31844109E+000  0.46007078E+000  0.62776830E+000  0.80312715E+000  0.91034046E+000  0.12870709E+001  0.18877496E+001  0.26315900E+001  0.40996900E+001  0.58393757E+001
  0.30295886E+000  0.31844109E+000  0.46007078E+000  0.62776830E+000  0.80312716E+000  0.91034046E+000  0.12870709E+001  0.18877507E+001  0.26315919E+001  0.40996903E+001  0.58393780E+001
  0.30295886E+000  0.31844109E+000  0.46007078E+000  0.62776830E+000  0.80312716E+000  0.91034046E+000  0.12870709E+001  0.18877517E+001  0.26315937E+001  0.40996906E+001  0.58393803E+001
  0.30295886E+000  0.31844109E+000  0.46007078E+000  0.62776830E+000  0.80312716E+000  0.91034047E+000  0.12870709E+001  0.18877527E+001  0.26315955E+001  0.40996909E+001  0.58393825E+001
  0.30295886E+000  0.31844109E+000  0.46007078E+000  0.62776830E+000  0.80312717E+000  0.91034047E+000  0.12870709E+001  0.18877537E+001  0.26315972E+001  0.40996912E+001  0.58393846E+001
  0.30295886E+000  0.31844109E+000  0.46007078E+000  0.62776830E+000  0.80312717E+000  0.91034048E+000  0.12870709E+001  0.18877546E+001  0.26315988E+001  0.40996915E+001  0.58393868E+001
  0.30295887E+000  0.31844109E+000  0.46007078E+000  0.62776830E+000  0.80312719E+000  0.91034049E+000  0.12870709E+001  0.18877556E+001  0.26316004E+001  0.40996918E+001  0.58393889E+001
  0.30295888E+000  0.31844109E+000  0.46007078E+000  0.62776830E+000  0.80312720E+000  0.91034055E+000  0.12870709E+001  0.18877565E+001  0.26316021E+001  0.40996921E+001  0.58393909E+001
