 -0.57432092E+000 -0.43190780E+000 -0.11426195E+000 -0.56729871E-002 -0.39447190E-002 -0.10642722E-002  0.10817903E-002  0.96014761E+000  0.25658122E+001  0.51504776E+001  0.73807482E+001
 -0.57450503E+000 -0.43221891E+000 -0.11471069E+000 -0.56766074E-002 -0.39594105E-002 -0.10974157E-002  0.10764716E-002  0.95878559E+000  0.25639368E+001  0.51468481E+001  0.73767388E+001
 -0.57462867E+000 -0.43245015E+000 -0.11503963E+000 -0.56775074E-002 -0.39601659E-002 -0.10979301E-002  0.10754929E-002  0.95769884E+000  0.25624045E+001  0.51437976E+001  0.73733440E+001
 -0.57470589E+000 -0.43261274E+000 -0.11527724E+000 -0.56778750E-002 -0.39592713E-002 -0.10949318E-002  0.10754094E-002  0.95683868E+000  0.25611859E+001  0.51413074E+001  0.73705446E+001
 -0.57474926E+000 -0.43271932E+000 -0.11544407E+000 -0.56780278E-002 -0.39581979E-002 -0.10918147E-002  0.10755505E-002  0.95616502E+000  0.25602365E+001  0.51393287E+001  0.73682903E+001
 -0.57476885E+000 -0.43278206E+000 -0.11555536E+000 -0.56780496E-002 -0.39571554E-002 -0.10889984E-002  0.10757573E-002  0.95564603E+000  0.25595115E+001  0.51378035E+001  0.73665245E+001
 -0.57477225E+000 -0.43281148E+000 -0.11562288E+000 -0.56779822E-002 -0.39561809E-002 -0.10865121E-002  0.10759854E-002  0.95525593E+000  0.25589718E+001  0.51366719E+001  0.73651900E+001
 -0.57476501E+000 -0.43281640E+000 -0.11565601E+000 -0.56778531E-002 -0.39552812E-002 -0.10843281E-002  0.10762190E-002  0.95497337E+000  0.25585848E+001  0.51358756E+001  0.73642315E+001
 -0.57475110E+000 -0.43280383E+000 -0.11566234E+000 -0.56776815E-002 -0.39544529E-002 -0.10824052E-002  0.10764500E-002  0.95478048E+000  0.25583236E+001  0.51353611E+001  0.73635968E+001
 -0.57473329E+000 -0.43277918E+000 -0.11564806E+000 -0.56774825E-002 -0.39536947E-002 -0.10807150E-002  0.10766737E-002  0.95466221E+000  0.25581665E+001  0.51350808E+001  0.73632379E+001
 -0.57471352E+000 -0.43274661E+000 -0.11561824E+000 -0.56772673E-002 -0.39530064E-002 -0.10792382E-002  0.10768877E-002  0.95460587E+000  0.25580959E+001  0.51349932E+001  0.73631109E+001
 -0.57469306E+000 -0.43270921E+000 -0.11557701E+000 -0.56770438E-002 -0.39523825E-002 -0.10779470E-002  0.10770909E-002  0.95460083E+000  0.25580969E+001  0.51350631E+001  0.73631769E+001
 -0.57467277E+000 -0.43266929E+000 -0.11552769E+000 -0.56768190E-002 -0.39518176E-002 -0.10768150E-002  0.10772832E-002  0.95463813E+000  0.25581574E+001  0.51352611E+001  0.73634017E+001
 -0.57465316E+000 -0.43262851E+000 -0.11547301E+000 -0.56765970E-002 -0.39513064E-002 -0.10758220E-002  0.10774648E-002  0.95471033E+000  0.25582673E+001  0.51355623E+001  0.73637555E+001
 -0.57463455E+000 -0.43258806E+000 -0.11541511E+000 -0.56763805E-002 -0.39508440E-002 -0.10749497E-002  0.10776361E-002  0.95481118E+000  0.25584180E+001  0.51359464E+001  0.73642129E+001
 -0.57461710E+000 -0.43254874E+000 -0.11535571E+000 -0.56761715E-002 -0.39504254E-002 -0.10741819E-002  0.10777980E-002  0.95493549E+000  0.25586023E+001  0.51363965E+001  0.73647523E+001
 -0.57460086E+000 -0.43251112E+000 -0.11529614E+000 -0.56759715E-002 -0.39500464E-002 -0.10735045E-002  0.10779513E-002  0.95507893E+000  0.25588142E+001  0.51368983E+001  0.73653553E+001
 -0.57458584E+000 -0.43247551E+000 -0.11523743E+000 -0.56757813E-002 -0.39497028E-002 -0.10729054E-002  0.10780968E-002  0.95523788E+000  0.25590485E+001  0.51374403E+001  0.73660068E+001
 -0.57457200E+000 -0.43244210E+000 -0.11518034E+000 -0.56756014E-002 -0.39493912E-002 -0.10723740E-002  0.10782353E-002  0.95540934E+000  0.25593009E+001  0.51380125E+001  0.73666937E+001
 -0.57455926E+000 -0.43241096E+000 -0.11512545E+000 -0.56754323E-002 -0.39491082E-002 -0.10719014E-002  0.10783677E-002  0.95559075E+000  0.25595676E+001  0.51386068E+001  0.73674055E+001
 -0.57454755E+000 -0.43238208E+000 -0.11507314E+000 -0.56752739E-002 -0.39488510E-002 -0.10714795E-002  0.10784945E-002  0.95577999E+000  0.25598454E+001  0.51392163E+001  0.73681330E+001
 -0.57453680E+000 -0.43235540E+000 -0.11502366E+000 -0.56751261E-002 -0.39486170E-002 -0.10711017E-002  0.10786165E-002  0.95597524E+000  0.25601316E+001  0.51398350E+001  0.73688687E+001
 -0.57452691E+000 -0.43233083E+000 -0.11497716E+000 -0.56749887E-002 -0.39484037E-002 -0.10707620E-002  0.10787342E-002  0.95617495E+000  0.25604237E+001  0.51404579E+001  0.73696062E+001
 -0.57451780E+000 -0.43230824E+000 -0.11493369E+000 -0.56748614E-002 -0.39482092E-002 -0.10704554E-002  0.10788482E-002  0.95637777E+000  0.25607196E+001  0.51410806E+001  0.73703402E+001
 -0.57450941E+000 -0.43228749E+000 -0.11489323E+000 -0.56747437E-002 -0.39480314E-002 -0.10701775E-002  0.10789587E-002  0.95658254E+000  0.25610175E+001  0.51416995E+001  0.73710660E+001
 -0.57450167E+000 -0.43226846E+000 -0.11485572E+000 -0.56746351E-002 -0.39478687E-002 -0.10699245E-002  0.10790663E-002  0.95678820E+000  0.25613156E+001  0.51423112E+001  0.73717798E+001
 -0.57449450E+000 -0.43225099E+000 -0.11482105E+000 -0.56745352E-002 -0.39477195E-002 -0.10696932E-002  0.10791712E-002  0.95699382E+000  0.25616125E+001  0.51429129E+001  0.73724782E+001
 -0.57448786E+000 -0.43223496E+000 -0.11478910E+000 -0.56744434E-002 -0.39475824E-002 -0.10694807E-002  0.10792737E-002  0.95719854E+000  0.25619067E+001  0.51435020E+001  0.73731582E+001
 -0.57448168E+000 -0.43222023E+000 -0.11475970E+000 -0.56743592E-002 -0.39474562E-002 -0.10692845E-002  0.10793740E-002  0.95740155E+000  0.25621970E+001  0.51440762E+001  0.73738173E+001
 -0.57447593E+000 -0.43220667E+000 -0.11473269E+000 -0.56742820E-002 -0.39473398E-002 -0.10691027E-002  0.10794721E-002  0.95760212E+000  0.25624822E+001  0.51446336E+001  0.73744532E+001
 -0.57447056E+000 -0.43219419E+000 -0.11470791E+000 -0.56742113E-002 -0.39472321E-002 -0.10689335E-002  0.10795683E-002  0.95779952E+000  0.25627613E+001  0.51451723E+001  0.73750642E+001
 -0.57446554E+000 -0.43218266E+000 -0.11468518E+000 -0.56741465E-002 -0.39471323E-002 -0.10687752E-002  0.10796625E-002  0.95799308E+000  0.25630331E+001  0.51456908E+001  0.73756484E+001
 -0.57446082E+000 -0.43217200E+000 -0.11466432E+000 -0.56740872E-002 -0.39470395E-002 -0.10686268E-002  0.10797548E-002  0.95818214E+000  0.25632968E+001  0.51461876E+001  0.73762045E+001
 -0.57445638E+000 -0.43216212E+000 -0.11464519E+000 -0.56740328E-002 -0.39469531E-002 -0.10684870E-002  0.10798452E-002  0.95836608E+000  0.25635514E+001  0.51466615E+001  0.73767315E+001
 -0.57445220E+000 -0.43215294E+000 -0.11462763E+000 -0.56739830E-002 -0.39468726E-002 -0.10683552E-002  0.10799334E-002  0.95854431E+000  0.25637963E+001  0.51471114E+001  0.73772282E+001
 -0.57444826E+000 -0.43214438E+000 -0.11461148E+000 -0.56739372E-002 -0.39467972E-002 -0.10682305E-002  0.10800195E-002  0.95871625E+000  0.25640306E+001  0.51475365E+001  0.73776941E+001
 -0.57444453E+000 -0.43213640E+000 -0.11459662E+000 -0.56738953E-002 -0.39467267E-002 -0.10681125E-002  0.10801033E-002  0.95888137E+000  0.25642537E+001  0.51479362E+001  0.73781288E+001
 -0.57444100E+000 -0.43212894E+000 -0.11458293E+000 -0.56738567E-002 -0.39466607E-002 -0.10680008E-002  0.10801847E-002  0.95903918E+000  0.25644651E+001  0.51483100E+001  0.73785320E+001
 -0.57443765E+000 -0.43212195E+000 -0.11457030E+000 -0.56738211E-002 -0.39465988E-002 -0.10678950E-002  0.10802633E-002  0.95918926E+000  0.25646643E+001  0.51486575E+001  0.73789041E+001
 -0.57443448E+000 -0.43211540E+000 -0.11455863E+000 -0.56737884E-002 -0.39465409E-002 -0.10677949E-002  0.10803390E-002  0.95933120E+000  0.25648510E+001  0.51489790E+001  0.73792452E+001
 -0.57443147E+000 -0.43210925E+000 -0.11454783E+000 -0.56737583E-002 -0.39464866E-002 -0.10677005E-002  0.10804117E-002  0.95946471E+000  0.25650249E+001  0.51492744E+001  0.73795561E+001
 -0.57442863E+000 -0.43210346E+000 -0.11453783E+000 -0.56737305E-002 -0.39464359E-002 -0.10676116E-002  0.10804810E-002  0.95958954E+000  0.25651860E+001  0.51495443E+001  0.73798377E+001
 -0.57442593E+000 -0.43209802E+000 -0.11452856E+000 -0.56737049E-002 -0.39463886E-002 -0.10675281E-002  0.10805468E-002  0.95970554E+000  0.25653343E+001  0.51497894E+001  0.73800912E+001
 -0.57442338E+000 -0.43209291E+000 -0.11451995E+000 -0.56736812E-002 -0.39463445E-002 -0.10674500E-002  0.10806088E-002  0.95981263E+000  0.25654698E+001  0.51500105E+001  0.73803180E+001
 -0.57442096E+000 -0.43208810E+000 -0.11451196E+000 -0.56736594E-002 -0.39463036E-002 -0.10673772E-002  0.10806670E-002  0.95991085E+000  0.25655929E+001  0.51502086E+001  0.73805195E+001
 -0.57441868E+000 -0.43208358E+000 -0.11450454E+000 -0.56736393E-002 -0.39462657E-002 -0.10673095E-002  0.10807211E-002  0.96000030E+000  0.25657040E+001  0.51503851E+001  0.73806976E+001
 -0.57441653E+000 -0.43207932E+000 -0.11449763E+000 -0.56736208E-002 -0.39462306E-002 -0.10672469E-002  0.10807712E-002  0.96008121E+000  0.25658036E+001  0.51505414E+001  0.73808540E+001
 -0.57441450E+000 -0.43207532E+000 -0.11449121E+000 -0.56736037E-002 -0.39461982E-002 -0.10671892E-002  0.10808171E-002  0.96015388E+000  0.25658923E+001  0.51506789E+001  0.73809906E+001
 -0.57441258E+000 -0.43207156E+000 -0.11448523E+000 -0.56735879E-002 -0.39461685E-002 -0.10671361E-002  0.10808590E-002  0.96021868E+000  0.25659707E+001  0.51507993E+001  0.73811094E+001
 -0.57441077E+000 -0.43206801E+000 -0.11447966E+000 -0.56735733E-002 -0.39461411E-002 -0.10670874E-002  0.10808968E-002  0.96027609E+000  0.25660396E+001  0.51509041E+001  0.73812122E+001
 -0.57440906E+000 -0.43206467E+000 -0.11447445E+000 -0.56735598E-002 -0.39461159E-002 -0.10670427E-002  0.10809307E-002  0.96032660E+000  0.25660999E+001  0.51509950E+001  0.73813009E+001
 -0.57440745E+000 -0.43206152E+000 -0.11446958E+000 -0.56735473E-002 -0.39460927E-002 -0.10670016E-002  0.10809609E-002  0.96037078E+000  0.25661524E+001  0.51510735E+001  0.73813772E+001
 -0.57440592E+000 -0.43205853E+000 -0.11446501E+000 -0.56735357E-002 -0.39460713E-002 -0.10669639E-002  0.10809875E-002  0.96040922E+000  0.25661979E+001  0.51511413E+001  0.73814426E+001
 -0.57440446E+000 -0.43205570E+000 -0.11446071E+000 -0.56735249E-002 -0.39460514E-002 -0.10669290E-002  0.10810110E-002  0.96044251E+000  0.25662372E+001  0.51511996E+001  0.73814988E+001
 -0.57440308E+000 -0.43205300E+000 -0.11445666E+000 -0.56735147E-002 -0.39460329E-002 -0.10668965E-002  0.10810314E-002  0.96047124E+000  0.25662710E+001  0.51512498E+001  0.73815470E+001
 -0.57440175E+000 -0.43205043E+000 -0.11445281E+000 -0.56735052E-002 -0.39460155E-002 -0.10668660E-002  0.10810492E-002  0.96049598E+000  0.25663002E+001  0.51512931E+001  0.73815883E+001
 -0.57440047E+000 -0.43204795E+000 -0.11444915E+000 -0.56734961E-002 -0.39459990E-002 -0.10668371E-002  0.10810647E-002  0.96051727E+000  0.25663254E+001  0.51513304E+001  0.73816240E+001
 -0.57439923E+000 -0.43204557E+000 -0.11444566E+000 -0.56734875E-002 -0.39459832E-002 -0.10668094E-002  0.10810781E-002  0.96053558E+000  0.25663471E+001  0.51513627E+001  0.73816548E+001
 -0.57439802E+000 -0.43204326E+000 -0.11444230E+000 -0.56734792E-002 -0.39459680E-002 -0.10667825E-002  0.10810898E-002  0.96055136E+000  0.25663659E+001  0.51513907E+001  0.73816814E+001
 -0.57439684E+000 -0.43204101E+000 -0.11443906E+000 -0.56734713E-002 -0.39459531E-002 -0.10667561E-002  0.10811000E-002  0.96056499E+000  0.25663822E+001  0.51514151E+001  0.73817045E+001
 -0.57439568E+000 -0.43203882E+000 -0.11443592E+000 -0.56734635E-002 -0.39459384E-002 -0.10667299E-002  0.10811090E-002  0.96057680E+000  0.25663964E+001  0.51514364E+001  0.73817245E+001
 -0.57439454E+000 -0.43203667E+000 -0.11443287E+000 -0.56734560E-002 -0.39459238E-002 -0.10667036E-002  0.10811170E-002  0.96058707E+000  0.25664087E+001  0.51514549E+001  0.73817419E+001
 -0.57439341E+000 -0.43203455E+000 -0.11442989E+000 -0.56734486E-002 -0.39459093E-002 -0.10666770E-002  0.10811242E-002  0.96059600E+000  0.25664194E+001  0.51514710E+001  0.73817569E+001
 -0.57439229E+000 -0.43203246E+000 -0.11442698E+000 -0.56734413E-002 -0.39458946E-002 -0.10666500E-002  0.10811308E-002  0.96060379E+000  0.25664288E+001  0.51514850E+001  0.73817697E+001
 -0.57439117E+000 -0.43203040E+000 -0.11442412E+000 -0.56734341E-002 -0.39458798E-002 -0.10666225E-002  0.10811369E-002  0.96061056E+000  0.25664369E+001  0.51514970E+001  0.73817806E+001
 -0.57439006E+000 -0.43202835E+000 -0.11442131E+000 -0.56734270E-002 -0.39458647E-002 -0.10665942E-002  0.10811427E-002  0.96061642E+000  0.25664438E+001  0.51515071E+001  0.73817896E+001
 -0.57438895E+000 -0.43202632E+000 -0.11441854E+000 -0.56734199E-002 -0.39458494E-002 -0.10665652E-002  0.10811482E-002  0.96062144E+000  0.25664497E+001  0.51515155E+001  0.73817967E+001
 -0.57438783E+000 -0.43202431E+000 -0.11441581E+000 -0.56734129E-002 -0.39458339E-002 -0.10665355E-002  0.10811535E-002  0.96062568E+000  0.25664545E+001  0.51515222E+001  0.73818021E+001
 -0.57438672E+000 -0.43202231E+000 -0.11441312E+000 -0.56734060E-002 -0.39458181E-002 -0.10665049E-002  0.10811586E-002  0.96062918E+000  0.25664584E+001  0.51515272E+001  0.73818058E+001
 -0.57438561E+000 -0.43202032E+000 -0.11441046E+000 -0.56733990E-002 -0.39458020E-002 -0.10664736E-002  0.10811637E-002  0.96063196E+000  0.25664613E+001  0.51515306E+001  0.73818078E+001
 -0.57438450E+000 -0.43201835E+000 -0.11440784E+000 -0.56733921E-002 -0.39457856E-002 -0.10664414E-002  0.10811686E-002  0.96063404E+000  0.25664632E+001  0.51515324E+001  0.73818082E+001
 -0.57438340E+000 -0.43201639E+000 -0.11440526E+000 -0.56733853E-002 -0.39457690E-002 -0.10664086E-002  0.10811736E-002  0.96063544E+000  0.25664642E+001  0.51515326E+001  0.73818068E+001
 -0.57438229E+000 -0.43201444E+000 -0.11440270E+000 -0.56733785E-002 -0.39457522E-002 -0.10663750E-002  0.10811784E-002  0.96063615E+000  0.25664643E+001  0.51515312E+001  0.73818039E+001
 -0.57438119E+000 -0.43201251E+000 -0.11440018E+000 -0.56733717E-002 -0.39457351E-002 -0.10663408E-002  0.10811832E-002  0.96063621E+000  0.25664636E+001  0.51515283E+001  0.73817993E+001
 -0.57438009E+000 -0.43201059E+000 -0.11439770E+000 -0.56733649E-002 -0.39457178E-002 -0.10663060E-002  0.10811881E-002  0.96063561E+000  0.25664619E+001  0.51515239E+001  0.73817932E+001
 -0.57437899E+000 -0.43200869E+000 -0.11439524E+000 -0.56733582E-002 -0.39457004E-002 -0.10662706E-002  0.10811929E-002  0.96063437E+000  0.25664594E+001  0.51515180E+001  0.73817856E+001
 -0.57437790E+000 -0.43200681E+000 -0.11439282E+000 -0.56733516E-002 -0.39456828E-002 -0.10662347E-002  0.10811977E-002  0.96063251E+000  0.25664561E+001  0.51515107E+001  0.73817766E+001
 -0.57437682E+000 -0.43200494E+000 -0.11439043E+000 -0.56733450E-002 -0.39456651E-002 -0.10661985E-002  0.10812025E-002  0.96063004E+000  0.25664519E+001  0.51515021E+001  0.73817662E+001
 -0.57437574E+000 -0.43200309E+000 -0.11438808E+000 -0.56733384E-002 -0.39456472E-002 -0.10661619E-002  0.10812072E-002  0.96062700E+000  0.25664470E+001  0.51514922E+001  0.73817545E+001
 -0.57437466E+000 -0.43200125E+000 -0.11438575E+000 -0.56733319E-002 -0.39456293E-002 -0.10661249E-002  0.10812121E-002  0.96062341E+000  0.25664414E+001  0.51514811E+001  0.73817416E+001
 -0.57437359E+000 -0.43199944E+000 -0.11438345E+000 -0.56733255E-002 -0.39456114E-002 -0.10660878E-002  0.10812169E-002  0.96061929E+000  0.25664351E+001  0.51514689E+001  0.73817275E+001
 -0.57437253E+000 -0.43199763E+000 -0.11438118E+000 -0.56733191E-002 -0.39455934E-002 -0.10660505E-002  0.10812217E-002  0.96061467E+000  0.25664281E+001  0.51514556E+001  0.73817125E+001
 -0.57437148E+000 -0.43199585E+000 -0.11437893E+000 -0.56733127E-002 -0.39455754E-002 -0.10660131E-002  0.10812266E-002  0.96060960E+000  0.25664206E+001  0.51514414E+001  0.73816965E+001
 -0.57437043E+000 -0.43199408E+000 -0.11437671E+000 -0.56733064E-002 -0.39455574E-002 -0.10659756E-002  0.10812315E-002  0.96060409E+000  0.25664125E+001  0.51514262E+001  0.73816797E+001
 -0.57436939E+000 -0.43199232E+000 -0.11437451E+000 -0.56733001E-002 -0.39455394E-002 -0.10659381E-002  0.10812364E-002  0.96059818E+000  0.25664039E+001  0.51514104E+001  0.73816621E+001
 -0.57436835E+000 -0.43199058E+000 -0.11437233E+000 -0.56732939E-002 -0.39455215E-002 -0.10659007E-002  0.10812414E-002  0.96059192E+000  0.25663948E+001  0.51513938E+001  0.73816439E+001
 -0.57436733E+000 -0.43198886E+000 -0.11437018E+000 -0.56732877E-002 -0.39455036E-002 -0.10658634E-002  0.10812465E-002  0.96058532E+000  0.25663854E+001  0.51513766E+001  0.73816252E+001
 -0.57436631E+000 -0.43198715E+000 -0.11436804E+000 -0.56732816E-002 -0.39454859E-002 -0.10658262E-002  0.10812516E-002  0.96057843E+000  0.25663755E+001  0.51513589E+001  0.73816061E+001
 -0.57436530E+000 -0.43198545E+000 -0.11436593E+000 -0.56732755E-002 -0.39454682E-002 -0.10657893E-002  0.10812567E-002  0.96057128E+000  0.25663654E+001  0.51513408E+001  0.73815866E+001
 -0.57436430E+000 -0.43198377E+000 -0.11436383E+000 -0.56732695E-002 -0.39454507E-002 -0.10657526E-002  0.10812620E-002  0.96056390E+000  0.25663550E+001  0.51513223E+001  0.73815669E+001
 -0.57436330E+000 -0.43198210E+000 -0.11436174E+000 -0.56732635E-002 -0.39454333E-002 -0.10657161E-002  0.10812673E-002  0.96055633E+000  0.25663444E+001  0.51513035E+001  0.73815470E+001
 -0.57436231E+000 -0.43198045E+000 -0.11435967E+000 -0.56732576E-002 -0.39454160E-002 -0.10656800E-002  0.10812726E-002  0.96054859E+000  0.25663335E+001  0.51512846E+001  0.73815270E+001
 -0.57436134E+000 -0.43197881E+000 -0.11435762E+000 -0.56732517E-002 -0.39453989E-002 -0.10656442E-002  0.10812781E-002  0.96054070E+000  0.25663226E+001  0.51512655E+001  0.73815069E+001
 -0.57436037E+000 -0.43197718E+000 -0.11435558E+000 -0.56732458E-002 -0.39453820E-002 -0.10656089E-002  0.10812837E-002  0.96053271E+000  0.25663115E+001  0.51512464E+001  0.73814869E+001
 -0.57435941E+000 -0.43197556E+000 -0.11435356E+000 -0.56732400E-002 -0.39453652E-002 -0.10655739E-002  0.10812893E-002  0.96052463E+000  0.25663004E+001  0.51512272E+001  0.73814670E+001
 -0.57435845E+000 -0.43197396E+000 -0.11435155E+000 -0.56732342E-002 -0.39453487E-002 -0.10655393E-002  0.10812950E-002  0.96051649E+000  0.25662892E+001  0.51512081E+001  0.73814472E+001
 -0.57435751E+000 -0.43197238E+000 -0.11434955E+000 -0.56732285E-002 -0.39453323E-002 -0.10655052E-002  0.10813008E-002  0.96050830E+000  0.25662780E+001  0.51511891E+001  0.73814277E+001
 -0.57435658E+000 -0.43197081E+000 -0.11434756E+000 -0.56732229E-002 -0.39453162E-002 -0.10654716E-002  0.10813067E-002  0.96050010E+000  0.25662668E+001  0.51511702E+001  0.73814083E+001
 -0.57435566E+000 -0.43196925E+000 -0.11434559E+000 -0.56732172E-002 -0.39453002E-002 -0.10654385E-002  0.10813127E-002  0.96049189E+000  0.25662556E+001  0.51511514E+001  0.73813893E+001
 -0.57435474E+000 -0.43196771E+000 -0.11434364E+000 -0.56732117E-002 -0.39452845E-002 -0.10654059E-002  0.10813188E-002  0.96048370E+000  0.25662445E+001  0.51511329E+001  0.73813705E+001
 -0.57435384E+000 -0.43196618E+000 -0.11434170E+000 -0.56732062E-002 -0.39452690E-002 -0.10653738E-002  0.10813249E-002  0.96047555E+000  0.25662335E+001  0.51511146E+001  0.73813521E+001
 -0.57435295E+000 -0.43196467E+000 -0.11433977E+000 -0.56732007E-002 -0.39452538E-002 -0.10653423E-002  0.10813311E-002  0.96046743E+000  0.25662226E+001  0.51510966E+001  0.73813340E+001
 -0.57435207E+000 -0.43196318E+000 -0.11433786E+000 -0.56731953E-002 -0.39452388E-002 -0.10653113E-002  0.10813374E-002  0.96045938E+000  0.25662117E+001  0.51510789E+001  0.73813163E+001
 -0.57435120E+000 -0.43196170E+000 -0.11433597E+000 -0.56731900E-002 -0.39452241E-002 -0.10652808E-002  0.10813438E-002  0.96045139E+000  0.25662011E+001  0.51510614E+001  0.73812989E+001
 -0.57435034E+000 -0.43196024E+000 -0.11433410E+000 -0.56731847E-002 -0.39452096E-002 -0.10652510E-002  0.10813503E-002  0.96044349E+000  0.25661905E+001  0.51510443E+001  0.73812820E+001
 -0.57434950E+000 -0.43195880E+000 -0.11433224E+000 -0.56731795E-002 -0.39451953E-002 -0.10652217E-002  0.10813568E-002  0.96043568E+000  0.25661801E+001  0.51510275E+001  0.73812654E+001
 -0.57434866E+000 -0.43195738E+000 -0.11433040E+000 -0.56731743E-002 -0.39451813E-002 -0.10651929E-002  0.10813634E-002  0.96042796E+000  0.25661699E+001  0.51510111E+001  0.73812493E+001
 -0.57434784E+000 -0.43195597E+000 -0.11432858E+000 -0.56731692E-002 -0.39451676E-002 -0.10651648E-002  0.10813701E-002  0.96042035E+000  0.25661598E+001  0.51509950E+001  0.73812335E+001
 -0.57434704E+000 -0.43195459E+000 -0.11432679E+000 -0.56731642E-002 -0.39451541E-002 -0.10651372E-002  0.10813768E-002  0.96041285E+000  0.25661499E+001  0.51509792E+001  0.73812182E+001
 -0.57434624E+000 -0.43195323E+000 -0.11432501E+000 -0.56731593E-002 -0.39451409E-002 -0.10651102E-002  0.10813835E-002  0.96040546E+000  0.25661401E+001  0.51509638E+001  0.73812033E+001
 -0.57434546E+000 -0.43195188E+000 -0.11432326E+000 -0.56731544E-002 -0.39451279E-002 -0.10650838E-002  0.10813903E-002  0.96039820E+000  0.25661306E+001  0.51509488E+001  0.73811887E+001
 -0.57434470E+000 -0.43195056E+000 -0.11432153E+000 -0.56731496E-002 -0.39451153E-002 -0.10650580E-002  0.10813971E-002  0.96039106E+000  0.25661212E+001  0.51509341E+001  0.73811746E+001
 -0.57434395E+000 -0.43194926E+000 -0.11431982E+000 -0.56731449E-002 -0.39451028E-002 -0.10650327E-002  0.10814040E-002  0.96038405E+000  0.25661121E+001  0.51509198E+001  0.73811608E+001
 -0.57434321E+000 -0.43194799E+000 -0.11431814E+000 -0.56731402E-002 -0.39450907E-002 -0.10650081E-002  0.10814109E-002  0.96037717E+000  0.25661031E+001  0.51509058E+001  0.73811474E+001
 -0.57434249E+000 -0.43194674E+000 -0.11431649E+000 -0.56731357E-002 -0.39450788E-002 -0.10649840E-002  0.10814178E-002  0.96037042E+000  0.25660943E+001  0.51508922E+001  0.73811344E+001
 -0.57434178E+000 -0.43194551E+000 -0.11431486E+000 -0.56731312E-002 -0.39450672E-002 -0.10649604E-002  0.10814248E-002  0.96036381E+000  0.25660857E+001  0.51508790E+001  0.73811218E+001
 -0.57434109E+000 -0.43194430E+000 -0.11431326E+000 -0.56731268E-002 -0.39450558E-002 -0.10649375E-002  0.10814317E-002  0.96035734E+000  0.25660773E+001  0.51508660E+001  0.73811095E+001
 -0.57434041E+000 -0.43194312E+000 -0.11431168E+000 -0.56731225E-002 -0.39450447E-002 -0.10649151E-002  0.10814387E-002  0.96035100E+000  0.25660691E+001  0.51508535E+001  0.73810976E+001
 -0.57433974E+000 -0.43194196E+000 -0.11431014E+000 -0.56731182E-002 -0.39450339E-002 -0.10648933E-002  0.10814456E-002  0.96034480E+000  0.25660610E+001  0.51508412E+001  0.73810860E+001
 -0.57433910E+000 -0.43194083E+000 -0.11430862E+000 -0.56731141E-002 -0.39450233E-002 -0.10648720E-002  0.10814526E-002  0.96033874E+000  0.25660532E+001  0.51508293E+001  0.73810748E+001
 -0.57433846E+000 -0.43193972E+000 -0.11430713E+000 -0.56731100E-002 -0.39450130E-002 -0.10648513E-002  0.10814595E-002  0.96033282E+000  0.25660456E+001  0.51508177E+001  0.73810639E+001
 -0.57433785E+000 -0.43193863E+000 -0.11430567E+000 -0.56731060E-002 -0.39450029E-002 -0.10648311E-002  0.10814665E-002  0.96032703E+000  0.25660381E+001  0.51508065E+001  0.73810533E+001
 -0.57433725E+000 -0.43193757E+000 -0.11430424E+000 -0.56731021E-002 -0.39449931E-002 -0.10648115E-002  0.10814734E-002  0.96032138E+000  0.25660308E+001  0.51507955E+001  0.73810430E+001
 -0.57433666E+000 -0.43193654E+000 -0.11430285E+000 -0.56730983E-002 -0.39449836E-002 -0.10647924E-002  0.10814803E-002  0.96031587E+000  0.25660238E+001  0.51507849E+001  0.73810331E+001
 -0.57433609E+000 -0.43193553E+000 -0.11430148E+000 -0.56730946E-002 -0.39449743E-002 -0.10647738E-002  0.10814871E-002  0.96031050E+000  0.25660169E+001  0.51507746E+001  0.73810234E+001
 -0.57433553E+000 -0.43193455E+000 -0.11430014E+000 -0.56730910E-002 -0.39449653E-002 -0.10647557E-002  0.10814940E-002  0.96030526E+000  0.25660101E+001  0.51507645E+001  0.73810140E+001
 -0.57433499E+000 -0.43193359E+000 -0.11429883E+000 -0.56730874E-002 -0.39449565E-002 -0.10647381E-002  0.10815007E-002  0.96030015E+000  0.25660036E+001  0.51507548E+001  0.73810049E+001
 -0.57433446E+000 -0.43193265E+000 -0.11429756E+000 -0.56730840E-002 -0.39449479E-002 -0.10647210E-002  0.10815075E-002  0.96029517E+000  0.25659972E+001  0.51507453E+001  0.73809961E+001
 -0.57433395E+000 -0.43193174E+000 -0.11429631E+000 -0.56730806E-002 -0.39449396E-002 -0.10647045E-002  0.10815142E-002  0.96029033E+000  0.25659910E+001  0.51507361E+001  0.73809876E+001
 -0.57433346E+000 -0.43193086E+000 -0.11429509E+000 -0.56730773E-002 -0.39449315E-002 -0.10646884E-002  0.10815208E-002  0.96028561E+000  0.25659850E+001  0.51507272E+001  0.73809793E+001
 -0.57433297E+000 -0.43192999E+000 -0.11429391E+000 -0.56730741E-002 -0.39449236E-002 -0.10646727E-002  0.10815274E-002  0.96028102E+000  0.25659792E+001  0.51507186E+001  0.73809713E+001
 -0.57433251E+000 -0.43192916E+000 -0.11429275E+000 -0.56730710E-002 -0.39449160E-002 -0.10646576E-002  0.10815340E-002  0.96027656E+000  0.25659735E+001  0.51507102E+001  0.73809635E+001
 -0.57433205E+000 -0.43192834E+000 -0.11429163E+000 -0.56730679E-002 -0.39449086E-002 -0.10646429E-002  0.10815404E-002  0.96027222E+000  0.25659680E+001  0.51507020E+001  0.73809560E+001
 -0.57433161E+000 -0.43192755E+000 -0.11429053E+000 -0.56730650E-002 -0.39449014E-002 -0.10646286E-002  0.10815468E-002  0.96026800E+000  0.25659626E+001  0.51506941E+001  0.73809487E+001
 -0.57433118E+000 -0.43192678E+000 -0.11428947E+000 -0.56730621E-002 -0.39448944E-002 -0.10646148E-002  0.10815532E-002  0.96026389E+000  0.25659574E+001  0.51506865E+001  0.73809416E+001
 -0.57433077E+000 -0.43192604E+000 -0.11428843E+000 -0.56730593E-002 -0.39448876E-002 -0.10646014E-002  0.10815594E-002  0.96025991E+000  0.25659523E+001  0.51506791E+001  0.73809348E+001
 -0.57433037E+000 -0.43192532E+000 -0.11428743E+000 -0.56730566E-002 -0.39448810E-002 -0.10645884E-002  0.10815656E-002  0.96025604E+000  0.25659474E+001  0.51506719E+001  0.73809281E+001
 -0.57432998E+000 -0.43192462E+000 -0.11428645E+000 -0.56730539E-002 -0.39448747E-002 -0.10645758E-002  0.10815717E-002  0.96025228E+000  0.25659426E+001  0.51506650E+001  0.73809217E+001
 -0.57432961E+000 -0.43192394E+000 -0.11428550E+000 -0.56730514E-002 -0.39448685E-002 -0.10645637E-002  0.10815777E-002  0.96024863E+000  0.25659380E+001  0.51506582E+001  0.73809155E+001
 -0.57432924E+000 -0.43192328E+000 -0.11428457E+000 -0.56730489E-002 -0.39448625E-002 -0.10645519E-002  0.10815836E-002  0.96024509E+000  0.25659335E+001  0.51506517E+001  0.73809095E+001
 -0.57432889E+000 -0.43192264E+000 -0.11428368E+000 -0.56730465E-002 -0.39448567E-002 -0.10645405E-002  0.10815895E-002  0.96024165E+000  0.25659292E+001  0.51506454E+001  0.73809037E+001
 -0.57432855E+000 -0.43192203E+000 -0.11428281E+000 -0.56730441E-002 -0.39448511E-002 -0.10645294E-002  0.10815952E-002  0.96023832E+000  0.25659250E+001  0.51506393E+001  0.73808980E+001
 -0.57432823E+000 -0.43192143E+000 -0.11428197E+000 -0.56730419E-002 -0.39448457E-002 -0.10645188E-002  0.10816009E-002  0.96023508E+000  0.25659209E+001  0.51506334E+001  0.73808926E+001
 -0.57432791E+000 -0.43192085E+000 -0.11428115E+000 -0.56730397E-002 -0.39448405E-002 -0.10645084E-002  0.10816065E-002  0.96023194E+000  0.25659169E+001  0.51506276E+001  0.73808873E+001
 -0.57432760E+000 -0.43192030E+000 -0.11428036E+000 -0.56730375E-002 -0.39448354E-002 -0.10644984E-002  0.10816120E-002  0.96022890E+000  0.25659131E+001  0.51506221E+001  0.73808822E+001
 -0.57432731E+000 -0.43191976E+000 -0.11427960E+000 -0.56730355E-002 -0.39448305E-002 -0.10644888E-002  0.10816173E-002  0.96022596E+000  0.25659094E+001  0.51506167E+001  0.73808773E+001
 -0.57432702E+000 -0.43191924E+000 -0.11427886E+000 -0.56730335E-002 -0.39448257E-002 -0.10644795E-002  0.10816226E-002  0.96022310E+000  0.25659058E+001  0.51506115E+001  0.73808725E+001
 -0.57432675E+000 -0.43191873E+000 -0.11427814E+000 -0.56730315E-002 -0.39448211E-002 -0.10644705E-002  0.10816278E-002  0.96022033E+000  0.25659023E+001  0.51506065E+001  0.73808679E+001
 -0.57432648E+000 -0.43191825E+000 -0.11427745E+000 -0.56730296E-002 -0.39448167E-002 -0.10644618E-002  0.10816329E-002  0.96021764E+000  0.25658989E+001  0.51506016E+001  0.73808634E+001
 -0.57432623E+000 -0.43191778E+000 -0.11427678E+000 -0.56730278E-002 -0.39448124E-002 -0.10644534E-002  0.10816379E-002  0.96021504E+000  0.25658957E+001  0.51505969E+001  0.73808591E+001
 -0.57432598E+000 -0.43191732E+000 -0.11427613E+000 -0.56730261E-002 -0.39448083E-002 -0.10644453E-002  0.10816427E-002  0.96021252E+000  0.25658925E+001  0.51505924E+001  0.73808549E+001
 -0.57432575E+000 -0.43191689E+000 -0.11427551E+000 -0.56730244E-002 -0.39448043E-002 -0.10644375E-002  0.10816475E-002  0.96021009E+000  0.25658895E+001  0.51505880E+001  0.73808508E+001
 -0.57432552E+000 -0.43191647E+000 -0.11427490E+000 -0.56730228E-002 -0.39448005E-002 -0.10644299E-002  0.10816522E-002  0.96020772E+000  0.25658865E+001  0.51505838E+001  0.73808469E+001
 -0.57432530E+000 -0.43191606E+000 -0.11427432E+000 -0.56730212E-002 -0.39447967E-002 -0.10644227E-002  0.10816568E-002  0.96020543E+000  0.25658836E+001  0.51505796E+001  0.73808431E+001
 -0.57432509E+000 -0.43191567E+000 -0.11427376E+000 -0.56730196E-002 -0.39447932E-002 -0.10644156E-002  0.10816612E-002  0.96020322E+000  0.25658809E+001  0.51505757E+001  0.73808395E+001
 -0.57432488E+000 -0.43191530E+000 -0.11427321E+000 -0.56730182E-002 -0.39447897E-002 -0.10644089E-002  0.10816656E-002  0.96020107E+000  0.25658782E+001  0.51505718E+001  0.73808359E+001
 -0.57432469E+000 -0.43191493E+000 -0.11427269E+000 -0.56730168E-002 -0.39447864E-002 -0.10644024E-002  0.10816698E-002  0.96019900E+000  0.25658756E+001  0.51505681E+001  0.73808325E+001
 -0.57432450E+000 -0.43191459E+000 -0.11427219E+000 -0.56730154E-002 -0.39447832E-002 -0.10643961E-002  0.10816740E-002  0.96019699E+000  0.25658731E+001  0.51505645E+001  0.73808292E+001
 -0.57432432E+000 -0.43191425E+000 -0.11427170E+000 -0.56730141E-002 -0.39447801E-002 -0.10643901E-002  0.10816780E-002  0.96019504E+000  0.25658706E+001  0.51505610E+001  0.73808260E+001
 -0.57432414E+000 -0.43191393E+000 -0.11427124E+000 -0.56730128E-002 -0.39447771E-002 -0.10643843E-002  0.10816820E-002  0.96019316E+000  0.25658683E+001  0.51505577E+001  0.73808229E+001
 -0.57432398E+000 -0.43191362E+000 -0.11427079E+000 -0.56730116E-002 -0.39447743E-002 -0.10643787E-002  0.10816858E-002  0.96019134E+000  0.25658660E+001  0.51505544E+001  0.73808199E+001
 -0.57432382E+000 -0.43191332E+000 -0.11427036E+000 -0.56730104E-002 -0.39447715E-002 -0.10643734E-002  0.10816896E-002  0.96018958E+000  0.25658638E+001  0.51505513E+001  0.73808170E+001
 -0.57432366E+000 -0.43191304E+000 -0.11426994E+000 -0.56730093E-002 -0.39447689E-002 -0.10643682E-002  0.10816932E-002  0.96018788E+000  0.25658617E+001  0.51505483E+001  0.73808142E+001
 -0.57432352E+000 -0.43191276E+000 -0.11426954E+000 -0.56730082E-002 -0.39447664E-002 -0.10643633E-002  0.10816968E-002  0.96018623E+000  0.25658597E+001  0.51505453E+001  0.73808115E+001
 -0.57432338E+000 -0.43191250E+000 -0.11426916E+000 -0.56730071E-002 -0.39447639E-002 -0.10643585E-002  0.10817002E-002  0.96018464E+000  0.25658577E+001  0.51505425E+001  0.73808089E+001
 -0.57432324E+000 -0.43191225E+000 -0.11426879E+000 -0.56730061E-002 -0.39447616E-002 -0.10643540E-002  0.10817036E-002  0.96018310E+000  0.25658558E+001  0.51505398E+001  0.73808063E+001
 -0.57432311E+000 -0.43191201E+000 -0.11426844E+000 -0.56730052E-002 -0.39447593E-002 -0.10643496E-002  0.10817069E-002  0.96018162E+000  0.25658539E+001  0.51505371E+001  0.73808039E+001
 -0.57432299E+000 -0.43191178E+000 -0.11426810E+000 -0.56730042E-002 -0.39447572E-002 -0.10643454E-002  0.10817100E-002  0.96018018E+000  0.25658521E+001  0.51505346E+001  0.73808015E+001
 -0.57432287E+000 -0.43191156E+000 -0.11426778E+000 -0.56730033E-002 -0.39447551E-002 -0.10643414E-002  0.10817131E-002  0.96017879E+000  0.25658504E+001  0.51505321E+001  0.73807993E+001
 -0.57432276E+000 -0.43191135E+000 -0.11426747E+000 -0.56730025E-002 -0.39447532E-002 -0.10643376E-002  0.10817161E-002  0.96017745E+000  0.25658488E+001  0.51505297E+001  0.73807970E+001
 -0.57432265E+000 -0.43191115E+000 -0.11426717E+000 -0.56730017E-002 -0.39447513E-002 -0.10643340E-002  0.10817190E-002  0.96017616E+000  0.25658471E+001  0.51505275E+001  0.73807949E+001
 -0.57432255E+000 -0.43191096E+000 -0.11426689E+000 -0.56730009E-002 -0.39447495E-002 -0.10643305E-002  0.10817218E-002  0.96017491E+000  0.25658456E+001  0.51505252E+001  0.73807929E+001
 -0.57432245E+000 -0.43191077E+000 -0.11426661E+000 -0.56730002E-002 -0.39447478E-002 -0.10643271E-002  0.10817245E-002  0.96017371E+000  0.25658441E+001  0.51505231E+001  0.73807909E+001
 -0.57432236E+000 -0.43191060E+000 -0.11426636E+000 -0.56729994E-002 -0.39447461E-002 -0.10643239E-002  0.10817271E-002  0.96017255E+000  0.25658427E+001  0.51505211E+001  0.73807890E+001
 -0.57432227E+000 -0.43191043E+000 -0.11426611E+000 -0.56729988E-002 -0.39447446E-002 -0.10643209E-002  0.10817296E-002  0.96017143E+000  0.25658413E+001  0.51505191E+001  0.73807871E+001
 -0.57432218E+000 -0.43191027E+000 -0.11426587E+000 -0.56729981E-002 -0.39447431E-002 -0.10643180E-002  0.10817321E-002  0.96017035E+000  0.25658399E+001  0.51505172E+001  0.73807853E+001
 -0.57432210E+000 -0.43191012E+000 -0.11426565E+000 -0.56729975E-002 -0.39447416E-002 -0.10643152E-002  0.10817345E-002  0.96016931E+000  0.25658387E+001  0.51505153E+001  0.73807836E+001
 -0.57432203E+000 -0.43190998E+000 -0.11426543E+000 -0.56729969E-002 -0.39447403E-002 -0.10643126E-002  0.10817368E-002  0.96016831E+000  0.25658374E+001  0.51505135E+001  0.73807820E+001
 -0.57432195E+000 -0.43190984E+000 -0.11426523E+000 -0.56729963E-002 -0.39447390E-002 -0.10643101E-002  0.10817390E-002  0.96016734E+000  0.25658362E+001  0.51505118E+001  0.73807804E+001
 -0.57432189E+000 -0.43190971E+000 -0.11426504E+000 -0.56729958E-002 -0.39447378E-002 -0.10643077E-002  0.10817411E-002  0.96016641E+000  0.25658351E+001  0.51505102E+001  0.73807788E+001
 -0.57432182E+000 -0.43190959E+000 -0.11426485E+000 -0.56729953E-002 -0.39447366E-002 -0.10643055E-002  0.10817432E-002  0.96016552E+000  0.25658340E+001  0.51505086E+001  0.73807774E+001
 -0.57432176E+000 -0.43190947E+000 -0.11426468E+000 -0.56729948E-002 -0.39447355E-002 -0.10643033E-002  0.10817452E-002  0.96016466E+000  0.25658329E+001  0.51505071E+001  0.73807760E+001
 -0.57432170E+000 -0.43190936E+000 -0.11426451E+000 -0.56729943E-002 -0.39447345E-002 -0.10643013E-002  0.10817471E-002  0.96016383E+000  0.25658319E+001  0.51505056E+001  0.73807746E+001
 -0.57432165E+000 -0.43190926E+000 -0.11426435E+000 -0.56729939E-002 -0.39447335E-002 -0.10642994E-002  0.10817490E-002  0.96016304E+000  0.25658309E+001  0.51505042E+001  0.73807733E+001
 -0.57432160E+000 -0.43190916E+000 -0.11426420E+000 -0.56729935E-002 -0.39447325E-002 -0.10642976E-002  0.10817507E-002  0.96016228E+000  0.25658300E+001  0.51505029E+001  0.73807720E+001
 -0.57432155E+000 -0.43190907E+000 -0.11426406E+000 -0.56729931E-002 -0.39447317E-002 -0.10642959E-002  0.10817525E-002  0.96016155E+000  0.25658291E+001  0.51505016E+001  0.73807708E+001
 -0.57432150E+000 -0.43190898E+000 -0.11426393E+000 -0.56729927E-002 -0.39447308E-002 -0.10642943E-002  0.10817541E-002  0.96016085E+000  0.25658282E+001  0.51505004E+001  0.73807696E+001
 -0.57432146E+000 -0.43190890E+000 -0.11426380E+000 -0.56729924E-002 -0.39447300E-002 -0.10642927E-002  0.10817557E-002  0.96016018E+000  0.25658274E+001  0.51504992E+001  0.73807685E+001
 -0.57432142E+000 -0.43190882E+000 -0.11426368E+000 -0.56729920E-002 -0.39447293E-002 -0.10642913E-002  0.10817572E-002  0.96015954E+000  0.25658266E+001  0.51504980E+001  0.73807675E+001
 -0.57432138E+000 -0.43190875E+000 -0.11426357E+000 -0.56729917E-002 -0.39447286E-002 -0.10642900E-002  0.10817587E-002  0.96015892E+000  0.25658258E+001  0.51504970E+001  0.73807664E+001
 -0.57432134E+000 -0.43190868E+000 -0.11426346E+000 -0.56729914E-002 -0.39447279E-002 -0.10642887E-002  0.10817601E-002  0.96015833E+000  0.25658251E+001  0.51504959E+001  0.73807655E+001
 -0.57432131E+000 -0.43190862E+000 -0.11426337E+000 -0.56729912E-002 -0.39447273E-002 -0.10642875E-002  0.10817615E-002  0.96015777E+000  0.25658244E+001  0.51504949E+001  0.73807645E+001
 -0.57432128E+000 -0.43190856E+000 -0.11426327E+000 -0.56729909E-002 -0.39447267E-002 -0.10642864E-002  0.10817628E-002  0.96015723E+000  0.25658238E+001  0.51504940E+001  0.73807636E+001
 -0.57432125E+000 -0.43190850E+000 -0.11426318E+000 -0.56729906E-002 -0.39447262E-002 -0.10642854E-002  0.10817640E-002  0.96015672E+000  0.25658231E+001  0.51504931E+001  0.73807628E+001
 -0.57432122E+000 -0.43190845E+000 -0.11426310E+000 -0.56729904E-002 -0.39447257E-002 -0.10642844E-002  0.10817653E-002  0.96015623E+000  0.25658225E+001  0.51504922E+001  0.73807620E+001
 -0.57432120E+000 -0.43190840E+000 -0.11426302E+000 -0.56729902E-002 -0.39447252E-002 -0.10642835E-002  0.10817664E-002  0.96015576E+000  0.25658220E+001  0.51504914E+001  0.73807612E+001
 -0.57432118E+000 -0.43190835E+000 -0.11426295E+000 -0.56729900E-002 -0.39447247E-002 -0.10642826E-002  0.10817675E-002  0.96015532E+000  0.25658214E+001  0.51504906E+001  0.73807605E+001
 -0.57432115E+000 -0.43190831E+000 -0.11426288E+000 -0.56729898E-002 -0.39447243E-002 -0.10642818E-002  0.10817686E-002  0.96015491E+000  0.25658209E+001  0.51504899E+001  0.73807598E+001
 -0.57432113E+000 -0.43190826E+000 -0.11426281E+000 -0.56729896E-002 -0.39447238E-002 -0.10642809E-002  0.10817696E-002  0.96015454E+000  0.25658204E+001  0.51504892E+001  0.73807592E+001
 -0.57432111E+000 -0.43190823E+000 -0.11426275E+000 -0.56729894E-002 -0.39447234E-002 -0.10642802E-002  0.10817706E-002  0.96015415E+000  0.25658200E+001  0.51504884E+001  0.73807584E+001
