  0.10529480E+002
  0.10525165E+002
  0.10521380E+002
  0.10518115E+002
  0.10515317E+002
  0.10512923E+002
  0.10510878E+002
  0.10509131E+002
  0.10507638E+002
  0.10506364E+002
  0.10505275E+002
  0.10504345E+002
  0.10503549E+002
  0.10502870E+002
  0.10502289E+002
  0.10501792E+002
  0.10501368E+002
  0.10501006E+002
  0.10500697E+002
  0.10500435E+002
  0.10500212E+002
  0.10500023E+002
  0.10499864E+002
  0.10499730E+002
  0.10499619E+002
  0.10499527E+002
  0.10499453E+002
  0.10499393E+002
  0.10499347E+002
  0.10499312E+002
  0.10499287E+002
  0.10499271E+002
  0.10499264E+002
  0.10499264E+002
  0.10499270E+002
  0.10499282E+002
  0.10499300E+002
  0.10499322E+002
  0.10499350E+002
  0.10499381E+002
  0.10499416E+002
  0.10499455E+002
  0.10499498E+002
  0.10499544E+002
  0.10499593E+002
  0.10499646E+002
  0.10499701E+002
  0.10499760E+002
  0.10499822E+002
  0.10499887E+002
  0.10499955E+002
  0.10500026E+002
  0.10500100E+002
  0.10500178E+002
  0.10500260E+002
  0.10500345E+002
  0.10500435E+002
  0.10500528E+002
  0.10500625E+002
  0.10500727E+002
  0.10500832E+002
  0.10500942E+002
  0.10501057E+002
  0.10501176E+002
  0.10501299E+002
  0.10501426E+002
  0.10501558E+002
  0.10501695E+002
  0.10501835E+002
  0.10501980E+002
  0.10502128E+002
  0.10502280E+002
  0.10502436E+002
  0.10502596E+002
  0.10502758E+002
  0.10502924E+002
  0.10503093E+002
  0.10503264E+002
  0.10503437E+002
  0.10503613E+002
  0.10503791E+002
  0.10503971E+002
  0.10504152E+002
  0.10504334E+002
  0.10504518E+002
  0.10504703E+002
  0.10504889E+002
  0.10505075E+002
  0.10505262E+002
  0.10505450E+002
  0.10505638E+002
  0.10505826E+002
  0.10506014E+002
  0.10506202E+002
  0.10506391E+002
  0.10506579E+002
  0.10506767E+002
  0.10506955E+002
  0.10507143E+002
  0.10507331E+002
  0.10507519E+002
  0.10507707E+002
  0.10507895E+002
  0.10508083E+002
  0.10508271E+002
  0.10508459E+002
  0.10508647E+002
  0.10508835E+002
  0.10509024E+002
  0.10509213E+002
  0.10509402E+002
  0.10509591E+002
  0.10509782E+002
  0.10509972E+002
  0.10510163E+002
  0.10510355E+002
  0.10510548E+002
  0.10510741E+002
  0.10510935E+002
  0.10511130E+002
  0.10511326E+002
  0.10511523E+002
  0.10511721E+002
  0.10511920E+002
  0.10512120E+002
  0.10512321E+002
  0.10512523E+002
  0.10512727E+002
  0.10512931E+002
  0.10513137E+002
  0.10513344E+002
  0.10513551E+002
  0.10513761E+002
  0.10513971E+002
  0.10514182E+002
  0.10514394E+002
  0.10514607E+002
  0.10514821E+002
  0.10515037E+002
  0.10515253E+002
  0.10515469E+002
  0.10515687E+002
  0.10515905E+002
  0.10516124E+002
  0.10516343E+002
  0.10516563E+002
  0.10516783E+002
  0.10517003E+002
  0.10517223E+002
  0.10517444E+002
  0.10517664E+002
  0.10517885E+002
  0.10518104E+002
  0.10518324E+002
  0.10518543E+002
  0.10518762E+002
  0.10518979E+002
  0.10519196E+002
  0.10519412E+002
  0.10519627E+002
  0.10519841E+002
  0.10520053E+002
  0.10520264E+002
  0.10520473E+002
  0.10520681E+002
  0.10520887E+002
  0.10521091E+002
  0.10521293E+002
  0.10521494E+002
  0.10521692E+002
  0.10521888E+002
  0.10522081E+002
  0.10522272E+002
  0.10522461E+002
  0.10522647E+002
  0.10522831E+002
  0.10523011E+002
  0.10523189E+002
  0.10523365E+002
  0.10523537E+002
  0.10523707E+002
  0.10523874E+002
  0.10524037E+002
  0.10524198E+002
  0.10524356E+002
  0.10524510E+002
  0.10524662E+002
  0.10524810E+002
  0.10524955E+002
  0.10525098E+002
  0.10525237E+002
  0.10525373E+002
  0.10525506E+002
  0.10525635E+002
  0.10525762E+002
  0.10525886E+002
  0.10526006E+002
  0.10526123E+002
  0.10526238E+002
  0.10526350E+002
