  0.58784153E+000  0.33174800E+000  0.23572183E+001  0.38841118E+002
  0.58680642E+000  0.31757562E+000  0.23718899E+001  0.38824392E+002
  0.58611658E+000  0.31618089E+000  0.23732336E+001  0.38809992E+002
  0.58439156E+000  0.31584964E+000  0.23718068E+001  0.38799205E+002
  0.58410336E+000  0.31460393E+000  0.23726855E+001  0.38789879E+002
  0.58374692E+000  0.31180439E+000  0.23745735E+001  0.38781572E+002
  0.58326230E+000  0.31224683E+000  0.23740033E+001  0.38774003E+002
  0.58262088E+000  0.31228488E+000  0.23739562E+001  0.38767665E+002
  0.58237831E+000  0.31247756E+000  0.23735490E+001  0.38762154E+002
  0.58205990E+000  0.31116523E+000  0.23745625E+001  0.38757673E+002
  0.58201951E+000  0.31119316E+000  0.23737292E+001  0.38754163E+002
  0.58045664E+000  0.31274363E+000  0.23685141E+001  0.38755669E+002
  0.58036125E+000  0.31280585E+000  0.23675959E+001  0.38753439E+002
  0.58029111E+000  0.31285875E+000  0.23672313E+001  0.38751102E+002
  0.57984497E+000  0.31327132E+000  0.23669272E+001  0.38749116E+002
  0.57983382E+000  0.31328290E+000  0.23601768E+001  0.38753880E+002
  0.57982660E+000  0.31327922E+000  0.23562396E+001  0.38756131E+002
  0.57982121E+000  0.31328542E+000  0.23525534E+001  0.38758369E+002
  0.57981737E+000  0.31329301E+000  0.23522638E+001  0.38757420E+002
  0.57849009E+000  0.31462316E+000  0.23497907E+001  0.38758840E+002
  0.57848873E+000  0.31462942E+000  0.23495912E+001  0.38758142E+002
  0.57848836E+000  0.31463663E+000  0.23494047E+001  0.38757567E+002
  0.57848887E+000  0.31439120E+000  0.23477187E+001  0.38758861E+002
  0.57846788E+000  0.31442017E+000  0.23475554E+001  0.38758482E+002
  0.57846981E+000  0.31442671E+000  0.23474018E+001  0.38758183E+002
  0.57847230E+000  0.31443306E+000  0.23457795E+001  0.38759430E+002
  0.57847496E+000  0.31443765E+000  0.23456441E+001  0.38759260E+002
  0.57847839E+000  0.31441445E+000  0.23455430E+001  0.38759142E+002
  0.57848219E+000  0.31442049E+000  0.23454190E+001  0.38759070E+002
  0.57848614E+000  0.31442662E+000  0.23453010E+001  0.38759038E+002
  0.57849053E+000  0.31443241E+000  0.23451886E+001  0.38759041E+002
  0.57849515E+000  0.31443819E+000  0.23450816E+001  0.38759075E+002
  0.57849996E+000  0.31444389E+000  0.23436985E+001  0.38760418E+002
  0.57850492E+000  0.31444950E+000  0.23436016E+001  0.38760503E+002
  0.57851000E+000  0.31445501E+000  0.23435097E+001  0.38760610E+002
  0.57851517E+000  0.31446042E+000  0.23434229E+001  0.38760735E+002
  0.57852040E+000  0.31446573E+000  0.23433414E+001  0.38760876E+002
  0.57852567E+000  0.31447093E+000  0.23432652E+001  0.38761033E+002
  0.57853094E+000  0.31447600E+000  0.23431945E+001  0.38761202E+002
  0.57853620E+000  0.31448095E+000  0.23431296E+001  0.38761382E+002
  0.57854143E+000  0.31448575E+000  0.23430706E+001  0.38761572E+002
  0.57854661E+000  0.31449041E+000  0.23430178E+001  0.38761772E+002
  0.57855172E+000  0.31449492E+000  0.23429713E+001  0.38761979E+002
  0.57855676E+000  0.31449926E+000  0.23429313E+001  0.38762194E+002
  0.57856171E+000  0.31450345E+000  0.23428979E+001  0.38762415E+002
  0.57856658E+000  0.31450746E+000  0.23428714E+001  0.38762643E+002
  0.57857135E+000  0.31451131E+000  0.23428516E+001  0.38762876E+002
  0.57857604E+000  0.31451499E+000  0.23428387E+001  0.38763115E+002
  0.57858065E+000  0.31451851E+000  0.23428327E+001  0.38763360E+002
  0.57858519E+000  0.31452186E+000  0.23428334E+001  0.38763610E+002
  0.57858968E+000  0.31452505E+000  0.23428409E+001  0.38763867E+002
  0.57859415E+000  0.31452810E+000  0.23428549E+001  0.38764131E+002
  0.57859860E+000  0.31453100E+000  0.23428755E+001  0.38764401E+002
  0.57860308E+000  0.31453377E+000  0.23429024E+001  0.38764679E+002
  0.57860760E+000  0.31453643E+000  0.23429356E+001  0.38764966E+002
  0.57861219E+000  0.31453899E+000  0.23429748E+001  0.38765261E+002
  0.57861688E+000  0.31454147E+000  0.23430201E+001  0.38765565E+002
  0.57862170E+000  0.31454388E+000  0.23430713E+001  0.38765879E+002
  0.57862666E+000  0.31454626E+000  0.23431284E+001  0.38766204E+002
  0.57863180E+000  0.31454861E+000  0.23431912E+001  0.38766539E+002
  0.57863714E+000  0.31455097E+000  0.23432599E+001  0.38766886E+002
  0.57864268E+000  0.31455334E+000  0.23433343E+001  0.38767244E+002
  0.57864844E+000  0.31455575E+000  0.23434144E+001  0.38767613E+002
  0.57865444E+000  0.31455821E+000  0.23435003E+001  0.38767994E+002
  0.57866067E+000  0.31456074E+000  0.23435919E+001  0.38768387E+002
  0.57866716E+000  0.31456335E+000  0.23436893E+001  0.38768791E+002
  0.57867388E+000  0.31456606E+000  0.23437923E+001  0.38769206E+002
  0.57868086E+000  0.31456887E+000  0.23439011E+001  0.38769633E+002
  0.57868807E+000  0.31457178E+000  0.23440156E+001  0.38770070E+002
  0.57869553E+000  0.31457482E+000  0.23441357E+001  0.38770518E+002
  0.57870321E+000  0.31457797E+000  0.23442614E+001  0.38770975E+002
  0.57871112E+000  0.31458124E+000  0.23443926E+001  0.38771442E+002
  0.57871924E+000  0.31458464E+000  0.23445292E+001  0.38771917E+002
  0.57872756E+000  0.31458816E+000  0.23446712E+001  0.38772401E+002
  0.57873607E+000  0.31459181E+000  0.23448183E+001  0.38772892E+002
  0.57874476E+000  0.31459558E+000  0.23449704E+001  0.38773390E+002
  0.57875362E+000  0.31459947E+000  0.23451274E+001  0.38773894E+002
  0.57876262E+000  0.31460348E+000  0.23452891E+001  0.38774404E+002
  0.57877175E+000  0.31460761E+000  0.23454553E+001  0.38774919E+002
  0.57878100E+000  0.31461185E+000  0.23456258E+001  0.38775439E+002
  0.57879036E+000  0.31461619E+000  0.23458004E+001  0.38775962E+002
  0.57879981E+000  0.31462063E+000  0.23459788E+001  0.38776488E+002
  0.57880933E+000  0.31462517E+000  0.23461609E+001  0.38777016E+002
  0.57881890E+000  0.31462980E+000  0.23463464E+001  0.38777547E+002
  0.57882852E+000  0.31463450E+000  0.23465351E+001  0.38778079E+002
  0.57883815E+000  0.31463928E+000  0.23467266E+001  0.38778613E+002
  0.57884780E+000  0.31464412E+000  0.23469209E+001  0.38779147E+002
  0.57885744E+000  0.31464902E+000  0.23471175E+001  0.38779682E+002
  0.57886706E+000  0.31465395E+000  0.23473163E+001  0.38780217E+002
  0.57887664E+000  0.31465893E+000  0.23475169E+001  0.38780751E+002
  0.57888617E+000  0.31466393E+000  0.23477192E+001  0.38781286E+002
  0.57889563E+000  0.31466894E+000  0.23479230E+001  0.38781820E+002
  0.57890502E+000  0.31467396E+000  0.23481278E+001  0.38782353E+002
  0.57891430E+000  0.31467897E+000  0.23483335E+001  0.38782887E+002
  0.57892349E+000  0.31468397E+000  0.23485399E+001  0.38783419E+002
  0.57893255E+000  0.31468895E+000  0.23487467E+001  0.38783952E+002
  0.57894148E+000  0.31469389E+000  0.23489537E+001  0.38784484E+002
  0.57895027E+000  0.31469878E+000  0.23491606E+001  0.38785016E+002
  0.57895891E+000  0.31470363E+000  0.23493672E+001  0.38785549E+002
  0.57896738E+000  0.31470841E+000  0.23495734E+001  0.38786081E+002
  0.57897568E+000  0.31471312E+000  0.23497788E+001  0.38786615E+002
  0.57898381E+000  0.31471775E+000  0.23499833E+001  0.38787149E+002
  0.57899174E+000  0.31472230E+000  0.23501867E+001  0.38787685E+002
  0.57899948E+000  0.31472676E+000  0.23503887E+001  0.38788222E+002
  0.57900702E+000  0.31473112E+000  0.23505893E+001  0.38788761E+002
  0.57901435E+000  0.31473538E+000  0.23507882E+001  0.38789302E+002
  0.57902147E+000  0.31473953E+000  0.23509853E+001  0.38789847E+002
  0.57902837E+000  0.31474357E+000  0.23511804E+001  0.38790394E+002
  0.57903506E+000  0.31474749E+000  0.23513734E+001  0.38790944E+002
  0.57904152E+000  0.31475129E+000  0.23515641E+001  0.38791499E+002
  0.57904776E+000  0.31475497E+000  0.23517524E+001  0.38792057E+002
  0.57905377E+000  0.31475852E+000  0.23519382E+001  0.38792620E+002
  0.57905956E+000  0.31476195E+000  0.23521214E+001  0.38793188E+002
  0.57906512E+000  0.31476525E+000  0.23523018E+001  0.38793761E+002
  0.57907046E+000  0.31476842E+000  0.23524795E+001  0.38794340E+002
  0.57907558E+000  0.31477147E+000  0.23526542E+001  0.38794924E+002
  0.57908047E+000  0.31477438E+000  0.23528260E+001  0.38795515E+002
  0.57908515E+000  0.31477718E+000  0.23529947E+001  0.38796112E+002
  0.57908961E+000  0.31477984E+000  0.23531604E+001  0.38796716E+002
  0.57909385E+000  0.31478239E+000  0.23533229E+001  0.38797327E+002
  0.57909789E+000  0.31478481E+000  0.23534823E+001  0.38797945E+002
  0.57910172E+000  0.31478712E+000  0.23536384E+001  0.38798570E+002
  0.57910536E+000  0.31478930E+000  0.23537914E+001  0.38799203E+002
  0.57910880E+000  0.31479138E+000  0.23539411E+001  0.38799844E+002
  0.57911204E+000  0.31479334E+000  0.23540875E+001  0.38800492E+002
  0.57911511E+000  0.31479520E+000  0.23542307E+001  0.38801149E+002
  0.57911799E+000  0.31479695E+000  0.23543707E+001  0.38801813E+002
  0.57912071E+000  0.31479861E+000  0.23545074E+001  0.38802485E+002
  0.57912325E+000  0.31480016E+000  0.23546409E+001  0.38803165E+002
  0.57912564E+000  0.31480163E+000  0.23547712E+001  0.38803854E+002
  0.57912787E+000  0.31480300E+000  0.23548983E+001  0.38804550E+002
  0.57912995E+000  0.31480429E+000  0.23550223E+001  0.38805254E+002
  0.57913189E+000  0.31480549E+000  0.23551431E+001  0.38805966E+002
  0.57913369E+000  0.31480662E+000  0.23552608E+001  0.38806686E+002
  0.57913537E+000  0.31480767E+000  0.23553755E+001  0.38807413E+002
  0.57913691E+000  0.31480865E+000  0.23554872E+001  0.38808148E+002
  0.57913835E+000  0.31480956E+000  0.23555959E+001  0.38808890E+002
  0.57913966E+000  0.31481041E+000  0.23557016E+001  0.38809639E+002
  0.57914088E+000  0.31481120E+000  0.23558045E+001  0.38810394E+002
  0.57914199E+000  0.31481193E+000  0.23559045E+001  0.38811156E+002
  0.57914301E+000  0.31481260E+000  0.23560017E+001  0.38811925E+002
  0.57914393E+000  0.31481322E+000  0.23560962E+001  0.38812699E+002
  0.57914478E+000  0.31481380E+000  0.23561880E+001  0.38813478E+002
  0.57914554E+000  0.31481432E+000  0.23562771E+001  0.38814263E+002
  0.57914623E+000  0.31481481E+000  0.23563637E+001  0.38815052E+002
  0.57914685E+000  0.31481525E+000  0.23564477E+001  0.38815846E+002
  0.57914740E+000  0.31481566E+000  0.23565291E+001  0.38816644E+002
  0.57914789E+000  0.31481603E+000  0.23566082E+001  0.38817445E+002
  0.57914832E+000  0.31481636E+000  0.23566849E+001  0.38818249E+002
  0.57914870E+000  0.31481667E+000  0.23567592E+001  0.38819056E+002
  0.57914903E+000  0.31481694E+000  0.23568312E+001  0.38819865E+002
  0.57914931E+000  0.31481719E+000  0.23569010E+001  0.38820675E+002
  0.57914955E+000  0.31481741E+000  0.23569686E+001  0.38821487E+002
  0.57914975E+000  0.31481760E+000  0.23570340E+001  0.38822300E+002
  0.57914991E+000  0.31481778E+000  0.23570973E+001  0.38823112E+002
  0.57915003E+000  0.31481793E+000  0.23571586E+001  0.38823924E+002
  0.57915012E+000  0.31481806E+000  0.23572179E+001  0.38824736E+002
  0.57915018E+000  0.31481817E+000  0.23572752E+001  0.38825546E+002
  0.57915022E+000  0.31481826E+000  0.23573306E+001  0.38826354E+002
  0.57915022E+000  0.31481834E+000  0.23573842E+001  0.38827160E+002
  0.57915021E+000  0.31481840E+000  0.23574359E+001  0.38827962E+002
  0.57915017E+000  0.31481845E+000  0.23574858E+001  0.38828762E+002
  0.57915010E+000  0.31481848E+000  0.23575340E+001  0.38829557E+002
  0.57915002E+000  0.31481850E+000  0.23575805E+001  0.38830348E+002
  0.57914992E+000  0.31481850E+000  0.23576253E+001  0.38831135E+002
  0.57914981E+000  0.31481850E+000  0.23576685E+001  0.38831916E+002
  0.57914968E+000  0.31481848E+000  0.23577102E+001  0.38832691E+002
  0.57914953E+000  0.31481845E+000  0.23577503E+001  0.38833460E+002
  0.57914937E+000  0.31481842E+000  0.23577889E+001  0.38834222E+002
  0.57914920E+000  0.31481837E+000  0.23578260E+001  0.38834978E+002
  0.57914901E+000  0.31481831E+000  0.23578618E+001  0.38835726E+002
  0.57914882E+000  0.31481825E+000  0.23578961E+001  0.38836466E+002
  0.57914861E+000  0.31481818E+000  0.23579291E+001  0.38837198E+002
  0.57914839E+000  0.31481810E+000  0.23579608E+001  0.38837921E+002
  0.57914817E+000  0.31481801E+000  0.23579912E+001  0.38838635E+002
  0.57914794E+000  0.31481792E+000  0.23580203E+001  0.38839341E+002
  0.57914770E+000  0.31481782E+000  0.23580483E+001  0.38840037E+002
  0.57914745E+000  0.31481772E+000  0.23580751E+001  0.38840723E+002
  0.57914720E+000  0.31481761E+000  0.23581007E+001  0.38841399E+002
  0.57914694E+000  0.31481749E+000  0.23581252E+001  0.38842064E+002
  0.57914667E+000  0.31481737E+000  0.23581487E+001  0.38842720E+002
  0.57914640E+000  0.31481725E+000  0.23581711E+001  0.38843364E+002
  0.57914613E+000  0.31481712E+000  0.23581925E+001  0.38843998E+002
  0.57914585E+000  0.31481699E+000  0.23582129E+001  0.38844621E+002
  0.57914557E+000  0.31481685E+000  0.23582324E+001  0.38845232E+002
  0.57914529E+000  0.31481671E+000  0.23582509E+001  0.38845832E+002
  0.57914500E+000  0.31481657E+000  0.23582686E+001  0.38846421E+002
  0.57914471E+000  0.31481643E+000  0.23582854E+001  0.38846998E+002
  0.57914442E+000  0.31481628E+000  0.23583014E+001  0.38847564E+002
  0.57914413E+000  0.31481613E+000  0.23583165E+001  0.38848118E+002
  0.57914383E+000  0.31481598E+000  0.23583309E+001  0.38848661E+002
  0.57914353E+000  0.31481582E+000  0.23583446E+001  0.38849191E+002
  0.57914324E+000  0.31481567E+000  0.23583575E+001  0.38849710E+002
  0.57914294E+000  0.31481551E+000  0.23583697E+001  0.38850218E+002
  0.57914264E+000  0.31481535E+000  0.23583813E+001  0.38850713E+002
  0.57914234E+000  0.31481519E+000  0.23583921E+001  0.38851197E+002
  0.57914203E+000  0.31481502E+000  0.23584023E+001  0.38851669E+002
  0.57914173E+000  0.31481486E+000  0.23584119E+001  0.38852130E+002
  0.57914142E+000  0.31481469E+000  0.23584209E+001  0.38852579E+002
  0.57914111E+000  0.31481452E+000  0.23584294E+001  0.38853018E+002
