  0.49046815E-002  0.57116700E-001  0.10123147E+001  0.41043590E+002
  0.49105488E-002  0.57052237E-001  0.10115565E+001  0.41027145E+002
  0.49148247E-002  0.56999267E-001  0.10109095E+001  0.41012700E+002
  0.49178208E-002  0.56956112E-001  0.10103681E+001  0.41000225E+002
  0.49198123E-002  0.56921251E-001  0.10099195E+001  0.40989512E+002
  0.49210279E-002  0.56893381E-001  0.10095503E+001  0.40980333E+002
  0.49216526E-002  0.56871386E-001  0.10092480E+001  0.40972475E+002
  0.49218340E-002  0.56854307E-001  0.10090017E+001  0.40965750E+002
  0.49216887E-002  0.56841318E-001  0.10088024E+001  0.40959994E+002
  0.49213081E-002  0.56831715E-001  0.10086427E+001  0.40955065E+002
  0.49207634E-002  0.56824898E-001  0.10085161E+001  0.40950843E+002
  0.49201096E-002  0.56820359E-001  0.10084175E+001  0.40947225E+002
  0.49193887E-002  0.56817675E-001  0.10083425E+001  0.40944123E+002
  0.49186326E-002  0.56816493E-001  0.10082874E+001  0.40941461E+002
  0.49178654E-002  0.56816524E-001  0.10082491E+001  0.40939176E+002
  0.49171045E-002  0.56817529E-001  0.10082248E+001  0.40937214E+002
  0.49163628E-002  0.56819317E-001  0.10082125E+001  0.40935529E+002
  0.49156490E-002  0.56821731E-001  0.10082102E+001  0.40934081E+002
  0.49149690E-002  0.56824646E-001  0.10082162E+001  0.40932839E+002
  0.49143265E-002  0.56827960E-001  0.10082292E+001  0.40931772E+002
  0.49137232E-002  0.56831593E-001  0.10082480E+001  0.40930858E+002
  0.49131598E-002  0.56835479E-001  0.10082715E+001  0.40930076E+002
  0.49126359E-002  0.56839565E-001  0.10082989E+001  0.40929409E+002
  0.49121503E-002  0.56843808E-001  0.10083293E+001  0.40928841E+002
  0.49117014E-002  0.56848173E-001  0.10083622E+001  0.40928359E+002
  0.49112873E-002  0.56852630E-001  0.10083968E+001  0.40927954E+002
  0.49109056E-002  0.56857152E-001  0.10084328E+001  0.40927616E+002
  0.49105542E-002  0.56861718E-001  0.10084696E+001  0.40927336E+002
  0.49102306E-002  0.56866306E-001  0.10085068E+001  0.40927108E+002
  0.49099326E-002  0.56870899E-001  0.10085441E+001  0.40926927E+002
  0.49096579E-002  0.56875477E-001  0.10085811E+001  0.40926787E+002
  0.49094043E-002  0.56880023E-001  0.10086177E+001  0.40926683E+002
  0.49091698E-002  0.56884521E-001  0.10086535E+001  0.40926613E+002
  0.49089525E-002  0.56888954E-001  0.10086884E+001  0.40926573E+002
  0.49087508E-002  0.56893305E-001  0.10087222E+001  0.40926560E+002
  0.49085630E-002  0.56897559E-001  0.10087548E+001  0.40926573E+002
  0.49083878E-002  0.56901701E-001  0.10087860E+001  0.40926608E+002
  0.49082241E-002  0.56905717E-001  0.10088159E+001  0.40926665E+002
  0.49080709E-002  0.56909594E-001  0.10088444E+001  0.40926741E+002
  0.49079273E-002  0.56913322E-001  0.10088715E+001  0.40926836E+002
  0.49077928E-002  0.56916893E-001  0.10088971E+001  0.40926949E+002
  0.49076668E-002  0.56920300E-001  0.10089215E+001  0.40927077E+002
  0.49075488E-002  0.56923542E-001  0.10089446E+001  0.40927222E+002
  0.49074387E-002  0.56926618E-001  0.10089665E+001  0.40927381E+002
  0.49073363E-002  0.56929531E-001  0.10089874E+001  0.40927554E+002
  0.49072414E-002  0.56932290E-001  0.10090073E+001  0.40927741E+002
  0.49071540E-002  0.56934904E-001  0.10090265E+001  0.40927942E+002
  0.49070738E-002  0.56937385E-001  0.10090450E+001  0.40928155E+002
  0.49070010E-002  0.56939749E-001  0.10090631E+001  0.40928382E+002
  0.49069354E-002  0.56942014E-001  0.10090808E+001  0.40928621E+002
  0.49068767E-002  0.56944197E-001  0.10090984E+001  0.40928874E+002
  0.49068249E-002  0.56946318E-001  0.10091160E+001  0.40929139E+002
  0.49067796E-002  0.56948395E-001  0.10091338E+001  0.40929418E+002
  0.49067406E-002  0.56950447E-001  0.10091519E+001  0.40929710E+002
  0.49067074E-002  0.56952492E-001  0.10091704E+001  0.40930016E+002
  0.49066796E-002  0.56954544E-001  0.10091895E+001  0.40930336E+002
  0.49066567E-002  0.56956619E-001  0.10092093E+001  0.40930671E+002
  0.49066383E-002  0.56958728E-001  0.10092298E+001  0.40931021E+002
  0.49066239E-002  0.56960881E-001  0.10092513E+001  0.40931387E+002
  0.49066129E-002  0.56963086E-001  0.10092737E+001  0.40931768E+002
  0.49066050E-002  0.56965348E-001  0.10092971E+001  0.40932165E+002
  0.49065995E-002  0.56967672E-001  0.10093216E+001  0.40932578E+002
  0.49065961E-002  0.56970060E-001  0.10093472E+001  0.40933008E+002
  0.49065945E-002  0.56972513E-001  0.10093739E+001  0.40933454E+002
  0.49065942E-002  0.56975029E-001  0.10094018E+001  0.40933917E+002
  0.49065949E-002  0.56977607E-001  0.10094309E+001  0.40934396E+002
  0.49065965E-002  0.56980244E-001  0.10094612E+001  0.40934891E+002
  0.49065985E-002  0.56982936E-001  0.10094926E+001  0.40935402E+002
  0.49066007E-002  0.56985679E-001  0.10095253E+001  0.40935928E+002
  0.49066031E-002  0.56988468E-001  0.10095590E+001  0.40936470E+002
  0.49066053E-002  0.56991297E-001  0.10095940E+001  0.40937026E+002
  0.49066071E-002  0.56994161E-001  0.10096300E+001  0.40937596E+002
  0.49066085E-002  0.56997052E-001  0.10096671E+001  0.40938180E+002
  0.49066091E-002  0.56999966E-001  0.10097052E+001  0.40938776E+002
  0.49066089E-002  0.57002894E-001  0.10097444E+001  0.40939384E+002
  0.49066077E-002  0.57005832E-001  0.10097844E+001  0.40940004E+002
  0.49066054E-002  0.57008771E-001  0.10098254E+001  0.40940634E+002
  0.49066017E-002  0.57011707E-001  0.10098672E+001  0.40941274E+002
  0.49065965E-002  0.57014633E-001  0.10099098E+001  0.40941923E+002
  0.49065898E-002  0.57017542E-001  0.10099531E+001  0.40942580E+002
  0.49065813E-002  0.57020430E-001  0.10099971E+001  0.40943245E+002
  0.49065711E-002  0.57023290E-001  0.10100417E+001  0.40943916E+002
  0.49065591E-002  0.57026118E-001  0.10100868E+001  0.40944593E+002
  0.49065450E-002  0.57028909E-001  0.10101324E+001  0.40945275E+002
  0.49065291E-002  0.57031658E-001  0.10101784E+001  0.40945961E+002
  0.49065111E-002  0.57034361E-001  0.10102248E+001  0.40946652E+002
  0.49064911E-002  0.57037016E-001  0.10102714E+001  0.40947345E+002
  0.49064692E-002  0.57039618E-001  0.10103182E+001  0.40948042E+002
  0.49064453E-002  0.57042165E-001  0.10103651E+001  0.40948740E+002
  0.49064195E-002  0.57044654E-001  0.10104122E+001  0.40949441E+002
  0.49063919E-002  0.57047085E-001  0.10104592E+001  0.40950143E+002
  0.49063626E-002  0.57049454E-001  0.10105061E+001  0.40950846E+002
  0.49063317E-002  0.57051761E-001  0.10105529E+001  0.40951549E+002
  0.49062993E-002  0.57054005E-001  0.10105995E+001  0.40952254E+002
  0.49062656E-002  0.57056186E-001  0.10106459E+001  0.40952959E+002
  0.49062306E-002  0.57058303E-001  0.10106920E+001  0.40953664E+002
  0.49061945E-002  0.57060356E-001  0.10107376E+001  0.40954369E+002
  0.49061575E-002  0.57062346E-001  0.10107829E+001  0.40955075E+002
  0.49061197E-002  0.57064273E-001  0.10108277E+001  0.40955781E+002
  0.49060813E-002  0.57066137E-001  0.10108719E+001  0.40956487E+002
  0.49060423E-002  0.57067941E-001  0.10109156E+001  0.40957193E+002
  0.49060031E-002  0.57069684E-001  0.10109586E+001  0.40957900E+002
  0.49059636E-002  0.57071368E-001  0.10110010E+001  0.40958607E+002
  0.49059241E-002  0.57072995E-001  0.10110427E+001  0.40959315E+002
  0.49058846E-002  0.57074566E-001  0.10110837E+001  0.40960025E+002
  0.49058453E-002  0.57076082E-001  0.10111239E+001  0.40960735E+002
  0.49058063E-002  0.57077545E-001  0.10111633E+001  0.40961446E+002
  0.49057677E-002  0.57078957E-001  0.10112019E+001  0.40962160E+002
  0.49057296E-002  0.57080319E-001  0.10112397E+001  0.40962875E+002
  0.49056920E-002  0.57081633E-001  0.10112766E+001  0.40963592E+002
  0.49056552E-002  0.57082901E-001  0.10113126E+001  0.40964311E+002
  0.49056191E-002  0.57084124E-001  0.10113477E+001  0.40965033E+002
  0.49055837E-002  0.57085304E-001  0.10113820E+001  0.40965758E+002
  0.49055492E-002  0.57086443E-001  0.10114153E+001  0.40966486E+002
  0.49055156E-002  0.57087543E-001  0.10114478E+001  0.40967218E+002
  0.49054829E-002  0.57088604E-001  0.10114794E+001  0.40967952E+002
  0.49054511E-002  0.57089629E-001  0.10115100E+001  0.40968691E+002
  0.49054203E-002  0.57090620E-001  0.10115398E+001  0.40969434E+002
  0.49053905E-002  0.57091576E-001  0.10115687E+001  0.40970181E+002
  0.49053617E-002  0.57092501E-001  0.10115968E+001  0.40970932E+002
  0.49053338E-002  0.57093395E-001  0.10116239E+001  0.40971688E+002
  0.49053069E-002  0.57094260E-001  0.10116502E+001  0.40972448E+002
  0.49052810E-002  0.57095097E-001  0.10116757E+001  0.40973214E+002
  0.49052561E-002  0.57095907E-001  0.10117004E+001  0.40973984E+002
  0.49052321E-002  0.57096692E-001  0.10117242E+001  0.40974759E+002
  0.49052091E-002  0.57097451E-001  0.10117473E+001  0.40975540E+002
  0.49051869E-002  0.57098188E-001  0.10117696E+001  0.40976326E+002
  0.49051657E-002  0.57098901E-001  0.10117912E+001  0.40977117E+002
  0.49051453E-002  0.57099593E-001  0.10118120E+001  0.40977913E+002
  0.49051258E-002  0.57100264E-001  0.10118321E+001  0.40978715E+002
  0.49051071E-002  0.57100916E-001  0.10118516E+001  0.40979522E+002
  0.49050891E-002  0.57101548E-001  0.10118703E+001  0.40980334E+002
  0.49050720E-002  0.57102161E-001  0.10118885E+001  0.40981151E+002
  0.49050555E-002  0.57102757E-001  0.10119060E+001  0.40981974E+002
  0.49050398E-002  0.57103336E-001  0.10119229E+001  0.40982801E+002
  0.49050247E-002  0.57103898E-001  0.10119392E+001  0.40983633E+002
  0.49050103E-002  0.57104444E-001  0.10119549E+001  0.40984470E+002
  0.49049965E-002  0.57104975E-001  0.10119701E+001  0.40985311E+002
  0.49049834E-002  0.57105490E-001  0.10119848E+001  0.40986156E+002
  0.49049707E-002  0.57105991E-001  0.10119990E+001  0.40987005E+002
  0.49049587E-002  0.57106478E-001  0.10120126E+001  0.40987858E+002
  0.49049471E-002  0.57106951E-001  0.10120258E+001  0.40988714E+002
  0.49049360E-002  0.57107410E-001  0.10120386E+001  0.40989574E+002
  0.49049254E-002  0.57107856E-001  0.10120509E+001  0.40990436E+002
  0.49049153E-002  0.57108289E-001  0.10120627E+001  0.40991301E+002
  0.49049056E-002  0.57108709E-001  0.10120742E+001  0.40992168E+002
  0.49048962E-002  0.57109117E-001  0.10120852E+001  0.40993037E+002
  0.49048873E-002  0.57109513E-001  0.10120959E+001  0.40993907E+002
  0.49048787E-002  0.57109897E-001  0.10121062E+001  0.40994778E+002
  0.49048705E-002  0.57110268E-001  0.10121161E+001  0.40995649E+002
  0.49048626E-002  0.57110629E-001  0.10121257E+001  0.40996521E+002
  0.49048551E-002  0.57110977E-001  0.10121349E+001  0.40997392E+002
  0.49048478E-002  0.57111314E-001  0.10121438E+001  0.40998263E+002
  0.49048408E-002  0.57111640E-001  0.10121524E+001  0.40999132E+002
  0.49048341E-002  0.57111955E-001  0.10121607E+001  0.41000000E+002
  0.49048277E-002  0.57112259E-001  0.10121686E+001  0.41000865E+002
  0.49048215E-002  0.57112552E-001  0.10121763E+001  0.41001728E+002
  0.49048155E-002  0.57112834E-001  0.10121837E+001  0.41002588E+002
  0.49048098E-002  0.57113106E-001  0.10121908E+001  0.41003444E+002
  0.49048042E-002  0.57113367E-001  0.10121977E+001  0.41004297E+002
  0.49047989E-002  0.57113617E-001  0.10122042E+001  0.41005144E+002
  0.49047938E-002  0.57113858E-001  0.10122106E+001  0.41005987E+002
  0.49047889E-002  0.57114088E-001  0.10122166E+001  0.41006825E+002
  0.49047841E-002  0.57114309E-001  0.10122225E+001  0.41007656E+002
  0.49047795E-002  0.57114519E-001  0.10122280E+001  0.41008481E+002
  0.49047751E-002  0.57114720E-001  0.10122334E+001  0.41009300E+002
  0.49047708E-002  0.57114911E-001  0.10122385E+001  0.41010111E+002
  0.49047667E-002  0.57115093E-001  0.10122434E+001  0.41010915E+002
  0.49047627E-002  0.57115265E-001  0.10122481E+001  0.41011711E+002
  0.49047589E-002  0.57115429E-001  0.10122526E+001  0.41012499E+002
  0.49047552E-002  0.57115583E-001  0.10122569E+001  0.41013278E+002
  0.49047517E-002  0.57115729E-001  0.10122610E+001  0.41014048E+002
  0.49047482E-002  0.57115867E-001  0.10122649E+001  0.41014808E+002
  0.49047449E-002  0.57115995E-001  0.10122685E+001  0.41015559E+002
  0.49047417E-002  0.57116116E-001  0.10122721E+001  0.41016300E+002
  0.49047387E-002  0.57116229E-001  0.10122754E+001  0.41017031E+002
  0.49047357E-002  0.57116334E-001  0.10122785E+001  0.41017751E+002
  0.49047329E-002  0.57116432E-001  0.10122815E+001  0.41018460E+002
  0.49047301E-002  0.57116523E-001  0.10122844E+001  0.41019159E+002
  0.49047275E-002  0.57116606E-001  0.10122870E+001  0.41019846E+002
  0.49047250E-002  0.57116683E-001  0.10122895E+001  0.41020522E+002
  0.49047225E-002  0.57116753E-001  0.10122919E+001  0.41021186E+002
  0.49047202E-002  0.57116816E-001  0.10122941E+001  0.41021838E+002
  0.49047179E-002  0.57116874E-001  0.10122962E+001  0.41022479E+002
  0.49047157E-002  0.57116925E-001  0.10122982E+001  0.41023107E+002
  0.49047137E-002  0.57116971E-001  0.10123000E+001  0.41023724E+002
  0.49047117E-002  0.57117011E-001  0.10123017E+001  0.41024328E+002
  0.49047097E-002  0.57117046E-001  0.10123032E+001  0.41024920E+002
  0.49047079E-002  0.57117076E-001  0.10123047E+001  0.41025500E+002
  0.49047061E-002  0.57117100E-001  0.10123060E+001  0.41026067E+002
  0.49047044E-002  0.57117120E-001  0.10123073E+001  0.41026623E+002
  0.49047027E-002  0.57117135E-001  0.10123084E+001  0.41027165E+002
  0.49047011E-002  0.57117145E-001  0.10123094E+001  0.41027696E+002
  0.49046996E-002  0.57117150E-001  0.10123103E+001  0.41028214E+002
  0.49046981E-002  0.57117151E-001  0.10123112E+001  0.41028720E+002
  0.49046967E-002  0.57117147E-001  0.10123119E+001  0.41029213E+002
  0.49046953E-002  0.57117139E-001  0.10123125E+001  0.41029695E+002
  0.49046939E-002  0.57117127E-001  0.10123131E+001  0.41030164E+002
  0.49046925E-002  0.57117110E-001  0.10123135E+001  0.41030621E+002
  0.49046913E-002  0.57117091E-001  0.10123139E+001  0.41031068E+002
