  0.66163108E-001
  0.66162771E-001
  0.66135168E-001
  0.66105601E-001
  0.66078679E-001
  0.66055159E-001
  0.66034898E-001
  0.66017535E-001
  0.66002690E-001
  0.65990005E-001
  0.65979168E-001
  0.65969912E-001
  0.65962006E-001
  0.65955255E-001
  0.65949491E-001
  0.65944571E-001
  0.65940377E-001
  0.65936803E-001
  0.65933763E-001
  0.65931181E-001
  0.65928995E-001
  0.65927150E-001
  0.65925599E-001
  0.65924303E-001
  0.65923229E-001
  0.65922348E-001
  0.65921633E-001
  0.65921066E-001
  0.65920626E-001
  0.65920298E-001
  0.65920070E-001
  0.65919928E-001
  0.65919865E-001
  0.65919870E-001
  0.65919937E-001
  0.65920060E-001
  0.65920233E-001
  0.65920452E-001
  0.65920714E-001
  0.65921015E-001
  0.65921352E-001
  0.65921724E-001
  0.65922128E-001
  0.65922564E-001
  0.65923030E-001
  0.65923525E-001
  0.65924049E-001
  0.65924602E-001
  0.65925184E-001
  0.65925794E-001
  0.65926433E-001
  0.65927102E-001
  0.65927800E-001
  0.65928530E-001
  0.65929290E-001
  0.65930083E-001
  0.65930908E-001
  0.65931766E-001
  0.65932658E-001
  0.65933584E-001
  0.65934543E-001
  0.65935537E-001
  0.65936565E-001
  0.65937627E-001
  0.65938721E-001
  0.65939849E-001
  0.65941007E-001
  0.65942197E-001
  0.65943415E-001
  0.65944662E-001
  0.65945936E-001
  0.65947235E-001
  0.65948557E-001
  0.65949900E-001
  0.65951264E-001
  0.65952645E-001
  0.65954042E-001
  0.65955453E-001
  0.65956876E-001
  0.65958308E-001
  0.65959748E-001
  0.65961195E-001
  0.65962645E-001
  0.65964098E-001
  0.65965551E-001
  0.65967004E-001
  0.65968454E-001
  0.65969901E-001
  0.65971342E-001
  0.65972778E-001
  0.65974207E-001
  0.65975628E-001
  0.65977041E-001
  0.65978444E-001
  0.65979838E-001
  0.65981223E-001
  0.65982597E-001
  0.65983961E-001
  0.65985316E-001
  0.65986660E-001
  0.65987994E-001
  0.65989319E-001
  0.65990635E-001
  0.65991941E-001
  0.65993240E-001
  0.65994530E-001
  0.65995813E-001
  0.65997089E-001
  0.65998359E-001
  0.65999623E-001
  0.66000882E-001
  0.66002137E-001
  0.66003388E-001
  0.66004636E-001
  0.66005882E-001
  0.66007126E-001
  0.66008369E-001
  0.66009612E-001
  0.66010854E-001
  0.66012098E-001
  0.66013342E-001
  0.66014589E-001
  0.66015838E-001
  0.66017089E-001
  0.66018345E-001
  0.66019603E-001
  0.66020866E-001
  0.66022134E-001
  0.66023406E-001
  0.66024684E-001
  0.66025967E-001
  0.66027255E-001
  0.66028550E-001
  0.66029850E-001
  0.66031156E-001
  0.66032469E-001
  0.66033787E-001
  0.66035111E-001
  0.66036442E-001
  0.66037778E-001
  0.66039119E-001
  0.66040467E-001
  0.66041819E-001
  0.66043176E-001
  0.66044537E-001
  0.66045903E-001
  0.66047273E-001
  0.66048645E-001
  0.66050021E-001
  0.66051398E-001
  0.66052778E-001
  0.66054158E-001
  0.66055539E-001
  0.66056920E-001
  0.66058300E-001
  0.66059679E-001
  0.66061055E-001
  0.66062429E-001
  0.66063799E-001
  0.66065165E-001
  0.66066525E-001
  0.66067881E-001
  0.66069229E-001
  0.66070571E-001
  0.66071904E-001
  0.66073229E-001
  0.66074545E-001
  0.66075850E-001
  0.66077145E-001
  0.66078429E-001
  0.66079700E-001
  0.66080959E-001
  0.66082205E-001
  0.66083437E-001
  0.66084654E-001
  0.66085857E-001
  0.66087044E-001
  0.66088216E-001
  0.66089371E-001
  0.66090509E-001
  0.66091630E-001
  0.66092734E-001
  0.66093820E-001
  0.66094887E-001
  0.66095937E-001
  0.66096967E-001
  0.66097979E-001
  0.66098972E-001
  0.66099945E-001
  0.66100900E-001
  0.66101834E-001
  0.66102750E-001
  0.66103645E-001
  0.66104521E-001
  0.66105378E-001
  0.66106215E-001
  0.66107032E-001
  0.66107830E-001
  0.66108609E-001
  0.66109373E-001
