  0.42099906E+000
  0.42058910E+000
  0.42026771E+000
  0.42001458E+000
  0.41981757E+000
  0.41966729E+000
  0.41955603E+000
  0.41947728E+000
  0.41942556E+000
  0.41939622E+000
  0.41938536E+000
  0.41938971E+000
  0.41940650E+000
  0.41943343E+000
  0.41946857E+000
  0.41951029E+000
  0.41955725E+000
  0.41960832E+000
  0.41966254E+000
  0.41971912E+000
  0.41977739E+000
  0.41983678E+000
  0.41989680E+000
  0.41995705E+000
  0.42001717E+000
  0.42007685E+000
  0.42013582E+000
  0.42019384E+000
  0.42025070E+000
  0.42030621E+000
  0.42036019E+000
  0.42041249E+000
  0.42046297E+000
  0.42051150E+000
  0.42055796E+000
  0.42060227E+000
  0.42064433E+000
  0.42068409E+000
  0.42072148E+000
  0.42075648E+000
  0.42078906E+000
  0.42081924E+000
  0.42084704E+000
  0.42087250E+000
  0.42089567E+000
  0.42091666E+000
  0.42093554E+000
  0.42095243E+000
  0.42096747E+000
  0.42098078E+000
  0.42099251E+000
  0.42100280E+000
  0.42101181E+000
  0.42101967E+000
  0.42102653E+000
  0.42103251E+000
  0.42103773E+000
  0.42104231E+000
  0.42104633E+000
  0.42104988E+000
  0.42105303E+000
  0.42105583E+000
  0.42105834E+000
  0.42106059E+000
  0.42106260E+000
  0.42106440E+000
  0.42106601E+000
  0.42106743E+000
  0.42106868E+000
  0.42106975E+000
  0.42107066E+000
  0.42107141E+000
  0.42107199E+000
  0.42107242E+000
  0.42107269E+000
  0.42107281E+000
  0.42107278E+000
  0.42107262E+000
  0.42107232E+000
  0.42107189E+000
  0.42107134E+000
  0.42107068E+000
  0.42106991E+000
  0.42106904E+000
  0.42106809E+000
  0.42106706E+000
  0.42106596E+000
  0.42106479E+000
  0.42106357E+000
  0.42106230E+000
  0.42106099E+000
  0.42105965E+000
  0.42105829E+000
  0.42105690E+000
  0.42105550E+000
  0.42105409E+000
  0.42105268E+000
  0.42105126E+000
  0.42104985E+000
  0.42104845E+000
  0.42104706E+000
  0.42104569E+000
  0.42104433E+000
  0.42104298E+000
  0.42104166E+000
  0.42104036E+000
  0.42103908E+000
  0.42103783E+000
  0.42103660E+000
  0.42103540E+000
  0.42103422E+000
  0.42103307E+000
  0.42103195E+000
  0.42103085E+000
  0.42102978E+000
  0.42102874E+000
  0.42102772E+000
  0.42102673E+000
  0.42102576E+000
  0.42102483E+000
  0.42102391E+000
  0.42102303E+000
  0.42102216E+000
  0.42102133E+000
  0.42102051E+000
  0.42101972E+000
  0.42101896E+000
  0.42101821E+000
  0.42101749E+000
  0.42101679E+000
  0.42101611E+000
  0.42101546E+000
  0.42101482E+000
  0.42101421E+000
  0.42101361E+000
  0.42101303E+000
  0.42101247E+000
  0.42101193E+000
  0.42101141E+000
  0.42101091E+000
  0.42101042E+000
  0.42100995E+000
  0.42100949E+000
  0.42100905E+000
  0.42100863E+000
  0.42100822E+000
  0.42100782E+000
  0.42100744E+000
  0.42100707E+000
  0.42100671E+000
  0.42100637E+000
  0.42100603E+000
  0.42100571E+000
  0.42100540E+000
  0.42100511E+000
  0.42100482E+000
  0.42100454E+000
  0.42100427E+000
  0.42100402E+000
  0.42100377E+000
  0.42100353E+000
  0.42100330E+000
  0.42100308E+000
  0.42100287E+000
  0.42100266E+000
  0.42100247E+000
  0.42100228E+000
  0.42100209E+000
  0.42100192E+000
  0.42100175E+000
  0.42100159E+000
  0.42100144E+000
  0.42100129E+000
  0.42100114E+000
  0.42100101E+000
  0.42100088E+000
  0.42100075E+000
  0.42100063E+000
  0.42100052E+000
  0.42100041E+000
  0.42100031E+000
  0.42100021E+000
  0.42100011E+000
  0.42100002E+000
  0.42099994E+000
  0.42099986E+000
  0.42099978E+000
  0.42099971E+000
  0.42099964E+000
  0.42099958E+000
  0.42099952E+000
  0.42099946E+000
  0.42099940E+000
  0.42099935E+000
  0.42099931E+000
  0.42099926E+000
  0.42099922E+000
  0.42099919E+000
  0.42099916E+000
  0.42099912E+000
