  0.43798579E+000
  0.43759547E+000
  0.43728834E+000
  0.43704526E+000
  0.43685501E+000
  0.43670894E+000
  0.43659993E+000
  0.43652194E+000
  0.43646987E+000
  0.43643938E+000
  0.43642680E+000
  0.43642903E+000
  0.43644345E+000
  0.43646788E+000
  0.43650046E+000
  0.43653963E+000
  0.43658409E+000
  0.43663274E+000
  0.43668465E+000
  0.43673904E+000
  0.43679525E+000
  0.43685271E+000
  0.43691093E+000
  0.43696951E+000
  0.43702809E+000
  0.43708634E+000
  0.43714400E+000
  0.43720081E+000
  0.43725656E+000
  0.43731104E+000
  0.43736409E+000
  0.43741552E+000
  0.43746520E+000
  0.43751300E+000
  0.43755879E+000
  0.43760248E+000
  0.43764396E+000
  0.43768318E+000
  0.43772008E+000
  0.43775462E+000
  0.43778678E+000
  0.43781656E+000
  0.43784398E+000
  0.43786909E+000
  0.43789195E+000
  0.43791263E+000
  0.43793123E+000
  0.43794786E+000
  0.43796265E+000
  0.43797574E+000
  0.43798725E+000
  0.43799735E+000
  0.43800616E+000
  0.43801385E+000
  0.43802054E+000
  0.43802636E+000
  0.43803143E+000
  0.43803587E+000
  0.43803975E+000
  0.43804317E+000
  0.43804619E+000
  0.43804886E+000
  0.43805125E+000
  0.43805337E+000
  0.43805527E+000
  0.43805696E+000
  0.43805845E+000
  0.43805976E+000
  0.43806090E+000
  0.43806187E+000
  0.43806267E+000
  0.43806331E+000
  0.43806379E+000
  0.43806411E+000
  0.43806428E+000
  0.43806430E+000
  0.43806418E+000
  0.43806392E+000
  0.43806353E+000
  0.43806301E+000
  0.43806236E+000
  0.43806161E+000
  0.43806076E+000
  0.43805981E+000
  0.43805877E+000
  0.43805765E+000
  0.43805647E+000
  0.43805522E+000
  0.43805392E+000
  0.43805257E+000
  0.43805118E+000
  0.43804976E+000
  0.43804832E+000
  0.43804686E+000
  0.43804538E+000
  0.43804390E+000
  0.43804241E+000
  0.43804092E+000
  0.43803944E+000
  0.43803797E+000
  0.43803651E+000
  0.43803507E+000
  0.43803364E+000
  0.43803223E+000
  0.43803084E+000
  0.43802947E+000
  0.43802813E+000
  0.43802681E+000
  0.43802552E+000
  0.43802426E+000
  0.43802302E+000
  0.43802181E+000
  0.43802062E+000
  0.43801947E+000
  0.43801834E+000
  0.43801724E+000
  0.43801617E+000
  0.43801512E+000
  0.43801411E+000
  0.43801312E+000
  0.43801215E+000
  0.43801122E+000
  0.43801031E+000
  0.43800942E+000
  0.43800856E+000
  0.43800773E+000
  0.43800692E+000
  0.43800613E+000
  0.43800537E+000
  0.43800463E+000
  0.43800391E+000
  0.43800322E+000
  0.43800254E+000
  0.43800189E+000
  0.43800126E+000
  0.43800065E+000
  0.43800005E+000
  0.43799948E+000
  0.43799893E+000
  0.43799839E+000
  0.43799787E+000
  0.43799737E+000
  0.43799689E+000
  0.43799642E+000
  0.43799597E+000
  0.43799553E+000
  0.43799511E+000
  0.43799471E+000
  0.43799431E+000
  0.43799393E+000
  0.43799357E+000
  0.43799322E+000
  0.43799288E+000
  0.43799255E+000
  0.43799223E+000
  0.43799193E+000
  0.43799163E+000
  0.43799135E+000
  0.43799107E+000
  0.43799081E+000
  0.43799056E+000
  0.43799031E+000
  0.43799008E+000
  0.43798985E+000
  0.43798963E+000
  0.43798942E+000
  0.43798922E+000
  0.43798903E+000
  0.43798884E+000
  0.43798866E+000
  0.43798849E+000
  0.43798833E+000
  0.43798817E+000
  0.43798802E+000
  0.43798787E+000
  0.43798774E+000
  0.43798760E+000
  0.43798748E+000
  0.43798736E+000
  0.43798724E+000
  0.43798713E+000
  0.43798703E+000
  0.43798693E+000
  0.43798683E+000
  0.43798674E+000
  0.43798666E+000
  0.43798657E+000
  0.43798650E+000
  0.43798643E+000
  0.43798636E+000
  0.43798629E+000
  0.43798623E+000
  0.43798618E+000
  0.43798612E+000
  0.43798607E+000
  0.43798603E+000
  0.43798599E+000
  0.43798595E+000
  0.43798592E+000
  0.43798588E+000
