  0.12930265E+001
  0.12927043E+001
  0.12924697E+001
  0.12922768E+001
  0.12921151E+001
  0.12919792E+001
  0.12918652E+001
  0.12917696E+001
  0.12916897E+001
  0.12916230E+001
  0.12915676E+001
  0.12915217E+001
  0.12914838E+001
  0.12914528E+001
  0.12914275E+001
  0.12914070E+001
  0.12913907E+001
  0.12913779E+001
  0.12913681E+001
  0.12913608E+001
  0.12913556E+001
  0.12913522E+001
  0.12913503E+001
  0.12913497E+001
  0.12913503E+001
  0.12913517E+001
  0.12913539E+001
  0.12913568E+001
  0.12913602E+001
  0.12913640E+001
  0.12913682E+001
  0.12913727E+001
  0.12913774E+001
  0.12913822E+001
  0.12913872E+001
  0.12913923E+001
  0.12913974E+001
  0.12914025E+001
  0.12914076E+001
  0.12914126E+001
  0.12914175E+001
  0.12914224E+001
  0.12914272E+001
  0.12914319E+001
  0.12914364E+001
  0.12914408E+001
  0.12914451E+001
  0.12914493E+001
  0.12914534E+001
  0.12914574E+001
  0.12914613E+001
  0.12914651E+001
  0.12914688E+001
  0.12914726E+001
  0.12914763E+001
  0.12914800E+001
  0.12914837E+001
  0.12914874E+001
  0.12914912E+001
  0.12914951E+001
  0.12914990E+001
  0.12915030E+001
  0.12915070E+001
  0.12915112E+001
  0.12915155E+001
  0.12915198E+001
  0.12915243E+001
  0.12915288E+001
  0.12915335E+001
  0.12915382E+001
  0.12915430E+001
  0.12915478E+001
  0.12915528E+001
  0.12915578E+001
  0.12915629E+001
  0.12915680E+001
  0.12915732E+001
  0.12915784E+001
  0.12915836E+001
  0.12915889E+001
  0.12915942E+001
  0.12915995E+001
  0.12916048E+001
  0.12916101E+001
  0.12916153E+001
  0.12916206E+001
  0.12916259E+001
  0.12916311E+001
  0.12916364E+001
  0.12916416E+001
  0.12916468E+001
  0.12916519E+001
  0.12916570E+001
  0.12916621E+001
  0.12916672E+001
  0.12916722E+001
  0.12916772E+001
  0.12916822E+001
  0.12916872E+001
  0.12916921E+001
  0.12916970E+001
  0.12917019E+001
  0.12917067E+001
  0.12917116E+001
  0.12917164E+001
  0.12917212E+001
  0.12917260E+001
  0.12917308E+001
  0.12917356E+001
  0.12917404E+001
  0.12917451E+001
  0.12917499E+001
  0.12917547E+001
  0.12917596E+001
  0.12917644E+001
  0.12917692E+001
  0.12917741E+001
  0.12917790E+001
  0.12917839E+001
  0.12917889E+001
  0.12917938E+001
  0.12917988E+001
  0.12918039E+001
  0.12918090E+001
  0.12918141E+001
  0.12918192E+001
  0.12918244E+001
  0.12918297E+001
  0.12918350E+001
  0.12918403E+001
  0.12918457E+001
  0.12918511E+001
  0.12918566E+001
  0.12918621E+001
  0.12918677E+001
  0.12918733E+001
  0.12918789E+001
  0.12918846E+001
  0.12918904E+001
  0.12918962E+001
  0.12919020E+001
  0.12919079E+001
  0.12919138E+001
  0.12919198E+001
  0.12919257E+001
  0.12919318E+001
  0.12919378E+001
  0.12919439E+001
  0.12919500E+001
  0.12919561E+001
  0.12919622E+001
  0.12919684E+001
  0.12919746E+001
  0.12919808E+001
  0.12919869E+001
  0.12919931E+001
  0.12919993E+001
  0.12920055E+001
  0.12920117E+001
  0.12920178E+001
  0.12920240E+001
  0.12920301E+001
  0.12920362E+001
  0.12920423E+001
  0.12920483E+001
  0.12920543E+001
  0.12920603E+001
  0.12920663E+001
  0.12920721E+001
  0.12920780E+001
  0.12920838E+001
  0.12920895E+001
  0.12920952E+001
  0.12921008E+001
  0.12921064E+001
  0.12921119E+001
  0.12921173E+001
  0.12921226E+001
  0.12921279E+001
  0.12921331E+001
  0.12921383E+001
  0.12921433E+001
  0.12921483E+001
  0.12921532E+001
  0.12921580E+001
  0.12921627E+001
  0.12921674E+001
  0.12921719E+001
  0.12921764E+001
  0.12921808E+001
  0.12921851E+001
  0.12921893E+001
  0.12921934E+001
  0.12921974E+001
  0.12922013E+001
  0.12922052E+001
  0.12922089E+001
  0.12922126E+001
  0.12922162E+001
  0.12922197E+001
