  0.73568269E+000
  0.73539718E+000
  0.73520088E+000
  0.73507061E+000
  0.73498446E+000
  0.73492721E+000
  0.73488905E+000
  0.73486336E+000
  0.73484587E+000
  0.73483382E+000
  0.73482538E+000
  0.73481938E+000
  0.73481436E+000
  0.73480998E+000
  0.73480611E+000
  0.73480274E+000
  0.73479986E+000
  0.73479748E+000
  0.73479563E+000
  0.73479429E+000
  0.73479348E+000
  0.73479319E+000
  0.73479338E+000
  0.73479404E+000
  0.73479512E+000
  0.73479658E+000
  0.73479837E+000
  0.73480044E+000
  0.73480273E+000
  0.73480520E+000
  0.73480779E+000
  0.73481046E+000
  0.73481316E+000
  0.73481585E+000
  0.73481849E+000
  0.73482107E+000
  0.73482354E+000
  0.73482590E+000
  0.73482812E+000
  0.73483020E+000
  0.73483213E+000
  0.73483391E+000
  0.73483554E+000
  0.73483703E+000
  0.73483838E+000
  0.73483961E+000
  0.73484072E+000
  0.73484173E+000
  0.73484265E+000
  0.73484349E+000
  0.73484426E+000
  0.73484498E+000
  0.73484565E+000
  0.73484629E+000
  0.73484689E+000
  0.73484748E+000
  0.73484804E+000
  0.73484859E+000
  0.73484913E+000
  0.73484965E+000
  0.73485016E+000
  0.73485066E+000
  0.73485115E+000
  0.73485162E+000
  0.73485208E+000
  0.73485252E+000
  0.73485295E+000
  0.73485336E+000
  0.73485376E+000
  0.73485414E+000
  0.73485451E+000
  0.73485486E+000
  0.73485521E+000
  0.73485553E+000
  0.73485585E+000
  0.73485616E+000
  0.73485646E+000
  0.73485675E+000
  0.73485703E+000
  0.73485731E+000
  0.73485758E+000
  0.73485785E+000
  0.73485812E+000
  0.73485839E+000
  0.73485865E+000
  0.73485892E+000
  0.73485918E+000
  0.73485945E+000
  0.73485972E+000
  0.73485999E+000
  0.73486026E+000
  0.73486053E+000
  0.73486081E+000
  0.73486109E+000
  0.73486137E+000
  0.73486166E+000
  0.73486195E+000
  0.73486223E+000
  0.73486252E+000
  0.73486282E+000
  0.73486311E+000
  0.73486340E+000
  0.73486369E+000
  0.73486398E+000
  0.73486427E+000
  0.73486455E+000
  0.73486484E+000
  0.73486512E+000
  0.73486539E+000
  0.73486567E+000
  0.73486594E+000
  0.73486620E+000
  0.73486646E+000
  0.73486671E+000
  0.73486696E+000
  0.73486720E+000
  0.73486744E+000
  0.73486766E+000
  0.73486788E+000
  0.73486810E+000
  0.73486831E+000
  0.73486851E+000
  0.73486870E+000
  0.73486889E+000
  0.73486907E+000
  0.73486924E+000
  0.73486941E+000
  0.73486957E+000
  0.73486972E+000
  0.73486986E+000
  0.73487000E+000
  0.73487014E+000
  0.73487026E+000
  0.73487038E+000
  0.73487050E+000
  0.73487061E+000
  0.73487071E+000
  0.73487081E+000
  0.73487090E+000
  0.73487099E+000
  0.73487108E+000
  0.73487116E+000
  0.73487123E+000
  0.73487130E+000
  0.73487137E+000
  0.73487143E+000
  0.73487149E+000
  0.73487155E+000
  0.73487160E+000
  0.73487165E+000
  0.73487170E+000
  0.73487175E+000
  0.73487179E+000
  0.73487183E+000
  0.73487186E+000
  0.73487190E+000
  0.73487193E+000
  0.73487196E+000
  0.73487198E+000
  0.73487201E+000
  0.73487203E+000
  0.73487206E+000
  0.73487208E+000
  0.73487209E+000
  0.73487211E+000
  0.73487213E+000
  0.73487214E+000
  0.73487215E+000
  0.73487216E+000
  0.73487217E+000
  0.73487218E+000
  0.73487219E+000
  0.73487219E+000
  0.73487220E+000
  0.73487220E+000
  0.73487221E+000
  0.73487221E+000
  0.73487221E+000
  0.73487221E+000
  0.73487221E+000
  0.73487221E+000
  0.73487221E+000
  0.73487220E+000
  0.73487220E+000
  0.73487220E+000
  0.73487219E+000
  0.73487219E+000
  0.73487218E+000
  0.73487217E+000
  0.73487217E+000
  0.73487216E+000
  0.73487215E+000
  0.73487214E+000
  0.73487214E+000
  0.73487213E+000
  0.73487212E+000
  0.73487211E+000
  0.73487210E+000
  0.73487209E+000
  0.73487210E+000
