  0.77810289E+000  0.89337386E+000  0.10987857E+001  0.24018439E+001
  0.77808720E+000  0.89381907E+000  0.10981135E+001  0.24007978E+001
  0.77806034E+000  0.89384842E+000  0.10979689E+001  0.24000014E+001
  0.77803566E+000  0.89382081E+000  0.10979069E+001  0.23993440E+001
  0.77801480E+000  0.89378488E+000  0.10978659E+001  0.23987950E+001
  0.77799753E+000  0.89374766E+000  0.10978363E+001  0.23983356E+001
  0.77798338E+000  0.89371035E+000  0.10978155E+001  0.23979517E+001
  0.77797186E+000  0.89367337E+000  0.10978022E+001  0.23976312E+001
  0.77796253E+000  0.89363702E+000  0.10977950E+001  0.23973644E+001
  0.77795504E+000  0.89360164E+000  0.10977927E+001  0.23971431E+001
  0.77794908E+000  0.89356755E+000  0.10977942E+001  0.23969600E+001
  0.77794438E+000  0.89353507E+000  0.10977982E+001  0.23968095E+001
  0.77794074E+000  0.89350445E+000  0.10978041E+001  0.23966864E+001
  0.77793799E+000  0.89347588E+000  0.10978109E+001  0.23965866E+001
  0.77793597E+000  0.89344948E+000  0.10978182E+001  0.23965065E+001
  0.77793457E+000  0.89342530E+000  0.10978254E+001  0.23964431E+001
  0.77793368E+000  0.89340334E+000  0.10978323E+001  0.23963939E+001
  0.77793321E+000  0.89338355E+000  0.10978385E+001  0.23963567E+001
  0.77793309E+000  0.89336584E+000  0.10978440E+001  0.23963297E+001
  0.77793326E+000  0.89335008E+000  0.10978487E+001  0.23963112E+001
  0.77793366E+000  0.89333614E+000  0.10978526E+001  0.23963001E+001
  0.77793426E+000  0.89332388E+000  0.10978557E+001  0.23962951E+001
  0.77793500E+000  0.89331315E+000  0.10978581E+001  0.23962953E+001
  0.77793587E+000  0.89330379E+000  0.10978597E+001  0.23962998E+001
  0.77793683E+000  0.89329567E+000  0.10978608E+001  0.23963080E+001
  0.77793785E+000  0.89328864E+000  0.10978614E+001  0.23963192E+001
  0.77793892E+000  0.89328259E+000  0.10978615E+001  0.23963329E+001
  0.77794003E+000  0.89327738E+000  0.10978613E+001  0.23963487E+001
  0.77794114E+000  0.89327292E+000  0.10978609E+001  0.23963660E+001
  0.77794226E+000  0.89326910E+000  0.10978603E+001  0.23963847E+001
  0.77794336E+000  0.89326583E+000  0.10978596E+001  0.23964043E+001
  0.77794444E+000  0.89326304E+000  0.10978589E+001  0.23964246E+001
  0.77794549E+000  0.89326065E+000  0.10978581E+001  0.23964455E+001
  0.77794650E+000  0.89325860E+000  0.10978575E+001  0.23964667E+001
  0.77794747E+000  0.89325683E+000  0.10978569E+001  0.23964880E+001
  0.77794839E+000  0.89325529E+000  0.10978564E+001  0.23965093E+001
  0.77794925E+000  0.89325394E+000  0.10978561E+001  0.23965305E+001
  0.77795004E+000  0.89325274E+000  0.10978559E+001  0.23965516E+001
  0.77795078E+000  0.89325166E+000  0.10978558E+001  0.23965723E+001
  0.77795145E+000  0.89325066E+000  0.10978558E+001  0.23965928E+001
  0.77795205E+000  0.89324972E+000  0.10978558E+001  0.23966129E+001
  0.77795258E+000  0.89324882E+000  0.10978560E+001  0.23966326E+001
  0.77795304E+000  0.89324794E+000  0.10978562E+001  0.23966519E+001
  0.77795343E+000  0.89324707E+000  0.10978563E+001  0.23966709E+001
  0.77795375E+000  0.89324620E+000  0.10978565E+001  0.23966894E+001
  0.77795401E+000  0.89324531E+000  0.10978567E+001  0.23967076E+001
  0.77795420E+000  0.89324440E+000  0.10978568E+001  0.23967254E+001
  0.77795432E+000  0.89324346E+000  0.10978568E+001  0.23967430E+001
  0.77795439E+000  0.89324250E+000  0.10978567E+001  0.23967603E+001
  0.77795441E+000  0.89324151E+000  0.10978565E+001  0.23967773E+001
  0.77795437E+000  0.89324049E+000  0.10978562E+001  0.23967943E+001
  0.77795429E+000  0.89323945E+000  0.10978558E+001  0.23968111E+001
  0.77795418E+000  0.89323840E+000  0.10978553E+001  0.23968278E+001
  0.77795402E+000  0.89323733E+000  0.10978547E+001  0.23968446E+001
  0.77795384E+000  0.89323625E+000  0.10978539E+001  0.23968614E+001
  0.77795364E+000  0.89323517E+000  0.10978531E+001  0.23968783E+001
  0.77795341E+000  0.89323410E+000  0.10978522E+001  0.23968953E+001
  0.77795317E+000  0.89323304E+000  0.10978512E+001  0.23969126E+001
  0.77795292E+000  0.89323200E+000  0.10978501E+001  0.23969301E+001
  0.77795267E+000  0.89323098E+000  0.10978490E+001  0.23969479E+001
  0.77795241E+000  0.89322999E+000  0.10978478E+001  0.23969660E+001
  0.77795215E+000  0.89322904E+000  0.10978466E+001  0.23969844E+001
  0.77795189E+000  0.89322811E+000  0.10978453E+001  0.23970031E+001
  0.77795165E+000  0.89322723E+000  0.10978440E+001  0.23970222E+001
  0.77795140E+000  0.89322639E+000  0.10978427E+001  0.23970417E+001
  0.77795117E+000  0.89322558E+000  0.10978414E+001  0.23970615E+001
  0.77795096E+000  0.89322483E+000  0.10978400E+001  0.23970816E+001
  0.77795075E+000  0.89322412E+000  0.10978387E+001  0.23971020E+001
  0.77795056E+000  0.89322345E+000  0.10978373E+001  0.23971228E+001
  0.77795039E+000  0.89322283E+000  0.10978359E+001  0.23971438E+001
  0.77795023E+000  0.89322226E+000  0.10978345E+001  0.23971652E+001
  0.77795009E+000  0.89322174E+000  0.10978331E+001  0.23971867E+001
  0.77794997E+000  0.89322127E+000  0.10978317E+001  0.23972085E+001
  0.77794987E+000  0.89322085E+000  0.10978303E+001  0.23972305E+001
  0.77794979E+000  0.89322047E+000  0.10978289E+001  0.23972527E+001
  0.77794973E+000  0.89322015E+000  0.10978275E+001  0.23972750E+001
  0.77794969E+000  0.89321988E+000  0.10978260E+001  0.23972974E+001
  0.77794967E+000  0.89321965E+000  0.10978246E+001  0.23973199E+001
  0.77794967E+000  0.89321948E+000  0.10978232E+001  0.23973424E+001
  0.77794969E+000  0.89321936E+000  0.10978218E+001  0.23973650E+001
  0.77794972E+000  0.89321929E+000  0.10978204E+001  0.23973876E+001
  0.77794978E+000  0.89321927E+000  0.10978190E+001  0.23974101E+001
  0.77794985E+000  0.89321930E+000  0.10978176E+001  0.23974326E+001
  0.77794994E+000  0.89321938E+000  0.10978162E+001  0.23974549E+001
  0.77795005E+000  0.89321950E+000  0.10978149E+001  0.23974772E+001
  0.77795017E+000  0.89321967E+000  0.10978135E+001  0.23974994E+001
  0.77795031E+000  0.89321989E+000  0.10978122E+001  0.23975215E+001
  0.77795046E+000  0.89322015E+000  0.10978109E+001  0.23975434E+001
  0.77795062E+000  0.89322045E+000  0.10978096E+001  0.23975651E+001
  0.77795080E+000  0.89322078E+000  0.10978083E+001  0.23975867E+001
  0.77795098E+000  0.89322116E+000  0.10978071E+001  0.23976081E+001
  0.77795118E+000  0.89322157E+000  0.10978059E+001  0.23976293E+001
  0.77795138E+000  0.89322201E+000  0.10978047E+001  0.23976504E+001
  0.77795159E+000  0.89322248E+000  0.10978036E+001  0.23976712E+001
  0.77795180E+000  0.89322298E+000  0.10978024E+001  0.23976919E+001
  0.77795202E+000  0.89322350E+000  0.10978013E+001  0.23977124E+001
  0.77795225E+000  0.89322404E+000  0.10978003E+001  0.23977327E+001
  0.77795247E+000  0.89322460E+000  0.10977992E+001  0.23977528E+001
  0.77795270E+000  0.89322518E+000  0.10977983E+001  0.23977728E+001
  0.77795293E+000  0.89322577E+000  0.10977973E+001  0.23977926E+001
  0.77795316E+000  0.89322638E+000  0.10977964E+001  0.23978123E+001
  0.77795339E+000  0.89322699E+000  0.10977955E+001  0.23978319E+001
  0.77795362E+000  0.89322760E+000  0.10977946E+001  0.23978513E+001
  0.77795384E+000  0.89322822E+000  0.10977938E+001  0.23978706E+001
  0.77795407E+000  0.89322885E+000  0.10977930E+001  0.23978899E+001
  0.77795429E+000  0.89322947E+000  0.10977923E+001  0.23979090E+001
  0.77795450E+000  0.89323009E+000  0.10977916E+001  0.23979281E+001
  0.77795472E+000  0.89323070E+000  0.10977909E+001  0.23979471E+001
  0.77795492E+000  0.89323132E+000  0.10977902E+001  0.23979661E+001
  0.77795513E+000  0.89323192E+000  0.10977896E+001  0.23979851E+001
  0.77795532E+000  0.89323252E+000  0.10977890E+001  0.23980040E+001
  0.77795552E+000  0.89323310E+000  0.10977885E+001  0.23980230E+001
  0.77795570E+000  0.89323368E+000  0.10977879E+001  0.23980420E+001
  0.77795588E+000  0.89323425E+000  0.10977875E+001  0.23980610E+001
  0.77795606E+000  0.89323480E+000  0.10977870E+001  0.23980800E+001
  0.77795623E+000  0.89323534E+000  0.10977866E+001  0.23980991E+001
  0.77795639E+000  0.89323587E+000  0.10977861E+001  0.23981183E+001
  0.77795655E+000  0.89323639E+000  0.10977858E+001  0.23981376E+001
  0.77795670E+000  0.89323689E+000  0.10977854E+001  0.23981570E+001
  0.77795684E+000  0.89323738E+000  0.10977850E+001  0.23981765E+001
  0.77795698E+000  0.89323785E+000  0.10977847E+001  0.23981961E+001
  0.77795711E+000  0.89323831E+000  0.10977844E+001  0.23982158E+001
  0.77795724E+000  0.89323876E+000  0.10977842E+001  0.23982357E+001
  0.77795736E+000  0.89323919E+000  0.10977839E+001  0.23982557E+001
  0.77795748E+000  0.89323961E+000  0.10977837E+001  0.23982759E+001
  0.77795759E+000  0.89324001E+000  0.10977834E+001  0.23982963E+001
  0.77795769E+000  0.89324040E+000  0.10977832E+001  0.23983168E+001
  0.77795779E+000  0.89324078E+000  0.10977830E+001  0.23983375E+001
  0.77795789E+000  0.89324114E+000  0.10977828E+001  0.23983583E+001
  0.77795798E+000  0.89324149E+000  0.10977827E+001  0.23983794E+001
  0.77795807E+000  0.89324183E+000  0.10977825E+001  0.23984006E+001
  0.77795815E+000  0.89324216E+000  0.10977824E+001  0.23984221E+001
  0.77795823E+000  0.89324247E+000  0.10977822E+001  0.23984437E+001
  0.77795830E+000  0.89324278E+000  0.10977821E+001  0.23984655E+001
  0.77795837E+000  0.89324307E+000  0.10977820E+001  0.23984876E+001
  0.77795844E+000  0.89324335E+000  0.10977819E+001  0.23985098E+001
  0.77795850E+000  0.89324362E+000  0.10977818E+001  0.23985322E+001
  0.77795856E+000  0.89324388E+000  0.10977817E+001  0.23985548E+001
  0.77795862E+000  0.89324413E+000  0.10977816E+001  0.23985775E+001
  0.77795867E+000  0.89324437E+000  0.10977815E+001  0.23986005E+001
  0.77795872E+000  0.89324460E+000  0.10977814E+001  0.23986236E+001
  0.77795877E+000  0.89324482E+000  0.10977813E+001  0.23986469E+001
  0.77795882E+000  0.89324504E+000  0.10977813E+001  0.23986704E+001
  0.77795886E+000  0.89324524E+000  0.10977812E+001  0.23986940E+001
  0.77795891E+000  0.89324544E+000  0.10977811E+001  0.23987178E+001
  0.77795895E+000  0.89324563E+000  0.10977811E+001  0.23987417E+001
  0.77795899E+000  0.89324581E+000  0.10977810E+001  0.23987657E+001
  0.77795902E+000  0.89324599E+000  0.10977810E+001  0.23987898E+001
  0.77795906E+000  0.89324616E+000  0.10977809E+001  0.23988141E+001
  0.77795909E+000  0.89324632E+000  0.10977809E+001  0.23988384E+001
  0.77795913E+000  0.89324648E+000  0.10977808E+001  0.23988629E+001
  0.77795916E+000  0.89324663E+000  0.10977808E+001  0.23988874E+001
  0.77795919E+000  0.89324678E+000  0.10977807E+001  0.23989119E+001
  0.77795922E+000  0.89324692E+000  0.10977807E+001  0.23989365E+001
  0.77795925E+000  0.89324705E+000  0.10977806E+001  0.23989611E+001
  0.77795928E+000  0.89324718E+000  0.10977806E+001  0.23989857E+001
  0.77795931E+000  0.89324731E+000  0.10977806E+001  0.23990104E+001
  0.77795933E+000  0.89324743E+000  0.10977805E+001  0.23990350E+001
  0.77795936E+000  0.89324754E+000  0.10977805E+001  0.23990596E+001
  0.77795938E+000  0.89324766E+000  0.10977805E+001  0.23990841E+001
  0.77795941E+000  0.89324776E+000  0.10977805E+001  0.23991086E+001
  0.77795943E+000  0.89324787E+000  0.10977804E+001  0.23991330E+001
  0.77795946E+000  0.89324797E+000  0.10977804E+001  0.23991573E+001
  0.77795948E+000  0.89324806E+000  0.10977804E+001  0.23991815E+001
  0.77795950E+000  0.89324815E+000  0.10977804E+001  0.23992056E+001
  0.77795952E+000  0.89324824E+000  0.10977803E+001  0.23992296E+001
  0.77795955E+000  0.89324833E+000  0.10977803E+001  0.23992534E+001
  0.77795957E+000  0.89324841E+000  0.10977803E+001  0.23992770E+001
  0.77795959E+000  0.89324849E+000  0.10977803E+001  0.23993005E+001
  0.77795961E+000  0.89324857E+000  0.10977803E+001  0.23993238E+001
  0.77795963E+000  0.89324864E+000  0.10977803E+001  0.23993469E+001
  0.77795965E+000  0.89324871E+000  0.10977803E+001  0.23993697E+001
  0.77795967E+000  0.89324878E+000  0.10977803E+001  0.23993924E+001
  0.77795969E+000  0.89324884E+000  0.10977802E+001  0.23994148E+001
  0.77795971E+000  0.89324891E+000  0.10977802E+001  0.23994369E+001
  0.77795972E+000  0.89324896E+000  0.10977802E+001  0.23994588E+001
  0.77795974E+000  0.89324902E+000  0.10977802E+001  0.23994804E+001
  0.77795976E+000  0.89324908E+000  0.10977802E+001  0.23995018E+001
  0.77795978E+000  0.89324913E+000  0.10977802E+001  0.23995229E+001
  0.77795979E+000  0.89324918E+000  0.10977802E+001  0.23995436E+001
  0.77795981E+000  0.89324923E+000  0.10977802E+001  0.23995641E+001
  0.77795983E+000  0.89324927E+000  0.10977802E+001  0.23995842E+001
  0.77795984E+000  0.89324932E+000  0.10977802E+001  0.23996041E+001
  0.77795986E+000  0.89324936E+000  0.10977802E+001  0.23996236E+001
  0.77795987E+000  0.89324940E+000  0.10977802E+001  0.23996427E+001
  0.77795989E+000  0.89324943E+000  0.10977802E+001  0.23996616E+001
  0.77795990E+000  0.89324947E+000  0.10977803E+001  0.23996801E+001
  0.77795991E+000  0.89324950E+000  0.10977803E+001  0.23996983E+001
  0.77795993E+000  0.89324953E+000  0.10977803E+001  0.23997161E+001
  0.77795994E+000  0.89324956E+000  0.10977803E+001  0.23997335E+001
  0.77795996E+000  0.89324959E+000  0.10977803E+001  0.23997507E+001
  0.77795997E+000  0.89324962E+000  0.10977803E+001  0.23997674E+001
  0.77795998E+000  0.89324965E+000  0.10977803E+001  0.23997838E+001
  0.77796000E+000  0.89324967E+000  0.10977803E+001  0.23997999E+001
  0.77796001E+000  0.89324969E+000  0.10977803E+001  0.23998156E+001
  0.77796002E+000  0.89324972E+000  0.10977804E+001  0.23998309E+001
  0.77796004E+000  0.89324974E+000  0.10977804E+001  0.23998459E+001
  0.77796005E+000  0.89324976E+000  0.10977804E+001  0.23998606E+001
  0.77796006E+000  0.89324977E+000  0.10977804E+001  0.23998748E+001
  0.77796007E+000  0.89324980E+000  0.10977805E+001  0.23998889E+001
