 -0.37237106E+000
 -0.37233151E+000
 -0.37217663E+000
 -0.37201742E+000
 -0.37187368E+000
 -0.37174821E+000
 -0.37163992E+000
 -0.37154686E+000
 -0.37146699E+000
 -0.37139843E+000
 -0.37133958E+000
 -0.37128902E+000
 -0.37124558E+000
 -0.37120822E+000
 -0.37117607E+000
 -0.37114840E+000
 -0.37112458E+000
 -0.37110406E+000
 -0.37108638E+000
 -0.37107117E+000
 -0.37105808E+000
 -0.37104683E+000
 -0.37103718E+000
 -0.37102893E+000
 -0.37102189E+000
 -0.37101592E+000
 -0.37101087E+000
 -0.37100666E+000
 -0.37100316E+000
 -0.37100032E+000
 -0.37099805E+000
 -0.37099629E+000
 -0.37099500E+000
 -0.37099412E+000
 -0.37099362E+000
 -0.37099347E+000
 -0.37099364E+000
 -0.37099410E+000
 -0.37099484E+000
 -0.37099583E+000
 -0.37099706E+000
 -0.37099852E+000
 -0.37100019E+000
 -0.37100207E+000
 -0.37100415E+000
 -0.37100642E+000
 -0.37100887E+000
 -0.37101150E+000
 -0.37101431E+000
 -0.37101730E+000
 -0.37102046E+000
 -0.37102380E+000
 -0.37102732E+000
 -0.37103101E+000
 -0.37103488E+000
 -0.37103894E+000
 -0.37104319E+000
 -0.37104762E+000
 -0.37105224E+000
 -0.37105706E+000
 -0.37106207E+000
 -0.37106727E+000
 -0.37107267E+000
 -0.37107826E+000
 -0.37108404E+000
 -0.37109000E+000
 -0.37109616E+000
 -0.37110249E+000
 -0.37110899E+000
 -0.37111566E+000
 -0.37112249E+000
 -0.37112947E+000
 -0.37113659E+000
 -0.37114385E+000
 -0.37115122E+000
 -0.37115871E+000
 -0.37116630E+000
 -0.37117399E+000
 -0.37118175E+000
 -0.37118958E+000
 -0.37119747E+000
 -0.37120540E+000
 -0.37121338E+000
 -0.37122138E+000
 -0.37122940E+000
 -0.37123743E+000
 -0.37124546E+000
 -0.37125348E+000
 -0.37126149E+000
 -0.37126948E+000
 -0.37127745E+000
 -0.37128539E+000
 -0.37129329E+000
 -0.37130116E+000
 -0.37130899E+000
 -0.37131678E+000
 -0.37132452E+000
 -0.37133223E+000
 -0.37133988E+000
 -0.37134750E+000
 -0.37135507E+000
 -0.37136260E+000
 -0.37137009E+000
 -0.37137754E+000
 -0.37138496E+000
 -0.37139234E+000
 -0.37139969E+000
 -0.37140701E+000
 -0.37141431E+000
 -0.37142159E+000
 -0.37142885E+000
 -0.37143610E+000
 -0.37144333E+000
 -0.37145055E+000
 -0.37145778E+000
 -0.37146500E+000
 -0.37147222E+000
 -0.37147944E+000
 -0.37148668E+000
 -0.37149393E+000
 -0.37150119E+000
 -0.37150847E+000
 -0.37151577E+000
 -0.37152309E+000
 -0.37153043E+000
 -0.37153780E+000
 -0.37154520E+000
 -0.37155264E+000
 -0.37156010E+000
 -0.37156760E+000
 -0.37157513E+000
 -0.37158269E+000
 -0.37159030E+000
 -0.37159793E+000
 -0.37160561E+000
 -0.37161332E+000
 -0.37162107E+000
 -0.37162885E+000
 -0.37163667E+000
 -0.37164452E+000
 -0.37165240E+000
 -0.37166031E+000
 -0.37166825E+000
 -0.37167622E+000
 -0.37168422E+000
 -0.37169223E+000
 -0.37170027E+000
 -0.37170832E+000
 -0.37171638E+000
 -0.37172446E+000
 -0.37173254E+000
 -0.37174063E+000
 -0.37174871E+000
 -0.37175680E+000
 -0.37176487E+000
 -0.37177293E+000
 -0.37178098E+000
 -0.37178900E+000
 -0.37179700E+000
 -0.37180498E+000
 -0.37181292E+000
 -0.37182082E+000
 -0.37182868E+000
 -0.37183650E+000
 -0.37184426E+000
 -0.37185198E+000
 -0.37185963E+000
 -0.37186722E+000
 -0.37187475E+000
 -0.37188221E+000
 -0.37188960E+000
 -0.37189690E+000
 -0.37190413E+000
 -0.37191128E+000
 -0.37191834E+000
 -0.37192530E+000
 -0.37193218E+000
 -0.37193896E+000
 -0.37194565E+000
 -0.37195223E+000
 -0.37195872E+000
 -0.37196509E+000
 -0.37197137E+000
 -0.37197753E+000
 -0.37198359E+000
 -0.37198954E+000
 -0.37199538E+000
 -0.37200110E+000
 -0.37200671E+000
 -0.37201221E+000
 -0.37201760E+000
 -0.37202287E+000
 -0.37202802E+000
 -0.37203306E+000
 -0.37203799E+000
 -0.37204280E+000
 -0.37204750E+000
 -0.37205209E+000
 -0.37205656E+000
 -0.37206095E+000
