  0.96864466E+000
  0.96881846E+000
  0.96893596E+000
  0.96903000E+000
  0.96910732E+000
  0.96917111E+000
  0.96922370E+000
  0.96926697E+000
  0.96930247E+000
  0.96933151E+000
  0.96935516E+000
  0.96937433E+000
  0.96938975E+000
  0.96940204E+000
  0.96941172E+000
  0.96941922E+000
  0.96942489E+000
  0.96942904E+000
  0.96943191E+000
  0.96943373E+000
  0.96943466E+000
  0.96943485E+000
  0.96943443E+000
  0.96943350E+000
  0.96943216E+000
  0.96943048E+000
  0.96942852E+000
  0.96942635E+000
  0.96942400E+000
  0.96942153E+000
  0.96941896E+000
  0.96941632E+000
  0.96941366E+000
  0.96941099E+000
  0.96940833E+000
  0.96940570E+000
  0.96940312E+000
  0.96940061E+000
  0.96939818E+000
  0.96939584E+000
  0.96939360E+000
  0.96939147E+000
  0.96938945E+000
  0.96938756E+000
  0.96938579E+000
  0.96938415E+000
  0.96938263E+000
  0.96938122E+000
  0.96937994E+000
  0.96937875E+000
  0.96937767E+000
  0.96937667E+000
  0.96937575E+000
  0.96937490E+000
  0.96937409E+000
  0.96937333E+000
  0.96937259E+000
  0.96937187E+000
  0.96937116E+000
  0.96937043E+000
  0.96936970E+000
  0.96936895E+000
  0.96936817E+000
  0.96936736E+000
  0.96936651E+000
  0.96936562E+000
  0.96936469E+000
  0.96936373E+000
  0.96936271E+000
  0.96936166E+000
  0.96936056E+000
  0.96935942E+000
  0.96935824E+000
  0.96935701E+000
  0.96935575E+000
  0.96935446E+000
  0.96935313E+000
  0.96935177E+000
  0.96935037E+000
  0.96934896E+000
  0.96934751E+000
  0.96934604E+000
  0.96934455E+000
  0.96934305E+000
  0.96934153E+000
  0.96933999E+000
  0.96933844E+000
  0.96933689E+000
  0.96933532E+000
  0.96933376E+000
  0.96933218E+000
  0.96933061E+000
  0.96932904E+000
  0.96932747E+000
  0.96932590E+000
  0.96932434E+000
  0.96932278E+000
  0.96932124E+000
  0.96931970E+000
  0.96931817E+000
  0.96931665E+000
  0.96931515E+000
  0.96931365E+000
  0.96931217E+000
  0.96931071E+000
  0.96930926E+000
  0.96930783E+000
  0.96930641E+000
  0.96930501E+000
  0.96930362E+000
  0.96930226E+000
  0.96930091E+000
  0.96929958E+000
  0.96929826E+000
  0.96929697E+000
  0.96929569E+000
  0.96929444E+000
  0.96929320E+000
  0.96929198E+000
  0.96929078E+000
  0.96928960E+000
  0.96928844E+000
  0.96928730E+000
  0.96928618E+000
  0.96928508E+000
  0.96928399E+000
  0.96928293E+000
  0.96928188E+000
  0.96928086E+000
  0.96927985E+000
  0.96927886E+000
  0.96927790E+000
  0.96927695E+000
  0.96927601E+000
  0.96927510E+000
  0.96927421E+000
  0.96927333E+000
  0.96927247E+000
  0.96927163E+000
  0.96927081E+000
  0.96927001E+000
  0.96926922E+000
  0.96926845E+000
  0.96926769E+000
  0.96926696E+000
  0.96926624E+000
  0.96926553E+000
  0.96926485E+000
  0.96926417E+000
  0.96926352E+000
  0.96926288E+000
  0.96926226E+000
  0.96926165E+000
  0.96926105E+000
  0.96926047E+000
  0.96925991E+000
  0.96925936E+000
  0.96925882E+000
  0.96925830E+000
  0.96925780E+000
  0.96925730E+000
  0.96925682E+000
  0.96925635E+000
  0.96925590E+000
  0.96925546E+000
  0.96925503E+000
  0.96925462E+000
  0.96925421E+000
  0.96925382E+000
  0.96925344E+000
  0.96925307E+000
  0.96925272E+000
  0.96925237E+000
  0.96925204E+000
  0.96925172E+000
  0.96925140E+000
  0.96925110E+000
  0.96925081E+000
  0.96925053E+000
  0.96925026E+000
  0.96925000E+000
  0.96924974E+000
  0.96924950E+000
  0.96924926E+000
  0.96924904E+000
  0.96924882E+000
  0.96924861E+000
  0.96924841E+000
  0.96924822E+000
  0.96924803E+000
  0.96924785E+000
  0.96924768E+000
  0.96924752E+000
  0.96924736E+000
  0.96924721E+000
  0.96924706E+000
  0.96924693E+000
  0.96924679E+000
  0.96924666E+000
  0.96924652E+000
