 -0.47077723E-001  0.61853225E-001  0.14542415E+001  0.42332906E+002
 -0.47134252E-001  0.61780575E-001  0.14532495E+001  0.42315125E+002
 -0.47175797E-001  0.61723656E-001  0.14524302E+001  0.42299617E+002
 -0.47205346E-001  0.61678476E-001  0.14517571E+001  0.42286295E+002
 -0.47225408E-001  0.61642760E-001  0.14512073E+001  0.42274918E+002
 -0.47238048E-001  0.61614769E-001  0.14507609E+001  0.42265229E+002
 -0.47244953E-001  0.61593084E-001  0.14504010E+001  0.42256991E+002
 -0.47247485E-001  0.61576533E-001  0.14501137E+001  0.42249994E+002
 -0.47246738E-001  0.61564156E-001  0.14498871E+001  0.42244057E+002
 -0.47243581E-001  0.61555161E-001  0.14497115E+001  0.42239023E+002
 -0.47238704E-001  0.61548907E-001  0.14495784E+001  0.42234758E+002
 -0.47232646E-001  0.61544870E-001  0.14494811E+001  0.42231149E+002
 -0.47225827E-001  0.61542626E-001  0.14494137E+001  0.42228098E+002
 -0.47218572E-001  0.61541829E-001  0.14493713E+001  0.42225523E+002
 -0.47211127E-001  0.61542202E-001  0.14493498E+001  0.42223353E+002
 -0.47203678E-001  0.61543521E-001  0.14493457E+001  0.42221529E+002
 -0.47196361E-001  0.61545606E-001  0.14493562E+001  0.42220001E+002
 -0.47189275E-001  0.61548309E-001  0.14493787E+001  0.42218725E+002
 -0.47182489E-001  0.61551512E-001  0.14494113E+001  0.42217664E+002
 -0.47176048E-001  0.61555120E-001  0.14494522E+001  0.42216789E+002
 -0.47169978E-001  0.61559055E-001  0.14494999E+001  0.42216072E+002
 -0.47164292E-001  0.61563254E-001  0.14495531E+001  0.42215492E+002
 -0.47158993E-001  0.61567664E-001  0.14496108E+001  0.42215028E+002
 -0.47154074E-001  0.61572243E-001  0.14496720E+001  0.42214664E+002
 -0.47149525E-001  0.61576955E-001  0.14497360E+001  0.42214387E+002
 -0.47145330E-001  0.61581769E-001  0.14498021E+001  0.42214184E+002
 -0.47141470E-001  0.61586660E-001  0.14498696E+001  0.42214045E+002
 -0.47137924E-001  0.61591604E-001  0.14499380E+001  0.42213962E+002
 -0.47134673E-001  0.61596580E-001  0.14500069E+001  0.42213926E+002
 -0.47131695E-001  0.61601569E-001  0.14500757E+001  0.42213931E+002
 -0.47128968E-001  0.61606552E-001  0.14501442E+001  0.42213972E+002
 -0.47126471E-001  0.61611511E-001  0.14502119E+001  0.42214043E+002
 -0.47124185E-001  0.61616429E-001  0.14502786E+001  0.42214141E+002
 -0.47122091E-001  0.61621287E-001  0.14503440E+001  0.42214262E+002
 -0.47120172E-001  0.61626067E-001  0.14504077E+001  0.42214403E+002
 -0.47118410E-001  0.61630754E-001  0.14504696E+001  0.42214561E+002
 -0.47116793E-001  0.61635329E-001  0.14505294E+001  0.42214734E+002
 -0.47115305E-001  0.61639776E-001  0.14505869E+001  0.42214920E+002
 -0.47113934E-001  0.61644081E-001  0.14506421E+001  0.42215117E+002
 -0.47112671E-001  0.61648229E-001  0.14506948E+001  0.42215325E+002
 -0.47111505E-001  0.61652210E-001  0.14507448E+001  0.42215541E+002
 -0.47110427E-001  0.61656013E-001  0.14507922E+001  0.42215766E+002
 -0.47109429E-001  0.61659633E-001  0.14508369E+001  0.42215999E+002
 -0.47108505E-001  0.61663067E-001  0.14508790E+001  0.42216238E+002
 -0.47107647E-001  0.61666315E-001  0.14509184E+001  0.42216484E+002
 -0.47106850E-001  0.61669383E-001  0.14509554E+001  0.42216737E+002
 -0.47106108E-001  0.61672277E-001  0.14509901E+001  0.42216997E+002
 -0.47105415E-001  0.61675011E-001  0.14510225E+001  0.42217263E+002
 -0.47104767E-001  0.61677597E-001  0.14510530E+001  0.42217536E+002
 -0.47104158E-001  0.61680055E-001  0.14510818E+001  0.42217817E+002
 -0.47103584E-001  0.61682401E-001  0.14511090E+001  0.42218106E+002
 -0.47103040E-001  0.61684657E-001  0.14511349E+001  0.42218403E+002
 -0.47102522E-001  0.61686844E-001  0.14511599E+001  0.42218710E+002
 -0.47102026E-001  0.61688981E-001  0.14511841E+001  0.42219027E+002
 -0.47101547E-001  0.61691089E-001  0.14512078E+001  0.42219354E+002
 -0.47101084E-001  0.61693186E-001  0.14512313E+001  0.42219694E+002
 -0.47100632E-001  0.61695287E-001  0.14512547E+001  0.42220045E+002
 -0.47100189E-001  0.61697409E-001  0.14512783E+001  0.42220410E+002
 -0.47099754E-001  0.61699561E-001  0.14513022E+001  0.42220789E+002
 -0.47099323E-001  0.61701756E-001  0.14513267E+001  0.42221182E+002
 -0.47098897E-001  0.61703999E-001  0.14513517E+001  0.42221589E+002
 -0.47098473E-001  0.61706296E-001  0.14513776E+001  0.42222012E+002
 -0.47098051E-001  0.61708651E-001  0.14514042E+001  0.42222451E+002
 -0.47097630E-001  0.61711065E-001  0.14514317E+001  0.42222905E+002
 -0.47097210E-001  0.61713539E-001  0.14514602E+001  0.42223374E+002
 -0.47096792E-001  0.61716071E-001  0.14514897E+001  0.42223860E+002
 -0.47096374E-001  0.61718659E-001  0.14515202E+001  0.42224361E+002
 -0.47095958E-001  0.61721300E-001  0.14515517E+001  0.42224877E+002
 -0.47095543E-001  0.61723989E-001  0.14515842E+001  0.42225408E+002
 -0.47095130E-001  0.61726722E-001  0.14516178E+001  0.42225954E+002
 -0.47094720E-001  0.61729494E-001  0.14516523E+001  0.42226514E+002
 -0.47094311E-001  0.61732298E-001  0.14516877E+001  0.42227087E+002
 -0.47093906E-001  0.61735130E-001  0.14517241E+001  0.42227673E+002
 -0.47093504E-001  0.61737982E-001  0.14517614E+001  0.42228272E+002
 -0.47093105E-001  0.61740849E-001  0.14517995E+001  0.42228882E+002
 -0.47092711E-001  0.61743724E-001  0.14518384E+001  0.42229503E+002
 -0.47092320E-001  0.61746601E-001  0.14518781E+001  0.42230134E+002
 -0.47091935E-001  0.61749474E-001  0.14519185E+001  0.42230774E+002
 -0.47091553E-001  0.61752338E-001  0.14519595E+001  0.42231423E+002
 -0.47091177E-001  0.61755185E-001  0.14520012E+001  0.42232080E+002
 -0.47090807E-001  0.61758011E-001  0.14520434E+001  0.42232744E+002
 -0.47090441E-001  0.61760811E-001  0.14520861E+001  0.42233414E+002
 -0.47090082E-001  0.61763579E-001  0.14521293E+001  0.42234089E+002
 -0.47089728E-001  0.61766311E-001  0.14521728E+001  0.42234769E+002
 -0.47089380E-001  0.61769003E-001  0.14522167E+001  0.42235454E+002
 -0.47089038E-001  0.61771652E-001  0.14522608E+001  0.42236142E+002
 -0.47088702E-001  0.61774253E-001  0.14523052E+001  0.42236833E+002
 -0.47088373E-001  0.61776803E-001  0.14523496E+001  0.42237527E+002
 -0.47088050E-001  0.61779301E-001  0.14523942E+001  0.42238223E+002
 -0.47087733E-001  0.61781744E-001  0.14524388E+001  0.42238921E+002
 -0.47087424E-001  0.61784129E-001  0.14524833E+001  0.42239619E+002
 -0.47087120E-001  0.61786456E-001  0.14525278E+001  0.42240319E+002
 -0.47086824E-001  0.61788723E-001  0.14525721E+001  0.42241020E+002
 -0.47086534E-001  0.61790930E-001  0.14526162E+001  0.42241721E+002
 -0.47086251E-001  0.61793075E-001  0.14526600E+001  0.42242422E+002
 -0.47085975E-001  0.61795159E-001  0.14527036E+001  0.42243124E+002
 -0.47085705E-001  0.61797182E-001  0.14527468E+001  0.42243826E+002
 -0.47085443E-001  0.61799144E-001  0.14527895E+001  0.42244528E+002
 -0.47085187E-001  0.61801045E-001  0.14528318E+001  0.42245231E+002
 -0.47084938E-001  0.61802886E-001  0.14528736E+001  0.42245933E+002
 -0.47084696E-001  0.61804668E-001  0.14529149E+001  0.42246636E+002
 -0.47084460E-001  0.61806392E-001  0.14529556E+001  0.42247340E+002
 -0.47084231E-001  0.61808058E-001  0.14529956E+001  0.42248044E+002
 -0.47084009E-001  0.61809669E-001  0.14530350E+001  0.42248749E+002
 -0.47083793E-001  0.61811226E-001  0.14530737E+001  0.42249454E+002
 -0.47083584E-001  0.61812730E-001  0.14531117E+001  0.42250161E+002
 -0.47083380E-001  0.61814182E-001  0.14531490E+001  0.42250870E+002
 -0.47083183E-001  0.61815584E-001  0.14531854E+001  0.42251580E+002
 -0.47082992E-001  0.61816937E-001  0.14532211E+001  0.42252292E+002
 -0.47082807E-001  0.61818244E-001  0.14532560E+001  0.42253006E+002
 -0.47082627E-001  0.61819506E-001  0.14532901E+001  0.42253723E+002
 -0.47082453E-001  0.61820723E-001  0.14533234E+001  0.42254442E+002
 -0.47082285E-001  0.61821899E-001  0.14533558E+001  0.42255164E+002
 -0.47082122E-001  0.61823034E-001  0.14533873E+001  0.42255889E+002
 -0.47081964E-001  0.61824131E-001  0.14534181E+001  0.42256618E+002
 -0.47081811E-001  0.61825189E-001  0.14534480E+001  0.42257350E+002
 -0.47081663E-001  0.61826212E-001  0.14534770E+001  0.42258086E+002
 -0.47081520E-001  0.61827201E-001  0.14535052E+001  0.42258826E+002
 -0.47081382E-001  0.61828156E-001  0.14535326E+001  0.42259570E+002
 -0.47081248E-001  0.61829079E-001  0.14535592E+001  0.42260319E+002
 -0.47081118E-001  0.61829972E-001  0.14535849E+001  0.42261072E+002
 -0.47080992E-001  0.61830836E-001  0.14536099E+001  0.42261831E+002
 -0.47080870E-001  0.61831672E-001  0.14536340E+001  0.42262594E+002
 -0.47080753E-001  0.61832481E-001  0.14536574E+001  0.42263362E+002
 -0.47080638E-001  0.61833265E-001  0.14536801E+001  0.42264135E+002
 -0.47080528E-001  0.61834024E-001  0.14537020E+001  0.42264914E+002
 -0.47080421E-001  0.61834759E-001  0.14537231E+001  0.42265697E+002
 -0.47080317E-001  0.61835472E-001  0.14537436E+001  0.42266486E+002
 -0.47080216E-001  0.61836163E-001  0.14537634E+001  0.42267281E+002
 -0.47080119E-001  0.61836833E-001  0.14537825E+001  0.42268081E+002
 -0.47080024E-001  0.61837484E-001  0.14538010E+001  0.42268886E+002
 -0.47079932E-001  0.61838115E-001  0.14538188E+001  0.42269696E+002
 -0.47079844E-001  0.61838727E-001  0.14538361E+001  0.42270512E+002
 -0.47079757E-001  0.61839322E-001  0.14538527E+001  0.42271332E+002
 -0.47079674E-001  0.61839899E-001  0.14538688E+001  0.42272158E+002
 -0.47079592E-001  0.61840459E-001  0.14538843E+001  0.42272988E+002
 -0.47079514E-001  0.61841004E-001  0.14538993E+001  0.42273823E+002
 -0.47079437E-001  0.61841533E-001  0.14539137E+001  0.42274663E+002
 -0.47079363E-001  0.61842046E-001  0.14539277E+001  0.42275507E+002
 -0.47079291E-001  0.61842545E-001  0.14539411E+001  0.42276354E+002
 -0.47079221E-001  0.61843030E-001  0.14539541E+001  0.42277206E+002
 -0.47079153E-001  0.61843501E-001  0.14539667E+001  0.42278061E+002
 -0.47079087E-001  0.61843958E-001  0.14539788E+001  0.42278919E+002
 -0.47079023E-001  0.61844401E-001  0.14539905E+001  0.42279780E+002
 -0.47078961E-001  0.61844832E-001  0.14540018E+001  0.42280644E+002
 -0.47078901E-001  0.61845250E-001  0.14540127E+001  0.42281510E+002
 -0.47078843E-001  0.61845656E-001  0.14540232E+001  0.42282377E+002
 -0.47078787E-001  0.61846049E-001  0.14540334E+001  0.42283246E+002
 -0.47078732E-001  0.61846431E-001  0.14540432E+001  0.42284116E+002
 -0.47078679E-001  0.61846800E-001  0.14540526E+001  0.42284987E+002
 -0.47078628E-001  0.61847158E-001  0.14540617E+001  0.42285858E+002
 -0.47078578E-001  0.61847504E-001  0.14540705E+001  0.42286728E+002
 -0.47078530E-001  0.61847839E-001  0.14540790E+001  0.42287598E+002
 -0.47078484E-001  0.61848163E-001  0.14540872E+001  0.42288466E+002
 -0.47078439E-001  0.61848475E-001  0.14540950E+001  0.42289333E+002
 -0.47078396E-001  0.61848777E-001  0.14541026E+001  0.42290198E+002
 -0.47078354E-001  0.61849068E-001  0.14541099E+001  0.42291060E+002
 -0.47078314E-001  0.61849348E-001  0.14541169E+001  0.42291919E+002
 -0.47078275E-001  0.61849617E-001  0.14541237E+001  0.42292774E+002
 -0.47078238E-001  0.61849877E-001  0.14541302E+001  0.42293626E+002
 -0.47078202E-001  0.61850125E-001  0.14541365E+001  0.42294473E+002
 -0.47078168E-001  0.61850364E-001  0.14541425E+001  0.42295315E+002
 -0.47078135E-001  0.61850593E-001  0.14541483E+001  0.42296152E+002
 -0.47078103E-001  0.61850811E-001  0.14541538E+001  0.42296983E+002
 -0.47078073E-001  0.61851020E-001  0.14541591E+001  0.42297808E+002
 -0.47078044E-001  0.61851220E-001  0.14541642E+001  0.42298626E+002
 -0.47078017E-001  0.61851410E-001  0.14541691E+001  0.42299436E+002
 -0.47077990E-001  0.61851590E-001  0.14541737E+001  0.42300240E+002
 -0.47077966E-001  0.61851762E-001  0.14541782E+001  0.42301035E+002
 -0.47077942E-001  0.61851924E-001  0.14541825E+001  0.42301822E+002
 -0.47077919E-001  0.61852078E-001  0.14541865E+001  0.42302601E+002
 -0.47077898E-001  0.61852223E-001  0.14541904E+001  0.42303370E+002
 -0.47077878E-001  0.61852360E-001  0.14541941E+001  0.42304131E+002
 -0.47077859E-001  0.61852488E-001  0.14541976E+001  0.42304881E+002
 -0.47077841E-001  0.61852608E-001  0.14542009E+001  0.42305622E+002
 -0.47077825E-001  0.61852721E-001  0.14542041E+001  0.42306352E+002
 -0.47077809E-001  0.61852826E-001  0.14542071E+001  0.42307072E+002
 -0.47077794E-001  0.61852923E-001  0.14542099E+001  0.42307781E+002
 -0.47077781E-001  0.61853014E-001  0.14542126E+001  0.42308479E+002
 -0.47077768E-001  0.61853097E-001  0.14542152E+001  0.42309166E+002
 -0.47077757E-001  0.61853174E-001  0.14542176E+001  0.42309841E+002
 -0.47077746E-001  0.61853244E-001  0.14542198E+001  0.42310505E+002
 -0.47077736E-001  0.61853308E-001  0.14542219E+001  0.42311157E+002
 -0.47077727E-001  0.61853365E-001  0.14542239E+001  0.42311797E+002
 -0.47077719E-001  0.61853417E-001  0.14542257E+001  0.42312426E+002
 -0.47077711E-001  0.61853463E-001  0.14542275E+001  0.42313042E+002
 -0.47077704E-001  0.61853504E-001  0.14542291E+001  0.42313646E+002
 -0.47077698E-001  0.61853540E-001  0.14542305E+001  0.42314238E+002
 -0.47077693E-001  0.61853570E-001  0.14542319E+001  0.42314817E+002
 -0.47077688E-001  0.61853595E-001  0.14542332E+001  0.42315385E+002
 -0.47077684E-001  0.61853616E-001  0.14542344E+001  0.42315940E+002
 -0.47077681E-001  0.61853631E-001  0.14542354E+001  0.42316482E+002
 -0.47077678E-001  0.61853642E-001  0.14542364E+001  0.42317012E+002
 -0.47077676E-001  0.61853649E-001  0.14542373E+001  0.42317530E+002
 -0.47077675E-001  0.61853651E-001  0.14542381E+001  0.42318036E+002
 -0.47077674E-001  0.61853648E-001  0.14542388E+001  0.42318530E+002
 -0.47077673E-001  0.61853641E-001  0.14542394E+001  0.42319011E+002
 -0.47077673E-001  0.61853631E-001  0.14542399E+001  0.42319480E+002
 -0.47077672E-001  0.61853615E-001  0.14542403E+001  0.42319937E+002
 -0.47077674E-001  0.61853598E-001  0.14542407E+001  0.42320383E+002
