  0.57393984E+000  0.93940883E+000  0.10780436E+001  0.33973413E+001
  0.57420159E+000  0.93951940E+000  0.10785343E+001  0.34031502E+001
  0.57443634E+000  0.93961126E+000  0.10789501E+001  0.34087461E+001
  0.57464120E+000  0.93969066E+000  0.10793056E+001  0.34136675E+001
  0.57481770E+000  0.93975872E+000  0.10796281E+001  0.34180785E+001
  0.57496870E+000  0.93981636E+000  0.10798984E+001  0.34218182E+001
  0.57509723E+000  0.93986521E+000  0.10801298E+001  0.34250255E+001
  0.57520629E+000  0.93990659E+000  0.10803272E+001  0.34277696E+001
  0.57529871E+000  0.93994149E+000  0.10804954E+001  0.34301151E+001
  0.57537689E+000  0.93997085E+000  0.10806386E+001  0.34321179E+001
  0.57544289E+000  0.93999545E+000  0.10807603E+001  0.34338270E+001
  0.57549840E+000  0.94001618E+000  0.10808637E+001  0.34352848E+001
  0.57554511E+000  0.94003348E+000  0.10809512E+001  0.34365280E+001
  0.57558433E+000  0.94004783E+000  0.10810254E+001  0.34375880E+001
  0.57561718E+000  0.94005970E+000  0.10810883E+001  0.34384914E+001
  0.57564459E+000  0.94006944E+000  0.10811414E+001  0.34392615E+001
  0.57566739E+000  0.94007737E+000  0.10811863E+001  0.34399177E+001
  0.57568625E+000  0.94008376E+000  0.10812241E+001  0.34404768E+001
  0.57570177E+000  0.94008883E+000  0.10812560E+001  0.34409530E+001
  0.57571441E+000  0.94009281E+000  0.10812828E+001  0.34413583E+001
  0.57572461E+000  0.94009585E+000  0.10813053E+001  0.34417033E+001
  0.57573275E+000  0.94009809E+000  0.10813242E+001  0.34419967E+001
  0.57573914E+000  0.94009963E+000  0.10813399E+001  0.34422462E+001
  0.57574404E+000  0.94010058E+000  0.10813530E+001  0.34424582E+001
  0.57574768E+000  0.94010104E+000  0.10813639E+001  0.34426383E+001
  0.57575026E+000  0.94010108E+000  0.10813729E+001  0.34427911E+001
  0.57575195E+000  0.94010076E+000  0.10813802E+001  0.34429209E+001
  0.57575290E+000  0.94010014E+000  0.10813862E+001  0.34430309E+001
  0.57575322E+000  0.94009927E+000  0.10813910E+001  0.34431243E+001
  0.57575303E+000  0.94009819E+000  0.10813949E+001  0.34432035E+001
  0.57575242E+000  0.94009695E+000  0.10813979E+001  0.34432708E+001
  0.57575148E+000  0.94009556E+000  0.10814002E+001  0.34433281E+001
  0.57575028E+000  0.94009408E+000  0.10814020E+001  0.34433768E+001
  0.57574888E+000  0.94009251E+000  0.10814033E+001  0.34434185E+001
  0.57574733E+000  0.94009089E+000  0.10814042E+001  0.34434543E+001
  0.57574570E+000  0.94008924E+000  0.10814049E+001  0.34434853E+001
  0.57574400E+000  0.94008757E+000  0.10814052E+001  0.34435121E+001
  0.57574229E+000  0.94008592E+000  0.10814054E+001  0.34435357E+001
  0.57574060E+000  0.94008429E+000  0.10814055E+001  0.34435566E+001
  0.57573894E+000  0.94008269E+000  0.10814054E+001  0.34435754E+001
  0.57573735E+000  0.94008116E+000  0.10814053E+001  0.34435924E+001
  0.57573584E+000  0.94007969E+000  0.10814052E+001  0.34436082E+001
  0.57573442E+000  0.94007829E+000  0.10814051E+001  0.34436230E+001
  0.57573311E+000  0.94007699E+000  0.10814050E+001  0.34436371E+001
  0.57573191E+000  0.94007578E+000  0.10814049E+001  0.34436509E+001
  0.57573084E+000  0.94007467E+000  0.10814049E+001  0.34436644E+001
  0.57572989E+000  0.94007367E+000  0.10814050E+001  0.34436780E+001
  0.57572908E+000  0.94007277E+000  0.10814052E+001  0.34436917E+001
  0.57572838E+000  0.94007198E+000  0.10814055E+001  0.34437057E+001
  0.57572781E+000  0.94007130E+000  0.10814059E+001  0.34437202E+001
  0.57572735E+000  0.94007071E+000  0.10814064E+001  0.34437353E+001
  0.57572701E+000  0.94007023E+000  0.10814071E+001  0.34437509E+001
  0.57572677E+000  0.94006983E+000  0.10814079E+001  0.34437672E+001
  0.57572663E+000  0.94006952E+000  0.10814087E+001  0.34437841E+001
  0.57572657E+000  0.94006929E+000  0.10814097E+001  0.34438018E+001
  0.57572659E+000  0.94006912E+000  0.10814109E+001  0.34438201E+001
  0.57572669E+000  0.94006901E+000  0.10814121E+001  0.34438390E+001
  0.57572684E+000  0.94006896E+000  0.10814134E+001  0.34438586E+001
  0.57572705E+000  0.94006895E+000  0.10814148E+001  0.34438787E+001
  0.57572731E+000  0.94006898E+000  0.10814163E+001  0.34438993E+001
  0.57572761E+000  0.94006904E+000  0.10814179E+001  0.34439204E+001
  0.57572795E+000  0.94006914E+000  0.10814196E+001  0.34439419E+001
  0.57572832E+000  0.94006926E+000  0.10814214E+001  0.34439637E+001
  0.57572871E+000  0.94006940E+000  0.10814232E+001  0.34439858E+001
  0.57572914E+000  0.94006955E+000  0.10814251E+001  0.34440082E+001
  0.57572959E+000  0.94006973E+000  0.10814270E+001  0.34440308E+001
  0.57573006E+000  0.94006992E+000  0.10814290E+001  0.34440535E+001
  0.57573055E+000  0.94007012E+000  0.10814311E+001  0.34440764E+001
  0.57573106E+000  0.94007034E+000  0.10814332E+001  0.34440993E+001
  0.57573159E+000  0.94007057E+000  0.10814354E+001  0.34441224E+001
  0.57573214E+000  0.94007082E+000  0.10814376E+001  0.34441454E+001
  0.57573271E+000  0.94007107E+000  0.10814398E+001  0.34441684E+001
  0.57573329E+000  0.94007134E+000  0.10814421E+001  0.34441914E+001
  0.57573390E+000  0.94007162E+000  0.10814445E+001  0.34442144E+001
  0.57573452E+000  0.94007191E+000  0.10814469E+001  0.34442373E+001
  0.57573516E+000  0.94007221E+000  0.10814494E+001  0.34442601E+001
  0.57573582E+000  0.94007252E+000  0.10814518E+001  0.34442829E+001
  0.57573649E+000  0.94007284E+000  0.10814544E+001  0.34443055E+001
  0.57573718E+000  0.94007318E+000  0.10814569E+001  0.34443279E+001
  0.57573789E+000  0.94007352E+000  0.10814595E+001  0.34443503E+001
  0.57573862E+000  0.94007388E+000  0.10814622E+001  0.34443725E+001
  0.57573936E+000  0.94007424E+000  0.10814648E+001  0.34443946E+001
  0.57574012E+000  0.94007462E+000  0.10814675E+001  0.34444165E+001
  0.57574089E+000  0.94007500E+000  0.10814703E+001  0.34444383E+001
  0.57574168E+000  0.94007539E+000  0.10814730E+001  0.34444599E+001
  0.57574248E+000  0.94007579E+000  0.10814758E+001  0.34444814E+001
  0.57574330E+000  0.94007620E+000  0.10814786E+001  0.34445028E+001
  0.57574413E+000  0.94007662E+000  0.10814815E+001  0.34445240E+001
  0.57574497E+000  0.94007704E+000  0.10814843E+001  0.34445451E+001
  0.57574582E+000  0.94007747E+000  0.10814872E+001  0.34445661E+001
  0.57574668E+000  0.94007790E+000  0.10814901E+001  0.34445869E+001
  0.57574755E+000  0.94007834E+000  0.10814930E+001  0.34446077E+001
  0.57574843E+000  0.94007878E+000  0.10814959E+001  0.34446283E+001
  0.57574931E+000  0.94007923E+000  0.10814988E+001  0.34446489E+001
  0.57575020E+000  0.94007968E+000  0.10815017E+001  0.34446694E+001
  0.57575110E+000  0.94008014E+000  0.10815047E+001  0.34446899E+001
  0.57575200E+000  0.94008059E+000  0.10815076E+001  0.34447103E+001
  0.57575290E+000  0.94008105E+000  0.10815105E+001  0.34447307E+001
  0.57575380E+000  0.94008151E+000  0.10815134E+001  0.34447511E+001
  0.57575471E+000  0.94008197E+000  0.10815163E+001  0.34447715E+001
  0.57575561E+000  0.94008243E+000  0.10815192E+001  0.34447919E+001
  0.57575651E+000  0.94008289E+000  0.10815221E+001  0.34448123E+001
  0.57575741E+000  0.94008335E+000  0.10815249E+001  0.34448329E+001
  0.57575831E+000  0.94008381E+000  0.10815278E+001  0.34448534E+001
  0.57575920E+000  0.94008427E+000  0.10815306E+001  0.34448741E+001
  0.57576009E+000  0.94008472E+000  0.10815334E+001  0.34448949E+001
  0.57576097E+000  0.94008517E+000  0.10815361E+001  0.34449158E+001
  0.57576184E+000  0.94008562E+000  0.10815389E+001  0.34449368E+001
  0.57576271E+000  0.94008606E+000  0.10815416E+001  0.34449580E+001
  0.57576356E+000  0.94008651E+000  0.10815443E+001  0.34449794E+001
  0.57576441E+000  0.94008694E+000  0.10815469E+001  0.34450009E+001
  0.57576525E+000  0.94008737E+000  0.10815495E+001  0.34450227E+001
  0.57576607E+000  0.94008780E+000  0.10815521E+001  0.34450446E+001
  0.57576689E+000  0.94008822E+000  0.10815546E+001  0.34450668E+001
  0.57576769E+000  0.94008864E+000  0.10815571E+001  0.34450893E+001
  0.57576849E+000  0.94008905E+000  0.10815596E+001  0.34451119E+001
  0.57576926E+000  0.94008945E+000  0.10815620E+001  0.34451349E+001
  0.57577003E+000  0.94008985E+000  0.10815644E+001  0.34451581E+001
  0.57577078E+000  0.94009024E+000  0.10815667E+001  0.34451816E+001
  0.57577152E+000  0.94009063E+000  0.10815690E+001  0.34452054E+001
  0.57577225E+000  0.94009101E+000  0.10815712E+001  0.34452295E+001
  0.57577296E+000  0.94009138E+000  0.10815734E+001  0.34452539E+001
  0.57577365E+000  0.94009174E+000  0.10815756E+001  0.34452787E+001
  0.57577434E+000  0.94009210E+000  0.10815777E+001  0.34453037E+001
  0.57577500E+000  0.94009245E+000  0.10815798E+001  0.34453291E+001
  0.57577566E+000  0.94009279E+000  0.10815818E+001  0.34453548E+001
  0.57577630E+000  0.94009313E+000  0.10815838E+001  0.34453808E+001
  0.57577692E+000  0.94009345E+000  0.10815857E+001  0.34454072E+001
  0.57577753E+000  0.94009377E+000  0.10815876E+001  0.34454339E+001
  0.57577812E+000  0.94009409E+000  0.10815894E+001  0.34454610E+001
  0.57577870E+000  0.94009439E+000  0.10815912E+001  0.34454883E+001
  0.57577927E+000  0.94009469E+000  0.10815930E+001  0.34455161E+001
  0.57577982E+000  0.94009498E+000  0.10815947E+001  0.34455441E+001
  0.57578036E+000  0.94009526E+000  0.10815963E+001  0.34455725E+001
  0.57578088E+000  0.94009554E+000  0.10815979E+001  0.34456011E+001
  0.57578139E+000  0.94009581E+000  0.10815995E+001  0.34456301E+001
  0.57578188E+000  0.94009607E+000  0.10816011E+001  0.34456594E+001
  0.57578236E+000  0.94009632E+000  0.10816026E+001  0.34456890E+001
  0.57578283E+000  0.94009657E+000  0.10816040E+001  0.34457189E+001
  0.57578329E+000  0.94009681E+000  0.10816054E+001  0.34457490E+001
  0.57578373E+000  0.94009705E+000  0.10816068E+001  0.34457794E+001
  0.57578416E+000  0.94009728E+000  0.10816081E+001  0.34458100E+001
  0.57578458E+000  0.94009750E+000  0.10816094E+001  0.34458409E+001
  0.57578498E+000  0.94009771E+000  0.10816107E+001  0.34458720E+001
  0.57578537E+000  0.94009792E+000  0.10816119E+001  0.34459033E+001
  0.57578575E+000  0.94009812E+000  0.10816131E+001  0.34459348E+001
  0.57578612E+000  0.94009832E+000  0.10816143E+001  0.34459664E+001
  0.57578648E+000  0.94009851E+000  0.10816154E+001  0.34459983E+001
  0.57578683E+000  0.94009870E+000  0.10816165E+001  0.34460302E+001
  0.57578716E+000  0.94009887E+000  0.10816175E+001  0.34460623E+001
  0.57578749E+000  0.94009905E+000  0.10816186E+001  0.34460944E+001
  0.57578780E+000  0.94009922E+000  0.10816195E+001  0.34461267E+001
  0.57578811E+000  0.94009938E+000  0.10816205E+001  0.34461589E+001
  0.57578840E+000  0.94009954E+000  0.10816214E+001  0.34461913E+001
  0.57578869E+000  0.94009969E+000  0.10816223E+001  0.34462236E+001
  0.57578896E+000  0.94009984E+000  0.10816232E+001  0.34462560E+001
  0.57578923E+000  0.94009998E+000  0.10816240E+001  0.34462883E+001
  0.57578949E+000  0.94010012E+000  0.10816248E+001  0.34463206E+001
  0.57578974E+000  0.94010025E+000  0.10816256E+001  0.34463528E+001
  0.57578998E+000  0.94010038E+000  0.10816264E+001  0.34463849E+001
  0.57579021E+000  0.94010050E+000  0.10816271E+001  0.34464169E+001
  0.57579043E+000  0.94010062E+000  0.10816278E+001  0.34464488E+001
  0.57579065E+000  0.94010074E+000  0.10816285E+001  0.34464805E+001
  0.57579085E+000  0.94010085E+000  0.10816292E+001  0.34465121E+001
  0.57579105E+000  0.94010096E+000  0.10816298E+001  0.34465435E+001
  0.57579125E+000  0.94010106E+000  0.10816304E+001  0.34465747E+001
  0.57579143E+000  0.94010116E+000  0.10816310E+001  0.34466056E+001
  0.57579161E+000  0.94010126E+000  0.10816315E+001  0.34466364E+001
  0.57579178E+000  0.94010135E+000  0.10816321E+001  0.34466668E+001
  0.57579195E+000  0.94010144E+000  0.10816326E+001  0.34466970E+001
  0.57579210E+000  0.94010152E+000  0.10816331E+001  0.34467269E+001
  0.57579226E+000  0.94010161E+000  0.10816336E+001  0.34467565E+001
  0.57579240E+000  0.94010168E+000  0.10816341E+001  0.34467857E+001
  0.57579254E+000  0.94010176E+000  0.10816345E+001  0.34468147E+001
  0.57579267E+000  0.94010183E+000  0.10816349E+001  0.34468432E+001
  0.57579280E+000  0.94010190E+000  0.10816353E+001  0.34468714E+001
  0.57579293E+000  0.94010197E+000  0.10816357E+001  0.34468993E+001
  0.57579304E+000  0.94010203E+000  0.10816361E+001  0.34469267E+001
  0.57579316E+000  0.94010209E+000  0.10816364E+001  0.34469538E+001
  0.57579326E+000  0.94010215E+000  0.10816368E+001  0.34469804E+001
  0.57579336E+000  0.94010221E+000  0.10816371E+001  0.34470066E+001
  0.57579346E+000  0.94010226E+000  0.10816374E+001  0.34470324E+001
  0.57579355E+000  0.94010231E+000  0.10816377E+001  0.34470578E+001
  0.57579364E+000  0.94010236E+000  0.10816380E+001  0.34470828E+001
  0.57579373E+000  0.94010240E+000  0.10816383E+001  0.34471072E+001
  0.57579381E+000  0.94010245E+000  0.10816385E+001  0.34471313E+001
  0.57579388E+000  0.94010249E+000  0.10816388E+001  0.34471549E+001
  0.57579396E+000  0.94010253E+000  0.10816390E+001  0.34471780E+001
  0.57579402E+000  0.94010257E+000  0.10816392E+001  0.34472007E+001
  0.57579409E+000  0.94010260E+000  0.10816394E+001  0.34472229E+001
  0.57579415E+000  0.94010263E+000  0.10816396E+001  0.34472446E+001
  0.57579421E+000  0.94010267E+000  0.10816398E+001  0.34472659E+001
  0.57579426E+000  0.94010270E+000  0.10816400E+001  0.34472867E+001
  0.57579432E+000  0.94010272E+000  0.10816401E+001  0.34473070E+001
  0.57579436E+000  0.94010275E+000  0.10816403E+001  0.34473269E+001
  0.57579441E+000  0.94010278E+000  0.10816404E+001  0.34473463E+001
  0.57579445E+000  0.94010280E+000  0.10816406E+001  0.34473653E+001
  0.57579449E+000  0.94010282E+000  0.10816407E+001  0.34473837E+001
  0.57579453E+000  0.94010284E+000  0.10816408E+001  0.34474019E+001
  0.57579456E+000  0.94010286E+000  0.10816409E+001  0.34474195E+001
