  0.68653236E+000
  0.68665554E+000
  0.68673882E+000
  0.68680547E+000
  0.68686028E+000
  0.68690549E+000
  0.68694276E+000
  0.68697342E+000
  0.68699859E+000
  0.68701917E+000
  0.68703593E+000
  0.68704952E+000
  0.68706045E+000
  0.68706916E+000
  0.68707602E+000
  0.68708133E+000
  0.68708535E+000
  0.68708829E+000
  0.68709033E+000
  0.68709162E+000
  0.68709228E+000
  0.68709241E+000
  0.68709211E+000
  0.68709146E+000
  0.68709051E+000
  0.68708932E+000
  0.68708793E+000
  0.68708639E+000
  0.68708472E+000
  0.68708297E+000
  0.68708115E+000
  0.68707928E+000
  0.68707739E+000
  0.68707550E+000
  0.68707361E+000
  0.68707175E+000
  0.68706993E+000
  0.68706814E+000
  0.68706642E+000
  0.68706476E+000
  0.68706317E+000
  0.68706166E+000
  0.68706024E+000
  0.68705890E+000
  0.68705764E+000
  0.68705648E+000
  0.68705540E+000
  0.68705440E+000
  0.68705349E+000
  0.68705265E+000
  0.68705189E+000
  0.68705118E+000
  0.68705053E+000
  0.68704992E+000
  0.68704935E+000
  0.68704881E+000
  0.68704829E+000
  0.68704778E+000
  0.68704727E+000
  0.68704676E+000
  0.68704624E+000
  0.68704570E+000
  0.68704515E+000
  0.68704457E+000
  0.68704397E+000
  0.68704335E+000
  0.68704269E+000
  0.68704200E+000
  0.68704128E+000
  0.68704054E+000
  0.68703976E+000
  0.68703895E+000
  0.68703811E+000
  0.68703725E+000
  0.68703635E+000
  0.68703543E+000
  0.68703449E+000
  0.68703353E+000
  0.68703254E+000
  0.68703153E+000
  0.68703051E+000
  0.68702947E+000
  0.68702841E+000
  0.68702735E+000
  0.68702627E+000
  0.68702518E+000
  0.68702408E+000
  0.68702298E+000
  0.68702187E+000
  0.68702076E+000
  0.68701965E+000
  0.68701853E+000
  0.68701742E+000
  0.68701630E+000
  0.68701519E+000
  0.68701409E+000
  0.68701298E+000
  0.68701189E+000
  0.68701080E+000
  0.68700971E+000
  0.68700864E+000
  0.68700757E+000
  0.68700651E+000
  0.68700547E+000
  0.68700443E+000
  0.68700340E+000
  0.68700238E+000
  0.68700138E+000
  0.68700039E+000
  0.68699940E+000
  0.68699844E+000
  0.68699748E+000
  0.68699654E+000
  0.68699561E+000
  0.68699469E+000
  0.68699378E+000
  0.68699289E+000
  0.68699202E+000
  0.68699115E+000
  0.68699030E+000
  0.68698947E+000
  0.68698864E+000
  0.68698783E+000
  0.68698704E+000
  0.68698626E+000
  0.68698549E+000
  0.68698474E+000
  0.68698400E+000
  0.68698327E+000
  0.68698256E+000
  0.68698186E+000
  0.68698117E+000
  0.68698050E+000
  0.68697984E+000
  0.68697919E+000
  0.68697856E+000
  0.68697793E+000
  0.68697733E+000
  0.68697673E+000
  0.68697615E+000
  0.68697558E+000
  0.68697502E+000
  0.68697447E+000
  0.68697394E+000
  0.68697342E+000
  0.68697291E+000
  0.68697241E+000
  0.68697192E+000
  0.68697144E+000
  0.68697098E+000
  0.68697053E+000
  0.68697008E+000
  0.68696965E+000
  0.68696923E+000
  0.68696882E+000
  0.68696842E+000
  0.68696803E+000
  0.68696765E+000
  0.68696728E+000
  0.68696692E+000
  0.68696657E+000
  0.68696623E+000
  0.68696590E+000
  0.68696558E+000
  0.68696527E+000
  0.68696496E+000
  0.68696467E+000
  0.68696438E+000
  0.68696411E+000
  0.68696384E+000
  0.68696358E+000
  0.68696333E+000
  0.68696308E+000
  0.68696284E+000
  0.68696262E+000
  0.68696239E+000
  0.68696218E+000
  0.68696197E+000
  0.68696177E+000
  0.68696158E+000
  0.68696140E+000
  0.68696122E+000
  0.68696104E+000
  0.68696088E+000
  0.68696072E+000
  0.68696056E+000
  0.68696041E+000
  0.68696027E+000
  0.68696013E+000
  0.68696000E+000
  0.68695988E+000
  0.68695976E+000
  0.68695964E+000
  0.68695953E+000
  0.68695942E+000
  0.68695932E+000
  0.68695922E+000
  0.68695913E+000
  0.68695903E+000
  0.68695894E+000
