  0.89042152E+000
  0.89057342E+000
  0.89067611E+000
  0.89075831E+000
  0.89082588E+000
  0.89088164E+000
  0.89092760E+000
  0.89096541E+000
  0.89099644E+000
  0.89102182E+000
  0.89104250E+000
  0.89105925E+000
  0.89107272E+000
  0.89108347E+000
  0.89109193E+000
  0.89109848E+000
  0.89110344E+000
  0.89110706E+000
  0.89110958E+000
  0.89111116E+000
  0.89111197E+000
  0.89111214E+000
  0.89111178E+000
  0.89111097E+000
  0.89110979E+000
  0.89110832E+000
  0.89110661E+000
  0.89110471E+000
  0.89110266E+000
  0.89110050E+000
  0.89109825E+000
  0.89109595E+000
  0.89109362E+000
  0.89109129E+000
  0.89108896E+000
  0.89108667E+000
  0.89108441E+000
  0.89108222E+000
  0.89108009E+000
  0.89107805E+000
  0.89107609E+000
  0.89107423E+000
  0.89107247E+000
  0.89107081E+000
  0.89106927E+000
  0.89106783E+000
  0.89106650E+000
  0.89106527E+000
  0.89106415E+000
  0.89106311E+000
  0.89106217E+000
  0.89106130E+000
  0.89106049E+000
  0.89105974E+000
  0.89105904E+000
  0.89105837E+000
  0.89105773E+000
  0.89105710E+000
  0.89105647E+000
  0.89105584E+000
  0.89105520E+000
  0.89105454E+000
  0.89105386E+000
  0.89105315E+000
  0.89105241E+000
  0.89105164E+000
  0.89105083E+000
  0.89104998E+000
  0.89104909E+000
  0.89104817E+000
  0.89104721E+000
  0.89104621E+000
  0.89104518E+000
  0.89104411E+000
  0.89104301E+000
  0.89104188E+000
  0.89104072E+000
  0.89103953E+000
  0.89103831E+000
  0.89103707E+000
  0.89103581E+000
  0.89103453E+000
  0.89103322E+000
  0.89103191E+000
  0.89103058E+000
  0.89102924E+000
  0.89102788E+000
  0.89102652E+000
  0.89102516E+000
  0.89102379E+000
  0.89102241E+000
  0.89102104E+000
  0.89101966E+000
  0.89101829E+000
  0.89101692E+000
  0.89101556E+000
  0.89101420E+000
  0.89101284E+000
  0.89101150E+000
  0.89101016E+000
  0.89100884E+000
  0.89100752E+000
  0.89100622E+000
  0.89100492E+000
  0.89100364E+000
  0.89100238E+000
  0.89100112E+000
  0.89099988E+000
  0.89099866E+000
  0.89099745E+000
  0.89099626E+000
  0.89099508E+000
  0.89099391E+000
  0.89099277E+000
  0.89099163E+000
  0.89099052E+000
  0.89098942E+000
  0.89098834E+000
  0.89098727E+000
  0.89098623E+000
  0.89098520E+000
  0.89098418E+000
  0.89098318E+000
  0.89098220E+000
  0.89098124E+000
  0.89098029E+000
  0.89097936E+000
  0.89097845E+000
  0.89097755E+000
  0.89097667E+000
  0.89097581E+000
  0.89097496E+000
  0.89097413E+000
  0.89097332E+000
  0.89097252E+000
  0.89097174E+000
  0.89097098E+000
  0.89097023E+000
  0.89096949E+000
  0.89096877E+000
  0.89096807E+000
  0.89096738E+000
  0.89096671E+000
  0.89096605E+000
  0.89096540E+000
  0.89096477E+000
  0.89096416E+000
  0.89096356E+000
  0.89096297E+000
  0.89096240E+000
  0.89096184E+000
  0.89096129E+000
  0.89096076E+000
  0.89096024E+000
  0.89095974E+000
  0.89095924E+000
  0.89095876E+000
  0.89095830E+000
  0.89095784E+000
  0.89095740E+000
  0.89095697E+000
  0.89095655E+000
  0.89095614E+000
  0.89095574E+000
  0.89095536E+000
  0.89095498E+000
  0.89095462E+000
  0.89095427E+000
  0.89095392E+000
  0.89095359E+000
  0.89095327E+000
  0.89095296E+000
  0.89095266E+000
  0.89095237E+000
  0.89095208E+000
  0.89095181E+000
  0.89095155E+000
  0.89095129E+000
  0.89095105E+000
  0.89095081E+000
  0.89095058E+000
  0.89095036E+000
  0.89095015E+000
  0.89094994E+000
  0.89094974E+000
  0.89094955E+000
  0.89094937E+000
  0.89094919E+000
  0.89094902E+000
  0.89094886E+000
  0.89094871E+000
  0.89094856E+000
  0.89094841E+000
  0.89094828E+000
  0.89094814E+000
  0.89094802E+000
  0.89094790E+000
  0.89094778E+000
  0.89094767E+000
  0.89094755E+000
