  0.37555754E+000
  0.37556856E+000
  0.37557835E+000
  0.37558702E+000
  0.37559469E+000
  0.37560147E+000
  0.37560748E+000
  0.37561279E+000
  0.37561750E+000
  0.37562168E+000
  0.37562540E+000
  0.37562870E+000
  0.37563164E+000
  0.37563426E+000
  0.37563660E+000
  0.37563870E+000
  0.37564057E+000
  0.37564225E+000
  0.37564376E+000
  0.37564512E+000
  0.37564634E+000
  0.37564743E+000
  0.37564843E+000
  0.37564932E+000
  0.37565013E+000
  0.37565086E+000
  0.37565152E+000
  0.37565211E+000
  0.37565265E+000
  0.37565313E+000
  0.37565356E+000
  0.37565396E+000
  0.37565430E+000
  0.37565462E+000
  0.37565489E+000
  0.37565513E+000
  0.37565534E+000
  0.37565552E+000
  0.37565567E+000
  0.37565579E+000
  0.37565589E+000
  0.37565595E+000
  0.37565598E+000
  0.37565598E+000
  0.37565596E+000
  0.37565590E+000
  0.37565580E+000
  0.37565567E+000
  0.37565550E+000
  0.37565530E+000
  0.37565505E+000
  0.37565475E+000
  0.37565441E+000
  0.37565403E+000
  0.37565359E+000
  0.37565310E+000
  0.37565255E+000
  0.37565195E+000
  0.37565130E+000
  0.37565058E+000
  0.37564981E+000
  0.37564898E+000
  0.37564809E+000
  0.37564714E+000
  0.37564614E+000
  0.37564508E+000
  0.37564397E+000
  0.37564280E+000
  0.37564158E+000
  0.37564032E+000
  0.37563901E+000
  0.37563766E+000
  0.37563626E+000
  0.37563484E+000
  0.37563338E+000
  0.37563189E+000
  0.37563038E+000
  0.37562885E+000
  0.37562730E+000
  0.37562574E+000
  0.37562417E+000
  0.37562259E+000
  0.37562102E+000
  0.37561944E+000
  0.37561787E+000
  0.37561630E+000
  0.37561475E+000
  0.37561320E+000
  0.37561168E+000
  0.37561017E+000
  0.37560869E+000
  0.37560722E+000
  0.37560578E+000
  0.37560437E+000
  0.37560298E+000
  0.37560162E+000
  0.37560029E+000
  0.37559899E+000
  0.37559771E+000
  0.37559647E+000
  0.37559526E+000
  0.37559408E+000
  0.37559293E+000
  0.37559180E+000
  0.37559071E+000
  0.37558965E+000
  0.37558862E+000
  0.37558761E+000
  0.37558663E+000
  0.37558568E+000
  0.37558476E+000
  0.37558386E+000
  0.37558299E+000
  0.37558214E+000
  0.37558131E+000
  0.37558051E+000
  0.37557973E+000
  0.37557896E+000
  0.37557822E+000
  0.37557750E+000
  0.37557680E+000
  0.37557612E+000
  0.37557545E+000
  0.37557480E+000
  0.37557417E+000
  0.37557355E+000
  0.37557295E+000
  0.37557237E+000
  0.37557179E+000
  0.37557123E+000
  0.37557069E+000
  0.37557016E+000
  0.37556964E+000
  0.37556913E+000
  0.37556864E+000
  0.37556815E+000
  0.37556768E+000
  0.37556722E+000
  0.37556677E+000
  0.37556633E+000
  0.37556591E+000
  0.37556549E+000
  0.37556509E+000
  0.37556469E+000
  0.37556431E+000
  0.37556393E+000
  0.37556357E+000
  0.37556322E+000
  0.37556288E+000
  0.37556254E+000
  0.37556222E+000
  0.37556191E+000
  0.37556161E+000
  0.37556132E+000
  0.37556104E+000
  0.37556077E+000
  0.37556051E+000
  0.37556026E+000
  0.37556002E+000
  0.37555979E+000
  0.37555957E+000
  0.37555935E+000
  0.37555915E+000
  0.37555896E+000
  0.37555878E+000
  0.37555861E+000
  0.37555845E+000
  0.37555829E+000
  0.37555815E+000
  0.37555801E+000
  0.37555788E+000
  0.37555776E+000
  0.37555765E+000
  0.37555755E+000
  0.37555746E+000
  0.37555737E+000
  0.37555729E+000
  0.37555722E+000
  0.37555715E+000
  0.37555709E+000
  0.37555704E+000
  0.37555700E+000
  0.37555696E+000
  0.37555692E+000
  0.37555690E+000
  0.37555687E+000
  0.37555686E+000
  0.37555684E+000
  0.37555684E+000
  0.37555684E+000
  0.37555684E+000
  0.37555685E+000
  0.37555686E+000
  0.37555688E+000
  0.37555690E+000
  0.37555693E+000
  0.37555696E+000
  0.37555700E+000
  0.37555704E+000
  0.37555708E+000
