  0.23372266E+000
  0.23704356E+000
  0.23699397E+000
  0.23660842E+000
  0.23623397E+000
  0.23590801E+000
  0.23562903E+000
  0.23539085E+000
  0.23518676E+000
  0.23501200E+000
  0.23486320E+000
  0.23473643E+000
  0.23462799E+000
  0.23453518E+000
  0.23445566E+000
  0.23438743E+000
  0.23432875E+000
  0.23427817E+000
  0.23423444E+000
  0.23419652E+000
  0.23416350E+000
  0.23413463E+000
  0.23410926E+000
  0.23408685E+000
  0.23406693E+000
  0.23404911E+000
  0.23403305E+000
  0.23401848E+000
  0.23400516E+000
  0.23399289E+000
  0.23398149E+000
  0.23397084E+000
  0.23396083E+000
  0.23395135E+000
  0.23394234E+000
  0.23393374E+000
  0.23392552E+000
  0.23391764E+000
  0.23391010E+000
  0.23390287E+000
  0.23389597E+000
  0.23388940E+000
  0.23388315E+000
  0.23387725E+000
  0.23387170E+000
  0.23386650E+000
  0.23386166E+000
  0.23385719E+000
  0.23385307E+000
  0.23384930E+000
  0.23384586E+000
  0.23384273E+000
  0.23383990E+000
  0.23383733E+000
  0.23383500E+000
  0.23383288E+000
  0.23383094E+000
  0.23382915E+000
  0.23382749E+000
  0.23382592E+000
  0.23382443E+000
  0.23382300E+000
  0.23382161E+000
  0.23382025E+000
  0.23381890E+000
  0.23381756E+000
  0.23381622E+000
  0.23381488E+000
  0.23381353E+000
  0.23381217E+000
  0.23381079E+000
  0.23380941E+000
  0.23380801E+000
  0.23380661E+000
  0.23380519E+000
  0.23380377E+000
  0.23380233E+000
  0.23380089E+000
  0.23379944E+000
  0.23379799E+000
  0.23379654E+000
  0.23379508E+000
  0.23379362E+000
  0.23379217E+000
  0.23379071E+000
  0.23378926E+000
  0.23378781E+000
  0.23378636E+000
  0.23378493E+000
  0.23378350E+000
  0.23378208E+000
  0.23378066E+000
  0.23377926E+000
  0.23377787E+000
  0.23377650E+000
  0.23377513E+000
  0.23377379E+000
  0.23377245E+000
  0.23377114E+000
  0.23376984E+000
  0.23376856E+000
  0.23376729E+000
  0.23376605E+000
  0.23376482E+000
  0.23376362E+000
  0.23376243E+000
  0.23376127E+000
  0.23376013E+000
  0.23375900E+000
  0.23375791E+000
  0.23375683E+000
  0.23375577E+000
  0.23375474E+000
  0.23375373E+000
  0.23375275E+000
  0.23375178E+000
  0.23375084E+000
  0.23374993E+000
  0.23374903E+000
  0.23374816E+000
  0.23374731E+000
  0.23374649E+000
  0.23374568E+000
  0.23374490E+000
  0.23374414E+000
  0.23374341E+000
  0.23374269E+000
  0.23374200E+000
  0.23374133E+000
  0.23374068E+000
  0.23374005E+000
  0.23373944E+000
  0.23373885E+000
  0.23373827E+000
  0.23373772E+000
  0.23373719E+000
  0.23373667E+000
  0.23373617E+000
  0.23373569E+000
  0.23373522E+000
  0.23373477E+000
  0.23373434E+000
  0.23373392E+000
  0.23373351E+000
  0.23373312E+000
  0.23373274E+000
  0.23373237E+000
  0.23373202E+000
  0.23373168E+000
  0.23373135E+000
  0.23373103E+000
  0.23373073E+000
  0.23373043E+000
  0.23373014E+000
  0.23372987E+000
  0.23372960E+000
  0.23372934E+000
  0.23372909E+000
  0.23372885E+000
  0.23372861E+000
  0.23372838E+000
  0.23372816E+000
  0.23372795E+000
  0.23372774E+000
  0.23372754E+000
  0.23372735E+000
  0.23372716E+000
  0.23372698E+000
  0.23372681E+000
  0.23372664E+000
  0.23372647E+000
  0.23372631E+000
  0.23372616E+000
  0.23372601E+000
  0.23372586E+000
  0.23372572E+000
  0.23372559E+000
  0.23372546E+000
  0.23372533E+000
  0.23372521E+000
  0.23372509E+000
  0.23372497E+000
  0.23372486E+000
  0.23372475E+000
  0.23372465E+000
  0.23372455E+000
  0.23372445E+000
  0.23372435E+000
  0.23372426E+000
  0.23372417E+000
  0.23372409E+000
  0.23372400E+000
  0.23372392E+000
  0.23372384E+000
  0.23372376E+000
  0.23372368E+000
  0.23372360E+000
  0.23372353E+000
  0.23372344E+000
  0.23372336E+000
