  0.28931956E+000
  0.28931505E+000
  0.28930876E+000
  0.28930497E+000
  0.28930382E+000
  0.28930479E+000
  0.28930736E+000
  0.28931108E+000
  0.28931560E+000
  0.28932065E+000
  0.28932602E+000
  0.28933153E+000
  0.28933704E+000
  0.28934246E+000
  0.28934771E+000
  0.28935272E+000
  0.28935745E+000
  0.28936186E+000
  0.28936593E+000
  0.28936965E+000
  0.28937302E+000
  0.28937602E+000
  0.28937866E+000
  0.28938095E+000
  0.28938291E+000
  0.28938455E+000
  0.28938590E+000
  0.28938696E+000
  0.28938777E+000
  0.28938836E+000
  0.28938874E+000
  0.28938895E+000
  0.28938901E+000
  0.28938895E+000
  0.28938879E+000
  0.28938855E+000
  0.28938827E+000
  0.28938796E+000
  0.28938764E+000
  0.28938732E+000
  0.28938702E+000
  0.28938675E+000
  0.28938651E+000
  0.28938631E+000
  0.28938614E+000
  0.28938602E+000
  0.28938593E+000
  0.28938587E+000
  0.28938583E+000
  0.28938581E+000
  0.28938580E+000
  0.28938579E+000
  0.28938578E+000
  0.28938575E+000
  0.28938570E+000
  0.28938562E+000
  0.28938550E+000
  0.28938534E+000
  0.28938514E+000
  0.28938490E+000
  0.28938460E+000
  0.28938425E+000
  0.28938384E+000
  0.28938338E+000
  0.28938286E+000
  0.28938229E+000
  0.28938167E+000
  0.28938099E+000
  0.28938026E+000
  0.28937948E+000
  0.28937865E+000
  0.28937778E+000
  0.28937686E+000
  0.28937591E+000
  0.28937492E+000
  0.28937390E+000
  0.28937285E+000
  0.28937178E+000
  0.28937068E+000
  0.28936956E+000
  0.28936843E+000
  0.28936729E+000
  0.28936614E+000
  0.28936499E+000
  0.28936383E+000
  0.28936268E+000
  0.28936153E+000
  0.28936038E+000
  0.28935925E+000
  0.28935812E+000
  0.28935701E+000
  0.28935592E+000
  0.28935484E+000
  0.28935378E+000
  0.28935274E+000
  0.28935173E+000
  0.28935073E+000
  0.28934975E+000
  0.28934880E+000
  0.28934787E+000
  0.28934697E+000
  0.28934609E+000
  0.28934523E+000
  0.28934439E+000
  0.28934358E+000
  0.28934279E+000
  0.28934202E+000
  0.28934128E+000
  0.28934056E+000
  0.28933986E+000
  0.28933918E+000
  0.28933851E+000
  0.28933787E+000
  0.28933725E+000
  0.28933665E+000
  0.28933606E+000
  0.28933549E+000
  0.28933493E+000
  0.28933440E+000
  0.28933387E+000
  0.28933336E+000
  0.28933287E+000
  0.28933239E+000
  0.28933192E+000
  0.28933146E+000
  0.28933102E+000
  0.28933059E+000
  0.28933017E+000
  0.28932976E+000
  0.28932936E+000
  0.28932897E+000
  0.28932859E+000
  0.28932822E+000
  0.28932785E+000
  0.28932750E+000
  0.28932716E+000
  0.28932682E+000
  0.28932649E+000
  0.28932617E+000
  0.28932586E+000
  0.28932556E+000
  0.28932527E+000
  0.28932498E+000
  0.28932470E+000
  0.28932443E+000
  0.28932416E+000
  0.28932390E+000
  0.28932365E+000
  0.28932341E+000
  0.28932317E+000
  0.28932295E+000
  0.28932272E+000
  0.28932251E+000
  0.28932230E+000
  0.28932210E+000
  0.28932191E+000
  0.28932173E+000
  0.28932155E+000
  0.28932138E+000
  0.28932121E+000
  0.28932106E+000
  0.28932091E+000
  0.28932076E+000
  0.28932063E+000
  0.28932050E+000
  0.28932037E+000
  0.28932026E+000
  0.28932015E+000
  0.28932004E+000
  0.28931995E+000
  0.28931985E+000
  0.28931977E+000
  0.28931969E+000
  0.28931961E+000
  0.28931955E+000
  0.28931948E+000
  0.28931942E+000
  0.28931937E+000
  0.28931932E+000
  0.28931928E+000
  0.28931924E+000
  0.28931921E+000
  0.28931918E+000
  0.28931915E+000
  0.28931913E+000
  0.28931911E+000
  0.28931910E+000
  0.28931909E+000
  0.28931908E+000
  0.28931908E+000
  0.28931908E+000
  0.28931909E+000
  0.28931909E+000
  0.28931911E+000
  0.28931912E+000
  0.28931914E+000
  0.28931916E+000
  0.28931918E+000
  0.28931921E+000
  0.28931923E+000
