  0.52114316E-006
  0.52113503E-006
  0.52112370E-006
  0.52111688E-006
  0.52111480E-006
  0.52111655E-006
  0.52112117E-006
  0.52112787E-006
  0.52113602E-006
  0.52114513E-006
  0.52115479E-006
  0.52116471E-006
  0.52117464E-006
  0.52118441E-006
  0.52119386E-006
  0.52120288E-006
  0.52121140E-006
  0.52121935E-006
  0.52122669E-006
  0.52123339E-006
  0.52123944E-006
  0.52124485E-006
  0.52124960E-006
  0.52125374E-006
  0.52125727E-006
  0.52126022E-006
  0.52126264E-006
  0.52126456E-006
  0.52126603E-006
  0.52126708E-006
  0.52126777E-006
  0.52126814E-006
  0.52126825E-006
  0.52126814E-006
  0.52126785E-006
  0.52126743E-006
  0.52126693E-006
  0.52126637E-006
  0.52126579E-006
  0.52126522E-006
  0.52126468E-006
  0.52126418E-006
  0.52126375E-006
  0.52126338E-006
  0.52126309E-006
  0.52126286E-006
  0.52126270E-006
  0.52126259E-006
  0.52126253E-006
  0.52126249E-006
  0.52126248E-006
  0.52126246E-006
  0.52126243E-006
  0.52126238E-006
  0.52126228E-006
  0.52126214E-006
  0.52126193E-006
  0.52126165E-006
  0.52126129E-006
  0.52126084E-006
  0.52126031E-006
  0.52125967E-006
  0.52125894E-006
  0.52125811E-006
  0.52125718E-006
  0.52125615E-006
  0.52125503E-006
  0.52125380E-006
  0.52125249E-006
  0.52125108E-006
  0.52124959E-006
  0.52124802E-006
  0.52124638E-006
  0.52124466E-006
  0.52124288E-006
  0.52124104E-006
  0.52123915E-006
  0.52123721E-006
  0.52123524E-006
  0.52123323E-006
  0.52123119E-006
  0.52122913E-006
  0.52122706E-006
  0.52122498E-006
  0.52122290E-006
  0.52122082E-006
  0.52121875E-006
  0.52121669E-006
  0.52121464E-006
  0.52121262E-006
  0.52121062E-006
  0.52120865E-006
  0.52120671E-006
  0.52120480E-006
  0.52120293E-006
  0.52120109E-006
  0.52119930E-006
  0.52119754E-006
  0.52119583E-006
  0.52119415E-006
  0.52119252E-006
  0.52119093E-006
  0.52118939E-006
  0.52118788E-006
  0.52118642E-006
  0.52118500E-006
  0.52118362E-006
  0.52118228E-006
  0.52118098E-006
  0.52117971E-006
  0.52117849E-006
  0.52117730E-006
  0.52117614E-006
  0.52117502E-006
  0.52117393E-006
  0.52117287E-006
  0.52117185E-006
  0.52117085E-006
  0.52116988E-006
  0.52116894E-006
  0.52116802E-006
  0.52116713E-006
  0.52116626E-006
  0.52116542E-006
  0.52116460E-006
  0.52116380E-006
  0.52116302E-006
  0.52116226E-006
  0.52116152E-006
  0.52116080E-006
  0.52116010E-006
  0.52115941E-006
  0.52115875E-006
  0.52115809E-006
  0.52115746E-006
  0.52115684E-006
  0.52115623E-006
  0.52115564E-006
  0.52115507E-006
  0.52115451E-006
  0.52115396E-006
  0.52115343E-006
  0.52115291E-006
  0.52115241E-006
  0.52115192E-006
  0.52115144E-006
  0.52115098E-006
  0.52115053E-006
  0.52115009E-006
  0.52114966E-006
  0.52114925E-006
  0.52114885E-006
  0.52114847E-006
  0.52114810E-006
  0.52114774E-006
  0.52114739E-006
  0.52114706E-006
  0.52114674E-006
  0.52114643E-006
  0.52114613E-006
  0.52114585E-006
  0.52114558E-006
  0.52114532E-006
  0.52114508E-006
  0.52114484E-006
  0.52114462E-006
  0.52114441E-006
  0.52114421E-006
  0.52114402E-006
  0.52114385E-006
  0.52114368E-006
  0.52114353E-006
  0.52114339E-006
  0.52114325E-006
  0.52114313E-006
  0.52114301E-006
  0.52114291E-006
  0.52114282E-006
  0.52114273E-006
  0.52114265E-006
  0.52114258E-006
  0.52114252E-006
  0.52114247E-006
  0.52114242E-006
  0.52114238E-006
  0.52114235E-006
  0.52114233E-006
  0.52114231E-006
  0.52114230E-006
  0.52114229E-006
  0.52114230E-006
  0.52114230E-006
  0.52114232E-006
  0.52114234E-006
  0.52114236E-006
  0.52114239E-006
  0.52114243E-006
  0.52114247E-006
  0.52114252E-006
  0.52114257E-006
