  0.52304222E+000
  0.52635861E+000
  0.52630273E+000
  0.52591339E+000
  0.52553780E+000
  0.52521280E+000
  0.52493639E+000
  0.52470193E+000
  0.52450236E+000
  0.52433265E+000
  0.52418922E+000
  0.52406795E+000
  0.52396503E+000
  0.52387764E+000
  0.52380337E+000
  0.52374015E+000
  0.52368619E+000
  0.52364003E+000
  0.52360037E+000
  0.52356617E+000
  0.52353651E+000
  0.52351064E+000
  0.52348792E+000
  0.52346780E+000
  0.52344984E+000
  0.52343366E+000
  0.52341895E+000
  0.52340544E+000
  0.52339293E+000
  0.52338124E+000
  0.52337023E+000
  0.52335979E+000
  0.52334983E+000
  0.52334029E+000
  0.52333112E+000
  0.52332230E+000
  0.52331379E+000
  0.52330561E+000
  0.52329774E+000
  0.52329020E+000
  0.52328300E+000
  0.52327615E+000
  0.52326966E+000
  0.52326356E+000
  0.52325784E+000
  0.52325252E+000
  0.52324759E+000
  0.52324306E+000
  0.52323890E+000
  0.52323511E+000
  0.52323166E+000
  0.52322853E+000
  0.52322568E+000
  0.52322308E+000
  0.52322070E+000
  0.52321850E+000
  0.52321644E+000
  0.52321450E+000
  0.52321263E+000
  0.52321082E+000
  0.52320903E+000
  0.52320725E+000
  0.52320545E+000
  0.52320363E+000
  0.52320177E+000
  0.52319986E+000
  0.52319789E+000
  0.52319587E+000
  0.52319379E+000
  0.52319164E+000
  0.52318944E+000
  0.52318719E+000
  0.52318488E+000
  0.52318252E+000
  0.52318012E+000
  0.52317767E+000
  0.52317518E+000
  0.52317267E+000
  0.52317012E+000
  0.52316756E+000
  0.52316497E+000
  0.52316237E+000
  0.52315977E+000
  0.52315715E+000
  0.52315454E+000
  0.52315193E+000
  0.52314933E+000
  0.52314675E+000
  0.52314417E+000
  0.52314162E+000
  0.52313909E+000
  0.52313658E+000
  0.52313411E+000
  0.52313166E+000
  0.52312924E+000
  0.52312686E+000
  0.52312451E+000
  0.52312221E+000
  0.52311994E+000
  0.52311771E+000
  0.52311552E+000
  0.52311338E+000
  0.52311127E+000
  0.52310921E+000
  0.52310720E+000
  0.52310522E+000
  0.52310329E+000
  0.52310141E+000
  0.52309956E+000
  0.52309776E+000
  0.52309600E+000
  0.52309429E+000
  0.52309261E+000
  0.52309098E+000
  0.52308939E+000
  0.52308784E+000
  0.52308633E+000
  0.52308486E+000
  0.52308343E+000
  0.52308203E+000
  0.52308068E+000
  0.52307936E+000
  0.52307807E+000
  0.52307682E+000
  0.52307561E+000
  0.52307443E+000
  0.52307328E+000
  0.52307217E+000
  0.52307109E+000
  0.52307003E+000
  0.52306901E+000
  0.52306802E+000
  0.52306706E+000
  0.52306613E+000
  0.52306522E+000
  0.52306434E+000
  0.52306349E+000
  0.52306266E+000
  0.52306186E+000
  0.52306108E+000
  0.52306033E+000
  0.52305960E+000
  0.52305889E+000
  0.52305821E+000
  0.52305754E+000
  0.52305690E+000
  0.52305628E+000
  0.52305567E+000
  0.52305509E+000
  0.52305453E+000
  0.52305398E+000
  0.52305345E+000
  0.52305294E+000
  0.52305245E+000
  0.52305197E+000
  0.52305151E+000
  0.52305107E+000
  0.52305064E+000
  0.52305022E+000
  0.52304982E+000
  0.52304944E+000
  0.52304907E+000
  0.52304871E+000
  0.52304837E+000
  0.52304804E+000
  0.52304773E+000
  0.52304742E+000
  0.52304713E+000
  0.52304685E+000
  0.52304658E+000
  0.52304633E+000
  0.52304608E+000
  0.52304585E+000
  0.52304562E+000
  0.52304541E+000
  0.52304521E+000
  0.52304501E+000
  0.52304483E+000
  0.52304465E+000
  0.52304449E+000
  0.52304433E+000
  0.52304418E+000
  0.52304404E+000
  0.52304391E+000
  0.52304378E+000
  0.52304366E+000
  0.52304355E+000
  0.52304344E+000
  0.52304335E+000
  0.52304325E+000
  0.52304317E+000
  0.52304309E+000
  0.52304301E+000
  0.52304294E+000
  0.52304288E+000
  0.52304282E+000
  0.52304276E+000
  0.52304271E+000
  0.52304265E+000
  0.52304260E+000
