  0.69328195E-001
  0.69445185E-001
  0.69525734E-001
  0.69579759E-001
  0.69614415E-001
  0.69634796E-001
  0.69644642E-001
  0.69646731E-001
  0.69643149E-001
  0.69635476E-001
  0.69624913E-001
  0.69612380E-001
  0.69598690E-001
  0.69584362E-001
  0.69569775E-001
  0.69555220E-001
  0.69540916E-001
  0.69527028E-001
  0.69513676E-001
  0.69500946E-001
  0.69488893E-001
  0.69477551E-001
  0.69466935E-001
  0.69457045E-001
  0.69447872E-001
  0.69439393E-001
  0.69431584E-001
  0.69424411E-001
  0.69417840E-001
  0.69411831E-001
  0.69406348E-001
  0.69401348E-001
  0.69396795E-001
  0.69392650E-001
  0.69388876E-001
  0.69385440E-001
  0.69382309E-001
  0.69379454E-001
  0.69376848E-001
  0.69374467E-001
  0.69372289E-001
  0.69370294E-001
  0.69368465E-001
  0.69366786E-001
  0.69365244E-001
  0.69363826E-001
  0.69362521E-001
  0.69361318E-001
  0.69360209E-001
  0.69359183E-001
  0.69358234E-001
  0.69357353E-001
  0.69356533E-001
  0.69355768E-001
  0.69355051E-001
  0.69354377E-001
  0.69353740E-001
  0.69353136E-001
  0.69352561E-001
  0.69352010E-001
  0.69351482E-001
  0.69350972E-001
  0.69350480E-001
  0.69350002E-001
  0.69349538E-001
  0.69349086E-001
  0.69348646E-001
  0.69348217E-001
  0.69347798E-001
  0.69347389E-001
  0.69346990E-001
  0.69346601E-001
  0.69346221E-001
  0.69345851E-001
  0.69345490E-001
  0.69345138E-001
  0.69344795E-001
  0.69344461E-001
  0.69344134E-001
  0.69343816E-001
  0.69343505E-001
  0.69343201E-001
  0.69342904E-001
  0.69342612E-001
  0.69342327E-001
  0.69342047E-001
  0.69341772E-001
  0.69341501E-001
  0.69341235E-001
  0.69340972E-001
  0.69340712E-001
  0.69340456E-001
  0.69340203E-001
  0.69339952E-001
  0.69339703E-001
  0.69339457E-001
  0.69339213E-001
  0.69338971E-001
  0.69338731E-001
  0.69338493E-001
  0.69338257E-001
  0.69338022E-001
  0.69337790E-001
  0.69337559E-001
  0.69337331E-001
  0.69337105E-001
  0.69336881E-001
  0.69336659E-001
  0.69336439E-001
  0.69336222E-001
  0.69336008E-001
  0.69335796E-001
  0.69335587E-001
  0.69335381E-001
  0.69335178E-001
  0.69334978E-001
  0.69334781E-001
  0.69334588E-001
  0.69334397E-001
  0.69334210E-001
  0.69334027E-001
  0.69333847E-001
  0.69333670E-001
  0.69333497E-001
  0.69333327E-001
  0.69333161E-001
  0.69332999E-001
  0.69332840E-001
  0.69332685E-001
  0.69332533E-001
  0.69332385E-001
  0.69332241E-001
  0.69332100E-001
  0.69331962E-001
  0.69331828E-001
  0.69331698E-001
  0.69331570E-001
  0.69331447E-001
  0.69331326E-001
  0.69331209E-001
  0.69331095E-001
  0.69330984E-001
  0.69330876E-001
  0.69330772E-001
  0.69330670E-001
  0.69330572E-001
  0.69330476E-001
  0.69330383E-001
  0.69330293E-001
  0.69330206E-001
  0.69330121E-001
  0.69330040E-001
  0.69329960E-001
  0.69329884E-001
  0.69329810E-001
  0.69329738E-001
  0.69329668E-001
  0.69329602E-001
  0.69329537E-001
  0.69329474E-001
  0.69329414E-001
  0.69329356E-001
  0.69329300E-001
  0.69329246E-001
  0.69329195E-001
  0.69329145E-001
  0.69329097E-001
  0.69329051E-001
  0.69329007E-001
  0.69328964E-001
  0.69328923E-001
  0.69328884E-001
  0.69328847E-001
  0.69328811E-001
  0.69328777E-001
  0.69328744E-001
  0.69328713E-001
  0.69328683E-001
  0.69328655E-001
  0.69328628E-001
  0.69328602E-001
  0.69328578E-001
  0.69328555E-001
  0.69328533E-001
  0.69328512E-001
  0.69328492E-001
  0.69328473E-001
  0.69328455E-001
  0.69328438E-001
  0.69328422E-001
  0.69328407E-001
  0.69328393E-001
  0.69328380E-001
  0.69328367E-001
  0.69328355E-001
  0.69328344E-001
  0.69328334E-001
  0.69328324E-001
  0.69328313E-001
  0.69328304E-001
