  0.42697657E+000
  0.42737206E+000
  0.42776785E+000
  0.42812227E+000
  0.42842869E+000
  0.42868901E+000
  0.42891751E+000
  0.42910860E+000
  0.42927521E+000
  0.42941759E+000
  0.42953826E+000
  0.42964102E+000
  0.42972899E+000
  0.42980630E+000
  0.42987053E+000
  0.42992736E+000
  0.42997409E+000
  0.43001312E+000
  0.43004848E+000
  0.43007881E+000
  0.43010257E+000
  0.43012469E+000
  0.43014512E+000
  0.43016081E+000
  0.43017438E+000
  0.43018563E+000
  0.43019759E+000
  0.43020609E+000
  0.43021280E+000
  0.43021880E+000
  0.43022703E+000
  0.43023123E+000
  0.43023604E+000
  0.43023985E+000
  0.43024264E+000
  0.43024605E+000
  0.43024924E+000
  0.43025166E+000
  0.43025349E+000
  0.43025577E+000
  0.43025778E+000
  0.43025961E+000
  0.43026145E+000
  0.43026314E+000
  0.43026479E+000
  0.43026666E+000
  0.43026749E+000
  0.43026922E+000
  0.43027067E+000
  0.43027222E+000
  0.43027358E+000
  0.43027501E+000
  0.43027678E+000
  0.43027825E+000
  0.43027986E+000
  0.43028113E+000
  0.43028252E+000
  0.43028401E+000
  0.43028566E+000
  0.43028725E+000
  0.43028876E+000
  0.43029031E+000
  0.43029246E+000
  0.43029386E+000
  0.43029526E+000
  0.43029671E+000
  0.43029836E+000
  0.43030002E+000
  0.43030145E+000
  0.43030306E+000
  0.43030517E+000
  0.43030678E+000
  0.43030849E+000
  0.43031018E+000
  0.43031182E+000
  0.43031338E+000
  0.43031499E+000
  0.43031665E+000
  0.43031820E+000
  0.43031983E+000
  0.43032132E+000
  0.43032288E+000
  0.43032419E+000
  0.43032554E+000
  0.43032681E+000
  0.43032819E+000
  0.43033011E+000
  0.43033140E+000
  0.43033269E+000
  0.43033398E+000
  0.43033524E+000
  0.43033638E+000
  0.43033761E+000
  0.43033881E+000
  0.43034000E+000
  0.43034120E+000
  0.43034238E+000
  0.43034355E+000
  0.43034472E+000
  0.43034589E+000
  0.43034706E+000
  0.43034823E+000
  0.43034940E+000
  0.43035058E+000
  0.43035176E+000
  0.43035296E+000
  0.43035417E+000
  0.43035539E+000
  0.43035663E+000
  0.43035789E+000
  0.43035916E+000
  0.43036046E+000
  0.43036178E+000
  0.43036313E+000
  0.43036450E+000
  0.43036591E+000
  0.43036734E+000
  0.43036880E+000
  0.43037030E+000
  0.43037178E+000
  0.43037334E+000
  0.43037495E+000
  0.43037659E+000
  0.43037826E+000
  0.43037998E+000
  0.43038173E+000
  0.43038352E+000
  0.43038536E+000
  0.43038724E+000
  0.43038917E+000
  0.43039112E+000
  0.43039311E+000
  0.43039515E+000
  0.43039722E+000
  0.43039933E+000
  0.43040148E+000
  0.43040367E+000
  0.43040590E+000
  0.43040816E+000
  0.43041046E+000
  0.43041280E+000
  0.43041517E+000
  0.43041757E+000
  0.43041999E+000
  0.43042245E+000
  0.43042493E+000
  0.43042744E+000
  0.43042997E+000
  0.43043252E+000
  0.43043509E+000
  0.43043769E+000
  0.43044030E+000
  0.43044292E+000
  0.43044557E+000
  0.43044822E+000
  0.43045088E+000
  0.43045354E+000
  0.43045621E+000
  0.43045888E+000
  0.43046156E+000
  0.43046423E+000
  0.43046689E+000
  0.43046956E+000
  0.43047222E+000
  0.43047487E+000
  0.43047750E+000
  0.43048012E+000
  0.43048273E+000
  0.43048532E+000
  0.43048789E+000
  0.43049045E+000
  0.43049298E+000
  0.43049637E+000
  0.43049885E+000
  0.43050131E+000
  0.43050374E+000
  0.43050615E+000
  0.43050852E+000
  0.43051087E+000
  0.43051318E+000
  0.43051546E+000
  0.43051770E+000
  0.43051992E+000
  0.43052209E+000
  0.43052423E+000
  0.43052634E+000
  0.43052840E+000
  0.43053043E+000
  0.43053243E+000
  0.43053438E+000
  0.43053542E+000
  0.43053729E+000
  0.43053913E+000
  0.43054093E+000
  0.43054269E+000
  0.43054441E+000
  0.43054609E+000
  0.43054773E+000
  0.43054934E+000
  0.43055091E+000
