  0.82261485E+000
  0.82261094E+000
  0.82260749E+000
  0.82260453E+000
  0.82260205E+000
  0.82259998E+000
  0.82259827E+000
  0.82259687E+000
  0.82259573E+000
  0.82259483E+000
  0.82259412E+000
  0.82259357E+000
  0.82259317E+000
  0.82259288E+000
  0.82259269E+000
  0.82259258E+000
  0.82259254E+000
  0.82259257E+000
  0.82259264E+000
  0.82259275E+000
  0.82259290E+000
  0.82259307E+000
  0.82259327E+000
  0.82259349E+000
  0.82259373E+000
  0.82259398E+000
  0.82259423E+000
  0.82259450E+000
  0.82259477E+000
  0.82259504E+000
  0.82259531E+000
  0.82259559E+000
  0.82259586E+000
  0.82259613E+000
  0.82259640E+000
  0.82259666E+000
  0.82259691E+000
  0.82259715E+000
  0.82259739E+000
  0.82259762E+000
  0.82259784E+000
  0.82259804E+000
  0.82259823E+000
  0.82259841E+000
  0.82259857E+000
  0.82259871E+000
  0.82259884E+000
  0.82259895E+000
  0.82259904E+000
  0.82259911E+000
  0.82259915E+000
  0.82259917E+000
  0.82259917E+000
  0.82259914E+000
  0.82259908E+000
  0.82259900E+000
  0.82259888E+000
  0.82259874E+000
  0.82259856E+000
  0.82259835E+000
  0.82259811E+000
  0.82259783E+000
  0.82259751E+000
  0.82259716E+000
  0.82259678E+000
  0.82259635E+000
  0.82259589E+000
  0.82259539E+000
  0.82259485E+000
  0.82259427E+000
  0.82259365E+000
  0.82259299E+000
  0.82259229E+000
  0.82259156E+000
  0.82259079E+000
  0.82258998E+000
  0.82258913E+000
  0.82258825E+000
  0.82258734E+000
  0.82258639E+000
  0.82258541E+000
  0.82258440E+000
  0.82258337E+000
  0.82258230E+000
  0.82258122E+000
  0.82258011E+000
  0.82257898E+000
  0.82257783E+000
  0.82257666E+000
  0.82257548E+000
  0.82257429E+000
  0.82257309E+000
  0.82257188E+000
  0.82257067E+000
  0.82256945E+000
  0.82256823E+000
  0.82256702E+000
  0.82256581E+000
  0.82256461E+000
  0.82256341E+000
  0.82256223E+000
  0.82256106E+000
  0.82255990E+000
  0.82255876E+000
  0.82255765E+000
  0.82255655E+000
  0.82255548E+000
  0.82255443E+000
  0.82255341E+000
  0.82255242E+000
  0.82255146E+000
  0.82255053E+000
  0.82254964E+000
  0.82254878E+000
  0.82254796E+000
  0.82254717E+000
  0.82254643E+000
  0.82254572E+000
  0.82254505E+000
  0.82254443E+000
  0.82254385E+000
  0.82254331E+000
  0.82254282E+000
  0.82254237E+000
  0.82254196E+000
  0.82254160E+000
  0.82254129E+000
  0.82254102E+000
  0.82254080E+000
  0.82254062E+000
  0.82254049E+000
  0.82254041E+000
  0.82254037E+000
  0.82254037E+000
  0.82254043E+000
  0.82254052E+000
  0.82254066E+000
  0.82254084E+000
  0.82254107E+000
  0.82254134E+000
  0.82254165E+000
  0.82254200E+000
  0.82254239E+000
  0.82254281E+000
  0.82254328E+000
  0.82254378E+000
  0.82254432E+000
  0.82254489E+000
  0.82254550E+000
  0.82254614E+000
  0.82254681E+000
  0.82254750E+000
  0.82254823E+000
  0.82254899E+000
  0.82254976E+000
  0.82255057E+000
  0.82255139E+000
  0.82255224E+000
  0.82255311E+000
  0.82255400E+000
  0.82255490E+000
  0.82255582E+000
  0.82255676E+000
  0.82255771E+000
  0.82255867E+000
  0.82255964E+000
  0.82256062E+000
  0.82256161E+000
  0.82256260E+000
  0.82256360E+000
  0.82256461E+000
  0.82256562E+000
  0.82256663E+000
  0.82256764E+000
  0.82256865E+000
  0.82256966E+000
  0.82257067E+000
  0.82257167E+000
  0.82257267E+000
  0.82257367E+000
  0.82257465E+000
  0.82257564E+000
  0.82257661E+000
  0.82257758E+000
  0.82257853E+000
  0.82257948E+000
  0.82258042E+000
  0.82258134E+000
  0.82258226E+000
  0.82258316E+000
  0.82258405E+000
  0.82258493E+000
  0.82258579E+000
  0.82258664E+000
  0.82258748E+000
  0.82258830E+000
  0.82258911E+000
  0.82258990E+000
  0.82259068E+000
  0.82259145E+000
