  0.91291450E+000
  0.91292902E+000
  0.91294034E+000
  0.91294904E+000
  0.91295563E+000
  0.91296050E+000
  0.91296396E+000
  0.91296628E+000
  0.91296767E+000
  0.91296831E+000
  0.91296836E+000
  0.91296793E+000
  0.91296711E+000
  0.91296599E+000
  0.91296463E+000
  0.91296308E+000
  0.91296139E+000
  0.91295959E+000
  0.91295772E+000
  0.91295579E+000
  0.91295383E+000
  0.91295185E+000
  0.91294986E+000
  0.91294789E+000
  0.91294592E+000
  0.91294398E+000
  0.91294207E+000
  0.91294020E+000
  0.91293836E+000
  0.91293657E+000
  0.91293484E+000
  0.91293315E+000
  0.91293153E+000
  0.91292996E+000
  0.91292846E+000
  0.91292702E+000
  0.91292565E+000
  0.91292435E+000
  0.91292312E+000
  0.91292197E+000
  0.91292088E+000
  0.91291987E+000
  0.91291892E+000
  0.91291805E+000
  0.91291724E+000
  0.91291648E+000
  0.91291579E+000
  0.91291515E+000
  0.91291455E+000
  0.91291399E+000
  0.91291346E+000
  0.91291296E+000
  0.91291248E+000
  0.91291201E+000
  0.91291155E+000
  0.91291109E+000
  0.91291062E+000
  0.91291015E+000
  0.91290965E+000
  0.91290914E+000
  0.91290861E+000
  0.91290806E+000
  0.91290747E+000
  0.91290686E+000
  0.91290622E+000
  0.91290554E+000
  0.91290483E+000
  0.91290409E+000
  0.91290332E+000
  0.91290251E+000
  0.91290167E+000
  0.91290080E+000
  0.91289990E+000
  0.91289896E+000
  0.91289799E+000
  0.91289700E+000
  0.91289598E+000
  0.91289493E+000
  0.91289385E+000
  0.91289275E+000
  0.91289163E+000
  0.91289048E+000
  0.91288932E+000
  0.91288814E+000
  0.91288694E+000
  0.91288572E+000
  0.91288450E+000
  0.91288326E+000
  0.91288202E+000
  0.91288076E+000
  0.91287951E+000
  0.91287825E+000
  0.91287699E+000
  0.91287574E+000
  0.91287448E+000
  0.91287324E+000
  0.91287200E+000
  0.91287077E+000
  0.91286956E+000
  0.91286836E+000
  0.91286718E+000
  0.91286601E+000
  0.91286487E+000
  0.91286375E+000
  0.91286265E+000
  0.91286158E+000
  0.91286054E+000
  0.91285952E+000
  0.91285854E+000
  0.91285759E+000
  0.91285667E+000
  0.91285579E+000
  0.91285495E+000
  0.91285414E+000
  0.91285337E+000
  0.91285264E+000
  0.91285194E+000
  0.91285129E+000
  0.91285069E+000
  0.91285012E+000
  0.91284960E+000
  0.91284911E+000
  0.91284868E+000
  0.91284828E+000
  0.91284793E+000
  0.91284763E+000
  0.91284737E+000
  0.91284715E+000
  0.91284698E+000
  0.91284685E+000
  0.91284676E+000
  0.91284672E+000
  0.91284672E+000
  0.91284676E+000
  0.91284684E+000
  0.91284697E+000
  0.91284713E+000
  0.91284734E+000
  0.91284758E+000
  0.91284787E+000
  0.91284819E+000
  0.91284854E+000
  0.91284893E+000
  0.91284936E+000
  0.91284982E+000
  0.91285032E+000
  0.91285084E+000
  0.91285140E+000
  0.91285198E+000
  0.91285259E+000
  0.91285323E+000
  0.91285389E+000
  0.91285458E+000
  0.91285530E+000
  0.91285603E+000
  0.91285678E+000
  0.91285756E+000
  0.91285835E+000
  0.91285916E+000
  0.91285998E+000
  0.91286082E+000
  0.91286167E+000
  0.91286254E+000
  0.91286341E+000
  0.91286430E+000
  0.91286519E+000
  0.91286609E+000
  0.91286700E+000
  0.91286791E+000
  0.91286882E+000
  0.91286974E+000
  0.91287066E+000
  0.91287158E+000
  0.91287249E+000
  0.91287341E+000
  0.91287433E+000
  0.91287524E+000
  0.91287615E+000
  0.91287705E+000
  0.91287795E+000
  0.91287885E+000
  0.91287973E+000
  0.91288061E+000
  0.91288148E+000
  0.91288234E+000
  0.91288319E+000
  0.91288403E+000
  0.91288486E+000
  0.91288568E+000
  0.91288649E+000
  0.91288729E+000
  0.91288808E+000
  0.91288885E+000
  0.91288961E+000
  0.91289036E+000
  0.91289109E+000
  0.91289182E+000
  0.91289252E+000
  0.91289322E+000
  0.91289390E+000
