  0.93159550E+000
  0.93181732E+000
  0.93197583E+000
  0.93209188E+000
  0.93217588E+000
  0.93223487E+000
  0.93227411E+000
  0.93229777E+000
  0.93230918E+000
  0.93231103E+000
  0.93230548E+000
  0.93229425E+000
  0.93227873E+000
  0.93226002E+000
  0.93223901E+000
  0.93221638E+000
  0.93219268E+000
  0.93216834E+000
  0.93214369E+000
  0.93211898E+000
  0.93209441E+000
  0.93207012E+000
  0.93204623E+000
  0.93202281E+000
  0.93199992E+000
  0.93197760E+000
  0.93195589E+000
  0.93193480E+000
  0.93191434E+000
  0.93189453E+000
  0.93187538E+000
  0.93185688E+000
  0.93183905E+000
  0.93182189E+000
  0.93180542E+000
  0.93178965E+000
  0.93177458E+000
  0.93176022E+000
  0.93174659E+000
  0.93173370E+000
  0.93172155E+000
  0.93171016E+000
  0.93169952E+000
  0.93168964E+000
  0.93168050E+000
  0.93167209E+000
  0.93166441E+000
  0.93165741E+000
  0.93165108E+000
  0.93164537E+000
  0.93164025E+000
  0.93163568E+000
  0.93163160E+000
  0.93162798E+000
  0.93162475E+000
  0.93162188E+000
  0.93161932E+000
  0.93161703E+000
  0.93161498E+000
  0.93161311E+000
  0.93161142E+000
  0.93160987E+000
  0.93160844E+000
  0.93160712E+000
  0.93160588E+000
  0.93160473E+000
  0.93160366E+000
  0.93160265E+000
  0.93160170E+000
  0.93160082E+000
  0.93159999E+000
  0.93159922E+000
  0.93159851E+000
  0.93159786E+000
  0.93159726E+000
  0.93159671E+000
  0.93159622E+000
  0.93159578E+000
  0.93159539E+000
  0.93159504E+000
  0.93159474E+000
  0.93159449E+000
  0.93159427E+000
  0.93159409E+000
  0.93159395E+000
  0.93159384E+000
  0.93159376E+000
  0.93159371E+000
  0.93159368E+000
  0.93159368E+000
  0.93159369E+000
  0.93159373E+000
  0.93159377E+000
  0.93159383E+000
  0.93159391E+000
  0.93159399E+000
  0.93159408E+000
  0.93159417E+000
  0.93159427E+000
  0.93159438E+000
  0.93159448E+000
  0.93159459E+000
  0.93159470E+000
  0.93159481E+000
  0.93159492E+000
  0.93159502E+000
  0.93159513E+000
  0.93159523E+000
  0.93159533E+000
  0.93159543E+000
  0.93159553E+000
  0.93159562E+000
  0.93159571E+000
  0.93159579E+000
  0.93159587E+000
  0.93159595E+000
  0.93159603E+000
  0.93159610E+000
  0.93159617E+000
  0.93159623E+000
  0.93159629E+000
  0.93159635E+000
  0.93159641E+000
  0.93159646E+000
  0.93159650E+000
  0.93159655E+000
  0.93159659E+000
  0.93159663E+000
  0.93159667E+000
  0.93159670E+000
  0.93159673E+000
  0.93159676E+000
  0.93159679E+000
  0.93159681E+000
  0.93159683E+000
  0.93159685E+000
  0.93159686E+000
  0.93159688E+000
  0.93159689E+000
  0.93159690E+000
  0.93159691E+000
  0.93159691E+000
  0.93159692E+000
  0.93159692E+000
  0.93159692E+000
  0.93159692E+000
  0.93159692E+000
  0.93159691E+000
  0.93159691E+000
  0.93159690E+000
  0.93159690E+000
  0.93159689E+000
  0.93159688E+000
  0.93159687E+000
  0.93159686E+000
  0.93159684E+000
  0.93159683E+000
  0.93159682E+000
  0.93159680E+000
  0.93159679E+000
  0.93159677E+000
  0.93159676E+000
  0.93159674E+000
  0.93159672E+000
  0.93159671E+000
  0.93159669E+000
  0.93159667E+000
  0.93159665E+000
  0.93159663E+000
  0.93159662E+000
  0.93159660E+000
  0.93159658E+000
  0.93159656E+000
  0.93159654E+000
  0.93159652E+000
  0.93159650E+000
  0.93159649E+000
  0.93159647E+000
  0.93159645E+000
  0.93159643E+000
  0.93159641E+000
  0.93159640E+000
  0.93159638E+000
  0.93159636E+000
  0.93159634E+000
  0.93159632E+000
  0.93159631E+000
  0.93159629E+000
  0.93159627E+000
  0.93159626E+000
  0.93159624E+000
  0.93159622E+000
  0.93159621E+000
  0.93159619E+000
  0.93159617E+000
  0.93159616E+000
  0.93159614E+000
  0.93159612E+000
  0.93159610E+000
  0.93159609E+000
