  0.00000000E+000  0.00000000E+000  0.00000000E+000  0.00000000E+000  0.00000000E+000  0.93662127E-001  0.19283099E+001  0.12499507E+002  0.31295227E+002  0.78686205E+002  0.15900738E+003
  0.00000000E+000  0.00000000E+000  0.00000000E+000  0.00000000E+000  0.00000000E+000  0.93606435E-001  0.19275177E+001  0.12492863E+002  0.31285907E+002  0.78641961E+002  0.15894478E+003
  0.00000000E+000  0.00000000E+000  0.00000000E+000  0.00000000E+000  0.00000000E+000  0.93557715E-001  0.19268229E+001  0.12487009E+002  0.31277879E+002  0.78603105E+002  0.15888976E+003
  0.00000000E+000  0.00000000E+000  0.00000000E+000  0.00000000E+000  0.00000000E+000  0.93515818E-001  0.19262222E+001  0.12481922E+002  0.31271074E+002  0.78576272E+002  0.15884218E+003
  0.00000000E+000  0.00000000E+000  0.00000000E+000  0.00000000E+000  0.00000000E+000  0.93479994E-001  0.19257050E+001  0.12477519E+002  0.31265209E+002  0.78559833E+002  0.15880124E+003
  0.00000000E+000  0.00000000E+000  0.00000000E+000  0.00000000E+000  0.00000000E+000  0.93449455E-001  0.19252603E+001  0.12473709E+002  0.31260143E+002  0.78545736E+002  0.15876611E+003
  0.00000000E+000  0.00000000E+000  0.00000000E+000  0.00000000E+000  0.00000000E+000  0.93423480E-001  0.19248779E+001  0.12470409E+002  0.31255766E+002  0.78533657E+002  0.15873595E+003
  0.00000000E+000  0.00000000E+000  0.00000000E+000  0.00000000E+000  0.00000000E+000  0.93401430E-001  0.19245489E+001  0.12467546E+002  0.31251981E+002  0.78523305E+002  0.15871008E+003
  0.00000000E+000  0.00000000E+000  0.00000000E+000  0.00000000E+000  0.00000000E+000  0.93382751E-001  0.19242657E+001  0.12465058E+002  0.31248707E+002  0.78514430E+002  0.15868785E+003
  0.00000000E+000  0.00000000E+000  0.00000000E+000  0.00000000E+000  0.00000000E+000  0.93366964E-001  0.19240216E+001  0.12462925E+002  0.31245894E+002  0.78506816E+002  0.15866875E+003
  0.00000000E+000  0.00000000E+000  0.00000000E+000  0.00000000E+000  0.00000000E+000  0.93353661E-001  0.19238109E+001  0.12461094E+002  0.31243474E+002  0.78500276E+002  0.15865231E+003
  0.00000000E+000  0.00000000E+000  0.00000000E+000  0.00000000E+000  0.00000000E+000  0.93342489E-001  0.19236289E+001  0.12459522E+002  0.31241390E+002  0.78494653E+002  0.15863815E+003
  0.00000000E+000  0.00000000E+000  0.00000000E+000  0.00000000E+000  0.00000000E+000  0.93333150E-001  0.19234714E+001  0.12458171E+002  0.31239592E+002  0.78489811E+002  0.15862592E+003
  0.00000000E+000  0.00000000E+000  0.00000000E+000  0.00000000E+000  0.00000000E+000  0.93325390E-001  0.19233349E+001  0.12457008E+002  0.31238040E+002  0.78485637E+002  0.15861534E+003
  0.00000000E+000  0.00000000E+000  0.00000000E+000  0.00000000E+000  0.00000000E+000  0.93318975E-001  0.19232165E+001  0.12456008E+002  0.31236697E+002  0.78482033E+002  0.15860617E+003
  0.00000000E+000  0.00000000E+000  0.00000000E+000  0.00000000E+000  0.00000000E+000  0.93313712E-001  0.19231136E+001  0.12455146E+002  0.31235534E+002  0.78478918E+002  0.15859821E+003
  0.00000000E+000  0.00000000E+000  0.00000000E+000  0.00000000E+000  0.00000000E+000  0.93309448E-001  0.19230240E+001  0.12454402E+002  0.31234525E+002  0.78476219E+002  0.15859129E+003
  0.00000000E+000  0.00000000E+000  0.00000000E+000  0.00000000E+000  0.00000000E+000  0.93306050E-001  0.19229459E+001  0.12453761E+002  0.31233648E+002  0.78473879E+002  0.15858524E+003
  0.00000000E+000  0.00000000E+000  0.00000000E+000  0.00000000E+000  0.00000000E+000  0.93303404E-001  0.19228779E+001  0.12453208E+002  0.31232885E+002  0.78471845E+002  0.15857994E+003
  0.00000000E+000  0.00000000E+000  0.00000000E+000  0.00000000E+000  0.00000000E+000  0.93301415E-001  0.19228185E+001  0.12452731E+002  0.31232219E+002  0.78470076E+002  0.15857530E+003
  0.00000000E+000  0.00000000E+000  0.00000000E+000  0.00000000E+000  0.00000000E+000  0.93300000E-001  0.19227666E+001  0.12452320E+002  0.31231639E+002  0.78468533E+002  0.15857120E+003
  0.00000000E+000  0.00000000E+000  0.00000000E+000  0.00000000E+000  0.00000000E+000  0.93299089E-001  0.19227214E+001  0.12451965E+002  0.31231131E+002  0.78467185E+002  0.15856758E+003
  0.00000000E+000  0.00000000E+000  0.00000000E+000  0.00000000E+000  0.00000000E+000  0.93298623E-001  0.19226818E+001  0.12451660E+002  0.31230686E+002  0.78466006E+002  0.15856437E+003
  0.00000000E+000  0.00000000E+000  0.00000000E+000  0.00000000E+000  0.00000000E+000  0.93298550E-001  0.19226474E+001  0.12451398E+002  0.31230296E+002  0.78464972E+002  0.15856150E+003
  0.00000000E+000  0.00000000E+000  0.00000000E+000  0.00000000E+000  0.00000000E+000  0.93298826E-001  0.19226174E+001  0.12451173E+002  0.31229953E+002  0.78464063E+002  0.15855893E+003
  0.00000000E+000  0.00000000E+000  0.00000000E+000  0.00000000E+000  0.00000000E+000  0.93299415E-001  0.19225914E+001  0.12450982E+002  0.31229652E+002  0.78463263E+002  0.15855662E+003
  0.00000000E+000  0.00000000E+000  0.00000000E+000  0.00000000E+000  0.00000000E+000  0.93300284E-001  0.19225689E+001  0.12450820E+002  0.31229387E+002  0.78462556E+002  0.15855453E+003
  0.00000000E+000  0.00000000E+000  0.00000000E+000  0.00000000E+000  0.00000000E+000  0.93301406E-001  0.19225495E+001  0.12450683E+002  0.31229153E+002  0.78461932E+002  0.15855262E+003
  0.00000000E+000  0.00000000E+000  0.00000000E+000  0.00000000E+000  0.00000000E+000  0.93302757E-001  0.19225331E+001  0.12450569E+002  0.31228946E+002  0.78461378E+002  0.15855087E+003
  0.00000000E+000  0.00000000E+000  0.00000000E+000  0.00000000E+000  0.00000000E+000  0.93304317E-001  0.19225192E+001  0.12450476E+002  0.31228764E+002  0.78460885E+002  0.15854926E+003
  0.00000000E+000  0.00000000E+000  0.00000000E+000  0.00000000E+000  0.00000000E+000  0.93306069E-001  0.19225076E+001  0.12450401E+002  0.31228604E+002  0.78460446E+002  0.15854776E+003
  0.00000000E+000  0.00000000E+000  0.00000000E+000  0.00000000E+000  0.00000000E+000  0.93307997E-001  0.19224982E+001  0.12450343E+002  0.31228462E+002  0.78460053E+002  0.15854636E+003
  0.00000000E+000  0.00000000E+000  0.00000000E+000  0.00000000E+000  0.00000000E+000  0.93310089E-001  0.19224909E+001  0.12450299E+002  0.31228336E+002  0.78459701E+002  0.15854504E+003
  0.00000000E+000  0.00000000E+000  0.00000000E+000  0.00000000E+000  0.00000000E+000  0.93312333E-001  0.19224854E+001  0.12450270E+002  0.31228226E+002  0.78459385E+002  0.15854378E+003
  0.00000000E+000  0.00000000E+000  0.00000000E+000  0.00000000E+000  0.00000000E+000  0.93314718E-001  0.19224816E+001  0.12450253E+002  0.31228129E+002  0.78459099E+002  0.15854258E+003
  0.00000000E+000  0.00000000E+000  0.00000000E+000  0.00000000E+000  0.00000000E+000  0.93317236E-001  0.19224795E+001  0.12450249E+002  0.31228045E+002  0.78458841E+002  0.15854142E+003
  0.00000000E+000  0.00000000E+000  0.00000000E+000  0.00000000E+000  0.00000000E+000  0.93319879E-001  0.19224790E+001  0.12450256E+002  0.31227971E+002  0.78458608E+002  0.15854030E+003
  0.00000000E+000  0.00000000E+000  0.00000000E+000  0.00000000E+000  0.00000000E+000  0.93322641E-001  0.19224800E+001  0.12450273E+002  0.31227907E+002  0.78458396E+002  0.15853921E+003
  0.00000000E+000  0.00000000E+000  0.00000000E+000  0.00000000E+000  0.00000000E+000  0.93325513E-001  0.19224825E+001  0.12450301E+002  0.31227853E+002  0.78458203E+002  0.15853813E+003
  0.00000000E+000  0.00000000E+000  0.00000000E+000  0.00000000E+000  0.00000000E+000  0.93328492E-001  0.19224864E+001  0.12450339E+002  0.31227808E+002  0.78458027E+002  0.15853707E+003
  0.00000000E+000  0.00000000E+000  0.00000000E+000  0.00000000E+000  0.00000000E+000  0.93331572E-001  0.19224916E+001  0.12450386E+002  0.31227771E+002  0.78457868E+002  0.15853602E+003
  0.00000000E+000  0.00000000E+000  0.00000000E+000  0.00000000E+000  0.00000000E+000  0.93334749E-001  0.19224983E+001  0.12450443E+002  0.31227741E+002  0.78457722E+002  0.15853498E+003
  0.00000000E+000  0.00000000E+000  0.00000000E+000  0.00000000E+000  0.00000000E+000  0.93338019E-001  0.19225063E+001  0.12450510E+002  0.31227720E+002  0.78457590E+002  0.15853393E+003
  0.00000000E+000  0.00000000E+000  0.00000000E+000  0.00000000E+000  0.00000000E+000  0.93341378E-001  0.19225157E+001  0.12450586E+002  0.31227706E+002  0.78457471E+002  0.15853289E+003
  0.00000000E+000  0.00000000E+000  0.00000000E+000  0.00000000E+000  0.00000000E+000  0.93344824E-001  0.19225264E+001  0.12450672E+002  0.31227700E+002  0.78457364E+002  0.15853184E+003
  0.00000000E+000  0.00000000E+000  0.00000000E+000  0.00000000E+000  0.00000000E+000  0.93348355E-001  0.19225385E+001  0.12450767E+002  0.31227701E+002  0.78457269E+002  0.15853078E+003
  0.00000000E+000  0.00000000E+000  0.00000000E+000  0.00000000E+000  0.00000000E+000  0.93351970E-001  0.19225520E+001  0.12450873E+002  0.31227710E+002  0.78457186E+002  0.15852972E+003
  0.00000000E+000  0.00000000E+000  0.00000000E+000  0.00000000E+000  0.00000000E+000  0.93355667E-001  0.19225669E+001  0.12450988E+002  0.31227727E+002  0.78457116E+002  0.15852866E+003
  0.00000000E+000  0.00000000E+000  0.00000000E+000  0.00000000E+000  0.00000000E+000  0.93359447E-001  0.19225833E+001  0.12451114E+002  0.31227752E+002  0.78457058E+002  0.15852758E+003
  0.00000000E+000  0.00000000E+000  0.00000000E+000  0.00000000E+000  0.00000000E+000  0.93363310E-001  0.19226012E+001  0.12451251E+002  0.31227786E+002  0.78457014E+002  0.15852650E+003
  0.00000000E+000  0.00000000E+000  0.00000000E+000  0.00000000E+000  0.00000000E+000  0.93367256E-001  0.19226207E+001  0.12451398E+002  0.31227829E+002  0.78456984E+002  0.15852542E+003
  0.00000000E+000  0.00000000E+000  0.00000000E+000  0.00000000E+000  0.00000000E+000  0.93371286E-001  0.19226417E+001  0.12451557E+002  0.31227882E+002  0.78456970E+002  0.15852433E+003
  0.00000000E+000  0.00000000E+000  0.00000000E+000  0.00000000E+000  0.00000000E+000  0.93375403E-001  0.19226644E+001  0.12451728E+002  0.31227945E+002  0.78456973E+002  0.15852324E+003
  0.00000000E+000  0.00000000E+000  0.00000000E+000  0.00000000E+000  0.00000000E+000  0.93379606E-001  0.19226888E+001  0.12451912E+002  0.31228018E+002  0.78456994E+002  0.15852216E+003
  0.00000000E+000  0.00000000E+000  0.00000000E+000  0.00000000E+000  0.00000000E+000  0.93383898E-001  0.19227149E+001  0.12452108E+002  0.31228104E+002  0.78457035E+002  0.15852108E+003
  0.00000000E+000  0.00000000E+000  0.00000000E+000  0.00000000E+000  0.00000000E+000  0.93388279E-001  0.19227429E+001  0.12452317E+002  0.31228201E+002  0.78457098E+002  0.15852001E+003
  0.00000000E+000  0.00000000E+000  0.00000000E+000  0.00000000E+000  0.00000000E+000  0.93392750E-001  0.19227727E+001  0.12452540E+002  0.31228312E+002  0.78457185E+002  0.15851895E+003
  0.00000000E+000  0.00000000E+000  0.00000000E+000  0.00000000E+000  0.00000000E+000  0.93397311E-001  0.19228044E+001  0.12452776E+002  0.31228436E+002  0.78457298E+002  0.15851791E+003
  0.00000000E+000  0.00000000E+000  0.00000000E+000  0.00000000E+000  0.00000000E+000  0.93401961E-001  0.19228381E+001  0.12453027E+002  0.31228575E+002  0.78457438E+002  0.15851689E+003
  0.00000000E+000  0.00000000E+000  0.00000000E+000  0.00000000E+000  0.00000000E+000  0.93406699E-001  0.19228738E+001  0.12453293E+002  0.31228729E+002  0.78457607E+002  0.15851590E+003
  0.00000000E+000  0.00000000E+000  0.00000000E+000  0.00000000E+000  0.00000000E+000  0.93411521E-001  0.19229116E+001  0.12453574E+002  0.31228899E+002  0.78457807E+002  0.15851493E+003
  0.00000000E+000  0.00000000E+000  0.00000000E+000  0.00000000E+000  0.00000000E+000  0.93416424E-001  0.19229515E+001  0.12453870E+002  0.31229085E+002  0.78458040E+002  0.15851400E+003
  0.00000000E+000  0.00000000E+000  0.00000000E+000  0.00000000E+000  0.00000000E+000  0.93421403E-001  0.19229934E+001  0.12454181E+002  0.31229288E+002  0.78458308E+002  0.15851311E+003
  0.00000000E+000  0.00000000E+000  0.00000000E+000  0.00000000E+000  0.00000000E+000  0.93426453E-001  0.19230375E+001  0.12454508E+002  0.31229508E+002  0.78458612E+002  0.15851225E+003
  0.00000000E+000  0.00000000E+000  0.00000000E+000  0.00000000E+000  0.00000000E+000  0.93431565E-001  0.19230837E+001  0.12454851E+002  0.31229747E+002  0.78458954E+002  0.15851144E+003
  0.00000000E+000  0.00000000E+000  0.00000000E+000  0.00000000E+000  0.00000000E+000  0.93436733E-001  0.19231321E+001  0.12455209E+002  0.31230003E+002  0.78459335E+002  0.15851068E+003
  0.00000000E+000  0.00000000E+000  0.00000000E+000  0.00000000E+000  0.00000000E+000  0.93441947E-001  0.19231826E+001  0.12455582E+002  0.31230279E+002  0.78459756E+002  0.15850997E+003
  0.00000000E+000  0.00000000E+000  0.00000000E+000  0.00000000E+000  0.00000000E+000  0.93447198E-001  0.19232352E+001  0.12455971E+002  0.31230573E+002  0.78460218E+002  0.15850931E+003
  0.00000000E+000  0.00000000E+000  0.00000000E+000  0.00000000E+000  0.00000000E+000  0.93452476E-001  0.19232900E+001  0.12456375E+002  0.31230887E+002  0.78460723E+002  0.15850871E+003
  0.00000000E+000  0.00000000E+000  0.00000000E+000  0.00000000E+000  0.00000000E+000  0.93457770E-001  0.19233468E+001  0.12456794E+002  0.31231219E+002  0.78461271E+002  0.15850818E+003
  0.00000000E+000  0.00000000E+000  0.00000000E+000  0.00000000E+000  0.00000000E+000  0.93463069E-001  0.19234056E+001  0.12457228E+002  0.31231571E+002  0.78461863E+002  0.15850770E+003
  0.00000000E+000  0.00000000E+000  0.00000000E+000  0.00000000E+000  0.00000000E+000  0.93468362E-001  0.19234664E+001  0.12457676E+002  0.31231942E+002  0.78462499E+002  0.15850730E+003
  0.00000000E+000  0.00000000E+000  0.00000000E+000  0.00000000E+000  0.00000000E+000  0.93473638E-001  0.19235291E+001  0.12458138E+002  0.31232332E+002  0.78463181E+002  0.15850696E+003
  0.00000000E+000  0.00000000E+000  0.00000000E+000  0.00000000E+000  0.00000000E+000  0.93478887E-001  0.19235937E+001  0.12458613E+002  0.31232741E+002  0.78463907E+002  0.15850670E+003
  0.00000000E+000  0.00000000E+000  0.00000000E+000  0.00000000E+000  0.00000000E+000  0.93484097E-001  0.19236601E+001  0.12459101E+002  0.31233169E+002  0.78464679E+002  0.15850651E+003
  0.00000000E+000  0.00000000E+000  0.00000000E+000  0.00000000E+000  0.00000000E+000  0.93489260E-001  0.19237281E+001  0.12459601E+002  0.31233615E+002  0.78465497E+002  0.15850640E+003
  0.00000000E+000  0.00000000E+000  0.00000000E+000  0.00000000E+000  0.00000000E+000  0.93494365E-001  0.19237978E+001  0.12460113E+002  0.31234079E+002  0.78466359E+002  0.15850637E+003
  0.00000000E+000  0.00000000E+000  0.00000000E+000  0.00000000E+000  0.00000000E+000  0.93499404E-001  0.19238690E+001  0.12460636E+002  0.31234560E+002  0.78467266E+002  0.15850642E+003
  0.00000000E+000  0.00000000E+000  0.00000000E+000  0.00000000E+000  0.00000000E+000  0.93504369E-001  0.19239415E+001  0.12461169E+002  0.31235059E+002  0.78468218E+002  0.15850656E+003
  0.00000000E+000  0.00000000E+000  0.00000000E+000  0.00000000E+000  0.00000000E+000  0.93509252E-001  0.19240155E+001  0.12461712E+002  0.31235575E+002  0.78469214E+002  0.15850679E+003
  0.00000000E+000  0.00000000E+000  0.00000000E+000  0.00000000E+000  0.00000000E+000  0.93514048E-001  0.19240906E+001  0.12462264E+002  0.31236108E+002  0.78470253E+002  0.15850711E+003
  0.00000000E+000  0.00000000E+000  0.00000000E+000  0.00000000E+000  0.00000000E+000  0.93518750E-001  0.19241668E+001  0.12462824E+002  0.31236656E+002  0.78471336E+002  0.15850752E+003
  0.00000000E+000  0.00000000E+000  0.00000000E+000  0.00000000E+000  0.00000000E+000  0.93523353E-001  0.19242440E+001  0.12463391E+002  0.31237219E+002  0.78472460E+002  0.15850802E+003
  0.00000000E+000  0.00000000E+000  0.00000000E+000  0.00000000E+000  0.00000000E+000  0.93527854E-001  0.19243221E+001  0.12463965E+002  0.31237797E+002  0.78473625E+002  0.15850862E+003
  0.00000000E+000  0.00000000E+000  0.00000000E+000  0.00000000E+000  0.00000000E+000  0.93532250E-001  0.19244010E+001  0.12464545E+002  0.31238390E+002  0.78474831E+002  0.15850933E+003
  0.00000000E+000  0.00000000E+000  0.00000000E+000  0.00000000E+000  0.00000000E+000  0.93536536E-001  0.19244806E+001  0.12465130E+002  0.31238996E+002  0.78476076E+002  0.15851013E+003
  0.00000000E+000  0.00000000E+000  0.00000000E+000  0.00000000E+000  0.00000000E+000  0.93540712E-001  0.19245607E+001  0.12465719E+002  0.31239615E+002  0.78477360E+002  0.15851104E+003
  0.00000000E+000  0.00000000E+000  0.00000000E+000  0.00000000E+000  0.00000000E+000  0.93544777E-001  0.19246413E+001  0.12466312E+002  0.31240246E+002  0.78478681E+002  0.15851206E+003
  0.00000000E+000  0.00000000E+000  0.00000000E+000  0.00000000E+000  0.00000000E+000  0.93548728E-001  0.19247222E+001  0.12466909E+002  0.31240889E+002  0.78480038E+002  0.15851319E+003
  0.00000000E+000  0.00000000E+000  0.00000000E+000  0.00000000E+000  0.00000000E+000  0.93552567E-001  0.19248034E+001  0.12467507E+002  0.31241544E+002  0.78481431E+002  0.15851443E+003
  0.00000000E+000  0.00000000E+000  0.00000000E+000  0.00000000E+000  0.00000000E+000  0.93556294E-001  0.19248847E+001  0.12468107E+002  0.31242209E+002  0.78482858E+002  0.15851578E+003
  0.00000000E+000  0.00000000E+000  0.00000000E+000  0.00000000E+000  0.00000000E+000  0.93559908E-001  0.19249660E+001  0.12468708E+002  0.31242884E+002  0.78484318E+002  0.15851725E+003
  0.00000000E+000  0.00000000E+000  0.00000000E+000  0.00000000E+000  0.00000000E+000  0.93563412E-001  0.19250474E+001  0.12469309E+002  0.31243568E+002  0.78485811E+002  0.15851884E+003
  0.00000000E+000  0.00000000E+000  0.00000000E+000  0.00000000E+000  0.00000000E+000  0.93566805E-001  0.19251285E+001  0.12469911E+002  0.31244261E+002  0.78487334E+002  0.15852055E+003
  0.00000000E+000  0.00000000E+000  0.00000000E+000  0.00000000E+000  0.00000000E+000  0.93570091E-001  0.19252094E+001  0.12470511E+002  0.31244963E+002  0.78488887E+002  0.15852238E+003
  0.00000000E+000  0.00000000E+000  0.00000000E+000  0.00000000E+000  0.00000000E+000  0.93573271E-001  0.19252900E+001  0.12471110E+002  0.31245672E+002  0.78490469E+002  0.15852433E+003
  0.00000000E+000  0.00000000E+000  0.00000000E+000  0.00000000E+000  0.00000000E+000  0.93576346E-001  0.19253701E+001  0.12471707E+002  0.31246388E+002  0.78492079E+002  0.15852641E+003
  0.00000000E+000  0.00000000E+000  0.00000000E+000  0.00000000E+000  0.00000000E+000  0.93579320E-001  0.19254498E+001  0.12472301E+002  0.31247111E+002  0.78493715E+002  0.15852861E+003
  0.00000000E+000  0.00000000E+000  0.00000000E+000  0.00000000E+000  0.00000000E+000  0.93582194E-001  0.19255288E+001  0.12472893E+002  0.31247839E+002  0.78495377E+002  0.15853095E+003
  0.00000000E+000  0.00000000E+000  0.00000000E+000  0.00000000E+000  0.00000000E+000  0.93584971E-001  0.19256071E+001  0.12473481E+002  0.31248573E+002  0.78497063E+002  0.15853341E+003
  0.00000000E+000  0.00000000E+000  0.00000000E+000  0.00000000E+000  0.00000000E+000  0.93587654E-001  0.19256847E+001  0.12474066E+002  0.31249312E+002  0.78498772E+002  0.15853600E+003
  0.00000000E+000  0.00000000E+000  0.00000000E+000  0.00000000E+000  0.00000000E+000  0.93590245E-001  0.19257614E+001  0.12474646E+002  0.31250055E+002  0.78500504E+002  0.15853872E+003
  0.00000000E+000  0.00000000E+000  0.00000000E+000  0.00000000E+000  0.00000000E+000  0.93592748E-001  0.19258372E+001  0.12475222E+002  0.31250801E+002  0.78502256E+002  0.15854157E+003
  0.00000000E+000  0.00000000E+000  0.00000000E+000  0.00000000E+000  0.00000000E+000  0.93595164E-001  0.19259120E+001  0.12475793E+002  0.31251551E+002  0.78504028E+002  0.15854455E+003
  0.00000000E+000  0.00000000E+000  0.00000000E+000  0.00000000E+000  0.00000000E+000  0.93597498E-001  0.19259857E+001  0.12476358E+002  0.31252303E+002  0.78505818E+002  0.15854766E+003
  0.00000000E+000  0.00000000E+000  0.00000000E+000  0.00000000E+000  0.00000000E+000  0.93599751E-001  0.19260584E+001  0.12476918E+002  0.31253058E+002  0.78507627E+002  0.15855090E+003
  0.00000000E+000  0.00000000E+000  0.00000000E+000  0.00000000E+000  0.00000000E+000  0.93601926E-001  0.19261298E+001  0.12477472E+002  0.31253813E+002  0.78509451E+002  0.15855428E+003
  0.00000000E+000  0.00000000E+000  0.00000000E+000  0.00000000E+000  0.00000000E+000  0.93604027E-001  0.19262000E+001  0.12478020E+002  0.31254570E+002  0.78511291E+002  0.15855777E+003
  0.00000000E+000  0.00000000E+000  0.00000000E+000  0.00000000E+000  0.00000000E+000  0.93606056E-001  0.19262690E+001  0.12478562E+002  0.31255327E+002  0.78513145E+002  0.15856140E+003
  0.00000000E+000  0.00000000E+000  0.00000000E+000  0.00000000E+000  0.00000000E+000  0.93608015E-001  0.19263366E+001  0.12479097E+002  0.31256085E+002  0.78515012E+002  0.15856515E+003
  0.00000000E+000  0.00000000E+000  0.00000000E+000  0.00000000E+000  0.00000000E+000  0.93609908E-001  0.19264028E+001  0.12479625E+002  0.31256841E+002  0.78516891E+002  0.15856902E+003
  0.00000000E+000  0.00000000E+000  0.00000000E+000  0.00000000E+000  0.00000000E+000  0.93611737E-001  0.19264676E+001  0.12480146E+002  0.31257597E+002  0.78518781E+002  0.15857302E+003
  0.00000000E+000  0.00000000E+000  0.00000000E+000  0.00000000E+000  0.00000000E+000  0.93613505E-001  0.19265310E+001  0.12480659E+002  0.31258351E+002  0.78520680E+002  0.15857713E+003
  0.00000000E+000  0.00000000E+000  0.00000000E+000  0.00000000E+000  0.00000000E+000  0.93615215E-001  0.19265930E+001  0.12481165E+002  0.31259103E+002  0.78522588E+002  0.15858137E+003
  0.00000000E+000  0.00000000E+000  0.00000000E+000  0.00000000E+000  0.00000000E+000  0.93616867E-001  0.19266534E+001  0.12481664E+002  0.31259853E+002  0.78524503E+002  0.15858571E+003
  0.00000000E+000  0.00000000E+000  0.00000000E+000  0.00000000E+000  0.00000000E+000  0.93618466E-001  0.19267123E+001  0.12482155E+002  0.31260599E+002  0.78526424E+002  0.15859017E+003
  0.00000000E+000  0.00000000E+000  0.00000000E+000  0.00000000E+000  0.00000000E+000  0.93620014E-001  0.19267698E+001  0.12482638E+002  0.31261342E+002  0.78528351E+002  0.15859473E+003
  0.00000000E+000  0.00000000E+000  0.00000000E+000  0.00000000E+000  0.00000000E+000  0.93621511E-001  0.19268257E+001  0.12483113E+002  0.31262081E+002  0.78530281E+002  0.15859939E+003
  0.00000000E+000  0.00000000E+000  0.00000000E+000  0.00000000E+000  0.00000000E+000  0.93622961E-001  0.19268801E+001  0.12483580E+002  0.31262816E+002  0.78532214E+002  0.15860416E+003
  0.00000000E+000  0.00000000E+000  0.00000000E+000  0.00000000E+000  0.00000000E+000  0.93624366E-001  0.19269329E+001  0.12484038E+002  0.31263546E+002  0.78534149E+002  0.15860902E+003
  0.00000000E+000  0.00000000E+000  0.00000000E+000  0.00000000E+000  0.00000000E+000  0.93625727E-001  0.19269843E+001  0.12484489E+002  0.31264271E+002  0.78536084E+002  0.15861397E+003
  0.00000000E+000  0.00000000E+000  0.00000000E+000  0.00000000E+000  0.00000000E+000  0.93627047E-001  0.19270341E+001  0.12484931E+002  0.31264990E+002  0.78538019E+002  0.15861901E+003
  0.00000000E+000  0.00000000E+000  0.00000000E+000  0.00000000E+000  0.00000000E+000  0.93628327E-001  0.19270825E+001  0.12485365E+002  0.31265704E+002  0.78539952E+002  0.15862413E+003
  0.00000000E+000  0.00000000E+000  0.00000000E+000  0.00000000E+000  0.00000000E+000  0.93629568E-001  0.19271293E+001  0.12485790E+002  0.31266411E+002  0.78541882E+002  0.15862933E+003
  0.00000000E+000  0.00000000E+000  0.00000000E+000  0.00000000E+000  0.00000000E+000  0.93630773E-001  0.19271748E+001  0.12486207E+002  0.31267111E+002  0.78543809E+002  0.15863460E+003
  0.00000000E+000  0.00000000E+000  0.00000000E+000  0.00000000E+000  0.00000000E+000  0.93631943E-001  0.19272187E+001  0.12486616E+002  0.31267804E+002  0.78545731E+002  0.15863995E+003
  0.00000000E+000  0.00000000E+000  0.00000000E+000  0.00000000E+000  0.00000000E+000  0.93633079E-001  0.19272613E+001  0.12487016E+002  0.31268490E+002  0.78547646E+002  0.15864535E+003
  0.00000000E+000  0.00000000E+000  0.00000000E+000  0.00000000E+000  0.00000000E+000  0.93634182E-001  0.19273025E+001  0.12487408E+002  0.31269168E+002  0.78549556E+002  0.15865081E+003
  0.00000000E+000  0.00000000E+000  0.00000000E+000  0.00000000E+000  0.00000000E+000  0.93635254E-001  0.19273424E+001  0.12487791E+002  0.31269838E+002  0.78551457E+002  0.15865633E+003
  0.00000000E+000  0.00000000E+000  0.00000000E+000  0.00000000E+000  0.00000000E+000  0.93636296E-001  0.19273809E+001  0.12488165E+002  0.31270500E+002  0.78553349E+002  0.15866189E+003
  0.00000000E+000  0.00000000E+000  0.00000000E+000  0.00000000E+000  0.00000000E+000  0.93637309E-001  0.19274181E+001  0.12488532E+002  0.31271154E+002  0.78555231E+002  0.15866750E+003
  0.00000000E+000  0.00000000E+000  0.00000000E+000  0.00000000E+000  0.00000000E+000  0.93638294E-001  0.19274541E+001  0.12488890E+002  0.31271798E+002  0.78557103E+002  0.15867315E+003
  0.00000000E+000  0.00000000E+000  0.00000000E+000  0.00000000E+000  0.00000000E+000  0.93639252E-001  0.19274888E+001  0.12489240E+002  0.31272434E+002  0.78558963E+002  0.15867883E+003
  0.00000000E+000  0.00000000E+000  0.00000000E+000  0.00000000E+000  0.00000000E+000  0.93640184E-001  0.19275224E+001  0.12489581E+002  0.31273061E+002  0.78560810E+002  0.15868453E+003
  0.00000000E+000  0.00000000E+000  0.00000000E+000  0.00000000E+000  0.00000000E+000  0.93641091E-001  0.19275548E+001  0.12489914E+002  0.31273678E+002  0.78562644E+002  0.15869026E+003
  0.00000000E+000  0.00000000E+000  0.00000000E+000  0.00000000E+000  0.00000000E+000  0.93641973E-001  0.19275860E+001  0.12490239E+002  0.31274285E+002  0.78564463E+002  0.15869601E+003
  0.00000000E+000  0.00000000E+000  0.00000000E+000  0.00000000E+000  0.00000000E+000  0.93642831E-001  0.19276162E+001  0.12490557E+002  0.31274883E+002  0.78566267E+002  0.15870177E+003
  0.00000000E+000  0.00000000E+000  0.00000000E+000  0.00000000E+000  0.00000000E+000  0.93643667E-001  0.19276453E+001  0.12490866E+002  0.31275470E+002  0.78568056E+002  0.15870754E+003
  0.00000000E+000  0.00000000E+000  0.00000000E+000  0.00000000E+000  0.00000000E+000  0.93644479E-001  0.19276734E+001  0.12491167E+002  0.31276048E+002  0.78569827E+002  0.15871331E+003
  0.00000000E+000  0.00000000E+000  0.00000000E+000  0.00000000E+000  0.00000000E+000  0.93645270E-001  0.19277006E+001  0.12491460E+002  0.31276615E+002  0.78571581E+002  0.15871908E+003
  0.00000000E+000  0.00000000E+000  0.00000000E+000  0.00000000E+000  0.00000000E+000  0.93646039E-001  0.19277267E+001  0.12491746E+002  0.31277173E+002  0.78573317E+002  0.15872484E+003
  0.00000000E+000  0.00000000E+000  0.00000000E+000  0.00000000E+000  0.00000000E+000  0.93646787E-001  0.19277520E+001  0.12492024E+002  0.31277719E+002  0.78575034E+002  0.15873059E+003
  0.00000000E+000  0.00000000E+000  0.00000000E+000  0.00000000E+000  0.00000000E+000  0.93647514E-001  0.19277763E+001  0.12492295E+002  0.31278256E+002  0.78576731E+002  0.15873633E+003
  0.00000000E+000  0.00000000E+000  0.00000000E+000  0.00000000E+000  0.00000000E+000  0.93648221E-001  0.19277998E+001  0.12492558E+002  0.31278782E+002  0.78578408E+002  0.15874205E+003
  0.00000000E+000  0.00000000E+000  0.00000000E+000  0.00000000E+000  0.00000000E+000  0.93648908E-001  0.19278224E+001  0.12492814E+002  0.31279297E+002  0.78580065E+002  0.15874775E+003
  0.00000000E+000  0.00000000E+000  0.00000000E+000  0.00000000E+000  0.00000000E+000  0.93649576E-001  0.19278443E+001  0.12493063E+002  0.31279802E+002  0.78581700E+002  0.15875341E+003
  0.00000000E+000  0.00000000E+000  0.00000000E+000  0.00000000E+000  0.00000000E+000  0.93650224E-001  0.19278653E+001  0.12493305E+002  0.31280296E+002  0.78583313E+002  0.15875905E+003
  0.00000000E+000  0.00000000E+000  0.00000000E+000  0.00000000E+000  0.00000000E+000  0.93650854E-001  0.19278856E+001  0.12493540E+002  0.31280779E+002  0.78584904E+002  0.15876465E+003
  0.00000000E+000  0.00000000E+000  0.00000000E+000  0.00000000E+000  0.00000000E+000  0.93651464E-001  0.19279052E+001  0.12493768E+002  0.31281252E+002  0.78587430E+002  0.15877022E+003
  0.00000000E+000  0.00000000E+000  0.00000000E+000  0.00000000E+000  0.00000000E+000  0.93652056E-001  0.19279241E+001  0.12493989E+002  0.31281715E+002  0.78590139E+002  0.15877574E+003
  0.00000000E+000  0.00000000E+000  0.00000000E+000  0.00000000E+000  0.00000000E+000  0.93652630E-001  0.19279423E+001  0.12494204E+002  0.31282167E+002  0.78592807E+002  0.15878122E+003
  0.00000000E+000  0.00000000E+000  0.00000000E+000  0.00000000E+000  0.00000000E+000  0.93653186E-001  0.19279598E+001  0.12494412E+002  0.31282608E+002  0.78595432E+002  0.15878665E+003
  0.00000000E+000  0.00000000E+000  0.00000000E+000  0.00000000E+000  0.00000000E+000  0.93653723E-001  0.19279767E+001  0.12494614E+002  0.31283039E+002  0.78598015E+002  0.15879203E+003
  0.00000000E+000  0.00000000E+000  0.00000000E+000  0.00000000E+000  0.00000000E+000  0.93654243E-001  0.19279930E+001  0.12494810E+002  0.31283459E+002  0.78600555E+002  0.15879735E+003
  0.00000000E+000  0.00000000E+000  0.00000000E+000  0.00000000E+000  0.00000000E+000  0.93654745E-001  0.19280087E+001  0.12495000E+002  0.31283869E+002  0.78603050E+002  0.15880262E+003
  0.00000000E+000  0.00000000E+000  0.00000000E+000  0.00000000E+000  0.00000000E+000  0.93655230E-001  0.19280238E+001  0.12495184E+002  0.31284269E+002  0.78605502E+002  0.15880782E+003
  0.00000000E+000  0.00000000E+000  0.00000000E+000  0.00000000E+000  0.00000000E+000  0.93655697E-001  0.19280384E+001  0.12495362E+002  0.31284658E+002  0.78607909E+002  0.15881297E+003
  0.00000000E+000  0.00000000E+000  0.00000000E+000  0.00000000E+000  0.00000000E+000  0.93656147E-001  0.19280524E+001  0.12495534E+002  0.31285038E+002  0.78610271E+002  0.15881805E+003
  0.00000000E+000  0.00000000E+000  0.00000000E+000  0.00000000E+000  0.00000000E+000  0.93656580E-001  0.19280658E+001  0.12495700E+002  0.31285407E+002  0.78612588E+002  0.15882307E+003
  0.00000000E+000  0.00000000E+000  0.00000000E+000  0.00000000E+000  0.00000000E+000  0.93656996E-001  0.19280788E+001  0.12495862E+002  0.31285767E+002  0.78614859E+002  0.15882801E+003
  0.00000000E+000  0.00000000E+000  0.00000000E+000  0.00000000E+000  0.00000000E+000  0.93657396E-001  0.19280912E+001  0.12496017E+002  0.31286116E+002  0.78617085E+002  0.15883289E+003
  0.00000000E+000  0.00000000E+000  0.00000000E+000  0.00000000E+000  0.00000000E+000  0.93657779E-001  0.19281032E+001  0.12496168E+002  0.31286456E+002  0.78619265E+002  0.15883770E+003
  0.00000000E+000  0.00000000E+000  0.00000000E+000  0.00000000E+000  0.00000000E+000  0.93658146E-001  0.19281147E+001  0.12496313E+002  0.31286787E+002  0.78621399E+002  0.15884243E+003
  0.00000000E+000  0.00000000E+000  0.00000000E+000  0.00000000E+000  0.00000000E+000  0.93658497E-001  0.19281258E+001  0.12496454E+002  0.31287108E+002  0.78623487E+002  0.15884709E+003
  0.00000000E+000  0.00000000E+000  0.00000000E+000  0.00000000E+000  0.00000000E+000  0.93658832E-001  0.19281363E+001  0.12496589E+002  0.31287420E+002  0.78625529E+002  0.15885167E+003
  0.00000000E+000  0.00000000E+000  0.00000000E+000  0.00000000E+000  0.00000000E+000  0.93659151E-001  0.19281465E+001  0.12496720E+002  0.31287722E+002  0.78627526E+002  0.15885617E+003
  0.00000000E+000  0.00000000E+000  0.00000000E+000  0.00000000E+000  0.00000000E+000  0.93659455E-001  0.19281562E+001  0.12496846E+002  0.31288016E+002  0.78629477E+002  0.15886060E+003
  0.00000000E+000  0.00000000E+000  0.00000000E+000  0.00000000E+000  0.00000000E+000  0.93659744E-001  0.19281656E+001  0.12496967E+002  0.31288300E+002  0.78631382E+002  0.15886494E+003
  0.00000000E+000  0.00000000E+000  0.00000000E+000  0.00000000E+000  0.00000000E+000  0.93660017E-001  0.19281745E+001  0.12497085E+002  0.31288576E+002  0.78633242E+002  0.15886921E+003
  0.00000000E+000  0.00000000E+000  0.00000000E+000  0.00000000E+000  0.00000000E+000  0.93660276E-001  0.19281830E+001  0.12497197E+002  0.31288843E+002  0.78635057E+002  0.15887340E+003
  0.00000000E+000  0.00000000E+000  0.00000000E+000  0.00000000E+000  0.00000000E+000  0.93660521E-001  0.19281912E+001  0.12497306E+002  0.31289102E+002  0.78636827E+002  0.15887750E+003
  0.00000000E+000  0.00000000E+000  0.00000000E+000  0.00000000E+000  0.00000000E+000  0.93660751E-001  0.19281989E+001  0.12497410E+002  0.31289353E+002  0.78638552E+002  0.15888152E+003
  0.00000000E+000  0.00000000E+000  0.00000000E+000  0.00000000E+000  0.00000000E+000  0.93660968E-001  0.19282064E+001  0.12497511E+002  0.31289595E+002  0.78640233E+002  0.15888546E+003
  0.00000000E+000  0.00000000E+000  0.00000000E+000  0.00000000E+000  0.00000000E+000  0.93661171E-001  0.19282134E+001  0.12497607E+002  0.31289829E+002  0.78641870E+002  0.15888932E+003
  0.00000000E+000  0.00000000E+000  0.00000000E+000  0.00000000E+000  0.00000000E+000  0.93661361E-001  0.19282202E+001  0.12497700E+002  0.31290056E+002  0.78643463E+002  0.15889310E+003
  0.00000000E+000  0.00000000E+000  0.00000000E+000  0.00000000E+000  0.00000000E+000  0.93661538E-001  0.19282266E+001  0.12497789E+002  0.31290275E+002  0.78645014E+002  0.15889679E+003
  0.00000000E+000  0.00000000E+000  0.00000000E+000  0.00000000E+000  0.00000000E+000  0.93661703E-001  0.19282327E+001  0.12497874E+002  0.31290486E+002  0.78646522E+002  0.15890040E+003
  0.00000000E+000  0.00000000E+000  0.00000000E+000  0.00000000E+000  0.00000000E+000  0.93661855E-001  0.19282384E+001  0.12497956E+002  0.31290690E+002  0.78647987E+002  0.15890392E+003
  0.00000000E+000  0.00000000E+000  0.00000000E+000  0.00000000E+000  0.00000000E+000  0.93661996E-001  0.19282439E+001  0.12498035E+002  0.31290887E+002  0.78649411E+002  0.15890737E+003
  0.00000000E+000  0.00000000E+000  0.00000000E+000  0.00000000E+000  0.00000000E+000  0.93662125E-001  0.19282491E+001  0.12498110E+002  0.31291077E+002  0.78650795E+002  0.15891073E+003
  0.00000000E+000  0.00000000E+000  0.00000000E+000  0.00000000E+000  0.00000000E+000  0.93662244E-001  0.19282540E+001  0.12498182E+002  0.31291260E+002  0.78652137E+002  0.15891401E+003
  0.00000000E+000  0.00000000E+000  0.00000000E+000  0.00000000E+000  0.00000000E+000  0.93662352E-001  0.19282586E+001  0.12498251E+002  0.31291437E+002  0.78653440E+002  0.15891721E+003
  0.00000000E+000  0.00000000E+000  0.00000000E+000  0.00000000E+000  0.00000000E+000  0.93662449E-001  0.19282630E+001  0.12498317E+002  0.31291606E+002  0.78654703E+002  0.15892033E+003
  0.00000000E+000  0.00000000E+000  0.00000000E+000  0.00000000E+000  0.00000000E+000  0.93662537E-001  0.19282671E+001  0.12498380E+002  0.31291770E+002  0.78655928E+002  0.15892337E+003
  0.00000000E+000  0.00000000E+000  0.00000000E+000  0.00000000E+000  0.00000000E+000  0.93662615E-001  0.19282709E+001  0.12498441E+002  0.31291927E+002  0.78657115E+002  0.15892633E+003
  0.00000000E+000  0.00000000E+000  0.00000000E+000  0.00000000E+000  0.00000000E+000  0.93662683E-001  0.19282746E+001  0.12498498E+002  0.31292079E+002  0.78658264E+002  0.15892922E+003
  0.00000000E+000  0.00000000E+000  0.00000000E+000  0.00000000E+000  0.00000000E+000  0.93662743E-001  0.19282780E+001  0.12498553E+002  0.31292224E+002  0.78659377E+002  0.15893202E+003
  0.00000000E+000  0.00000000E+000  0.00000000E+000  0.00000000E+000  0.00000000E+000  0.93662794E-001  0.19282811E+001  0.12498605E+002  0.31292364E+002  0.78660454E+002  0.15893475E+003
  0.00000000E+000  0.00000000E+000  0.00000000E+000  0.00000000E+000  0.00000000E+000  0.93662836E-001  0.19282841E+001  0.12498655E+002  0.31292498E+002  0.78661495E+002  0.15893740E+003
  0.00000000E+000  0.00000000E+000  0.00000000E+000  0.00000000E+000  0.00000000E+000  0.93662871E-001  0.19282868E+001  0.12498702E+002  0.31292626E+002  0.78662502E+002  0.15893997E+003
  0.00000000E+000  0.00000000E+000  0.00000000E+000  0.00000000E+000  0.00000000E+000  0.93662897E-001  0.19282893E+001  0.12498748E+002  0.31292750E+002  0.78663474E+002  0.15894247E+003
  0.00000000E+000  0.00000000E+000  0.00000000E+000  0.00000000E+000  0.00000000E+000  0.93662915E-001  0.19282917E+001  0.12498790E+002  0.31292868E+002  0.78664414E+002  0.15894490E+003
  0.00000000E+000  0.00000000E+000  0.00000000E+000  0.00000000E+000  0.00000000E+000  0.93662926E-001  0.19282938E+001  0.12498831E+002  0.31292982E+002  0.78665321E+002  0.15894726E+003
  0.00000000E+000  0.00000000E+000  0.00000000E+000  0.00000000E+000  0.00000000E+000  0.93662929E-001  0.19282958E+001  0.12498870E+002  0.31293090E+002  0.78666197E+002  0.15894955E+003
  0.00000000E+000  0.00000000E+000  0.00000000E+000  0.00000000E+000  0.00000000E+000  0.93662924E-001  0.19282976E+001  0.12498906E+002  0.31293194E+002  0.78667041E+002  0.15895176E+003
  0.00000000E+000  0.00000000E+000  0.00000000E+000  0.00000000E+000  0.00000000E+000  0.93662911E-001  0.19282992E+001  0.12498941E+002  0.31293294E+002  0.78667855E+002  0.15895391E+003
  0.00000000E+000  0.00000000E+000  0.00000000E+000  0.00000000E+000  0.00000000E+000  0.93662891E-001  0.19283007E+001  0.12498974E+002  0.31293389E+002  0.78668640E+002  0.15895599E+003
  0.00000000E+000  0.00000000E+000  0.00000000E+000  0.00000000E+000  0.00000000E+000  0.93662863E-001  0.19283019E+001  0.12499004E+002  0.31293480E+002  0.78669395E+002  0.15895800E+003
  0.00000000E+000  0.00000000E+000  0.00000000E+000  0.00000000E+000  0.00000000E+000  0.93662827E-001  0.19283030E+001  0.12499033E+002  0.31293566E+002  0.78670123E+002  0.15895995E+003
  0.00000000E+000  0.00000000E+000  0.00000000E+000  0.00000000E+000  0.00000000E+000  0.93662787E-001  0.19283040E+001  0.12499061E+002  0.31293649E+002  0.78670826E+002  0.15896184E+003
