 -0.57432092E+000 -0.43190780E+000 -0.11426195E+000 -0.56729871E-002 -0.39447190E-002 -0.10642722E-002  0.10817903E-002  0.96014761E+000  0.25658122E+001  0.51504776E+001  0.73807482E+001
 -0.57450253E+000 -0.43221527E+000 -0.11470425E+000 -0.56765532E-002 -0.39591743E-002 -0.10968761E-002  0.10766100E-002  0.95877081E+000  0.25639199E+001  0.51468214E+001  0.73767098E+001
 -0.57462344E+000 -0.43244258E+000 -0.11502845E+000 -0.56774383E-002 -0.39598771E-002 -0.10972750E-002  0.10756652E-002  0.95767069E+000  0.25623711E+001  0.51437438E+001  0.73732857E+001
 -0.57469802E+000 -0.43260146E+000 -0.11526247E+000 -0.56777991E-002 -0.39589663E-002 -0.10942451E-002  0.10755895E-002  0.95679841E+000  0.25611368E+001  0.51412266E+001  0.73704568E+001
 -0.57473905E+000 -0.43270477E+000 -0.11542643E+000 -0.56779473E-002 -0.39578862E-002 -0.10911175E-002  0.10757309E-002  0.95611363E+000  0.25601728E+001  0.51392219E+001  0.73681738E+001
 -0.57475670E+000 -0.43276474E+000 -0.11553532E+000 -0.56779656E-002 -0.39568401E-002 -0.10882975E-002  0.10759355E-002  0.95558432E+000  0.25594342E+001  0.51376719E+001  0.73663801E+001
 -0.57475856E+000 -0.43279186E+000 -0.11560078E+000 -0.56778952E-002 -0.39558633E-002 -0.10858103E-002  0.10761606E-002  0.95518462E+000  0.25588820E+001  0.51365167E+001  0.73650190E+001
 -0.57475012E+000 -0.43279489E+000 -0.11563213E+000 -0.56777634E-002 -0.39549621E-002 -0.10836266E-002  0.10763906E-002  0.95489312E+000  0.25584834E+001  0.51356985E+001  0.73640353E+001
 -0.57473531E+000 -0.43278078E+000 -0.11563691E+000 -0.56775896E-002 -0.39541328E-002 -0.10817048E-002  0.10766180E-002  0.95469191E+000  0.25582115E+001  0.51351635E+001  0.73633769E+001
 -0.57471685E+000 -0.43275490E+000 -0.11562128E+000 -0.56773886E-002 -0.39533739E-002 -0.10800162E-002  0.10768380E-002  0.95456591E+000  0.25580444E+001  0.51348640E+001  0.73629957E+001
 -0.57469660E+000 -0.43272135E+000 -0.11559029E+000 -0.56771716E-002 -0.39526853E-002 -0.10785413E-002  0.10770484E-002  0.95450239E+000  0.25579645E+001  0.51347587E+001  0.73628480E+001
 -0.57467580E+000 -0.43268317E+000 -0.11554804E+000 -0.56769467E-002 -0.39520613E-002 -0.10772523E-002  0.10772482E-002  0.95449067E+000  0.25579569E+001  0.51348121E+001  0.73628948E+001
 -0.57465527E+000 -0.43264264E+000 -0.11549786E+000 -0.56767206E-002 -0.39514964E-002 -0.10761226E-002  0.10774371E-002  0.95452178E+000  0.25580094E+001  0.51349948E+001  0.73631017E+001
 -0.57463550E+000 -0.43260138E+000 -0.11544242E+000 -0.56764975E-002 -0.39509854E-002 -0.10751320E-002  0.10776154E-002  0.95458822E+000  0.25581118E+001  0.51352819E+001  0.73634389E+001
 -0.57461679E+000 -0.43256056E+000 -0.11538389E+000 -0.56762800E-002 -0.39505234E-002 -0.10742622E-002  0.10777837E-002  0.95468372E+000  0.25582555E+001  0.51356529E+001  0.73638810E+001
 -0.57459928E+000 -0.43252097E+000 -0.11532396E+000 -0.56760703E-002 -0.39501053E-002 -0.10734969E-002  0.10779427E-002  0.95480306E+000  0.25584334E+001  0.51360907E+001  0.73644063E+001
 -0.57458301E+000 -0.43248314E+000 -0.11526395E+000 -0.56758696E-002 -0.39497268E-002 -0.10728221E-002  0.10780932E-002  0.95494188E+000  0.25586392E+001  0.51365813E+001  0.73649964E+001
 -0.57456798E+000 -0.43244738E+000 -0.11520487E+000 -0.56756789E-002 -0.39493838E-002 -0.10722255E-002  0.10782360E-002  0.95509654E+000  0.25588679E+001  0.51371129E+001  0.73656360E+001
 -0.57455415E+000 -0.43241387E+000 -0.11514749E+000 -0.56754986E-002 -0.39490729E-002 -0.10716966E-002  0.10783721E-002  0.95526400E+000  0.25591151E+001  0.51376755E+001  0.73663121E+001
 -0.57454143E+000 -0.43238266E+000 -0.11509235E+000 -0.56753292E-002 -0.39487906E-002 -0.10712264E-002  0.10785020E-002  0.95544170E+000  0.25593770E+001  0.51382610E+001  0.73670139E+001
 -0.57452975E+000 -0.43235375E+000 -0.11503985E+000 -0.56751705E-002 -0.39485342E-002 -0.10708070E-002  0.10786267E-002  0.95562750E+000  0.25596504E+001  0.51388623E+001  0.73677323E+001
 -0.57451902E+000 -0.43232706E+000 -0.11499022E+000 -0.56750226E-002 -0.39483010E-002 -0.10704315E-002  0.10787466E-002  0.95581957E+000  0.25599325E+001  0.51394736E+001  0.73684599E+001
 -0.57450917E+000 -0.43230249E+000 -0.11494361E+000 -0.56748852E-002 -0.39480886E-002 -0.10700942E-002  0.10788623E-002  0.95601634E+000  0.25602208E+001  0.51400897E+001  0.73691901E+001
 -0.57450011E+000 -0.43227991E+000 -0.11490005E+000 -0.56747578E-002 -0.39478948E-002 -0.10697899E-002  0.10789744E-002  0.95621646E+000  0.25605133E+001  0.51407064E+001  0.73699175E+001
 -0.57449176E+000 -0.43225919E+000 -0.11485953E+000 -0.56746401E-002 -0.39477179E-002 -0.10695142E-002  0.10790832E-002  0.95641876E+000  0.25608081E+001  0.51413197E+001  0.73706376E+001
 -0.57448406E+000 -0.43224019E+000 -0.11482199E+000 -0.56745316E-002 -0.39475560E-002 -0.10692633E-002  0.10791892E-002  0.95662217E+000  0.25611033E+001  0.51419265E+001  0.73713463E+001
 -0.57447694E+000 -0.43222277E+000 -0.11478731E+000 -0.56744318E-002 -0.39474077E-002 -0.10690341E-002  0.10792926E-002  0.95682575E+000  0.25613976E+001  0.51425238E+001  0.73720403E+001
 -0.57447034E+000 -0.43220678E+000 -0.11475535E+000 -0.56743402E-002 -0.39472715E-002 -0.10688236E-002  0.10793936E-002  0.95702865E+000  0.25616896E+001  0.51431091E+001  0.73727165E+001
 -0.57446421E+000 -0.43219210E+000 -0.11472596E+000 -0.56742561E-002 -0.39471461E-002 -0.10686294E-002  0.10794926E-002  0.95723005E+000  0.25619778E+001  0.51436801E+001  0.73733725E+001
 -0.57445850E+000 -0.43217861E+000 -0.11469898E+000 -0.56741790E-002 -0.39470305E-002 -0.10684495E-002  0.10795895E-002  0.95742920E+000  0.25622613E+001  0.51442347E+001  0.73740060E+001
 -0.57445318E+000 -0.43216618E+000 -0.11467422E+000 -0.56741085E-002 -0.39469236E-002 -0.10682821E-002  0.10796846E-002  0.95762539E+000  0.25625388E+001  0.51447711E+001  0.73746150E+001
 -0.57444820E+000 -0.43215471E+000 -0.11465153E+000 -0.56740439E-002 -0.39468245E-002 -0.10681256E-002  0.10797778E-002  0.95781794E+000  0.25628093E+001  0.51452877E+001  0.73751979E+001
 -0.57444352E+000 -0.43214410E+000 -0.11463071E+000 -0.56739848E-002 -0.39467325E-002 -0.10679788E-002  0.10798692E-002  0.95800619E+000  0.25630719E+001  0.51457831E+001  0.73757532E+001
 -0.57443913E+000 -0.43213428E+000 -0.11461163E+000 -0.56739306E-002 -0.39466469E-002 -0.10678407E-002  0.10799587E-002  0.95818951E+000  0.25633257E+001  0.51462561E+001  0.73762798E+001
 -0.57443500E+000 -0.43212516E+000 -0.11459411E+000 -0.56738810E-002 -0.39465670E-002 -0.10677103E-002  0.10800462E-002  0.95836729E+000  0.25635699E+001  0.51467055E+001  0.73767767E+001
 -0.57443110E+000 -0.43211667E+000 -0.11457801E+000 -0.56738355E-002 -0.39464923E-002 -0.10675871E-002  0.10801317E-002  0.95853897E+000  0.25638037E+001  0.51471304E+001  0.73772432E+001
 -0.57442741E+000 -0.43210875E+000 -0.11456321E+000 -0.56737937E-002 -0.39464225E-002 -0.10674705E-002  0.10802150E-002  0.95870402E+000  0.25640266E+001  0.51475303E+001  0.73776789E+001
 -0.57442392E+000 -0.43210135E+000 -0.11454957E+000 -0.56737553E-002 -0.39463571E-002 -0.10673601E-002  0.10802959E-002  0.95886192E+000  0.25642379E+001  0.51479046E+001  0.73780836E+001
 -0.57442062E+000 -0.43209442E+000 -0.11453699E+000 -0.56737200E-002 -0.39462958E-002 -0.10672555E-002  0.10803742E-002  0.95901225E+000  0.25644372E+001  0.51482531E+001  0.73784573E+001
 -0.57441749E+000 -0.43208793E+000 -0.11452538E+000 -0.56736875E-002 -0.39462384E-002 -0.10671566E-002  0.10804497E-002  0.95915461E+000  0.25646242E+001  0.51485757E+001  0.73788006E+001
 -0.57441453E+000 -0.43208184E+000 -0.11451464E+000 -0.56736575E-002 -0.39461847E-002 -0.10670633E-002  0.10805221E-002  0.95928868E+000  0.25647986E+001  0.51488726E+001  0.73791139E+001
 -0.57441173E+000 -0.43207612E+000 -0.11450470E+000 -0.56736299E-002 -0.39461345E-002 -0.10669754E-002  0.10805914E-002  0.95941420E+000  0.25649602E+001  0.51491443E+001  0.73793982E+001
 -0.57440908E+000 -0.43207075E+000 -0.11449549E+000 -0.56736045E-002 -0.39460876E-002 -0.10668928E-002  0.10806571E-002  0.95953102E+000  0.25651092E+001  0.51493913E+001  0.73796547E+001
 -0.57440657E+000 -0.43206570E+000 -0.11448694E+000 -0.56735810E-002 -0.39460440E-002 -0.10668156E-002  0.10807192E-002  0.95963905E+000  0.25652456E+001  0.51496146E+001  0.73798846E+001
 -0.57440421E+000 -0.43206096E+000 -0.11447902E+000 -0.56735594E-002 -0.39460035E-002 -0.10667437E-002  0.10807776E-002  0.95973831E+000  0.25653697E+001  0.51498151E+001  0.73800895E+001
 -0.57440198E+000 -0.43205651E+000 -0.11447166E+000 -0.56735395E-002 -0.39459661E-002 -0.10666769E-002  0.10808319E-002  0.95982890E+000  0.25654818E+001  0.51499942E+001  0.73802711E+001
 -0.57439988E+000 -0.43205233E+000 -0.11446482E+000 -0.56735212E-002 -0.39459314E-002 -0.10666152E-002  0.10808823E-002  0.95991102E+000  0.25655826E+001  0.51501531E+001  0.73804312E+001
 -0.57439790E+000 -0.43204841E+000 -0.11445847E+000 -0.56735042E-002 -0.39458996E-002 -0.10665584E-002  0.10809286E-002  0.95998497E+000  0.25656725E+001  0.51502935E+001  0.73805717E+001
 -0.57439604E+000 -0.43204472E+000 -0.11445257E+000 -0.56734887E-002 -0.39458703E-002 -0.10665062E-002  0.10809708E-002  0.96005111E+000  0.25657522E+001  0.51504168E+001  0.73806944E+001
 -0.57439429E+000 -0.43204126E+000 -0.11444707E+000 -0.56734743E-002 -0.39458434E-002 -0.10664585E-002  0.10810091E-002  0.96010989E+000  0.25658226E+001  0.51505247E+001  0.73808013E+001
 -0.57439265E+000 -0.43203801E+000 -0.11444194E+000 -0.56734610E-002 -0.39458187E-002 -0.10664148E-002  0.10810435E-002  0.96016182E+000  0.25658843E+001  0.51506188E+001  0.73808941E+001
 -0.57439110E+000 -0.43203495E+000 -0.11443716E+000 -0.56734488E-002 -0.39457961E-002 -0.10663750E-002  0.10810743E-002  0.96020744E+000  0.25659383E+001  0.51507006E+001  0.73809746E+001
 -0.57438964E+000 -0.43203206E+000 -0.11443268E+000 -0.56734374E-002 -0.39457753E-002 -0.10663385E-002  0.10811015E-002  0.96024733E+000  0.25659853E+001  0.51507717E+001  0.73810443E+001
 -0.57438826E+000 -0.43202933E+000 -0.11442848E+000 -0.56734268E-002 -0.39457562E-002 -0.10663051E-002  0.10811256E-002  0.96028208E+000  0.25660262E+001  0.51508334E+001  0.73811048E+001
 -0.57438695E+000 -0.43202674E+000 -0.11442453E+000 -0.56734170E-002 -0.39457385E-002 -0.10662743E-002  0.10811466E-002  0.96031228E+000  0.25660617E+001  0.51508871E+001  0.73811574E+001
 -0.57438570E+000 -0.43202428E+000 -0.11442079E+000 -0.56734077E-002 -0.39457219E-002 -0.10662456E-002  0.10811651E-002  0.96033849E+000  0.25660926E+001  0.51509339E+001  0.73812033E+001
 -0.57438451E+000 -0.43202193E+000 -0.11441725E+000 -0.56733990E-002 -0.39457064E-002 -0.10662188E-002  0.10811812E-002  0.96036123E+000  0.25661195E+001  0.51509748E+001  0.73812434E+001
 -0.57438336E+000 -0.43201967E+000 -0.11441388E+000 -0.56733907E-002 -0.39456917E-002 -0.10661934E-002  0.10811953E-002  0.96038100E+000  0.25661429E+001  0.51510107E+001  0.73812787E+001
 -0.57438225E+000 -0.43201749E+000 -0.11441065E+000 -0.56733829E-002 -0.39456777E-002 -0.10661691E-002  0.10812076E-002  0.96039823E+000  0.25661635E+001  0.51510424E+001  0.73813100E+001
 -0.57438118E+000 -0.43201539E+000 -0.11440755E+000 -0.56733753E-002 -0.39456642E-002 -0.10661456E-002  0.10812184E-002  0.96041331E+000  0.25661816E+001  0.51510705E+001  0.73813377E+001
 -0.57438012E+000 -0.43201335E+000 -0.11440455E+000 -0.56733680E-002 -0.39456510E-002 -0.10661225E-002  0.10812280E-002  0.96042657E+000  0.25661975E+001  0.51510956E+001  0.73813625E+001
 -0.57437909E+000 -0.43201135E+000 -0.11440166E+000 -0.56733609E-002 -0.39456380E-002 -0.10660998E-002  0.10812365E-002  0.96043827E+000  0.25662117E+001  0.51511179E+001  0.73813846E+001
 -0.57437808E+000 -0.43200940E+000 -0.11439884E+000 -0.56733540E-002 -0.39456252E-002 -0.10660771E-002  0.10812443E-002  0.96044865E+000  0.25662244E+001  0.51511380E+001  0.73814044E+001
 -0.57437708E+000 -0.43200748E+000 -0.11439610E+000 -0.56733473E-002 -0.39456124E-002 -0.10660543E-002  0.10812514E-002  0.96045789E+000  0.25662356E+001  0.51511559E+001  0.73814221E+001
 -0.57437609E+000 -0.43200560E+000 -0.11439342E+000 -0.56733407E-002 -0.39455997E-002 -0.10660313E-002  0.10812579E-002  0.96046611E+000  0.25662457E+001  0.51511719E+001  0.73814379E+001
 -0.57437510E+000 -0.43200374E+000 -0.11439080E+000 -0.56733342E-002 -0.39455869E-002 -0.10660079E-002  0.10812641E-002  0.96047343E+000  0.25662546E+001  0.51511861E+001  0.73814518E+001
 -0.57437413E+000 -0.43200191E+000 -0.11438823E+000 -0.56733278E-002 -0.39455740E-002 -0.10659842E-002  0.10812699E-002  0.96047993E+000  0.25662625E+001  0.51511986E+001  0.73814640E+001
 -0.57437316E+000 -0.43200010E+000 -0.11438571E+000 -0.56733215E-002 -0.39455610E-002 -0.10659601E-002  0.10812755E-002  0.96048566E+000  0.25662694E+001  0.51512094E+001  0.73814745E+001
 -0.57437219E+000 -0.43199831E+000 -0.11438324E+000 -0.56733153E-002 -0.39455479E-002 -0.10659356E-002  0.10812808E-002  0.96049066E+000  0.25662753E+001  0.51512187E+001  0.73814834E+001
 -0.57437123E+000 -0.43199654E+000 -0.11438081E+000 -0.56733091E-002 -0.39455347E-002 -0.10659105E-002  0.10812860E-002  0.96049495E+000  0.25662803E+001  0.51512264E+001  0.73814906E+001
 -0.57437028E+000 -0.43199479E+000 -0.11437843E+000 -0.56733030E-002 -0.39455213E-002 -0.10658851E-002  0.10812910E-002  0.96049857E+000  0.25662844E+001  0.51512325E+001  0.73814962E+001
 -0.57436933E+000 -0.43199307E+000 -0.11437609E+000 -0.56732970E-002 -0.39455079E-002 -0.10658592E-002  0.10812959E-002  0.96050152E+000  0.25662877E+001  0.51512372E+001  0.73815002E+001
 -0.57436839E+000 -0.43199136E+000 -0.11437379E+000 -0.56732911E-002 -0.39454943E-002 -0.10658329E-002  0.10813007E-002  0.96050381E+000  0.25662900E+001  0.51512403E+001  0.73815027E+001
 -0.57436745E+000 -0.43198968E+000 -0.11437154E+000 -0.56732853E-002 -0.39454807E-002 -0.10658063E-002  0.10813054E-002  0.96050546E+000  0.25662915E+001  0.51512419E+001  0.73815036E+001
 -0.57436652E+000 -0.43198802E+000 -0.11436932E+000 -0.56732795E-002 -0.39454669E-002 -0.10657793E-002  0.10813100E-002  0.96050648E+000  0.25662921E+001  0.51512421E+001  0.73815030E+001
 -0.57436560E+000 -0.43198638E+000 -0.11436716E+000 -0.56732738E-002 -0.39454532E-002 -0.10657521E-002  0.10813146E-002  0.96050688E+000  0.25662920E+001  0.51512409E+001  0.73815009E+001
 -0.57436469E+000 -0.43198477E+000 -0.11436503E+000 -0.56732681E-002 -0.39454393E-002 -0.10657246E-002  0.10813190E-002  0.96050669E+000  0.25662910E+001  0.51512383E+001  0.73814974E+001
 -0.57436378E+000 -0.43198317E+000 -0.11436294E+000 -0.56732626E-002 -0.39454255E-002 -0.10656969E-002  0.10813234E-002  0.96050591E+000  0.25662893E+001  0.51512345E+001  0.73814926E+001
 -0.57436289E+000 -0.43198160E+000 -0.11436089E+000 -0.56732571E-002 -0.39454116E-002 -0.10656690E-002  0.10813278E-002  0.96050458E+000  0.25662868E+001  0.51512293E+001  0.73814865E+001
 -0.57436200E+000 -0.43198005E+000 -0.11435888E+000 -0.56732517E-002 -0.39453977E-002 -0.10656410E-002  0.10813321E-002  0.96050271E+000  0.25662836E+001  0.51512230E+001  0.73814792E+001
 -0.57436112E+000 -0.43197853E+000 -0.11435691E+000 -0.56732464E-002 -0.39453838E-002 -0.10656129E-002  0.10813364E-002  0.96050035E+000  0.25662798E+001  0.51512156E+001  0.73814708E+001
 -0.57436025E+000 -0.43197703E+000 -0.11435497E+000 -0.56732411E-002 -0.39453700E-002 -0.10655848E-002  0.10813406E-002  0.96049750E+000  0.25662753E+001  0.51512072E+001  0.73814614E+001
 -0.57435939E+000 -0.43197554E+000 -0.11435306E+000 -0.56732359E-002 -0.39453562E-002 -0.10655566E-002  0.10813448E-002  0.96049421E+000  0.25662703E+001  0.51511978E+001  0.73814510E+001
 -0.57435854E+000 -0.43197408E+000 -0.11435119E+000 -0.56732308E-002 -0.39453425E-002 -0.10655285E-002  0.10813490E-002  0.96049051E+000  0.25662648E+001  0.51511876E+001  0.73814398E+001
 -0.57435770E+000 -0.43197264E+000 -0.11434935E+000 -0.56732258E-002 -0.39453288E-002 -0.10655004E-002  0.10813532E-002  0.96048643E+000  0.25662587E+001  0.51511766E+001  0.73814278E+001
 -0.57435687E+000 -0.43197122E+000 -0.11434754E+000 -0.56732208E-002 -0.39453152E-002 -0.10654725E-002  0.10813574E-002  0.96048201E+000  0.25662522E+001  0.51511648E+001  0.73814152E+001
 -0.57435605E+000 -0.43196981E+000 -0.11434575E+000 -0.56732159E-002 -0.39453017E-002 -0.10654447E-002  0.10813616E-002  0.96047727E+000  0.25662454E+001  0.51511525E+001  0.73814020E+001
 -0.57435524E+000 -0.43196843E+000 -0.11434399E+000 -0.56732110E-002 -0.39452883E-002 -0.10654170E-002  0.10813658E-002  0.96047224E+000  0.25662381E+001  0.51511397E+001  0.73813883E+001
 -0.57435444E+000 -0.43196706E+000 -0.11434225E+000 -0.56732062E-002 -0.39452750E-002 -0.10653895E-002  0.10813700E-002  0.96046697E+000  0.25662306E+001  0.51511264E+001  0.73813742E+001
 -0.57435364E+000 -0.43196571E+000 -0.11434054E+000 -0.56732014E-002 -0.39452618E-002 -0.10653623E-002  0.10813743E-002  0.96046148E+000  0.25662228E+001  0.51511127E+001  0.73813598E+001
 -0.57435286E+000 -0.43196438E+000 -0.11433885E+000 -0.56731967E-002 -0.39452487E-002 -0.10653353E-002  0.10813786E-002  0.96045580E+000  0.25662148E+001  0.51510987E+001  0.73813451E+001
 -0.57435209E+000 -0.43196306E+000 -0.11433718E+000 -0.56731921E-002 -0.39452358E-002 -0.10653086E-002  0.10813830E-002  0.96044996E+000  0.25662066E+001  0.51510845E+001  0.73813303E+001
 -0.57435132E+000 -0.43196176E+000 -0.11433552E+000 -0.56731875E-002 -0.39452230E-002 -0.10652822E-002  0.10813874E-002  0.96044399E+000  0.25661982E+001  0.51510701E+001  0.73813153E+001
 -0.57435057E+000 -0.43196048E+000 -0.11433389E+000 -0.56731830E-002 -0.39452104E-002 -0.10652560E-002  0.10813918E-002  0.96043791E+000  0.25661898E+001  0.51510556E+001  0.73813004E+001
 -0.57434982E+000 -0.43195921E+000 -0.11433227E+000 -0.56731785E-002 -0.39451979E-002 -0.10652303E-002  0.10813964E-002  0.96043175E+000  0.25661812E+001  0.51510411E+001  0.73812854E+001
 -0.57434908E+000 -0.43195795E+000 -0.11433067E+000 -0.56731740E-002 -0.39451856E-002 -0.10652048E-002  0.10814009E-002  0.96042552E+000  0.25661726E+001  0.51510265E+001  0.73812705E+001
 -0.57434836E+000 -0.43195671E+000 -0.11432909E+000 -0.56731696E-002 -0.39451735E-002 -0.10651798E-002  0.10814056E-002  0.96041925E+000  0.25661640E+001  0.51510120E+001  0.73812557E+001
 -0.57434764E+000 -0.43195549E+000 -0.11432752E+000 -0.56731653E-002 -0.39451615E-002 -0.10651551E-002  0.10814103E-002  0.96041296E+000  0.25661554E+001  0.51509975E+001  0.73812411E+001
 -0.57434693E+000 -0.43195428E+000 -0.11432597E+000 -0.56731610E-002 -0.39451497E-002 -0.10651308E-002  0.10814150E-002  0.96040666E+000  0.25661468E+001  0.51509832E+001  0.73812266E+001
 -0.57434623E+000 -0.43195309E+000 -0.11432443E+000 -0.56731567E-002 -0.39451381E-002 -0.10651070E-002  0.10814198E-002  0.96040038E+000  0.25661382E+001  0.51509690E+001  0.73812124E+001
 -0.57434554E+000 -0.43195191E+000 -0.11432292E+000 -0.56731525E-002 -0.39451267E-002 -0.10650835E-002  0.10814247E-002  0.96039412E+000  0.25661297E+001  0.51509550E+001  0.73811984E+001
 -0.57434486E+000 -0.43195075E+000 -0.11432141E+000 -0.56731484E-002 -0.39451154E-002 -0.10650605E-002  0.10814297E-002  0.96038790E+000  0.25661213E+001  0.51509412E+001  0.73811846E+001
 -0.57434420E+000 -0.43194960E+000 -0.11431993E+000 -0.56731443E-002 -0.39451044E-002 -0.10650378E-002  0.10814347E-002  0.96038172E+000  0.25661129E+001  0.51509276E+001  0.73811712E+001
 -0.57434354E+000 -0.43194847E+000 -0.11431846E+000 -0.56731403E-002 -0.39450935E-002 -0.10650156E-002  0.10814397E-002  0.96037561E+000  0.25661047E+001  0.51509143E+001  0.73811580E+001
 -0.57434289E+000 -0.43194735E+000 -0.11431700E+000 -0.56731363E-002 -0.39450829E-002 -0.10649939E-002  0.10814448E-002  0.96036956E+000  0.25660966E+001  0.51509012E+001  0.73811451E+001
 -0.57434225E+000 -0.43194625E+000 -0.11431557E+000 -0.56731323E-002 -0.39450724E-002 -0.10649725E-002  0.10814500E-002  0.96036359E+000  0.25660886E+001  0.51508884E+001  0.73811326E+001
 -0.57434163E+000 -0.43194517E+000 -0.11431415E+000 -0.56731284E-002 -0.39450622E-002 -0.10649517E-002  0.10814552E-002  0.96035770E+000  0.25660807E+001  0.51508759E+001  0.73811204E+001
 -0.57434101E+000 -0.43194410E+000 -0.11431275E+000 -0.56731246E-002 -0.39450521E-002 -0.10649312E-002  0.10814605E-002  0.96035190E+000  0.25660730E+001  0.51508636E+001  0.73811084E+001
 -0.57434041E+000 -0.43194306E+000 -0.11431136E+000 -0.56731208E-002 -0.39450422E-002 -0.10649112E-002  0.10814658E-002  0.96034620E+000  0.25660654E+001  0.51508516E+001  0.73810969E+001
 -0.57433981E+000 -0.43194202E+000 -0.11431000E+000 -0.56731171E-002 -0.39450326E-002 -0.10648916E-002  0.10814711E-002  0.96034059E+000  0.25660580E+001  0.51508400E+001  0.73810856E+001
 -0.57433923E+000 -0.43194101E+000 -0.11430866E+000 -0.56731135E-002 -0.39450231E-002 -0.10648725E-002  0.10814765E-002  0.96033509E+000  0.25660507E+001  0.51508286E+001  0.73810746E+001
 -0.57433866E+000 -0.43194001E+000 -0.11430733E+000 -0.56731099E-002 -0.39450138E-002 -0.10648538E-002  0.10814819E-002  0.96032968E+000  0.25660436E+001  0.51508175E+001  0.73810640E+001
 -0.57433810E+000 -0.43193904E+000 -0.11430603E+000 -0.56731063E-002 -0.39450048E-002 -0.10648355E-002  0.10814874E-002  0.96032439E+000  0.25660367E+001  0.51508067E+001  0.73810537E+001
 -0.57433756E+000 -0.43193808E+000 -0.11430475E+000 -0.56731028E-002 -0.39449959E-002 -0.10648176E-002  0.10814928E-002  0.96031920E+000  0.25660299E+001  0.51507961E+001  0.73810437E+001
 -0.57433702E+000 -0.43193714E+000 -0.11430349E+000 -0.56730994E-002 -0.39449872E-002 -0.10648002E-002  0.10814983E-002  0.96031413E+000  0.25660232E+001  0.51507859E+001  0.73810340E+001
 -0.57433650E+000 -0.43193622E+000 -0.11430225E+000 -0.56730961E-002 -0.39449788E-002 -0.10647832E-002  0.10815038E-002  0.96030916E+000  0.25660167E+001  0.51507760E+001  0.73810246E+001
 -0.57433598E+000 -0.43193531E+000 -0.11430103E+000 -0.56730928E-002 -0.39449705E-002 -0.10647666E-002  0.10815093E-002  0.96030430E+000  0.25660104E+001  0.51507663E+001  0.73810154E+001
 -0.57433548E+000 -0.43193443E+000 -0.11429983E+000 -0.56730896E-002 -0.39449624E-002 -0.10647504E-002  0.10815148E-002  0.96029956E+000  0.25660042E+001  0.51507569E+001  0.73810066E+001
 -0.57433499E+000 -0.43193356E+000 -0.11429866E+000 -0.56730864E-002 -0.39449545E-002 -0.10647346E-002  0.10815203E-002  0.96029493E+000  0.25659982E+001  0.51507478E+001  0.73809980E+001
 -0.57433452E+000 -0.43193272E+000 -0.11429751E+000 -0.56730833E-002 -0.39449468E-002 -0.10647192E-002  0.10815258E-002  0.96029041E+000  0.25659923E+001  0.51507389E+001  0.73809897E+001
 -0.57433405E+000 -0.43193189E+000 -0.11429638E+000 -0.56730803E-002 -0.39449393E-002 -0.10647042E-002  0.10815313E-002  0.96028599E+000  0.25659866E+001  0.51507303E+001  0.73809817E+001
 -0.57433360E+000 -0.43193108E+000 -0.11429528E+000 -0.56730773E-002 -0.39449319E-002 -0.10646896E-002  0.10815368E-002  0.96028169E+000  0.25659810E+001  0.51507219E+001  0.73809739E+001
 -0.57433315E+000 -0.43193029E+000 -0.11429420E+000 -0.56730744E-002 -0.39449248E-002 -0.10646754E-002  0.10815422E-002  0.96027750E+000  0.25659756E+001  0.51507138E+001  0.73809663E+001
 -0.57433272E+000 -0.43192952E+000 -0.11429314E+000 -0.56730716E-002 -0.39449178E-002 -0.10646616E-002  0.10815477E-002  0.96027341E+000  0.25659704E+001  0.51507060E+001  0.73809590E+001
 -0.57433230E+000 -0.43192877E+000 -0.11429211E+000 -0.56730688E-002 -0.39449111E-002 -0.10646481E-002  0.10815531E-002  0.96026943E+000  0.25659652E+001  0.51506984E+001  0.73809519E+001
 -0.57433189E+000 -0.43192804E+000 -0.11429110E+000 -0.56730661E-002 -0.39449044E-002 -0.10646350E-002  0.10815585E-002  0.96026555E+000  0.25659602E+001  0.51506910E+001  0.73809451E+001
 -0.57433150E+000 -0.43192732E+000 -0.11429011E+000 -0.56730634E-002 -0.39448980E-002 -0.10646223E-002  0.10815638E-002  0.96026178E+000  0.25659554E+001  0.51506838E+001  0.73809384E+001
 -0.57433111E+000 -0.43192663E+000 -0.11428915E+000 -0.56730609E-002 -0.39448918E-002 -0.10646099E-002  0.10815691E-002  0.96025811E+000  0.25659507E+001  0.51506768E+001  0.73809320E+001
 -0.57433073E+000 -0.43192595E+000 -0.11428821E+000 -0.56730583E-002 -0.39448857E-002 -0.10645978E-002  0.10815744E-002  0.96025453E+000  0.25659461E+001  0.51506701E+001  0.73809258E+001
 -0.57433037E+000 -0.43192529E+000 -0.11428729E+000 -0.56730559E-002 -0.39448797E-002 -0.10645861E-002  0.10815797E-002  0.96025106E+000  0.25659417E+001  0.51506636E+001  0.73809198E+001
 -0.57433001E+000 -0.43192465E+000 -0.11428640E+000 -0.56730535E-002 -0.39448740E-002 -0.10645747E-002  0.10815849E-002  0.96024768E+000  0.25659374E+001  0.51506573E+001  0.73809140E+001
 -0.57432967E+000 -0.43192403E+000 -0.11428553E+000 -0.56730512E-002 -0.39448684E-002 -0.10645637E-002  0.10815900E-002  0.96024440E+000  0.25659332E+001  0.51506511E+001  0.73809083E+001
 -0.57432933E+000 -0.43192342E+000 -0.11428468E+000 -0.56730489E-002 -0.39448629E-002 -0.10645529E-002  0.10815951E-002  0.96024121E+000  0.25659291E+001  0.51506452E+001  0.73809028E+001
 -0.57432901E+000 -0.43192283E+000 -0.11428385E+000 -0.56730467E-002 -0.39448576E-002 -0.10645425E-002  0.10816001E-002  0.96023810E+000  0.25659251E+001  0.51506394E+001  0.73808976E+001
 -0.57432870E+000 -0.43192226E+000 -0.11428305E+000 -0.56730445E-002 -0.39448525E-002 -0.10645323E-002  0.10816051E-002  0.96023509E+000  0.25659213E+001  0.51506339E+001  0.73808924E+001
 -0.57432839E+000 -0.43192171E+000 -0.11428226E+000 -0.56730424E-002 -0.39448475E-002 -0.10645225E-002  0.10816100E-002  0.96023217E+000  0.25659176E+001  0.51506285E+001  0.73808875E+001
 -0.57432809E+000 -0.43192117E+000 -0.11428150E+000 -0.56730404E-002 -0.39448426E-002 -0.10645129E-002  0.10816149E-002  0.96022932E+000  0.25659140E+001  0.51506232E+001  0.73808827E+001
 -0.57432781E+000 -0.43192064E+000 -0.11428076E+000 -0.56730384E-002 -0.39448379E-002 -0.10645037E-002  0.10816197E-002  0.96022656E+000  0.25659105E+001  0.51506182E+001  0.73808780E+001
 -0.57432753E+000 -0.43192014E+000 -0.11428004E+000 -0.56730365E-002 -0.39448333E-002 -0.10644947E-002  0.10816244E-002  0.96022388E+000  0.25659071E+001  0.51506133E+001  0.73808736E+001
 -0.57432726E+000 -0.43191964E+000 -0.11427934E+000 -0.56730346E-002 -0.39448289E-002 -0.10644860E-002  0.10816291E-002  0.96022128E+000  0.25659038E+001  0.51506085E+001  0.73808692E+001
 -0.57432700E+000 -0.43191917E+000 -0.11427866E+000 -0.56730328E-002 -0.39448245E-002 -0.10644775E-002  0.10816337E-002  0.96021876E+000  0.25659006E+001  0.51506039E+001  0.73808650E+001
 -0.57432675E+000 -0.43191870E+000 -0.11427800E+000 -0.56730310E-002 -0.39448204E-002 -0.10644693E-002  0.10816382E-002  0.96021631E+000  0.25658975E+001  0.51505995E+001  0.73808609E+001
 -0.57432650E+000 -0.43191825E+000 -0.11427736E+000 -0.56730293E-002 -0.39448163E-002 -0.10644613E-002  0.10816427E-002  0.96021393E+000  0.25658945E+001  0.51505952E+001  0.73808570E+001
 -0.57432627E+000 -0.43191782E+000 -0.11427674E+000 -0.56730276E-002 -0.39448124E-002 -0.10644536E-002  0.10816470E-002  0.96021162E+000  0.25658916E+001  0.51505910E+001  0.73808531E+001
 -0.57432604E+000 -0.43191740E+000 -0.11427614E+000 -0.56730260E-002 -0.39448086E-002 -0.10644461E-002  0.10816513E-002  0.96020938E+000  0.25658888E+001  0.51505869E+001  0.73808494E+001
 -0.57432582E+000 -0.43191699E+000 -0.11427556E+000 -0.56730244E-002 -0.39448049E-002 -0.10644389E-002  0.10816555E-002  0.96020721E+000  0.25658861E+001  0.51505830E+001  0.73808459E+001
 -0.57432560E+000 -0.43191660E+000 -0.11427499E+000 -0.56730229E-002 -0.39448013E-002 -0.10644319E-002  0.10816597E-002  0.96020510E+000  0.25658834E+001  0.51505792E+001  0.73808424E+001
 -0.57432540E+000 -0.43191622E+000 -0.11427445E+000 -0.56730214E-002 -0.39447978E-002 -0.10644251E-002  0.10816637E-002  0.96020306E+000  0.25658808E+001  0.51505755E+001  0.73808390E+001
 -0.57432520E+000 -0.43191585E+000 -0.11427392E+000 -0.56730200E-002 -0.39447944E-002 -0.10644185E-002  0.10816677E-002  0.96020107E+000  0.25658783E+001  0.51505720E+001  0.73808358E+001
 -0.57432500E+000 -0.43191549E+000 -0.11427340E+000 -0.56730186E-002 -0.39447912E-002 -0.10644122E-002  0.10816716E-002  0.96019915E+000  0.25658759E+001  0.51505685E+001  0.73808326E+001
 -0.57432482E+000 -0.43191514E+000 -0.11427291E+000 -0.56730173E-002 -0.39447880E-002 -0.10644060E-002  0.10816755E-002  0.96019728E+000  0.25658736E+001  0.51505652E+001  0.73808295E+001
 -0.57432464E+000 -0.43191481E+000 -0.11427242E+000 -0.56730160E-002 -0.39447850E-002 -0.10644001E-002  0.10816792E-002  0.96019547E+000  0.25658713E+001  0.51505620E+001  0.73808266E+001
 -0.57432446E+000 -0.43191449E+000 -0.11427196E+000 -0.56730147E-002 -0.39447821E-002 -0.10643943E-002  0.10816829E-002  0.96019371E+000  0.25658691E+001  0.51505588E+001  0.73808237E+001
 -0.57432430E+000 -0.43191418E+000 -0.11427151E+000 -0.56730135E-002 -0.39447792E-002 -0.10643887E-002  0.10816864E-002  0.96019201E+000  0.25658670E+001  0.51505558E+001  0.73808209E+001
 -0.57432413E+000 -0.43191388E+000 -0.11427108E+000 -0.56730123E-002 -0.39447765E-002 -0.10643834E-002  0.10816899E-002  0.96019036E+000  0.25658649E+001  0.51505529E+001  0.73808182E+001
 -0.57432398E+000 -0.43191359E+000 -0.11427066E+000 -0.56730112E-002 -0.39447738E-002 -0.10643782E-002  0.10816933E-002  0.96018875E+000  0.25658629E+001  0.51505500E+001  0.73808156E+001
 -0.57432383E+000 -0.43191331E+000 -0.11427025E+000 -0.56730101E-002 -0.39447712E-002 -0.10643732E-002  0.10816967E-002  0.96018720E+000  0.25658610E+001  0.51505473E+001  0.73808131E+001
 -0.57432368E+000 -0.43191304E+000 -0.11426986E+000 -0.56730090E-002 -0.39447688E-002 -0.10643683E-002  0.10816999E-002  0.96018569E+000  0.25658591E+001  0.51505446E+001  0.73808106E+001
 -0.57432354E+000 -0.43191278E+000 -0.11426949E+000 -0.56730080E-002 -0.39447664E-002 -0.10643636E-002  0.10817031E-002  0.96018423E+000  0.25658573E+001  0.51505420E+001  0.73808082E+001
 -0.57432341E+000 -0.43191253E+000 -0.11426912E+000 -0.56730070E-002 -0.39447641E-002 -0.10643591E-002  0.10817062E-002  0.96018281E+000  0.25658555E+001  0.51505395E+001  0.73808059E+001
 -0.57432328E+000 -0.43191229E+000 -0.11426877E+000 -0.56730060E-002 -0.39447618E-002 -0.10643548E-002  0.10817092E-002  0.96018144E+000  0.25658538E+001  0.51505370E+001  0.73808037E+001
 -0.57432316E+000 -0.43191206E+000 -0.11426844E+000 -0.56730051E-002 -0.39447597E-002 -0.10643506E-002  0.10817121E-002  0.96018011E+000  0.25658522E+001  0.51505347E+001  0.73808015E+001
 -0.57432304E+000 -0.43191184E+000 -0.11426811E+000 -0.56730042E-002 -0.39447576E-002 -0.10643466E-002  0.10817150E-002  0.96017882E+000  0.25658506E+001  0.51505324E+001  0.73807994E+001
 -0.57432292E+000 -0.43191163E+000 -0.11426780E+000 -0.56730034E-002 -0.39447556E-002 -0.10643427E-002  0.10817178E-002  0.96017757E+000  0.25658490E+001  0.51505302E+001  0.73807974E+001
 -0.57432281E+000 -0.43191142E+000 -0.11426750E+000 -0.56730026E-002 -0.39447537E-002 -0.10643390E-002  0.10817205E-002  0.96017636E+000  0.25658475E+001  0.51505280E+001  0.73807954E+001
 -0.57432271E+000 -0.43191122E+000 -0.11426721E+000 -0.56730018E-002 -0.39447519E-002 -0.10643354E-002  0.10817231E-002  0.96017518E+000  0.25658461E+001  0.51505260E+001  0.73807935E+001
 -0.57432260E+000 -0.43191103E+000 -0.11426694E+000 -0.56730010E-002 -0.39447501E-002 -0.10643320E-002  0.10817256E-002  0.96017405E+000  0.25658446E+001  0.51505240E+001  0.73807916E+001
 -0.57432251E+000 -0.43191085E+000 -0.11426667E+000 -0.56730003E-002 -0.39447485E-002 -0.10643287E-002  0.10817281E-002  0.96017295E+000  0.25658433E+001  0.51505220E+001  0.73807898E+001
 -0.57432241E+000 -0.43191068E+000 -0.11426642E+000 -0.56729996E-002 -0.39447468E-002 -0.10643255E-002  0.10817305E-002  0.96017188E+000  0.25658420E+001  0.51505201E+001  0.73807881E+001
 -0.57432233E+000 -0.43191051E+000 -0.11426617E+000 -0.56729989E-002 -0.39447453E-002 -0.10643225E-002  0.10817328E-002  0.96017085E+000  0.25658407E+001  0.51505183E+001  0.73807864E+001
 -0.57432224E+000 -0.43191036E+000 -0.11426594E+000 -0.56729983E-002 -0.39447438E-002 -0.10643196E-002  0.10817351E-002  0.96016986E+000  0.25658394E+001  0.51505166E+001  0.73807848E+001
 -0.57432216E+000 -0.43191020E+000 -0.11426572E+000 -0.56729977E-002 -0.39447424E-002 -0.10643168E-002  0.10817373E-002  0.96016889E+000  0.25658383E+001  0.51505148E+001  0.73807832E+001
 -0.57432208E+000 -0.43191006E+000 -0.11426550E+000 -0.56729971E-002 -0.39447410E-002 -0.10643142E-002  0.10817394E-002  0.96016796E+000  0.25658371E+001  0.51505132E+001  0.73807816E+001
 -0.57432201E+000 -0.43190992E+000 -0.11426530E+000 -0.56729965E-002 -0.39447397E-002 -0.10643116E-002  0.10817414E-002  0.96016706E+000  0.25658360E+001  0.51505116E+001  0.73807802E+001
 -0.57432194E+000 -0.43190979E+000 -0.11426510E+000 -0.56729960E-002 -0.39447385E-002 -0.10643092E-002  0.10817434E-002  0.96016619E+000  0.25658349E+001  0.51505101E+001  0.73807787E+001
 -0.57432187E+000 -0.43190966E+000 -0.11426492E+000 -0.56729955E-002 -0.39447373E-002 -0.10643069E-002  0.10817453E-002  0.96016535E+000  0.25658339E+001  0.51505086E+001  0.73807773E+001
 -0.57432181E+000 -0.43190954E+000 -0.11426474E+000 -0.56729950E-002 -0.39447361E-002 -0.10643047E-002  0.10817472E-002  0.96016454E+000  0.25658329E+001  0.51505071E+001  0.73807760E+001
 -0.57432175E+000 -0.43190943E+000 -0.11426457E+000 -0.56729945E-002 -0.39447351E-002 -0.10643026E-002  0.10817490E-002  0.96016375E+000  0.25658319E+001  0.51505057E+001  0.73807747E+001
 -0.57432169E+000 -0.43190932E+000 -0.11426441E+000 -0.56729941E-002 -0.39447340E-002 -0.10643006E-002  0.10817507E-002  0.96016300E+000  0.25658310E+001  0.51505044E+001  0.73807734E+001
 -0.57432164E+000 -0.43190922E+000 -0.11426426E+000 -0.56729936E-002 -0.39447331E-002 -0.10642988E-002  0.10817524E-002  0.96016227E+000  0.25658301E+001  0.51505031E+001  0.73807722E+001
 -0.57432158E+000 -0.43190912E+000 -0.11426411E+000 -0.56729932E-002 -0.39447321E-002 -0.10642970E-002  0.10817540E-002  0.96016157E+000  0.25658292E+001  0.51505019E+001  0.73807711E+001
 -0.57432153E+000 -0.43190903E+000 -0.11426397E+000 -0.56729928E-002 -0.39447313E-002 -0.10642953E-002  0.10817556E-002  0.96016089E+000  0.25658284E+001  0.51505007E+001  0.73807700E+001
 -0.57432149E+000 -0.43190894E+000 -0.11426384E+000 -0.56729925E-002 -0.39447304E-002 -0.10642937E-002  0.10817570E-002  0.96016024E+000  0.25658276E+001  0.51504995E+001  0.73807689E+001
 -0.57432145E+000 -0.43190886E+000 -0.11426372E+000 -0.56729921E-002 -0.39447297E-002 -0.10642921E-002  0.10817585E-002  0.96015962E+000  0.25658268E+001  0.51504984E+001  0.73807678E+001
 -0.57432140E+000 -0.43190878E+000 -0.11426360E+000 -0.56729918E-002 -0.39447289E-002 -0.10642907E-002  0.10817599E-002  0.96015902E+000  0.25658260E+001  0.51504974E+001  0.73807668E+001
 -0.57432137E+000 -0.43190871E+000 -0.11426349E+000 -0.56729915E-002 -0.39447282E-002 -0.10642894E-002  0.10817612E-002  0.96015844E+000  0.25658253E+001  0.51504963E+001  0.73807659E+001
 -0.57432133E+000 -0.43190864E+000 -0.11426339E+000 -0.56729912E-002 -0.39447275E-002 -0.10642881E-002  0.10817625E-002  0.96015789E+000  0.25658247E+001  0.51504953E+001  0.73807650E+001
 -0.57432130E+000 -0.43190858E+000 -0.11426329E+000 -0.56729909E-002 -0.39447269E-002 -0.10642869E-002  0.10817638E-002  0.96015735E+000  0.25658240E+001  0.51504944E+001  0.73807641E+001
 -0.57432126E+000 -0.43190852E+000 -0.11426320E+000 -0.56729907E-002 -0.39447263E-002 -0.10642858E-002  0.10817649E-002  0.96015685E+000  0.25658234E+001  0.51504935E+001  0.73807632E+001
 -0.57432123E+000 -0.43190846E+000 -0.11426311E+000 -0.56729904E-002 -0.39447258E-002 -0.10642847E-002  0.10817661E-002  0.96015636E+000  0.25658228E+001  0.51504926E+001  0.73807624E+001
 -0.57432121E+000 -0.43190841E+000 -0.11426303E+000 -0.56729902E-002 -0.39447253E-002 -0.10642837E-002  0.10817672E-002  0.96015589E+000  0.25658222E+001  0.51504918E+001  0.73807616E+001
 -0.57432118E+000 -0.43190836E+000 -0.11426295E+000 -0.56729900E-002 -0.39447248E-002 -0.10642828E-002  0.10817682E-002  0.96015544E+000  0.25658216E+001  0.51504910E+001  0.73807609E+001
 -0.57432116E+000 -0.43190831E+000 -0.11426288E+000 -0.56729898E-002 -0.39447243E-002 -0.10642819E-002  0.10817693E-002  0.96015502E+000  0.25658211E+001  0.51504903E+001  0.73807602E+001
 -0.57432113E+000 -0.43190827E+000 -0.11426281E+000 -0.56729896E-002 -0.39447239E-002 -0.10642811E-002  0.10817702E-002  0.96015461E+000  0.25658206E+001  0.51504895E+001  0.73807595E+001
 -0.57432111E+000 -0.43190823E+000 -0.11426275E+000 -0.56729894E-002 -0.39447235E-002 -0.10642804E-002  0.10817712E-002  0.96015422E+000  0.25658201E+001  0.51504889E+001  0.73807588E+001
 -0.57432110E+000 -0.43190819E+000 -0.11426269E+000 -0.56729892E-002 -0.39447232E-002 -0.10642797E-002  0.10817721E-002  0.96015385E+000  0.25658197E+001  0.51504882E+001  0.73807582E+001
 -0.57432108E+000 -0.43190816E+000 -0.11426263E+000 -0.56729891E-002 -0.39447228E-002 -0.10642790E-002  0.10817729E-002  0.96015350E+000  0.25658193E+001  0.51504876E+001  0.73807577E+001
 -0.57432106E+000 -0.43190812E+000 -0.11426258E+000 -0.56729889E-002 -0.39447225E-002 -0.10642784E-002  0.10817738E-002  0.96015318E+000  0.25658189E+001  0.51504870E+001  0.73807571E+001
 -0.57432104E+000 -0.43190809E+000 -0.11426252E+000 -0.56729888E-002 -0.39447221E-002 -0.10642777E-002  0.10817746E-002  0.96015289E+000  0.25658185E+001  0.51504865E+001  0.73807566E+001
 -0.57432103E+000 -0.43190806E+000 -0.11426248E+000 -0.56729886E-002 -0.39447218E-002 -0.10642771E-002  0.10817754E-002  0.96015258E+000  0.25658181E+001  0.51504858E+001  0.73807560E+001
