  0.19206163E+000  0.21679229E+000  0.35022286E+000  0.51054793E+000  0.85883639E+000  0.97745520E+000  0.13160736E+001  0.24570457E+001  0.40764402E+001  0.56561588E+001  0.90918659E+001
  0.19205669E+000  0.21695539E+000  0.35055016E+000  0.51143960E+000  0.85888015E+000  0.97747236E+000  0.13164263E+001  0.24595418E+001  0.40776880E+001  0.56765120E+001  0.91254857E+001
  0.19203154E+000  0.21709378E+000  0.35086768E+000  0.51198749E+000  0.85888437E+000  0.97798009E+000  0.13168039E+001  0.24624382E+001  0.40786825E+001  0.56954762E+001  0.91574096E+001
  0.19206371E+000  0.21721720E+000  0.35114421E+000  0.51270039E+000  0.85887321E+000  0.97786801E+000  0.13183829E+001  0.24647953E+001  0.40795407E+001  0.57132432E+001  0.91865331E+001
  0.19200586E+000  0.21732138E+000  0.35137538E+000  0.51288099E+000  0.85887630E+000  0.97768429E+000  0.13191754E+001  0.24667548E+001  0.40796884E+001  0.57285332E+001  0.92119462E+001
  0.19203727E+000  0.21741461E+000  0.35159495E+000  0.51296306E+000  0.85885435E+000  0.97783917E+000  0.13198410E+001  0.24686085E+001  0.40808725E+001  0.57420832E+001  0.92247578E+001
  0.19203140E+000  0.21749141E+000  0.35177324E+000  0.51327233E+000  0.85886431E+000  0.97797740E+000  0.13209339E+001  0.24701802E+001  0.40814654E+001  0.57535701E+001  0.92298905E+001
  0.19206186E+000  0.21756141E+000  0.35192588E+000  0.51311613E+000  0.85884023E+000  0.97774826E+000  0.13218760E+001  0.24713746E+001  0.40815250E+001  0.57634209E+001  0.92284624E+001
  0.19204975E+000  0.21761308E+000  0.35205472E+000  0.51317852E+000  0.85883468E+000  0.97800080E+000  0.13226552E+001  0.24724798E+001  0.40819346E+001  0.57718130E+001  0.92297691E+001
  0.19205697E+000  0.21766008E+000  0.35216756E+000  0.51319654E+000  0.85882991E+000  0.97787189E+000  0.13228761E+001  0.24733952E+001  0.40824964E+001  0.57786183E+001  0.92299684E+001
  0.19206313E+000  0.21768926E+000  0.35226372E+000  0.51331884E+000  0.85885351E+000  0.97800042E+000  0.13228545E+001  0.24740596E+001  0.40811111E+001  0.57849643E+001  0.92318305E+001
  0.19205039E+000  0.21772638E+000  0.35234548E+000  0.51355636E+000  0.85882261E+000  0.97797997E+000  0.13233865E+001  0.24749242E+001  0.40811682E+001  0.57903849E+001  0.91944151E+001
  0.19203871E+000  0.21774768E+000  0.35241539E+000  0.51382451E+000  0.85886881E+000  0.97800544E+000  0.13241899E+001  0.24756650E+001  0.40817869E+001  0.57948428E+001  0.92017617E+001
  0.19205796E+000  0.21777069E+000  0.35248842E+000  0.51405416E+000  0.85886711E+000  0.97801028E+000  0.13248561E+001  0.24756926E+001  0.40824669E+001  0.57982070E+001  0.92080328E+001
  0.19206109E+000  0.21779051E+000  0.35256020E+000  0.51422947E+000  0.85883663E+000  0.97786367E+000  0.13253987E+001  0.24762621E+001  0.40826295E+001  0.58015699E+001  0.92133869E+001
  0.19206604E+000  0.21780705E+000  0.35268683E+000  0.51438942E+000  0.85884513E+000  0.97797174E+000  0.13259148E+001  0.24769692E+001  0.40828743E+001  0.58046525E+001  0.92179571E+001
  0.19205942E+000  0.21782121E+000  0.35274484E+000  0.51455916E+000  0.85881148E+000  0.97801147E+000  0.13263450E+001  0.24772225E+001  0.40834851E+001  0.58063977E+001  0.92218580E+001
  0.19205239E+000  0.21783331E+000  0.35264573E+000  0.51464538E+000  0.85881186E+000  0.97796888E+000  0.13266786E+001  0.24775414E+001  0.40833071E+001  0.58087899E+001  0.92251901E+001
  0.19205407E+000  0.21784233E+000  0.35267625E+000  0.51475111E+000  0.85885782E+000  0.97800056E+000  0.13269494E+001  0.24776790E+001  0.40834206E+001  0.58105274E+001  0.92280264E+001
  0.19205550E+000  0.21784685E+000  0.35270229E+000  0.51487290E+000  0.85880836E+000  0.97797795E+000  0.13272526E+001  0.24776305E+001  0.40835720E+001  0.58120091E+001  0.92304479E+001
  0.19205673E+000  0.21785658E+000  0.35272450E+000  0.51493929E+000  0.85880754E+000  0.97792137E+000  0.13274736E+001  0.24781109E+001  0.40837132E+001  0.58132723E+001  0.92325123E+001
  0.19205778E+000  0.21786180E+000  0.35274347E+000  0.51499572E+000  0.85883788E+000  0.97794575E+000  0.13275482E+001  0.24779417E+001  0.40832565E+001  0.58142589E+001  0.92342714E+001
  0.19205869E+000  0.21786770E+000  0.35275958E+000  0.51504366E+000  0.85886455E+000  0.97796529E+000  0.13278157E+001  0.24782668E+001  0.40829583E+001  0.58150715E+001  0.92357705E+001
  0.19205946E+000  0.21787274E+000  0.35277332E+000  0.51510261E+000  0.85880573E+000  0.97793207E+000  0.13278356E+001  0.24783504E+001  0.40826027E+001  0.58157631E+001  0.92370484E+001
  0.19206012E+000  0.21787705E+000  0.35278503E+000  0.51511889E+000  0.85880530E+000  0.97794019E+000  0.13278873E+001  0.24785517E+001  0.40825461E+001  0.58167094E+001  0.92381346E+001
  0.19206432E+000  0.21788079E+000  0.35279499E+000  0.51514815E+000  0.85884401E+000  0.97800772E+000  0.13281690E+001  0.24781581E+001  0.40824580E+001  0.58172735E+001  0.92390441E+001
  0.19206595E+000  0.21788389E+000  0.35280345E+000  0.51517312E+000  0.85880463E+000  0.97799767E+000  0.13282039E+001  0.24782483E+001  0.40824126E+001  0.58177526E+001  0.92398270E+001
  0.19206160E+000  0.21788657E+000  0.35281065E+000  0.51519697E+000  0.85880437E+000  0.97795811E+000  0.13282333E+001  0.24783250E+001  0.40824181E+001  0.58181592E+001  0.92404914E+001
  0.19206198E+000  0.21788886E+000  0.35281691E+000  0.51521717E+000  0.85884376E+000  0.97796243E+000  0.13282579E+001  0.24783902E+001  0.40824227E+001  0.58185039E+001  0.92410547E+001
  0.19206438E+000  0.21788271E+000  0.35282195E+000  0.51523426E+000  0.85880396E+000  0.97799380E+000  0.13283385E+001  0.24784457E+001  0.40824313E+001  0.58187959E+001  0.92415321E+001
  0.19206253E+000  0.21788635E+000  0.35282635E+000  0.51525055E+000  0.85880380E+000  0.97798789E+000  0.13284186E+001  0.24784929E+001  0.40824428E+001  0.58190431E+001  0.92419367E+001
  0.19206276E+000  0.21788947E+000  0.35283009E+000  0.51526590E+000  0.85880367E+000  0.97797194E+000  0.13284865E+001  0.24785331E+001  0.40824547E+001  0.58195736E+001  0.92422790E+001
  0.19206295E+000  0.21789214E+000  0.35283342E+000  0.51527890E+000  0.85880356E+000  0.97797423E+000  0.13285692E+001  0.24785672E+001  0.40824664E+001  0.58196953E+001  0.92425684E+001
  0.19206312E+000  0.21789442E+000  0.35283635E+000  0.51528991E+000  0.85880347E+000  0.97797619E+000  0.13285925E+001  0.24785963E+001  0.40824777E+001  0.58197983E+001  0.92428132E+001
  0.19206326E+000  0.21789210E+000  0.35283829E+000  0.51529923E+000  0.85880340E+000  0.97797787E+000  0.13286091E+001  0.24786211E+001  0.40824883E+001  0.58198855E+001  0.92430201E+001
  0.19206339E+000  0.21789527E+000  0.35284023E+000  0.51530714E+000  0.85880333E+000  0.97797932E+000  0.13285948E+001  0.24786424E+001  0.40824983E+001  0.58199595E+001  0.92431952E+001
  0.19206349E+000  0.21788222E+000  0.35284189E+000  0.51531386E+000  0.85880328E+000  0.97798056E+000  0.13286007E+001  0.24786606E+001  0.40825076E+001  0.58200224E+001  0.92433434E+001
  0.19206359E+000  0.21788291E+000  0.35284332E+000  0.51531957E+000  0.85880324E+000  0.97798165E+000  0.13286058E+001  0.24786762E+001  0.40825161E+001  0.58200759E+001  0.92434692E+001
  0.19206367E+000  0.21788350E+000  0.35284454E+000  0.51532444E+000  0.85880321E+000  0.97798259E+000  0.13286100E+001  0.24786898E+001  0.40825241E+001  0.58201216E+001  0.92435761E+001
  0.19206375E+000  0.21788400E+000  0.35284560E+000  0.51532861E+000  0.85880318E+000  0.97798342E+000  0.13286136E+001  0.24787016E+001  0.40825314E+001  0.58201607E+001  0.92436673E+001
  0.19206381E+000  0.21788442E+000  0.35284652E+000  0.51533221E+000  0.85880316E+000  0.97798416E+000  0.13286167E+001  0.24787119E+001  0.40825383E+001  0.58201945E+001  0.92437456E+001
  0.19206387E+000  0.21788480E+000  0.35284733E+000  0.51533534E+000  0.85880315E+000  0.97798482E+000  0.13286194E+001  0.24787211E+001  0.40825447E+001  0.58202239E+001  0.92438131E+001
  0.19206393E+000  0.21788512E+000  0.35284805E+000  0.51533808E+000  0.85880314E+000  0.97798543E+000  0.13286218E+001  0.24787293E+001  0.40825508E+001  0.58202497E+001  0.92438720E+001
  0.19206398E+000  0.21788541E+000  0.35284870E+000  0.51534051E+000  0.85880314E+000  0.97798599E+000  0.13286239E+001  0.24787368E+001  0.40825567E+001  0.58202726E+001  0.92439239E+001
  0.19206403E+000  0.21788568E+000  0.35284929E+000  0.51534271E+000  0.85880314E+000  0.97798652E+000  0.13286258E+001  0.24787437E+001  0.40825623E+001  0.58202933E+001  0.92439704E+001
  0.19206408E+000  0.21788593E+000  0.35284985E+000  0.51534473E+000  0.85880314E+000  0.97798703E+000  0.13286275E+001  0.24787502E+001  0.40825678E+001  0.58203123E+001  0.92440128E+001
  0.19206413E+000  0.21788617E+000  0.35285038E+000  0.51534663E+000  0.85880315E+000  0.97798752E+000  0.13286292E+001  0.24787563E+001  0.40825733E+001  0.58203361E+001  0.92440522E+001
  0.19206418E+000  0.21788640E+000  0.35285089E+000  0.51534845E+000  0.85880316E+000  0.97798801E+000  0.13286308E+001  0.24787623E+001  0.40824630E+001  0.58203590E+001  0.92440897E+001
  0.19206423E+000  0.21788664E+000  0.35285139E+000  0.51535023E+000  0.85880317E+000  0.97798850E+000  0.13286323E+001  0.24787682E+001  0.40824663E+001  0.58203813E+001  0.92441261E+001
  0.19206428E+000  0.21788688E+000  0.35285189E+000  0.51535199E+000  0.85880318E+000  0.97798899E+000  0.13286339E+001  0.24787741E+001  0.40824699E+001  0.58204034E+001  0.92441621E+001
  0.19206433E+000  0.21788713E+000  0.35285240E+000  0.51535377E+000  0.85880319E+000  0.97798949E+000  0.13286355E+001  0.24787800E+001  0.40824739E+001  0.58204255E+001  0.92441982E+001
  0.19206438E+000  0.21788739E+000  0.35285292E+000  0.51535558E+000  0.85880321E+000  0.97799001E+000  0.13286372E+001  0.24787860E+001  0.40824784E+001  0.58204481E+001  0.92442350E+001
  0.19206443E+000  0.21788766E+000  0.35285345E+000  0.51535743E+000  0.85880323E+000  0.97799053E+000  0.13286389E+001  0.24787921E+001  0.40824832E+001  0.58204711E+001  0.92442726E+001
  0.19206448E+000  0.21788794E+000  0.35285399E+000  0.51535934E+000  0.85880418E+000  0.97799107E+000  0.13286407E+001  0.24787984E+001  0.40824885E+001  0.58204948E+001  0.92443112E+001
  0.19206454E+000  0.21788823E+000  0.35285454E+000  0.51536130E+000  0.85880748E+000  0.97799161E+000  0.13286426E+001  0.24788047E+001  0.40824941E+001  0.58205191E+001  0.92443509E+001
  0.19206459E+000  0.21788853E+000  0.35285511E+000  0.51536331E+000  0.85881084E+000  0.97799216E+000  0.13286445E+001  0.24788112E+001  0.40825002E+001  0.58205441E+001  0.92443917E+001
  0.19206465E+000  0.21788884E+000  0.35285568E+000  0.51536535E+000  0.85881427E+000  0.97799272E+000  0.13286464E+001  0.24788177E+001  0.40825067E+001  0.58205695E+001  0.92444333E+001
  0.19206470E+000  0.21788916E+000  0.35285626E+000  0.51536743E+000  0.85881774E+000  0.97799328E+000  0.13286485E+001  0.24788243E+001  0.40825136E+001  0.58205955E+001  0.92444756E+001
  0.19206476E+000  0.21788949E+000  0.35285685E+000  0.51536953E+000  0.85882123E+000  0.97799384E+000  0.13286505E+001  0.24788309E+001  0.40825210E+001  0.58206216E+001  0.92445183E+001
  0.19206481E+000  0.21788981E+000  0.35285743E+000  0.51537164E+000  0.85882473E+000  0.97799440E+000  0.13286526E+001  0.24788375E+001  0.40825287E+001  0.58206479E+001  0.92445613E+001
  0.19206487E+000  0.21789014E+000  0.35285801E+000  0.51537374E+000  0.85882821E+000  0.97799495E+000  0.13286547E+001  0.24788440E+001  0.40825369E+001  0.58206742E+001  0.92446042E+001
  0.19206492E+000  0.21789047E+000  0.35285859E+000  0.51537582E+000  0.85883165E+000  0.97799549E+000  0.13286568E+001  0.24788504E+001  0.40825471E+001  0.58207002E+001  0.92446467E+001
  0.19206497E+000  0.21789079E+000  0.35285915E+000  0.51537787E+000  0.85883504E+000  0.97799602E+000  0.13286589E+001  0.24788568E+001  0.40825598E+001  0.58207259E+001  0.92446886E+001
  0.19206502E+000  0.21789111E+000  0.35285970E+000  0.51537988E+000  0.85883835E+000  0.97799653E+000  0.13286609E+001  0.24788629E+001  0.40825723E+001  0.58207510E+001  0.92447297E+001
  0.19206507E+000  0.21789142E+000  0.35286024E+000  0.51538184E+000  0.85884157E+000  0.97799702E+000  0.13286630E+001  0.24788689E+001  0.40825844E+001  0.58207755E+001  0.92447697E+001
  0.19206512E+000  0.21789173E+000  0.35286076E+000  0.51538374E+000  0.85884469E+000  0.97799750E+000  0.13286650E+001  0.24788747E+001  0.40825962E+001  0.58207992E+001  0.92448084E+001
  0.19206516E+000  0.21789202E+000  0.35286126E+000  0.51538557E+000  0.85884769E+000  0.97799796E+000  0.13286670E+001  0.24788802E+001  0.40826074E+001  0.58208221E+001  0.92448458E+001
  0.19206520E+000  0.21789231E+000  0.35286174E+000  0.51538732E+000  0.85885055E+000  0.97799839E+000  0.13286690E+001  0.24788856E+001  0.40826182E+001  0.58208440E+001  0.92448816E+001
  0.19206524E+000  0.21789259E+000  0.35286220E+000  0.51538899E+000  0.85885328E+000  0.97799880E+000  0.13286709E+001  0.24788906E+001  0.40826284E+001  0.58208649E+001  0.92449158E+001
  0.19206528E+000  0.21789285E+000  0.35286264E+000  0.51539058E+000  0.85885587E+000  0.97799919E+000  0.13286727E+001  0.24788954E+001  0.40826380E+001  0.58208847E+001  0.92449482E+001
  0.19206532E+000  0.21789310E+000  0.35286305E+000  0.51539208E+000  0.85885831E+000  0.97799956E+000  0.13286746E+001  0.24788999E+001  0.40826470E+001  0.58209034E+001  0.92449788E+001
  0.19206535E+000  0.21789335E+000  0.35286344E+000  0.51539350E+000  0.85886060E+000  0.97799990E+000  0.13286763E+001  0.24789042E+001  0.40826946E+001  0.58209210E+001  0.92450076E+001
  0.19206538E+000  0.21789357E+000  0.35286380E+000  0.51539482E+000  0.85886274E+000  0.97800022E+000  0.13286780E+001  0.24789082E+001  0.40828841E+001  0.58209375E+001  0.92450345E+001
  0.19206541E+000  0.21789379E+000  0.35286414E+000  0.51539605E+000  0.85886473E+000  0.97800220E+000  0.13286797E+001  0.24789119E+001  0.40830537E+001  0.58209528E+001  0.92450596E+001
  0.19206544E+000  0.21789400E+000  0.35286446E+000  0.51539720E+000  0.85886657E+000  0.97800576E+000  0.13286813E+001  0.24789153E+001  0.40832306E+001  0.58209670E+001  0.92450828E+001
  0.19206546E+000  0.21789419E+000  0.35286475E+000  0.51539825E+000  0.85886826E+000  0.97800903E+000  0.13286829E+001  0.24789185E+001  0.40834147E+001  0.58209801E+001  0.92451042E+001
  0.19206548E+000  0.21789438E+000  0.35286502E+000  0.51539923E+000  0.85886981E+000  0.97801202E+000  0.13286844E+001  0.24789214E+001  0.40835505E+001  0.58209921E+001  0.92451238E+001
  0.19206550E+000  0.21789455E+000  0.35286527E+000  0.51540012E+000  0.85887122E+000  0.97801475E+000  0.13286858E+001  0.24789241E+001  0.40836165E+001  0.58210030E+001  0.92451417E+001
  0.19206552E+000  0.21789471E+000  0.35286550E+000  0.51540093E+000  0.85887250E+000  0.97800165E+000  0.13286872E+001  0.24789266E+001  0.40836845E+001  0.58210129E+001  0.92451579E+001
  0.19206554E+000  0.21789487E+000  0.35286570E+000  0.51540166E+000  0.85887365E+000  0.97800182E+000  0.13286886E+001  0.24789288E+001  0.40837544E+001  0.58210219E+001  0.92451726E+001
  0.19206555E+000  0.21789501E+000  0.35286589E+000  0.51540233E+000  0.85887468E+000  0.97800197E+000  0.13286899E+001  0.24789308E+001  0.40838262E+001  0.58210300E+001  0.92451857E+001
  0.19206556E+000  0.21789515E+000  0.35286606E+000  0.51540293E+000  0.85887560E+000  0.97800210E+000  0.13286912E+001  0.24789326E+001  0.40838999E+001  0.58210371E+001  0.92451975E+001
  0.19206557E+000  0.21789527E+000  0.35286622E+000  0.51540347E+000  0.85887642E+000  0.97800222E+000  0.13286924E+001  0.24789343E+001  0.40839753E+001  0.58210435E+001  0.92452079E+001
  0.19206558E+000  0.21789539E+000  0.35286636E+000  0.51540394E+000  0.85887714E+000  0.97800233E+000  0.13286936E+001  0.24789357E+001  0.40840525E+001  0.58210491E+001  0.92452172E+001
  0.19206559E+000  0.21789551E+000  0.35286648E+000  0.51540437E+000  0.85887777E+000  0.97800242E+000  0.13286948E+001  0.24789370E+001  0.40841313E+001  0.58210541E+001  0.92452252E+001
  0.19206560E+000  0.21789562E+000  0.35286660E+000  0.51540474E+000  0.85887831E+000  0.97800250E+000  0.13286960E+001  0.24789382E+001  0.40842117E+001  0.58210584E+001  0.92452323E+001
  0.19206560E+000  0.21789572E+000  0.35286670E+000  0.51540508E+000  0.85887879E+000  0.97800257E+000  0.13286971E+001  0.24789392E+001  0.40842937E+001  0.58210621E+001  0.92452384E+001
  0.19206561E+000  0.21789582E+000  0.35286678E+000  0.51540537E+000  0.85887919E+000  0.97800263E+000  0.13286982E+001  0.24789401E+001  0.40843771E+001  0.58210652E+001  0.92452436E+001
  0.19206561E+000  0.21789591E+000  0.35286687E+000  0.51540562E+000  0.85887953E+000  0.97800268E+000  0.13286992E+001  0.24789410E+001  0.40844621E+001  0.58210679E+001  0.92452480E+001
  0.19206562E+000  0.21789600E+000  0.35286694E+000  0.51540584E+000  0.85887982E+000  0.97800273E+000  0.13287003E+001  0.24789417E+001  0.40845484E+001  0.58210702E+001  0.92452518E+001
  0.19206562E+000  0.21789608E+000  0.35286700E+000  0.51540603E+000  0.85888005E+000  0.97800276E+000  0.13287013E+001  0.24789423E+001  0.40846361E+001  0.58210721E+001  0.92452549E+001
  0.19206562E+000  0.21789617E+000  0.35286706E+000  0.51540620E+000  0.85888025E+000  0.97800280E+000  0.13287023E+001  0.24789429E+001  0.40847251E+001  0.58210736E+001  0.92452575E+001
  0.19206563E+000  0.21789625E+000  0.35286711E+000  0.51540635E+000  0.85888040E+000  0.97800282E+000  0.13287034E+001  0.24789434E+001  0.40847690E+001  0.58210749E+001  0.92452596E+001
  0.19206563E+000  0.21789632E+000  0.35286716E+000  0.51540647E+000  0.85888053E+000  0.97800284E+000  0.13287044E+001  0.24789438E+001  0.40848069E+001  0.58210759E+001  0.92452612E+001
  0.19206563E+000  0.21789640E+000  0.35286720E+000  0.51540658E+000  0.85888062E+000  0.97800286E+000  0.13287053E+001  0.24789442E+001  0.40848453E+001  0.58210767E+001  0.92452626E+001
  0.19206563E+000  0.21789647E+000  0.35286723E+000  0.51540667E+000  0.85888069E+000  0.97800288E+000  0.13287063E+001  0.24789446E+001  0.40848841E+001  0.58210773E+001  0.92452636E+001
  0.19206563E+000  0.21789654E+000  0.35286726E+000  0.51540676E+000  0.85888075E+000  0.97800289E+000  0.13287073E+001  0.24789449E+001  0.40849234E+001  0.58210777E+001  0.92452643E+001
  0.19206563E+000  0.21789661E+000  0.35286730E+000  0.51540683E+000  0.85888078E+000  0.97800290E+000  0.13287083E+001  0.24789453E+001  0.40849632E+001  0.58210780E+001  0.92452649E+001
  0.19206563E+000  0.21789668E+000  0.35286732E+000  0.51540690E+000  0.85888081E+000  0.97800291E+000  0.13287092E+001  0.24789455E+001  0.40850034E+001  0.58210782E+001  0.92452653E+001
  0.19206563E+000  0.21789675E+000  0.35286871E+000  0.51540696E+000  0.85888082E+000  0.97800292E+000  0.13287102E+001  0.24789458E+001  0.40850440E+001  0.58210783E+001  0.92452655E+001
  0.19206563E+000  0.21789681E+000  0.35291581E+000  0.51540701E+000  0.85888082E+000  0.97800293E+000  0.13287111E+001  0.24789461E+001  0.40850850E+001  0.58210783E+001  0.92452657E+001
  0.19206563E+000  0.21789688E+000  0.35296257E+000  0.51540706E+000  0.85888082E+000  0.97800294E+000  0.13287121E+001  0.24789464E+001  0.40851264E+001  0.58210783E+001  0.92452657E+001
  0.19206563E+000  0.21789694E+000  0.35297574E+000  0.51540711E+000  0.85888082E+000  0.97800295E+000  0.13287130E+001  0.24789466E+001  0.40851682E+001  0.58210783E+001  0.92452658E+001
  0.19206563E+000  0.21789701E+000  0.35298320E+000  0.51540716E+000  0.85888082E+000  0.97800295E+000  0.13287140E+001  0.24789469E+001  0.40852130E+001  0.58210783E+001  0.92452658E+001
  0.19206563E+000  0.21789707E+000  0.35299058E+000  0.51540720E+000  0.85888081E+000  0.97800296E+000  0.13287149E+001  0.24789471E+001  0.40852708E+001  0.58210782E+001  0.92452657E+001
  0.19206563E+000  0.21789713E+000  0.35299787E+000  0.51540725E+000  0.85888081E+000  0.97800297E+000  0.13287158E+001  0.24789474E+001  0.40853289E+001  0.58210781E+001  0.92452657E+001
  0.19206563E+000  0.21789719E+000  0.35300508E+000  0.51540730E+000  0.85888080E+000  0.97800298E+000  0.13287168E+001  0.24789477E+001  0.40853852E+001  0.58210781E+001  0.92452658E+001
  0.19206563E+000  0.21789725E+000  0.35301219E+000  0.51540735E+000  0.85888080E+000  0.97800298E+000  0.13287177E+001  0.24789479E+001  0.40854403E+001  0.58210781E+001  0.92452658E+001
  0.19206563E+000  0.21789731E+000  0.35301920E+000  0.51540740E+000  0.85888081E+000  0.97800299E+000  0.13287186E+001  0.24789482E+001  0.40854958E+001  0.58210780E+001  0.92452659E+001
  0.19206563E+000  0.21789737E+000  0.35302611E+000  0.51540745E+000  0.85888081E+000  0.97800300E+000  0.13287195E+001  0.24789485E+001  0.40855516E+001  0.58210781E+001  0.92452660E+001
  0.19206563E+000  0.21789743E+000  0.35303290E+000  0.51540750E+000  0.85888082E+000  0.97800301E+000  0.13287205E+001  0.24789488E+001  0.40856077E+001  0.58210781E+001  0.92452662E+001
  0.19206563E+000  0.21789749E+000  0.35303959E+000  0.51540755E+000  0.85888084E+000  0.97800302E+000  0.13287214E+001  0.24789491E+001  0.40856640E+001  0.58210782E+001  0.92452664E+001
  0.19206563E+000  0.21789755E+000  0.35304616E+000  0.51540761E+000  0.85888086E+000  0.97800304E+000  0.13287223E+001  0.24789495E+001  0.40857205E+001  0.58210783E+001  0.92452667E+001
  0.19206563E+000  0.21789760E+000  0.35305261E+000  0.51540767E+000  0.85888088E+000  0.97800305E+000  0.13287232E+001  0.24789498E+001  0.40857772E+001  0.58210784E+001  0.92452671E+001
  0.19206563E+000  0.21789766E+000  0.35305895E+000  0.51540773E+000  0.85888091E+000  0.97800306E+000  0.13287241E+001  0.24789501E+001  0.40858341E+001  0.58210786E+001  0.92452675E+001
  0.19206563E+000  0.21789771E+000  0.35306515E+000  0.51540779E+000  0.85888094E+000  0.97800308E+000  0.13287250E+001  0.24789505E+001  0.40858911E+001  0.58210788E+001  0.92452680E+001
  0.19206563E+000  0.21789776E+000  0.35307123E+000  0.51540786E+000  0.85888098E+000  0.97800309E+000  0.13287258E+001  0.24789508E+001  0.40859482E+001  0.58210790E+001  0.92452685E+001
  0.19206563E+000  0.21789782E+000  0.35307719E+000  0.51540792E+000  0.85888102E+000  0.97800311E+000  0.13287267E+001  0.24789512E+001  0.40860054E+001  0.58210793E+001  0.92452691E+001
  0.19206563E+000  0.21789787E+000  0.35308301E+000  0.51540799E+000  0.85888107E+000  0.97800312E+000  0.13287276E+001  0.24789516E+001  0.40860626E+001  0.58210796E+001  0.92452698E+001
  0.19206564E+000  0.21789792E+000  0.35308871E+000  0.51540806E+000  0.85888112E+000  0.97800314E+000  0.13287284E+001  0.24789519E+001  0.40893729E+001  0.58210800E+001  0.92452705E+001
  0.19206564E+000  0.21789797E+000  0.35309427E+000  0.51540813E+000  0.85888118E+000  0.97800316E+000  0.13287293E+001  0.24789523E+001  0.40910573E+001  0.58210803E+001  0.92452712E+001
  0.19206564E+000  0.21789801E+000  0.35309970E+000  0.51540820E+000  0.85888124E+000  0.97800317E+000  0.13287301E+001  0.24789527E+001  0.40911356E+001  0.58210807E+001  0.92452720E+001
  0.19206564E+000  0.21789806E+000  0.35310500E+000  0.51540828E+000  0.85888130E+000  0.97800319E+000  0.13287309E+001  0.24789531E+001  0.40911441E+001  0.58210811E+001  0.92452729E+001
  0.19206564E+000  0.21789811E+000  0.35311016E+000  0.51540835E+000  0.85888137E+000  0.97800321E+000  0.13287318E+001  0.24789535E+001  0.40911527E+001  0.58210816E+001  0.92452738E+001
  0.19206564E+000  0.21789815E+000  0.35311520E+000  0.51540843E+000  0.85888143E+000  0.97800323E+000  0.13287326E+001  0.24789539E+001  0.40911612E+001  0.58210820E+001  0.92452747E+001
  0.19206564E+000  0.21789820E+000  0.35312010E+000  0.51540850E+000  0.85888151E+000  0.97800325E+000  0.13287334E+001  0.24789543E+001  0.40911698E+001  0.58210825E+001  0.92452757E+001
  0.19206564E+000  0.21789824E+000  0.35312487E+000  0.51540858E+000  0.85888158E+000  0.97800327E+000  0.13287341E+001  0.24789547E+001  0.40911783E+001  0.58210830E+001  0.92452767E+001
  0.19206565E+000  0.21789828E+000  0.35312951E+000  0.51540866E+000  0.85888166E+000  0.97800329E+000  0.13287349E+001  0.24789551E+001  0.40911868E+001  0.58210836E+001  0.92452778E+001
  0.19206565E+000  0.21789832E+000  0.35313402E+000  0.51540873E+000  0.85888174E+000  0.97800330E+000  0.13287357E+001  0.24789556E+001  0.40911952E+001  0.58210841E+001  0.92452789E+001
  0.19206565E+000  0.21789837E+000  0.35313841E+000  0.51540881E+000  0.85888182E+000  0.97800332E+000  0.13287364E+001  0.24789560E+001  0.40912037E+001  0.58210847E+001  0.92452800E+001
  0.19206565E+000  0.21789840E+000  0.35314267E+000  0.51540889E+000  0.85888190E+000  0.97800334E+000  0.13287371E+001  0.24789564E+001  0.40913488E+001  0.58210853E+001  0.92452811E+001
  0.19206565E+000  0.21789844E+000  0.35314681E+000  0.51540897E+000  0.85888198E+000  0.97800336E+000  0.13287379E+001  0.24789568E+001  0.40918962E+001  0.58210858E+001  0.92452823E+001
  0.19206565E+000  0.21789848E+000  0.35315082E+000  0.51540904E+000  0.85888207E+000  0.97800338E+000  0.13287386E+001  0.24789572E+001  0.40922216E+001  0.58210864E+001  0.92452834E+001
  0.19206565E+000  0.21789852E+000  0.35315472E+000  0.51540912E+000  0.85888216E+000  0.97800340E+000  0.13287393E+001  0.24789576E+001  0.40925444E+001  0.58210870E+001  0.92452846E+001
  0.19206565E+000  0.21789855E+000  0.35315849E+000  0.51540920E+000  0.85888224E+000  0.97800342E+000  0.13287400E+001  0.24789580E+001  0.40927270E+001  0.58210876E+001  0.92452858E+001
  0.19206566E+000  0.21789859E+000  0.35316216E+000  0.51540928E+000  0.85888233E+000  0.97800344E+000  0.13287406E+001  0.24789584E+001  0.40927839E+001  0.58210882E+001  0.92452870E+001
  0.19206566E+000  0.21789862E+000  0.35316570E+000  0.51540935E+000  0.85888242E+000  0.97800346E+000  0.13287413E+001  0.24789588E+001  0.40933263E+001  0.58210889E+001  0.92452882E+001
  0.19206566E+000  0.21789865E+000  0.35316914E+000  0.51540943E+000  0.85888251E+000  0.97800348E+000  0.13287419E+001  0.24789592E+001  0.40942063E+001  0.58210895E+001  0.92452895E+001
  0.19206566E+000  0.21789869E+000  0.35317247E+000  0.51540950E+000  0.85888259E+000  0.97800350E+000  0.13287426E+001  0.24789596E+001  0.40950774E+001  0.58210901E+001  0.92452907E+001
  0.19206566E+000  0.21789872E+000  0.35317569E+000  0.51540957E+000  0.85888268E+000  0.97800352E+000  0.13287432E+001  0.24789600E+001  0.40957858E+001  0.58210907E+001  0.92452919E+001
  0.19206566E+000  0.21789875E+000  0.35317881E+000  0.51540965E+000  0.85888277E+000  0.97800354E+000  0.13287438E+001  0.24789604E+001  0.40963808E+001  0.58210913E+001  0.92452931E+001
  0.19206566E+000  0.21789878E+000  0.35318183E+000  0.51540972E+000  0.85888285E+000  0.97800356E+000  0.13287444E+001  0.24789608E+001  0.40971899E+001  0.58210919E+001  0.92452943E+001
  0.19206567E+000  0.21789881E+000  0.35318474E+000  0.51540979E+000  0.85888294E+000  0.97800358E+000  0.13287449E+001  0.24789612E+001  0.40981603E+001  0.58210925E+001  0.92452956E+001
  0.19206567E+000  0.21789883E+000  0.35318757E+000  0.51540986E+000  0.85888302E+000  0.97800360E+000  0.13287455E+001  0.24789615E+001  0.40991185E+001  0.58210931E+001  0.92452967E+001
  0.19206567E+000  0.21789886E+000  0.35319030E+000  0.51540992E+000  0.85888311E+000  0.97800361E+000  0.13287460E+001  0.24789619E+001  0.41000643E+001  0.58210937E+001  0.92452979E+001
  0.19206567E+000  0.21789889E+000  0.35319293E+000  0.51540999E+000  0.85888319E+000  0.97800363E+000  0.13287466E+001  0.24789623E+001  0.41004136E+001  0.58210943E+001  0.92452991E+001
  0.19206567E+000  0.21789891E+000  0.35319548E+000  0.51541005E+000  0.85888327E+000  0.97800365E+000  0.13287471E+001  0.24789626E+001  0.41005557E+001  0.58210949E+001  0.92453002E+001
  0.19206567E+000  0.21789894E+000  0.35319794E+000  0.51541012E+000  0.85888334E+000  0.97800366E+000  0.13287476E+001  0.24789630E+001  0.41007483E+001  0.58210954E+001  0.92493375E+001
  0.19206567E+000  0.21789896E+000  0.35320032E+000  0.51541018E+000  0.85888342E+000  0.97800368E+000  0.13287481E+001  0.24789633E+001  0.41009642E+001  0.58210960E+001  0.92494882E+001
  0.19206568E+000  0.21789898E+000  0.35320170E+000  0.51541024E+000  0.85888350E+000  0.97800370E+000  0.13287486E+001  0.24789636E+001  0.41011324E+001  0.58210965E+001  0.92530943E+001
  0.19206568E+000  0.21789900E+000  0.35320195E+000  0.51541030E+000  0.85888357E+000  0.97800371E+000  0.13287490E+001  0.24789639E+001  0.41011350E+001  0.58210970E+001  0.92531948E+001
  0.19206568E+000  0.21789903E+000  0.35320218E+000  0.51541035E+000  0.85888364E+000  0.97800372E+000  0.13287495E+001  0.24789642E+001  0.41011376E+001  0.58210975E+001  0.92532948E+001
  0.19206568E+000  0.21789905E+000  0.35320240E+000  0.51541041E+000  0.85888371E+000  0.97800374E+000  0.13287499E+001  0.24789645E+001  0.41014418E+001  0.58210980E+001  0.92533941E+001
  0.19206568E+000  0.21789907E+000  0.35320262E+000  0.51541046E+000  0.85888377E+000  0.97800375E+000  0.13287504E+001  0.24789648E+001  0.41017842E+001  0.58210985E+001  0.92534926E+001
  0.19206568E+000  0.21789909E+000  0.35320283E+000  0.51541051E+000  0.85888383E+000  0.97800376E+000  0.13287508E+001  0.24789651E+001  0.41021205E+001  0.58210989E+001  0.92535904E+001
  0.19206568E+000  0.21789910E+000  0.35320303E+000  0.51541056E+000  0.85888389E+000  0.97800378E+000  0.13287512E+001  0.24789654E+001  0.41027892E+001  0.58210994E+001  0.92536874E+001
  0.19206568E+000  0.21789912E+000  0.35320323E+000  0.51541060E+000  0.85888395E+000  0.97800379E+000  0.13287516E+001  0.24789657E+001  0.41032422E+001  0.58210998E+001  0.92537834E+001
  0.19206568E+000  0.21789914E+000  0.35320342E+000  0.51541065E+000  0.85888401E+000  0.97800380E+000  0.13287519E+001  0.24789659E+001  0.41032807E+001  0.58211002E+001  0.92538785E+001
  0.19206568E+000  0.21789915E+000  0.35320360E+000  0.51541069E+000  0.85888406E+000  0.97800381E+000  0.13287523E+001  0.24789662E+001  0.41033185E+001  0.58211006E+001  0.92539726E+001
  0.19206569E+000  0.21789917E+000  0.35320377E+000  0.51541073E+000  0.85888411E+000  0.97800382E+000  0.13287526E+001  0.24789664E+001  0.41033555E+001  0.58211009E+001  0.92540657E+001
  0.19206569E+000  0.21789919E+000  0.35320394E+000  0.51541077E+000  0.85888415E+000  0.97800383E+000  0.13287530E+001  0.24789666E+001  0.41056063E+001  0.58211013E+001  0.92541576E+001
  0.19206569E+000  0.21789920E+000  0.35320410E+000  0.51541081E+000  0.85888420E+000  0.97800384E+000  0.13287533E+001  0.24789669E+001  0.41056118E+001  0.58211016E+001  0.92542248E+001
  0.19206569E+000  0.21789921E+000  0.35320425E+000  0.51541084E+000  0.85888424E+000  0.97800385E+000  0.13287536E+001  0.24789671E+001  0.41056172E+001  0.58211019E+001  0.92542521E+001
  0.19206569E+000  0.21789923E+000  0.35320440E+000  0.51541087E+000  0.85888428E+000  0.97800385E+000  0.13287539E+001  0.24789673E+001  0.41056224E+001  0.58211022E+001  0.92542791E+001
  0.19206569E+000  0.21789924E+000  0.35320455E+000  0.51541090E+000  0.85888431E+000  0.97800386E+000  0.13287542E+001  0.24789675E+001  0.41056275E+001  0.58211025E+001  0.92543057E+001
  0.19206569E+000  0.21789925E+000  0.35320468E+000  0.51541093E+000  0.85888435E+000  0.97800387E+000  0.13287545E+001  0.24789676E+001  0.41056325E+001  0.58211027E+001  0.92543319E+001
  0.19206569E+000  0.21789926E+000  0.35320481E+000  0.51541096E+000  0.85888438E+000  0.97800387E+000  0.13287548E+001  0.24789678E+001  0.41056374E+001  0.58211029E+001  0.92543577E+001
  0.19206569E+000  0.21789927E+000  0.35320494E+000  0.51541099E+000  0.85888441E+000  0.97800388E+000  0.13287550E+001  0.24789680E+001  0.41056421E+001  0.58211031E+001  0.92543831E+001
  0.19206569E+000  0.21789928E+000  0.35320506E+000  0.51541101E+000  0.85888443E+000  0.97800389E+000  0.13287553E+001  0.24789681E+001  0.41056467E+001  0.58211033E+001  0.92544081E+001
  0.19206569E+000  0.21789929E+000  0.35320517E+000  0.51541103E+000  0.85888445E+000  0.97800389E+000  0.13287555E+001  0.24789683E+001  0.41056512E+001  0.58211035E+001  0.92544327E+001
  0.19206569E+000  0.21789930E+000  0.35320528E+000  0.51541105E+000  0.85888448E+000  0.97800389E+000  0.13287558E+001  0.24789684E+001  0.41056555E+001  0.58211037E+001  0.92544568E+001
  0.19206569E+000  0.21789931E+000  0.35320539E+000  0.51541107E+000  0.85888449E+000  0.97800390E+000  0.13287560E+001  0.24789686E+001  0.41056598E+001  0.58211038E+001  0.92544805E+001
  0.19206569E+000  0.21789932E+000  0.35320549E+000  0.51541108E+000  0.85880359E+000  0.97800390E+000  0.13287562E+001  0.24789687E+001  0.41056639E+001  0.58211039E+001  0.92545038E+001
  0.19206569E+000  0.21789933E+000  0.35320558E+000  0.51541110E+000  0.85880359E+000  0.97800390E+000  0.13287564E+001  0.24789688E+001  0.41057182E+001  0.58211040E+001  0.92545266E+001
  0.19206569E+000  0.21789933E+000  0.35320567E+000  0.51541111E+000  0.85880359E+000  0.97800391E+000  0.13287566E+001  0.24789689E+001  0.41057851E+001  0.58211041E+001  0.92545490E+001
  0.19206569E+000  0.21789934E+000  0.35320576E+000  0.51541112E+000  0.85880359E+000  0.97800391E+000  0.13287568E+001  0.24789690E+001  0.41058502E+001  0.58211042E+001  0.92545710E+001
  0.19206569E+000  0.21789935E+000  0.35320584E+000  0.51541114E+000  0.85880359E+000  0.97800391E+000  0.13287569E+001  0.24789691E+001  0.41062582E+001  0.58211043E+001  0.92545924E+001
  0.19206569E+000  0.21789935E+000  0.35320592E+000  0.51541114E+000  0.85880359E+000  0.97800391E+000  0.13287571E+001  0.24789692E+001  0.41074979E+001  0.58211043E+001  0.92546135E+001
  0.19206569E+000  0.21789936E+000  0.35320599E+000  0.51541115E+000  0.85880359E+000  0.97800391E+000  0.13287573E+001  0.24789693E+001  0.41075162E+001  0.58211043E+001  0.92546341E+001
  0.19206569E+000  0.21789936E+000  0.35320606E+000  0.51541116E+000  0.85880359E+000  0.97800391E+000  0.13287574E+001  0.24789694E+001  0.41075340E+001  0.58211044E+001  0.92566132E+001
  0.19206569E+000  0.21789937E+000  0.35320613E+000  0.51541116E+000  0.85880359E+000  0.97800391E+000  0.13287575E+001  0.24789694E+001  0.41075513E+001  0.58211044E+001  0.92566574E+001
  0.19206569E+000  0.21789937E+000  0.35320619E+000  0.51541117E+000  0.85880359E+000  0.97800391E+000  0.13287577E+001  0.24789695E+001  0.41075680E+001  0.58211044E+001  0.92567006E+001
  0.19206569E+000  0.21789937E+000  0.35320625E+000  0.51541117E+000  0.85880359E+000  0.97800391E+000  0.13287578E+001  0.24789696E+001  0.41075842E+001  0.58211043E+001  0.92567428E+001
  0.19206569E+000  0.21789938E+000  0.35320631E+000  0.51541117E+000  0.85880359E+000  0.97800391E+000  0.13287579E+001  0.24789696E+001  0.41075999E+001  0.58211043E+001  0.92567839E+001
  0.19206569E+000  0.21789938E+000  0.35320636E+000  0.51541118E+000  0.85880359E+000  0.97800391E+000  0.13287581E+001  0.24789697E+001  0.41076151E+001  0.58211043E+001  0.92568241E+001
  0.19206569E+000  0.21789938E+000  0.35320641E+000  0.51541118E+000  0.85880359E+000  0.97800391E+000  0.13287582E+001  0.24789697E+001  0.41076299E+001  0.58211043E+001  0.92633117E+001
  0.19206569E+000  0.21789939E+000  0.35320645E+000  0.51541118E+000  0.85880359E+000  0.97800391E+000  0.13287583E+001  0.24789698E+001  0.41076441E+001  0.58211042E+001  0.92633489E+001
  0.19206569E+000  0.21789939E+000  0.35320650E+000  0.51541118E+000  0.85880359E+000  0.97800391E+000  0.13287584E+001  0.24789698E+001  0.41076579E+001  0.58211042E+001  0.92633851E+001
  0.19206569E+000  0.21789939E+000  0.35320654E+000  0.51541117E+000  0.85880359E+000  0.97800390E+000  0.13287585E+001  0.24789698E+001  0.41076712E+001  0.58211041E+001  0.92634204E+001
  0.19206569E+000  0.21789939E+000  0.35320658E+000  0.51541117E+000  0.85880359E+000  0.97800390E+000  0.13287585E+001  0.24789699E+001  0.41076841E+001  0.58211040E+001  0.92634548E+001
  0.19206569E+000  0.21789939E+000  0.35320661E+000  0.51541117E+000  0.85888449E+000  0.97800390E+000  0.13287586E+001  0.24789699E+001  0.41076965E+001  0.58211040E+001  0.92634882E+001
  0.19206569E+000  0.21789940E+000  0.35320665E+000  0.51541117E+000  0.85888448E+000  0.97800390E+000  0.13287587E+001  0.24789699E+001  0.41077085E+001  0.58211039E+001  0.92678462E+001
  0.19206569E+000  0.21789940E+000  0.35320668E+000  0.51541116E+000  0.85888447E+000  0.97800390E+000  0.13287588E+001  0.24789699E+001  0.41077200E+001  0.58211038E+001  0.92678570E+001
  0.19206569E+000  0.21789940E+000  0.35320671E+000  0.51541116E+000  0.85888445E+000  0.97800389E+000  0.13287588E+001  0.24789699E+001  0.41077312E+001  0.58211037E+001  0.92678676E+001
  0.19206569E+000  0.21789940E+000  0.35320673E+000  0.51541115E+000  0.85888444E+000  0.97800389E+000  0.13287589E+001  0.24789699E+001  0.41077419E+001  0.58211036E+001  0.92678779E+001
  0.19206569E+000  0.21789940E+000  0.35320676E+000  0.51541114E+000  0.85888442E+000  0.97800389E+000  0.13287590E+001  0.24789700E+001  0.41077523E+001  0.58211035E+001  0.92678879E+001
  0.19206569E+000  0.21789940E+000  0.35320678E+000  0.51541114E+000  0.85888441E+000  0.97800388E+000  0.13287590E+001  0.24789699E+001  0.41077622E+001  0.58211034E+001  0.92678976E+001
  0.19206569E+000  0.21789940E+000  0.35320680E+000  0.51541113E+000  0.85888439E+000  0.97800388E+000  0.13287591E+001  0.24789699E+001  0.41077718E+001  0.58211034E+001  0.92679070E+001
  0.19206569E+000  0.21789940E+000  0.35320683E+000  0.51541115E+000  0.85888441E+000  0.97800387E+000  0.13287592E+001  0.24789699E+001  0.41077811E+001  0.58211037E+001  0.92679157E+001
  0.19206569E+000  0.21789940E+000  0.35320684E+000  0.51541116E+000  0.85888443E+000  0.97800386E+000  0.13287592E+001  0.24789700E+001  0.41077900E+001  0.58211039E+001  0.92700804E+001
