  0.37596777E-002
  0.39122770E-002
  0.40604907E-002
  0.41929799E-002
  0.43084150E-002
  0.44080169E-002
  0.44935705E-002
  0.45668812E-002
  0.46296308E-002
  0.46832908E-002
  0.47291439E-002
  0.47683102E-002
  0.48017567E-002
  0.48303132E-002
  0.48546909E-002
  0.48754998E-002
  0.48932609E-002
  0.49084166E-002
  0.49213459E-002
  0.49323715E-002
  0.49417709E-002
  0.49497800E-002
  0.49566012E-002
  0.49624071E-002
  0.49673453E-002
  0.49715428E-002
  0.49751076E-002
  0.49781327E-002
  0.49806971E-002
  0.49828694E-002
  0.49847081E-002
  0.49862635E-002
  0.49875788E-002
  0.49886909E-002
  0.49896312E-002
  0.49904267E-002
  0.49911003E-002
  0.49916718E-002
  0.49921577E-002
  0.49925723E-002
  0.49929279E-002
  0.49932349E-002
  0.49935025E-002
  0.49937385E-002
  0.49939498E-002
  0.49941423E-002
  0.49943216E-002
  0.49944919E-002
  0.49946572E-002
  0.49948207E-002
  0.49949850E-002
  0.49951519E-002
  0.49953228E-002
  0.49954983E-002
  0.49956787E-002
  0.49958639E-002
  0.49960529E-002
  0.49962452E-002
  0.49964393E-002
  0.49966345E-002
  0.49968292E-002
  0.49970223E-002
  0.49972127E-002
  0.49973993E-002
  0.49975810E-002
  0.49977571E-002
  0.49979268E-002
  0.49980895E-002
  0.49982446E-002
  0.49983919E-002
  0.49985310E-002
  0.49986617E-002
  0.49987839E-002
  0.49988977E-002
  0.49990030E-002
  0.49991000E-002
  0.49991890E-002
  0.49992703E-002
  0.49993440E-002
  0.49994105E-002
  0.49994703E-002
  0.49995236E-002
  0.49995710E-002
  0.49996128E-002
  0.49996494E-002
  0.49996813E-002
  0.49997088E-002
  0.49997324E-002
  0.49997525E-002
  0.49997693E-002
  0.49997834E-002
  0.49997948E-002
  0.49998042E-002
  0.49998116E-002
  0.49998173E-002
  0.49998217E-002
  0.49998249E-002
  0.49998271E-002
  0.49998286E-002
  0.49998294E-002
  0.49998298E-002
  0.49998298E-002
  0.49998295E-002
  0.49998291E-002
  0.49998287E-002
  0.49998282E-002
  0.49998279E-002
  0.49998276E-002
  0.49998275E-002
  0.49998276E-002
  0.49998279E-002
  0.49998285E-002
  0.49998292E-002
  0.49998302E-002
  0.49998315E-002
  0.49998330E-002
  0.49998348E-002
  0.49998368E-002
  0.49998390E-002
  0.49998415E-002
  0.49998442E-002
  0.49998471E-002
  0.49998502E-002
  0.49998535E-002
  0.49998570E-002
  0.49998606E-002
  0.49998644E-002
  0.49998683E-002
  0.49998723E-002
  0.49998764E-002
  0.49998807E-002
  0.49998850E-002
  0.49998894E-002
  0.49998938E-002
  0.49998983E-002
  0.49999028E-002
  0.49999074E-002
  0.49999120E-002
  0.49999165E-002
  0.49999211E-002
  0.49999256E-002
  0.49999301E-002
  0.49999346E-002
  0.49999390E-002
  0.49999434E-002
  0.49999477E-002
  0.49999519E-002
  0.49999560E-002
  0.49999600E-002
  0.49999640E-002
  0.49999678E-002
  0.49999715E-002
  0.49999752E-002
  0.49999786E-002
  0.49999820E-002
  0.49999852E-002
  0.49999883E-002
  0.49999913E-002
  0.49999941E-002
  0.49999968E-002
  0.49999993E-002
  0.50000017E-002
  0.50000040E-002
  0.50000061E-002
  0.50000081E-002
  0.50000099E-002
  0.50000116E-002
  0.50000131E-002
  0.50000146E-002
  0.50000158E-002
  0.50000170E-002
  0.50000180E-002
  0.50000189E-002
  0.50000197E-002
  0.50000203E-002
  0.50000209E-002
  0.50000213E-002
  0.50000217E-002
  0.50000219E-002
  0.50000221E-002
  0.50000222E-002
  0.50000221E-002
  0.50000220E-002
  0.50000219E-002
  0.50000217E-002
  0.50000214E-002
  0.50000210E-002
  0.50000206E-002
  0.50000202E-002
  0.50000197E-002
  0.50000191E-002
  0.50000186E-002
  0.50000180E-002
  0.50000173E-002
  0.50000167E-002
  0.50000160E-002
  0.50000153E-002
  0.50000149E-002
  0.50000173E-002
  0.50000188E-002
