  0.57247202E+000  0.29247603E+000  0.23366420E+001  0.38916336E+002
  0.57886112E+000  0.28792951E+000  0.23391838E+001  0.38928940E+002
  0.57892548E+000  0.28808970E+000  0.23473938E+001  0.38933179E+002
  0.57910292E+000  0.28804303E+000  0.23559099E+001  0.38934574E+002
  0.57916916E+000  0.28923235E+000  0.23558376E+001  0.38941517E+002
  0.57920263E+000  0.28922780E+000  0.23588546E+001  0.38945094E+002
  0.57921834E+000  0.31307793E+000  0.23386234E+001  0.38946868E+002
  0.57929786E+000  0.31309508E+000  0.23445421E+001  0.38945266E+002
  0.57930547E+000  0.31315207E+000  0.23511451E+001  0.38942189E+002
  0.57931125E+000  0.31370264E+000  0.23540863E+001  0.38941599E+002
  0.57931580E+000  0.31377380E+000  0.23554349E+001  0.38942515E+002
  0.57933064E+000  0.31384494E+000  0.23555892E+001  0.38944140E+002
  0.57933122E+000  0.31387403E+000  0.23557422E+001  0.38945424E+002
  0.57933484E+000  0.31389344E+000  0.23558542E+001  0.38946422E+002
  0.57933827E+000  0.31390817E+000  0.23559312E+001  0.38947178E+002
  0.57935176E+000  0.31390930E+000  0.23626559E+001  0.38941051E+002
  0.57934905E+000  0.31424530E+000  0.23632841E+001  0.38940501E+002
  0.57934554E+000  0.31477686E+000  0.23627673E+001  0.38940730E+002
  0.57934169E+000  0.31478923E+000  0.23637630E+001  0.38939821E+002
  0.57933748E+000  0.31479634E+000  0.23637285E+001  0.38939825E+002
  0.57933299E+000  0.31480483E+000  0.23636771E+001  0.38939738E+002
  0.57932828E+000  0.31480912E+000  0.23647479E+001  0.38938444E+002
  0.57932339E+000  0.31481232E+000  0.23646774E+001  0.38938215E+002
  0.57931838E+000  0.31481457E+000  0.23645966E+001  0.38937931E+002
  0.57931327E+000  0.31481604E+000  0.23686010E+001  0.38933505E+002
  0.57930810E+000  0.31481684E+000  0.23685041E+001  0.38933133E+002
  0.57930289E+000  0.31481708E+000  0.23684005E+001  0.38932726E+002
  0.57929768E+000  0.31481688E+000  0.23695696E+001  0.38931010E+002
  0.57929247E+000  0.31481630E+000  0.23694546E+001  0.38930548E+002
  0.57928728E+000  0.31481539E+000  0.23693347E+001  0.38930063E+002
  0.57928213E+000  0.31481429E+000  0.23692104E+001  0.38929560E+002
  0.57927702E+000  0.31481303E+000  0.23690822E+001  0.38929041E+002
  0.57927196E+000  0.31481166E+000  0.23689503E+001  0.38928508E+002
  0.57926696E+000  0.31481022E+000  0.23688151E+001  0.38927964E+002
  0.57926202E+000  0.31480875E+000  0.23686771E+001  0.38927409E+002
  0.57925715E+000  0.31480728E+000  0.23685365E+001  0.38926846E+002
  0.57925234E+000  0.31480586E+000  0.23683936E+001  0.38926274E+002
  0.57924760E+000  0.31480448E+000  0.23682488E+001  0.38925697E+002
  0.57924293E+000  0.31480318E+000  0.23681025E+001  0.38925114E+002
  0.57923832E+000  0.31480197E+000  0.23679548E+001  0.38924525E+002
  0.57923378E+000  0.31480084E+000  0.23678062E+001  0.38923933E+002
  0.57922912E+000  0.31479999E+000  0.23663772E+001  0.38924616E+002
  0.57922468E+000  0.31479906E+000  0.23662275E+001  0.38924017E+002
  0.57922029E+000  0.31479817E+000  0.23660779E+001  0.38923415E+002
  0.57921595E+000  0.31479744E+000  0.23659283E+001  0.38922811E+002
  0.57921165E+000  0.31479682E+000  0.23657794E+001  0.38922206E+002
  0.57920738E+000  0.31479628E+000  0.23656312E+001  0.38921599E+002
  0.57920315E+000  0.31479584E+000  0.23654840E+001  0.38920992E+002
  0.57919894E+000  0.31479548E+000  0.23653381E+001  0.38920386E+002
  0.57919476E+000  0.31479521E+000  0.23651935E+001  0.38919780E+002
  0.57919062E+000  0.31479500E+000  0.23650506E+001  0.38919176E+002
  0.57918650E+000  0.31479487E+000  0.23649094E+001  0.38918575E+002
  0.57918241E+000  0.31479480E+000  0.23647701E+001  0.38917977E+002
  0.57917836E+000  0.31479478E+000  0.23646328E+001  0.38917384E+002
  0.57917435E+000  0.31479481E+000  0.23644976E+001  0.38916795E+002
  0.57917039E+000  0.31479489E+000  0.23643645E+001  0.38916213E+002
  0.57916648E+000  0.31479499E+000  0.23642337E+001  0.38915638E+002
  0.57916264E+000  0.31479512E+000  0.23641052E+001  0.38915071E+002
  0.57915886E+000  0.31479527E+000  0.23639791E+001  0.38914513E+002
  0.57915517E+000  0.31479543E+000  0.23638555E+001  0.38913965E+002
  0.57915156E+000  0.31479559E+000  0.23637345E+001  0.38913427E+002
  0.57914805E+000  0.31479576E+000  0.23636160E+001  0.38912899E+002
  0.57914464E+000  0.31479591E+000  0.23635001E+001  0.38912383E+002
  0.57914134E+000  0.31479606E+000  0.23633870E+001  0.38911879E+002
  0.57913814E+000  0.31479620E+000  0.23632765E+001  0.38911388E+002
  0.57913507E+000  0.31479631E+000  0.23631688E+001  0.38910908E+002
  0.57913211E+000  0.31479640E+000  0.23630638E+001  0.38910442E+002
  0.57912928E+000  0.31479647E+000  0.23629615E+001  0.38909988E+002
  0.57912656E+000  0.31479650E+000  0.23628620E+001  0.38909548E+002
  0.57912397E+000  0.31479651E+000  0.23627651E+001  0.38909120E+002
  0.57912151E+000  0.31479647E+000  0.23626708E+001  0.38908704E+002
  0.57911916E+000  0.31479640E+000  0.23625790E+001  0.38908301E+002
  0.57911693E+000  0.31479630E+000  0.23624897E+001  0.38907911E+002
  0.57911483E+000  0.31479615E+000  0.23624027E+001  0.38907532E+002
  0.57911283E+000  0.31479597E+000  0.23623180E+001  0.38907164E+002
  0.57911095E+000  0.31479574E+000  0.23622355E+001  0.38906808E+002
  0.57910917E+000  0.31479548E+000  0.23621549E+001  0.38906461E+002
  0.57910750E+000  0.31479519E+000  0.23620763E+001  0.38906125E+002
  0.57910593E+000  0.31479486E+000  0.23619994E+001  0.38905798E+002
  0.57910446E+000  0.31479450E+000  0.23619242E+001  0.38905480E+002
  0.57910307E+000  0.31479411E+000  0.23618505E+001  0.38905170E+002
  0.57910177E+000  0.31479370E+000  0.23617781E+001  0.38904867E+002
  0.57910055E+000  0.31479327E+000  0.23617071E+001  0.38904571E+002
  0.57909942E+000  0.31479282E+000  0.23616372E+001  0.38904282E+002
  0.57909835E+000  0.31479236E+000  0.23615684E+001  0.38903998E+002
  0.57909736E+000  0.31479190E+000  0.23615006E+001  0.38903719E+002
  0.57909643E+000  0.31479143E+000  0.23614336E+001  0.38903444E+002
  0.57909557E+000  0.31479095E+000  0.23613675E+001  0.38903173E+002
  0.57909477E+000  0.31479049E+000  0.23613021E+001  0.38902905E+002
  0.57909403E+000  0.31479003E+000  0.23612375E+001  0.38902640E+002
  0.57909334E+000  0.31478959E+000  0.23611735E+001  0.38902377E+002
  0.57909271E+000  0.31478916E+000  0.23611101E+001  0.38902116E+002
  0.57909213E+000  0.31478874E+000  0.23610473E+001  0.38901856E+002
  0.57909161E+000  0.31478835E+000  0.23609852E+001  0.38901597E+002
  0.57909113E+000  0.31478799E+000  0.23609236E+001  0.38901338E+002
  0.57909071E+000  0.31478765E+000  0.23608626E+001  0.38901079E+002
  0.57909033E+000  0.31478734E+000  0.23608022E+001  0.38900819E+002
  0.57909001E+000  0.31478705E+000  0.23607425E+001  0.38900559E+002
  0.57908973E+000  0.31478680E+000  0.23606833E+001  0.38900298E+002
  0.57908950E+000  0.31478659E+000  0.23606249E+001  0.38900035E+002
  0.57908932E+000  0.31478640E+000  0.23605671E+001  0.38899771E+002
  0.57908919E+000  0.31478625E+000  0.23605100E+001  0.38899506E+002
  0.57908910E+000  0.31478613E+000  0.23604537E+001  0.38899238E+002
  0.57908906E+000  0.31478605E+000  0.23603981E+001  0.38898968E+002
  0.57908907E+000  0.31478600E+000  0.23603434E+001  0.38898696E+002
  0.57908913E+000  0.31478598E+000  0.23602895E+001  0.38898422E+002
  0.57908923E+000  0.31478600E+000  0.23602365E+001  0.38898145E+002
  0.57908938E+000  0.31478605E+000  0.23601843E+001  0.38897865E+002
  0.57908957E+000  0.31478614E+000  0.23601331E+001  0.38897583E+002
  0.57908981E+000  0.31478625E+000  0.23600828E+001  0.38897298E+002
  0.57909009E+000  0.31478640E+000  0.23600336E+001  0.38897010E+002
  0.57909042E+000  0.31478657E+000  0.23599853E+001  0.38896719E+002
  0.57909078E+000  0.31478677E+000  0.23599380E+001  0.38896425E+002
  0.57909119E+000  0.31478700E+000  0.23598917E+001  0.38896128E+002
  0.57909164E+000  0.31478726E+000  0.23598466E+001  0.38895828E+002
  0.57909212E+000  0.31478754E+000  0.23598024E+001  0.38895525E+002
  0.57909264E+000  0.31478785E+000  0.23597594E+001  0.38895218E+002
  0.57909320E+000  0.31478817E+000  0.23597174E+001  0.38894909E+002
  0.57909379E+000  0.31478852E+000  0.23596766E+001  0.38894596E+002
  0.57909441E+000  0.31478889E+000  0.23596368E+001  0.38894281E+002
  0.57909507E+000  0.31478927E+000  0.23595982E+001  0.38893962E+002
  0.57909575E+000  0.31478967E+000  0.23595606E+001  0.38893640E+002
  0.57909646E+000  0.31479009E+000  0.23595242E+001  0.38893316E+002
  0.57909719E+000  0.31479052E+000  0.23594889E+001  0.38892988E+002
  0.57909795E+000  0.31479097E+000  0.23594546E+001  0.38892657E+002
  0.57909873E+000  0.31479142E+000  0.23594215E+001  0.38892323E+002
  0.57909952E+000  0.31479189E+000  0.23593894E+001  0.38891987E+002
  0.57910034E+000  0.31479236E+000  0.23593585E+001  0.38891648E+002
  0.57910117E+000  0.31479285E+000  0.23593286E+001  0.38891306E+002
  0.57910202E+000  0.31479334E+000  0.23592997E+001  0.38890961E+002
  0.57910287E+000  0.31479383E+000  0.23592719E+001  0.38890614E+002
  0.57910374E+000  0.31479433E+000  0.23592451E+001  0.38890265E+002
  0.57910462E+000  0.31479483E+000  0.23592194E+001  0.38889913E+002
  0.57910550E+000  0.31479534E+000  0.23591946E+001  0.38889559E+002
  0.57910638E+000  0.31479584E+000  0.23591708E+001  0.38889203E+002
  0.57910727E+000  0.31479635E+000  0.23591480E+001  0.38888845E+002
  0.57910816E+000  0.31479685E+000  0.23591260E+001  0.38888486E+002
  0.57910905E+000  0.31479735E+000  0.23591050E+001  0.38888125E+002
  0.57910994E+000  0.31479785E+000  0.23590849E+001  0.38887762E+002
  0.57911082E+000  0.31479835E+000  0.23590657E+001  0.38887398E+002
  0.57911170E+000  0.31479884E+000  0.23590473E+001  0.38887033E+002
  0.57911257E+000  0.31479933E+000  0.23590297E+001  0.38886667E+002
  0.57911343E+000  0.31479981E+000  0.23590128E+001  0.38886301E+002
  0.57911428E+000  0.31480028E+000  0.23589968E+001  0.38885933E+002
  0.57911512E+000  0.31480075E+000  0.23589815E+001  0.38885566E+002
  0.57911595E+000  0.31480121E+000  0.23589668E+001  0.38885198E+002
  0.57911676E+000  0.31480166E+000  0.23589529E+001  0.38884830E+002
  0.57911756E+000  0.31480210E+000  0.23589396E+001  0.38884463E+002
  0.57911834E+000  0.31480254E+000  0.23589269E+001  0.38884096E+002
  0.57911911E+000  0.31480296E+000  0.23589148E+001  0.38883729E+002
  0.57911986E+000  0.31480337E+000  0.23589033E+001  0.38883364E+002
  0.57912058E+000  0.31480377E+000  0.23588923E+001  0.38882999E+002
  0.57912129E+000  0.31480416E+000  0.23588818E+001  0.38882636E+002
  0.57912198E+000  0.31480454E+000  0.23588718E+001  0.38882274E+002
  0.57912265E+000  0.31480491E+000  0.23588623E+001  0.38881914E+002
  0.57912330E+000  0.31480526E+000  0.23588532E+001  0.38881556E+002
  0.57912393E+000  0.31480560E+000  0.23588445E+001  0.38881200E+002
  0.57912453E+000  0.31480593E+000  0.23588362E+001  0.38880847E+002
  0.57912512E+000  0.31480625E+000  0.23588282E+001  0.38880495E+002
  0.57912568E+000  0.31480655E+000  0.23588206E+001  0.38880147E+002
  0.57912621E+000  0.31480684E+000  0.23588133E+001  0.38879801E+002
  0.57912673E+000  0.31480712E+000  0.23588063E+001  0.38879459E+002
  0.57912722E+000  0.31480738E+000  0.23587995E+001  0.38879119E+002
  0.57912769E+000  0.31480764E+000  0.23587930E+001  0.38878783E+002
  0.57912813E+000  0.31480787E+000  0.23587867E+001  0.38878451E+002
  0.57912856E+000  0.31480810E+000  0.23587807E+001  0.38878122E+002
  0.57912896E+000  0.31480831E+000  0.23587748E+001  0.38877798E+002
  0.57912934E+000  0.31480851E+000  0.23587691E+001  0.38877477E+002
  0.57912970E+000  0.31480870E+000  0.23587636E+001  0.38877160E+002
  0.57913003E+000  0.31480888E+000  0.23587583E+001  0.38876848E+002
  0.57913035E+000  0.31480904E+000  0.23587531E+001  0.38876540E+002
  0.57913064E+000  0.31480920E+000  0.23587480E+001  0.38876237E+002
  0.57913092E+000  0.31480934E+000  0.23587430E+001  0.38875938E+002
  0.57913117E+000  0.31480947E+000  0.23587382E+001  0.38875644E+002
  0.57913141E+000  0.31480959E+000  0.23587334E+001  0.38875355E+002
  0.57913162E+000  0.31480970E+000  0.23587287E+001  0.38875070E+002
  0.57913182E+000  0.31480980E+000  0.23587242E+001  0.38874791E+002
  0.57913201E+000  0.31480989E+000  0.23587197E+001  0.38874517E+002
  0.57913217E+000  0.31480997E+000  0.23587152E+001  0.38874248E+002
  0.57913233E+000  0.31481004E+000  0.23587109E+001  0.38873983E+002
  0.57913246E+000  0.31481010E+000  0.23587066E+001  0.38873725E+002
  0.57913258E+000  0.31481016E+000  0.23587023E+001  0.38873471E+002
  0.57913269E+000  0.31481021E+000  0.23586982E+001  0.38873222E+002
  0.57913279E+000  0.31481025E+000  0.23586941E+001  0.38872979E+002
  0.57913287E+000  0.31481028E+000  0.23586900E+001  0.38872741E+002
  0.57913294E+000  0.31481031E+000  0.23586860E+001  0.38872508E+002
  0.57913300E+000  0.31481033E+000  0.23586820E+001  0.38872281E+002
  0.57913305E+000  0.31481035E+000  0.23586781E+001  0.38872059E+002
  0.57913309E+000  0.31481036E+000  0.23586742E+001  0.38871841E+002
  0.57913313E+000  0.31481037E+000  0.23586704E+001  0.38871630E+002
  0.57913315E+000  0.31481037E+000  0.23586667E+001  0.38871423E+002
  0.57913317E+000  0.31481037E+000  0.23586630E+001  0.38871222E+002
  0.57913318E+000  0.31481036E+000  0.23586593E+001  0.38871025E+002
  0.57913318E+000  0.31481036E+000  0.23586557E+001  0.38870834E+002
  0.57913318E+000  0.31481035E+000  0.23586522E+001  0.38870648E+002
  0.57913318E+000  0.31481033E+000  0.23586487E+001  0.38870466E+002
  0.57913316E+000  0.31481032E+000  0.23586453E+001  0.38870290E+002
  0.57913315E+000  0.31481030E+000  0.23586419E+001  0.38870118E+002
  0.57913313E+000  0.31481028E+000  0.23586385E+001  0.38869952E+002
  0.57913310E+000  0.31481026E+000  0.23586352E+001  0.38869790E+002
