  0.49046815E-002  0.57116700E-001  0.10123147E+001  0.41043590E+002
  0.49066083E-002  0.57125851E-001  0.10126347E+001  0.41060248E+002
  0.49081658E-002  0.57130501E-001  0.10128478E+001  0.41072702E+002
  0.49093922E-002  0.57133023E-001  0.10130044E+001  0.41082583E+002
  0.49103210E-002  0.57134355E-001  0.10131242E+001  0.41090587E+002
  0.49109920E-002  0.57134972E-001  0.10132172E+001  0.41097116E+002
  0.49114465E-002  0.57135149E-001  0.10132893E+001  0.41102452E+002
  0.49117237E-002  0.57135057E-001  0.10133448E+001  0.41106810E+002
  0.49118585E-002  0.57134802E-001  0.10133870E+001  0.41110358E+002
  0.49118814E-002  0.57134451E-001  0.10134184E+001  0.41113235E+002
  0.49118184E-002  0.57134044E-001  0.10134411E+001  0.41115553E+002
  0.49116911E-002  0.57133606E-001  0.10134568E+001  0.41117403E+002
  0.49115166E-002  0.57133149E-001  0.10134669E+001  0.41118860E+002
  0.49113093E-002  0.57132680E-001  0.10134723E+001  0.41119988E+002
  0.49110806E-002  0.57132204E-001  0.10134741E+001  0.41120838E+002
  0.49108392E-002  0.57131722E-001  0.10134728E+001  0.41121453E+002
  0.49105920E-002  0.57131238E-001  0.10134690E+001  0.41121869E+002
  0.49103441E-002  0.57130754E-001  0.10134633E+001  0.41122116E+002
  0.49100992E-002  0.57130272E-001  0.10134560E+001  0.41122219E+002
  0.49098599E-002  0.57129796E-001  0.10134474E+001  0.41122200E+002
  0.49096280E-002  0.57129330E-001  0.10134378E+001  0.41122077E+002
  0.49094048E-002  0.57128876E-001  0.10134273E+001  0.41121864E+002
  0.49091907E-002  0.57128437E-001  0.10134161E+001  0.41121574E+002
  0.49089861E-002  0.57128017E-001  0.10134043E+001  0.41121219E+002
  0.49087909E-002  0.57127618E-001  0.10133921E+001  0.41120807E+002
  0.49086048E-002  0.57127243E-001  0.10133795E+001  0.41120347E+002
  0.49084274E-002  0.57126891E-001  0.10133666E+001  0.41119844E+002
  0.49082582E-002  0.57126565E-001  0.10133533E+001  0.41119306E+002
  0.49080967E-002  0.57126263E-001  0.10133398E+001  0.41118737E+002
  0.49079423E-002  0.57125983E-001  0.10133260E+001  0.41118141E+002
  0.49077943E-002  0.57125724E-001  0.10133120E+001  0.41117522E+002
  0.49076521E-002  0.57125481E-001  0.10132976E+001  0.41116883E+002
  0.49075152E-002  0.57125250E-001  0.10132830E+001  0.41116227E+002
  0.49073829E-002  0.57125027E-001  0.10132680E+001  0.41115556E+002
  0.49072549E-002  0.57124805E-001  0.10132527E+001  0.41114872E+002
  0.49071304E-002  0.57124576E-001  0.10132370E+001  0.41114178E+002
  0.49070091E-002  0.57124335E-001  0.10132210E+001  0.41113474E+002
  0.49068905E-002  0.57124072E-001  0.10132045E+001  0.41112763E+002
  0.49067742E-002  0.57123782E-001  0.10131876E+001  0.41112044E+002
  0.49066599E-002  0.57123456E-001  0.10131703E+001  0.41111320E+002
  0.49065472E-002  0.57123088E-001  0.10131526E+001  0.41110592E+002
  0.49064360E-002  0.57122672E-001  0.10131344E+001  0.41109859E+002
  0.49063259E-002  0.57122202E-001  0.10131158E+001  0.41109124E+002
  0.49062168E-002  0.57121677E-001  0.10130968E+001  0.41108387E+002
  0.49061087E-002  0.57121093E-001  0.10130775E+001  0.41107649E+002
  0.49060014E-002  0.57120451E-001  0.10130578E+001  0.41106910E+002
  0.49058950E-002  0.57119752E-001  0.10130379E+001  0.41106171E+002
  0.49057894E-002  0.57119000E-001  0.10130178E+001  0.41105433E+002
  0.49056849E-002  0.57118200E-001  0.10129975E+001  0.41104697E+002
  0.49055814E-002  0.57117359E-001  0.10129771E+001  0.41103964E+002
  0.49054792E-002  0.57116485E-001  0.10129567E+001  0.41103234E+002
  0.49053785E-002  0.57115587E-001  0.10129364E+001  0.41102509E+002
  0.49052795E-002  0.57114674E-001  0.10129162E+001  0.41101789E+002
  0.49051825E-002  0.57113756E-001  0.10128962E+001  0.41101075E+002
  0.49050877E-002  0.57112843E-001  0.10128765E+001  0.41100368E+002
  0.49049954E-002  0.57111943E-001  0.10128571E+001  0.41099669E+002
  0.49049058E-002  0.57111066E-001  0.10128382E+001  0.41098980E+002
  0.49048192E-002  0.57110219E-001  0.10128196E+001  0.41098300E+002
  0.49047358E-002  0.57109408E-001  0.10128016E+001  0.41097631E+002
  0.49046557E-002  0.57108638E-001  0.10127840E+001  0.41096974E+002
  0.49045793E-002  0.57107915E-001  0.10127671E+001  0.41096329E+002
  0.49045066E-002  0.57107241E-001  0.10127506E+001  0.41095697E+002
  0.49044379E-002  0.57106618E-001  0.10127348E+001  0.41095078E+002
  0.49043732E-002  0.57106049E-001  0.10127195E+001  0.41094474E+002
  0.49043126E-002  0.57105534E-001  0.10127048E+001  0.41093884E+002
  0.49042562E-002  0.57105073E-001  0.10126907E+001  0.41093309E+002
  0.49042042E-002  0.57104667E-001  0.10126772E+001  0.41092748E+002
  0.49041565E-002  0.57104314E-001  0.10126642E+001  0.41092203E+002
  0.49041133E-002  0.57104014E-001  0.10126517E+001  0.41091673E+002
  0.49040745E-002  0.57103765E-001  0.10126398E+001  0.41091158E+002
  0.49040402E-002  0.57103567E-001  0.10126283E+001  0.41090657E+002
  0.49040102E-002  0.57103418E-001  0.10126173E+001  0.41090172E+002
  0.49039847E-002  0.57103315E-001  0.10126068E+001  0.41089700E+002
  0.49039635E-002  0.57103258E-001  0.10125966E+001  0.41089242E+002
  0.49039466E-002  0.57103244E-001  0.10125869E+001  0.41088797E+002
  0.49039338E-002  0.57103271E-001  0.10125775E+001  0.41088365E+002
  0.49039250E-002  0.57103337E-001  0.10125685E+001  0.41087946E+002
  0.49039201E-002  0.57103440E-001  0.10125597E+001  0.41087537E+002
  0.49039188E-002  0.57103578E-001  0.10125513E+001  0.41087140E+002
  0.49039211E-002  0.57103747E-001  0.10125431E+001  0.41086752E+002
  0.49039266E-002  0.57103946E-001  0.10125352E+001  0.41086375E+002
  0.49039352E-002  0.57104173E-001  0.10125274E+001  0.41086005E+002
  0.49039466E-002  0.57104423E-001  0.10125199E+001  0.41085644E+002
  0.49039606E-002  0.57104696E-001  0.10125126E+001  0.41085290E+002
  0.49039768E-002  0.57104987E-001  0.10125054E+001  0.41084943E+002
  0.49039951E-002  0.57105296E-001  0.10124984E+001  0.41084601E+002
  0.49040152E-002  0.57105618E-001  0.10124916E+001  0.41084264E+002
  0.49040369E-002  0.57105953E-001  0.10124848E+001  0.41083932E+002
  0.49040597E-002  0.57106296E-001  0.10124782E+001  0.41083604E+002
  0.49040837E-002  0.57106647E-001  0.10124717E+001  0.41083280E+002
  0.49041084E-002  0.57107002E-001  0.10124654E+001  0.41082957E+002
  0.49041336E-002  0.57107360E-001  0.10124591E+001  0.41082638E+002
  0.49041592E-002  0.57107719E-001  0.10124530E+001  0.41082320E+002
  0.49041850E-002  0.57108077E-001  0.10124470E+001  0.41082003E+002
  0.49042107E-002  0.57108432E-001  0.10124411E+001  0.41081687E+002
  0.49042362E-002  0.57108784E-001  0.10124354E+001  0.41081371E+002
  0.49042613E-002  0.57109130E-001  0.10124297E+001  0.41081056E+002
  0.49042860E-002  0.57109470E-001  0.10124242E+001  0.41080741E+002
  0.49043101E-002  0.57109803E-001  0.10124189E+001  0.41080425E+002
  0.49043334E-002  0.57110127E-001  0.10124136E+001  0.41080108E+002
  0.49043560E-002  0.57110443E-001  0.10124086E+001  0.41079791E+002
  0.49043778E-002  0.57110749E-001  0.10124037E+001  0.41079473E+002
  0.49043986E-002  0.57111045E-001  0.10123989E+001  0.41079153E+002
  0.49044185E-002  0.57111331E-001  0.10123943E+001  0.41078832E+002
  0.49044374E-002  0.57111606E-001  0.10123899E+001  0.41078509E+002
  0.49044553E-002  0.57111872E-001  0.10123857E+001  0.41078185E+002
  0.49044723E-002  0.57112126E-001  0.10123816E+001  0.41077859E+002
  0.49044882E-002  0.57112371E-001  0.10123777E+001  0.41077531E+002
  0.49045032E-002  0.57112606E-001  0.10123740E+001  0.41077201E+002
  0.49045173E-002  0.57112830E-001  0.10123705E+001  0.41076869E+002
  0.49045304E-002  0.57113045E-001  0.10123671E+001  0.41076535E+002
  0.49045426E-002  0.57113251E-001  0.10123640E+001  0.41076200E+002
  0.49045540E-002  0.57113448E-001  0.10123610E+001  0.41075862E+002
  0.49045645E-002  0.57113637E-001  0.10123582E+001  0.41075522E+002
  0.49045743E-002  0.57113818E-001  0.10123556E+001  0.41075180E+002
  0.49045833E-002  0.57113991E-001  0.10123531E+001  0.41074835E+002
  0.49045916E-002  0.57114157E-001  0.10123508E+001  0.41074489E+002
  0.49045993E-002  0.57114316E-001  0.10123487E+001  0.41074140E+002
  0.49046064E-002  0.57114469E-001  0.10123467E+001  0.41073790E+002
  0.49046129E-002  0.57114617E-001  0.10123449E+001  0.41073437E+002
  0.49046188E-002  0.57114759E-001  0.10123432E+001  0.41073082E+002
  0.49046243E-002  0.57114896E-001  0.10123417E+001  0.41072725E+002
  0.49046293E-002  0.57115029E-001  0.10123403E+001  0.41072366E+002
  0.49046339E-002  0.57115158E-001  0.10123391E+001  0.41072006E+002
  0.49046381E-002  0.57115283E-001  0.10123380E+001  0.41071643E+002
  0.49046420E-002  0.57115404E-001  0.10123370E+001  0.41071278E+002
  0.49046455E-002  0.57115522E-001  0.10123361E+001  0.41070912E+002
  0.49046487E-002  0.57115637E-001  0.10123354E+001  0.41070543E+002
  0.49046516E-002  0.57115750E-001  0.10123347E+001  0.41070173E+002
  0.49046543E-002  0.57115860E-001  0.10123341E+001  0.41069802E+002
  0.49046568E-002  0.57115968E-001  0.10123337E+001  0.41069429E+002
  0.49046590E-002  0.57116073E-001  0.10123333E+001  0.41069054E+002
  0.49046611E-002  0.57116177E-001  0.10123330E+001  0.41068678E+002
  0.49046629E-002  0.57116278E-001  0.10123328E+001  0.41068301E+002
  0.49046646E-002  0.57116377E-001  0.10123327E+001  0.41067923E+002
  0.49046662E-002  0.57116475E-001  0.10123326E+001  0.41067543E+002
  0.49046676E-002  0.57116570E-001  0.10123326E+001  0.41067163E+002
  0.49046688E-002  0.57116664E-001  0.10123326E+001  0.41066782E+002
  0.49046700E-002  0.57116756E-001  0.10123327E+001  0.41066401E+002
  0.49046710E-002  0.57116845E-001  0.10123329E+001  0.41066019E+002
  0.49046719E-002  0.57116933E-001  0.10123331E+001  0.41065636E+002
  0.49046727E-002  0.57117018E-001  0.10123333E+001  0.41065254E+002
  0.49046734E-002  0.57117101E-001  0.10123336E+001  0.41064871E+002
  0.49046741E-002  0.57117182E-001  0.10123339E+001  0.41064489E+002
  0.49046746E-002  0.57117260E-001  0.10123342E+001  0.41064107E+002
  0.49046751E-002  0.57117336E-001  0.10123345E+001  0.41063726E+002
  0.49046754E-002  0.57117408E-001  0.10123349E+001  0.41063345E+002
  0.49046758E-002  0.57117479E-001  0.10123352E+001  0.41062965E+002
  0.49046760E-002  0.57117546E-001  0.10123356E+001  0.41062586E+002
  0.49046762E-002  0.57117610E-001  0.10123360E+001  0.41062208E+002
  0.49046763E-002  0.57117671E-001  0.10123364E+001  0.41061832E+002
  0.49046764E-002  0.57117728E-001  0.10123367E+001  0.41061457E+002
  0.49046765E-002  0.57117783E-001  0.10123371E+001  0.41061084E+002
  0.49046764E-002  0.57117833E-001  0.10123375E+001  0.41060713E+002
  0.49046764E-002  0.57117881E-001  0.10123378E+001  0.41060344E+002
  0.49046763E-002  0.57117924E-001  0.10123381E+001  0.41059978E+002
  0.49046762E-002  0.57117964E-001  0.10123384E+001  0.41059614E+002
  0.49046760E-002  0.57118001E-001  0.10123387E+001  0.41059252E+002
  0.49046758E-002  0.57118033E-001  0.10123390E+001  0.41058894E+002
  0.49046756E-002  0.57118062E-001  0.10123392E+001  0.41058538E+002
  0.49046754E-002  0.57118087E-001  0.10123394E+001  0.41058186E+002
  0.49046751E-002  0.57118109E-001  0.10123396E+001  0.41057837E+002
  0.49046749E-002  0.57118126E-001  0.10123397E+001  0.41057491E+002
  0.49046746E-002  0.57118140E-001  0.10123399E+001  0.41057149E+002
  0.49046743E-002  0.57118151E-001  0.10123399E+001  0.41056811E+002
  0.49046740E-002  0.57118158E-001  0.10123400E+001  0.41056477E+002
  0.49046737E-002  0.57118161E-001  0.10123400E+001  0.41056147E+002
  0.49046735E-002  0.57118161E-001  0.10123400E+001  0.41055821E+002
  0.49046732E-002  0.57118157E-001  0.10123399E+001  0.41055500E+002
  0.49046729E-002  0.57118151E-001  0.10123398E+001  0.41055183E+002
  0.49046726E-002  0.57118141E-001  0.10123397E+001  0.41054870E+002
  0.49046724E-002  0.57118128E-001  0.10123395E+001  0.41054563E+002
  0.49046721E-002  0.57118112E-001  0.10123393E+001  0.41054259E+002
  0.49046719E-002  0.57118094E-001  0.10123391E+001  0.41053961E+002
  0.49046716E-002  0.57118073E-001  0.10123388E+001  0.41053668E+002
  0.49046714E-002  0.57118050E-001  0.10123385E+001  0.41053380E+002
  0.49046712E-002  0.57118025E-001  0.10123381E+001  0.41053096E+002
  0.49046710E-002  0.57117997E-001  0.10123378E+001  0.41052818E+002
  0.49046709E-002  0.57117968E-001  0.10123374E+001  0.41052545E+002
  0.49046708E-002  0.57117937E-001  0.10123370E+001  0.41052277E+002
  0.49046706E-002  0.57117904E-001  0.10123365E+001  0.41052015E+002
  0.49046705E-002  0.57117870E-001  0.10123360E+001  0.41051758E+002
  0.49046705E-002  0.57117835E-001  0.10123356E+001  0.41051506E+002
  0.49046704E-002  0.57117798E-001  0.10123350E+001  0.41051259E+002
  0.49046704E-002  0.57117761E-001  0.10123345E+001  0.41051017E+002
  0.49046704E-002  0.57117723E-001  0.10123340E+001  0.41050781E+002
  0.49046704E-002  0.57117684E-001  0.10123334E+001  0.41050551E+002
  0.49046704E-002  0.57117644E-001  0.10123328E+001  0.41050325E+002
  0.49046704E-002  0.57117605E-001  0.10123323E+001  0.41050105E+002
  0.49046705E-002  0.57117565E-001  0.10123317E+001  0.41049890E+002
  0.49046706E-002  0.57117525E-001  0.10123311E+001  0.41049680E+002
  0.49046707E-002  0.57117485E-001  0.10123305E+001  0.41049476E+002
  0.49046708E-002  0.57117445E-001  0.10123299E+001  0.41049276E+002
  0.49046709E-002  0.57117405E-001  0.10123292E+001  0.41049082E+002
  0.49046711E-002  0.57117365E-001  0.10123286E+001  0.41048893E+002
  0.49046712E-002  0.57117326E-001  0.10123280E+001  0.41048709E+002
  0.49046714E-002  0.57117287E-001  0.10123274E+001  0.41048530E+002
  0.49046715E-002  0.57117249E-001  0.10123268E+001  0.41048355E+002
  0.49046716E-002  0.57117212E-001  0.10123262E+001  0.41048186E+002
  0.49046719E-002  0.57117174E-001  0.10123255E+001  0.41048021E+002
