  0.65939137E-001
  0.66108649E-001
  0.66169635E-001
  0.66201197E-001
  0.66221805E-001
  0.66236936E-001
  0.66248638E-001
  0.66257838E-001
  0.66265105E-001
  0.66270834E-001
  0.66275317E-001
  0.66278781E-001
  0.66281409E-001
  0.66283351E-001
  0.66284716E-001
  0.66285605E-001
  0.66286097E-001
  0.66286259E-001
  0.66286144E-001
  0.66285798E-001
  0.66285257E-001
  0.66284550E-001
  0.66283705E-001
  0.66282741E-001
  0.66281676E-001
  0.66280525E-001
  0.66279300E-001
  0.66278012E-001
  0.66276671E-001
  0.66275282E-001
  0.66273853E-001
  0.66272389E-001
  0.66270895E-001
  0.66269373E-001
  0.66267828E-001
  0.66266262E-001
  0.66264677E-001
  0.66263075E-001
  0.66261459E-001
  0.66259829E-001
  0.66258187E-001
  0.66256535E-001
  0.66254875E-001
  0.66253207E-001
  0.66251534E-001
  0.66249857E-001
  0.66248178E-001
  0.66246499E-001
  0.66244823E-001
  0.66243150E-001
  0.66241483E-001
  0.66239826E-001
  0.66238179E-001
  0.66236546E-001
  0.66234929E-001
  0.66233329E-001
  0.66231751E-001
  0.66230196E-001
  0.66228665E-001
  0.66227162E-001
  0.66225688E-001
  0.66224244E-001
  0.66222833E-001
  0.66221455E-001
  0.66220111E-001
  0.66218803E-001
  0.66217531E-001
  0.66216295E-001
  0.66215095E-001
  0.66213932E-001
  0.66212805E-001
  0.66211714E-001
  0.66210658E-001
  0.66209637E-001
  0.66208649E-001
  0.66207693E-001
  0.66206769E-001
  0.66205876E-001
  0.66205010E-001
  0.66204173E-001
  0.66203361E-001
  0.66202574E-001
  0.66201810E-001
  0.66201068E-001
  0.66200345E-001
  0.66199641E-001
  0.66198955E-001
  0.66198284E-001
  0.66197628E-001
  0.66196985E-001
  0.66196354E-001
  0.66195734E-001
  0.66195124E-001
  0.66194522E-001
  0.66193929E-001
  0.66193342E-001
  0.66192761E-001
  0.66192186E-001
  0.66191616E-001
  0.66191050E-001
  0.66190487E-001
  0.66189928E-001
  0.66189371E-001
  0.66188816E-001
  0.66188262E-001
  0.66187711E-001
  0.66187160E-001
  0.66186610E-001
  0.66186060E-001
  0.66185511E-001
  0.66184962E-001
  0.66184413E-001
  0.66183863E-001
  0.66183313E-001
  0.66182762E-001
  0.66182210E-001
  0.66181657E-001
  0.66181103E-001
  0.66180548E-001
  0.66179991E-001
  0.66179433E-001
  0.66178873E-001
  0.66178312E-001
  0.66177749E-001
  0.66177184E-001
  0.66176617E-001
  0.66176049E-001
  0.66175478E-001
  0.66174906E-001
  0.66174332E-001
  0.66173756E-001
  0.66173178E-001
  0.66172598E-001
  0.66172016E-001
  0.66171432E-001
  0.66170847E-001
  0.66170261E-001
  0.66169672E-001
  0.66169083E-001
  0.66168492E-001
  0.66167900E-001
  0.66167307E-001
  0.66166713E-001
  0.66166119E-001
  0.66165524E-001
  0.66164929E-001
  0.66164335E-001
  0.66163740E-001
  0.66163146E-001
  0.66162552E-001
  0.66161960E-001
  0.66161369E-001
  0.66160779E-001
  0.66160191E-001
  0.66159605E-001
  0.66159022E-001
  0.66158441E-001
  0.66157863E-001
  0.66157288E-001
  0.66156716E-001
  0.66156148E-001
  0.66155585E-001
  0.66155025E-001
  0.66154470E-001
  0.66153920E-001
  0.66153375E-001
  0.66152836E-001
  0.66152301E-001
  0.66151773E-001
  0.66151251E-001
  0.66150735E-001
  0.66150226E-001
  0.66149723E-001
  0.66149227E-001
  0.66148739E-001
  0.66148257E-001
  0.66147783E-001
  0.66147317E-001
  0.66146858E-001
  0.66146407E-001
  0.66145964E-001
  0.66145529E-001
  0.66145102E-001
  0.66144683E-001
  0.66144272E-001
  0.66143870E-001
  0.66143476E-001
  0.66143090E-001
  0.66142713E-001
  0.66142345E-001
  0.66141984E-001
  0.66141632E-001
  0.66141288E-001
  0.66140953E-001
  0.66140626E-001
  0.66140307E-001
  0.66139997E-001
  0.66139695E-001
  0.66139400E-001
  0.66139111E-001
