  0.63031227E+000  0.11169884E+000  0.16483082E+000  0.77715439E+000
  0.63022182E+000  0.11228584E+000  0.16427770E+000  0.77652882E+000
  0.63007711E+000  0.11227195E+000  0.16413404E+000  0.77630494E+000
  0.62992667E+000  0.11227750E+000  0.16393810E+000  0.77620898E+000
  0.62979066E+000  0.11294339E+000  0.16319925E+000  0.77605006E+000
  0.62967116E+000  0.11291248E+000  0.16308338E+000  0.77600734E+000
  0.62955024E+000  0.11291909E+000  0.16292442E+000  0.77602336E+000
  0.62944428E+000  0.11290433E+000  0.16275495E+000  0.77610163E+000
  0.62934423E+000  0.11290220E+000  0.16261744E+000  0.77616889E+000
  0.62926524E+000  0.11293242E+000  0.16192073E+000  0.77677627E+000
  0.62919858E+000  0.11292600E+000  0.16126407E+000  0.77739761E+000
  0.62914876E+000  0.11291050E+000  0.16124991E+000  0.77739429E+000
  0.62910384E+000  0.11290455E+000  0.16124163E+000  0.77739268E+000
  0.62907037E+000  0.11289711E+000  0.16123609E+000  0.77739735E+000
  0.62904301E+000  0.11289250E+000  0.16123263E+000  0.77740734E+000
  0.62902939E+000  0.11288223E+000  0.16110371E+000  0.77754879E+000
  0.62901634E+000  0.11287873E+000  0.16108593E+000  0.77758393E+000
  0.62900694E+000  0.11287799E+000  0.16107874E+000  0.77761264E+000
  0.62900510E+000  0.11287552E+000  0.16106179E+000  0.77765452E+000
  0.62900808E+000  0.11287348E+000  0.16106441E+000  0.77767966E+000
  0.62901539E+000  0.11287185E+000  0.16106813E+000  0.77770607E+000
  0.62902660E+000  0.11287059E+000  0.16105153E+000  0.77775482E+000
  0.62904131E+000  0.11286970E+000  0.16105597E+000  0.77778427E+000
  0.62905917E+000  0.11286915E+000  0.16106160E+000  0.77781402E+000
  0.62907986E+000  0.11286895E+000  0.16062695E+000  0.77828535E+000
  0.62910309E+000  0.11286909E+000  0.16063330E+000  0.77831681E+000
  0.62912860E+000  0.11286956E+000  0.16064029E+000  0.77834863E+000
  0.62915613E+000  0.11287035E+000  0.16062390E+000  0.77840469E+000
  0.62918546E+000  0.11287148E+000  0.16063161E+000  0.77843742E+000
  0.62921635E+000  0.11287286E+000  0.16063969E+000  0.77847052E+000
  0.62924860E+000  0.11287463E+000  0.16064795E+000  0.77850390E+000
  0.62928200E+000  0.11287671E+000  0.16065645E+000  0.77853751E+000
  0.62931634E+000  0.11287911E+000  0.16066514E+000  0.77857127E+000
  0.62935143E+000  0.11288182E+000  0.16067400E+000  0.77860510E+000
  0.62938708E+000  0.11288482E+000  0.16068298E+000  0.77863894E+000
  0.62942309E+000  0.11288811E+000  0.16069206E+000  0.77867269E+000
  0.62945930E+000  0.11289166E+000  0.16070120E+000  0.77870628E+000
  0.62949552E+000  0.11289545E+000  0.16071037E+000  0.77873961E+000
  0.62953159E+000  0.11289947E+000  0.16071953E+000  0.77877260E+000
  0.62956735E+000  0.11290369E+000  0.16072865E+000  0.77880517E+000
  0.62960267E+000  0.11290808E+000  0.16073769E+000  0.77883722E+000
  0.62963725E+000  0.11291277E+000  0.16077040E+000  0.77884491E+000
  0.62967129E+000  0.11291742E+000  0.16077920E+000  0.77887570E+000
  0.62970455E+000  0.11292204E+000  0.16078793E+000  0.77890577E+000
  0.62973695E+000  0.11292681E+000  0.16079637E+000  0.77893504E+000
  0.62976842E+000  0.11293159E+000  0.16080460E+000  0.77896348E+000
  0.62979893E+000  0.11293637E+000  0.16081260E+000  0.77899106E+000
  0.62982845E+000  0.11294111E+000  0.16082036E+000  0.77901776E+000
  0.62985698E+000  0.11294579E+000  0.16082788E+000  0.77904357E+000
  0.62988453E+000  0.11295039E+000  0.16083515E+000  0.77906849E+000
  0.62991112E+000  0.11295490E+000  0.16084218E+000  0.77909253E+000
  0.62993679E+000  0.11295930E+000  0.16084897E+000  0.77911572E+000
  0.62996157E+000  0.11296358E+000  0.16085552E+000  0.77913809E+000
  0.62998551E+000  0.11296774E+000  0.16086185E+000  0.77915967E+000
  0.63000865E+000  0.11297178E+000  0.16086796E+000  0.77918048E+000
  0.63003103E+000  0.11297568E+000  0.16087388E+000  0.77920055E+000
  0.63005268E+000  0.11297945E+000  0.16087955E+000  0.77921997E+000
  0.63007364E+000  0.11298310E+000  0.16088509E+000  0.77923866E+000
  0.63009393E+000  0.11298661E+000  0.16088904E+000  0.77925810E+000
  0.63011357E+000  0.11299000E+000  0.16089423E+000  0.77927549E+000
  0.63013255E+000  0.11299326E+000  0.16089925E+000  0.77929224E+000
  0.63015088E+000  0.11299639E+000  0.16090410E+000  0.77930836E+000
  0.63016856E+000  0.11299940E+000  0.16090879E+000  0.77932386E+000
  0.63018557E+000  0.11300229E+000  0.16091331E+000  0.77933872E+000
  0.63020191E+000  0.11300505E+000  0.16091766E+000  0.77935294E+000
  0.63021756E+000  0.11300769E+000  0.16092184E+000  0.77936653E+000
  0.63023250E+000  0.11301020E+000  0.16092585E+000  0.77937947E+000
  0.63024673E+000  0.11301259E+000  0.16092967E+000  0.77939175E+000
  0.63026024E+000  0.11301485E+000  0.16093332E+000  0.77940339E+000
  0.63027301E+000  0.11301699E+000  0.16093679E+000  0.77941437E+000
  0.63028505E+000  0.11301901E+000  0.16094007E+000  0.77942470E+000
  0.63029636E+000  0.11302091E+000  0.16094316E+000  0.77943438E+000
  0.63030693E+000  0.11302268E+000  0.16094607E+000  0.77944343E+000
  0.63031679E+000  0.11302434E+000  0.16094879E+000  0.77945184E+000
  0.63032594E+000  0.11302589E+000  0.16095133E+000  0.77945964E+000
  0.63033440E+000  0.11302733E+000  0.16095369E+000  0.77946685E+000
  0.63034219E+000  0.11302866E+000  0.16095587E+000  0.77947348E+000
  0.63034935E+000  0.11302989E+000  0.16095788E+000  0.77947955E+000
  0.63035588E+000  0.11303102E+000  0.16095973E+000  0.77948510E+000
  0.63036183E+000  0.11303207E+000  0.16096141E+000  0.77949014E+000
  0.63036723E+000  0.11303303E+000  0.16096294E+000  0.77949470E+000
  0.63037211E+000  0.11303390E+000  0.16096432E+000  0.77949882E+000
  0.63037649E+000  0.11303471E+000  0.16096556E+000  0.77950253E+000
  0.63038042E+000  0.11303545E+000  0.16096667E+000  0.77950584E+000
  0.63038393E+000  0.11303612E+000  0.16096766E+000  0.77950880E+000
  0.63038706E+000  0.11303674E+000  0.16096853E+000  0.77951142E+000
  0.63038983E+000  0.11303730E+000  0.16096930E+000  0.77951375E+000
  0.63039227E+000  0.11303782E+000  0.16096997E+000  0.77951581E+000
  0.63039443E+000  0.11303830E+000  0.16097055E+000  0.77951762E+000
  0.63039632E+000  0.11303873E+000  0.16097105E+000  0.77951921E+000
  0.63039798E+000  0.11303913E+000  0.16097148E+000  0.77952061E+000
  0.63039943E+000  0.11303951E+000  0.16097184E+000  0.77952183E+000
  0.63040069E+000  0.11303985E+000  0.16097215E+000  0.77952291E+000
  0.63040180E+000  0.11304017E+000  0.16097241E+000  0.77952385E+000
  0.63040276E+000  0.11304047E+000  0.16097262E+000  0.77952468E+000
  0.63040360E+000  0.11304075E+000  0.16097280E+000  0.77952541E+000
  0.63040434E+000  0.11304101E+000  0.16097295E+000  0.77952606E+000
  0.63040498E+000  0.11304127E+000  0.16097307E+000  0.77952664E+000
  0.63040556E+000  0.11304150E+000  0.16097317E+000  0.77952716E+000
  0.63040606E+000  0.11304173E+000  0.16097326E+000  0.77952764E+000
  0.63040652E+000  0.11304195E+000  0.16097333E+000  0.77952808E+000
  0.63040693E+000  0.11304216E+000  0.16097340E+000  0.77952849E+000
  0.63040731E+000  0.11304237E+000  0.16097346E+000  0.77952888E+000
  0.63040766E+000  0.11304257E+000  0.16097351E+000  0.77952925E+000
  0.63040799E+000  0.11304276E+000  0.16097357E+000  0.77952961E+000
  0.63040831E+000  0.11304295E+000  0.16097363E+000  0.77952996E+000
  0.63040861E+000  0.11304314E+000  0.16097369E+000  0.77953031E+000
  0.63040890E+000  0.11304333E+000  0.16097375E+000  0.77953065E+000
  0.63040918E+000  0.11304351E+000  0.16097382E+000  0.77953100E+000
  0.63040946E+000  0.11304369E+000  0.16097389E+000  0.77953135E+000
  0.63040974E+000  0.11304387E+000  0.16097397E+000  0.77953170E+000
  0.63041001E+000  0.11304405E+000  0.16097405E+000  0.77953205E+000
  0.63041028E+000  0.11304423E+000  0.16097414E+000  0.77953241E+000
  0.63041056E+000  0.11304441E+000  0.16097424E+000  0.77953278E+000
  0.63041083E+000  0.11304458E+000  0.16097434E+000  0.77953314E+000
  0.63041111E+000  0.11304476E+000  0.16097445E+000  0.77953352E+000
  0.63041138E+000  0.11304493E+000  0.16097456E+000  0.77953389E+000
  0.63041166E+000  0.11304511E+000  0.16097467E+000  0.77953427E+000
  0.63041193E+000  0.11304528E+000  0.16097479E+000  0.77953466E+000
  0.63041221E+000  0.11304545E+000  0.16097492E+000  0.77953504E+000
  0.63041248E+000  0.11304562E+000  0.16097505E+000  0.77953543E+000
  0.63041276E+000  0.11304579E+000  0.16097518E+000  0.77953582E+000
  0.63041303E+000  0.11304595E+000  0.16097531E+000  0.77953621E+000
  0.63041330E+000  0.11304612E+000  0.16097545E+000  0.77953660E+000
  0.63041357E+000  0.11304628E+000  0.16097558E+000  0.77953699E+000
  0.63041384E+000  0.11304644E+000  0.16097572E+000  0.77953738E+000
  0.63041410E+000  0.11304659E+000  0.16097586E+000  0.77953777E+000
  0.63041436E+000  0.11304675E+000  0.16097600E+000  0.77953815E+000
  0.63041462E+000  0.11304690E+000  0.16097614E+000  0.77953853E+000
  0.63041487E+000  0.11304704E+000  0.16097628E+000  0.77953891E+000
  0.63041512E+000  0.11304719E+000  0.16097642E+000  0.77953928E+000
  0.63041537E+000  0.11304733E+000  0.16097656E+000  0.77953965E+000
  0.63041561E+000  0.11304746E+000  0.16097670E+000  0.77954001E+000
  0.63041585E+000  0.11304759E+000  0.16097684E+000  0.77954037E+000
  0.63041608E+000  0.11304772E+000  0.16097698E+000  0.77954071E+000
  0.63041630E+000  0.11304784E+000  0.16097711E+000  0.77954106E+000
  0.63041652E+000  0.11304796E+000  0.16097724E+000  0.77954139E+000
  0.63041674E+000  0.11304808E+000  0.16097738E+000  0.77954171E+000
  0.63041695E+000  0.11304819E+000  0.16097750E+000  0.77954203E+000
  0.63041715E+000  0.11304830E+000  0.16097763E+000  0.77954234E+000
  0.63041735E+000  0.11304840E+000  0.16097775E+000  0.77954264E+000
  0.63041754E+000  0.11304850E+000  0.16097788E+000  0.77954293E+000
  0.63041772E+000  0.11304859E+000  0.16097799E+000  0.77954321E+000
  0.63041790E+000  0.11304869E+000  0.16097811E+000  0.77954348E+000
  0.63041807E+000  0.11304877E+000  0.16097822E+000  0.77954374E+000
  0.63041824E+000  0.11304886E+000  0.16097833E+000  0.77954398E+000
  0.63041840E+000  0.11304894E+000  0.16097844E+000  0.77954422E+000
  0.63041855E+000  0.11304901E+000  0.16097854E+000  0.77954445E+000
  0.63041869E+000  0.11304908E+000  0.16097864E+000  0.77954467E+000
  0.63041883E+000  0.11304915E+000  0.16097874E+000  0.77954488E+000
  0.63041896E+000  0.11304922E+000  0.16097883E+000  0.77954507E+000
  0.63041909E+000  0.11304928E+000  0.16097892E+000  0.77954526E+000
  0.63041921E+000  0.11304934E+000  0.16097901E+000  0.77954543E+000
  0.63041932E+000  0.11304939E+000  0.16097909E+000  0.77954560E+000
  0.63041942E+000  0.11304945E+000  0.16097917E+000  0.77954575E+000
  0.63041952E+000  0.11304950E+000  0.16097925E+000  0.77954589E+000
  0.63041962E+000  0.11304954E+000  0.16097932E+000  0.77954603E+000
  0.63041970E+000  0.11304959E+000  0.16097939E+000  0.77954615E+000
  0.63041979E+000  0.11304963E+000  0.16097946E+000  0.77954626E+000
  0.63041986E+000  0.11304967E+000  0.16097952E+000  0.77954637E+000
  0.63041993E+000  0.11304970E+000  0.16097958E+000  0.77954646E+000
  0.63042000E+000  0.11304974E+000  0.16097963E+000  0.77954654E+000
  0.63042006E+000  0.11304977E+000  0.16097969E+000  0.77954662E+000
  0.63042011E+000  0.11304980E+000  0.16097974E+000  0.77954669E+000
  0.63042016E+000  0.11304982E+000  0.16097978E+000  0.77954674E+000
  0.63042021E+000  0.11304985E+000  0.16097983E+000  0.77954679E+000
  0.63042025E+000  0.11304987E+000  0.16097987E+000  0.77954684E+000
  0.63042029E+000  0.11304989E+000  0.16097990E+000  0.77954687E+000
  0.63042032E+000  0.11304991E+000  0.16097994E+000  0.77954690E+000
  0.63042036E+000  0.11304993E+000  0.16097997E+000  0.77954692E+000
  0.63042038E+000  0.11304994E+000  0.16098000E+000  0.77954694E+000
  0.63042041E+000  0.11304996E+000  0.16098003E+000  0.77954694E+000
  0.63042043E+000  0.11304997E+000  0.16098006E+000  0.77954695E+000
  0.63042045E+000  0.11304998E+000  0.16098008E+000  0.77954694E+000
  0.63042047E+000  0.11304999E+000  0.16098010E+000  0.77954694E+000
  0.63042048E+000  0.11305000E+000  0.16098012E+000  0.77954692E+000
  0.63042050E+000  0.11305001E+000  0.16098014E+000  0.77954691E+000
  0.63042051E+000  0.11305002E+000  0.16098015E+000  0.77954689E+000
  0.63042052E+000  0.11305002E+000  0.16098017E+000  0.77954686E+000
  0.63042053E+000  0.11305003E+000  0.16098018E+000  0.77954683E+000
  0.63042054E+000  0.11305003E+000  0.16098019E+000  0.77954680E+000
  0.63042054E+000  0.11305003E+000  0.16098020E+000  0.77954677E+000
  0.63042055E+000  0.11305004E+000  0.16098021E+000  0.77954673E+000
  0.63042056E+000  0.11305004E+000  0.16098021E+000  0.77954669E+000
  0.63042056E+000  0.11305004E+000  0.16098022E+000  0.77954665E+000
  0.63042057E+000  0.11305004E+000  0.16098022E+000  0.77954661E+000
  0.63042057E+000  0.11305004E+000  0.16098023E+000  0.77954657E+000
  0.63042057E+000  0.11305004E+000  0.16098023E+000  0.77954652E+000
  0.63042058E+000  0.11305004E+000  0.16098023E+000  0.77954648E+000
  0.63042058E+000  0.11305004E+000  0.16098023E+000  0.77954643E+000
  0.63042059E+000  0.11305004E+000  0.16098023E+000  0.77954638E+000
  0.63042059E+000  0.11305004E+000  0.16098023E+000  0.77954634E+000
  0.63042059E+000  0.11305004E+000  0.16098023E+000  0.77954629E+000
  0.63042060E+000  0.11305004E+000  0.16098023E+000  0.77954624E+000
  0.63042060E+000  0.11305004E+000  0.16098023E+000  0.77954620E+000
  0.63042061E+000  0.11305004E+000  0.16098023E+000  0.77954615E+000
  0.63042062E+000  0.11305004E+000  0.16098023E+000  0.77954610E+000
  0.63042063E+000  0.11305004E+000  0.16098023E+000  0.77954606E+000
  0.63042064E+000  0.11305004E+000  0.16098022E+000  0.77954602E+000
  0.63042064E+000  0.11305004E+000  0.16098022E+000  0.77954592E+000
