 -0.51982404E-001  0.47365254E-002  0.44192679E+000  0.12893155E+001
 -0.52000341E-001  0.47329156E-002  0.44181888E+000  0.12887628E+001
 -0.52014305E-001  0.47308189E-002  0.44173228E+000  0.12883393E+001
 -0.52025146E-001  0.47294932E-002  0.44166044E+000  0.12879865E+001
 -0.52033362E-001  0.47286598E-002  0.44160040E+000  0.12876877E+001
 -0.52039374E-001  0.47281621E-002  0.44155028E+000  0.12874354E+001
 -0.52043559E-001  0.47278903E-002  0.44150865E+000  0.12872242E+001
 -0.52046255E-001  0.47277653E-002  0.44147436E+000  0.12870494E+001
 -0.52047753E-001  0.47277321E-002  0.44144643E+000  0.12869064E+001
 -0.52048303E-001  0.47277529E-002  0.44142397E+000  0.12867913E+001
 -0.52048117E-001  0.47278026E-002  0.44140621E+000  0.12867004E+001
 -0.52047369E-001  0.47278661E-002  0.44139245E+000  0.12866306E+001
 -0.52046201E-001  0.47279348E-002  0.44138211E+000  0.12865789E+001
 -0.52044729E-001  0.47280045E-002  0.44137466E+000  0.12865431E+001
 -0.52043044E-001  0.47280740E-002  0.44136968E+000  0.12865208E+001
 -0.52041219E-001  0.47281431E-002  0.44136680E+000  0.12865104E+001
 -0.52039310E-001  0.47282129E-002  0.44136573E+000  0.12865104E+001
 -0.52037361E-001  0.47282842E-002  0.44136621E+000  0.12865192E+001
 -0.52035404E-001  0.47283581E-002  0.44136804E+000  0.12865360E+001
 -0.52033463E-001  0.47284355E-002  0.44137106E+000  0.12865597E+001
 -0.52031557E-001  0.47285172E-002  0.44137512E+000  0.12865894E+001
 -0.52029696E-001  0.47286039E-002  0.44138012E+000  0.12866246E+001
 -0.52027890E-001  0.47286963E-002  0.44138599E+000  0.12866645E+001
 -0.52026142E-001  0.47287950E-002  0.44139264E+000  0.12867087E+001
 -0.52024456E-001  0.47289005E-002  0.44140003E+000  0.12867567E+001
 -0.52022831E-001  0.47290135E-002  0.44140811E+000  0.12868081E+001
 -0.52021267E-001  0.47291345E-002  0.44141684E+000  0.12868624E+001
 -0.52019762E-001  0.47292641E-002  0.44142621E+000  0.12869194E+001
 -0.52018315E-001  0.47294030E-002  0.44143617E+000  0.12869788E+001
 -0.52016922E-001  0.47295517E-002  0.44144671E+000  0.12870401E+001
 -0.52015581E-001  0.47297110E-002  0.44145780E+000  0.12871032E+001
 -0.52014290E-001  0.47298812E-002  0.44146941E+000  0.12871677E+001
 -0.52013045E-001  0.47300628E-002  0.44148151E+000  0.12872334E+001
 -0.52011845E-001  0.47302560E-002  0.44149406E+000  0.12872999E+001
 -0.52010686E-001  0.47304609E-002  0.44150703E+000  0.12873671E+001
 -0.52009568E-001  0.47306773E-002  0.44152036E+000  0.12874345E+001
 -0.52008487E-001  0.47309046E-002  0.44153399E+000  0.12875021E+001
 -0.52007441E-001  0.47311422E-002  0.44154789E+000  0.12875694E+001
 -0.52006430E-001  0.47313888E-002  0.44156197E+000  0.12876363E+001
 -0.52005451E-001  0.47316432E-002  0.44157617E+000  0.12877026E+001
 -0.52004504E-001  0.47319036E-002  0.44159043E+000  0.12877679E+001
 -0.52003586E-001  0.47321681E-002  0.44160466E+000  0.12878321E+001
 -0.52002695E-001  0.47324347E-002  0.44161881E+000  0.12878951E+001
 -0.52001832E-001  0.47327013E-002  0.44163280E+000  0.12879567E+001
 -0.52000994E-001  0.47329656E-002  0.44164658E+000  0.12880167E+001
 -0.52000179E-001  0.47332255E-002  0.44166007E+000  0.12880750E+001
 -0.51999386E-001  0.47334791E-002  0.44167324E+000  0.12881317E+001
 -0.51998614E-001  0.47337248E-002  0.44168605E+000  0.12881866E+001
 -0.51997861E-001  0.47339611E-002  0.44169846E+000  0.12882397E+001
 -0.51997126E-001  0.47341869E-002  0.44171044E+000  0.12882911E+001
 -0.51996407E-001  0.47344016E-002  0.44172200E+000  0.12883408E+001
 -0.51995703E-001  0.47346047E-002  0.44173311E+000  0.12883888E+001
 -0.51995014E-001  0.47347963E-002  0.44174380E+000  0.12884353E+001
 -0.51994339E-001  0.47349766E-002  0.44175406E+000  0.12884801E+001
 -0.51993678E-001  0.47351461E-002  0.44176390E+000  0.12885236E+001
 -0.51993030E-001  0.47353052E-002  0.44177336E+000  0.12885656E+001
 -0.51992396E-001  0.47354549E-002  0.44178243E+000  0.12886062E+001
 -0.51991776E-001  0.47355957E-002  0.44179115E+000  0.12886456E+001
 -0.51991171E-001  0.47357284E-002  0.44179952E+000  0.12886837E+001
 -0.51990581E-001  0.47358537E-002  0.44180757E+000  0.12887205E+001
 -0.51990009E-001  0.47359722E-002  0.44181529E+000  0.12887561E+001
 -0.51989454E-001  0.47360842E-002  0.44182271E+000  0.12887905E+001
 -0.51988918E-001  0.47361903E-002  0.44182983E+000  0.12888236E+001
 -0.51988402E-001  0.47362907E-002  0.44183664E+000  0.12888554E+001
 -0.51987907E-001  0.47363856E-002  0.44184316E+000  0.12888860E+001
 -0.51987434E-001  0.47364751E-002  0.44184939E+000  0.12889152E+001
 -0.51986984E-001  0.47365593E-002  0.44185532E+000  0.12889432E+001
 -0.51986557E-001  0.47366382E-002  0.44186095E+000  0.12889698E+001
 -0.51986154E-001  0.47367118E-002  0.44186629E+000  0.12889950E+001
 -0.51985775E-001  0.47367802E-002  0.44187133E+000  0.12890189E+001
 -0.51985421E-001  0.47368433E-002  0.44187607E+000  0.12890414E+001
 -0.51985091E-001  0.47369012E-002  0.44188052E+000  0.12890625E+001
 -0.51984786E-001  0.47369538E-002  0.44188468E+000  0.12890823E+001
 -0.51984505E-001  0.47370012E-002  0.44188855E+000  0.12891008E+001
 -0.51984248E-001  0.47370435E-002  0.44189215E+000  0.12891179E+001
 -0.51984014E-001  0.47370807E-002  0.44189547E+000  0.12891338E+001
 -0.51983803E-001  0.47371130E-002  0.44189854E+000  0.12891484E+001
 -0.51983613E-001  0.47371405E-002  0.44190135E+000  0.12891619E+001
 -0.51983444E-001  0.47371633E-002  0.44190392E+000  0.12891742E+001
 -0.51983294E-001  0.47371817E-002  0.44190626E+000  0.12891854E+001
 -0.51983162E-001  0.47371958E-002  0.44190839E+000  0.12891955E+001
 -0.51983048E-001  0.47372059E-002  0.44191031E+000  0.12892047E+001
 -0.51982950E-001  0.47372122E-002  0.44191204E+000  0.12892130E+001
 -0.51982866E-001  0.47372148E-002  0.44191360E+000  0.12892205E+001
 -0.51982796E-001  0.47372142E-002  0.44191500E+000  0.12892272E+001
 -0.51982738E-001  0.47372104E-002  0.44191624E+000  0.12892331E+001
 -0.51982691E-001  0.47372038E-002  0.44191734E+000  0.12892384E+001
 -0.51982654E-001  0.47371946E-002  0.44191832E+000  0.12892431E+001
 -0.51982625E-001  0.47371831E-002  0.44191919E+000  0.12892472E+001
 -0.51982605E-001  0.47371696E-002  0.44191995E+000  0.12892509E+001
 -0.51982590E-001  0.47371542E-002  0.44192062E+000  0.12892541E+001
 -0.51982582E-001  0.47371372E-002  0.44192121E+000  0.12892569E+001
 -0.51982578E-001  0.47371190E-002  0.44192173E+000  0.12892594E+001
 -0.51982578E-001  0.47370996E-002  0.44192218E+000  0.12892616E+001
 -0.51982581E-001  0.47370793E-002  0.44192257E+000  0.12892635E+001
 -0.51982586E-001  0.47370584E-002  0.44192291E+000  0.12892652E+001
 -0.51982594E-001  0.47370369E-002  0.44192320E+000  0.12892668E+001
 -0.51982602E-001  0.47370152E-002  0.44192346E+000  0.12892681E+001
 -0.51982612E-001  0.47369932E-002  0.44192368E+000  0.12892694E+001
 -0.51982622E-001  0.47369713E-002  0.44192388E+000  0.12892705E+001
 -0.51982633E-001  0.47369495E-002  0.44192405E+000  0.12892716E+001
 -0.51982643E-001  0.47369280E-002  0.44192419E+000  0.12892726E+001
 -0.51982652E-001  0.47369068E-002  0.44192432E+000  0.12892735E+001
 -0.51982661E-001  0.47368860E-002  0.44192443E+000  0.12892744E+001
 -0.51982670E-001  0.47368658E-002  0.44192453E+000  0.12892753E+001
 -0.51982677E-001  0.47368461E-002  0.44192462E+000  0.12892761E+001
 -0.51982683E-001  0.47368271E-002  0.44192470E+000  0.12892770E+001
 -0.51982689E-001  0.47368088E-002  0.44192477E+000  0.12892778E+001
 -0.51982693E-001  0.47367912E-002  0.44192483E+000  0.12892786E+001
 -0.51982696E-001  0.47367743E-002  0.44192489E+000  0.12892795E+001
 -0.51982698E-001  0.47367582E-002  0.44192494E+000  0.12892803E+001
 -0.51982698E-001  0.47367428E-002  0.44192498E+000  0.12892812E+001
 -0.51982698E-001  0.47367282E-002  0.44192503E+000  0.12892821E+001
 -0.51982696E-001  0.47367143E-002  0.44192507E+000  0.12892830E+001
 -0.51982694E-001  0.47367011E-002  0.44192510E+000  0.12892839E+001
 -0.51982691E-001  0.47366887E-002  0.44192514E+000  0.12892848E+001
 -0.51982686E-001  0.47366769E-002  0.44192517E+000  0.12892857E+001
 -0.51982681E-001  0.47366658E-002  0.44192520E+000  0.12892866E+001
 -0.51982675E-001  0.47366553E-002  0.44192523E+000  0.12892875E+001
 -0.51982668E-001  0.47366455E-002  0.44192526E+000  0.12892884E+001
 -0.51982660E-001  0.47366362E-002  0.44192529E+000  0.12892894E+001
 -0.51982652E-001  0.47366275E-002  0.44192531E+000  0.12892903E+001
 -0.51982643E-001  0.47366192E-002  0.44192534E+000  0.12892913E+001
 -0.51982633E-001  0.47366115E-002  0.44192536E+000  0.12892922E+001
 -0.51982623E-001  0.47366042E-002  0.44192539E+000  0.12892931E+001
 -0.51982613E-001  0.47365974E-002  0.44192541E+000  0.12892940E+001
 -0.51982602E-001  0.47365910E-002  0.44192543E+000  0.12892950E+001
 -0.51982590E-001  0.47365849E-002  0.44192546E+000  0.12892959E+001
 -0.51982578E-001  0.47365792E-002  0.44192548E+000  0.12892968E+001
 -0.51982566E-001  0.47365738E-002  0.44192550E+000  0.12892977E+001
 -0.51982554E-001  0.47365687E-002  0.44192552E+000  0.12892985E+001
 -0.51982541E-001  0.47365639E-002  0.44192554E+000  0.12892994E+001
 -0.51982528E-001  0.47365593E-002  0.44192556E+000  0.12893003E+001
 -0.51982515E-001  0.47365550E-002  0.44192558E+000  0.12893011E+001
 -0.51982502E-001  0.47365510E-002  0.44192559E+000  0.12893019E+001
 -0.51982489E-001  0.47365471E-002  0.44192561E+000  0.12893027E+001
 -0.51982475E-001  0.47365435E-002  0.44192563E+000  0.12893035E+001
 -0.51982462E-001  0.47365400E-002  0.44192564E+000  0.12893042E+001
 -0.51982448E-001  0.47365367E-002  0.44192566E+000  0.12893050E+001
 -0.51982435E-001  0.47365336E-002  0.44192567E+000  0.12893057E+001
 -0.51982421E-001  0.47365307E-002  0.44192568E+000  0.12893064E+001
 -0.51982408E-001  0.47365279E-002  0.44192569E+000  0.12893071E+001
 -0.51982395E-001  0.47365252E-002  0.44192571E+000  0.12893077E+001
 -0.51982382E-001  0.47365227E-002  0.44192572E+000  0.12893084E+001
 -0.51982369E-001  0.47365204E-002  0.44192572E+000  0.12893090E+001
 -0.51982357E-001  0.47365182E-002  0.44192573E+000  0.12893096E+001
 -0.51982344E-001  0.47365161E-002  0.44192574E+000  0.12893101E+001
 -0.51982332E-001  0.47365141E-002  0.44192575E+000  0.12893107E+001
 -0.51982321E-001  0.47365123E-002  0.44192575E+000  0.12893112E+001
 -0.51982309E-001  0.47365106E-002  0.44192576E+000  0.12893117E+001
 -0.51982299E-001  0.47365090E-002  0.44192576E+000  0.12893122E+001
 -0.51982288E-001  0.47365076E-002  0.44192577E+000  0.12893126E+001
 -0.51982278E-001  0.47365062E-002  0.44192577E+000  0.12893130E+001
 -0.51982268E-001  0.47365050E-002  0.44192578E+000  0.12893135E+001
 -0.51982259E-001  0.47365039E-002  0.44192578E+000  0.12893138E+001
 -0.51982251E-001  0.47365029E-002  0.44192578E+000  0.12893142E+001
 -0.51982243E-001  0.47365020E-002  0.44192579E+000  0.12893145E+001
 -0.51982235E-001  0.47365013E-002  0.44192579E+000  0.12893148E+001
 -0.51982228E-001  0.47365006E-002  0.44192579E+000  0.12893151E+001
 -0.51982222E-001  0.47365000E-002  0.44192579E+000  0.12893154E+001
 -0.51982216E-001  0.47364996E-002  0.44192580E+000  0.12893157E+001
 -0.51982211E-001  0.47364992E-002  0.44192580E+000  0.12893159E+001
 -0.51982206E-001  0.47364989E-002  0.44192580E+000  0.12893161E+001
 -0.51982202E-001  0.47364988E-002  0.44192581E+000  0.12893163E+001
 -0.51982198E-001  0.47364987E-002  0.44192581E+000  0.12893165E+001
 -0.51982195E-001  0.47364987E-002  0.44192582E+000  0.12893166E+001
 -0.51982193E-001  0.47364988E-002  0.44192582E+000  0.12893168E+001
 -0.51982191E-001  0.47364989E-002  0.44192583E+000  0.12893169E+001
 -0.51982190E-001  0.47364992E-002  0.44192583E+000  0.12893170E+001
 -0.51982189E-001  0.47364995E-002  0.44192584E+000  0.12893171E+001
 -0.51982189E-001  0.47364998E-002  0.44192585E+000  0.12893172E+001
 -0.51982189E-001  0.47365003E-002  0.44192586E+000  0.12893172E+001
 -0.51982190E-001  0.47365007E-002  0.44192587E+000  0.12893173E+001
 -0.51982191E-001  0.47365013E-002  0.44192588E+000  0.12893173E+001
 -0.51982193E-001  0.47365019E-002  0.44192589E+000  0.12893174E+001
 -0.51982195E-001  0.47365025E-002  0.44192590E+000  0.12893174E+001
 -0.51982197E-001  0.47365032E-002  0.44192591E+000  0.12893174E+001
 -0.51982200E-001  0.47365039E-002  0.44192593E+000  0.12893174E+001
 -0.51982203E-001  0.47365046E-002  0.44192594E+000  0.12893174E+001
 -0.51982207E-001  0.47365054E-002  0.44192596E+000  0.12893174E+001
 -0.51982211E-001  0.47365062E-002  0.44192597E+000  0.12893174E+001
 -0.51982215E-001  0.47365070E-002  0.44192599E+000  0.12893173E+001
 -0.51982220E-001  0.47365078E-002  0.44192600E+000  0.12893173E+001
 -0.51982224E-001  0.47365087E-002  0.44192602E+000  0.12893173E+001
 -0.51982229E-001  0.47365095E-002  0.44192604E+000  0.12893172E+001
 -0.51982234E-001  0.47365104E-002  0.44192606E+000  0.12893172E+001
 -0.51982240E-001  0.47365112E-002  0.44192608E+000  0.12893171E+001
 -0.51982245E-001  0.47365121E-002  0.44192610E+000  0.12893171E+001
 -0.51982251E-001  0.47365129E-002  0.44192612E+000  0.12893170E+001
 -0.51982256E-001  0.47365138E-002  0.44192614E+000  0.12893170E+001
 -0.51982262E-001  0.47365146E-002  0.44192616E+000  0.12893169E+001
 -0.51982268E-001  0.47365154E-002  0.44192618E+000  0.12893168E+001
 -0.51982273E-001  0.47365162E-002  0.44192620E+000  0.12893168E+001
 -0.51982279E-001  0.47365170E-002  0.44192623E+000  0.12893167E+001
 -0.51982285E-001  0.47365178E-002  0.44192625E+000  0.12893167E+001
 -0.51982291E-001  0.47365186E-002  0.44192627E+000  0.12893166E+001
 -0.51982297E-001  0.47365194E-002  0.44192629E+000  0.12893165E+001
 -0.51982302E-001  0.47365202E-002  0.44192632E+000  0.12893165E+001
 -0.51982306E-001  0.47365211E-002  0.44192635E+000  0.12893164E+001
 -0.51982313E-001  0.47365219E-002  0.44192637E+000  0.12893163E+001
