 -0.16986735E-001
 -0.16996183E-001
 -0.17003121E-001
 -0.17008151E-001
 -0.17011671E-001
 -0.17013992E-001
 -0.17015370E-001
 -0.17016016E-001
 -0.17016102E-001
 -0.17015768E-001
 -0.17015127E-001
 -0.17014269E-001
 -0.17013265E-001
 -0.17012171E-001
 -0.17011030E-001
 -0.17009873E-001
 -0.17008724E-001
 -0.17007601E-001
 -0.17006516E-001
 -0.17005477E-001
 -0.17004488E-001
 -0.17003553E-001
 -0.17002671E-001
 -0.17001842E-001
 -0.17001065E-001
 -0.17000337E-001
 -0.16999655E-001
 -0.16999016E-001
 -0.16998417E-001
 -0.16997855E-001
 -0.16997327E-001
 -0.16996830E-001
 -0.16996361E-001
 -0.16995917E-001
 -0.16995496E-001
 -0.16995096E-001
 -0.16994714E-001
 -0.16994350E-001
 -0.16994001E-001
 -0.16993666E-001
 -0.16993343E-001
 -0.16993032E-001
 -0.16992731E-001
 -0.16992440E-001
 -0.16992158E-001
 -0.16991884E-001
 -0.16991616E-001
 -0.16991356E-001
 -0.16991102E-001
 -0.16990853E-001
 -0.16990610E-001
 -0.16990372E-001
 -0.16990139E-001
 -0.16989910E-001
 -0.16989686E-001
 -0.16989467E-001
 -0.16989253E-001
 -0.16989045E-001
 -0.16988841E-001
 -0.16988644E-001
 -0.16988453E-001
 -0.16988269E-001
 -0.16988091E-001
 -0.16987921E-001
 -0.16987759E-001
 -0.16987604E-001
 -0.16987458E-001
 -0.16987320E-001
 -0.16987191E-001
 -0.16987069E-001
 -0.16986957E-001
 -0.16986853E-001
 -0.16986758E-001
 -0.16986671E-001
 -0.16986592E-001
 -0.16986521E-001
 -0.16986458E-001
 -0.16986402E-001
 -0.16986354E-001
 -0.16986311E-001
 -0.16986276E-001
 -0.16986246E-001
 -0.16986222E-001
 -0.16986202E-001
 -0.16986188E-001
 -0.16986178E-001
 -0.16986171E-001
 -0.16986168E-001
 -0.16986169E-001
 -0.16986172E-001
 -0.16986178E-001
 -0.16986185E-001
 -0.16986195E-001
 -0.16986206E-001
 -0.16986219E-001
 -0.16986232E-001
 -0.16986247E-001
 -0.16986262E-001
 -0.16986277E-001
 -0.16986293E-001
 -0.16986310E-001
 -0.16986326E-001
 -0.16986342E-001
 -0.16986359E-001
 -0.16986375E-001
 -0.16986390E-001
 -0.16986406E-001
 -0.16986421E-001
 -0.16986436E-001
 -0.16986450E-001
 -0.16986464E-001
 -0.16986477E-001
 -0.16986490E-001
 -0.16986502E-001
 -0.16986514E-001
 -0.16986525E-001
 -0.16986536E-001
 -0.16986546E-001
 -0.16986556E-001
 -0.16986565E-001
 -0.16986574E-001
 -0.16986582E-001
 -0.16986589E-001
 -0.16986596E-001
 -0.16986603E-001
 -0.16986609E-001
 -0.16986615E-001
 -0.16986621E-001
 -0.16986625E-001
 -0.16986630E-001
 -0.16986634E-001
 -0.16986638E-001
 -0.16986642E-001
 -0.16986645E-001
 -0.16986648E-001
 -0.16986650E-001
 -0.16986652E-001
 -0.16986654E-001
 -0.16986656E-001
 -0.16986658E-001
 -0.16986659E-001
 -0.16986660E-001
 -0.16986661E-001
 -0.16986662E-001
 -0.16986663E-001
 -0.16986663E-001
 -0.16986664E-001
 -0.16986664E-001
 -0.16986664E-001
 -0.16986665E-001
 -0.16986665E-001
 -0.16986665E-001
 -0.16986665E-001
 -0.16986665E-001
 -0.16986665E-001
 -0.16986665E-001
 -0.16986665E-001
 -0.16986665E-001
 -0.16986665E-001
 -0.16986665E-001
 -0.16986665E-001
 -0.16986665E-001
 -0.16986666E-001
 -0.16986666E-001
 -0.16986666E-001
 -0.16986666E-001
 -0.16986667E-001
 -0.16986667E-001
 -0.16986668E-001
 -0.16986669E-001
 -0.16986669E-001
 -0.16986670E-001
 -0.16986671E-001
 -0.16986672E-001
 -0.16986673E-001
 -0.16986674E-001
 -0.16986675E-001
 -0.16986676E-001
 -0.16986677E-001
 -0.16986678E-001
 -0.16986679E-001
 -0.16986681E-001
 -0.16986682E-001
 -0.16986683E-001
 -0.16986685E-001
 -0.16986686E-001
 -0.16986688E-001
 -0.16986689E-001
 -0.16986691E-001
 -0.16986692E-001
 -0.16986694E-001
 -0.16986695E-001
 -0.16986697E-001
 -0.16986698E-001
 -0.16986700E-001
 -0.16986701E-001
 -0.16986703E-001
 -0.16986704E-001
 -0.16986705E-001
 -0.16986707E-001
