  0.43798579E+000
  0.43782470E+000
  0.43770011E+000
  0.43759594E+000
  0.43750748E+000
  0.43743256E+000
  0.43736962E+000
  0.43731729E+000
  0.43727427E+000
  0.43723941E+000
  0.43721167E+000
  0.43719011E+000
  0.43717392E+000
  0.43716238E+000
  0.43715488E+000
  0.43715088E+000
  0.43714993E+000
  0.43715166E+000
  0.43715572E+000
  0.43716186E+000
  0.43716982E+000
  0.43717941E+000
  0.43719046E+000
  0.43720280E+000
  0.43721632E+000
  0.43723088E+000
  0.43724640E+000
  0.43726276E+000
  0.43727989E+000
  0.43729768E+000
  0.43731607E+000
  0.43733497E+000
  0.43735430E+000
  0.43737398E+000
  0.43739393E+000
  0.43741406E+000
  0.43743430E+000
  0.43745456E+000
  0.43747478E+000
  0.43749486E+000
  0.43751474E+000
  0.43753434E+000
  0.43755361E+000
  0.43757249E+000
  0.43759092E+000
  0.43760888E+000
  0.43762633E+000
  0.43764325E+000
  0.43765963E+000
  0.43767547E+000
  0.43769077E+000
  0.43770554E+000
  0.43771981E+000
  0.43773358E+000
  0.43774688E+000
  0.43775973E+000
  0.43777214E+000
  0.43778414E+000
  0.43779574E+000
  0.43780694E+000
  0.43781775E+000
  0.43782818E+000
  0.43783822E+000
  0.43784787E+000
  0.43785713E+000
  0.43786598E+000
  0.43787444E+000
  0.43788248E+000
  0.43789012E+000
  0.43789734E+000
  0.43790414E+000
  0.43791053E+000
  0.43791651E+000
  0.43792209E+000
  0.43792727E+000
  0.43793206E+000
  0.43793648E+000
  0.43794055E+000
  0.43794426E+000
  0.43794765E+000
  0.43795073E+000
  0.43795351E+000
  0.43795602E+000
  0.43795827E+000
  0.43796029E+000
  0.43796209E+000
  0.43796369E+000
  0.43796511E+000
  0.43796637E+000
  0.43796748E+000
  0.43796845E+000
  0.43796931E+000
  0.43797007E+000
  0.43797074E+000
  0.43797133E+000
  0.43797185E+000
  0.43797231E+000
  0.43797273E+000
  0.43797310E+000
  0.43797344E+000
  0.43797376E+000
  0.43797405E+000
  0.43797432E+000
  0.43797458E+000
  0.43797483E+000
  0.43797508E+000
  0.43797532E+000
  0.43797555E+000
  0.43797579E+000
  0.43797602E+000
  0.43797626E+000
  0.43797650E+000
  0.43797673E+000
  0.43797697E+000
  0.43797722E+000
  0.43797746E+000
  0.43797770E+000
  0.43797795E+000
  0.43797820E+000
  0.43797845E+000
  0.43797870E+000
  0.43797894E+000
  0.43797919E+000
  0.43797944E+000
  0.43797969E+000
  0.43797993E+000
  0.43798017E+000
  0.43798041E+000
  0.43798065E+000
  0.43798088E+000
  0.43798111E+000
  0.43798134E+000
  0.43798156E+000
  0.43798178E+000
  0.43798200E+000
  0.43798220E+000
  0.43798241E+000
  0.43798261E+000
  0.43798280E+000
  0.43798299E+000
  0.43798317E+000
  0.43798335E+000
  0.43798352E+000
  0.43798368E+000
  0.43798384E+000
  0.43798399E+000
  0.43798414E+000
  0.43798428E+000
  0.43798441E+000
  0.43798454E+000
  0.43798466E+000
  0.43798478E+000
  0.43798489E+000
  0.43798499E+000
  0.43798509E+000
  0.43798518E+000
  0.43798527E+000
  0.43798535E+000
  0.43798542E+000
  0.43798549E+000
  0.43798556E+000
  0.43798562E+000
  0.43798567E+000
  0.43798572E+000
  0.43798577E+000
  0.43798581E+000
  0.43798585E+000
  0.43798588E+000
  0.43798591E+000
  0.43798594E+000
  0.43798596E+000
  0.43798598E+000
  0.43798600E+000
  0.43798601E+000
  0.43798602E+000
  0.43798603E+000
  0.43798604E+000
  0.43798604E+000
  0.43798605E+000
  0.43798605E+000
  0.43798605E+000
  0.43798604E+000
  0.43798604E+000
  0.43798604E+000
  0.43798603E+000
  0.43798602E+000
  0.43798602E+000
  0.43798601E+000
  0.43798600E+000
  0.43798599E+000
  0.43798598E+000
  0.43798597E+000
  0.43798596E+000
  0.43798595E+000
  0.43798594E+000
  0.43798593E+000
  0.43798593E+000
  0.43798592E+000
  0.43798591E+000
  0.43798589E+000
