  0.12924906E+001
  0.12925151E+001
  0.12925866E+001
  0.12926525E+001
  0.12927072E+001
  0.12927516E+001
  0.12927873E+001
  0.12928161E+001
  0.12928391E+001
  0.12928575E+001
  0.12928720E+001
  0.12928833E+001
  0.12928919E+001
  0.12928984E+001
  0.12929030E+001
  0.12929060E+001
  0.12929077E+001
  0.12929083E+001
  0.12929080E+001
  0.12929068E+001
  0.12929050E+001
  0.12929027E+001
  0.12928998E+001
  0.12928966E+001
  0.12928930E+001
  0.12928891E+001
  0.12928850E+001
  0.12928807E+001
  0.12928762E+001
  0.12928716E+001
  0.12928669E+001
  0.12928622E+001
  0.12928573E+001
  0.12928524E+001
  0.12928475E+001
  0.12928425E+001
  0.12928375E+001
  0.12928324E+001
  0.12928274E+001
  0.12928223E+001
  0.12928171E+001
  0.12928120E+001
  0.12928068E+001
  0.12928016E+001
  0.12927963E+001
  0.12927910E+001
  0.12927857E+001
  0.12927804E+001
  0.12927750E+001
  0.12927696E+001
  0.12927641E+001
  0.12927587E+001
  0.12927533E+001
  0.12927479E+001
  0.12927425E+001
  0.12927371E+001
  0.12927319E+001
  0.12927266E+001
  0.12927215E+001
  0.12927164E+001
  0.12927114E+001
  0.12927065E+001
  0.12927017E+001
  0.12926970E+001
  0.12926925E+001
  0.12926880E+001
  0.12926837E+001
  0.12926795E+001
  0.12926754E+001
  0.12926715E+001
  0.12926676E+001
  0.12926639E+001
  0.12926603E+001
  0.12926568E+001
  0.12926534E+001
  0.12926501E+001
  0.12926469E+001
  0.12926438E+001
  0.12926407E+001
  0.12926378E+001
  0.12926349E+001
  0.12926321E+001
  0.12926294E+001
  0.12926268E+001
  0.12926241E+001
  0.12926216E+001
  0.12926191E+001
  0.12926166E+001
  0.12926142E+001
  0.12926118E+001
  0.12926094E+001
  0.12926071E+001
  0.12926048E+001
  0.12926025E+001
  0.12926002E+001
  0.12925979E+001
  0.12925957E+001
  0.12925934E+001
  0.12925912E+001
  0.12925889E+001
  0.12925867E+001
  0.12925845E+001
  0.12925823E+001
  0.12925800E+001
  0.12925778E+001
  0.12925756E+001
  0.12925733E+001
  0.12925711E+001
  0.12925688E+001
  0.12925665E+001
  0.12925643E+001
  0.12925620E+001
  0.12925597E+001
  0.12925574E+001
  0.12925551E+001
  0.12925527E+001
  0.12925504E+001
  0.12925480E+001
  0.12925456E+001
  0.12925433E+001
  0.12925408E+001
  0.12925384E+001
  0.12925360E+001
  0.12925335E+001
  0.12925311E+001
  0.12925286E+001
  0.12925261E+001
  0.12925236E+001
  0.12925210E+001
  0.12925185E+001
  0.12925159E+001
  0.12925133E+001
  0.12925107E+001
  0.12925081E+001
  0.12925055E+001
  0.12925029E+001
  0.12925002E+001
  0.12924975E+001
  0.12924949E+001
  0.12924922E+001
  0.12924895E+001
  0.12924868E+001
  0.12924841E+001
  0.12924813E+001
  0.12924786E+001
  0.12924759E+001
  0.12924731E+001
  0.12924704E+001
  0.12924677E+001
  0.12924649E+001
  0.12924622E+001
  0.12924595E+001
  0.12924567E+001
  0.12924540E+001
  0.12924513E+001
  0.12924486E+001
  0.12924459E+001
  0.12924432E+001
  0.12924406E+001
  0.12924379E+001
  0.12924353E+001
  0.12924327E+001
  0.12924301E+001
  0.12924275E+001
  0.12924249E+001
  0.12924224E+001
  0.12924199E+001
  0.12924174E+001
  0.12924150E+001
  0.12924125E+001
  0.12924102E+001
  0.12924078E+001
  0.12924055E+001
  0.12924032E+001
  0.12924009E+001
  0.12923987E+001
  0.12923965E+001
  0.12923943E+001
  0.12923922E+001
  0.12923901E+001
  0.12923881E+001
  0.12923860E+001
  0.12923841E+001
  0.12923821E+001
  0.12923802E+001
  0.12923784E+001
  0.12923766E+001
  0.12923748E+001
  0.12923731E+001
  0.12923714E+001
  0.12923697E+001
  0.12923681E+001
  0.12923665E+001
  0.12923650E+001
  0.12923634E+001
  0.12923620E+001
  0.12923606E+001
  0.12923592E+001
  0.12923578E+001
  0.12923565E+001
