  0.30457322E+001
  0.30713840E+001
  0.30716261E+001
  0.30691292E+001
  0.30664647E+001
  0.30640086E+001
  0.30618785E+001
  0.30600135E+001
  0.30583835E+001
  0.30569643E+001
  0.30557326E+001
  0.30546655E+001
  0.30537418E+001
  0.30529426E+001
  0.30522510E+001
  0.30516523E+001
  0.30511332E+001
  0.30506827E+001
  0.30502910E+001
  0.30499499E+001
  0.30496519E+001
  0.30493910E+001
  0.30491616E+001
  0.30489592E+001
  0.30487799E+001
  0.30486202E+001
  0.30484773E+001
  0.30483486E+001
  0.30482321E+001
  0.30481261E+001
  0.30480288E+001
  0.30479391E+001
  0.30478557E+001
  0.30477778E+001
  0.30477044E+001
  0.30476350E+001
  0.30475689E+001
  0.30475057E+001
  0.30474449E+001
  0.30473863E+001
  0.30473296E+001
  0.30472746E+001
  0.30472210E+001
  0.30471688E+001
  0.30471179E+001
  0.30470681E+001
  0.30470193E+001
  0.30469716E+001
  0.30469248E+001
  0.30468789E+001
  0.30468339E+001
  0.30467898E+001
  0.30467466E+001
  0.30467042E+001
  0.30466628E+001
  0.30466224E+001
  0.30465830E+001
  0.30465446E+001
  0.30465074E+001
  0.30464714E+001
  0.30464366E+001
  0.30464031E+001
  0.30463710E+001
  0.30463402E+001
  0.30463109E+001
  0.30462830E+001
  0.30462566E+001
  0.30462317E+001
  0.30462082E+001
  0.30461861E+001
  0.30461655E+001
  0.30461463E+001
  0.30461285E+001
  0.30461119E+001
  0.30460966E+001
  0.30460825E+001
  0.30460695E+001
  0.30460576E+001
  0.30460467E+001
  0.30460366E+001
  0.30460274E+001
  0.30460190E+001
  0.30460114E+001
  0.30460043E+001
  0.30459978E+001
  0.30459919E+001
  0.30459864E+001
  0.30459813E+001
  0.30459766E+001
  0.30459721E+001
  0.30459680E+001
  0.30459641E+001
  0.30459604E+001
  0.30459568E+001
  0.30459534E+001
  0.30459501E+001
  0.30459468E+001
  0.30459437E+001
  0.30459405E+001
  0.30459374E+001
  0.30459343E+001
  0.30459312E+001
  0.30459281E+001
  0.30459250E+001
  0.30459218E+001
  0.30459186E+001
  0.30459153E+001
  0.30459119E+001
  0.30459085E+001
  0.30459050E+001
  0.30459015E+001
  0.30458978E+001
  0.30458940E+001
  0.30458902E+001
  0.30458862E+001
  0.30458822E+001
  0.30458780E+001
  0.30458738E+001
  0.30458694E+001
  0.30458649E+001
  0.30458603E+001
  0.30458556E+001
  0.30458508E+001
  0.30458459E+001
  0.30458409E+001
  0.30458357E+001
  0.30458305E+001
  0.30458251E+001
  0.30458196E+001
  0.30458141E+001
  0.30458084E+001
  0.30458026E+001
  0.30457968E+001
  0.30457908E+001
  0.30457848E+001
  0.30457786E+001
  0.30457724E+001
  0.30457662E+001
  0.30457598E+001
  0.30457534E+001
  0.30457469E+001
  0.30457404E+001
  0.30457338E+001
  0.30457272E+001
  0.30457205E+001
  0.30457138E+001
  0.30457071E+001
  0.30457003E+001
  0.30456935E+001
  0.30456868E+001
  0.30456800E+001
  0.30456732E+001
  0.30456665E+001
  0.30456597E+001
  0.30456530E+001
  0.30456463E+001
  0.30456396E+001
  0.30456329E+001
  0.30456263E+001
  0.30456198E+001
  0.30456133E+001
  0.30456068E+001
  0.30456005E+001
  0.30455941E+001
  0.30455879E+001
  0.30455817E+001
  0.30455756E+001
  0.30455696E+001
  0.30455637E+001
  0.30455578E+001
  0.30455521E+001
  0.30455464E+001
  0.30455408E+001
  0.30455353E+001
  0.30455300E+001
  0.30455247E+001
  0.30455195E+001
  0.30455144E+001
  0.30455094E+001
  0.30455046E+001
  0.30454998E+001
  0.30454951E+001
  0.30454906E+001
  0.30454861E+001
  0.30454817E+001
  0.30454775E+001
  0.30454733E+001
  0.30454693E+001
  0.30454653E+001
  0.30454615E+001
  0.30454577E+001
  0.30454541E+001
  0.30454505E+001
  0.30454471E+001
  0.30454437E+001
  0.30454404E+001
  0.30454372E+001
  0.30454341E+001
  0.30454310E+001
  0.30454281E+001
