  0.73505491E+000
  0.73520093E+000
  0.73520176E+000
  0.73517411E+000
  0.73514381E+000
  0.73511595E+000
  0.73509056E+000
  0.73506727E+000
  0.73504572E+000
  0.73502565E+000
  0.73500691E+000
  0.73498938E+000
  0.73497304E+000
  0.73495786E+000
  0.73494382E+000
  0.73493091E+000
  0.73491912E+000
  0.73490842E+000
  0.73489877E+000
  0.73489015E+000
  0.73488250E+000
  0.73487576E+000
  0.73486988E+000
  0.73486480E+000
  0.73486046E+000
  0.73485680E+000
  0.73485376E+000
  0.73485127E+000
  0.73484928E+000
  0.73484773E+000
  0.73484657E+000
  0.73484576E+000
  0.73484523E+000
  0.73484496E+000
  0.73484489E+000
  0.73484500E+000
  0.73484526E+000
  0.73484562E+000
  0.73484608E+000
  0.73484660E+000
  0.73484717E+000
  0.73484777E+000
  0.73484839E+000
  0.73484902E+000
  0.73484965E+000
  0.73485029E+000
  0.73485091E+000
  0.73485153E+000
  0.73485214E+000
  0.73485275E+000
  0.73485335E+000
  0.73485395E+000
  0.73485455E+000
  0.73485515E+000
  0.73485576E+000
  0.73485637E+000
  0.73485698E+000
  0.73485761E+000
  0.73485824E+000
  0.73485887E+000
  0.73485951E+000
  0.73486014E+000
  0.73486078E+000
  0.73486141E+000
  0.73486203E+000
  0.73486264E+000
  0.73486323E+000
  0.73486381E+000
  0.73486437E+000
  0.73486491E+000
  0.73486542E+000
  0.73486591E+000
  0.73486638E+000
  0.73486682E+000
  0.73486723E+000
  0.73486761E+000
  0.73486797E+000
  0.73486830E+000
  0.73486860E+000
  0.73486887E+000
  0.73486912E+000
  0.73486934E+000
  0.73486954E+000
  0.73486972E+000
  0.73486987E+000
  0.73487001E+000
  0.73487012E+000
  0.73487022E+000
  0.73487030E+000
  0.73487036E+000
  0.73487042E+000
  0.73487046E+000
  0.73487049E+000
  0.73487051E+000
  0.73487053E+000
  0.73487054E+000
  0.73487054E+000
  0.73487054E+000
  0.73487054E+000
  0.73487053E+000
  0.73487052E+000
  0.73487051E+000
  0.73487050E+000
  0.73487049E+000
  0.73487048E+000
  0.73487047E+000
  0.73487046E+000
  0.73487045E+000
  0.73487045E+000
  0.73487045E+000
  0.73487045E+000
  0.73487045E+000
  0.73487045E+000
  0.73487045E+000
  0.73487046E+000
  0.73487047E+000
  0.73487048E+000
  0.73487050E+000
  0.73487051E+000
  0.73487053E+000
  0.73487055E+000
  0.73487057E+000
  0.73487059E+000
  0.73487061E+000
  0.73487064E+000
  0.73487066E+000
  0.73487069E+000
  0.73487072E+000
  0.73487075E+000
  0.73487078E+000
  0.73487081E+000
  0.73487084E+000
  0.73487087E+000
  0.73487091E+000
  0.73487094E+000
  0.73487097E+000
  0.73487101E+000
  0.73487104E+000
  0.73487107E+000
  0.73487111E+000
  0.73487114E+000
  0.73487117E+000
  0.73487120E+000
  0.73487124E+000
  0.73487127E+000
  0.73487130E+000
  0.73487133E+000
  0.73487136E+000
  0.73487139E+000
  0.73487142E+000
  0.73487145E+000
  0.73487147E+000
  0.73487150E+000
  0.73487152E+000
  0.73487155E+000
  0.73487157E+000
  0.73487159E+000
  0.73487162E+000
  0.73487164E+000
  0.73487166E+000
  0.73487168E+000
  0.73487169E+000
  0.73487171E+000
  0.73487173E+000
  0.73487174E+000
  0.73487176E+000
  0.73487177E+000
  0.73487178E+000
  0.73487179E+000
  0.73487180E+000
  0.73487181E+000
  0.73487182E+000
  0.73487183E+000
  0.73487183E+000
  0.73487184E+000
  0.73487185E+000
  0.73487185E+000
  0.73487185E+000
  0.73487186E+000
  0.73487186E+000
  0.73487186E+000
  0.73487186E+000
  0.73487186E+000
  0.73487187E+000
  0.73487187E+000
  0.73487187E+000
  0.73487186E+000
  0.73487186E+000
  0.73487186E+000
  0.73487186E+000
  0.73487186E+000
  0.73487186E+000
  0.73487185E+000
  0.73487185E+000
  0.73487185E+000
  0.73487184E+000
  0.73487184E+000
  0.73487184E+000
  0.73487184E+000
  0.73487185E+000
