  0.77799751E+000  0.89327712E+000  0.10979831E+001  0.24007049E+001
  0.77799959E+000  0.89333791E+000  0.10978580E+001  0.24008650E+001
  0.77799492E+000  0.89337178E+000  0.10978124E+001  0.24011677E+001
  0.77798895E+000  0.89339228E+000  0.10977858E+001  0.24014432E+001
  0.77798313E+000  0.89340509E+000  0.10977666E+001  0.24016742E+001
  0.77797788E+000  0.89341279E+000  0.10977520E+001  0.24018639E+001
  0.77797330E+000  0.89341675E+000  0.10977410E+001  0.24020186E+001
  0.77796938E+000  0.89341786E+000  0.10977329E+001  0.24021446E+001
  0.77796609E+000  0.89341676E+000  0.10977273E+001  0.24022467E+001
  0.77796335E+000  0.89341396E+000  0.10977238E+001  0.24023291E+001
  0.77796111E+000  0.89340991E+000  0.10977220E+001  0.24023952E+001
  0.77795930E+000  0.89340496E+000  0.10977215E+001  0.24024477E+001
  0.77795787E+000  0.89339939E+000  0.10977219E+001  0.24024889E+001
  0.77795677E+000  0.89339345E+000  0.10977231E+001  0.24025205E+001
  0.77795594E+000  0.89338732E+000  0.10977247E+001  0.24025442E+001
  0.77795535E+000  0.89338115E+000  0.10977266E+001  0.24025611E+001
  0.77795497E+000  0.89337506E+000  0.10977287E+001  0.24025724E+001
  0.77795475E+000  0.89336912E+000  0.10977308E+001  0.24025788E+001
  0.77795469E+000  0.89336339E+000  0.10977329E+001  0.24025812E+001
  0.77795475E+000  0.89335791E+000  0.10977349E+001  0.24025801E+001
  0.77795492E+000  0.89335270E+000  0.10977367E+001  0.24025760E+001
  0.77795518E+000  0.89334777E+000  0.10977384E+001  0.24025695E+001
  0.77795552E+000  0.89334313E+000  0.10977400E+001  0.24025609E+001
  0.77795592E+000  0.89333878E+000  0.10977414E+001  0.24025504E+001
  0.77795639E+000  0.89333469E+000  0.10977426E+001  0.24025384E+001
  0.77795690E+000  0.89333087E+000  0.10977437E+001  0.24025252E+001
  0.77795745E+000  0.89332730E+000  0.10977447E+001  0.24025108E+001
  0.77795803E+000  0.89332396E+000  0.10977456E+001  0.24024954E+001
  0.77795865E+000  0.89332085E+000  0.10977464E+001  0.24024792E+001
  0.77795930E+000  0.89331795E+000  0.10977472E+001  0.24024624E+001
  0.77795996E+000  0.89331525E+000  0.10977479E+001  0.24024449E+001
  0.77796064E+000  0.89331274E+000  0.10977486E+001  0.24024270E+001
  0.77796134E+000  0.89331039E+000  0.10977492E+001  0.24024086E+001
  0.77796204E+000  0.89330822E+000  0.10977499E+001  0.24023898E+001
  0.77796275E+000  0.89330619E+000  0.10977506E+001  0.24023707E+001
  0.77796346E+000  0.89330430E+000  0.10977513E+001  0.24023512E+001
  0.77796416E+000  0.89330255E+000  0.10977520E+001  0.24023315E+001
  0.77796486E+000  0.89330091E+000  0.10977528E+001  0.24023115E+001
  0.77796554E+000  0.89329939E+000  0.10977536E+001  0.24022913E+001
  0.77796620E+000  0.89329796E+000  0.10977544E+001  0.24022708E+001
  0.77796683E+000  0.89329662E+000  0.10977553E+001  0.24022501E+001
  0.77796744E+000  0.89329536E+000  0.10977562E+001  0.24022293E+001
  0.77796801E+000  0.89329416E+000  0.10977572E+001  0.24022082E+001
  0.77796855E+000  0.89329301E+000  0.10977582E+001  0.24021869E+001
  0.77796904E+000  0.89329190E+000  0.10977592E+001  0.24021654E+001
  0.77796949E+000  0.89329082E+000  0.10977603E+001  0.24021439E+001
  0.77796990E+000  0.89328976E+000  0.10977613E+001  0.24021221E+001
  0.77797025E+000  0.89328871E+000  0.10977624E+001  0.24021003E+001
  0.77797055E+000  0.89328765E+000  0.10977636E+001  0.24020784E+001
  0.77797079E+000  0.89328659E+000  0.10977647E+001  0.24020565E+001
  0.77797099E+000  0.89328551E+000  0.10977658E+001  0.24020346E+001
  0.77797113E+000  0.89328441E+000  0.10977669E+001  0.24020127E+001
  0.77797122E+000  0.89328329E+000  0.10977680E+001  0.24019909E+001
  0.77797126E+000  0.89328214E+000  0.10977691E+001  0.24019693E+001
  0.77797126E+000  0.89328098E+000  0.10977702E+001  0.24019478E+001
  0.77797121E+000  0.89327980E+000  0.10977712E+001  0.24019266E+001
  0.77797112E+000  0.89327860E+000  0.10977723E+001  0.24019057E+001
  0.77797099E+000  0.89327740E+000  0.10977733E+001  0.24018851E+001
  0.77797082E+000  0.89327620E+000  0.10977743E+001  0.24018648E+001
  0.77797062E+000  0.89327500E+000  0.10977752E+001  0.24018449E+001
  0.77797039E+000  0.89327382E+000  0.10977761E+001  0.24018255E+001
  0.77797014E+000  0.89327265E+000  0.10977770E+001  0.24018065E+001
  0.77796986E+000  0.89327152E+000  0.10977778E+001  0.24017879E+001
  0.77796957E+000  0.89327041E+000  0.10977786E+001  0.24017698E+001
  0.77796925E+000  0.89326935E+000  0.10977794E+001  0.24017522E+001
  0.77796892E+000  0.89326832E+000  0.10977801E+001  0.24017351E+001
  0.77796858E+000  0.89326734E+000  0.10977807E+001  0.24017185E+001
  0.77796823E+000  0.89326641E+000  0.10977813E+001  0.24017024E+001
  0.77796788E+000  0.89326553E+000  0.10977819E+001  0.24016867E+001
  0.77796751E+000  0.89326469E+000  0.10977824E+001  0.24016715E+001
  0.77796715E+000  0.89326391E+000  0.10977829E+001  0.24016568E+001
  0.77796679E+000  0.89326317E+000  0.10977834E+001  0.24016426E+001
  0.77796643E+000  0.89326248E+000  0.10977838E+001  0.24016288E+001
  0.77796607E+000  0.89326183E+000  0.10977842E+001  0.24016154E+001
  0.77796572E+000  0.89326122E+000  0.10977845E+001  0.24016024E+001
  0.77796537E+000  0.89326066E+000  0.10977848E+001  0.24015898E+001
  0.77796504E+000  0.89326012E+000  0.10977851E+001  0.24015776E+001
  0.77796471E+000  0.89325963E+000  0.10977853E+001  0.24015657E+001
  0.77796440E+000  0.89325916E+000  0.10977855E+001  0.24015542E+001
  0.77796409E+000  0.89325872E+000  0.10977857E+001  0.24015430E+001
  0.77796380E+000  0.89325830E+000  0.10977859E+001  0.24015320E+001
  0.77796352E+000  0.89325791E+000  0.10977861E+001  0.24015214E+001
  0.77796326E+000  0.89325754E+000  0.10977862E+001  0.24015110E+001
  0.77796301E+000  0.89325718E+000  0.10977863E+001  0.24015008E+001
  0.77796277E+000  0.89325685E+000  0.10977864E+001  0.24014909E+001
  0.77796254E+000  0.89325653E+000  0.10977865E+001  0.24014811E+001
  0.77796233E+000  0.89325622E+000  0.10977865E+001  0.24014715E+001
  0.77796214E+000  0.89325592E+000  0.10977866E+001  0.24014621E+001
  0.77796195E+000  0.89325564E+000  0.10977866E+001  0.24014528E+001
  0.77796178E+000  0.89325537E+000  0.10977866E+001  0.24014437E+001
  0.77796162E+000  0.89325512E+000  0.10977866E+001  0.24014346E+001
  0.77796147E+000  0.89325487E+000  0.10977866E+001  0.24014256E+001
  0.77796134E+000  0.89325464E+000  0.10977866E+001  0.24014168E+001
  0.77796121E+000  0.89325441E+000  0.10977866E+001  0.24014079E+001
  0.77796110E+000  0.89325420E+000  0.10977865E+001  0.24013992E+001
  0.77796099E+000  0.89325400E+000  0.10977865E+001  0.24013905E+001
  0.77796090E+000  0.89325380E+000  0.10977865E+001  0.24013818E+001
  0.77796081E+000  0.89325362E+000  0.10977864E+001  0.24013731E+001
  0.77796073E+000  0.89325344E+000  0.10977863E+001  0.24013645E+001
  0.77796066E+000  0.89325328E+000  0.10977863E+001  0.24013558E+001
  0.77796060E+000  0.89325312E+000  0.10977862E+001  0.24013472E+001
  0.77796054E+000  0.89325297E+000  0.10977861E+001  0.24013386E+001
  0.77796049E+000  0.89325283E+000  0.10977860E+001  0.24013299E+001
  0.77796044E+000  0.89325270E+000  0.10977860E+001  0.24013213E+001
  0.77796040E+000  0.89325257E+000  0.10977859E+001  0.24013126E+001
  0.77796036E+000  0.89325246E+000  0.10977858E+001  0.24013039E+001
  0.77796032E+000  0.89325234E+000  0.10977857E+001  0.24012952E+001
  0.77796029E+000  0.89325224E+000  0.10977856E+001  0.24012864E+001
  0.77796026E+000  0.89325213E+000  0.10977855E+001  0.24012776E+001
  0.77796024E+000  0.89325204E+000  0.10977854E+001  0.24012688E+001
  0.77796022E+000  0.89325195E+000  0.10977853E+001  0.24012599E+001
  0.77796019E+000  0.89325186E+000  0.10977852E+001  0.24012510E+001
  0.77796018E+000  0.89325177E+000  0.10977850E+001  0.24012420E+001
  0.77796016E+000  0.89325169E+000  0.10977849E+001  0.24012330E+001
  0.77796014E+000  0.89325162E+000  0.10977848E+001  0.24012239E+001
  0.77796013E+000  0.89325154E+000  0.10977847E+001  0.24012148E+001
  0.77796011E+000  0.89325147E+000  0.10977846E+001  0.24012056E+001
  0.77796010E+000  0.89325140E+000  0.10977845E+001  0.24011964E+001
  0.77796009E+000  0.89325134E+000  0.10977844E+001  0.24011871E+001
  0.77796008E+000  0.89325128E+000  0.10977843E+001  0.24011777E+001
  0.77796007E+000  0.89325122E+000  0.10977841E+001  0.24011683E+001
  0.77796006E+000  0.89325116E+000  0.10977840E+001  0.24011588E+001
  0.77796005E+000  0.89325110E+000  0.10977839E+001  0.24011492E+001
  0.77796004E+000  0.89325105E+000  0.10977838E+001  0.24011396E+001
  0.77796003E+000  0.89325100E+000  0.10977837E+001  0.24011299E+001
  0.77796002E+000  0.89325095E+000  0.10977836E+001  0.24011201E+001
  0.77796001E+000  0.89325090E+000  0.10977835E+001  0.24011103E+001
  0.77796001E+000  0.89325085E+000  0.10977834E+001  0.24011004E+001
  0.77796000E+000  0.89325081E+000  0.10977833E+001  0.24010904E+001
  0.77795999E+000  0.89325076E+000  0.10977831E+001  0.24010803E+001
  0.77795998E+000  0.89325072E+000  0.10977830E+001  0.24010702E+001
  0.77795998E+000  0.89325068E+000  0.10977829E+001  0.24010600E+001
  0.77795997E+000  0.89325065E+000  0.10977828E+001  0.24010498E+001
  0.77795997E+000  0.89325061E+000  0.10977827E+001  0.24010395E+001
  0.77795996E+000  0.89325057E+000  0.10977826E+001  0.24010291E+001
  0.77795996E+000  0.89325054E+000  0.10977826E+001  0.24010187E+001
  0.77795995E+000  0.89325051E+000  0.10977825E+001  0.24010082E+001
  0.77795995E+000  0.89325048E+000  0.10977824E+001  0.24009977E+001
  0.77795994E+000  0.89325045E+000  0.10977823E+001  0.24009871E+001
  0.77795994E+000  0.89325042E+000  0.10977822E+001  0.24009764E+001
  0.77795994E+000  0.89325040E+000  0.10977821E+001  0.24009658E+001
  0.77795993E+000  0.89325038E+000  0.10977820E+001  0.24009550E+001
  0.77795993E+000  0.89325035E+000  0.10977820E+001  0.24009443E+001
  0.77795993E+000  0.89325033E+000  0.10977819E+001  0.24009335E+001
  0.77795993E+000  0.89325031E+000  0.10977818E+001  0.24009227E+001
  0.77795993E+000  0.89325029E+000  0.10977817E+001  0.24009118E+001
  0.77795993E+000  0.89325028E+000  0.10977817E+001  0.24009010E+001
  0.77795993E+000  0.89325026E+000  0.10977816E+001  0.24008901E+001
  0.77795993E+000  0.89325025E+000  0.10977815E+001  0.24008792E+001
  0.77795993E+000  0.89325023E+000  0.10977815E+001  0.24008684E+001
  0.77795994E+000  0.89325022E+000  0.10977814E+001  0.24008575E+001
  0.77795994E+000  0.89325021E+000  0.10977814E+001  0.24008466E+001
  0.77795994E+000  0.89325020E+000  0.10977813E+001  0.24008358E+001
  0.77795995E+000  0.89325019E+000  0.10977812E+001  0.24008249E+001
  0.77795995E+000  0.89325018E+000  0.10977812E+001  0.24008142E+001
  0.77795996E+000  0.89325017E+000  0.10977811E+001  0.24008034E+001
  0.77795996E+000  0.89325017E+000  0.10977811E+001  0.24007927E+001
  0.77795997E+000  0.89325016E+000  0.10977811E+001  0.24007820E+001
  0.77795997E+000  0.89325016E+000  0.10977810E+001  0.24007714E+001
  0.77795998E+000  0.89325015E+000  0.10977810E+001  0.24007608E+001
  0.77795998E+000  0.89325015E+000  0.10977809E+001  0.24007503E+001
  0.77795999E+000  0.89325014E+000  0.10977809E+001  0.24007399E+001
  0.77796000E+000  0.89325014E+000  0.10977809E+001  0.24007295E+001
  0.77796000E+000  0.89325014E+000  0.10977809E+001  0.24007192E+001
  0.77796001E+000  0.89325014E+000  0.10977808E+001  0.24007090E+001
  0.77796002E+000  0.89325014E+000  0.10977808E+001  0.24006989E+001
  0.77796002E+000  0.89325013E+000  0.10977808E+001  0.24006889E+001
  0.77796003E+000  0.89325013E+000  0.10977808E+001  0.24006791E+001
  0.77796004E+000  0.89325013E+000  0.10977807E+001  0.24006693E+001
  0.77796004E+000  0.89325013E+000  0.10977807E+001  0.24006596E+001
  0.77796005E+000  0.89325013E+000  0.10977807E+001  0.24006500E+001
  0.77796006E+000  0.89325013E+000  0.10977807E+001  0.24006406E+001
  0.77796007E+000  0.89325013E+000  0.10977807E+001  0.24006313E+001
  0.77796007E+000  0.89325013E+000  0.10977807E+001  0.24006221E+001
  0.77796008E+000  0.89325013E+000  0.10977807E+001  0.24006130E+001
  0.77796008E+000  0.89325013E+000  0.10977807E+001  0.24006041E+001
  0.77796009E+000  0.89325013E+000  0.10977807E+001  0.24005953E+001
  0.77796010E+000  0.89325013E+000  0.10977807E+001  0.24005867E+001
  0.77796010E+000  0.89325013E+000  0.10977807E+001  0.24005782E+001
  0.77796011E+000  0.89325013E+000  0.10977806E+001  0.24005698E+001
  0.77796011E+000  0.89325012E+000  0.10977806E+001  0.24005616E+001
  0.77796012E+000  0.89325012E+000  0.10977807E+001  0.24005536E+001
  0.77796012E+000  0.89325012E+000  0.10977807E+001  0.24005457E+001
  0.77796013E+000  0.89325012E+000  0.10977807E+001  0.24005380E+001
  0.77796013E+000  0.89325012E+000  0.10977807E+001  0.24005304E+001
  0.77796013E+000  0.89325012E+000  0.10977807E+001  0.24005229E+001
  0.77796014E+000  0.89325012E+000  0.10977807E+001  0.24005157E+001
  0.77796014E+000  0.89325011E+000  0.10977807E+001  0.24005085E+001
  0.77796014E+000  0.89325011E+000  0.10977807E+001  0.24005016E+001
  0.77796015E+000  0.89325011E+000  0.10977807E+001  0.24004948E+001
  0.77796015E+000  0.89325010E+000  0.10977807E+001  0.24004881E+001
  0.77796015E+000  0.89325010E+000  0.10977807E+001  0.24004816E+001
  0.77796015E+000  0.89325010E+000  0.10977807E+001  0.24004753E+001
  0.77796016E+000  0.89325010E+000  0.10977807E+001  0.24004691E+001
  0.77796016E+000  0.89325009E+000  0.10977807E+001  0.24004631E+001
  0.77796016E+000  0.89325009E+000  0.10977807E+001  0.24004572E+001
  0.77796016E+000  0.89325009E+000  0.10977807E+001  0.24004515E+001
  0.77796016E+000  0.89325008E+000  0.10977808E+001  0.24004460E+001
  0.77796016E+000  0.89325008E+000  0.10977808E+001  0.24004406E+001
  0.77796016E+000  0.89325008E+000  0.10977808E+001  0.24004353E+001
