 -0.37119783E+000
 -0.37200570E+000
 -0.37232492E+000
 -0.37250574E+000
 -0.37263119E+000
 -0.37272662E+000
 -0.37280203E+000
 -0.37286231E+000
 -0.37291065E+000
 -0.37294932E+000
 -0.37298008E+000
 -0.37300432E+000
 -0.37302316E+000
 -0.37303753E+000
 -0.37304814E+000
 -0.37305561E+000
 -0.37306045E+000
 -0.37306310E+000
 -0.37306389E+000
 -0.37306313E+000
 -0.37306104E+000
 -0.37305784E+000
 -0.37305368E+000
 -0.37304872E+000
 -0.37304306E+000
 -0.37303681E+000
 -0.37303006E+000
 -0.37302288E+000
 -0.37301532E+000
 -0.37300745E+000
 -0.37299931E+000
 -0.37299093E+000
 -0.37298234E+000
 -0.37297358E+000
 -0.37296467E+000
 -0.37295563E+000
 -0.37294648E+000
 -0.37293722E+000
 -0.37292789E+000
 -0.37291848E+000
 -0.37290902E+000
 -0.37289950E+000
 -0.37288995E+000
 -0.37288038E+000
 -0.37287079E+000
 -0.37286120E+000
 -0.37285161E+000
 -0.37284205E+000
 -0.37283251E+000
 -0.37282302E+000
 -0.37281358E+000
 -0.37280421E+000
 -0.37279492E+000
 -0.37278572E+000
 -0.37277663E+000
 -0.37276766E+000
 -0.37275881E+000
 -0.37275011E+000
 -0.37274155E+000
 -0.37273316E+000
 -0.37272494E+000
 -0.37271690E+000
 -0.37270905E+000
 -0.37270139E+000
 -0.37269393E+000
 -0.37268667E+000
 -0.37267962E+000
 -0.37267277E+000
 -0.37266613E+000
 -0.37265970E+000
 -0.37265347E+000
 -0.37264744E+000
 -0.37264160E+000
 -0.37263596E+000
 -0.37263051E+000
 -0.37262524E+000
 -0.37262014E+000
 -0.37261521E+000
 -0.37261043E+000
 -0.37260581E+000
 -0.37260133E+000
 -0.37259698E+000
 -0.37259275E+000
 -0.37258864E+000
 -0.37258464E+000
 -0.37258074E+000
 -0.37257693E+000
 -0.37257320E+000
 -0.37256955E+000
 -0.37256597E+000
 -0.37256244E+000
 -0.37255897E+000
 -0.37255555E+000
 -0.37255217E+000
 -0.37254883E+000
 -0.37254552E+000
 -0.37254224E+000
 -0.37253898E+000
 -0.37253574E+000
 -0.37253252E+000
 -0.37252932E+000
 -0.37252612E+000
 -0.37252293E+000
 -0.37251975E+000
 -0.37251657E+000
 -0.37251340E+000
 -0.37251022E+000
 -0.37250705E+000
 -0.37250387E+000
 -0.37250068E+000
 -0.37249750E+000
 -0.37249431E+000
 -0.37249111E+000
 -0.37248790E+000
 -0.37248469E+000
 -0.37248146E+000
 -0.37247823E+000
 -0.37247499E+000
 -0.37247174E+000
 -0.37246847E+000
 -0.37246520E+000
 -0.37246191E+000
 -0.37245862E+000
 -0.37245531E+000
 -0.37245198E+000
 -0.37244865E+000
 -0.37244530E+000
 -0.37244195E+000
 -0.37243857E+000
 -0.37243519E+000
 -0.37243180E+000
 -0.37242839E+000
 -0.37242497E+000
 -0.37242155E+000
 -0.37241811E+000
 -0.37241466E+000
 -0.37241121E+000
 -0.37240774E+000
 -0.37240427E+000
 -0.37240080E+000
 -0.37239731E+000
 -0.37239383E+000
 -0.37239034E+000
 -0.37238685E+000
 -0.37238335E+000
 -0.37237986E+000
 -0.37237637E+000
 -0.37237288E+000
 -0.37236940E+000
 -0.37236593E+000
 -0.37236246E+000
 -0.37235900E+000
 -0.37235555E+000
 -0.37235212E+000
 -0.37234869E+000
 -0.37234529E+000
 -0.37234190E+000
 -0.37233853E+000
 -0.37233518E+000
 -0.37233185E+000
 -0.37232855E+000
 -0.37232527E+000
 -0.37232202E+000
 -0.37231880E+000
 -0.37231561E+000
 -0.37231245E+000
 -0.37230932E+000
 -0.37230623E+000
 -0.37230317E+000
 -0.37230015E+000
 -0.37229717E+000
 -0.37229423E+000
 -0.37229132E+000
 -0.37228846E+000
 -0.37228564E+000
 -0.37228287E+000
 -0.37228014E+000
 -0.37227745E+000
 -0.37227481E+000
 -0.37227221E+000
 -0.37226967E+000
 -0.37226716E+000
 -0.37226471E+000
 -0.37226231E+000
 -0.37225995E+000
 -0.37225764E+000
 -0.37225538E+000
 -0.37225317E+000
 -0.37225101E+000
 -0.37224890E+000
 -0.37224683E+000
 -0.37224482E+000
 -0.37224285E+000
 -0.37224094E+000
 -0.37223907E+000
 -0.37223724E+000
 -0.37223547E+000
 -0.37223374E+000
 -0.37223206E+000
 -0.37223041E+000
