  0.96913907E+000
  0.96916357E+000
  0.96916076E+000
  0.96915709E+000
  0.96915470E+000
  0.96915336E+000
  0.96915276E+000
  0.96915266E+000
  0.96915288E+000
  0.96915333E+000
  0.96915392E+000
  0.96915463E+000
  0.96915542E+000
  0.96915627E+000
  0.96915718E+000
  0.96915813E+000
  0.96915911E+000
  0.96916012E+000
  0.96916115E+000
  0.96916221E+000
  0.96916327E+000
  0.96916434E+000
  0.96916541E+000
  0.96916648E+000
  0.96916755E+000
  0.96916860E+000
  0.96916963E+000
  0.96917064E+000
  0.96917163E+000
  0.96917260E+000
  0.96917353E+000
  0.96917444E+000
  0.96917532E+000
  0.96917616E+000
  0.96917699E+000
  0.96917778E+000
  0.96917856E+000
  0.96917931E+000
  0.96918005E+000
  0.96918079E+000
  0.96918151E+000
  0.96918224E+000
  0.96918297E+000
  0.96918371E+000
  0.96918447E+000
  0.96918524E+000
  0.96918603E+000
  0.96918685E+000
  0.96918769E+000
  0.96918856E+000
  0.96918945E+000
  0.96919036E+000
  0.96919129E+000
  0.96919223E+000
  0.96919319E+000
  0.96919415E+000
  0.96919511E+000
  0.96919607E+000
  0.96919702E+000
  0.96919797E+000
  0.96919890E+000
  0.96919981E+000
  0.96920071E+000
  0.96920159E+000
  0.96920245E+000
  0.96920329E+000
  0.96920410E+000
  0.96920490E+000
  0.96920567E+000
  0.96920642E+000
  0.96920715E+000
  0.96920787E+000
  0.96920856E+000
  0.96920924E+000
  0.96920990E+000
  0.96921054E+000
  0.96921117E+000
  0.96921178E+000
  0.96921238E+000
  0.96921297E+000
  0.96921355E+000
  0.96921412E+000
  0.96921467E+000
  0.96921522E+000
  0.96921576E+000
  0.96921629E+000
  0.96921681E+000
  0.96921733E+000
  0.96921784E+000
  0.96921835E+000
  0.96921885E+000
  0.96921934E+000
  0.96921984E+000
  0.96922032E+000
  0.96922081E+000
  0.96922128E+000
  0.96922176E+000
  0.96922223E+000
  0.96922270E+000
  0.96922316E+000
  0.96922362E+000
  0.96922408E+000
  0.96922453E+000
  0.96922498E+000
  0.96922543E+000
  0.96922587E+000
  0.96922631E+000
  0.96922674E+000
  0.96922716E+000
  0.96922759E+000
  0.96922800E+000
  0.96922842E+000
  0.96922882E+000
  0.96922922E+000
  0.96922962E+000
  0.96923000E+000
  0.96923038E+000
  0.96923076E+000
  0.96923113E+000
  0.96923149E+000
  0.96923185E+000
  0.96923219E+000
  0.96923254E+000
  0.96923287E+000
  0.96923320E+000
  0.96923352E+000
  0.96923383E+000
  0.96923414E+000
  0.96923443E+000
  0.96923472E+000
  0.96923501E+000
  0.96923528E+000
  0.96923555E+000
  0.96923581E+000
  0.96923607E+000
  0.96923632E+000
  0.96923656E+000
  0.96923679E+000
  0.96923702E+000
  0.96923724E+000
  0.96923745E+000
  0.96923766E+000
  0.96923786E+000
  0.96923805E+000
  0.96923824E+000
  0.96923843E+000
  0.96923860E+000
  0.96923877E+000
  0.96923894E+000
  0.96923910E+000
  0.96923925E+000
  0.96923940E+000
  0.96923955E+000
  0.96923969E+000
  0.96923982E+000
  0.96923995E+000
  0.96924008E+000
  0.96924020E+000
  0.96924032E+000
  0.96924044E+000
  0.96924055E+000
  0.96924066E+000
  0.96924076E+000
  0.96924087E+000
  0.96924096E+000
  0.96924106E+000
  0.96924115E+000
  0.96924124E+000
  0.96924133E+000
  0.96924142E+000
  0.96924150E+000
  0.96924158E+000
  0.96924166E+000
  0.96924173E+000
  0.96924181E+000
  0.96924188E+000
  0.96924195E+000
  0.96924202E+000
  0.96924209E+000
  0.96924215E+000
  0.96924222E+000
  0.96924228E+000
  0.96924234E+000
  0.96924240E+000
  0.96924246E+000
  0.96924252E+000
  0.96924257E+000
  0.96924263E+000
  0.96924268E+000
  0.96924273E+000
  0.96924278E+000
  0.96924283E+000
  0.96924288E+000
  0.96924293E+000
  0.96924297E+000
  0.96924302E+000
  0.96924306E+000
  0.96924310E+000
  0.96924314E+000
  0.96924316E+000
