  0.49281697E+000
  0.49282889E+000
  0.49282584E+000
  0.49282240E+000
  0.49281981E+000
  0.49281798E+000
  0.49281671E+000
  0.49281585E+000
  0.49281529E+000
  0.49281495E+000
  0.49281477E+000
  0.49281472E+000
  0.49281476E+000
  0.49281489E+000
  0.49281509E+000
  0.49281533E+000
  0.49281562E+000
  0.49281594E+000
  0.49281629E+000
  0.49281667E+000
  0.49281706E+000
  0.49281746E+000
  0.49281787E+000
  0.49281828E+000
  0.49281870E+000
  0.49281911E+000
  0.49281951E+000
  0.49281991E+000
  0.49282030E+000
  0.49282067E+000
  0.49282103E+000
  0.49282138E+000
  0.49282171E+000
  0.49282202E+000
  0.49282232E+000
  0.49282261E+000
  0.49282288E+000
  0.49282315E+000
  0.49282340E+000
  0.49282365E+000
  0.49282389E+000
  0.49282413E+000
  0.49282437E+000
  0.49282462E+000
  0.49282487E+000
  0.49282513E+000
  0.49282539E+000
  0.49282567E+000
  0.49282596E+000
  0.49282626E+000
  0.49282657E+000
  0.49282689E+000
  0.49282722E+000
  0.49282755E+000
  0.49282790E+000
  0.49282824E+000
  0.49282859E+000
  0.49282894E+000
  0.49282929E+000
  0.49282964E+000
  0.49282999E+000
  0.49283032E+000
  0.49283066E+000
  0.49283099E+000
  0.49283131E+000
  0.49283162E+000
  0.49283193E+000
  0.49283223E+000
  0.49283253E+000
  0.49283282E+000
  0.49283310E+000
  0.49283338E+000
  0.49283365E+000
  0.49283392E+000
  0.49283419E+000
  0.49283445E+000
  0.49283471E+000
  0.49283497E+000
  0.49283523E+000
  0.49283548E+000
  0.49283573E+000
  0.49283599E+000
  0.49283624E+000
  0.49283649E+000
  0.49283674E+000
  0.49283699E+000
  0.49283724E+000
  0.49283749E+000
  0.49283774E+000
  0.49283799E+000
  0.49283824E+000
  0.49283849E+000
  0.49283874E+000
  0.49283899E+000
  0.49283924E+000
  0.49283949E+000
  0.49283973E+000
  0.49283998E+000
  0.49284023E+000
  0.49284048E+000
  0.49284072E+000
  0.49284096E+000
  0.49284121E+000
  0.49284145E+000
  0.49284169E+000
  0.49284192E+000
  0.49284216E+000
  0.49284239E+000
  0.49284262E+000
  0.49284285E+000
  0.49284308E+000
  0.49284330E+000
  0.49284352E+000
  0.49284373E+000
  0.49284395E+000
  0.49284416E+000
  0.49284436E+000
  0.49284457E+000
  0.49284476E+000
  0.49284496E+000
  0.49284515E+000
  0.49284534E+000
  0.49284552E+000
  0.49284570E+000
  0.49284588E+000
  0.49284605E+000
  0.49284622E+000
  0.49284638E+000
  0.49284654E+000
  0.49284670E+000
  0.49284685E+000
  0.49284700E+000
  0.49284714E+000
  0.49284728E+000
  0.49284742E+000
  0.49284755E+000
  0.49284768E+000
  0.49284780E+000
  0.49284792E+000
  0.49284804E+000
  0.49284815E+000
  0.49284826E+000
  0.49284837E+000
  0.49284847E+000
  0.49284857E+000
  0.49284867E+000
  0.49284876E+000
  0.49284885E+000
  0.49284894E+000
  0.49284902E+000
  0.49284910E+000
  0.49284918E+000
  0.49284926E+000
  0.49284933E+000
  0.49284940E+000
  0.49284947E+000
  0.49284954E+000
  0.49284960E+000
  0.49284966E+000
  0.49284972E+000
  0.49284978E+000
  0.49284983E+000
  0.49284989E+000
  0.49284994E+000
  0.49284999E+000
  0.49285004E+000
  0.49285009E+000
  0.49285014E+000
  0.49285018E+000
  0.49285022E+000
  0.49285027E+000
  0.49285031E+000
  0.49285035E+000
  0.49285039E+000
  0.49285043E+000
  0.49285046E+000
  0.49285050E+000
  0.49285053E+000
  0.49285057E+000
  0.49285060E+000
  0.49285064E+000
  0.49285067E+000
  0.49285070E+000
  0.49285073E+000
  0.49285076E+000
  0.49285079E+000
  0.49285082E+000
  0.49285084E+000
  0.49285087E+000
  0.49285090E+000
  0.49285092E+000
  0.49285095E+000
  0.49285097E+000
  0.49285100E+000
  0.49285102E+000
  0.49285105E+000
  0.49285107E+000
  0.49285109E+000
  0.49285111E+000
  0.49285112E+000
