 -0.47077723E-001  0.61853225E-001  0.14542415E+001  0.42332906E+002
 -0.47093732E-001  0.61858766E-001  0.14544536E+001  0.42349011E+002
 -0.47106139E-001  0.61861320E-001  0.14545801E+001  0.42361041E+002
 -0.47115754E-001  0.61862516E-001  0.14546649E+001  0.42370570E+002
 -0.47123041E-001  0.61863015E-001  0.14547246E+001  0.42378275E+002
 -0.47128382E-001  0.61863134E-001  0.14547675E+001  0.42384551E+002
 -0.47132113E-001  0.61863039E-001  0.14547980E+001  0.42389676E+002
 -0.47134531E-001  0.61862822E-001  0.14548192E+001  0.42393859E+002
 -0.47135894E-001  0.61862534E-001  0.14548334E+001  0.42397265E+002
 -0.47136422E-001  0.61862203E-001  0.14548423E+001  0.42400027E+002
 -0.47136298E-001  0.61861847E-001  0.14548473E+001  0.42402253E+002
 -0.47135678E-001  0.61861472E-001  0.14548493E+001  0.42404033E+002
 -0.47134684E-001  0.61861084E-001  0.14548490E+001  0.42405439E+002
 -0.47133419E-001  0.61860685E-001  0.14548470E+001  0.42406531E+002
 -0.47131963E-001  0.61860278E-001  0.14548437E+001  0.42407359E+002
 -0.47130380E-001  0.61859865E-001  0.14548396E+001  0.42407963E+002
 -0.47128718E-001  0.61859451E-001  0.14548348E+001  0.42408379E+002
 -0.47127017E-001  0.61859038E-001  0.14548295E+001  0.42408635E+002
 -0.47125305E-001  0.61858630E-001  0.14548241E+001  0.42408755E+002
 -0.47123603E-001  0.61858232E-001  0.14548185E+001  0.42408760E+002
 -0.47121929E-001  0.61857847E-001  0.14548129E+001  0.42408666E+002
 -0.47120292E-001  0.61857479E-001  0.14548074E+001  0.42408488E+002
 -0.47118699E-001  0.61857133E-001  0.14548021E+001  0.42408239E+002
 -0.47117156E-001  0.61856812E-001  0.14547970E+001  0.42407928E+002
 -0.47115665E-001  0.61856519E-001  0.14547921E+001  0.42407564E+002
 -0.47114226E-001  0.61856256E-001  0.14547876E+001  0.42407155E+002
 -0.47112840E-001  0.61856026E-001  0.14547834E+001  0.42406707E+002
 -0.47111504E-001  0.61855829E-001  0.14547795E+001  0.42406226E+002
 -0.47110218E-001  0.61855666E-001  0.14547760E+001  0.42405716E+002
 -0.47108980E-001  0.61855535E-001  0.14547727E+001  0.42405181E+002
 -0.47107787E-001  0.61855434E-001  0.14547698E+001  0.42404625E+002
 -0.47106638E-001  0.61855362E-001  0.14547670E+001  0.42404051E+002
 -0.47105530E-001  0.61855313E-001  0.14547645E+001  0.42403460E+002
 -0.47104462E-001  0.61855283E-001  0.14547621E+001  0.42402856E+002
 -0.47103432E-001  0.61855265E-001  0.14547597E+001  0.42402239E+002
 -0.47102437E-001  0.61855253E-001  0.14547574E+001  0.42401612E+002
 -0.47101477E-001  0.61855239E-001  0.14547550E+001  0.42400976E+002
 -0.47100551E-001  0.61855214E-001  0.14547524E+001  0.42400332E+002
 -0.47099656E-001  0.61855171E-001  0.14547496E+001  0.42399681E+002
 -0.47098792E-001  0.61855099E-001  0.14547465E+001  0.42399023E+002
 -0.47097957E-001  0.61854991E-001  0.14547430E+001  0.42398360E+002
 -0.47097150E-001  0.61854840E-001  0.14547391E+001  0.42397692E+002
 -0.47096370E-001  0.61854637E-001  0.14547346E+001  0.42397020E+002
 -0.47095615E-001  0.61854378E-001  0.14547296E+001  0.42396344E+002
 -0.47094885E-001  0.61854058E-001  0.14547241E+001  0.42395665E+002
 -0.47094177E-001  0.61853676E-001  0.14547179E+001  0.42394985E+002
 -0.47093491E-001  0.61853231E-001  0.14547112E+001  0.42394303E+002
 -0.47092825E-001  0.61852725E-001  0.14547038E+001  0.42393620E+002
 -0.47092176E-001  0.61852161E-001  0.14546959E+001  0.42392937E+002
 -0.47091544E-001  0.61851546E-001  0.14546875E+001  0.42392255E+002
 -0.47090928E-001  0.61850886E-001  0.14546787E+001  0.42391575E+002
 -0.47090325E-001  0.61850191E-001  0.14546695E+001  0.42390897E+002
 -0.47089735E-001  0.61849470E-001  0.14546600E+001  0.42390224E+002
 -0.47089157E-001  0.61848732E-001  0.14546503E+001  0.42389555E+002
 -0.47088590E-001  0.61847989E-001  0.14546404E+001  0.42388891E+002
 -0.47088035E-001  0.61847249E-001  0.14546305E+001  0.42388235E+002
 -0.47087490E-001  0.61846521E-001  0.14546206E+001  0.42387586E+002
 -0.47086957E-001  0.61845815E-001  0.14546108E+001  0.42386946E+002
 -0.47086435E-001  0.61845136E-001  0.14546011E+001  0.42386315E+002
 -0.47085926E-001  0.61844492E-001  0.14545916E+001  0.42385694E+002
 -0.47085430E-001  0.61843887E-001  0.14545824E+001  0.42385085E+002
 -0.47084947E-001  0.61843325E-001  0.14545734E+001  0.42384487E+002
 -0.47084480E-001  0.61842808E-001  0.14545646E+001  0.42383902E+002
 -0.47084029E-001  0.61842340E-001  0.14545562E+001  0.42383329E+002
 -0.47083595E-001  0.61841919E-001  0.14545480E+001  0.42382770E+002
 -0.47083178E-001  0.61841548E-001  0.14545401E+001  0.42382224E+002
 -0.47082779E-001  0.61841226E-001  0.14545325E+001  0.42381692E+002
 -0.47082400E-001  0.61840952E-001  0.14545251E+001  0.42381173E+002
 -0.47082040E-001  0.61840726E-001  0.14545180E+001  0.42380668E+002
 -0.47081700E-001  0.61840546E-001  0.14545111E+001  0.42380177E+002
 -0.47081381E-001  0.61840411E-001  0.14545044E+001  0.42379699E+002
 -0.47081081E-001  0.61840319E-001  0.14544978E+001  0.42379234E+002
 -0.47080801E-001  0.61840269E-001  0.14544914E+001  0.42378782E+002
 -0.47080542E-001  0.61840259E-001  0.14544852E+001  0.42378343E+002
 -0.47080302E-001  0.61840287E-001  0.14544790E+001  0.42377915E+002
 -0.47080081E-001  0.61840352E-001  0.14544730E+001  0.42377499E+002
 -0.47079878E-001  0.61840450E-001  0.14544670E+001  0.42377094E+002
 -0.47079693E-001  0.61840581E-001  0.14544611E+001  0.42376699E+002
 -0.47079525E-001  0.61840741E-001  0.14544552E+001  0.42376314E+002
 -0.47079373E-001  0.61840929E-001  0.14544494E+001  0.42375938E+002
 -0.47079236E-001  0.61841142E-001  0.14544435E+001  0.42375570E+002
 -0.47079113E-001  0.61841379E-001  0.14544377E+001  0.42375210E+002
 -0.47079003E-001  0.61841635E-001  0.14544320E+001  0.42374857E+002
 -0.47078906E-001  0.61841911E-001  0.14544262E+001  0.42374511E+002
 -0.47078819E-001  0.61842202E-001  0.14544204E+001  0.42374170E+002
 -0.47078743E-001  0.61842506E-001  0.14544147E+001  0.42373834E+002
 -0.47078676E-001  0.61842822E-001  0.14544089E+001  0.42373503E+002
 -0.47078617E-001  0.61843147E-001  0.14544031E+001  0.42373176E+002
 -0.47078566E-001  0.61843479E-001  0.14543974E+001  0.42372852E+002
 -0.47078521E-001  0.61843816E-001  0.14543917E+001  0.42372530E+002
 -0.47078482E-001  0.61844156E-001  0.14543860E+001  0.42372212E+002
 -0.47078448E-001  0.61844497E-001  0.14543804E+001  0.42371895E+002
 -0.47078418E-001  0.61844838E-001  0.14543747E+001  0.42371579E+002
 -0.47078393E-001  0.61845177E-001  0.14543692E+001  0.42371264E+002
 -0.47078370E-001  0.61845512E-001  0.14543637E+001  0.42370950E+002
 -0.47078350E-001  0.61845842E-001  0.14543583E+001  0.42370637E+002
 -0.47078332E-001  0.61846167E-001  0.14543529E+001  0.42370323E+002
 -0.47078316E-001  0.61846485E-001  0.14543477E+001  0.42370009E+002
 -0.47078302E-001  0.61846796E-001  0.14543425E+001  0.42369694E+002
 -0.47078289E-001  0.61847098E-001  0.14543375E+001  0.42369379E+002
 -0.47078277E-001  0.61847392E-001  0.14543326E+001  0.42369063E+002
 -0.47078265E-001  0.61847677E-001  0.14543279E+001  0.42368745E+002
 -0.47078254E-001  0.61847951E-001  0.14543232E+001  0.42368426E+002
 -0.47078243E-001  0.61848217E-001  0.14543188E+001  0.42368106E+002
 -0.47078232E-001  0.61848472E-001  0.14543145E+001  0.42367784E+002
 -0.47078222E-001  0.61848718E-001  0.14543103E+001  0.42367461E+002
 -0.47078211E-001  0.61848954E-001  0.14543063E+001  0.42367136E+002
 -0.47078200E-001  0.61849180E-001  0.14543025E+001  0.42366809E+002
 -0.47078189E-001  0.61849397E-001  0.14542988E+001  0.42366480E+002
 -0.47078178E-001  0.61849605E-001  0.14542954E+001  0.42366149E+002
 -0.47078167E-001  0.61849804E-001  0.14542921E+001  0.42365816E+002
 -0.47078156E-001  0.61849994E-001  0.14542890E+001  0.42365481E+002
 -0.47078144E-001  0.61850176E-001  0.14542860E+001  0.42365144E+002
 -0.47078132E-001  0.61850351E-001  0.14542833E+001  0.42364805E+002
 -0.47078120E-001  0.61850519E-001  0.14542807E+001  0.42364463E+002
 -0.47078107E-001  0.61850679E-001  0.14542782E+001  0.42364120E+002
 -0.47078095E-001  0.61850834E-001  0.14542760E+001  0.42363775E+002
 -0.47078082E-001  0.61850982E-001  0.14542739E+001  0.42363427E+002
 -0.47078068E-001  0.61851125E-001  0.14542719E+001  0.42363077E+002
 -0.47078055E-001  0.61851262E-001  0.14542702E+001  0.42362726E+002
 -0.47078041E-001  0.61851395E-001  0.14542685E+001  0.42362372E+002
 -0.47078028E-001  0.61851524E-001  0.14542670E+001  0.42362016E+002
 -0.47078014E-001  0.61851648E-001  0.14542657E+001  0.42361658E+002
 -0.47078000E-001  0.61851769E-001  0.14542645E+001  0.42361298E+002
 -0.47077985E-001  0.61851887E-001  0.14542634E+001  0.42360936E+002
 -0.47077971E-001  0.61852001E-001  0.14542624E+001  0.42360572E+002
 -0.47077956E-001  0.61852113E-001  0.14542616E+001  0.42360207E+002
 -0.47077942E-001  0.61852222E-001  0.14542608E+001  0.42359839E+002
 -0.47077927E-001  0.61852329E-001  0.14542602E+001  0.42359470E+002
 -0.47077912E-001  0.61852434E-001  0.14542596E+001  0.42359099E+002
 -0.47077897E-001  0.61852536E-001  0.14542592E+001  0.42358727E+002
 -0.47077882E-001  0.61852637E-001  0.14542588E+001  0.42358353E+002
 -0.47077867E-001  0.61852736E-001  0.14542586E+001  0.42357978E+002
 -0.47077852E-001  0.61852833E-001  0.14542584E+001  0.42357602E+002
 -0.47077837E-001  0.61852928E-001  0.14542583E+001  0.42357225E+002
 -0.47077822E-001  0.61853022E-001  0.14542582E+001  0.42356846E+002
 -0.47077808E-001  0.61853114E-001  0.14542582E+001  0.42356467E+002
 -0.47077793E-001  0.61853204E-001  0.14542583E+001  0.42356087E+002
 -0.47077778E-001  0.61853292E-001  0.14542584E+001  0.42355706E+002
 -0.47077764E-001  0.61853379E-001  0.14542586E+001  0.42355325E+002
 -0.47077749E-001  0.61853463E-001  0.14542588E+001  0.42354943E+002
 -0.47077735E-001  0.61853546E-001  0.14542590E+001  0.42354561E+002
 -0.47077721E-001  0.61853626E-001  0.14542593E+001  0.42354179E+002
 -0.47077708E-001  0.61853704E-001  0.14542596E+001  0.42353798E+002
 -0.47077695E-001  0.61853780E-001  0.14542599E+001  0.42353416E+002
 -0.47077682E-001  0.61853854E-001  0.14542602E+001  0.42353035E+002
 -0.47077669E-001  0.61853925E-001  0.14542606E+001  0.42352655E+002
 -0.47077657E-001  0.61853993E-001  0.14542610E+001  0.42352276E+002
 -0.47077645E-001  0.61854058E-001  0.14542614E+001  0.42351897E+002
 -0.47077633E-001  0.61854120E-001  0.14542617E+001  0.42351520E+002
 -0.47077622E-001  0.61854180E-001  0.14542621E+001  0.42351144E+002
 -0.47077612E-001  0.61854236E-001  0.14542625E+001  0.42350770E+002
 -0.47077602E-001  0.61854289E-001  0.14542629E+001  0.42350397E+002
 -0.47077592E-001  0.61854338E-001  0.14542632E+001  0.42350027E+002
 -0.47077583E-001  0.61854385E-001  0.14542636E+001  0.42349658E+002
 -0.47077575E-001  0.61854427E-001  0.14542639E+001  0.42349292E+002
 -0.47077567E-001  0.61854466E-001  0.14542642E+001  0.42348928E+002
 -0.47077559E-001  0.61854502E-001  0.14542645E+001  0.42348567E+002
 -0.47077552E-001  0.61854534E-001  0.14542648E+001  0.42348209E+002
 -0.47077546E-001  0.61854562E-001  0.14542650E+001  0.42347854E+002
 -0.47077541E-001  0.61854587E-001  0.14542652E+001  0.42347501E+002
 -0.47077536E-001  0.61854608E-001  0.14542654E+001  0.42347153E+002
 -0.47077531E-001  0.61854625E-001  0.14542656E+001  0.42346807E+002
 -0.47077527E-001  0.61854639E-001  0.14542657E+001  0.42346466E+002
 -0.47077524E-001  0.61854649E-001  0.14542658E+001  0.42346128E+002
 -0.47077521E-001  0.61854656E-001  0.14542658E+001  0.42345794E+002
 -0.47077519E-001  0.61854660E-001  0.14542658E+001  0.42345464E+002
 -0.47077518E-001  0.61854660E-001  0.14542658E+001  0.42345138E+002
 -0.47077517E-001  0.61854656E-001  0.14542657E+001  0.42344817E+002
 -0.47077516E-001  0.61854650E-001  0.14542656E+001  0.42344500E+002
 -0.47077516E-001  0.61854641E-001  0.14542655E+001  0.42344188E+002
 -0.47077517E-001  0.61854628E-001  0.14542654E+001  0.42343880E+002
 -0.47077518E-001  0.61854613E-001  0.14542652E+001  0.42343577E+002
 -0.47077519E-001  0.61854595E-001  0.14542649E+001  0.42343279E+002
 -0.47077521E-001  0.61854575E-001  0.14542647E+001  0.42342985E+002
 -0.47077523E-001  0.61854553E-001  0.14542644E+001  0.42342697E+002
 -0.47077526E-001  0.61854528E-001  0.14542641E+001  0.42342414E+002
 -0.47077529E-001  0.61854501E-001  0.14542637E+001  0.42342136E+002
 -0.47077532E-001  0.61854473E-001  0.14542633E+001  0.42341863E+002
 -0.47077536E-001  0.61854442E-001  0.14542629E+001  0.42341595E+002
 -0.47077540E-001  0.61854410E-001  0.14542625E+001  0.42341332E+002
 -0.47077545E-001  0.61854377E-001  0.14542620E+001  0.42341075E+002
 -0.47077549E-001  0.61854342E-001  0.14542616E+001  0.42340823E+002
 -0.47077554E-001  0.61854307E-001  0.14542611E+001  0.42340576E+002
 -0.47077559E-001  0.61854270E-001  0.14542606E+001  0.42340335E+002
 -0.47077564E-001  0.61854233E-001  0.14542600E+001  0.42340099E+002
 -0.47077569E-001  0.61854195E-001  0.14542595E+001  0.42339868E+002
 -0.47077575E-001  0.61854156E-001  0.14542589E+001  0.42339642E+002
 -0.47077580E-001  0.61854118E-001  0.14542584E+001  0.42339422E+002
 -0.47077586E-001  0.61854079E-001  0.14542578E+001  0.42339207E+002
 -0.47077591E-001  0.61854039E-001  0.14542572E+001  0.42338997E+002
 -0.47077597E-001  0.61854000E-001  0.14542566E+001  0.42338793E+002
 -0.47077603E-001  0.61853961E-001  0.14542561E+001  0.42338593E+002
 -0.47077608E-001  0.61853922E-001  0.14542555E+001  0.42338399E+002
 -0.47077614E-001  0.61853883E-001  0.14542549E+001  0.42338210E+002
 -0.47077620E-001  0.61853845E-001  0.14542543E+001  0.42338025E+002
 -0.47077625E-001  0.61853807E-001  0.14542537E+001  0.42337846E+002
 -0.47077630E-001  0.61853769E-001  0.14542531E+001  0.42337672E+002
 -0.47077635E-001  0.61853733E-001  0.14542525E+001  0.42337502E+002
 -0.47077641E-001  0.61853696E-001  0.14542519E+001  0.42337337E+002
