  0.15239363E+001
  0.15209617E+001
  0.15191455E+001
  0.15178261E+001
  0.15167928E+001
  0.15159578E+001
  0.15152731E+001
  0.15147059E+001
  0.15142346E+001
  0.15138418E+001
  0.15135132E+001
  0.15132375E+001
  0.15130060E+001
  0.15128112E+001
  0.15126472E+001
  0.15125091E+001
  0.15123929E+001
  0.15122951E+001
  0.15122130E+001
  0.15121442E+001
  0.15120865E+001
  0.15120385E+001
  0.15119985E+001
  0.15119655E+001
  0.15119382E+001
  0.15119160E+001
  0.15118979E+001
  0.15118833E+001
  0.15118716E+001
  0.15118624E+001
  0.15118551E+001
  0.15118495E+001
  0.15118452E+001
  0.15118419E+001
  0.15118394E+001
  0.15118375E+001
  0.15118360E+001
  0.15118349E+001
  0.15118340E+001
  0.15118332E+001
  0.15118325E+001
  0.15118318E+001
  0.15118311E+001
  0.15118303E+001
  0.15118295E+001
  0.15118286E+001
  0.15118276E+001
  0.15118266E+001
  0.15118256E+001
  0.15118244E+001
  0.15118233E+001
  0.15118221E+001
  0.15118209E+001
  0.15118196E+001
  0.15118183E+001
  0.15118170E+001
  0.15118157E+001
  0.15118143E+001
  0.15118129E+001
  0.15118115E+001
  0.15118100E+001
  0.15118085E+001
  0.15118069E+001
  0.15118052E+001
  0.15118036E+001
  0.15118018E+001
  0.15118000E+001
  0.15117982E+001
  0.15117962E+001
  0.15117943E+001
  0.15117923E+001
  0.15117902E+001
  0.15117881E+001
  0.15117859E+001
  0.15117837E+001
  0.15117815E+001
  0.15117792E+001
  0.15117768E+001
  0.15117745E+001
  0.15117721E+001
  0.15117696E+001
  0.15117671E+001
  0.15117646E+001
  0.15117621E+001
  0.15117596E+001
  0.15117570E+001
  0.15117544E+001
  0.15117517E+001
  0.15117491E+001
  0.15117464E+001
  0.15117437E+001
  0.15117410E+001
  0.15117383E+001
  0.15117356E+001
  0.15117328E+001
  0.15117300E+001
  0.15117272E+001
  0.15117244E+001
  0.15117216E+001
  0.15117187E+001
  0.15117159E+001
  0.15117130E+001
  0.15117101E+001
  0.15117072E+001
  0.15117042E+001
  0.15117013E+001
  0.15116983E+001
  0.15116953E+001
  0.15116923E+001
  0.15116892E+001
  0.15116862E+001
  0.15116831E+001
  0.15116800E+001
  0.15116769E+001
  0.15116737E+001
  0.15116706E+001
  0.15116674E+001
  0.15116642E+001
  0.15116609E+001
  0.15116577E+001
  0.15116544E+001
  0.15116511E+001
  0.15116477E+001
  0.15116444E+001
  0.15116410E+001
  0.15116376E+001
  0.15116342E+001
  0.15116307E+001
  0.15116272E+001
  0.15116237E+001
  0.15116202E+001
  0.15116167E+001
  0.15116131E+001
  0.15116096E+001
  0.15116060E+001
  0.15116024E+001
  0.15115987E+001
  0.15115951E+001
  0.15115914E+001
  0.15115878E+001
  0.15115841E+001
  0.15115804E+001
  0.15115767E+001
  0.15115730E+001
  0.15115693E+001
  0.15115656E+001
  0.15115619E+001
  0.15115582E+001
  0.15115546E+001
  0.15115509E+001
  0.15115472E+001
  0.15115435E+001
  0.15115399E+001
  0.15115362E+001
  0.15115326E+001
  0.15115290E+001
  0.15115254E+001
  0.15115218E+001
  0.15115183E+001
  0.15115148E+001
  0.15115113E+001
  0.15115078E+001
  0.15115044E+001
  0.15115010E+001
  0.15114976E+001
  0.15114943E+001
  0.15114910E+001
  0.15114878E+001
  0.15114846E+001
  0.15114814E+001
  0.15114783E+001
  0.15114752E+001
  0.15114722E+001
  0.15114692E+001
  0.15114662E+001
  0.15114634E+001
  0.15114605E+001
  0.15114577E+001
  0.15114550E+001
  0.15114523E+001
  0.15114496E+001
  0.15114471E+001
  0.15114445E+001
  0.15114420E+001
  0.15114396E+001
  0.15114372E+001
  0.15114349E+001
  0.15114326E+001
  0.15114304E+001
  0.15114283E+001
  0.15114262E+001
  0.15114241E+001
  0.15114221E+001
  0.15114201E+001
  0.15114182E+001
  0.15114164E+001
  0.15114146E+001
  0.15114128E+001
  0.15114111E+001
  0.15114094E+001
