  0.57638202E+000  0.94042281E+000  0.10844617E+001  0.34944792E+001
  0.57614362E+000  0.94033339E+000  0.10838221E+001  0.34835482E+001
  0.57603077E+000  0.94028474E+000  0.10834055E+001  0.34768613E+001
  0.57596504E+000  0.94025267E+000  0.10830980E+001  0.34719891E+001
  0.57592172E+000  0.94022935E+000  0.10828565E+001  0.34681639E+001
  0.57589140E+000  0.94021154E+000  0.10826613E+001  0.34650675E+001
  0.57586949E+000  0.94019617E+000  0.10825027E+001  0.34625244E+001
  0.57585329E+000  0.94018370E+000  0.10823712E+001  0.34604158E+001
  0.57584131E+000  0.94017370E+000  0.10822617E+001  0.34586621E+001
  0.57583243E+000  0.94016561E+000  0.10821702E+001  0.34571995E+001
  0.57582581E+000  0.94015904E+000  0.10820936E+001  0.34559748E+001
  0.57582086E+000  0.94015367E+000  0.10820292E+001  0.34549469E+001
  0.57581718E+000  0.94014927E+000  0.10819751E+001  0.34540829E+001
  0.57581447E+000  0.94014566E+000  0.10819296E+001  0.34533557E+001
  0.57581249E+000  0.94014270E+000  0.10818912E+001  0.34527430E+001
  0.57581107E+000  0.94014025E+000  0.10818589E+001  0.34522266E+001
  0.57581011E+000  0.94013825E+000  0.10818316E+001  0.34517920E+001
  0.57580949E+000  0.94013659E+000  0.10818087E+001  0.34514262E+001
  0.57580914E+000  0.94013523E+000  0.10817894E+001  0.34511188E+001
  0.57580900E+000  0.94013411E+000  0.10817733E+001  0.34508607E+001
  0.57580902E+000  0.94013318E+000  0.10817598E+001  0.34506446E+001
  0.57580916E+000  0.94013243E+000  0.10817486E+001  0.34504641E+001
  0.57580940E+000  0.94013180E+000  0.10817393E+001  0.34503139E+001
  0.57580971E+000  0.94013127E+000  0.10817316E+001  0.34501896E+001
  0.57581006E+000  0.94013083E+000  0.10817254E+001  0.34500871E+001
  0.57581045E+000  0.94013045E+000  0.10817202E+001  0.34500031E+001
  0.57581084E+000  0.94013011E+000  0.10817161E+001  0.34499348E+001
  0.57581124E+000  0.94012980E+000  0.10817128E+001  0.34498797E+001
  0.57581162E+000  0.94012950E+000  0.10817102E+001  0.34498356E+001
  0.57581198E+000  0.94012921E+000  0.10817082E+001  0.34498006E+001
  0.57581230E+000  0.94012891E+000  0.10817066E+001  0.34497731E+001
  0.57581259E+000  0.94012860E+000  0.10817054E+001  0.34497518E+001
  0.57581283E+000  0.94012826E+000  0.10817045E+001  0.34497355E+001
  0.57581302E+000  0.94012791E+000  0.10817038E+001  0.34497231E+001
  0.57581317E+000  0.94012752E+000  0.10817033E+001  0.34497138E+001
  0.57581327E+000  0.94012711E+000  0.10817029E+001  0.34497070E+001
  0.57581333E+000  0.94012666E+000  0.10817027E+001  0.34497018E+001
  0.57581334E+000  0.94012619E+000  0.10817025E+001  0.34496980E+001
  0.57581331E+000  0.94012569E+000  0.10817023E+001  0.34496951E+001
  0.57581324E+000  0.94012517E+000  0.10817021E+001  0.34496927E+001
  0.57581314E+000  0.94012462E+000  0.10817020E+001  0.34496907E+001
  0.57581302E+000  0.94012406E+000  0.10817018E+001  0.34496887E+001
  0.57581288E+000  0.94012349E+000  0.10817016E+001  0.34496867E+001
  0.57581273E+000  0.94012291E+000  0.10817014E+001  0.34496846E+001
  0.57581257E+000  0.94012233E+000  0.10817012E+001  0.34496822E+001
  0.57581241E+000  0.94012175E+000  0.10817010E+001  0.34496797E+001
  0.57581226E+000  0.94012118E+000  0.10817007E+001  0.34496769E+001
  0.57581212E+000  0.94012062E+000  0.10817004E+001  0.34496738E+001
  0.57581199E+000  0.94012007E+000  0.10817001E+001  0.34496705E+001
  0.57581187E+000  0.94011954E+000  0.10816999E+001  0.34496669E+001
  0.57581178E+000  0.94011904E+000  0.10816995E+001  0.34496632E+001
  0.57581170E+000  0.94011855E+000  0.10816992E+001  0.34496593E+001
  0.57581164E+000  0.94011808E+000  0.10816989E+001  0.34496552E+001
  0.57581159E+000  0.94011764E+000  0.10816986E+001  0.34496510E+001
  0.57581156E+000  0.94011722E+000  0.10816983E+001  0.34496467E+001
  0.57581154E+000  0.94011682E+000  0.10816980E+001  0.34496422E+001
  0.57581153E+000  0.94011643E+000  0.10816976E+001  0.34496376E+001
  0.57581152E+000  0.94011606E+000  0.10816973E+001  0.34496328E+001
  0.57581152E+000  0.94011571E+000  0.10816970E+001  0.34496279E+001
  0.57581151E+000  0.94011537E+000  0.10816966E+001  0.34496229E+001
  0.57581149E+000  0.94011504E+000  0.10816962E+001  0.34496176E+001
  0.57581147E+000  0.94011472E+000  0.10816958E+001  0.34496122E+001
  0.57581144E+000  0.94011441E+000  0.10816954E+001  0.34496066E+001
  0.57581140E+000  0.94011412E+000  0.10816950E+001  0.34496008E+001
  0.57581135E+000  0.94011382E+000  0.10816946E+001  0.34495949E+001
  0.57581128E+000  0.94011354E+000  0.10816941E+001  0.34495887E+001
  0.57581120E+000  0.94011327E+000  0.10816937E+001  0.34495823E+001
  0.57581111E+000  0.94011300E+000  0.10816932E+001  0.34495758E+001
  0.57581100E+000  0.94011274E+000  0.10816926E+001  0.34495690E+001
  0.57581088E+000  0.94011249E+000  0.10816921E+001  0.34495621E+001
  0.57581074E+000  0.94011224E+000  0.10816915E+001  0.34495550E+001
  0.57581059E+000  0.94011200E+000  0.10816910E+001  0.34495477E+001
  0.57581043E+000  0.94011178E+000  0.10816904E+001  0.34495402E+001
  0.57581025E+000  0.94011155E+000  0.10816897E+001  0.34495325E+001
  0.57581007E+000  0.94011134E+000  0.10816891E+001  0.34495247E+001
  0.57580987E+000  0.94011113E+000  0.10816885E+001  0.34495168E+001
  0.57580967E+000  0.94011093E+000  0.10816878E+001  0.34495087E+001
  0.57580945E+000  0.94011074E+000  0.10816871E+001  0.34495005E+001
  0.57580923E+000  0.94011055E+000  0.10816864E+001  0.34494921E+001
  0.57580900E+000  0.94011037E+000  0.10816857E+001  0.34494836E+001
  0.57580876E+000  0.94011019E+000  0.10816849E+001  0.34494750E+001
  0.57580852E+000  0.94011002E+000  0.10816842E+001  0.34494663E+001
  0.57580827E+000  0.94010986E+000  0.10816834E+001  0.34494574E+001
  0.57580802E+000  0.94010970E+000  0.10816827E+001  0.34494485E+001
  0.57580776E+000  0.94010954E+000  0.10816819E+001  0.34494395E+001
  0.57580750E+000  0.94010939E+000  0.10816811E+001  0.34494303E+001
  0.57580723E+000  0.94010924E+000  0.10816803E+001  0.34494211E+001
  0.57580696E+000  0.94010910E+000  0.10816795E+001  0.34494118E+001
  0.57580670E+000  0.94010896E+000  0.10816787E+001  0.34494024E+001
  0.57580643E+000  0.94010882E+000  0.10816779E+001  0.34493930E+001
  0.57580616E+000  0.94010869E+000  0.10816771E+001  0.34493834E+001
  0.57580589E+000  0.94010855E+000  0.10816763E+001  0.34493738E+001
  0.57580562E+000  0.94010842E+000  0.10816755E+001  0.34493641E+001
  0.57580535E+000  0.94010829E+000  0.10816747E+001  0.34493543E+001
  0.57580508E+000  0.94010817E+000  0.10816739E+001  0.34493445E+001
  0.57580481E+000  0.94010804E+000  0.10816731E+001  0.34493346E+001
  0.57580454E+000  0.94010792E+000  0.10816723E+001  0.34493245E+001
  0.57580428E+000  0.94010779E+000  0.10816715E+001  0.34493145E+001
  0.57580402E+000  0.94010767E+000  0.10816707E+001  0.34493043E+001
  0.57580376E+000  0.94010755E+000  0.10816699E+001  0.34492941E+001
  0.57580351E+000  0.94010743E+000  0.10816691E+001  0.34492838E+001
  0.57580326E+000  0.94010732E+000  0.10816684E+001  0.34492734E+001
  0.57580301E+000  0.94010720E+000  0.10816676E+001  0.34492629E+001
  0.57580276E+000  0.94010709E+000  0.10816669E+001  0.34492523E+001
  0.57580252E+000  0.94010698E+000  0.10816662E+001  0.34492416E+001
  0.57580228E+000  0.94010687E+000  0.10816654E+001  0.34492309E+001
  0.57580205E+000  0.94010676E+000  0.10816647E+001  0.34492200E+001
  0.57580182E+000  0.94010665E+000  0.10816640E+001  0.34492091E+001
  0.57580160E+000  0.94010654E+000  0.10816634E+001  0.34491980E+001
  0.57580138E+000  0.94010644E+000  0.10816627E+001  0.34491869E+001
  0.57580117E+000  0.94010634E+000  0.10816620E+001  0.34491756E+001
  0.57580096E+000  0.94010623E+000  0.10816614E+001  0.34491643E+001
  0.57580075E+000  0.94010614E+000  0.10816608E+001  0.34491528E+001
  0.57580056E+000  0.94010604E+000  0.10816602E+001  0.34491412E+001
  0.57580036E+000  0.94010594E+000  0.10816596E+001  0.34491295E+001
  0.57580017E+000  0.94010585E+000  0.10816590E+001  0.34491177E+001
  0.57579999E+000  0.94010576E+000  0.10816584E+001  0.34491058E+001
  0.57579981E+000  0.94010567E+000  0.10816579E+001  0.34490938E+001
  0.57579964E+000  0.94010559E+000  0.10816573E+001  0.34490816E+001
  0.57579947E+000  0.94010550E+000  0.10816568E+001  0.34490693E+001
  0.57579931E+000  0.94010542E+000  0.10816563E+001  0.34490569E+001
  0.57579915E+000  0.94010534E+000  0.10816558E+001  0.34490444E+001
  0.57579899E+000  0.94010526E+000  0.10816553E+001  0.34490318E+001
  0.57579885E+000  0.94010519E+000  0.10816549E+001  0.34490190E+001
  0.57579871E+000  0.94010512E+000  0.10816544E+001  0.34490062E+001
  0.57579857E+000  0.94010505E+000  0.10816540E+001  0.34489932E+001
  0.57579844E+000  0.94010498E+000  0.10816536E+001  0.34489801E+001
  0.57579831E+000  0.94010491E+000  0.10816532E+001  0.34489669E+001
  0.57579819E+000  0.94010485E+000  0.10816528E+001  0.34489535E+001
  0.57579807E+000  0.94010479E+000  0.10816524E+001  0.34489401E+001
  0.57579796E+000  0.94010473E+000  0.10816521E+001  0.34489266E+001
  0.57579785E+000  0.94010467E+000  0.10816518E+001  0.34489129E+001
  0.57579774E+000  0.94010462E+000  0.10816514E+001  0.34488992E+001
  0.57579764E+000  0.94010456E+000  0.10816511E+001  0.34488853E+001
  0.57579755E+000  0.94010451E+000  0.10816508E+001  0.34488714E+001
  0.57579746E+000  0.94010446E+000  0.10816505E+001  0.34488574E+001
  0.57579737E+000  0.94010442E+000  0.10816502E+001  0.34488433E+001
  0.57579729E+000  0.94010437E+000  0.10816500E+001  0.34488291E+001
  0.57579721E+000  0.94010433E+000  0.10816497E+001  0.34488149E+001
  0.57579713E+000  0.94010429E+000  0.10816495E+001  0.34488006E+001
  0.57579706E+000  0.94010425E+000  0.10816493E+001  0.34487862E+001
  0.57579700E+000  0.94010421E+000  0.10816490E+001  0.34487718E+001
  0.57579693E+000  0.94010418E+000  0.10816488E+001  0.34487574E+001
  0.57579687E+000  0.94010414E+000  0.10816486E+001  0.34487429E+001
  0.57579681E+000  0.94010411E+000  0.10816484E+001  0.34487284E+001
  0.57579675E+000  0.94010408E+000  0.10816482E+001  0.34487139E+001
  0.57579670E+000  0.94010405E+000  0.10816481E+001  0.34486994E+001
  0.57579665E+000  0.94010402E+000  0.10816479E+001  0.34486848E+001
  0.57579660E+000  0.94010399E+000  0.10816477E+001  0.34486703E+001
  0.57579656E+000  0.94010397E+000  0.10816476E+001  0.34486558E+001
  0.57579651E+000  0.94010394E+000  0.10816474E+001  0.34486413E+001
  0.57579647E+000  0.94010392E+000  0.10816473E+001  0.34486268E+001
  0.57579643E+000  0.94010389E+000  0.10816472E+001  0.34486124E+001
  0.57579640E+000  0.94010387E+000  0.10816471E+001  0.34485980E+001
  0.57579636E+000  0.94010385E+000  0.10816469E+001  0.34485837E+001
  0.57579633E+000  0.94010383E+000  0.10816468E+001  0.34485694E+001
  0.57579629E+000  0.94010381E+000  0.10816467E+001  0.34485552E+001
  0.57579626E+000  0.94010379E+000  0.10816466E+001  0.34485411E+001
  0.57579623E+000  0.94010378E+000  0.10816465E+001  0.34485271E+001
  0.57579620E+000  0.94010376E+000  0.10816464E+001  0.34485132E+001
  0.57579618E+000  0.94010374E+000  0.10816463E+001  0.34484994E+001
  0.57579615E+000  0.94010373E+000  0.10816462E+001  0.34484856E+001
  0.57579612E+000  0.94010371E+000  0.10816461E+001  0.34484721E+001
  0.57579610E+000  0.94010370E+000  0.10816460E+001  0.34484586E+001
  0.57579608E+000  0.94010369E+000  0.10816459E+001  0.34484453E+001
  0.57579605E+000  0.94010367E+000  0.10816459E+001  0.34484321E+001
  0.57579603E+000  0.94010366E+000  0.10816458E+001  0.34484191E+001
  0.57579601E+000  0.94010365E+000  0.10816457E+001  0.34484062E+001
  0.57579599E+000  0.94010363E+000  0.10816456E+001  0.34483935E+001
  0.57579596E+000  0.94010362E+000  0.10816456E+001  0.34483809E+001
  0.57579594E+000  0.94010361E+000  0.10816455E+001  0.34483685E+001
  0.57579592E+000  0.94010360E+000  0.10816454E+001  0.34483563E+001
  0.57579590E+000  0.94010359E+000  0.10816453E+001  0.34483443E+001
  0.57579588E+000  0.94010357E+000  0.10816453E+001  0.34483324E+001
  0.57579586E+000  0.94010356E+000  0.10816452E+001  0.34483208E+001
  0.57579584E+000  0.94010355E+000  0.10816451E+001  0.34483093E+001
  0.57579582E+000  0.94010354E+000  0.10816451E+001  0.34482980E+001
  0.57579580E+000  0.94010353E+000  0.10816450E+001  0.34482870E+001
  0.57579579E+000  0.94010352E+000  0.10816449E+001  0.34482761E+001
  0.57579577E+000  0.94010351E+000  0.10816449E+001  0.34482654E+001
  0.57579575E+000  0.94010350E+000  0.10816448E+001  0.34482550E+001
  0.57579573E+000  0.94010349E+000  0.10816447E+001  0.34482447E+001
  0.57579571E+000  0.94010348E+000  0.10816447E+001  0.34482347E+001
  0.57579569E+000  0.94010347E+000  0.10816446E+001  0.34482248E+001
  0.57579567E+000  0.94010346E+000  0.10816445E+001  0.34482152E+001
  0.57579566E+000  0.94010345E+000  0.10816445E+001  0.34482058E+001
  0.57579564E+000  0.94010344E+000  0.10816444E+001  0.34481966E+001
  0.57579562E+000  0.94010343E+000  0.10816444E+001  0.34481876E+001
  0.57579560E+000  0.94010342E+000  0.10816443E+001  0.34481788E+001
  0.57579559E+000  0.94010341E+000  0.10816442E+001  0.34481703E+001
  0.57579557E+000  0.94010340E+000  0.10816442E+001  0.34481619E+001
  0.57579555E+000  0.94010339E+000  0.10816441E+001  0.34481537E+001
  0.57579553E+000  0.94010339E+000  0.10816441E+001  0.34481458E+001
  0.57579552E+000  0.94010338E+000  0.10816440E+001  0.34481380E+001
  0.57579550E+000  0.94010337E+000  0.10816440E+001  0.34481305E+001
  0.57579548E+000  0.94010336E+000  0.10816439E+001  0.34481232E+001
  0.57579547E+000  0.94010335E+000  0.10816439E+001  0.34481160E+001
  0.57579545E+000  0.94010334E+000  0.10816438E+001  0.34481091E+001
  0.57579544E+000  0.94010333E+000  0.10816438E+001  0.34481023E+001
  0.57579541E+000  0.94010332E+000  0.10816437E+001  0.34480957E+001
