  0.68688277E+000
  0.68690014E+000
  0.68689815E+000
  0.68689555E+000
  0.68689385E+000
  0.68689290E+000
  0.68689248E+000
  0.68689241E+000
  0.68689257E+000
  0.68689288E+000
  0.68689330E+000
  0.68689380E+000
  0.68689436E+000
  0.68689497E+000
  0.68689561E+000
  0.68689628E+000
  0.68689698E+000
  0.68689770E+000
  0.68689843E+000
  0.68689917E+000
  0.68689993E+000
  0.68690069E+000
  0.68690145E+000
  0.68690221E+000
  0.68690296E+000
  0.68690370E+000
  0.68690444E+000
  0.68690515E+000
  0.68690585E+000
  0.68690654E+000
  0.68690720E+000
  0.68690784E+000
  0.68690847E+000
  0.68690907E+000
  0.68690965E+000
  0.68691021E+000
  0.68691076E+000
  0.68691130E+000
  0.68691182E+000
  0.68691234E+000
  0.68691286E+000
  0.68691337E+000
  0.68691389E+000
  0.68691442E+000
  0.68691495E+000
  0.68691550E+000
  0.68691606E+000
  0.68691664E+000
  0.68691724E+000
  0.68691785E+000
  0.68691848E+000
  0.68691913E+000
  0.68691979E+000
  0.68692046E+000
  0.68692113E+000
  0.68692181E+000
  0.68692249E+000
  0.68692318E+000
  0.68692385E+000
  0.68692452E+000
  0.68692518E+000
  0.68692583E+000
  0.68692647E+000
  0.68692709E+000
  0.68692770E+000
  0.68692829E+000
  0.68692887E+000
  0.68692943E+000
  0.68692998E+000
  0.68693051E+000
  0.68693103E+000
  0.68693154E+000
  0.68693203E+000
  0.68693251E+000
  0.68693298E+000
  0.68693343E+000
  0.68693388E+000
  0.68693431E+000
  0.68693474E+000
  0.68693515E+000
  0.68693556E+000
  0.68693597E+000
  0.68693636E+000
  0.68693675E+000
  0.68693713E+000
  0.68693751E+000
  0.68693788E+000
  0.68693824E+000
  0.68693861E+000
  0.68693897E+000
  0.68693932E+000
  0.68693967E+000
  0.68694002E+000
  0.68694036E+000
  0.68694071E+000
  0.68694105E+000
  0.68694138E+000
  0.68694172E+000
  0.68694205E+000
  0.68694238E+000
  0.68694270E+000
  0.68694303E+000
  0.68694335E+000
  0.68694367E+000
  0.68694398E+000
  0.68694430E+000
  0.68694461E+000
  0.68694491E+000
  0.68694521E+000
  0.68694551E+000
  0.68694581E+000
  0.68694610E+000
  0.68694639E+000
  0.68694667E+000
  0.68694695E+000
  0.68694723E+000
  0.68694750E+000
  0.68694776E+000
  0.68694802E+000
  0.68694828E+000
  0.68694853E+000
  0.68694878E+000
  0.68694902E+000
  0.68694926E+000
  0.68694949E+000
  0.68694972E+000
  0.68694994E+000
  0.68695015E+000
  0.68695037E+000
  0.68695057E+000
  0.68695077E+000
  0.68695097E+000
  0.68695116E+000
  0.68695134E+000
  0.68695153E+000
  0.68695170E+000
  0.68695187E+000
  0.68695204E+000
  0.68695220E+000
  0.68695235E+000
  0.68695251E+000
  0.68695265E+000
  0.68695279E+000
  0.68695293E+000
  0.68695307E+000
  0.68695319E+000
  0.68695332E+000
  0.68695344E+000
  0.68695356E+000
  0.68695367E+000
  0.68695378E+000
  0.68695389E+000
  0.68695399E+000
  0.68695409E+000
  0.68695419E+000
  0.68695428E+000
  0.68695437E+000
  0.68695446E+000
  0.68695454E+000
  0.68695462E+000
  0.68695470E+000
  0.68695478E+000
  0.68695485E+000
  0.68695492E+000
  0.68695499E+000
  0.68695506E+000
  0.68695513E+000
  0.68695519E+000
  0.68695525E+000
  0.68695531E+000
  0.68695537E+000
  0.68695543E+000
  0.68695549E+000
  0.68695554E+000
  0.68695559E+000
  0.68695564E+000
  0.68695569E+000
  0.68695574E+000
  0.68695579E+000
  0.68695584E+000
  0.68695588E+000
  0.68695593E+000
  0.68695597E+000
  0.68695601E+000
  0.68695605E+000
  0.68695609E+000
  0.68695613E+000
  0.68695617E+000
  0.68695621E+000
  0.68695625E+000
  0.68695628E+000
  0.68695632E+000
  0.68695635E+000
  0.68695638E+000
  0.68695642E+000
  0.68695645E+000
  0.68695648E+000
  0.68695651E+000
  0.68695653E+000
  0.68695655E+000
