  0.89085363E+000
  0.89087504E+000
  0.89087259E+000
  0.89086938E+000
  0.89086729E+000
  0.89086612E+000
  0.89086560E+000
  0.89086551E+000
  0.89086570E+000
  0.89086609E+000
  0.89086661E+000
  0.89086723E+000
  0.89086792E+000
  0.89086867E+000
  0.89086946E+000
  0.89087029E+000
  0.89087115E+000
  0.89087203E+000
  0.89087293E+000
  0.89087385E+000
  0.89087478E+000
  0.89087572E+000
  0.89087665E+000
  0.89087759E+000
  0.89087852E+000
  0.89087944E+000
  0.89088034E+000
  0.89088123E+000
  0.89088209E+000
  0.89088293E+000
  0.89088375E+000
  0.89088454E+000
  0.89088531E+000
  0.89088605E+000
  0.89088677E+000
  0.89088747E+000
  0.89088814E+000
  0.89088880E+000
  0.89088945E+000
  0.89089009E+000
  0.89089073E+000
  0.89089136E+000
  0.89089200E+000
  0.89089265E+000
  0.89089331E+000
  0.89089398E+000
  0.89089468E+000
  0.89089539E+000
  0.89089613E+000
  0.89089689E+000
  0.89089766E+000
  0.89089846E+000
  0.89089927E+000
  0.89090010E+000
  0.89090093E+000
  0.89090177E+000
  0.89090261E+000
  0.89090345E+000
  0.89090428E+000
  0.89090511E+000
  0.89090592E+000
  0.89090672E+000
  0.89090751E+000
  0.89090827E+000
  0.89090902E+000
  0.89090976E+000
  0.89091047E+000
  0.89091116E+000
  0.89091184E+000
  0.89091250E+000
  0.89091314E+000
  0.89091376E+000
  0.89091437E+000
  0.89091496E+000
  0.89091553E+000
  0.89091610E+000
  0.89091664E+000
  0.89091718E+000
  0.89091771E+000
  0.89091822E+000
  0.89091873E+000
  0.89091922E+000
  0.89091971E+000
  0.89092019E+000
  0.89092066E+000
  0.89092112E+000
  0.89092158E+000
  0.89092203E+000
  0.89092248E+000
  0.89092292E+000
  0.89092336E+000
  0.89092379E+000
  0.89092422E+000
  0.89092465E+000
  0.89092507E+000
  0.89092549E+000
  0.89092590E+000
  0.89092631E+000
  0.89092672E+000
  0.89092713E+000
  0.89092753E+000
  0.89092793E+000
  0.89092833E+000
  0.89092872E+000
  0.89092911E+000
  0.89092949E+000
  0.89092988E+000
  0.89093025E+000
  0.89093063E+000
  0.89093099E+000
  0.89093136E+000
  0.89093172E+000
  0.89093207E+000
  0.89093242E+000
  0.89093277E+000
  0.89093311E+000
  0.89093344E+000
  0.89093377E+000
  0.89093409E+000
  0.89093441E+000
  0.89093472E+000
  0.89093502E+000
  0.89093532E+000
  0.89093561E+000
  0.89093590E+000
  0.89093618E+000
  0.89093645E+000
  0.89093672E+000
  0.89093698E+000
  0.89093723E+000
  0.89093748E+000
  0.89093772E+000
  0.89093796E+000
  0.89093819E+000
  0.89093841E+000
  0.89093863E+000
  0.89093884E+000
  0.89093904E+000
  0.89093924E+000
  0.89093943E+000
  0.89093962E+000
  0.89093980E+000
  0.89093997E+000
  0.89094014E+000
  0.89094031E+000
  0.89094047E+000
  0.89094062E+000
  0.89094077E+000
  0.89094092E+000
  0.89094106E+000
  0.89094119E+000
  0.89094132E+000
  0.89094145E+000
  0.89094157E+000
  0.89094169E+000
  0.89094180E+000
  0.89094192E+000
  0.89094202E+000
  0.89094213E+000
  0.89094223E+000
  0.89094233E+000
  0.89094242E+000
  0.89094251E+000
  0.89094260E+000
  0.89094269E+000
  0.89094277E+000
  0.89094285E+000
  0.89094293E+000
  0.89094301E+000
  0.89094308E+000
  0.89094315E+000
  0.89094322E+000
  0.89094329E+000
  0.89094336E+000
  0.89094342E+000
  0.89094349E+000
  0.89094355E+000
  0.89094361E+000
  0.89094367E+000
  0.89094373E+000
  0.89094378E+000
  0.89094384E+000
  0.89094389E+000
  0.89094394E+000
  0.89094399E+000
  0.89094404E+000
  0.89094409E+000
  0.89094414E+000
  0.89094419E+000
  0.89094423E+000
  0.89094427E+000
  0.89094432E+000
  0.89094436E+000
  0.89094440E+000
  0.89094444E+000
  0.89094448E+000
  0.89094452E+000
  0.89094455E+000
  0.89094458E+000
  0.89094461E+000
