  0.28931956E+000
  0.28931268E+000
  0.28930680E+000
  0.28930231E+000
  0.28929907E+000
  0.28929687E+000
  0.28929555E+000
  0.28929494E+000
  0.28929490E+000
  0.28929534E+000
  0.28929613E+000
  0.28929720E+000
  0.28929848E+000
  0.28929990E+000
  0.28930141E+000
  0.28930297E+000
  0.28930455E+000
  0.28930611E+000
  0.28930762E+000
  0.28930909E+000
  0.28931048E+000
  0.28931180E+000
  0.28931303E+000
  0.28931417E+000
  0.28931522E+000
  0.28931619E+000
  0.28931707E+000
  0.28931788E+000
  0.28931863E+000
  0.28931931E+000
  0.28931994E+000
  0.28932054E+000
  0.28932111E+000
  0.28932166E+000
  0.28932220E+000
  0.28932275E+000
  0.28932331E+000
  0.28932390E+000
  0.28932451E+000
  0.28932516E+000
  0.28932586E+000
  0.28932659E+000
  0.28932737E+000
  0.28932818E+000
  0.28932903E+000
  0.28932992E+000
  0.28933082E+000
  0.28933175E+000
  0.28933268E+000
  0.28933360E+000
  0.28933452E+000
  0.28933541E+000
  0.28933627E+000
  0.28933709E+000
  0.28933787E+000
  0.28933859E+000
  0.28933924E+000
  0.28933984E+000
  0.28934036E+000
  0.28934081E+000
  0.28934119E+000
  0.28934149E+000
  0.28934171E+000
  0.28934187E+000
  0.28934195E+000
  0.28934196E+000
  0.28934190E+000
  0.28934178E+000
  0.28934159E+000
  0.28934135E+000
  0.28934106E+000
  0.28934071E+000
  0.28934032E+000
  0.28933989E+000
  0.28933943E+000
  0.28933893E+000
  0.28933840E+000
  0.28933785E+000
  0.28933728E+000
  0.28933669E+000
  0.28933609E+000
  0.28933548E+000
  0.28933487E+000
  0.28933426E+000
  0.28933365E+000
  0.28933304E+000
  0.28933245E+000
  0.28933186E+000
  0.28933128E+000
  0.28933071E+000
  0.28933016E+000
  0.28932963E+000
  0.28932911E+000
  0.28932861E+000
  0.28932812E+000
  0.28932766E+000
  0.28932721E+000
  0.28932679E+000
  0.28932638E+000
  0.28932599E+000
  0.28932562E+000
  0.28932527E+000
  0.28932494E+000
  0.28932462E+000
  0.28932432E+000
  0.28932403E+000
  0.28932376E+000
  0.28932351E+000
  0.28932327E+000
  0.28932304E+000
  0.28932282E+000
  0.28932261E+000
  0.28932242E+000
  0.28932223E+000
  0.28932205E+000
  0.28932189E+000
  0.28932173E+000
  0.28932157E+000
  0.28932143E+000
  0.28932129E+000
  0.28932115E+000
  0.28932102E+000
  0.28932090E+000
  0.28932078E+000
  0.28932067E+000
  0.28932056E+000
  0.28932045E+000
  0.28932035E+000
  0.28932025E+000
  0.28932015E+000
  0.28932005E+000
  0.28931996E+000
  0.28931987E+000
  0.28931978E+000
  0.28931970E+000
  0.28931962E+000
  0.28931954E+000
  0.28931946E+000
  0.28931939E+000
  0.28931932E+000
  0.28931925E+000
  0.28931918E+000
  0.28931911E+000
  0.28931905E+000
  0.28931899E+000
  0.28931894E+000
  0.28931888E+000
  0.28931883E+000
  0.28931878E+000
  0.28931874E+000
  0.28931870E+000
  0.28931866E+000
  0.28931862E+000
  0.28931859E+000
  0.28931856E+000
  0.28931853E+000
  0.28931851E+000
  0.28931849E+000
  0.28931847E+000
  0.28931845E+000
  0.28931844E+000
  0.28931843E+000
  0.28931843E+000
  0.28931843E+000
  0.28931842E+000
  0.28931843E+000
  0.28931843E+000
  0.28931844E+000
  0.28931845E+000
  0.28931846E+000
  0.28931848E+000
  0.28931849E+000
  0.28931851E+000
  0.28931853E+000
  0.28931855E+000
  0.28931858E+000
  0.28931860E+000
  0.28931863E+000
  0.28931865E+000
  0.28931868E+000
  0.28931871E+000
  0.28931874E+000
  0.28931877E+000
  0.28931880E+000
  0.28931883E+000
  0.28931887E+000
  0.28931890E+000
  0.28931893E+000
  0.28931896E+000
  0.28931899E+000
  0.28931902E+000
  0.28931906E+000
  0.28931909E+000
  0.28931912E+000
  0.28931915E+000
  0.28931918E+000
  0.28931921E+000
  0.28931923E+000
  0.28931926E+000
  0.28931929E+000
