  0.52114316E-006
  0.52113076E-006
  0.52112016E-006
  0.52111208E-006
  0.52110624E-006
  0.52110229E-006
  0.52109990E-006
  0.52109880E-006
  0.52109874E-006
  0.52109952E-006
  0.52110095E-006
  0.52110289E-006
  0.52110519E-006
  0.52110775E-006
  0.52111047E-006
  0.52111328E-006
  0.52111611E-006
  0.52111892E-006
  0.52112166E-006
  0.52112429E-006
  0.52112680E-006
  0.52112917E-006
  0.52113138E-006
  0.52113344E-006
  0.52113534E-006
  0.52113708E-006
  0.52113868E-006
  0.52114014E-006
  0.52114147E-006
  0.52114270E-006
  0.52114385E-006
  0.52114492E-006
  0.52114594E-006
  0.52114693E-006
  0.52114791E-006
  0.52114890E-006
  0.52114991E-006
  0.52115097E-006
  0.52115208E-006
  0.52115325E-006
  0.52115450E-006
  0.52115582E-006
  0.52115722E-006
  0.52115868E-006
  0.52116022E-006
  0.52116181E-006
  0.52116344E-006
  0.52116511E-006
  0.52116678E-006
  0.52116845E-006
  0.52117010E-006
  0.52117171E-006
  0.52117326E-006
  0.52117474E-006
  0.52117613E-006
  0.52117743E-006
  0.52117861E-006
  0.52117968E-006
  0.52118062E-006
  0.52118143E-006
  0.52118211E-006
  0.52118265E-006
  0.52118306E-006
  0.52118334E-006
  0.52118348E-006
  0.52118350E-006
  0.52118339E-006
  0.52118317E-006
  0.52118284E-006
  0.52118241E-006
  0.52118188E-006
  0.52118126E-006
  0.52118056E-006
  0.52117978E-006
  0.52117894E-006
  0.52117804E-006
  0.52117709E-006
  0.52117609E-006
  0.52117506E-006
  0.52117401E-006
  0.52117293E-006
  0.52117184E-006
  0.52117074E-006
  0.52116963E-006
  0.52116854E-006
  0.52116744E-006
  0.52116636E-006
  0.52116530E-006
  0.52116426E-006
  0.52116324E-006
  0.52116225E-006
  0.52116128E-006
  0.52116035E-006
  0.52115945E-006
  0.52115858E-006
  0.52115774E-006
  0.52115694E-006
  0.52115618E-006
  0.52115544E-006
  0.52115474E-006
  0.52115408E-006
  0.52115344E-006
  0.52115284E-006
  0.52115227E-006
  0.52115173E-006
  0.52115121E-006
  0.52115073E-006
  0.52115027E-006
  0.52114983E-006
  0.52114942E-006
  0.52114902E-006
  0.52114865E-006
  0.52114830E-006
  0.52114796E-006
  0.52114765E-006
  0.52114734E-006
  0.52114706E-006
  0.52114678E-006
  0.52114652E-006
  0.52114627E-006
  0.52114602E-006
  0.52114579E-006
  0.52114557E-006
  0.52114536E-006
  0.52114515E-006
  0.52114495E-006
  0.52114476E-006
  0.52114457E-006
  0.52114439E-006
  0.52114421E-006
  0.52114404E-006
  0.52114388E-006
  0.52114372E-006
  0.52114356E-006
  0.52114341E-006
  0.52114326E-006
  0.52114312E-006
  0.52114298E-006
  0.52114284E-006
  0.52114271E-006
  0.52114259E-006
  0.52114247E-006
  0.52114235E-006
  0.52114224E-006
  0.52114213E-006
  0.52114203E-006
  0.52114193E-006
  0.52114184E-006
  0.52114175E-006
  0.52114167E-006
  0.52114160E-006
  0.52114153E-006
  0.52114146E-006
  0.52114140E-006
  0.52114135E-006
  0.52114130E-006
  0.52114126E-006
  0.52114122E-006
  0.52114119E-006
  0.52114116E-006
  0.52114114E-006
  0.52114113E-006
  0.52114112E-006
  0.52114111E-006
  0.52114111E-006
  0.52114111E-006
  0.52114112E-006
  0.52114114E-006
  0.52114116E-006
  0.52114118E-006
  0.52114120E-006
  0.52114123E-006
  0.52114127E-006
  0.52114130E-006
  0.52114134E-006
  0.52114138E-006
  0.52114143E-006
  0.52114148E-006
  0.52114152E-006
  0.52114157E-006
  0.52114163E-006
  0.52114168E-006
  0.52114174E-006
  0.52114179E-006
  0.52114185E-006
  0.52114190E-006
  0.52114196E-006
  0.52114202E-006
  0.52114208E-006
  0.52114213E-006
  0.52114219E-006
  0.52114225E-006
  0.52114230E-006
  0.52114236E-006
  0.52114241E-006
  0.52114246E-006
  0.52114252E-006
  0.52114257E-006
  0.52114262E-006
  0.52114267E-006
