  0.69328195E-001
  0.69384129E-001
  0.69418110E-001
  0.69440573E-001
  0.69455642E-001
  0.69465376E-001
  0.69471157E-001
  0.69473919E-001
  0.69474362E-001
  0.69473040E-001
  0.69470390E-001
  0.69466761E-001
  0.69462430E-001
  0.69457618E-001
  0.69452500E-001
  0.69447214E-001
  0.69441870E-001
  0.69436551E-001
  0.69431323E-001
  0.69426232E-001
  0.69421315E-001
  0.69416595E-001
  0.69412088E-001
  0.69407800E-001
  0.69403736E-001
  0.69399893E-001
  0.69396266E-001
  0.69392847E-001
  0.69389627E-001
  0.69386595E-001
  0.69383740E-001
  0.69381050E-001
  0.69378514E-001
  0.69376119E-001
  0.69373855E-001
  0.69371711E-001
  0.69369677E-001
  0.69367743E-001
  0.69365901E-001
  0.69364143E-001
  0.69362462E-001
  0.69360851E-001
  0.69359304E-001
  0.69357815E-001
  0.69356379E-001
  0.69354990E-001
  0.69353645E-001
  0.69352339E-001
  0.69351067E-001
  0.69349827E-001
  0.69348616E-001
  0.69347431E-001
  0.69346270E-001
  0.69345132E-001
  0.69344017E-001
  0.69342923E-001
  0.69341853E-001
  0.69340807E-001
  0.69339786E-001
  0.69338792E-001
  0.69337827E-001
  0.69336894E-001
  0.69335993E-001
  0.69335127E-001
  0.69334298E-001
  0.69333508E-001
  0.69332757E-001
  0.69332047E-001
  0.69331379E-001
  0.69330753E-001
  0.69330169E-001
  0.69329628E-001
  0.69329129E-001
  0.69328672E-001
  0.69328256E-001
  0.69327880E-001
  0.69327542E-001
  0.69327241E-001
  0.69326976E-001
  0.69326744E-001
  0.69326544E-001
  0.69326373E-001
  0.69326231E-001
  0.69326114E-001
  0.69326021E-001
  0.69325950E-001
  0.69325898E-001
  0.69325864E-001
  0.69325847E-001
  0.69325843E-001
  0.69325852E-001
  0.69325873E-001
  0.69325902E-001
  0.69325940E-001
  0.69325985E-001
  0.69326036E-001
  0.69326091E-001
  0.69326150E-001
  0.69326212E-001
  0.69326276E-001
  0.69326342E-001
  0.69326408E-001
  0.69326475E-001
  0.69326542E-001
  0.69326608E-001
  0.69326673E-001
  0.69326737E-001
  0.69326800E-001
  0.69326861E-001
  0.69326921E-001
  0.69326978E-001
  0.69327034E-001
  0.69327088E-001
  0.69327139E-001
  0.69327189E-001
  0.69327236E-001
  0.69327281E-001
  0.69327324E-001
  0.69327365E-001
  0.69327404E-001
  0.69327441E-001
  0.69327475E-001
  0.69327508E-001
  0.69327539E-001
  0.69327568E-001
  0.69327595E-001
  0.69327621E-001
  0.69327644E-001
  0.69327666E-001
  0.69327687E-001
  0.69327706E-001
  0.69327723E-001
  0.69327740E-001
  0.69327755E-001
  0.69327768E-001
  0.69327781E-001
  0.69327792E-001
  0.69327802E-001
  0.69327812E-001
  0.69327820E-001
  0.69327828E-001
  0.69327835E-001
  0.69327841E-001
  0.69327846E-001
  0.69327851E-001
  0.69327855E-001
  0.69327859E-001
  0.69327863E-001
  0.69327866E-001
  0.69327868E-001
  0.69327871E-001
  0.69327873E-001
  0.69327875E-001
  0.69327877E-001
  0.69327879E-001
  0.69327881E-001
  0.69327882E-001
  0.69327884E-001
  0.69327886E-001
  0.69327888E-001
  0.69327889E-001
  0.69327891E-001
  0.69327894E-001
  0.69327896E-001
  0.69327898E-001
  0.69327901E-001
  0.69327904E-001
  0.69327907E-001
  0.69327910E-001
  0.69327914E-001
  0.69327917E-001
  0.69327921E-001
  0.69327925E-001
  0.69327930E-001
  0.69327934E-001
  0.69327939E-001
  0.69327944E-001
  0.69327949E-001
  0.69327954E-001
  0.69327959E-001
  0.69327965E-001
  0.69327970E-001
  0.69327976E-001
  0.69327982E-001
  0.69327988E-001
  0.69327994E-001
  0.69328000E-001
  0.69328006E-001
  0.69328012E-001
  0.69328018E-001
  0.69328025E-001
  0.69328031E-001
  0.69328037E-001
  0.69328043E-001
  0.69328049E-001
  0.69328055E-001
  0.69328061E-001
  0.69328066E-001
  0.69328070E-001
  0.69328076E-001
