  0.23372266E+000
  0.23708679E+000
  0.23707541E+000
  0.23671189E+000
  0.23633364E+000
  0.23598874E+000
  0.23569149E+000
  0.23543290E+000
  0.23520829E+000
  0.23501392E+000
  0.23484622E+000
  0.23470184E+000
  0.23457768E+000
  0.23447100E+000
  0.23437939E+000
  0.23430073E+000
  0.23423315E+000
  0.23417508E+000
  0.23412515E+000
  0.23408219E+000
  0.23404517E+000
  0.23401321E+000
  0.23398557E+000
  0.23396160E+000
  0.23394075E+000
  0.23392255E+000
  0.23390659E+000
  0.23389254E+000
  0.23388009E+000
  0.23386900E+000
  0.23385905E+000
  0.23385005E+000
  0.23384184E+000
  0.23383429E+000
  0.23382728E+000
  0.23382071E+000
  0.23381450E+000
  0.23380859E+000
  0.23380293E+000
  0.23379746E+000
  0.23379215E+000
  0.23378698E+000
  0.23378194E+000
  0.23377700E+000
  0.23377216E+000
  0.23376742E+000
  0.23376278E+000
  0.23375823E+000
  0.23375379E+000
  0.23374945E+000
  0.23374523E+000
  0.23374113E+000
  0.23373716E+000
  0.23373333E+000
  0.23372964E+000
  0.23372611E+000
  0.23372275E+000
  0.23371955E+000
  0.23371653E+000
  0.23371370E+000
  0.23371105E+000
  0.23370860E+000
  0.23370634E+000
  0.23370428E+000
  0.23370241E+000
  0.23370075E+000
  0.23369927E+000
  0.23369799E+000
  0.23369689E+000
  0.23369597E+000
  0.23369522E+000
  0.23369464E+000
  0.23369421E+000
  0.23369394E+000
  0.23369380E+000
  0.23369379E+000
  0.23369389E+000
  0.23369410E+000
  0.23369441E+000
  0.23369481E+000
  0.23369527E+000
  0.23369581E+000
  0.23369640E+000
  0.23369703E+000
  0.23369771E+000
  0.23369841E+000
  0.23369914E+000
  0.23369989E+000
  0.23370065E+000
  0.23370141E+000
  0.23370218E+000
  0.23370295E+000
  0.23370371E+000
  0.23370446E+000
  0.23370520E+000
  0.23370592E+000
  0.23370663E+000
  0.23370733E+000
  0.23370800E+000
  0.23370866E+000
  0.23370930E+000
  0.23370992E+000
  0.23371052E+000
  0.23371109E+000
  0.23371165E+000
  0.23371219E+000
  0.23371271E+000
  0.23371321E+000
  0.23371369E+000
  0.23371415E+000
  0.23371459E+000
  0.23371501E+000
  0.23371542E+000
  0.23371581E+000
  0.23371618E+000
  0.23371654E+000
  0.23371688E+000
  0.23371720E+000
  0.23371751E+000
  0.23371781E+000
  0.23371809E+000
  0.23371836E+000
  0.23371861E+000
  0.23371885E+000
  0.23371908E+000
  0.23371930E+000
  0.23371951E+000
  0.23371970E+000
  0.23371989E+000
  0.23372006E+000
  0.23372023E+000
  0.23372038E+000
  0.23372053E+000
  0.23372067E+000
  0.23372079E+000
  0.23372091E+000
  0.23372103E+000
  0.23372113E+000
  0.23372123E+000
  0.23372132E+000
  0.23372140E+000
  0.23372148E+000
  0.23372155E+000
  0.23372161E+000
  0.23372167E+000
  0.23372173E+000
  0.23372178E+000
  0.23372182E+000
  0.23372186E+000
  0.23372190E+000
  0.23372193E+000
  0.23372196E+000
  0.23372198E+000
  0.23372200E+000
  0.23372202E+000
  0.23372204E+000
  0.23372205E+000
  0.23372206E+000
  0.23372207E+000
  0.23372208E+000
  0.23372209E+000
  0.23372209E+000
  0.23372209E+000
  0.23372209E+000
  0.23372209E+000
  0.23372209E+000
  0.23372209E+000
  0.23372209E+000
  0.23372209E+000
  0.23372209E+000
  0.23372208E+000
  0.23372208E+000
  0.23372208E+000
  0.23372208E+000
  0.23372207E+000
  0.23372207E+000
  0.23372207E+000
  0.23372207E+000
  0.23372207E+000
  0.23372207E+000
  0.23372207E+000
  0.23372207E+000
  0.23372208E+000
  0.23372208E+000
  0.23372208E+000
  0.23372209E+000
  0.23372209E+000
  0.23372210E+000
  0.23372210E+000
  0.23372211E+000
  0.23372212E+000
  0.23372212E+000
  0.23372213E+000
  0.23372214E+000
  0.23372215E+000
  0.23372216E+000
  0.23372216E+000
  0.23372217E+000
  0.23372216E+000
  0.23372216E+000
