  0.52304222E+000
  0.52639947E+000
  0.52638220E+000
  0.52601420E+000
  0.52563271E+000
  0.52528561E+000
  0.52498703E+000
  0.52472784E+000
  0.52450320E+000
  0.52430925E+000
  0.52414236E+000
  0.52399904E+000
  0.52387616E+000
  0.52377090E+000
  0.52368081E+000
  0.52360370E+000
  0.52353770E+000
  0.52348119E+000
  0.52343278E+000
  0.52339128E+000
  0.52335565E+000
  0.52332501E+000
  0.52329859E+000
  0.52327576E+000
  0.52325597E+000
  0.52323873E+000
  0.52322367E+000
  0.52321042E+000
  0.52319872E+000
  0.52318831E+000
  0.52317899E+000
  0.52317059E+000
  0.52316295E+000
  0.52315594E+000
  0.52314948E+000
  0.52314346E+000
  0.52313782E+000
  0.52313249E+000
  0.52312744E+000
  0.52312262E+000
  0.52311801E+000
  0.52311357E+000
  0.52310930E+000
  0.52310518E+000
  0.52310120E+000
  0.52309734E+000
  0.52309360E+000
  0.52308998E+000
  0.52308646E+000
  0.52308306E+000
  0.52307975E+000
  0.52307654E+000
  0.52307343E+000
  0.52307042E+000
  0.52306751E+000
  0.52306470E+000
  0.52306199E+000
  0.52305939E+000
  0.52305689E+000
  0.52305451E+000
  0.52305224E+000
  0.52305009E+000
  0.52304805E+000
  0.52304615E+000
  0.52304436E+000
  0.52304270E+000
  0.52304117E+000
  0.52303976E+000
  0.52303848E+000
  0.52303732E+000
  0.52303628E+000
  0.52303535E+000
  0.52303454E+000
  0.52303383E+000
  0.52303322E+000
  0.52303271E+000
  0.52303229E+000
  0.52303195E+000
  0.52303169E+000
  0.52303149E+000
  0.52303136E+000
  0.52303129E+000
  0.52303127E+000
  0.52303129E+000
  0.52303136E+000
  0.52303146E+000
  0.52303159E+000
  0.52303175E+000
  0.52303193E+000
  0.52303213E+000
  0.52303234E+000
  0.52303257E+000
  0.52303281E+000
  0.52303306E+000
  0.52303332E+000
  0.52303358E+000
  0.52303385E+000
  0.52303412E+000
  0.52303438E+000
  0.52303465E+000
  0.52303492E+000
  0.52303519E+000
  0.52303545E+000
  0.52303571E+000
  0.52303597E+000
  0.52303622E+000
  0.52303647E+000
  0.52303671E+000
  0.52303695E+000
  0.52303718E+000
  0.52303741E+000
  0.52303762E+000
  0.52303783E+000
  0.52303804E+000
  0.52303823E+000
  0.52303842E+000
  0.52303860E+000
  0.52303877E+000
  0.52303894E+000
  0.52303909E+000
  0.52303924E+000
  0.52303938E+000
  0.52303951E+000
  0.52303964E+000
  0.52303975E+000
  0.52303986E+000
  0.52303996E+000
  0.52304005E+000
  0.52304013E+000
  0.52304021E+000
  0.52304028E+000
  0.52304034E+000
  0.52304040E+000
  0.52304045E+000
  0.52304049E+000
  0.52304053E+000
  0.52304057E+000
  0.52304059E+000
  0.52304062E+000
  0.52304063E+000
  0.52304065E+000
  0.52304066E+000
  0.52304066E+000
  0.52304067E+000
  0.52304067E+000
  0.52304066E+000
  0.52304066E+000
  0.52304065E+000
  0.52304065E+000
  0.52304064E+000
  0.52304063E+000
  0.52304061E+000
  0.52304060E+000
  0.52304059E+000
  0.52304058E+000
  0.52304057E+000
  0.52304056E+000
  0.52304055E+000
  0.52304054E+000
  0.52304053E+000
  0.52304053E+000
  0.52304052E+000
  0.52304052E+000
  0.52304052E+000
  0.52304052E+000
  0.52304052E+000
  0.52304052E+000
  0.52304053E+000
  0.52304054E+000
  0.52304055E+000
  0.52304056E+000
  0.52304057E+000
  0.52304059E+000
  0.52304061E+000
  0.52304063E+000
  0.52304065E+000
  0.52304067E+000
  0.52304070E+000
  0.52304073E+000
  0.52304075E+000
  0.52304078E+000
  0.52304082E+000
  0.52304085E+000
  0.52304088E+000
  0.52304092E+000
  0.52304095E+000
  0.52304099E+000
  0.52304103E+000
  0.52304106E+000
  0.52304110E+000
  0.52304114E+000
  0.52304118E+000
  0.52304122E+000
  0.52304126E+000
  0.52304129E+000
  0.52304133E+000
  0.52304137E+000
  0.52304140E+000
  0.52304142E+000
  0.52304145E+000
