  0.82261485E+000
  0.82261994E+000
  0.82262348E+000
  0.82262624E+000
  0.82262850E+000
  0.82263040E+000
  0.82263202E+000
  0.82263341E+000
  0.82263461E+000
  0.82263567E+000
  0.82263659E+000
  0.82263742E+000
  0.82263815E+000
  0.82263881E+000
  0.82263940E+000
  0.82263994E+000
  0.82264044E+000
  0.82264090E+000
  0.82264133E+000
  0.82264172E+000
  0.82264210E+000
  0.82264245E+000
  0.82264279E+000
  0.82264312E+000
  0.82264343E+000
  0.82264373E+000
  0.82264403E+000
  0.82264432E+000
  0.82264460E+000
  0.82264488E+000
  0.82264516E+000
  0.82264543E+000
  0.82264570E+000
  0.82264597E+000
  0.82264624E+000
  0.82264651E+000
  0.82264678E+000
  0.82264704E+000
  0.82264731E+000
  0.82264757E+000
  0.82264784E+000
  0.82264810E+000
  0.82264836E+000
  0.82264862E+000
  0.82264888E+000
  0.82264913E+000
  0.82264938E+000
  0.82264963E+000
  0.82264987E+000
  0.82265011E+000
  0.82265034E+000
  0.82265057E+000
  0.82265080E+000
  0.82265102E+000
  0.82265123E+000
  0.82265144E+000
  0.82265164E+000
  0.82265183E+000
  0.82265202E+000
  0.82265220E+000
  0.82265238E+000
  0.82265255E+000
  0.82265272E+000
  0.82265288E+000
  0.82265303E+000
  0.82265318E+000
  0.82265332E+000
  0.82265346E+000
  0.82265360E+000
  0.82265373E+000
  0.82265385E+000
  0.82265397E+000
  0.82265409E+000
  0.82265421E+000
  0.82265432E+000
  0.82265444E+000
  0.82265455E+000
  0.82265466E+000
  0.82265476E+000
  0.82265487E+000
  0.82265498E+000
  0.82265509E+000
  0.82265519E+000
  0.82265530E+000
  0.82265540E+000
  0.82265551E+000
  0.82265562E+000
  0.82265572E+000
  0.82265583E+000
  0.82265594E+000
  0.82265604E+000
  0.82265615E+000
  0.82265625E+000
  0.82265636E+000
  0.82265646E+000
  0.82265655E+000
  0.82265665E+000
  0.82265674E+000
  0.82265683E+000
  0.82265691E+000
  0.82265699E+000
  0.82265707E+000
  0.82265713E+000
  0.82265719E+000
  0.82265725E+000
  0.82265729E+000
  0.82265732E+000
  0.82265735E+000
  0.82265737E+000
  0.82265737E+000
  0.82265737E+000
  0.82265735E+000
  0.82265732E+000
  0.82265728E+000
  0.82265722E+000
  0.82265715E+000
  0.82265707E+000
  0.82265697E+000
  0.82265686E+000
  0.82265674E+000
  0.82265660E+000
  0.82265644E+000
  0.82265627E+000
  0.82265608E+000
  0.82265587E+000
  0.82265565E+000
  0.82265542E+000
  0.82265517E+000
  0.82265490E+000
  0.82265462E+000
  0.82265432E+000
  0.82265401E+000
  0.82265368E+000
  0.82265333E+000
  0.82265297E+000
  0.82265260E+000
  0.82265221E+000
  0.82265181E+000
  0.82265140E+000
  0.82265097E+000
  0.82265054E+000
  0.82265008E+000
  0.82264962E+000
  0.82264915E+000
  0.82264867E+000
  0.82264818E+000
  0.82264767E+000
  0.82264717E+000
  0.82264665E+000
  0.82264612E+000
  0.82264559E+000
  0.82264506E+000
  0.82264452E+000
  0.82264397E+000
  0.82264342E+000
  0.82264287E+000
  0.82264232E+000
  0.82264176E+000
  0.82264120E+000
  0.82264065E+000
  0.82264009E+000
  0.82263953E+000
  0.82263898E+000
  0.82263842E+000
  0.82263787E+000
  0.82263733E+000
  0.82263678E+000
  0.82263624E+000
  0.82263571E+000
  0.82263518E+000
  0.82263465E+000
  0.82263413E+000
  0.82263362E+000
  0.82263312E+000
  0.82263262E+000
  0.82263212E+000
  0.82263164E+000
  0.82263116E+000
  0.82263069E+000
  0.82263023E+000
  0.82262978E+000
  0.82262934E+000
  0.82262890E+000
  0.82262848E+000
  0.82262806E+000
  0.82262765E+000
  0.82262725E+000
  0.82262686E+000
  0.82262648E+000
  0.82262610E+000
  0.82262574E+000
  0.82262538E+000
  0.82262504E+000
  0.82262470E+000
  0.82262437E+000
  0.82262405E+000
  0.82262374E+000
  0.82262344E+000
  0.82262314E+000
  0.82262286E+000
