  0.91291450E+000
  0.91292272E+000
  0.91292943E+000
  0.91293503E+000
  0.91293976E+000
  0.91294376E+000
  0.91294712E+000
  0.91294994E+000
  0.91295231E+000
  0.91295428E+000
  0.91295592E+000
  0.91295727E+000
  0.91295837E+000
  0.91295927E+000
  0.91295999E+000
  0.91296056E+000
  0.91296100E+000
  0.91296133E+000
  0.91296157E+000
  0.91296172E+000
  0.91296180E+000
  0.91296182E+000
  0.91296178E+000
  0.91296170E+000
  0.91296157E+000
  0.91296141E+000
  0.91296121E+000
  0.91296098E+000
  0.91296073E+000
  0.91296046E+000
  0.91296017E+000
  0.91295987E+000
  0.91295955E+000
  0.91295923E+000
  0.91295889E+000
  0.91295856E+000
  0.91295822E+000
  0.91295789E+000
  0.91295756E+000
  0.91295724E+000
  0.91295693E+000
  0.91295663E+000
  0.91295634E+000
  0.91295607E+000
  0.91295581E+000
  0.91295557E+000
  0.91295534E+000
  0.91295514E+000
  0.91295495E+000
  0.91295477E+000
  0.91295461E+000
  0.91295447E+000
  0.91295433E+000
  0.91295421E+000
  0.91295409E+000
  0.91295399E+000
  0.91295389E+000
  0.91295379E+000
  0.91295371E+000
  0.91295362E+000
  0.91295354E+000
  0.91295347E+000
  0.91295339E+000
  0.91295332E+000
  0.91295326E+000
  0.91295320E+000
  0.91295314E+000
  0.91295309E+000
  0.91295304E+000
  0.91295300E+000
  0.91295297E+000
  0.91295294E+000
  0.91295292E+000
  0.91295291E+000
  0.91295290E+000
  0.91295290E+000
  0.91295291E+000
  0.91295293E+000
  0.91295295E+000
  0.91295298E+000
  0.91295302E+000
  0.91295306E+000
  0.91295311E+000
  0.91295316E+000
  0.91295322E+000
  0.91295328E+000
  0.91295335E+000
  0.91295342E+000
  0.91295349E+000
  0.91295357E+000
  0.91295364E+000
  0.91295372E+000
  0.91295380E+000
  0.91295388E+000
  0.91295395E+000
  0.91295402E+000
  0.91295409E+000
  0.91295416E+000
  0.91295422E+000
  0.91295428E+000
  0.91295433E+000
  0.91295438E+000
  0.91295441E+000
  0.91295444E+000
  0.91295446E+000
  0.91295448E+000
  0.91295448E+000
  0.91295447E+000
  0.91295445E+000
  0.91295443E+000
  0.91295438E+000
  0.91295433E+000
  0.91295427E+000
  0.91295419E+000
  0.91295410E+000
  0.91295399E+000
  0.91295387E+000
  0.91295374E+000
  0.91295359E+000
  0.91295343E+000
  0.91295326E+000
  0.91295307E+000
  0.91295286E+000
  0.91295265E+000
  0.91295241E+000
  0.91295216E+000
  0.91295190E+000
  0.91295163E+000
  0.91295133E+000
  0.91295103E+000
  0.91295071E+000
  0.91295038E+000
  0.91295003E+000
  0.91294968E+000
  0.91294931E+000
  0.91294892E+000
  0.91294853E+000
  0.91294812E+000
  0.91294771E+000
  0.91294728E+000
  0.91294684E+000
  0.91294639E+000
  0.91294594E+000
  0.91294548E+000
  0.91294500E+000
  0.91294452E+000
  0.91294404E+000
  0.91294355E+000
  0.91294305E+000
  0.91294255E+000
  0.91294204E+000
  0.91294153E+000
  0.91294102E+000
  0.91294050E+000
  0.91293998E+000
  0.91293947E+000
  0.91293895E+000
  0.91293843E+000
  0.91293791E+000
  0.91293739E+000
  0.91293687E+000
  0.91293636E+000
  0.91293585E+000
  0.91293534E+000
  0.91293484E+000
  0.91293434E+000
  0.91293384E+000
  0.91293335E+000
  0.91293286E+000
  0.91293238E+000
  0.91293191E+000
  0.91293144E+000
  0.91293097E+000
  0.91293052E+000
  0.91293007E+000
  0.91292963E+000
  0.91292920E+000
  0.91292877E+000
  0.91292835E+000
  0.91292794E+000
  0.91292754E+000
  0.91292715E+000
  0.91292676E+000
  0.91292638E+000
  0.91292601E+000
  0.91292565E+000
  0.91292530E+000
  0.91292496E+000
  0.91292462E+000
  0.91292429E+000
  0.91292397E+000
  0.91292366E+000
  0.91292336E+000
  0.91292306E+000
  0.91292278E+000
  0.91292250E+000
  0.91292223E+000
  0.91292196E+000
  0.91292171E+000
  0.91292146E+000
