  0.35421665E+000
  0.35424356E+000
  0.35427518E+000
  0.35430334E+000
  0.35432639E+000
  0.35434581E+000
  0.35436403E+000
  0.35437686E+000
  0.35438717E+000
  0.35439553E+000
  0.35440250E+000
  0.35440669E+000
  0.35441087E+000
  0.35441431E+000
  0.35441636E+000
  0.35441801E+000
  0.35441959E+000
  0.35442006E+000
  0.35442249E+000
  0.35442005E+000
  0.35441957E+000
  0.35441911E+000
  0.35441822E+000
  0.35441687E+000
  0.35441567E+000
  0.35441408E+000
  0.35441238E+000
  0.35441086E+000
  0.35440958E+000
  0.35440779E+000
  0.35440611E+000
  0.35440415E+000
  0.35440106E+000
  0.35439892E+000
  0.35439661E+000
  0.35439437E+000
  0.35439213E+000
  0.35438983E+000
  0.35438766E+000
  0.35438526E+000
  0.35438293E+000
  0.35438047E+000
  0.35437808E+000
  0.35437589E+000
  0.35437337E+000
  0.35437097E+000
  0.35436865E+000
  0.35436618E+000
  0.35436393E+000
  0.35436134E+000
  0.35435899E+000
  0.35435659E+000
  0.35435405E+000
  0.35435180E+000
  0.35434938E+000
  0.35434708E+000
  0.35434480E+000
  0.35434249E+000
  0.35434029E+000
  0.35433813E+000
  0.35433599E+000
  0.35433387E+000
  0.35433182E+000
  0.35432982E+000
  0.35432783E+000
  0.35432628E+000
  0.35432454E+000
  0.35432274E+000
  0.35432104E+000
  0.35431940E+000
  0.35431778E+000
  0.35431624E+000
  0.35431475E+000
  0.35431330E+000
  0.35431189E+000
  0.35431069E+000
  0.35430937E+000
  0.35430814E+000
  0.35430693E+000
  0.35430573E+000
  0.35430459E+000
  0.35430350E+000
  0.35430244E+000
  0.35430161E+000
  0.35430061E+000
  0.35429965E+000
  0.35429870E+000
  0.35429779E+000
  0.35429689E+000
  0.35429602E+000
  0.35429517E+000
  0.35429433E+000
  0.35429350E+000
  0.35429268E+000
  0.35429187E+000
  0.35429107E+000
  0.35429027E+000
  0.35428949E+000
  0.35428870E+000
  0.35428792E+000
  0.35428714E+000
  0.35428636E+000
  0.35428558E+000
  0.35428479E+000
  0.35428400E+000
  0.35428321E+000
  0.35428241E+000
  0.35428161E+000
  0.35428079E+000
  0.35427998E+000
  0.35427915E+000
  0.35427831E+000
  0.35427747E+000
  0.35427662E+000
  0.35427575E+000
  0.35427487E+000
  0.35427399E+000
  0.35427309E+000
  0.35427218E+000
  0.35427125E+000
  0.35427032E+000
  0.35426937E+000
  0.35426840E+000
  0.35426743E+000
  0.35426643E+000
  0.35426543E+000
  0.35426441E+000
  0.35426338E+000
  0.35426234E+000
  0.35426128E+000
  0.35426021E+000
  0.35425912E+000
  0.35425802E+000
  0.35425691E+000
  0.35425578E+000
  0.35425465E+000
  0.35425350E+000
  0.35425234E+000
  0.35425117E+000
  0.35424999E+000
  0.35424879E+000
  0.35424759E+000
  0.35424640E+000
  0.35424518E+000
  0.35424395E+000
  0.35424272E+000
  0.35424148E+000
  0.35424024E+000
  0.35423899E+000
  0.35423774E+000
  0.35423649E+000
  0.35423523E+000
  0.35423397E+000
  0.35423272E+000
  0.35423146E+000
  0.35423021E+000
  0.35422895E+000
  0.35422770E+000
  0.35422646E+000
  0.35422522E+000
  0.35422398E+000
  0.35422275E+000
  0.35422153E+000
  0.35422032E+000
  0.35421912E+000
  0.35421792E+000
  0.35421674E+000
  0.35421556E+000
  0.35421440E+000
  0.35421325E+000
  0.35421212E+000
  0.35421100E+000
  0.35420989E+000
  0.35420880E+000
  0.35420772E+000
  0.35420666E+000
  0.35420561E+000
  0.35420459E+000
  0.35420357E+000
  0.35420258E+000
  0.35420160E+000
  0.35420064E+000
  0.35419970E+000
  0.35419878E+000
  0.35419788E+000
  0.35419699E+000
  0.35419612E+000
  0.35419527E+000
  0.35419445E+000
  0.35419363E+000
  0.35419284E+000
  0.35419207E+000
  0.35419132E+000
  0.35419058E+000
  0.35418986E+000
  0.35418916E+000
  0.35418848E+000
  0.35418782E+000
  0.35418717E+000
  0.35418655E+000
