  0.43415749E+000
  0.43335040E+000
  0.43284353E+000
  0.43247247E+000
  0.43218217E+000
  0.43194243E+000
  0.43174546E+000
  0.43158114E+000
  0.43144788E+000
  0.43133203E+000
  0.43123595E+000
  0.43115507E+000
  0.43108713E+000
  0.43102982E+000
  0.43098477E+000
  0.43094223E+000
  0.43090697E+000
  0.43088085E+000
  0.43085550E+000
  0.43083267E+000
  0.43081543E+000
  0.43080060E+000
  0.43078858E+000
  0.43078045E+000
  0.43077254E+000
  0.43076593E+000
  0.43076073E+000
  0.43075548E+000
  0.43075374E+000
  0.43075024E+000
  0.43074775E+000
  0.43074661E+000
  0.43074460E+000
  0.43074344E+000
  0.43074236E+000
  0.43074083E+000
  0.43073983E+000
  0.43073923E+000
  0.43073838E+000
  0.43073854E+000
  0.43073795E+000
  0.43073953E+000
  0.43073985E+000
  0.43073984E+000
  0.43073932E+000
  0.43073953E+000
  0.43073846E+000
  0.43073785E+000
  0.43073929E+000
  0.43074024E+000
  0.43074019E+000
  0.43073972E+000
  0.43073844E+000
  0.43073745E+000
  0.43073711E+000
  0.43073642E+000
  0.43073599E+000
  0.43073519E+000
  0.43073499E+000
  0.43073432E+000
  0.43073393E+000
  0.43073381E+000
  0.43073306E+000
  0.43073292E+000
  0.43073241E+000
  0.43073145E+000
  0.43073116E+000
  0.43073094E+000
  0.43072992E+000
  0.43072981E+000
  0.43072873E+000
  0.43072821E+000
  0.43072736E+000
  0.43072663E+000
  0.43072599E+000
  0.43072566E+000
  0.43072501E+000
  0.43072452E+000
  0.43072386E+000
  0.43072337E+000
  0.43072289E+000
  0.43072218E+000
  0.43072161E+000
  0.43072097E+000
  0.43072033E+000
  0.43071967E+000
  0.43071895E+000
  0.43071823E+000
  0.43071816E+000
  0.43071752E+000
  0.43071685E+000
  0.43071620E+000
  0.43071555E+000
  0.43071490E+000
  0.43071423E+000
  0.43071356E+000
  0.43071289E+000
  0.43071221E+000
  0.43071153E+000
  0.43071084E+000
  0.43071014E+000
  0.43070944E+000
  0.43070872E+000
  0.43070800E+000
  0.43070727E+000
  0.43070653E+000
  0.43070577E+000
  0.43070501E+000
  0.43070424E+000
  0.43070345E+000
  0.43070266E+000
  0.43070185E+000
  0.43070103E+000
  0.43070019E+000
  0.43069934E+000
  0.43069848E+000
  0.43069761E+000
  0.43069672E+000
  0.43069582E+000
  0.43069490E+000
  0.43069397E+000
  0.43069302E+000
  0.43069206E+000
  0.43069109E+000
  0.43069010E+000
  0.43068909E+000
  0.43068807E+000
  0.43068704E+000
  0.43068599E+000
  0.43068492E+000
  0.43068385E+000
  0.43068275E+000
  0.43068164E+000
  0.43068052E+000
  0.43067939E+000
  0.43067825E+000
  0.43067710E+000
  0.43067593E+000
  0.43067476E+000
  0.43067357E+000
  0.43067238E+000
  0.43067118E+000
  0.43066997E+000
  0.43066875E+000
  0.43066753E+000
  0.43066630E+000
  0.43066507E+000
  0.43066383E+000
  0.43066259E+000
  0.43066136E+000
  0.43066011E+000
  0.43065887E+000
  0.43065763E+000
  0.43065638E+000
  0.43065602E+000
  0.43065478E+000
  0.43065355E+000
  0.43065232E+000
  0.43065110E+000
  0.43064988E+000
  0.43064867E+000
  0.43064747E+000
  0.43064627E+000
  0.43064509E+000
  0.43064392E+000
  0.43064276E+000
  0.43064161E+000
  0.43064047E+000
  0.43063934E+000
  0.43063823E+000
  0.43063713E+000
  0.43063605E+000
  0.43063498E+000
  0.43063393E+000
  0.43063289E+000
  0.43063187E+000
  0.43063087E+000
  0.43062988E+000
  0.43062892E+000
  0.43062796E+000
  0.43062703E+000
  0.43062612E+000
  0.43062522E+000
  0.43062434E+000
  0.43062348E+000
  0.43062264E+000
  0.43062182E+000
  0.43062101E+000
  0.43062023E+000
  0.43061946E+000
  0.43061871E+000
  0.43061799E+000
  0.43061727E+000
  0.43061658E+000
  0.43061591E+000
  0.43061525E+000
  0.43061461E+000
  0.43061311E+000
  0.43061338E+000
  0.43061280E+000
