 -0.48122037E+000 -0.23336945E+000 -0.54907317E-002 -0.45313024E-002 -0.16530146E-002  0.22934688E+000  0.34247353E+001  0.16556435E+002  0.33185592E+002  0.10316519E+003  0.17234824E+003
 -0.48123327E+000 -0.23358689E+000 -0.54909963E-002 -0.45315442E-002 -0.16531880E-002  0.22934270E+000  0.34247248E+001  0.16556414E+002  0.33235474E+002  0.10316522E+003  0.17234797E+003
 -0.48124239E+000 -0.23375807E+000 -0.54912241E-002 -0.45317525E-002 -0.16533377E-002  0.22934219E+000  0.34247261E+001  0.16556416E+002  0.33272741E+002  0.10316525E+003  0.17234796E+003
 -0.48124883E+000 -0.23389287E+000 -0.54914139E-002 -0.45319274E-002 -0.16534679E-002  0.22934248E+000  0.34247286E+001  0.16556420E+002  0.33297824E+002  0.10316529E+003  0.17234801E+003
 -0.48125319E+000 -0.23399650E+000 -0.54915681E-002 -0.45320708E-002 -0.16535791E-002  0.22934292E+000  0.34247309E+001  0.16556423E+002  0.33300674E+002  0.10316531E+003  0.17234806E+003
 -0.48125592E+000 -0.23407334E+000 -0.54916900E-002 -0.45321855E-002 -0.16536719E-002  0.22934336E+000  0.34247329E+001  0.16556426E+002  0.33303038E+002  0.10316534E+003  0.17234811E+003
 -0.48125742E+000 -0.23412758E+000 -0.54917835E-002 -0.45322746E-002 -0.16537478E-002  0.22934377E+000  0.34247345E+001  0.16556429E+002  0.33304973E+002  0.10316535E+003  0.17234816E+003
 -0.48125801E+000 -0.23416312E+000 -0.54918523E-002 -0.45323414E-002 -0.16538086E-002  0.22934413E+000  0.34247359E+001  0.16556431E+002  0.33306558E+002  0.10316537E+003  0.17234819E+003
 -0.48125794E+000 -0.23418346E+000 -0.54919000E-002 -0.45323890E-002 -0.16538559E-002  0.22934444E+000  0.34247370E+001  0.16556433E+002  0.33307852E+002  0.10316538E+003  0.17234823E+003
 -0.48125742E+000 -0.23419172E+000 -0.54919299E-002 -0.45324203E-002 -0.16538915E-002  0.22934472E+000  0.34247380E+001  0.16556435E+002  0.33308909E+002  0.10316540E+003  0.17234825E+003
 -0.48125659E+000 -0.23419059E+000 -0.54919451E-002 -0.45324381E-002 -0.16539172E-002  0.22934497E+000  0.34247388E+001  0.16556436E+002  0.33309767E+002  0.10316541E+003  0.17234827E+003
 -0.48125557E+000 -0.23418232E+000 -0.54919481E-002 -0.45324447E-002 -0.16539344E-002  0.22934518E+000  0.34247395E+001  0.16556437E+002  0.33310458E+002  0.10316541E+003  0.17234829E+003
 -0.48125443E+000 -0.23416875E+000 -0.54919413E-002 -0.45324421E-002 -0.16539446E-002  0.22934537E+000  0.34247401E+001  0.16556438E+002  0.33311009E+002  0.10316542E+003  0.17234831E+003
 -0.48125324E+000 -0.23415137E+000 -0.54919267E-002 -0.45324322E-002 -0.16539488E-002  0.22934553E+000  0.34247405E+001  0.16556439E+002  0.33311440E+002  0.10316543E+003  0.17234832E+003
 -0.48125204E+000 -0.23413136E+000 -0.54919059E-002 -0.45324165E-002 -0.16539481E-002  0.22934568E+000  0.34247409E+001  0.16556439E+002  0.33311770E+002  0.10316543E+003  0.17234834E+003
 -0.48125084E+000 -0.23410965E+000 -0.54918805E-002 -0.45323962E-002 -0.16539434E-002  0.22934580E+000  0.34247412E+001  0.16556440E+002  0.33312015E+002  0.10316543E+003  0.17234835E+003
 -0.48124967E+000 -0.23408694E+000 -0.54918515E-002 -0.45323725E-002 -0.16539353E-002  0.22934590E+000  0.34247414E+001  0.16556440E+002  0.33312187E+002  0.10316544E+003  0.17234835E+003
 -0.48124855E+000 -0.23406376E+000 -0.54918201E-002 -0.45323462E-002 -0.16539245E-002  0.22934600E+000  0.34247416E+001  0.16556441E+002  0.33312298E+002  0.10316544E+003  0.17234836E+003
 -0.48124746E+000 -0.23404050E+000 -0.54917869E-002 -0.45323180E-002 -0.16539115E-002  0.22934608E+000  0.34247418E+001  0.16556441E+002  0.33312357E+002  0.10316544E+003  0.17234837E+003
 -0.48124643E+000 -0.23401746E+000 -0.54917527E-002 -0.45322887E-002 -0.16538967E-002  0.22934615E+000  0.34247419E+001  0.16556441E+002  0.33312372E+002  0.10316544E+003  0.17234837E+003
 -0.48124544E+000 -0.23399482E+000 -0.54917179E-002 -0.45322585E-002 -0.16538804E-002  0.22934621E+000  0.34247420E+001  0.16556442E+002  0.33312350E+002  0.10316544E+003  0.17234838E+003
 -0.48124450E+000 -0.23397273E+000 -0.54916831E-002 -0.45322281E-002 -0.16538630E-002  0.22934626E+000  0.34247421E+001  0.16556442E+002  0.33312296E+002  0.10316544E+003  0.17234838E+003
 -0.48124360E+000 -0.23395125E+000 -0.54916485E-002 -0.45321976E-002 -0.16538448E-002  0.22934631E+000  0.34247421E+001  0.16556442E+002  0.33312214E+002  0.10316544E+003  0.17234838E+003
 -0.48124275E+000 -0.23393043E+000 -0.54916144E-002 -0.45321673E-002 -0.16538258E-002  0.22934635E+000  0.34247421E+001  0.16556442E+002  0.33312109E+002  0.10316544E+003  0.17234838E+003
 -0.48124193E+000 -0.23391029E+000 -0.54915810E-002 -0.45321373E-002 -0.16538064E-002  0.22934639E+000  0.34247422E+001  0.16556442E+002  0.33311983E+002  0.10316544E+003  0.17234839E+003
 -0.48124115E+000 -0.23389083E+000 -0.54915484E-002 -0.45321079E-002 -0.16537866E-002  0.22934643E+000  0.34247421E+001  0.16556442E+002  0.33311840E+002  0.10316544E+003  0.17234839E+003
 -0.48124040E+000 -0.23387202E+000 -0.54915167E-002 -0.45320791E-002 -0.16537666E-002  0.22934646E+000  0.34247421E+001  0.16556442E+002  0.33311681E+002  0.10316544E+003  0.17234839E+003
 -0.48123969E+000 -0.23385386E+000 -0.54914859E-002 -0.45320511E-002 -0.16537466E-002  0.22934650E+000  0.34247421E+001  0.16556442E+002  0.33311510E+002  0.10316544E+003  0.17234839E+003
 -0.48123900E+000 -0.23383631E+000 -0.54914562E-002 -0.45320238E-002 -0.16537267E-002  0.22934653E+000  0.34247421E+001  0.16556442E+002  0.33311328E+002  0.10316544E+003  0.17234839E+003
 -0.48123834E+000 -0.23381934E+000 -0.54914274E-002 -0.45319973E-002 -0.16537070E-002  0.22934656E+000  0.34247420E+001  0.16556442E+002  0.33311136E+002  0.10316544E+003  0.17234839E+003
 -0.48123771E+000 -0.23380293E+000 -0.54913996E-002 -0.45319716E-002 -0.16536876E-002  0.22934659E+000  0.34247420E+001  0.16556442E+002  0.33310935E+002  0.10316544E+003  0.17234839E+003
 -0.48123710E+000 -0.23378705E+000 -0.54913729E-002 -0.45319468E-002 -0.16536688E-002  0.22934663E+000  0.34247420E+001  0.16556442E+002  0.33310728E+002  0.10316543E+003  0.17234839E+003
 -0.48123651E+000 -0.23377167E+000 -0.54913471E-002 -0.45319229E-002 -0.16536505E-002  0.22934666E+000  0.34247419E+001  0.16556442E+002  0.33310514E+002  0.10316543E+003  0.17234839E+003
 -0.48123594E+000 -0.23375677E+000 -0.54913223E-002 -0.45319000E-002 -0.16536330E-002  0.22934669E+000  0.34247419E+001  0.16556442E+002  0.33310295E+002  0.10316543E+003  0.17234839E+003
 -0.48123539E+000 -0.23374233E+000 -0.54912984E-002 -0.45318779E-002 -0.16536163E-002  0.22934673E+000  0.34247418E+001  0.16556442E+002  0.33310071E+002  0.10316543E+003  0.17234839E+003
 -0.48123486E+000 -0.23372832E+000 -0.54912754E-002 -0.45318567E-002 -0.16536006E-002  0.22934676E+000  0.34247417E+001  0.16556442E+002  0.33309843E+002  0.10316543E+003  0.17234839E+003
 -0.48123435E+000 -0.23371473E+000 -0.54912533E-002 -0.45318365E-002 -0.16535860E-002  0.22934679E+000  0.34247417E+001  0.16556442E+002  0.33309611E+002  0.10316543E+003  0.17234839E+003
 -0.48123386E+000 -0.23370154E+000 -0.54912320E-002 -0.45318171E-002 -0.16535725E-002  0.22934682E+000  0.34247416E+001  0.16556442E+002  0.33309377E+002  0.10316542E+003  0.17234839E+003
 -0.48123338E+000 -0.23368874E+000 -0.54912116E-002 -0.45317987E-002 -0.16535602E-002  0.22934686E+000  0.34247415E+001  0.16556442E+002  0.33309139E+002  0.10316542E+003  0.17234839E+003
 -0.48123292E+000 -0.23367631E+000 -0.54911920E-002 -0.45317812E-002 -0.16535492E-002  0.22934689E+000  0.34247414E+001  0.16556442E+002  0.33308899E+002  0.10316542E+003  0.17234839E+003
 -0.48123248E+000 -0.23366424E+000 -0.54911731E-002 -0.45317647E-002 -0.16535395E-002  0.22934692E+000  0.34247414E+001  0.16556441E+002  0.33308657E+002  0.10316542E+003  0.17234839E+003
 -0.48123205E+000 -0.23365250E+000 -0.54911549E-002 -0.45317489E-002 -0.16535311E-002  0.22934694E+000  0.34247413E+001  0.16556441E+002  0.33308413E+002  0.10316542E+003  0.17234839E+003
 -0.48123163E+000 -0.23364110E+000 -0.54911375E-002 -0.45317341E-002 -0.16535239E-002  0.22934697E+000  0.34247412E+001  0.16556441E+002  0.33308167E+002  0.10316542E+003  0.17234839E+003
 -0.48123123E+000 -0.23363001E+000 -0.54911207E-002 -0.45317200E-002 -0.16535180E-002  0.22934699E+000  0.34247411E+001  0.16556441E+002  0.33307919E+002  0.10316541E+003  0.17234838E+003
 -0.48123084E+000 -0.23361922E+000 -0.54911045E-002 -0.45317067E-002 -0.16535131E-002  0.22934701E+000  0.34247410E+001  0.16556441E+002  0.33307670E+002  0.10316541E+003  0.17234838E+003
 -0.48123047E+000 -0.23360870E+000 -0.54910890E-002 -0.45316940E-002 -0.16535093E-002  0.22934702E+000  0.34247409E+001  0.16556441E+002  0.33307419E+002  0.10316541E+003  0.17234838E+003
 -0.48123010E+000 -0.23359845E+000 -0.54910740E-002 -0.45316820E-002 -0.16535063E-002  0.22934704E+000  0.34247408E+001  0.16556441E+002  0.33307167E+002  0.10316541E+003  0.17234838E+003
 -0.48122975E+000 -0.23358845E+000 -0.54910595E-002 -0.45316706E-002 -0.16535040E-002  0.22934705E+000  0.34247407E+001  0.16556441E+002  0.33306913E+002  0.10316541E+003  0.17234838E+003
 -0.48122940E+000 -0.23357867E+000 -0.54910454E-002 -0.45316596E-002 -0.16535023E-002  0.22934705E+000  0.34247406E+001  0.16556441E+002  0.33306659E+002  0.10316541E+003  0.17234838E+003
 -0.48122906E+000 -0.23356911E+000 -0.54910318E-002 -0.45316491E-002 -0.16535010E-002  0.22934705E+000  0.34247405E+001  0.16556441E+002  0.33306403E+002  0.10316540E+003  0.17234838E+003
 -0.48122872E+000 -0.23355974E+000 -0.54910186E-002 -0.45316389E-002 -0.16534999E-002  0.22934705E+000  0.34247404E+001  0.16556441E+002  0.33306147E+002  0.10316540E+003  0.17234838E+003
 -0.48122840E+000 -0.23355056E+000 -0.54910057E-002 -0.45316289E-002 -0.16534988E-002  0.22934705E+000  0.34247403E+001  0.16556440E+002  0.33305890E+002  0.10316540E+003  0.17234838E+003
 -0.48122808E+000 -0.23354156E+000 -0.54909931E-002 -0.45316192E-002 -0.16534976E-002  0.22934704E+000  0.34247402E+001  0.16556440E+002  0.33305633E+002  0.10316540E+003  0.17234838E+003
 -0.48122776E+000 -0.23353273E+000 -0.54909807E-002 -0.45316096E-002 -0.16534962E-002  0.22934704E+000  0.34247401E+001  0.16556440E+002  0.33305376E+002  0.10316540E+003  0.17234838E+003
 -0.48122745E+000 -0.23352406E+000 -0.54909687E-002 -0.45316001E-002 -0.16534944E-002  0.22934703E+000  0.34247399E+001  0.16556440E+002  0.33305119E+002  0.10316539E+003  0.17234838E+003
 -0.48122714E+000 -0.23351556E+000 -0.54909568E-002 -0.45315906E-002 -0.16534921E-002  0.22934702E+000  0.34247398E+001  0.16556440E+002  0.33304862E+002  0.10316539E+003  0.17234838E+003
 -0.48122683E+000 -0.23350724E+000 -0.54909452E-002 -0.45315812E-002 -0.16534892E-002  0.22934700E+000  0.34247397E+001  0.16556440E+002  0.33304605E+002  0.10316539E+003  0.17234838E+003
 -0.48122653E+000 -0.23349909E+000 -0.54909338E-002 -0.45315717E-002 -0.16534856E-002  0.22934699E+000  0.34247396E+001  0.16556440E+002  0.33304350E+002  0.10316539E+003  0.17234838E+003
 -0.48122624E+000 -0.23349114E+000 -0.54909226E-002 -0.45315623E-002 -0.16534814E-002  0.22934698E+000  0.34247395E+001  0.16556440E+002  0.33304096E+002  0.10316539E+003  0.17234838E+003
 -0.48122595E+000 -0.23348338E+000 -0.54909117E-002 -0.45315529E-002 -0.16534765E-002  0.22934696E+000  0.34247394E+001  0.16556440E+002  0.33303843E+002  0.10316539E+003  0.17234837E+003
 -0.48122567E+000 -0.23347585E+000 -0.54909010E-002 -0.45315435E-002 -0.16534708E-002  0.22934695E+000  0.34247393E+001  0.16556440E+002  0.33303592E+002  0.10316538E+003  0.17234837E+003
 -0.48122539E+000 -0.23346854E+000 -0.54908907E-002 -0.45315341E-002 -0.16534644E-002  0.22934694E+000  0.34247392E+001  0.16556439E+002  0.33303342E+002  0.10316538E+003  0.17234837E+003
 -0.48122512E+000 -0.23346148E+000 -0.54908806E-002 -0.45315247E-002 -0.16534573E-002  0.22934692E+000  0.34247392E+001  0.16556439E+002  0.33303094E+002  0.10316538E+003  0.17234837E+003
 -0.48122486E+000 -0.23345468E+000 -0.54908708E-002 -0.45315155E-002 -0.16534496E-002  0.22934691E+000  0.34247391E+001  0.16556439E+002  0.33302849E+002  0.10316538E+003  0.17234837E+003
 -0.48122461E+000 -0.23344816E+000 -0.54908614E-002 -0.45315063E-002 -0.16534412E-002  0.22934689E+000  0.34247390E+001  0.16556439E+002  0.33302605E+002  0.10316538E+003  0.17234837E+003
 -0.48122436E+000 -0.23344192E+000 -0.54908523E-002 -0.45314973E-002 -0.16534323E-002  0.22934688E+000  0.34247389E+001  0.16556439E+002  0.33302364E+002  0.10316538E+003  0.17234837E+003
 -0.48122413E+000 -0.23343598E+000 -0.54908436E-002 -0.45314884E-002 -0.16534229E-002  0.22934687E+000  0.34247388E+001  0.16556439E+002  0.33302125E+002  0.10316537E+003  0.17234837E+003
 -0.48122390E+000 -0.23343034E+000 -0.54908354E-002 -0.45314797E-002 -0.16534130E-002  0.22934685E+000  0.34247387E+001  0.16556439E+002  0.33301889E+002  0.10316537E+003  0.17234837E+003
 -0.48122368E+000 -0.23342502E+000 -0.54908275E-002 -0.45314712E-002 -0.16534026E-002  0.22934684E+000  0.34247387E+001  0.16556439E+002  0.33301654E+002  0.10316537E+003  0.17234837E+003
 -0.48122348E+000 -0.23342002E+000 -0.54908200E-002 -0.45314630E-002 -0.16533920E-002  0.22934683E+000  0.34247386E+001  0.16556439E+002  0.33301422E+002  0.10316537E+003  0.17234837E+003
 -0.48122328E+000 -0.23341533E+000 -0.54908130E-002 -0.45314550E-002 -0.16533810E-002  0.22934682E+000  0.34247385E+001  0.16556439E+002  0.33301193E+002  0.10316537E+003  0.17234837E+003
 -0.48122310E+000 -0.23341097E+000 -0.54908063E-002 -0.45314472E-002 -0.16533698E-002  0.22934680E+000  0.34247384E+001  0.16556439E+002  0.33300965E+002  0.10316537E+003  0.17234837E+003
 -0.48122293E+000 -0.23340693E+000 -0.54908002E-002 -0.45314397E-002 -0.16533585E-002  0.22934679E+000  0.34247384E+001  0.16556439E+002  0.33300740E+002  0.10316537E+003  0.17234837E+003
 -0.48122276E+000 -0.23340320E+000 -0.54907944E-002 -0.45314325E-002 -0.16533470E-002  0.22934678E+000  0.34247383E+001  0.16556438E+002  0.33300517E+002  0.10316536E+003  0.17234837E+003
 -0.48122261E+000 -0.23339978E+000 -0.54907890E-002 -0.45314256E-002 -0.16533354E-002  0.22934676E+000  0.34247382E+001  0.16556438E+002  0.33300295E+002  0.10316536E+003  0.17234837E+003
 -0.48122247E+000 -0.23339666E+000 -0.54907841E-002 -0.45314190E-002 -0.16533239E-002  0.22934675E+000  0.34247382E+001  0.16556438E+002  0.33300076E+002  0.10316536E+003  0.17234837E+003
 -0.48122233E+000 -0.23339382E+000 -0.54907795E-002 -0.45314127E-002 -0.16533123E-002  0.22934674E+000  0.34247381E+001  0.16556438E+002  0.33299858E+002  0.10316536E+003  0.17234837E+003
 -0.48122221E+000 -0.23339127E+000 -0.54907754E-002 -0.45314067E-002 -0.16533008E-002  0.22934673E+000  0.34247380E+001  0.16556438E+002  0.33299642E+002  0.10316536E+003  0.17234837E+003
 -0.48122209E+000 -0.23338897E+000 -0.54907716E-002 -0.45314010E-002 -0.16532894E-002  0.22934671E+000  0.34247380E+001  0.16556438E+002  0.33299427E+002  0.10316536E+003  0.17234837E+003
 -0.48122199E+000 -0.23338693E+000 -0.54907681E-002 -0.45313956E-002 -0.16532782E-002  0.22934670E+000  0.34247379E+001  0.16556438E+002  0.33299213E+002  0.10316535E+003  0.17234837E+003
 -0.48122189E+000 -0.23338512E+000 -0.54907650E-002 -0.45313905E-002 -0.16532671E-002  0.22934669E+000  0.34247378E+001  0.16556438E+002  0.33299000E+002  0.10316535E+003  0.17234837E+003
 -0.48122180E+000 -0.23338353E+000 -0.54907622E-002 -0.45313857E-002 -0.16532563E-002  0.22934668E+000  0.34247378E+001  0.16556438E+002  0.33298788E+002  0.10316535E+003  0.17234837E+003
 -0.48122172E+000 -0.23338214E+000 -0.54907596E-002 -0.45313811E-002 -0.16532457E-002  0.22934667E+000  0.34247377E+001  0.16556438E+002  0.33298577E+002  0.10316535E+003  0.17234837E+003
 -0.48122164E+000 -0.23338093E+000 -0.54907574E-002 -0.45313768E-002 -0.16532353E-002  0.22934667E+000  0.34247377E+001  0.16556438E+002  0.33298367E+002  0.10316535E+003  0.17234837E+003
 -0.48122157E+000 -0.23337989E+000 -0.54907554E-002 -0.45313728E-002 -0.16532252E-002  0.22934666E+000  0.34247376E+001  0.16556438E+002  0.33298157E+002  0.10316535E+003  0.17234837E+003
 -0.48122150E+000 -0.23337901E+000 -0.54907536E-002 -0.45313690E-002 -0.16532153E-002  0.22934665E+000  0.34247375E+001  0.16556438E+002  0.33297947E+002  0.10316534E+003  0.17234836E+003
 -0.48122144E+000 -0.23337827E+000 -0.54907520E-002 -0.45313654E-002 -0.16532058E-002  0.22934665E+000  0.34247375E+001  0.16556438E+002  0.33297737E+002  0.10316534E+003  0.17234836E+003
 -0.48122139E+000 -0.23337765E+000 -0.54907506E-002 -0.45313621E-002 -0.16531966E-002  0.22934664E+000  0.34247374E+001  0.16556438E+002  0.33297527E+002  0.10316534E+003  0.17234836E+003
 -0.48122134E+000 -0.23337713E+000 -0.54907494E-002 -0.45313590E-002 -0.16531877E-002  0.22934664E+000  0.34247374E+001  0.16556437E+002  0.33297317E+002  0.10316534E+003  0.17234836E+003
 -0.48122129E+000 -0.23337671E+000 -0.54907483E-002 -0.45313560E-002 -0.16531791E-002  0.22934663E+000  0.34247373E+001  0.16556437E+002  0.33296473E+002  0.10316534E+003  0.17234836E+003
 -0.48122125E+000 -0.23337638E+000 -0.54907474E-002 -0.45313533E-002 -0.16531709E-002  0.22934663E+000  0.34247373E+001  0.16556437E+002  0.33294659E+002  0.10316534E+003  0.17234836E+003
 -0.48122121E+000 -0.23337611E+000 -0.54907466E-002 -0.45313507E-002 -0.16531630E-002  0.22934663E+000  0.34247372E+001  0.16556437E+002  0.33292843E+002  0.10316533E+003  0.17234836E+003
 -0.48122117E+000 -0.23337590E+000 -0.54907459E-002 -0.45313482E-002 -0.16531554E-002  0.22934663E+000  0.34247371E+001  0.16556437E+002  0.33291024E+002  0.10316533E+003  0.17234836E+003
 -0.48122114E+000 -0.23337574E+000 -0.54907452E-002 -0.45313459E-002 -0.16531481E-002  0.22934663E+000  0.34247371E+001  0.16556437E+002  0.33289203E+002  0.10316533E+003  0.17234836E+003
 -0.48122110E+000 -0.23337563E+000 -0.54907447E-002 -0.45313438E-002 -0.16531412E-002  0.22934663E+000  0.34247370E+001  0.16556437E+002  0.33287378E+002  0.10316533E+003  0.17234836E+003
 -0.48122107E+000 -0.23337554E+000 -0.54907442E-002 -0.45313418E-002 -0.16531346E-002  0.22934664E+000  0.34247370E+001  0.16556437E+002  0.33285551E+002  0.10316533E+003  0.17234836E+003
 -0.48122105E+000 -0.23337548E+000 -0.54907438E-002 -0.45313399E-002 -0.16531282E-002  0.22934664E+000  0.34247369E+001  0.16556437E+002  0.33283721E+002  0.10316532E+003  0.17234836E+003
 -0.48122102E+000 -0.23337544E+000 -0.54907434E-002 -0.45313381E-002 -0.16531222E-002  0.22934664E+000  0.34247369E+001  0.16556437E+002  0.33281889E+002  0.10316532E+003  0.17234836E+003
 -0.48122099E+000 -0.23337541E+000 -0.54907431E-002 -0.45313364E-002 -0.16531165E-002  0.22934665E+000  0.34247368E+001  0.16556437E+002  0.33280055E+002  0.10316532E+003  0.17234836E+003
 -0.48122097E+000 -0.23337539E+000 -0.54907428E-002 -0.45313348E-002 -0.16531110E-002  0.22934665E+000  0.34247368E+001  0.16556437E+002  0.33278221E+002  0.10316532E+003  0.17234836E+003
 -0.48122095E+000 -0.23337537E+000 -0.54907425E-002 -0.45313333E-002 -0.16531058E-002  0.22934666E+000  0.34247367E+001  0.16556437E+002  0.33276386E+002  0.10316532E+003  0.17234835E+003
 -0.48122093E+000 -0.23337535E+000 -0.54907422E-002 -0.45313319E-002 -0.16531009E-002  0.22934666E+000  0.34247367E+001  0.16556437E+002  0.33274552E+002  0.10316531E+003  0.17234835E+003
 -0.48122091E+000 -0.23337533E+000 -0.54907420E-002 -0.45313305E-002 -0.16530962E-002  0.22934667E+000  0.34247366E+001  0.16556437E+002  0.33272720E+002  0.10316531E+003  0.17234835E+003
 -0.48122089E+000 -0.23337531E+000 -0.54907418E-002 -0.45313293E-002 -0.16530918E-002  0.22934667E+000  0.34247365E+001  0.16556437E+002  0.33270891E+002  0.10316531E+003  0.17234835E+003
 -0.48122087E+000 -0.23337528E+000 -0.54907416E-002 -0.45313280E-002 -0.16530876E-002  0.22934668E+000  0.34247365E+001  0.16556437E+002  0.33269065E+002  0.10316531E+003  0.17234835E+003
 -0.48122085E+000 -0.23337525E+000 -0.54907413E-002 -0.45313269E-002 -0.16530836E-002  0.22934669E+000  0.34247365E+001  0.16556437E+002  0.33267245E+002  0.10316531E+003  0.17234835E+003
 -0.48122083E+000 -0.23337520E+000 -0.54907411E-002 -0.45313258E-002 -0.16530798E-002  0.22934669E+000  0.34247364E+001  0.16556436E+002  0.33265430E+002  0.10316530E+003  0.17234835E+003
 -0.48122081E+000 -0.23337515E+000 -0.54907409E-002 -0.45313247E-002 -0.16530762E-002  0.22934670E+000  0.34247364E+001  0.16556436E+002  0.33263623E+002  0.10316530E+003  0.17234835E+003
 -0.48122080E+000 -0.23337509E+000 -0.54907407E-002 -0.45313237E-002 -0.16530728E-002  0.22934671E+000  0.34247363E+001  0.16556436E+002  0.33261825E+002  0.10316530E+003  0.17234835E+003
 -0.48122078E+000 -0.23337502E+000 -0.54907405E-002 -0.45313227E-002 -0.16530695E-002  0.22934671E+000  0.34247363E+001  0.16556436E+002  0.33260037E+002  0.10316530E+003  0.17234834E+003
 -0.48122077E+000 -0.23337494E+000 -0.54907403E-002 -0.45313218E-002 -0.16530664E-002  0.22934672E+000  0.34247362E+001  0.16556436E+002  0.33258259E+002  0.10316530E+003  0.17234834E+003
 -0.48122075E+000 -0.23337484E+000 -0.54907400E-002 -0.45313209E-002 -0.16530634E-002  0.22934673E+000  0.34247362E+001  0.16556436E+002  0.33256494E+002  0.10316529E+003  0.17234834E+003
 -0.48122073E+000 -0.23337474E+000 -0.54907398E-002 -0.45313200E-002 -0.16530606E-002  0.22934674E+000  0.34247361E+001  0.16556436E+002  0.33254743E+002  0.10316529E+003  0.17234834E+003
 -0.48122072E+000 -0.23337463E+000 -0.54907396E-002 -0.45313192E-002 -0.16530579E-002  0.22934674E+000  0.34247361E+001  0.16556436E+002  0.33253007E+002  0.10316529E+003  0.17234834E+003
 -0.48122071E+000 -0.23337452E+000 -0.54907394E-002 -0.45313183E-002 -0.16530553E-002  0.22934675E+000  0.34247361E+001  0.16556436E+002  0.33251287E+002  0.10316529E+003  0.17234834E+003
 -0.48122069E+000 -0.23337439E+000 -0.54907391E-002 -0.45313175E-002 -0.16530529E-002  0.22934676E+000  0.34247360E+001  0.16556436E+002  0.33249584E+002  0.10316529E+003  0.17234834E+003
 -0.48122068E+000 -0.23337426E+000 -0.54907389E-002 -0.45313168E-002 -0.16530505E-002  0.22934676E+000  0.34247360E+001  0.16556436E+002  0.33247899E+002  0.10316528E+003  0.17234833E+003
 -0.48122066E+000 -0.23337412E+000 -0.54907386E-002 -0.45313160E-002 -0.16530482E-002  0.22934677E+000  0.34247360E+001  0.16556436E+002  0.33246234E+002  0.10316528E+003  0.17234833E+003
 -0.48122065E+000 -0.23337397E+000 -0.54907384E-002 -0.45313153E-002 -0.16530460E-002  0.22934678E+000  0.34247359E+001  0.16556436E+002  0.33244590E+002  0.10316528E+003  0.17234833E+003
 -0.48122064E+000 -0.23337381E+000 -0.54907381E-002 -0.45313146E-002 -0.16530439E-002  0.22934678E+000  0.34247359E+001  0.16556436E+002  0.33242967E+002  0.10316528E+003  0.17234833E+003
 -0.48122062E+000 -0.23337365E+000 -0.54907379E-002 -0.45313138E-002 -0.16530419E-002  0.22934679E+000  0.34247359E+001  0.16556436E+002  0.33241366E+002  0.10316527E+003  0.17234833E+003
 -0.48122061E+000 -0.23337349E+000 -0.54907376E-002 -0.45313132E-002 -0.16530399E-002  0.22934679E+000  0.34247359E+001  0.16556436E+002  0.33239790E+002  0.10316527E+003  0.17234833E+003
 -0.48122060E+000 -0.23337331E+000 -0.54907373E-002 -0.45313125E-002 -0.16530380E-002  0.22934680E+000  0.34247358E+001  0.16556436E+002  0.33238237E+002  0.10316527E+003  0.17234833E+003
 -0.48122058E+000 -0.23337314E+000 -0.54907370E-002 -0.45313118E-002 -0.16530362E-002  0.22934681E+000  0.34247358E+001  0.16556436E+002  0.33236710E+002  0.10316527E+003  0.17234832E+003
 -0.48122057E+000 -0.23337296E+000 -0.54907368E-002 -0.45313111E-002 -0.16530344E-002  0.22934681E+000  0.34247358E+001  0.16556436E+002  0.33235209E+002  0.10316527E+003  0.17234832E+003
 -0.48122056E+000 -0.23337277E+000 -0.54907365E-002 -0.45313105E-002 -0.16530326E-002  0.22934682E+000  0.34247358E+001  0.16556436E+002  0.33233735E+002  0.10316527E+003  0.17234832E+003
 -0.48122055E+000 -0.23337259E+000 -0.54907362E-002 -0.45313099E-002 -0.16530309E-002  0.22934682E+000  0.34247357E+001  0.16556436E+002  0.33232287E+002  0.10316526E+003  0.17234832E+003
 -0.48122053E+000 -0.23337239E+000 -0.54907359E-002 -0.45313092E-002 -0.16530292E-002  0.22934683E+000  0.34247357E+001  0.16556436E+002  0.33230868E+002  0.10316526E+003  0.17234832E+003
 -0.48122052E+000 -0.23337220E+000 -0.54907356E-002 -0.45313086E-002 -0.16530276E-002  0.22934683E+000  0.34247357E+001  0.16556436E+002  0.33229477E+002  0.10316526E+003  0.17234832E+003
 -0.48122051E+000 -0.23337200E+000 -0.54907353E-002 -0.45313080E-002 -0.16530260E-002  0.22934684E+000  0.34247357E+001  0.16556436E+002  0.33228115E+002  0.10316526E+003  0.17234831E+003
 -0.48122050E+000 -0.23337181E+000 -0.54907350E-002 -0.45313074E-002 -0.16530245E-002  0.22934684E+000  0.34247357E+001  0.16556435E+002  0.33226782E+002  0.10316526E+003  0.17234831E+003
 -0.48122049E+000 -0.23337161E+000 -0.54907347E-002 -0.45313068E-002 -0.16530230E-002  0.22934685E+000  0.34247357E+001  0.16556435E+002  0.33225478E+002  0.10316525E+003  0.17234831E+003
 -0.48122047E+000 -0.23337140E+000 -0.54907345E-002 -0.45313062E-002 -0.16530215E-002  0.22934685E+000  0.34247356E+001  0.16556435E+002  0.33224205E+002  0.10316525E+003  0.17234831E+003
 -0.48122046E+000 -0.23337120E+000 -0.54907342E-002 -0.45313056E-002 -0.16530200E-002  0.22934686E+000  0.34247356E+001  0.16556435E+002  0.33222961E+002  0.10316525E+003  0.17234831E+003
 -0.48122045E+000 -0.23337100E+000 -0.54907339E-002 -0.45313050E-002 -0.16530186E-002  0.22934686E+000  0.34247356E+001  0.16556435E+002  0.33221747E+002  0.10316525E+003  0.17234831E+003
 -0.48122044E+000 -0.23337079E+000 -0.54907336E-002 -0.45313045E-002 -0.16530172E-002  0.22934687E+000  0.34247356E+001  0.16556435E+002  0.33220564E+002  0.10316525E+003  0.17234830E+003
 -0.48122043E+000 -0.23337059E+000 -0.54907333E-002 -0.45313039E-002 -0.16530159E-002  0.22934687E+000  0.34247356E+001  0.16556435E+002  0.33219411E+002  0.10316525E+003  0.17234830E+003
 -0.48122042E+000 -0.23337039E+000 -0.54907330E-002 -0.45313034E-002 -0.16530146E-002  0.22934688E+000  0.34247356E+001  0.16556435E+002  0.33218288E+002  0.10316524E+003  0.17234830E+003
 -0.48122041E+000 -0.23337019E+000 -0.54907327E-002 -0.45313028E-002 -0.16530133E-002  0.22934688E+000  0.34247356E+001  0.16556435E+002  0.33217195E+002  0.10316524E+003  0.17234830E+003
 -0.48122040E+000 -0.23336999E+000 -0.54907324E-002 -0.45313023E-002 -0.16530121E-002  0.22934689E+000  0.34247356E+001  0.16556435E+002  0.33216133E+002  0.10316524E+003  0.17234830E+003
 -0.48122038E+000 -0.23336979E+000 -0.54907321E-002 -0.45313018E-002 -0.16530109E-002  0.22934689E+000  0.34247356E+001  0.16556435E+002  0.33215100E+002  0.10316524E+003  0.17234830E+003
 -0.48122037E+000 -0.23336959E+000 -0.54907318E-002 -0.45313013E-002 -0.16530097E-002  0.22934690E+000  0.34247356E+001  0.16556435E+002  0.33214097E+002  0.10316524E+003  0.17234830E+003
 -0.48122036E+000 -0.23336940E+000 -0.54907316E-002 -0.45313008E-002 -0.16530086E-002  0.22934690E+000  0.34247356E+001  0.16556435E+002  0.33213123E+002  0.10316524E+003  0.17234829E+003
 -0.48122035E+000 -0.23336921E+000 -0.54907313E-002 -0.45313003E-002 -0.16530075E-002  0.22934691E+000  0.34247356E+001  0.16556435E+002  0.33212178E+002  0.10316524E+003  0.17234829E+003
 -0.48122034E+000 -0.23336902E+000 -0.54907310E-002 -0.45312999E-002 -0.16530064E-002  0.22934691E+000  0.34247356E+001  0.16556435E+002  0.33211261E+002  0.10316523E+003  0.17234829E+003
 -0.48122033E+000 -0.23336884E+000 -0.54907308E-002 -0.45312994E-002 -0.16530054E-002  0.22934691E+000  0.34247355E+001  0.16556435E+002  0.33210373E+002  0.10316523E+003  0.17234829E+003
 -0.48122033E+000 -0.23336866E+000 -0.54907305E-002 -0.45312990E-002 -0.16530044E-002  0.22934692E+000  0.34247355E+001  0.16556435E+002  0.33209513E+002  0.10316523E+003  0.17234829E+003
 -0.48122032E+000 -0.23336849E+000 -0.54907303E-002 -0.45312986E-002 -0.16530035E-002  0.22934692E+000  0.34247355E+001  0.16556435E+002  0.33208680E+002  0.10316523E+003  0.17234829E+003
 -0.48122031E+000 -0.23336832E+000 -0.54907300E-002 -0.45312982E-002 -0.16530026E-002  0.22934693E+000  0.34247355E+001  0.16556435E+002  0.33207874E+002  0.10316523E+003  0.17234828E+003
 -0.48122030E+000 -0.23336816E+000 -0.54907298E-002 -0.45312978E-002 -0.16530018E-002  0.22934693E+000  0.34247355E+001  0.16556435E+002  0.33207094E+002  0.10316523E+003  0.17234828E+003
 -0.48122029E+000 -0.23336800E+000 -0.54907296E-002 -0.45312974E-002 -0.16530010E-002  0.22934693E+000  0.34247355E+001  0.16556435E+002  0.33206340E+002  0.10316523E+003  0.17234828E+003
 -0.48122029E+000 -0.23336785E+000 -0.54907294E-002 -0.45312971E-002 -0.16530003E-002  0.22934694E+000  0.34247355E+001  0.16556435E+002  0.33205612E+002  0.10316522E+003  0.17234828E+003
 -0.48122028E+000 -0.23336771E+000 -0.54907292E-002 -0.45312968E-002 -0.16529996E-002  0.22934694E+000  0.34247355E+001  0.16556435E+002  0.33204908E+002  0.10316522E+003  0.17234828E+003
 -0.48122027E+000 -0.23336757E+000 -0.54907290E-002 -0.45312965E-002 -0.16529990E-002  0.22934694E+000  0.34247355E+001  0.16556435E+002  0.33204228E+002  0.10316522E+003  0.17234828E+003
 -0.48122027E+000 -0.23336744E+000 -0.54907288E-002 -0.45312962E-002 -0.16529984E-002  0.22934695E+000  0.34247355E+001  0.16556435E+002  0.33203571E+002  0.10316522E+003  0.17234828E+003
 -0.48122026E+000 -0.23336732E+000 -0.54907286E-002 -0.45312959E-002 -0.16529979E-002  0.22934695E+000  0.34247355E+001  0.16556435E+002  0.33202937E+002  0.10316522E+003  0.17234828E+003
 -0.48122025E+000 -0.23336721E+000 -0.54907285E-002 -0.45312957E-002 -0.16529974E-002  0.22934695E+000  0.34247355E+001  0.16556435E+002  0.33202326E+002  0.10316522E+003  0.17234827E+003
 -0.48122025E+000 -0.23336710E+000 -0.54907283E-002 -0.45312955E-002 -0.16529970E-002  0.22934695E+000  0.34247355E+001  0.16556435E+002  0.33201736E+002  0.10316522E+003  0.17234827E+003
 -0.48122025E+000 -0.23336700E+000 -0.54907282E-002 -0.45312953E-002 -0.16529966E-002  0.22934696E+000  0.34247355E+001  0.16556435E+002  0.33201166E+002  0.10316522E+003  0.17234827E+003
 -0.48122024E+000 -0.23336691E+000 -0.54907281E-002 -0.45312951E-002 -0.16529963E-002  0.22934696E+000  0.34247355E+001  0.16556435E+002  0.33200617E+002  0.10316522E+003  0.17234827E+003
 -0.48122024E+000 -0.23336683E+000 -0.54907280E-002 -0.45312950E-002 -0.16529961E-002  0.22934696E+000  0.34247355E+001  0.16556435E+002  0.33200088E+002  0.10316522E+003  0.17234827E+003
 -0.48122023E+000 -0.23336676E+000 -0.54907279E-002 -0.45312948E-002 -0.16529958E-002  0.22934696E+000  0.34247355E+001  0.16556435E+002  0.33199577E+002  0.10316521E+003  0.17234827E+003
 -0.48122023E+000 -0.23336669E+000 -0.54907278E-002 -0.45312947E-002 -0.16529957E-002  0.22934696E+000  0.34247355E+001  0.16556435E+002  0.33199085E+002  0.10316521E+003  0.17234827E+003
 -0.48122023E+000 -0.23336664E+000 -0.54907277E-002 -0.45312947E-002 -0.16529956E-002  0.22934696E+000  0.34247355E+001  0.16556435E+002  0.33198610E+002  0.10316521E+003  0.17234827E+003
 -0.48122023E+000 -0.23336659E+000 -0.54907276E-002 -0.45312946E-002 -0.16529955E-002  0.22934696E+000  0.34247355E+001  0.16556435E+002  0.33198152E+002  0.10316521E+003  0.17234827E+003
 -0.48122023E+000 -0.23336655E+000 -0.54907276E-002 -0.45312945E-002 -0.16529955E-002  0.22934696E+000  0.34247355E+001  0.16556435E+002  0.33197711E+002  0.10316521E+003  0.17234827E+003
 -0.48122022E+000 -0.23336651E+000 -0.54907276E-002 -0.45312945E-002 -0.16529955E-002  0.22934696E+000  0.34247355E+001  0.16556435E+002  0.33197286E+002  0.10316521E+003  0.17234826E+003
 -0.48122022E+000 -0.23336649E+000 -0.54907275E-002 -0.45312945E-002 -0.16529956E-002  0.22934697E+000  0.34247355E+001  0.16556435E+002  0.33196875E+002  0.10316521E+003  0.17234826E+003
 -0.48122022E+000 -0.23336647E+000 -0.54907275E-002 -0.45312945E-002 -0.16529957E-002  0.22934697E+000  0.34247355E+001  0.16556435E+002  0.33196479E+002  0.10316521E+003  0.17234826E+003
 -0.48122022E+000 -0.23336646E+000 -0.54907275E-002 -0.45312946E-002 -0.16529958E-002  0.22934697E+000  0.34247355E+001  0.16556435E+002  0.33196098E+002  0.10316521E+003  0.17234826E+003
 -0.48122022E+000 -0.23336646E+000 -0.54907275E-002 -0.45312946E-002 -0.16529960E-002  0.22934696E+000  0.34247355E+001  0.16556435E+002  0.33195730E+002  0.10316521E+003  0.17234826E+003
 -0.48122022E+000 -0.23336647E+000 -0.54907275E-002 -0.45312947E-002 -0.16529963E-002  0.22934696E+000  0.34247355E+001  0.16556435E+002  0.33195374E+002  0.10316521E+003  0.17234826E+003
 -0.48122023E+000 -0.23336648E+000 -0.54907275E-002 -0.45312948E-002 -0.16529965E-002  0.22934696E+000  0.34247355E+001  0.16556435E+002  0.33195031E+002  0.10316521E+003  0.17234826E+003
 -0.48122023E+000 -0.23336650E+000 -0.54907276E-002 -0.45312949E-002 -0.16529968E-002  0.22934696E+000  0.34247355E+001  0.16556435E+002  0.33194700E+002  0.10316521E+003  0.17234826E+003
 -0.48122023E+000 -0.23336653E+000 -0.54907276E-002 -0.45312950E-002 -0.16529972E-002  0.22934696E+000  0.34247355E+001  0.16556435E+002  0.33194381E+002  0.10316521E+003  0.17234826E+003
 -0.48122023E+000 -0.23336656E+000 -0.54907276E-002 -0.45312951E-002 -0.16529975E-002  0.22934696E+000  0.34247355E+001  0.16556435E+002  0.33194072E+002  0.10316520E+003  0.17234826E+003
 -0.48122023E+000 -0.23336659E+000 -0.54907277E-002 -0.45312952E-002 -0.16529979E-002  0.22934696E+000  0.34247355E+001  0.16556435E+002  0.33193774E+002  0.10316520E+003  0.17234826E+003
 -0.48122023E+000 -0.23336664E+000 -0.54907278E-002 -0.45312954E-002 -0.16529983E-002  0.22934696E+000  0.34247355E+001  0.16556435E+002  0.33193486E+002  0.10316520E+003  0.17234826E+003
 -0.48122024E+000 -0.23336668E+000 -0.54907278E-002 -0.45312955E-002 -0.16529987E-002  0.22934696E+000  0.34247355E+001  0.16556435E+002  0.33193208E+002  0.10316520E+003  0.17234825E+003
 -0.48122024E+000 -0.23336674E+000 -0.54907279E-002 -0.45312957E-002 -0.16529992E-002  0.22934696E+000  0.34247355E+001  0.16556435E+002  0.33192939E+002  0.10316520E+003  0.17234825E+003
 -0.48122024E+000 -0.23336679E+000 -0.54907280E-002 -0.45312959E-002 -0.16529996E-002  0.22934695E+000  0.34247355E+001  0.16556435E+002  0.33192679E+002  0.10316520E+003  0.17234825E+003
 -0.48122025E+000 -0.23336685E+000 -0.54907281E-002 -0.45312961E-002 -0.16530001E-002  0.22934695E+000  0.34247355E+001  0.16556435E+002  0.33192427E+002  0.10316520E+003  0.17234825E+003
 -0.48122025E+000 -0.23336692E+000 -0.54907282E-002 -0.45312963E-002 -0.16530006E-002  0.22934695E+000  0.34247355E+001  0.16556435E+002  0.33192184E+002  0.10316520E+003  0.17234825E+003
 -0.48122025E+000 -0.23336698E+000 -0.54907283E-002 -0.45312965E-002 -0.16530011E-002  0.22934695E+000  0.34247355E+001  0.16556435E+002  0.33191948E+002  0.10316520E+003  0.17234825E+003
 -0.48122026E+000 -0.23336705E+000 -0.54907284E-002 -0.45312967E-002 -0.16530016E-002  0.22934695E+000  0.34247355E+001  0.16556435E+002  0.33191720E+002  0.10316520E+003  0.17234825E+003
 -0.48122026E+000 -0.23336713E+000 -0.54907285E-002 -0.45312969E-002 -0.16530022E-002  0.22934694E+000  0.34247355E+001  0.16556435E+002  0.33191499E+002  0.10316520E+003  0.17234825E+003
 -0.48122026E+000 -0.23336720E+000 -0.54907286E-002 -0.45312971E-002 -0.16530027E-002  0.22934694E+000  0.34247355E+001  0.16556435E+002  0.33191286E+002  0.10316520E+003  0.17234825E+003
 -0.48122027E+000 -0.23336728E+000 -0.54907287E-002 -0.45312973E-002 -0.16530032E-002  0.22934694E+000  0.34247355E+001  0.16556435E+002  0.33191078E+002  0.10316520E+003  0.17234825E+003
 -0.48122027E+000 -0.23336736E+000 -0.54907288E-002 -0.45312975E-002 -0.16530038E-002  0.22934694E+000  0.34247355E+001  0.16556435E+002  0.33190878E+002  0.10316520E+003  0.17234825E+003
 -0.48122028E+000 -0.23336744E+000 -0.54907289E-002 -0.45312977E-002 -0.16530043E-002  0.22934694E+000  0.34247354E+001  0.16556435E+002  0.33190683E+002  0.10316520E+003  0.17234825E+003
 -0.48122028E+000 -0.23336752E+000 -0.54907290E-002 -0.45312979E-002 -0.16530048E-002  0.22934693E+000  0.34247354E+001  0.16556435E+002  0.33190495E+002  0.10316520E+003  0.17234825E+003
 -0.48122028E+000 -0.23336760E+000 -0.54907291E-002 -0.45312982E-002 -0.16530053E-002  0.22934693E+000  0.34247354E+001  0.16556435E+002  0.33190313E+002  0.10316520E+003  0.17234825E+003
 -0.48122029E+000 -0.23336768E+000 -0.54907292E-002 -0.45312984E-002 -0.16530059E-002  0.22934693E+000  0.34247354E+001  0.16556435E+002  0.33190136E+002  0.10316520E+003  0.17234825E+003
 -0.48122029E+000 -0.23336776E+000 -0.54907294E-002 -0.45312986E-002 -0.16530064E-002  0.22934693E+000  0.34247354E+001  0.16556435E+002  0.33189964E+002  0.10316520E+003  0.17234825E+003
 -0.48122030E+000 -0.23336784E+000 -0.54907295E-002 -0.45312988E-002 -0.16530069E-002  0.22934692E+000  0.34247354E+001  0.16556435E+002  0.33189798E+002  0.10316520E+003  0.17234825E+003
 -0.48122030E+000 -0.23336792E+000 -0.54907296E-002 -0.45312990E-002 -0.16530074E-002  0.22934692E+000  0.34247354E+001  0.16556435E+002  0.33189636E+002  0.10316520E+003  0.17234825E+003
 -0.48122030E+000 -0.23336800E+000 -0.54907297E-002 -0.45312992E-002 -0.16530079E-002  0.22934692E+000  0.34247354E+001  0.16556435E+002  0.33189480E+002  0.10316520E+003  0.17234825E+003
 -0.48122031E+000 -0.23336808E+000 -0.54907298E-002 -0.45312994E-002 -0.16530084E-002  0.22934692E+000  0.34247354E+001  0.16556435E+002  0.33189328E+002  0.10316520E+003  0.17234825E+003
 -0.48122031E+000 -0.23336814E+000 -0.54907299E-002 -0.45312996E-002 -0.16530089E-002  0.22934691E+000  0.34247354E+001  0.16556435E+002  0.33189181E+002  0.10316520E+003  0.17234825E+003
 -0.48122032E+000 -0.23336824E+000 -0.54907300E-002 -0.45312998E-002 -0.16530093E-002  0.22934691E+000  0.34247354E+001  0.16556435E+002  0.33189038E+002  0.10316520E+003  0.17234824E+003
