  0.19205017E+000  0.21878316E+000  0.35547670E+000  0.51863641E+000  0.85884363E+000  0.97802947E+000  0.13448295E+001  0.24995915E+001  0.41161585E+001  0.59829999E+001  0.95099332E+001
  0.19204987E+000  0.21858077E+000  0.35482565E+000  0.51801151E+000  0.85885602E+000  0.97801627E+000  0.13434609E+001  0.24946252E+001  0.41154251E+001  0.59429224E+001  0.94448610E+001
  0.19204299E+000  0.21844805E+000  0.35440788E+000  0.51757862E+000  0.85883850E+000  0.97803898E+000  0.13425286E+001  0.24915090E+001  0.41148176E+001  0.59187278E+001  0.94047098E+001
  0.19204288E+000  0.21834689E+000  0.35411573E+000  0.51725104E+000  0.85885726E+000  0.97785658E+000  0.13397785E+001  0.24889716E+001  0.41149081E+001  0.59004990E+001  0.93751874E+001
  0.19205571E+000  0.21826734E+000  0.35389739E+000  0.51703774E+000  0.85883629E+000  0.97799685E+000  0.13372328E+001  0.24871211E+001  0.41151910E+001  0.58864035E+001  0.93519266E+001
  0.19204411E+000  0.21820244E+000  0.35370812E+000  0.51687829E+000  0.85884328E+000  0.97798672E+000  0.13365802E+001  0.24856929E+001  0.41164018E+001  0.58750673E+001  0.93330310E+001
  0.19204541E+000  0.21815104E+000  0.35355234E+000  0.51671872E+000  0.85888442E+000  0.97800628E+000  0.13361080E+001  0.24846546E+001  0.41159240E+001  0.58651394E+001  0.93175133E+001
  0.19204835E+000  0.21810515E+000  0.35342653E+000  0.51654772E+000  0.85883574E+000  0.97801226E+000  0.13350526E+001  0.24833897E+001  0.41162993E+001  0.58576234E+001  0.93046592E+001
  0.19205885E+000  0.21806801E+000  0.35331914E+000  0.51649428E+000  0.85888058E+000  0.97775990E+000  0.13339882E+001  0.24827193E+001  0.41166475E+001  0.58507531E+001  0.92939914E+001
  0.19204778E+000  0.21803785E+000  0.35323497E+000  0.51640218E+000  0.85882060E+000  0.97798817E+000  0.13328466E+001  0.24821437E+001  0.41171064E+001  0.58454433E+001  0.92912470E+001
  0.19204865E+000  0.21801116E+000  0.35316068E+000  0.51633649E+000  0.85881817E+000  0.97779254E+000  0.13322611E+001  0.24815380E+001  0.41172529E+001  0.58410687E+001  0.92915435E+001
  0.19204946E+000  0.21798937E+000  0.35310006E+000  0.51627554E+000  0.85883785E+000  0.97801866E+000  0.13315170E+001  0.24810706E+001  0.41171970E+001  0.58369609E+001  0.92917416E+001
  0.19205343E+000  0.21797119E+000  0.35304856E+000  0.51615267E+000  0.85882202E+000  0.97800163E+000  0.13310288E+001  0.24806597E+001  0.41170482E+001  0.58336922E+001  0.92919348E+001
  0.19205094E+000  0.21795597E+000  0.35304913E+000  0.51598049E+000  0.85885639E+000  0.97798722E+000  0.13303381E+001  0.24798004E+001  0.41167242E+001  0.58313822E+001  0.92922396E+001
  0.19205252E+000  0.21794323E+000  0.35307237E+000  0.51585919E+000  0.85886015E+000  0.97797505E+000  0.13301965E+001  0.24800530E+001  0.41172319E+001  0.58292112E+001  0.92922435E+001
  0.19206341E+000  0.21792628E+000  0.35306894E+000  0.51575198E+000  0.85881050E+000  0.97796478E+000  0.13298184E+001  0.24798474E+001  0.41168991E+001  0.58269754E+001  0.92925173E+001
  0.19205879E+000  0.21792306E+000  0.35309330E+000  0.51565577E+000  0.85886221E+000  0.97801267E+000  0.13295460E+001  0.24795936E+001  0.41166235E+001  0.58254029E+001  0.92927226E+001
  0.19206029E+000  0.21790840E+000  0.35310642E+000  0.51557892E+000  0.85880803E+000  0.97798656E+000  0.13293124E+001  0.24794861E+001  0.41165199E+001  0.58244355E+001  0.92926690E+001
  0.19205411E+000  0.21790168E+000  0.35312348E+000  0.51551369E+000  0.85880728E+000  0.97794244E+000  0.13291553E+001  0.24791677E+001  0.41166448E+001  0.58229969E+001  0.92924375E+001
  0.19205425E+000  0.21789783E+000  0.35312937E+000  0.51545838E+000  0.85880664E+000  0.97793730E+000  0.13289569E+001  0.24790078E+001  0.41167576E+001  0.58220898E+001  0.92926577E+001
  0.19205469E+000  0.21789927E+000  0.35311787E+000  0.51541345E+000  0.85880610E+000  0.97799722E+000  0.13288767E+001  0.24789545E+001  0.41168599E+001  0.58213413E+001  0.92929769E+001
  0.19205511E+000  0.21789696E+000  0.35315010E+000  0.51536776E+000  0.85883383E+000  0.97792945E+000  0.13287861E+001  0.24789431E+001  0.41169533E+001  0.58207273E+001  0.92932202E+001
  0.19205683E+000  0.21789406E+000  0.35314867E+000  0.51535457E+000  0.85888443E+000  0.97792651E+000  0.13286683E+001  0.24789371E+001  0.41170388E+001  0.58202281E+001  0.92925274E+001
  0.19205999E+000  0.21789177E+000  0.35316077E+000  0.51530614E+000  0.85880493E+000  0.97792411E+000  0.13286231E+001  0.24789358E+001  0.41171176E+001  0.58198263E+001  0.92931387E+001
  0.19205625E+000  0.21788998E+000  0.35314768E+000  0.51528745E+000  0.85880465E+000  0.97792215E+000  0.13285622E+001  0.24785607E+001  0.41171906E+001  0.58195074E+001  0.92934063E+001
  0.19205933E+000  0.21788863E+000  0.35316599E+000  0.51527291E+000  0.85880442E+000  0.97798481E+000  0.13285323E+001  0.24785189E+001  0.41172584E+001  0.58192588E+001  0.92934920E+001
  0.19205692E+000  0.21788765E+000  0.35318249E+000  0.51526189E+000  0.85880423E+000  0.97795566E+000  0.13284991E+001  0.24784878E+001  0.41173218E+001  0.58190999E+001  0.92932302E+001
  0.19205724E+000  0.21788697E+000  0.35314938E+000  0.51525386E+000  0.85880407E+000  0.97798268E+000  0.13283959E+001  0.24784658E+001  0.41173813E+001  0.58190372E+001  0.92936787E+001
  0.19205754E+000  0.21788655E+000  0.35315781E+000  0.51525549E+000  0.85880393E+000  0.97801066E+000  0.13283836E+001  0.24784512E+001  0.41174372E+001  0.58189990E+001  0.92916417E+001
  0.19205783E+000  0.21788635E+000  0.35317231E+000  0.51526247E+000  0.85880382E+000  0.97792792E+000  0.13283760E+001  0.24784429E+001  0.41174901E+001  0.58189812E+001  0.92916570E+001
  0.19206053E+000  0.21788632E+000  0.35318641E+000  0.51527039E+000  0.85880373E+000  0.97793095E+000  0.13283723E+001  0.24784398E+001  0.41175401E+001  0.58189803E+001  0.92916766E+001
  0.19206341E+000  0.21788644E+000  0.35320013E+000  0.51525751E+000  0.85880365E+000  0.97793383E+000  0.13283718E+001  0.24784410E+001  0.41175876E+001  0.58189931E+001  0.92917015E+001
  0.19205864E+000  0.21788668E+000  0.35315701E+000  0.51526395E+000  0.85880359E+000  0.97794647E+000  0.13283739E+001  0.24784457E+001  0.41176327E+001  0.58190170E+001  0.92917324E+001
  0.19206206E+000  0.21788702E+000  0.35315880E+000  0.51527089E+000  0.85881988E+000  0.97798698E+000  0.13283780E+001  0.24784532E+001  0.41176758E+001  0.58190498E+001  0.92917700E+001
  0.19206209E+000  0.21788743E+000  0.35317662E+000  0.51524780E+000  0.85884074E+000  0.97794166E+000  0.13283837E+001  0.24784629E+001  0.41177169E+001  0.58190896E+001  0.92918145E+001
  0.19205937E+000  0.21788792E+000  0.35319500E+000  0.51525087E+000  0.85886046E+000  0.97794404E+000  0.13283907E+001  0.24784744E+001  0.41177563E+001  0.58191348E+001  0.92918661E+001
  0.19205960E+000  0.21788844E+000  0.35321274E+000  0.51525439E+000  0.85887913E+000  0.97794631E+000  0.13283986E+001  0.24784871E+001  0.41177940E+001  0.58191841E+001  0.92919247E+001
  0.19206016E+000  0.21788900E+000  0.35319139E+000  0.51525825E+000  0.85883356E+000  0.97794849E+000  0.13284072E+001  0.24785009E+001  0.41178302E+001  0.58192363E+001  0.92917167E+001
  0.19206257E+000  0.21788958E+000  0.35321015E+000  0.51526235E+000  0.85884974E+000  0.97795058E+000  0.13284163E+001  0.24785154E+001  0.41178651E+001  0.58192905E+001  0.92917602E+001
  0.19206576E+000  0.21789018E+000  0.35318286E+000  0.51526661E+000  0.85886563E+000  0.97795259E+000  0.13284289E+001  0.24785304E+001  0.41178987E+001  0.58193459E+001  0.92918104E+001
  0.19206278E+000  0.21789079E+000  0.35319874E+000  0.51527099E+000  0.85888119E+000  0.97796001E+000  0.13284480E+001  0.24785456E+001  0.41179313E+001  0.58194021E+001  0.92918669E+001
  0.19206362E+000  0.21789141E+000  0.35321421E+000  0.51527542E+000  0.85880340E+000  0.97798114E+000  0.13285419E+001  0.24785610E+001  0.41179628E+001  0.58194585E+001  0.92919293E+001
  0.19206445E+000  0.21789203E+000  0.35322933E+000  0.51527987E+000  0.85880341E+000  0.97800171E+000  0.13285521E+001  0.24785765E+001  0.41179934E+001  0.58195149E+001  0.92919973E+001
  0.19206525E+000  0.21789266E+000  0.35317692E+000  0.51528431E+000  0.85880342E+000  0.97796001E+000  0.13285621E+001  0.24785919E+001  0.41180232E+001  0.58195708E+001  0.92920705E+001
  0.19206604E+000  0.21789328E+000  0.35317860E+000  0.51528872E+000  0.85880343E+000  0.97796174E+000  0.13285720E+001  0.24786072E+001  0.41180524E+001  0.58196263E+001  0.92921487E+001
  0.19206138E+000  0.21789390E+000  0.35318426E+000  0.51529309E+000  0.85880345E+000  0.97796343E+000  0.13285818E+001  0.24786223E+001  0.41180809E+001  0.58196810E+001  0.92922314E+001
  0.19206156E+000  0.21789005E+000  0.35319440E+000  0.51529741E+000  0.85880347E+000  0.97796510E+000  0.13285914E+001  0.24786372E+001  0.41181090E+001  0.58197351E+001  0.92923184E+001
  0.19206174E+000  0.21789101E+000  0.35320450E+000  0.51530166E+000  0.85880349E+000  0.97796674E+000  0.13286008E+001  0.24786519E+001  0.41181368E+001  0.58197883E+001  0.92924096E+001
  0.19206191E+000  0.21789196E+000  0.35321461E+000  0.51530586E+000  0.85880351E+000  0.97798437E+000  0.13286100E+001  0.24786665E+001  0.41181642E+001  0.58198408E+001  0.92912930E+001
  0.19206208E+000  0.21789291E+000  0.35322474E+000  0.51530998E+000  0.85880353E+000  0.97800565E+000  0.13286191E+001  0.24786807E+001  0.41181913E+001  0.58198925E+001  0.92913246E+001
  0.19206226E+000  0.21789386E+000  0.35323494E+000  0.51531403E+000  0.85880356E+000  0.97797156E+000  0.13286279E+001  0.24786948E+001  0.41182182E+001  0.58199434E+001  0.92913598E+001
  0.19206243E+000  0.21789481E+000  0.35324521E+000  0.51531801E+000  0.85880358E+000  0.97797314E+000  0.13286454E+001  0.24787086E+001  0.41182449E+001  0.58199935E+001  0.92913984E+001
  0.19206260E+000  0.21789576E+000  0.35320023E+000  0.51532191E+000  0.85880360E+000  0.97797470E+000  0.13286629E+001  0.24787221E+001  0.41182715E+001  0.58200427E+001  0.92914401E+001
  0.19206276E+000  0.21789671E+000  0.35320961E+000  0.51532600E+000  0.85880362E+000  0.97797626E+000  0.13286803E+001  0.24787354E+001  0.41182978E+001  0.58200911E+001  0.92914848E+001
  0.19206293E+000  0.21789765E+000  0.35321908E+000  0.51533087E+000  0.85880364E+000  0.97797779E+000  0.13286974E+001  0.24787484E+001  0.41183238E+001  0.58201455E+001  0.92915322E+001
  0.19206309E+000  0.21789859E+000  0.35322860E+000  0.51533566E+000  0.85880366E+000  0.97797931E+000  0.13287142E+001  0.24787610E+001  0.41183495E+001  0.58202053E+001  0.92915819E+001
  0.19206325E+000  0.21789952E+000  0.35323816E+000  0.51534036E+000  0.85880368E+000  0.97798080E+000  0.13287188E+001  0.24787734E+001  0.41183748E+001  0.58202635E+001  0.92916337E+001
  0.19206341E+000  0.21789894E+000  0.35324773E+000  0.51534496E+000  0.85880369E+000  0.97798227E+000  0.13287345E+001  0.24787854E+001  0.41183997E+001  0.58203202E+001  0.92916871E+001
  0.19206356E+000  0.21790040E+000  0.35325725E+000  0.51534943E+000  0.85880371E+000  0.97798370E+000  0.13286910E+001  0.24787970E+001  0.41184241E+001  0.58203751E+001  0.92917418E+001
  0.19206371E+000  0.21789359E+000  0.35324930E+000  0.51535379E+000  0.85880372E+000  0.97798510E+000  0.13286978E+001  0.24788082E+001  0.41184478E+001  0.58204281E+001  0.92917973E+001
  0.19206386E+000  0.21789406E+000  0.35325643E+000  0.51535801E+000  0.85880373E+000  0.97798645E+000  0.13287043E+001  0.24788190E+001  0.41184709E+001  0.58204793E+001  0.92918533E+001
  0.19206400E+000  0.21789452E+000  0.35326344E+000  0.51536208E+000  0.85880373E+000  0.97798776E+000  0.13287106E+001  0.24788294E+001  0.41184932E+001  0.58205283E+001  0.92919094E+001
  0.19206413E+000  0.21789496E+000  0.35327030E+000  0.51536599E+000  0.85880374E+000  0.97798902E+000  0.13287165E+001  0.24788393E+001  0.41185147E+001  0.58205753E+001  0.92919650E+001
  0.19206426E+000  0.21789538E+000  0.35325011E+000  0.51536974E+000  0.85880374E+000  0.97799023E+000  0.13287221E+001  0.24788488E+001  0.41185353E+001  0.58206201E+001  0.92849780E+001
  0.19206438E+000  0.21789578E+000  0.35325481E+000  0.51537331E+000  0.85880374E+000  0.97799138E+000  0.13287274E+001  0.24788577E+001  0.41185550E+001  0.58206627E+001  0.92850027E+001
  0.19206449E+000  0.21789616E+000  0.35325934E+000  0.51537671E+000  0.85880375E+000  0.97799248E+000  0.13287324E+001  0.24788662E+001  0.41185738E+001  0.58207030E+001  0.92850282E+001
  0.19206460E+000  0.21789651E+000  0.35326760E+000  0.51537993E+000  0.85880375E+000  0.97799352E+000  0.13287371E+001  0.24788742E+001  0.41185915E+001  0.58207410E+001  0.92850542E+001
  0.19206471E+000  0.21789685E+000  0.35326785E+000  0.51538297E+000  0.85881017E+000  0.97799449E+000  0.13287414E+001  0.24788817E+001  0.41186083E+001  0.58207768E+001  0.92850802E+001
  0.19206480E+000  0.21789716E+000  0.35327179E+000  0.51538582E+000  0.85881714E+000  0.97799541E+000  0.13287455E+001  0.24788886E+001  0.41186240E+001  0.58208102E+001  0.92851061E+001
  0.19206489E+000  0.21789746E+000  0.35327553E+000  0.51538849E+000  0.85882368E+000  0.97799627E+000  0.13287492E+001  0.24788952E+001  0.41186387E+001  0.58208414E+001  0.92851316E+001
  0.19206498E+000  0.21789773E+000  0.35327906E+000  0.51539097E+000  0.85882979E+000  0.97799707E+000  0.13287527E+001  0.24789031E+001  0.41186524E+001  0.58208704E+001  0.92851564E+001
  0.19206505E+000  0.21789798E+000  0.35324974E+000  0.51539327E+000  0.85883546E+000  0.97799781E+000  0.13287558E+001  0.24789113E+001  0.41186651E+001  0.58208972E+001  0.92851804E+001
  0.19206512E+000  0.21789821E+000  0.35325581E+000  0.51539539E+000  0.85884072E+000  0.97799849E+000  0.13287587E+001  0.24789189E+001  0.41186767E+001  0.58209219E+001  0.92851751E+001
  0.19206519E+000  0.21789842E+000  0.35326146E+000  0.51539735E+000  0.85884556E+000  0.97799912E+000  0.13287613E+001  0.24789258E+001  0.41186874E+001  0.58209445E+001  0.92851964E+001
  0.19206525E+000  0.21789861E+000  0.35326668E+000  0.51539913E+000  0.85885000E+000  0.97799969E+000  0.13287636E+001  0.24789321E+001  0.41186972E+001  0.58209651E+001  0.92852166E+001
  0.19206530E+000  0.21789878E+000  0.35327150E+000  0.51540076E+000  0.85885405E+000  0.97800021E+000  0.13287657E+001  0.24789378E+001  0.41187060E+001  0.58209839E+001  0.92852358E+001
  0.19206535E+000  0.21789893E+000  0.35327591E+000  0.51540223E+000  0.85885773E+000  0.97800067E+000  0.13287675E+001  0.24789430E+001  0.41187140E+001  0.58210008E+001  0.92852538E+001
  0.19206539E+000  0.21789907E+000  0.35327993E+000  0.51540355E+000  0.85886105E+000  0.97800110E+000  0.13287692E+001  0.24789476E+001  0.41187211E+001  0.58210160E+001  0.92842458E+001
  0.19206543E+000  0.21789919E+000  0.35328357E+000  0.51540474E+000  0.85886403E+000  0.97800147E+000  0.13287706E+001  0.24789518E+001  0.41187275E+001  0.58210297E+001  0.92842695E+001
  0.19206547E+000  0.21789929E+000  0.35326576E+000  0.51540579E+000  0.85886670E+000  0.97800579E+000  0.13287718E+001  0.24789555E+001  0.41187331E+001  0.58210418E+001  0.92842905E+001
  0.19206550E+000  0.21789938E+000  0.35326912E+000  0.51540672E+000  0.85886907E+000  0.97801025E+000  0.13287728E+001  0.24789587E+001  0.41187380E+001  0.58210525E+001  0.92843091E+001
  0.19206553E+000  0.21789946E+000  0.35327210E+000  0.51540754E+000  0.85887116E+000  0.97801419E+000  0.13287737E+001  0.24789616E+001  0.41187422E+001  0.58210619E+001  0.92843254E+001
  0.19206555E+000  0.21789953E+000  0.35327474E+000  0.51540825E+000  0.85887299E+000  0.97800258E+000  0.13287744E+001  0.24789640E+001  0.41187459E+001  0.58210701E+001  0.92843396E+001
  0.19206557E+000  0.21789958E+000  0.35327705E+000  0.51540887E+000  0.85887459E+000  0.97800278E+000  0.13287750E+001  0.24789661E+001  0.41187490E+001  0.58210771E+001  0.92843519E+001
  0.19206559E+000  0.21789962E+000  0.35327906E+000  0.51540940E+000  0.85887597E+000  0.97800294E+000  0.13287754E+001  0.24789679E+001  0.41187516E+001  0.58210832E+001  0.92843625E+001
  0.19206560E+000  0.21789966E+000  0.35328080E+000  0.51540984E+000  0.85887715E+000  0.97800308E+000  0.13287757E+001  0.24789695E+001  0.41187537E+001  0.58210884E+001  0.92843714E+001
  0.19206561E+000  0.21789969E+000  0.35328228E+000  0.51541022E+000  0.85887815E+000  0.97800320E+000  0.13287759E+001  0.24789707E+001  0.41187555E+001  0.58210927E+001  0.92843790E+001
  0.19206562E+000  0.21789971E+000  0.35328353E+000  0.51541053E+000  0.85887899E+000  0.97800330E+000  0.13287761E+001  0.24789717E+001  0.41187568E+001  0.58210963E+001  0.92843852E+001
  0.19206563E+000  0.21789972E+000  0.35328458E+000  0.51541078E+000  0.85887969E+000  0.97800338E+000  0.13287761E+001  0.24789726E+001  0.41187578E+001  0.58210992E+001  0.92843904E+001
  0.19206564E+000  0.21789973E+000  0.35328544E+000  0.51541098E+000  0.85888026E+000  0.97800344E+000  0.13287761E+001  0.24789732E+001  0.41187585E+001  0.58211016E+001  0.92843945E+001
  0.19206564E+000  0.21789973E+000  0.35328614E+000  0.51541113E+000  0.85888071E+000  0.97800349E+000  0.13287759E+001  0.24789737E+001  0.41187590E+001  0.58211034E+001  0.92843977E+001
  0.19206565E+000  0.21789973E+000  0.35328669E+000  0.51541125E+000  0.85888107E+000  0.97800353E+000  0.13287758E+001  0.24789740E+001  0.41187592E+001  0.58211048E+001  0.92844002E+001
  0.19206565E+000  0.21789973E+000  0.35328712E+000  0.51541133E+000  0.85888134E+000  0.97800355E+000  0.13287756E+001  0.24789742E+001  0.41187593E+001  0.58211058E+001  0.92844020E+001
  0.19206565E+000  0.21789972E+000  0.35328744E+000  0.51541138E+000  0.85888154E+000  0.97800357E+000  0.13287753E+001  0.24789744E+001  0.41187591E+001  0.58211065E+001  0.92844032E+001
  0.19206565E+000  0.21789971E+000  0.35328767E+000  0.51541141E+000  0.85888168E+000  0.97800358E+000  0.13287750E+001  0.24789744E+001  0.41187589E+001  0.58211070E+001  0.92844040E+001
  0.19206565E+000  0.21789970E+000  0.35328782E+000  0.51541142E+000  0.85888177E+000  0.97800358E+000  0.13287747E+001  0.24789744E+001  0.41187585E+001  0.58211072E+001  0.92844044E+001
  0.19206565E+000  0.21789968E+000  0.35328791E+000  0.51541141E+000  0.85888181E+000  0.97800358E+000  0.13287744E+001  0.24789743E+001  0.41187580E+001  0.58211072E+001  0.92844044E+001
  0.19206565E+000  0.21789967E+000  0.35328794E+000  0.51541139E+000  0.85888182E+000  0.97800358E+000  0.13287741E+001  0.24789741E+001  0.41187574E+001  0.58211070E+001  0.92844042E+001
  0.19206565E+000  0.21789965E+000  0.35328792E+000  0.51541136E+000  0.85888180E+000  0.97800357E+000  0.13287737E+001  0.24789740E+001  0.41187568E+001  0.58211068E+001  0.92844038E+001
  0.19206565E+000  0.21789964E+000  0.35328788E+000  0.51541132E+000  0.85888177E+000  0.97800356E+000  0.13287733E+001  0.24789738E+001  0.41187561E+001  0.58211064E+001  0.92844032E+001
  0.19206565E+000  0.21789962E+000  0.35328781E+000  0.51541127E+000  0.85888171E+000  0.97800355E+000  0.13287730E+001  0.24789735E+001  0.41187554E+001  0.58211060E+001  0.92844025E+001
  0.19206565E+000  0.21789961E+000  0.35328772E+000  0.51541122E+000  0.85888165E+000  0.97800354E+000  0.13287726E+001  0.24789733E+001  0.41187547E+001  0.58211056E+001  0.92844018E+001
  0.19206565E+000  0.21789959E+000  0.35328762E+000  0.51541117E+000  0.85888158E+000  0.97800353E+000  0.13287722E+001  0.24789731E+001  0.41187539E+001  0.58211051E+001  0.92844009E+001
  0.19206564E+000  0.21789957E+000  0.35328751E+000  0.51541112E+000  0.85888151E+000  0.97800352E+000  0.13287718E+001  0.24789728E+001  0.41187532E+001  0.58211046E+001  0.92844001E+001
  0.19206564E+000  0.21789956E+000  0.35328740E+000  0.51541106E+000  0.85888143E+000  0.97800351E+000  0.13287714E+001  0.24789726E+001  0.41187525E+001  0.58211041E+001  0.92843993E+001
  0.19206564E+000  0.21789955E+000  0.35328729E+000  0.51541101E+000  0.85888136E+000  0.97800350E+000  0.13287711E+001  0.24789724E+001  0.41187517E+001  0.58211036E+001  0.92843985E+001
  0.19206564E+000  0.21789953E+000  0.35328719E+000  0.51541096E+000  0.85888129E+000  0.97800349E+000  0.13287707E+001  0.24789722E+001  0.41187510E+001  0.58211032E+001  0.92819941E+001
  0.19206564E+000  0.21789952E+000  0.35328710E+000  0.51541092E+000  0.85888123E+000  0.97800348E+000  0.13287704E+001  0.24789719E+001  0.41187503E+001  0.58211027E+001  0.92819881E+001
  0.19206564E+000  0.21789951E+000  0.35328701E+000  0.51541087E+000  0.85888118E+000  0.97800347E+000  0.13287700E+001  0.24789717E+001  0.41187496E+001  0.58211023E+001  0.92819820E+001
  0.19206564E+000  0.21789950E+000  0.35328694E+000  0.51541083E+000  0.85888114E+000  0.97800346E+000  0.13287697E+001  0.24789716E+001  0.41187489E+001  0.58211019E+001  0.92819756E+001
  0.19206564E+000  0.21789949E+000  0.35328688E+000  0.51541080E+000  0.85888110E+000  0.97800346E+000  0.13287693E+001  0.24789714E+001  0.41187483E+001  0.58211016E+001  0.92819690E+001
  0.19206564E+000  0.21789948E+000  0.35328683E+000  0.51541076E+000  0.85888107E+000  0.97800346E+000  0.13287690E+001  0.24789712E+001  0.41187477E+001  0.58211013E+001  0.92819623E+001
  0.19206564E+000  0.21789947E+000  0.35328680E+000  0.51541074E+000  0.85888105E+000  0.97800345E+000  0.13287687E+001  0.24789711E+001  0.41187471E+001  0.58211010E+001  0.92819553E+001
  0.19206564E+000  0.21789946E+000  0.35328678E+000  0.51541071E+000  0.85888105E+000  0.97800345E+000  0.13287684E+001  0.24789710E+001  0.41187466E+001  0.58211008E+001  0.92819482E+001
  0.19206564E+000  0.21789945E+000  0.35328677E+000  0.51541069E+000  0.85888105E+000  0.97800345E+000  0.13287681E+001  0.24789709E+001  0.41187460E+001  0.58211006E+001  0.92819408E+001
  0.19206564E+000  0.21789945E+000  0.35328678E+000  0.51541068E+000  0.85888106E+000  0.97800346E+000  0.13287678E+001  0.24789708E+001  0.41187455E+001  0.58211005E+001  0.92819333E+001
  0.19206564E+000  0.21789944E+000  0.35328680E+000  0.51541066E+000  0.85888108E+000  0.97800346E+000  0.13287676E+001  0.24789707E+001  0.41187451E+001  0.58211004E+001  0.92819255E+001
  0.19206564E+000  0.21789944E+000  0.35328684E+000  0.51541065E+000  0.85888111E+000  0.97800347E+000  0.13287673E+001  0.24789706E+001  0.41187446E+001  0.58211003E+001  0.92819176E+001
  0.19206564E+000  0.21789943E+000  0.35328689E+000  0.51541065E+000  0.85888115E+000  0.97800347E+000  0.13287670E+001  0.24789706E+001  0.41187442E+001  0.58211002E+001  0.92819095E+001
  0.19206564E+000  0.21789943E+000  0.35328695E+000  0.51541065E+000  0.85888119E+000  0.97800348E+000  0.13287668E+001  0.24789706E+001  0.41187438E+001  0.58211002E+001  0.92819013E+001
  0.19206564E+000  0.21789943E+000  0.35328703E+000  0.51541065E+000  0.85888125E+000  0.97800349E+000  0.13287666E+001  0.24789705E+001  0.41187434E+001  0.58211002E+001  0.92818929E+001
  0.19206564E+000  0.21789942E+000  0.35328711E+000  0.51541065E+000  0.85888131E+000  0.97800350E+000  0.13287663E+001  0.24789705E+001  0.41187431E+001  0.58211003E+001  0.92818844E+001
  0.19206564E+000  0.21789942E+000  0.35328721E+000  0.51541066E+000  0.85888138E+000  0.97800351E+000  0.13287661E+001  0.24789705E+001  0.41187428E+001  0.58211003E+001  0.92818757E+001
  0.19206565E+000  0.21789942E+000  0.35328732E+000  0.51541067E+000  0.85888145E+000  0.97800352E+000  0.13287659E+001  0.24789705E+001  0.41187425E+001  0.58211004E+001  0.92818668E+001
  0.19206565E+000  0.21789942E+000  0.35328743E+000  0.51541069E+000  0.85888153E+000  0.97800353E+000  0.13287657E+001  0.24789706E+001  0.41187422E+001  0.58211006E+001  0.92818579E+001
  0.19206565E+000  0.21789942E+000  0.35328756E+000  0.51541070E+000  0.85888162E+000  0.97800354E+000  0.13287655E+001  0.24789706E+001  0.41187419E+001  0.58211007E+001  0.92818488E+001
  0.19206565E+000  0.21789942E+000  0.35328769E+000  0.51541072E+000  0.85888171E+000  0.97800356E+000  0.13287653E+001  0.24789706E+001  0.41187417E+001  0.58211008E+001  0.92818396E+001
  0.19206565E+000  0.21789942E+000  0.35328783E+000  0.51541074E+000  0.85888180E+000  0.97800357E+000  0.13287652E+001  0.24789707E+001  0.41183219E+001  0.58211010E+001  0.92818303E+001
  0.19206565E+000  0.21789942E+000  0.35328798E+000  0.51541076E+000  0.85888190E+000  0.97800359E+000  0.13287650E+001  0.24789707E+001  0.41176197E+001  0.58211012E+001  0.92818210E+001
  0.19206565E+000  0.21789942E+000  0.35320859E+000  0.51541078E+000  0.85888200E+000  0.97800360E+000  0.13287648E+001  0.24789708E+001  0.41169270E+001  0.58211014E+001  0.92818115E+001
  0.19206566E+000  0.21789942E+000  0.35320853E+000  0.51541080E+000  0.85888211E+000  0.97800362E+000  0.13287647E+001  0.24789709E+001  0.41162440E+001  0.58211016E+001  0.92818020E+001
  0.19206566E+000  0.21789942E+000  0.35320847E+000  0.51541083E+000  0.85888221E+000  0.97800363E+000  0.13287646E+001  0.24789709E+001  0.41159314E+001  0.58211018E+001  0.92817924E+001
  0.19206566E+000  0.21789943E+000  0.35320842E+000  0.51541085E+000  0.85888232E+000  0.97800365E+000  0.13287644E+001  0.24789710E+001  0.41158907E+001  0.58211020E+001  0.92817828E+001
  0.19206566E+000  0.21789943E+000  0.35320837E+000  0.51541088E+000  0.85888243E+000  0.97800366E+000  0.13287643E+001  0.24789711E+001  0.41158507E+001  0.58211022E+001  0.92817732E+001
  0.19206566E+000  0.21789943E+000  0.35320833E+000  0.51541091E+000  0.85888255E+000  0.97800368E+000  0.13287642E+001  0.24789712E+001  0.41158113E+001  0.58211025E+001  0.92817635E+001
  0.19206566E+000  0.21789943E+000  0.35320828E+000  0.51541094E+000  0.85888266E+000  0.97800370E+000  0.13287640E+001  0.24789713E+001  0.41157726E+001  0.58211027E+001  0.92817538E+001
  0.19206567E+000  0.21789944E+000  0.35320824E+000  0.51541096E+000  0.85888277E+000  0.97800371E+000  0.13287639E+001  0.24789714E+001  0.41157346E+001  0.58211029E+001  0.92817441E+001
  0.19206567E+000  0.21789944E+000  0.35320821E+000  0.51541099E+000  0.85888289E+000  0.97800373E+000  0.13287638E+001  0.24789714E+001  0.41156541E+001  0.58211032E+001  0.92817343E+001
  0.19206567E+000  0.21789944E+000  0.35320817E+000  0.51541102E+000  0.85888300E+000  0.97800375E+000  0.13287637E+001  0.24789715E+001  0.41154945E+001  0.58211034E+001  0.92817246E+001
  0.19206567E+000  0.21789944E+000  0.35320814E+000  0.51541105E+000  0.85888311E+000  0.97800376E+000  0.13287636E+001  0.24789716E+001  0.41153381E+001  0.58211036E+001  0.92817150E+001
  0.19206567E+000  0.21789945E+000  0.35320811E+000  0.51541108E+000  0.85888322E+000  0.97800378E+000  0.13287635E+001  0.24789717E+001  0.41151849E+001  0.58211038E+001  0.92817053E+001
  0.19206568E+000  0.21789945E+000  0.35320809E+000  0.51541111E+000  0.85888333E+000  0.97800379E+000  0.13287634E+001  0.24789718E+001  0.41150348E+001  0.58211040E+001  0.92816957E+001
  0.19206568E+000  0.21789945E+000  0.35320806E+000  0.51541113E+000  0.85888344E+000  0.97800381E+000  0.13287633E+001  0.24789719E+001  0.41148880E+001  0.58211043E+001  0.92816861E+001
  0.19206568E+000  0.21789946E+000  0.35320804E+000  0.51541116E+000  0.85888354E+000  0.97800382E+000  0.13287632E+001  0.24789720E+001  0.41147444E+001  0.58211045E+001  0.92803636E+001
  0.19206568E+000  0.21789946E+000  0.35320802E+000  0.51541119E+000  0.85888365E+000  0.97800384E+000  0.13287632E+001  0.24789720E+001  0.41146040E+001  0.58211047E+001  0.92800385E+001
  0.19206568E+000  0.21789946E+000  0.35320800E+000  0.51541121E+000  0.85888375E+000  0.97800385E+000  0.13287631E+001  0.24789721E+001  0.41142695E+001  0.58211048E+001  0.92797160E+001
  0.19206568E+000  0.21789946E+000  0.35320798E+000  0.51541123E+000  0.85888385E+000  0.97800386E+000  0.13287630E+001  0.24789722E+001  0.41135267E+001  0.58211050E+001  0.92793964E+001
  0.19206568E+000  0.21789947E+000  0.35320797E+000  0.51541126E+000  0.85888394E+000  0.97800387E+000  0.13287629E+001  0.24789723E+001  0.41134515E+001  0.58211052E+001  0.92790800E+001
  0.19206569E+000  0.21789947E+000  0.35320795E+000  0.51541128E+000  0.85888403E+000  0.97800389E+000  0.13287629E+001  0.24789723E+001  0.41133781E+001  0.58211053E+001  0.92785344E+001
  0.19206569E+000  0.21789947E+000  0.35320794E+000  0.51541130E+000  0.85888412E+000  0.97800390E+000  0.13287628E+001  0.24789724E+001  0.41133065E+001  0.58211055E+001  0.92785344E+001
  0.19206569E+000  0.21789947E+000  0.35320792E+000  0.51541132E+000  0.85888420E+000  0.97800391E+000  0.13287627E+001  0.24789724E+001  0.41132367E+001  0.58211056E+001  0.92785344E+001
  0.19206569E+000  0.21789948E+000  0.35320791E+000  0.51541134E+000  0.85888428E+000  0.97800392E+000  0.13287627E+001  0.24789725E+001  0.41131970E+001  0.58211057E+001  0.92785344E+001
  0.19206569E+000  0.21789948E+000  0.35320790E+000  0.51541136E+000  0.85888436E+000  0.97800393E+000  0.13287626E+001  0.24789725E+001  0.41131737E+001  0.58211058E+001  0.92785344E+001
  0.19206569E+000  0.21789948E+000  0.35320788E+000  0.51541137E+000  0.85888443E+000  0.97800394E+000  0.13287625E+001  0.24789726E+001  0.41131511E+001  0.58211059E+001  0.92763942E+001
  0.19206569E+000  0.21789948E+000  0.35320787E+000  0.51541139E+000  0.85880360E+000  0.97800395E+000  0.13287625E+001  0.24789726E+001  0.41131292E+001  0.58211060E+001  0.92762122E+001
  0.19206569E+000  0.21789948E+000  0.35320786E+000  0.51541140E+000  0.85880360E+000  0.97800395E+000  0.13287624E+001  0.24789727E+001  0.41131078E+001  0.58211061E+001  0.92760332E+001
  0.19206569E+000  0.21789948E+000  0.35320785E+000  0.51541141E+000  0.85880360E+000  0.97800396E+000  0.13287624E+001  0.24789727E+001  0.41130870E+001  0.58211061E+001  0.92758571E+001
  0.19206570E+000  0.21789948E+000  0.35320784E+000  0.51541142E+000  0.85880360E+000  0.97800397E+000  0.13287623E+001  0.24789727E+001  0.41130668E+001  0.58211061E+001  0.92756841E+001
  0.19206570E+000  0.21789948E+000  0.35320783E+000  0.51541143E+000  0.85880360E+000  0.97800397E+000  0.13287622E+001  0.24789727E+001  0.41130471E+001  0.58211062E+001  0.92755142E+001
  0.19206570E+000  0.21789949E+000  0.35320782E+000  0.51541144E+000  0.85880360E+000  0.97800398E+000  0.13287622E+001  0.24789727E+001  0.41130281E+001  0.58211062E+001  0.92753690E+001
  0.19206570E+000  0.21789949E+000  0.35320781E+000  0.51541145E+000  0.85880360E+000  0.97800398E+000  0.13287621E+001  0.24789728E+001  0.41130095E+001  0.58211062E+001  0.92752683E+001
  0.19206570E+000  0.21789949E+000  0.35320780E+000  0.51541145E+000  0.85880360E+000  0.97800399E+000  0.13287621E+001  0.24789728E+001  0.41129915E+001  0.58211062E+001  0.92751696E+001
  0.19206570E+000  0.21789949E+000  0.35320779E+000  0.51541145E+000  0.85880360E+000  0.97800399E+000  0.13287620E+001  0.24789728E+001  0.41129741E+001  0.58211061E+001  0.92750730E+001
  0.19206570E+000  0.21789949E+000  0.35320778E+000  0.51541146E+000  0.85880360E+000  0.97800399E+000  0.13287620E+001  0.24789727E+001  0.41129571E+001  0.58211061E+001  0.92749784E+001
  0.19206570E+000  0.21789949E+000  0.35320777E+000  0.51541146E+000  0.85880360E+000  0.97800400E+000  0.13287619E+001  0.24789727E+001  0.41129406E+001  0.58211061E+001  0.92748858E+001
  0.19206570E+000  0.21789949E+000  0.35320776E+000  0.51541146E+000  0.85880359E+000  0.97800400E+000  0.13287619E+001  0.24789727E+001  0.41129247E+001  0.58211060E+001  0.92748644E+001
  0.19206570E+000  0.21789948E+000  0.35320775E+000  0.51541146E+000  0.85880359E+000  0.97800400E+000  0.13287618E+001  0.24789727E+001  0.41129092E+001  0.58211059E+001  0.92748512E+001
  0.19206570E+000  0.21789948E+000  0.35320774E+000  0.51541145E+000  0.85880359E+000  0.97800400E+000  0.13287618E+001  0.24789727E+001  0.41128941E+001  0.58211058E+001  0.92748383E+001
  0.19206570E+000  0.21789948E+000  0.35320773E+000  0.51541145E+000  0.85880359E+000  0.97800400E+000  0.13287617E+001  0.24789726E+001  0.41118682E+001  0.58211058E+001  0.92748257E+001
  0.19206570E+000  0.21789948E+000  0.35320771E+000  0.51541145E+000  0.85880359E+000  0.97800400E+000  0.13287617E+001  0.24789726E+001  0.41118482E+001  0.58211057E+001  0.92748133E+001
  0.19206570E+000  0.21789948E+000  0.35320770E+000  0.51541144E+000  0.85880359E+000  0.97800400E+000  0.13287616E+001  0.24789726E+001  0.41118289E+001  0.58211056E+001  0.92748013E+001
  0.19206570E+000  0.21789948E+000  0.35320769E+000  0.51541143E+000  0.85880359E+000  0.97800400E+000  0.13287616E+001  0.24789725E+001  0.41118101E+001  0.58211055E+001  0.92747895E+001
  0.19206570E+000  0.21789948E+000  0.35320768E+000  0.51541143E+000  0.85880359E+000  0.97800400E+000  0.13287615E+001  0.24789725E+001  0.41117919E+001  0.58211053E+001  0.92747780E+001
  0.19206570E+000  0.21789948E+000  0.35320766E+000  0.51541142E+000  0.85880359E+000  0.97800399E+000  0.13287615E+001  0.24789724E+001  0.41117743E+001  0.58211052E+001  0.92747668E+001
  0.19206570E+000  0.21789947E+000  0.35320765E+000  0.51541141E+000  0.85880359E+000  0.97800399E+000  0.13287614E+001  0.24789724E+001  0.41117573E+001  0.58211051E+001  0.92747559E+001
  0.19206570E+000  0.21789947E+000  0.35320764E+000  0.51541140E+000  0.85880359E+000  0.97800399E+000  0.13287614E+001  0.24789723E+001  0.41117407E+001  0.58211050E+001  0.92747452E+001
  0.19206570E+000  0.21789947E+000  0.35320762E+000  0.51541139E+000  0.85880359E+000  0.97800399E+000  0.13287613E+001  0.24789723E+001  0.41117247E+001  0.58211048E+001  0.92747348E+001
  0.19206570E+000  0.21789947E+000  0.35320761E+000  0.51541138E+000  0.85880359E+000  0.97800398E+000  0.13287613E+001  0.24789722E+001  0.41117092E+001  0.58211047E+001  0.92747247E+001
  0.19206570E+000  0.21789947E+000  0.35320759E+000  0.51541137E+000  0.85880359E+000  0.97800398E+000  0.13287612E+001  0.24789722E+001  0.41116942E+001  0.58211046E+001  0.92747149E+001
  0.19206570E+000  0.21789946E+000  0.35320758E+000  0.51541136E+000  0.85880359E+000  0.97800397E+000  0.13287612E+001  0.24789721E+001  0.41116797E+001  0.58211044E+001  0.92747053E+001
  0.19206570E+000  0.21789946E+000  0.35320757E+000  0.51541134E+000  0.85880359E+000  0.97800397E+000  0.13287612E+001  0.24789720E+001  0.41116657E+001  0.58211043E+001  0.92746960E+001
  0.19206570E+000  0.21789946E+000  0.35320755E+000  0.51541133E+000  0.85880359E+000  0.97800397E+000  0.13287611E+001  0.24789720E+001  0.41116521E+001  0.58211041E+001  0.92746870E+001
  0.19206570E+000  0.21789946E+000  0.35320754E+000  0.51541132E+000  0.85880359E+000  0.97800396E+000  0.13287611E+001  0.24789719E+001  0.41116389E+001  0.58211040E+001  0.92746782E+001
  0.19206570E+000  0.21789945E+000  0.35320752E+000  0.51541131E+000  0.85880359E+000  0.97800396E+000  0.13287610E+001  0.24789718E+001  0.41116262E+001  0.58211039E+001  0.92746696E+001
  0.19206570E+000  0.21789945E+000  0.35320751E+000  0.51541129E+000  0.85880359E+000  0.97800395E+000  0.13287610E+001  0.24789718E+001  0.41116138E+001  0.58211037E+001  0.92746613E+001
  0.19206570E+000  0.21789945E+000  0.35320749E+000  0.51541128E+000  0.85880359E+000  0.97800395E+000  0.13287609E+001  0.24789717E+001  0.41116019E+001  0.58211036E+001  0.92746533E+001
  0.19206569E+000  0.21789945E+000  0.35320748E+000  0.51541127E+000  0.85880359E+000  0.97800394E+000  0.13287609E+001  0.24789717E+001  0.41115904E+001  0.58211035E+001  0.92746454E+001
  0.19206569E+000  0.21789944E+000  0.35320746E+000  0.51541126E+000  0.85880359E+000  0.97800394E+000  0.13287609E+001  0.24789716E+001  0.41115792E+001  0.58211033E+001  0.92746379E+001
  0.19206569E+000  0.21789944E+000  0.35320744E+000  0.51541124E+000  0.85880359E+000  0.97800394E+000  0.13287608E+001  0.24789715E+001  0.41115684E+001  0.58211032E+001  0.92746305E+001
  0.19206569E+000  0.21789944E+000  0.35320743E+000  0.51541123E+000  0.85880359E+000  0.97800393E+000  0.13287608E+001  0.24789715E+001  0.41115580E+001  0.58211031E+001  0.92746234E+001
  0.19206569E+000  0.21789944E+000  0.35320741E+000  0.51541122E+000  0.85880359E+000  0.97800393E+000  0.13287607E+001  0.24789714E+001  0.41115479E+001  0.58211029E+001  0.92746165E+001
  0.19206569E+000  0.21789943E+000  0.35320740E+000  0.51541121E+000  0.85880359E+000  0.97800392E+000  0.13287607E+001  0.24789713E+001  0.41115381E+001  0.58211028E+001  0.92746098E+001
  0.19206569E+000  0.21789943E+000  0.35320738E+000  0.51541119E+000  0.85880359E+000  0.97800392E+000  0.13287607E+001  0.24789713E+001  0.41115287E+001  0.58211027E+001  0.92746033E+001
  0.19206569E+000  0.21789943E+000  0.35320737E+000  0.51541118E+000  0.85880359E+000  0.97800391E+000  0.13287606E+001  0.24789712E+001  0.41115196E+001  0.58211026E+001  0.92745970E+001
  0.19206569E+000  0.21789943E+000  0.35320736E+000  0.51541117E+000  0.85880359E+000  0.97800391E+000  0.13287606E+001  0.24789712E+001  0.41115108E+001  0.58211025E+001  0.92745909E+001
  0.19206569E+000  0.21789942E+000  0.35320734E+000  0.51541116E+000  0.85880359E+000  0.97800390E+000  0.13287606E+001  0.24789711E+001  0.41115023E+001  0.58211024E+001  0.92745850E+001
  0.19206569E+000  0.21789942E+000  0.35320733E+000  0.51541115E+000  0.85880359E+000  0.97800390E+000  0.13287605E+001  0.24789710E+001  0.41114940E+001  0.58211023E+001  0.92745794E+001
  0.19206569E+000  0.21789942E+000  0.35320731E+000  0.51541114E+000  0.85888450E+000  0.97800389E+000  0.13287605E+001  0.24789710E+001  0.41114861E+001  0.58211022E+001  0.92745738E+001
  0.19206569E+000  0.21789942E+000  0.35320730E+000  0.51541114E+000  0.85880359E+000  0.97800388E+000  0.13287605E+001  0.24789709E+001  0.41114783E+001  0.58211021E+001  0.92745683E+001
  0.19206568E+000  0.21789941E+000  0.35320728E+000  0.51541113E+000  0.85880358E+000  0.97800387E+000  0.13287604E+001  0.24789709E+001  0.41114708E+001  0.58211020E+001  0.92745632E+001
