  0.00000000E+000  0.00000000E+000  0.00000000E+000  0.00000000E+000  0.00000000E+000  0.93662127E-001  0.19283099E+001  0.12499507E+002  0.31295227E+002  0.78686205E+002  0.15900738E+003
  0.00000000E+000  0.00000000E+000  0.00000000E+000  0.00000000E+000  0.00000000E+000  0.93712626E-001  0.19290500E+001  0.12506022E+002  0.31304103E+002  0.78729674E+002  0.15906898E+003
  0.00000000E+000  0.00000000E+000  0.00000000E+000  0.00000000E+000  0.00000000E+000  0.93750946E-001  0.19296117E+001  0.12511027E+002  0.31310818E+002  0.78762116E+002  0.15911498E+003
  0.00000000E+000  0.00000000E+000  0.00000000E+000  0.00000000E+000  0.00000000E+000  0.93780856E-001  0.19300582E+001  0.12515073E+002  0.31316202E+002  0.78787867E+002  0.15915156E+003
  0.00000000E+000  0.00000000E+000  0.00000000E+000  0.00000000E+000  0.00000000E+000  0.93804343E-001  0.19304182E+001  0.12518342E+002  0.31320600E+002  0.78808749E+002  0.15918131E+003
  0.00000000E+000  0.00000000E+000  0.00000000E+000  0.00000000E+000  0.00000000E+000  0.93822678E-001  0.19307094E+001  0.12520999E+002  0.31324223E+002  0.78825826E+002  0.15920571E+003
  0.00000000E+000  0.00000000E+000  0.00000000E+000  0.00000000E+000  0.00000000E+000  0.93836804E-001  0.19309436E+001  0.12523158E+002  0.31327172E+002  0.78839832E+002  0.15922579E+003
  0.00000000E+000  0.00000000E+000  0.00000000E+000  0.00000000E+000  0.00000000E+000  0.93847465E-001  0.19311306E+001  0.12524910E+002  0.31329572E+002  0.78851323E+002  0.15924233E+003
  0.00000000E+000  0.00000000E+000  0.00000000E+000  0.00000000E+000  0.00000000E+000  0.93855263E-001  0.19312786E+001  0.12526325E+002  0.31331516E+002  0.78860737E+002  0.15925595E+003
  0.00000000E+000  0.00000000E+000  0.00000000E+000  0.00000000E+000  0.00000000E+000  0.93860693E-001  0.19313941E+001  0.12527460E+002  0.31333091E+002  0.78868430E+002  0.15926714E+003
  0.00000000E+000  0.00000000E+000  0.00000000E+000  0.00000000E+000  0.00000000E+000  0.93864163E-001  0.19314827E+001  0.12528362E+002  0.31334358E+002  0.78874692E+002  0.15927631E+003
  0.00000000E+000  0.00000000E+000  0.00000000E+000  0.00000000E+000  0.00000000E+000  0.93866009E-001  0.19315486E+001  0.12529070E+002  0.31335368E+002  0.78879758E+002  0.15928379E+003
  0.00000000E+000  0.00000000E+000  0.00000000E+000  0.00000000E+000  0.00000000E+000  0.93866508E-001  0.19315957E+001  0.12529615E+002  0.31336163E+002  0.78883823E+002  0.15928986E+003
  0.00000000E+000  0.00000000E+000  0.00000000E+000  0.00000000E+000  0.00000000E+000  0.93865890E-001  0.19316268E+001  0.12530022E+002  0.31336777E+002  0.78887047E+002  0.15929474E+003
  0.00000000E+000  0.00000000E+000  0.00000000E+000  0.00000000E+000  0.00000000E+000  0.93864345E-001  0.19316445E+001  0.12530313E+002  0.31337240E+002  0.78889563E+002  0.15929862E+003
  0.00000000E+000  0.00000000E+000  0.00000000E+000  0.00000000E+000  0.00000000E+000  0.93862032E-001  0.19316510E+001  0.12530507E+002  0.31337575E+002  0.78891482E+002  0.15930166E+003
  0.00000000E+000  0.00000000E+000  0.00000000E+000  0.00000000E+000  0.00000000E+000  0.93859080E-001  0.19316478E+001  0.12530617E+002  0.31337801E+002  0.78892896E+002  0.15930398E+003
  0.00000000E+000  0.00000000E+000  0.00000000E+000  0.00000000E+000  0.00000000E+000  0.93855601E-001  0.19316365E+001  0.12530656E+002  0.31337937E+002  0.78893884E+002  0.15930570E+003
  0.00000000E+000  0.00000000E+000  0.00000000E+000  0.00000000E+000  0.00000000E+000  0.93851686E-001  0.19316183E+001  0.12530635E+002  0.31337996E+002  0.78894509E+002  0.15930690E+003
  0.00000000E+000  0.00000000E+000  0.00000000E+000  0.00000000E+000  0.00000000E+000  0.93847412E-001  0.19315942E+001  0.12530563E+002  0.31337991E+002  0.78894826E+002  0.15930767E+003
  0.00000000E+000  0.00000000E+000  0.00000000E+000  0.00000000E+000  0.00000000E+000  0.93842841E-001  0.19315651E+001  0.12530447E+002  0.31337930E+002  0.78894881E+002  0.15930807E+003
  0.00000000E+000  0.00000000E+000  0.00000000E+000  0.00000000E+000  0.00000000E+000  0.93838029E-001  0.19315317E+001  0.12530292E+002  0.31337822E+002  0.78894712E+002  0.15930816E+003
  0.00000000E+000  0.00000000E+000  0.00000000E+000  0.00000000E+000  0.00000000E+000  0.93833019E-001  0.19314945E+001  0.12530105E+002  0.31337674E+002  0.78894352E+002  0.15930798E+003
  0.00000000E+000  0.00000000E+000  0.00000000E+000  0.00000000E+000  0.00000000E+000  0.93827850E-001  0.19314542E+001  0.12529891E+002  0.31337491E+002  0.78893829E+002  0.15930757E+003
  0.00000000E+000  0.00000000E+000  0.00000000E+000  0.00000000E+000  0.00000000E+000  0.93822553E-001  0.19314110E+001  0.12529651E+002  0.31337278E+002  0.78893165E+002  0.15930696E+003
  0.00000000E+000  0.00000000E+000  0.00000000E+000  0.00000000E+000  0.00000000E+000  0.93817157E-001  0.19313655E+001  0.12529391E+002  0.31337039E+002  0.78892382E+002  0.15930619E+003
  0.00000000E+000  0.00000000E+000  0.00000000E+000  0.00000000E+000  0.00000000E+000  0.93811684E-001  0.19313180E+001  0.12529112E+002  0.31336779E+002  0.78891497E+002  0.15930528E+003
  0.00000000E+000  0.00000000E+000  0.00000000E+000  0.00000000E+000  0.00000000E+000  0.93806155E-001  0.19312686E+001  0.12528817E+002  0.31336499E+002  0.78890524E+002  0.15930425E+003
  0.00000000E+000  0.00000000E+000  0.00000000E+000  0.00000000E+000  0.00000000E+000  0.93800587E-001  0.19312176E+001  0.12528508E+002  0.31336202E+002  0.78889476E+002  0.15930313E+003
  0.00000000E+000  0.00000000E+000  0.00000000E+000  0.00000000E+000  0.00000000E+000  0.93794996E-001  0.19311653E+001  0.12528186E+002  0.31335892E+002  0.78888364E+002  0.15930192E+003
  0.00000000E+000  0.00000000E+000  0.00000000E+000  0.00000000E+000  0.00000000E+000  0.93789396E-001  0.19311119E+001  0.12527854E+002  0.31335569E+002  0.78887198E+002  0.15930064E+003
  0.00000000E+000  0.00000000E+000  0.00000000E+000  0.00000000E+000  0.00000000E+000  0.93783798E-001  0.19310574E+001  0.12527512E+002  0.31335235E+002  0.78885984E+002  0.15929930E+003
  0.00000000E+000  0.00000000E+000  0.00000000E+000  0.00000000E+000  0.00000000E+000  0.93778215E-001  0.19310020E+001  0.12527162E+002  0.31334891E+002  0.78884731E+002  0.15929791E+003
  0.00000000E+000  0.00000000E+000  0.00000000E+000  0.00000000E+000  0.00000000E+000  0.93772656E-001  0.19309459E+001  0.12526803E+002  0.31334540E+002  0.78883443E+002  0.15929649E+003
  0.00000000E+000  0.00000000E+000  0.00000000E+000  0.00000000E+000  0.00000000E+000  0.93767131E-001  0.19308891E+001  0.12526438E+002  0.31334181E+002  0.78882126E+002  0.15929504E+003
  0.00000000E+000  0.00000000E+000  0.00000000E+000  0.00000000E+000  0.00000000E+000  0.93761650E-001  0.19308318E+001  0.12526067E+002  0.31333815E+002  0.78880784E+002  0.15929356E+003
  0.00000000E+000  0.00000000E+000  0.00000000E+000  0.00000000E+000  0.00000000E+000  0.93756221E-001  0.19307740E+001  0.12525690E+002  0.31333444E+002  0.78879420E+002  0.15929206E+003
  0.00000000E+000  0.00000000E+000  0.00000000E+000  0.00000000E+000  0.00000000E+000  0.93750853E-001  0.19307159E+001  0.12525308E+002  0.31333068E+002  0.78878038E+002  0.15929055E+003
  0.00000000E+000  0.00000000E+000  0.00000000E+000  0.00000000E+000  0.00000000E+000  0.93745552E-001  0.19306576E+001  0.12524922E+002  0.31332687E+002  0.78876641E+002  0.15928903E+003
  0.00000000E+000  0.00000000E+000  0.00000000E+000  0.00000000E+000  0.00000000E+000  0.93740327E-001  0.19305990E+001  0.12524532E+002  0.31332301E+002  0.78875230E+002  0.15928750E+003
  0.00000000E+000  0.00000000E+000  0.00000000E+000  0.00000000E+000  0.00000000E+000  0.93735186E-001  0.19305404E+001  0.12524137E+002  0.31331913E+002  0.78873808E+002  0.15928597E+003
  0.00000000E+000  0.00000000E+000  0.00000000E+000  0.00000000E+000  0.00000000E+000  0.93730133E-001  0.19304817E+001  0.12523740E+002  0.31331521E+002  0.78872376E+002  0.15928444E+003
  0.00000000E+000  0.00000000E+000  0.00000000E+000  0.00000000E+000  0.00000000E+000  0.93725177E-001  0.19304230E+001  0.12523340E+002  0.31331125E+002  0.78870936E+002  0.15928291E+003
  0.00000000E+000  0.00000000E+000  0.00000000E+000  0.00000000E+000  0.00000000E+000  0.93720323E-001  0.19303645E+001  0.12522937E+002  0.31330728E+002  0.78869489E+002  0.15928138E+003
  0.00000000E+000  0.00000000E+000  0.00000000E+000  0.00000000E+000  0.00000000E+000  0.93715576E-001  0.19303061E+001  0.12522532E+002  0.31330328E+002  0.78868037E+002  0.15927987E+003
  0.00000000E+000  0.00000000E+000  0.00000000E+000  0.00000000E+000  0.00000000E+000  0.93710941E-001  0.19302480E+001  0.12522125E+002  0.31329925E+002  0.78866580E+002  0.15927836E+003
  0.00000000E+000  0.00000000E+000  0.00000000E+000  0.00000000E+000  0.00000000E+000  0.93706424E-001  0.19301902E+001  0.12521717E+002  0.31329521E+002  0.78865120E+002  0.15927686E+003
  0.00000000E+000  0.00000000E+000  0.00000000E+000  0.00000000E+000  0.00000000E+000  0.93702026E-001  0.19301329E+001  0.12521308E+002  0.31329116E+002  0.78863658E+002  0.15927538E+003
  0.00000000E+000  0.00000000E+000  0.00000000E+000  0.00000000E+000  0.00000000E+000  0.93697753E-001  0.19300760E+001  0.12520898E+002  0.31328709E+002  0.78862195E+002  0.15927391E+003
  0.00000000E+000  0.00000000E+000  0.00000000E+000  0.00000000E+000  0.00000000E+000  0.93693607E-001  0.19300197E+001  0.12520489E+002  0.31328302E+002  0.78860732E+002  0.15927245E+003
  0.00000000E+000  0.00000000E+000  0.00000000E+000  0.00000000E+000  0.00000000E+000  0.93689591E-001  0.19299641E+001  0.12520080E+002  0.31327894E+002  0.78859271E+002  0.15927102E+003
  0.00000000E+000  0.00000000E+000  0.00000000E+000  0.00000000E+000  0.00000000E+000  0.93685707E-001  0.19299092E+001  0.12519672E+002  0.31327486E+002  0.78857812E+002  0.15926961E+003
  0.00000000E+000  0.00000000E+000  0.00000000E+000  0.00000000E+000  0.00000000E+000  0.93681957E-001  0.19298551E+001  0.12519265E+002  0.31327079E+002  0.78856357E+002  0.15926822E+003
  0.00000000E+000  0.00000000E+000  0.00000000E+000  0.00000000E+000  0.00000000E+000  0.93678343E-001  0.19298020E+001  0.12518861E+002  0.31326671E+002  0.78854907E+002  0.15926685E+003
  0.00000000E+000  0.00000000E+000  0.00000000E+000  0.00000000E+000  0.00000000E+000  0.93674867E-001  0.19297498E+001  0.12518459E+002  0.31326265E+002  0.78853464E+002  0.15926551E+003
  0.00000000E+000  0.00000000E+000  0.00000000E+000  0.00000000E+000  0.00000000E+000  0.93671530E-001  0.19296987E+001  0.12518060E+002  0.31325860E+002  0.78852028E+002  0.15926420E+003
  0.00000000E+000  0.00000000E+000  0.00000000E+000  0.00000000E+000  0.00000000E+000  0.93668335E-001  0.19296487E+001  0.12517666E+002  0.31325457E+002  0.78850601E+002  0.15926292E+003
  0.00000000E+000  0.00000000E+000  0.00000000E+000  0.00000000E+000  0.00000000E+000  0.93665284E-001  0.19295999E+001  0.12517275E+002  0.31325056E+002  0.78849183E+002  0.15926168E+003
  0.00000000E+000  0.00000000E+000  0.00000000E+000  0.00000000E+000  0.00000000E+000  0.93662378E-001  0.19295524E+001  0.12516889E+002  0.31324657E+002  0.78847775E+002  0.15926047E+003
  0.00000000E+000  0.00000000E+000  0.00000000E+000  0.00000000E+000  0.00000000E+000  0.93659621E-001  0.19295062E+001  0.12516508E+002  0.31324260E+002  0.78846378E+002  0.15925929E+003
  0.00000000E+000  0.00000000E+000  0.00000000E+000  0.00000000E+000  0.00000000E+000  0.93657013E-001  0.19294614E+001  0.12516133E+002  0.31323867E+002  0.78844993E+002  0.15925816E+003
  0.00000000E+000  0.00000000E+000  0.00000000E+000  0.00000000E+000  0.00000000E+000  0.93654557E-001  0.19294180E+001  0.12515764E+002  0.31323477E+002  0.78843619E+002  0.15925705E+003
  0.00000000E+000  0.00000000E+000  0.00000000E+000  0.00000000E+000  0.00000000E+000  0.93652257E-001  0.19293760E+001  0.12515401E+002  0.31323091E+002  0.78842256E+002  0.15925599E+003
  0.00000000E+000  0.00000000E+000  0.00000000E+000  0.00000000E+000  0.00000000E+000  0.93650113E-001  0.19293355E+001  0.12515045E+002  0.31322708E+002  0.78840905E+002  0.15925496E+003
  0.00000000E+000  0.00000000E+000  0.00000000E+000  0.00000000E+000  0.00000000E+000  0.93648128E-001  0.19292965E+001  0.12514695E+002  0.31322329E+002  0.78839564E+002  0.15925398E+003
  0.00000000E+000  0.00000000E+000  0.00000000E+000  0.00000000E+000  0.00000000E+000  0.93646304E-001  0.19292590E+001  0.12514354E+002  0.31321954E+002  0.78838234E+002  0.15925302E+003
  0.00000000E+000  0.00000000E+000  0.00000000E+000  0.00000000E+000  0.00000000E+000  0.93644642E-001  0.19292230E+001  0.12514019E+002  0.31321583E+002  0.78836914E+002  0.15925211E+003
  0.00000000E+000  0.00000000E+000  0.00000000E+000  0.00000000E+000  0.00000000E+000  0.93643142E-001  0.19291885E+001  0.12513692E+002  0.31321216E+002  0.78835602E+002  0.15925122E+003
  0.00000000E+000  0.00000000E+000  0.00000000E+000  0.00000000E+000  0.00000000E+000  0.93641806E-001  0.19291554E+001  0.12513372E+002  0.31320854E+002  0.78834297E+002  0.15925037E+003
  0.00000000E+000  0.00000000E+000  0.00000000E+000  0.00000000E+000  0.00000000E+000  0.93640631E-001  0.19291238E+001  0.12513060E+002  0.31320496E+002  0.78832999E+002  0.15924954E+003
  0.00000000E+000  0.00000000E+000  0.00000000E+000  0.00000000E+000  0.00000000E+000  0.93639617E-001  0.19290936E+001  0.12512755E+002  0.31320141E+002  0.78831706E+002  0.15924875E+003
  0.00000000E+000  0.00000000E+000  0.00000000E+000  0.00000000E+000  0.00000000E+000  0.93638762E-001  0.19290648E+001  0.12512458E+002  0.31319791E+002  0.78830416E+002  0.15924797E+003
  0.00000000E+000  0.00000000E+000  0.00000000E+000  0.00000000E+000  0.00000000E+000  0.93638062E-001  0.19290373E+001  0.12512168E+002  0.31319445E+002  0.78829128E+002  0.15924722E+003
  0.00000000E+000  0.00000000E+000  0.00000000E+000  0.00000000E+000  0.00000000E+000  0.93637513E-001  0.19290112E+001  0.12511886E+002  0.31319103E+002  0.78827841E+002  0.15924648E+003
  0.00000000E+000  0.00000000E+000  0.00000000E+000  0.00000000E+000  0.00000000E+000  0.93637109E-001  0.19289862E+001  0.12511610E+002  0.31318765E+002  0.78826553E+002  0.15924576E+003
  0.00000000E+000  0.00000000E+000  0.00000000E+000  0.00000000E+000  0.00000000E+000  0.93636845E-001  0.19289624E+001  0.12511341E+002  0.31318430E+002  0.78825262E+002  0.15924505E+003
  0.00000000E+000  0.00000000E+000  0.00000000E+000  0.00000000E+000  0.00000000E+000  0.93636713E-001  0.19289397E+001  0.12511078E+002  0.31318098E+002  0.78823967E+002  0.15924434E+003
  0.00000000E+000  0.00000000E+000  0.00000000E+000  0.00000000E+000  0.00000000E+000  0.93636706E-001  0.19289181E+001  0.12510822E+002  0.31317770E+002  0.78822667E+002  0.15924363E+003
  0.00000000E+000  0.00000000E+000  0.00000000E+000  0.00000000E+000  0.00000000E+000  0.93636815E-001  0.19288974E+001  0.12510572E+002  0.31317444E+002  0.78821360E+002  0.15924292E+003
  0.00000000E+000  0.00000000E+000  0.00000000E+000  0.00000000E+000  0.00000000E+000  0.93637033E-001  0.19288777E+001  0.12510327E+002  0.31317121E+002  0.78820045E+002  0.15924220E+003
  0.00000000E+000  0.00000000E+000  0.00000000E+000  0.00000000E+000  0.00000000E+000  0.93637348E-001  0.19288588E+001  0.12510088E+002  0.31316800E+002  0.78818720E+002  0.15924147E+003
  0.00000000E+000  0.00000000E+000  0.00000000E+000  0.00000000E+000  0.00000000E+000  0.93637753E-001  0.19288406E+001  0.12509854E+002  0.31316482E+002  0.78817384E+002  0.15924072E+003
  0.00000000E+000  0.00000000E+000  0.00000000E+000  0.00000000E+000  0.00000000E+000  0.93638237E-001  0.19288232E+001  0.12509624E+002  0.31316165E+002  0.78816036E+002  0.15923995E+003
  0.00000000E+000  0.00000000E+000  0.00000000E+000  0.00000000E+000  0.00000000E+000  0.93638790E-001  0.19288064E+001  0.12509400E+002  0.31315849E+002  0.78814676E+002  0.15923916E+003
  0.00000000E+000  0.00000000E+000  0.00000000E+000  0.00000000E+000  0.00000000E+000  0.93639403E-001  0.19287901E+001  0.12509179E+002  0.31315535E+002  0.78813301E+002  0.15923833E+003
  0.00000000E+000  0.00000000E+000  0.00000000E+000  0.00000000E+000  0.00000000E+000  0.93640067E-001  0.19287744E+001  0.12508962E+002  0.31315222E+002  0.78811912E+002  0.15923748E+003
  0.00000000E+000  0.00000000E+000  0.00000000E+000  0.00000000E+000  0.00000000E+000  0.93640772E-001  0.19287592E+001  0.12508749E+002  0.31314909E+002  0.78810508E+002  0.15923658E+003
  0.00000000E+000  0.00000000E+000  0.00000000E+000  0.00000000E+000  0.00000000E+000  0.93641510E-001  0.19287443E+001  0.12508539E+002  0.31314597E+002  0.78809088E+002  0.15923565E+003
  0.00000000E+000  0.00000000E+000  0.00000000E+000  0.00000000E+000  0.00000000E+000  0.93642274E-001  0.19287298E+001  0.12508332E+002  0.31314286E+002  0.78807651E+002  0.15923467E+003
  0.00000000E+000  0.00000000E+000  0.00000000E+000  0.00000000E+000  0.00000000E+000  0.93643055E-001  0.19287157E+001  0.12508128E+002  0.31313975E+002  0.78806198E+002  0.15923365E+003
  0.00000000E+000  0.00000000E+000  0.00000000E+000  0.00000000E+000  0.00000000E+000  0.93643847E-001  0.19287018E+001  0.12507927E+002  0.31313663E+002  0.78804728E+002  0.15923257E+003
  0.00000000E+000  0.00000000E+000  0.00000000E+000  0.00000000E+000  0.00000000E+000  0.93644642E-001  0.19286882E+001  0.12507729E+002  0.31313352E+002  0.78803241E+002  0.15923145E+003
  0.00000000E+000  0.00000000E+000  0.00000000E+000  0.00000000E+000  0.00000000E+000  0.93645437E-001  0.19286748E+001  0.12507533E+002  0.31313041E+002  0.78801737E+002  0.15923026E+003
  0.00000000E+000  0.00000000E+000  0.00000000E+000  0.00000000E+000  0.00000000E+000  0.93646225E-001  0.19286617E+001  0.12507339E+002  0.31312729E+002  0.78800217E+002  0.15922902E+003
  0.00000000E+000  0.00000000E+000  0.00000000E+000  0.00000000E+000  0.00000000E+000  0.93647001E-001  0.19286488E+001  0.12507148E+002  0.31312418E+002  0.78798680E+002  0.15922772E+003
  0.00000000E+000  0.00000000E+000  0.00000000E+000  0.00000000E+000  0.00000000E+000  0.93647764E-001  0.19286360E+001  0.12506959E+002  0.31312106E+002  0.78797128E+002  0.15922636E+003
  0.00000000E+000  0.00000000E+000  0.00000000E+000  0.00000000E+000  0.00000000E+000  0.93648508E-001  0.19286235E+001  0.12506772E+002  0.31311794E+002  0.78795560E+002  0.15922493E+003
  0.00000000E+000  0.00000000E+000  0.00000000E+000  0.00000000E+000  0.00000000E+000  0.93649231E-001  0.19286111E+001  0.12506587E+002  0.31311481E+002  0.78793978E+002  0.15922344E+003
  0.00000000E+000  0.00000000E+000  0.00000000E+000  0.00000000E+000  0.00000000E+000  0.93649932E-001  0.19285990E+001  0.12506404E+002  0.31311169E+002  0.78792381E+002  0.15922188E+003
  0.00000000E+000  0.00000000E+000  0.00000000E+000  0.00000000E+000  0.00000000E+000  0.93650608E-001  0.19285870E+001  0.12506223E+002  0.31310857E+002  0.78790771E+002  0.15922026E+003
  0.00000000E+000  0.00000000E+000  0.00000000E+000  0.00000000E+000  0.00000000E+000  0.93651259E-001  0.19285753E+001  0.12506044E+002  0.31310545E+002  0.78789150E+002  0.15921857E+003
  0.00000000E+000  0.00000000E+000  0.00000000E+000  0.00000000E+000  0.00000000E+000  0.93651883E-001  0.19285638E+001  0.12505867E+002  0.31310233E+002  0.78787516E+002  0.15921682E+003
  0.00000000E+000  0.00000000E+000  0.00000000E+000  0.00000000E+000  0.00000000E+000  0.93652479E-001  0.19285525E+001  0.12505692E+002  0.31309921E+002  0.78785873E+002  0.15921500E+003
  0.00000000E+000  0.00000000E+000  0.00000000E+000  0.00000000E+000  0.00000000E+000  0.93653049E-001  0.19285415E+001  0.12505520E+002  0.31309610E+002  0.78784220E+002  0.15921311E+003
  0.00000000E+000  0.00000000E+000  0.00000000E+000  0.00000000E+000  0.00000000E+000  0.93653592E-001  0.19285307E+001  0.12505349E+002  0.31309300E+002  0.78782560E+002  0.15921115E+003
  0.00000000E+000  0.00000000E+000  0.00000000E+000  0.00000000E+000  0.00000000E+000  0.93654108E-001  0.19285203E+001  0.12505181E+002  0.31308991E+002  0.78780892E+002  0.15920913E+003
  0.00000000E+000  0.00000000E+000  0.00000000E+000  0.00000000E+000  0.00000000E+000  0.93654598E-001  0.19285101E+001  0.12505016E+002  0.31308683E+002  0.78779219E+002  0.15920705E+003
  0.00000000E+000  0.00000000E+000  0.00000000E+000  0.00000000E+000  0.00000000E+000  0.93655062E-001  0.19285002E+001  0.12504852E+002  0.31308376E+002  0.78777542E+002  0.15920490E+003
  0.00000000E+000  0.00000000E+000  0.00000000E+000  0.00000000E+000  0.00000000E+000  0.93655502E-001  0.19284907E+001  0.12504691E+002  0.31308071E+002  0.78775861E+002  0.15920270E+003
  0.00000000E+000  0.00000000E+000  0.00000000E+000  0.00000000E+000  0.00000000E+000  0.93655919E-001  0.19284815E+001  0.12504533E+002  0.31307768E+002  0.78774179E+002  0.15920043E+003
  0.00000000E+000  0.00000000E+000  0.00000000E+000  0.00000000E+000  0.00000000E+000  0.93656313E-001  0.19284726E+001  0.12504378E+002  0.31307466E+002  0.78772496E+002  0.15919811E+003
  0.00000000E+000  0.00000000E+000  0.00000000E+000  0.00000000E+000  0.00000000E+000  0.93656686E-001  0.19284641E+001  0.12504225E+002  0.31307167E+002  0.78770813E+002  0.15919572E+003
  0.00000000E+000  0.00000000E+000  0.00000000E+000  0.00000000E+000  0.00000000E+000  0.93657039E-001  0.19284559E+001  0.12504075E+002  0.31306870E+002  0.78769133E+002  0.15919329E+003
  0.00000000E+000  0.00000000E+000  0.00000000E+000  0.00000000E+000  0.00000000E+000  0.93657373E-001  0.19284481E+001  0.12503927E+002  0.31306576E+002  0.78767455E+002  0.15919080E+003
  0.00000000E+000  0.00000000E+000  0.00000000E+000  0.00000000E+000  0.00000000E+000  0.93657690E-001  0.19284407E+001  0.12503783E+002  0.31306284E+002  0.78765783E+002  0.15918827E+003
  0.00000000E+000  0.00000000E+000  0.00000000E+000  0.00000000E+000  0.00000000E+000  0.93657991E-001  0.19284336E+001  0.12503641E+002  0.31305996E+002  0.78764115E+002  0.15918569E+003
  0.00000000E+000  0.00000000E+000  0.00000000E+000  0.00000000E+000  0.00000000E+000  0.93658276E-001  0.19284269E+001  0.12503503E+002  0.31305711E+002  0.78762455E+002  0.15918307E+003
  0.00000000E+000  0.00000000E+000  0.00000000E+000  0.00000000E+000  0.00000000E+000  0.93658548E-001  0.19284205E+001  0.12503368E+002  0.31305429E+002  0.78760803E+002  0.15918040E+003
  0.00000000E+000  0.00000000E+000  0.00000000E+000  0.00000000E+000  0.00000000E+000  0.93658807E-001  0.19284146E+001  0.12503236E+002  0.31305150E+002  0.78759159E+002  0.15917770E+003
  0.00000000E+000  0.00000000E+000  0.00000000E+000  0.00000000E+000  0.00000000E+000  0.93659054E-001  0.19284089E+001  0.12503107E+002  0.31304876E+002  0.78757527E+002  0.15917496E+003
  0.00000000E+000  0.00000000E+000  0.00000000E+000  0.00000000E+000  0.00000000E+000  0.93659290E-001  0.19284036E+001  0.12502981E+002  0.31304605E+002  0.78755905E+002  0.15917219E+003
  0.00000000E+000  0.00000000E+000  0.00000000E+000  0.00000000E+000  0.00000000E+000  0.93659517E-001  0.19283986E+001  0.12502858E+002  0.31304338E+002  0.78754296E+002  0.15916940E+003
  0.00000000E+000  0.00000000E+000  0.00000000E+000  0.00000000E+000  0.00000000E+000  0.93659735E-001  0.19283940E+001  0.12502739E+002  0.31304075E+002  0.78752701E+002  0.15916658E+003
  0.00000000E+000  0.00000000E+000  0.00000000E+000  0.00000000E+000  0.00000000E+000  0.93659944E-001  0.19283897E+001  0.12502623E+002  0.31303817E+002  0.78751120E+002  0.15916373E+003
  0.00000000E+000  0.00000000E+000  0.00000000E+000  0.00000000E+000  0.00000000E+000  0.93660147E-001  0.19283857E+001  0.12502511E+002  0.31303563E+002  0.78749554E+002  0.15916087E+003
  0.00000000E+000  0.00000000E+000  0.00000000E+000  0.00000000E+000  0.00000000E+000  0.93660342E-001  0.19283820E+001  0.12502401E+002  0.31303314E+002  0.78748005E+002  0.15915800E+003
  0.00000000E+000  0.00000000E+000  0.00000000E+000  0.00000000E+000  0.00000000E+000  0.93660532E-001  0.19283786E+001  0.12502295E+002  0.31303070E+002  0.78746473E+002  0.15915511E+003
  0.00000000E+000  0.00000000E+000  0.00000000E+000  0.00000000E+000  0.00000000E+000  0.93660716E-001  0.19283755E+001  0.12502192E+002  0.31302830E+002  0.78744959E+002  0.15915221E+003
  0.00000000E+000  0.00000000E+000  0.00000000E+000  0.00000000E+000  0.00000000E+000  0.93660896E-001  0.19283726E+001  0.12502093E+002  0.31302595E+002  0.78743463E+002  0.15914931E+003
  0.00000000E+000  0.00000000E+000  0.00000000E+000  0.00000000E+000  0.00000000E+000  0.93661070E-001  0.19283700E+001  0.12501996E+002  0.31302365E+002  0.78741988E+002  0.15914640E+003
  0.00000000E+000  0.00000000E+000  0.00000000E+000  0.00000000E+000  0.00000000E+000  0.93661241E-001  0.19283676E+001  0.12501903E+002  0.31302140E+002  0.78740532E+002  0.15914350E+003
  0.00000000E+000  0.00000000E+000  0.00000000E+000  0.00000000E+000  0.00000000E+000  0.93661407E-001  0.19283655E+001  0.12501813E+002  0.31301920E+002  0.78739097E+002  0.15914060E+003
  0.00000000E+000  0.00000000E+000  0.00000000E+000  0.00000000E+000  0.00000000E+000  0.93661570E-001  0.19283635E+001  0.12501727E+002  0.31301705E+002  0.78737683E+002  0.15913770E+003
  0.00000000E+000  0.00000000E+000  0.00000000E+000  0.00000000E+000  0.00000000E+000  0.93661729E-001  0.19283618E+001  0.12501643E+002  0.31301495E+002  0.78736291E+002  0.15913482E+003
  0.00000000E+000  0.00000000E+000  0.00000000E+000  0.00000000E+000  0.00000000E+000  0.93661884E-001  0.19283603E+001  0.12501562E+002  0.31301290E+002  0.78734922E+002  0.15913194E+003
  0.00000000E+000  0.00000000E+000  0.00000000E+000  0.00000000E+000  0.00000000E+000  0.93662037E-001  0.19283589E+001  0.12501485E+002  0.31301091E+002  0.78733575E+002  0.15912909E+003
  0.00000000E+000  0.00000000E+000  0.00000000E+000  0.00000000E+000  0.00000000E+000  0.93662185E-001  0.19283578E+001  0.12501410E+002  0.31300896E+002  0.78732252E+002  0.15912624E+003
  0.00000000E+000  0.00000000E+000  0.00000000E+000  0.00000000E+000  0.00000000E+000  0.93662331E-001  0.19283567E+001  0.12501338E+002  0.31300707E+002  0.78730952E+002  0.15912342E+003
  0.00000000E+000  0.00000000E+000  0.00000000E+000  0.00000000E+000  0.00000000E+000  0.93662473E-001  0.19283559E+001  0.12501270E+002  0.31300523E+002  0.78729677E+002  0.15912063E+003
  0.00000000E+000  0.00000000E+000  0.00000000E+000  0.00000000E+000  0.00000000E+000  0.93662612E-001  0.19283551E+001  0.12501203E+002  0.31300344E+002  0.78728425E+002  0.15911785E+003
  0.00000000E+000  0.00000000E+000  0.00000000E+000  0.00000000E+000  0.00000000E+000  0.93662747E-001  0.19283545E+001  0.12501140E+002  0.31300170E+002  0.78727198E+002  0.15911510E+003
  0.00000000E+000  0.00000000E+000  0.00000000E+000  0.00000000E+000  0.00000000E+000  0.93662878E-001  0.19283540E+001  0.12501079E+002  0.31300001E+002  0.78725995E+002  0.15911239E+003
  0.00000000E+000  0.00000000E+000  0.00000000E+000  0.00000000E+000  0.00000000E+000  0.93663006E-001  0.19283536E+001  0.12501021E+002  0.31299837E+002  0.78724817E+002  0.15910970E+003
  0.00000000E+000  0.00000000E+000  0.00000000E+000  0.00000000E+000  0.00000000E+000  0.93663129E-001  0.19283533E+001  0.12500965E+002  0.31299678E+002  0.78723664E+002  0.15910704E+003
  0.00000000E+000  0.00000000E+000  0.00000000E+000  0.00000000E+000  0.00000000E+000  0.93663249E-001  0.19283531E+001  0.12500912E+002  0.31299524E+002  0.78722536E+002  0.15910442E+003
  0.00000000E+000  0.00000000E+000  0.00000000E+000  0.00000000E+000  0.00000000E+000  0.93663364E-001  0.19283530E+001  0.12500861E+002  0.31299375E+002  0.78721433E+002  0.15910184E+003
  0.00000000E+000  0.00000000E+000  0.00000000E+000  0.00000000E+000  0.00000000E+000  0.93663475E-001  0.19283529E+001  0.12500812E+002  0.31299230E+002  0.78720355E+002  0.15909929E+003
  0.00000000E+000  0.00000000E+000  0.00000000E+000  0.00000000E+000  0.00000000E+000  0.93663580E-001  0.19283529E+001  0.12500765E+002  0.31299090E+002  0.78719301E+002  0.15909677E+003
  0.00000000E+000  0.00000000E+000  0.00000000E+000  0.00000000E+000  0.00000000E+000  0.93663682E-001  0.19283529E+001  0.12500720E+002  0.31298955E+002  0.78718272E+002  0.15909430E+003
  0.00000000E+000  0.00000000E+000  0.00000000E+000  0.00000000E+000  0.00000000E+000  0.93663778E-001  0.19283530E+001  0.12500678E+002  0.31298824E+002  0.78717268E+002  0.15909187E+003
  0.00000000E+000  0.00000000E+000  0.00000000E+000  0.00000000E+000  0.00000000E+000  0.93663869E-001  0.19283531E+001  0.12500637E+002  0.31298697E+002  0.78716289E+002  0.15908948E+003
  0.00000000E+000  0.00000000E+000  0.00000000E+000  0.00000000E+000  0.00000000E+000  0.93663954E-001  0.19283532E+001  0.12500598E+002  0.31298575E+002  0.78715334E+002  0.15908713E+003
  0.00000000E+000  0.00000000E+000  0.00000000E+000  0.00000000E+000  0.00000000E+000  0.93664034E-001  0.19283534E+001  0.12500561E+002  0.31298457E+002  0.78714403E+002  0.15908483E+003
  0.00000000E+000  0.00000000E+000  0.00000000E+000  0.00000000E+000  0.00000000E+000  0.93664109E-001  0.19283536E+001  0.12500525E+002  0.31298343E+002  0.78713496E+002  0.15908257E+003
  0.00000000E+000  0.00000000E+000  0.00000000E+000  0.00000000E+000  0.00000000E+000  0.93664178E-001  0.19283537E+001  0.12500491E+002  0.31298233E+002  0.78712613E+002  0.15908035E+003
  0.00000000E+000  0.00000000E+000  0.00000000E+000  0.00000000E+000  0.00000000E+000  0.93664241E-001  0.19283539E+001  0.12500459E+002  0.31298127E+002  0.78711753E+002  0.15907818E+003
  0.00000000E+000  0.00000000E+000  0.00000000E+000  0.00000000E+000  0.00000000E+000  0.93664298E-001  0.19283541E+001  0.12500428E+002  0.31298024E+002  0.78710916E+002  0.15907605E+003
  0.00000000E+000  0.00000000E+000  0.00000000E+000  0.00000000E+000  0.00000000E+000  0.93664349E-001  0.19283543E+001  0.12500398E+002  0.31297925E+002  0.78710102E+002  0.15907396E+003
  0.00000000E+000  0.00000000E+000  0.00000000E+000  0.00000000E+000  0.00000000E+000  0.93664394E-001  0.19283544E+001  0.12500370E+002  0.31297830E+002  0.78709310E+002  0.15907192E+003
  0.00000000E+000  0.00000000E+000  0.00000000E+000  0.00000000E+000  0.00000000E+000  0.93664433E-001  0.19283545E+001  0.12500342E+002  0.31297738E+002  0.78708541E+002  0.15906993E+003
  0.00000000E+000  0.00000000E+000  0.00000000E+000  0.00000000E+000  0.00000000E+000  0.93664466E-001  0.19283546E+001  0.12500316E+002  0.31297649E+002  0.78707793E+002  0.15906798E+003
  0.00000000E+000  0.00000000E+000  0.00000000E+000  0.00000000E+000  0.00000000E+000  0.93664494E-001  0.19283547E+001  0.12500291E+002  0.31297564E+002  0.78707067E+002  0.15906608E+003
  0.00000000E+000  0.00000000E+000  0.00000000E+000  0.00000000E+000  0.00000000E+000  0.93664515E-001  0.19283547E+001  0.12500267E+002  0.31297481E+002  0.78706361E+002  0.15906422E+003
  0.00000000E+000  0.00000000E+000  0.00000000E+000  0.00000000E+000  0.00000000E+000  0.93664530E-001  0.19283547E+001  0.12500244E+002  0.31297402E+002  0.78705677E+002  0.15906241E+003
  0.00000000E+000  0.00000000E+000  0.00000000E+000  0.00000000E+000  0.00000000E+000  0.93664540E-001  0.19283547E+001  0.12500222E+002  0.31297326E+002  0.78705012E+002  0.15906064E+003
  0.00000000E+000  0.00000000E+000  0.00000000E+000  0.00000000E+000  0.00000000E+000  0.93664544E-001  0.19283546E+001  0.12500200E+002  0.31297252E+002  0.78704367E+002  0.15905891E+003
  0.00000000E+000  0.00000000E+000  0.00000000E+000  0.00000000E+000  0.00000000E+000  0.93664543E-001  0.19283545E+001  0.12500180E+002  0.31297181E+002  0.78703741E+002  0.15905723E+003
  0.00000000E+000  0.00000000E+000  0.00000000E+000  0.00000000E+000  0.00000000E+000  0.93664536E-001  0.19283543E+001  0.12500160E+002  0.31297112E+002  0.78703135E+002  0.15905559E+003
  0.00000000E+000  0.00000000E+000  0.00000000E+000  0.00000000E+000  0.00000000E+000  0.93664524E-001  0.19283541E+001  0.12500141E+002  0.31297046E+002  0.78702547E+002  0.15905400E+003
  0.00000000E+000  0.00000000E+000  0.00000000E+000  0.00000000E+000  0.00000000E+000  0.93664508E-001  0.19283538E+001  0.12500122E+002  0.31296982E+002  0.78701976E+002  0.15905244E+003
  0.00000000E+000  0.00000000E+000  0.00000000E+000  0.00000000E+000  0.00000000E+000  0.93664486E-001  0.19283535E+001  0.12500104E+002  0.31296921E+002  0.78701424E+002  0.15905093E+003
  0.00000000E+000  0.00000000E+000  0.00000000E+000  0.00000000E+000  0.00000000E+000  0.93664460E-001  0.19283531E+001  0.12500087E+002  0.31296861E+002  0.78700889E+002  0.15904946E+003
  0.00000000E+000  0.00000000E+000  0.00000000E+000  0.00000000E+000  0.00000000E+000  0.93664429E-001  0.19283527E+001  0.12500070E+002  0.31296804E+002  0.78700370E+002  0.15904803E+003
  0.00000000E+000  0.00000000E+000  0.00000000E+000  0.00000000E+000  0.00000000E+000  0.93664395E-001  0.19283523E+001  0.12500053E+002  0.31296749E+002  0.78699868E+002  0.15904664E+003
  0.00000000E+000  0.00000000E+000  0.00000000E+000  0.00000000E+000  0.00000000E+000  0.93664356E-001  0.19283518E+001  0.12500037E+002  0.31296696E+002  0.78699381E+002  0.15904529E+003
  0.00000000E+000  0.00000000E+000  0.00000000E+000  0.00000000E+000  0.00000000E+000  0.93664314E-001  0.19283512E+001  0.12500022E+002  0.31296644E+002  0.78698910E+002  0.15904398E+003
  0.00000000E+000  0.00000000E+000  0.00000000E+000  0.00000000E+000  0.00000000E+000  0.93664268E-001  0.19283506E+001  0.12500006E+002  0.31296594E+002  0.78698454E+002  0.15904271E+003
  0.00000000E+000  0.00000000E+000  0.00000000E+000  0.00000000E+000  0.00000000E+000  0.93664220E-001  0.19283500E+001  0.12499992E+002  0.31296546E+002  0.78698013E+002  0.15904147E+003
  0.00000000E+000  0.00000000E+000  0.00000000E+000  0.00000000E+000  0.00000000E+000  0.93664168E-001  0.19283493E+001  0.12499977E+002  0.31296500E+002  0.78697586E+002  0.15904027E+003
  0.00000000E+000  0.00000000E+000  0.00000000E+000  0.00000000E+000  0.00000000E+000  0.93664114E-001  0.19283486E+001  0.12499963E+002  0.31296455E+002  0.78697172E+002  0.15903911E+003
  0.00000000E+000  0.00000000E+000  0.00000000E+000  0.00000000E+000  0.00000000E+000  0.93664058E-001  0.19283478E+001  0.12499949E+002  0.31296412E+002  0.78696773E+002  0.15903798E+003
  0.00000000E+000  0.00000000E+000  0.00000000E+000  0.00000000E+000  0.00000000E+000  0.93664000E-001  0.19283470E+001  0.12499935E+002  0.31296370E+002  0.78696386E+002  0.15903689E+003
  0.00000000E+000  0.00000000E+000  0.00000000E+000  0.00000000E+000  0.00000000E+000  0.93663940E-001  0.19283462E+001  0.12499922E+002  0.31296329E+002  0.78696012E+002  0.15903583E+003
  0.00000000E+000  0.00000000E+000  0.00000000E+000  0.00000000E+000  0.00000000E+000  0.93663878E-001  0.19283453E+001  0.12499909E+002  0.31296290E+002  0.78695650E+002  0.15903480E+003
  0.00000000E+000  0.00000000E+000  0.00000000E+000  0.00000000E+000  0.00000000E+000  0.93663815E-001  0.19283445E+001  0.12499896E+002  0.31296252E+002  0.78695300E+002  0.15903380E+003
  0.00000000E+000  0.00000000E+000  0.00000000E+000  0.00000000E+000  0.00000000E+000  0.93663751E-001  0.19283435E+001  0.12499884E+002  0.31296215E+002  0.78694961E+002  0.15903284E+003
  0.00000000E+000  0.00000000E+000  0.00000000E+000  0.00000000E+000  0.00000000E+000  0.93663687E-001  0.19283426E+001  0.12499871E+002  0.31296179E+002  0.78694634E+002  0.15903190E+003
  0.00000000E+000  0.00000000E+000  0.00000000E+000  0.00000000E+000  0.00000000E+000  0.93663621E-001  0.19283417E+001  0.12499859E+002  0.31296145E+002  0.78694318E+002  0.15903100E+003
  0.00000000E+000  0.00000000E+000  0.00000000E+000  0.00000000E+000  0.00000000E+000  0.93663555E-001  0.19283407E+001  0.12499848E+002  0.31296111E+002  0.78694012E+002  0.15903012E+003
  0.00000000E+000  0.00000000E+000  0.00000000E+000  0.00000000E+000  0.00000000E+000  0.93663489E-001  0.19283397E+001  0.12499836E+002  0.31296079E+002  0.78693716E+002  0.15902927E+003
  0.00000000E+000  0.00000000E+000  0.00000000E+000  0.00000000E+000  0.00000000E+000  0.93663423E-001  0.19283387E+001  0.12499824E+002  0.31296047E+002  0.78693431E+002  0.15902846E+003
  0.00000000E+000  0.00000000E+000  0.00000000E+000  0.00000000E+000  0.00000000E+000  0.93663358E-001  0.19283377E+001  0.12499813E+002  0.31296017E+002  0.78693155E+002  0.15902766E+003
  0.00000000E+000  0.00000000E+000  0.00000000E+000  0.00000000E+000  0.00000000E+000  0.93663292E-001  0.19283367E+001  0.12499802E+002  0.31295987E+002  0.78692888E+002  0.15902690E+003
  0.00000000E+000  0.00000000E+000  0.00000000E+000  0.00000000E+000  0.00000000E+000  0.93663227E-001  0.19283357E+001  0.12499792E+002  0.31295959E+002  0.78692630E+002  0.15902616E+003
  0.00000000E+000  0.00000000E+000  0.00000000E+000  0.00000000E+000  0.00000000E+000  0.93663162E-001  0.19283347E+001  0.12499781E+002  0.31295931E+002  0.78692381E+002  0.15902544E+003
  0.00000000E+000  0.00000000E+000  0.00000000E+000  0.00000000E+000  0.00000000E+000  0.93663098E-001  0.19283336E+001  0.12499771E+002  0.31295904E+002  0.78692141E+002  0.15902475E+003
  0.00000000E+000  0.00000000E+000  0.00000000E+000  0.00000000E+000  0.00000000E+000  0.93663034E-001  0.19283326E+001  0.12499760E+002  0.31295878E+002  0.78691908E+002  0.15902408E+003
  0.00000000E+000  0.00000000E+000  0.00000000E+000  0.00000000E+000  0.00000000E+000  0.93662972E-001  0.19283316E+001  0.12499750E+002  0.31295853E+002  0.78691684E+002  0.15902343E+003
  0.00000000E+000  0.00000000E+000  0.00000000E+000  0.00000000E+000  0.00000000E+000  0.93662909E-001  0.19283305E+001  0.12499741E+002  0.31295828E+002  0.78691468E+002  0.15902281E+003
  0.00000000E+000  0.00000000E+000  0.00000000E+000  0.00000000E+000  0.00000000E+000  0.93662849E-001  0.19283295E+001  0.12499731E+002  0.31295804E+002  0.78691258E+002  0.15902221E+003
