  0.30308374E+000  0.31846409E+000  0.46007078E+000  0.62776830E+000  0.80311167E+000  0.91030444E+000  0.12870709E+001  0.18885488E+001  0.26331085E+001  0.40997079E+001  0.58388507E+001
  0.30307906E+000  0.31846409E+000  0.46007078E+000  0.62776830E+000  0.80311860E+000  0.91030193E+000  0.12870709E+001  0.18885678E+001  0.26330764E+001  0.40996682E+001  0.58386572E+001
  0.30307100E+000  0.31846409E+000  0.46007078E+000  0.62776830E+000  0.80311762E+000  0.91034177E+000  0.12870709E+001  0.18885631E+001  0.26330136E+001  0.40996360E+001  0.58385063E+001
  0.30306293E+000  0.31846409E+000  0.46007078E+000  0.62776830E+000  0.80316580E+000  0.91032813E+000  0.12870709E+001  0.18893641E+001  0.26329401E+001  0.40996939E+001  0.58397667E+001
  0.30305644E+000  0.31846409E+000  0.46007078E+000  0.62776830E+000  0.80316002E+000  0.91038081E+000  0.12870709E+001  0.18894143E+001  0.26328647E+001  0.40997202E+001  0.58398139E+001
  0.30305014E+000  0.31846409E+000  0.46007078E+000  0.62776830E+000  0.80317854E+000  0.91037192E+000  0.12870709E+001  0.18895509E+001  0.26327914E+001  0.40997712E+001  0.58397927E+001
  0.30304420E+000  0.31846409E+000  0.45995501E+000  0.62776830E+000  0.80317345E+000  0.91035623E+000  0.12870709E+001  0.18895373E+001  0.26327223E+001  0.40997752E+001  0.58398965E+001
  0.30303869E+000  0.31846409E+000  0.45995498E+000  0.62776830E+000  0.80316849E+000  0.91034178E+000  0.12870709E+001  0.18899186E+001  0.26326582E+001  0.40997607E+001  0.58398499E+001
  0.30303365E+000  0.31846409E+000  0.45995496E+000  0.62776830E+000  0.80319196E+000  0.91032860E+000  0.12870709E+001  0.18910812E+001  0.26325995E+001  0.40997645E+001  0.58399274E+001
  0.30302906E+000  0.31846409E+000  0.45995493E+000  0.62776830E+000  0.80318315E+000  0.91039354E+000  0.12870709E+001  0.18910677E+001  0.26325480E+001  0.40997716E+001  0.58399706E+001
  0.30302491E+000  0.31846409E+000  0.45995491E+000  0.62776830E+000  0.80317525E+000  0.91037326E+000  0.12870709E+001  0.18910532E+001  0.26325099E+001  0.40997745E+001  0.58399486E+001
  0.30302114E+000  0.31846409E+000  0.46007078E+000  0.62776830E+000  0.80316819E+000  0.91041229E+000  0.12870709E+001  0.18910383E+001  0.26325189E+001  0.40997775E+001  0.58399885E+001
  0.30301774E+000  0.31846409E+000  0.46007078E+000  0.62776830E+000  0.80316184E+000  0.91040091E+000  0.12870709E+001  0.18910234E+001  0.26324379E+001  0.40997264E+001  0.58399865E+001
  0.30301464E+000  0.31846409E+000  0.46007078E+000  0.62776830E+000  0.80315614E+000  0.91039058E+000  0.12870709E+001  0.18910088E+001  0.26323976E+001  0.40997158E+001  0.58399843E+001
  0.30301183E+000  0.31846409E+000  0.46007078E+000  0.62776830E+000  0.80315098E+000  0.91038116E+000  0.12870709E+001  0.18909947E+001  0.26323610E+001  0.40997685E+001  0.58399819E+001
  0.30300927E+000  0.31846409E+000  0.46007078E+000  0.62776830E+000  0.80314631E+000  0.91037254E+000  0.12870709E+001  0.18909811E+001  0.26323278E+001  0.40997585E+001  0.58399790E+001
  0.30300692E+000  0.31846409E+000  0.46007078E+000  0.62776830E+000  0.80314206E+000  0.91036464E+000  0.12870709E+001  0.18909681E+001  0.26322976E+001  0.40997496E+001  0.58399757E+001
  0.30300476E+000  0.31846409E+000  0.46007078E+000  0.62776830E+000  0.80319557E+000  0.91035735E+000  0.12870709E+001  0.18909557E+001  0.26322700E+001  0.40997415E+001  0.58399719E+001
  0.30300277E+000  0.31846409E+000  0.46007078E+000  0.62757889E+000  0.80319290E+000  0.91035060E+000  0.12870709E+001  0.18909438E+001  0.26322496E+001  0.40997342E+001  0.58399675E+001
  0.30300092E+000  0.31846409E+000  0.46007078E+000  0.62776830E+000  0.80319039E+000  0.91034433E+000  0.12870709E+001  0.18909325E+001  0.26322218E+001  0.40997274E+001  0.58399626E+001
  0.30299920E+000  0.31846409E+000  0.46007078E+000  0.62776830E+000  0.80318803E+000  0.91033847E+000  0.12870709E+001  0.18909218E+001  0.26322005E+001  0.40997791E+001  0.58399573E+001
  0.30299759E+000  0.31846409E+000  0.46007078E+000  0.62776830E+000  0.80318580E+000  0.91033298E+000  0.12870709E+001  0.18909115E+001  0.26321809E+001  0.40997780E+001  0.58399515E+001
  0.30299608E+000  0.31846409E+000  0.46007078E+000  0.62776830E+000  0.80318368E+000  0.91032780E+000  0.12870709E+001  0.18909017E+001  0.26321626E+001  0.40997789E+001  0.58399453E+001
  0.30299466E+000  0.31846409E+000  0.46007078E+000  0.62776830E+000  0.80318167E+000  0.91032292E+000  0.12870709E+001  0.18908923E+001  0.26321457E+001  0.40997757E+001  0.58399387E+001
  0.30299331E+000  0.31846409E+000  0.46007078E+000  0.62776830E+000  0.80317975E+000  0.91031828E+000  0.12870709E+001  0.18908833E+001  0.26321298E+001  0.40997744E+001  0.58399686E+001
  0.30299204E+000  0.31846409E+000  0.46007078E+000  0.62776830E+000  0.80317790E+000  0.91031388E+000  0.12870709E+001  0.18908746E+001  0.26321150E+001  0.40997731E+001  0.58399610E+001
  0.30299082E+000  0.31846409E+000  0.46007078E+000  0.62776830E+000  0.80317614E+000  0.91030968E+000  0.12870709E+001  0.18908663E+001  0.26321011E+001  0.40997717E+001  0.58399534E+001
  0.30298966E+000  0.31846409E+000  0.46007078E+000  0.62776830E+000  0.80317445E+000  0.91030566E+000  0.12870709E+001  0.18908583E+001  0.26320880E+001  0.40997704E+001  0.58399457E+001
  0.30298856E+000  0.31846409E+000  0.46007078E+000  0.62776830E+000  0.80317282E+000  0.91030181E+000  0.12870709E+001  0.18908505E+001  0.26320756E+001  0.40997690E+001  0.58399379E+001
  0.30298750E+000  0.31846409E+000  0.46007078E+000  0.62776830E+000  0.80317125E+000  0.91029811E+000  0.12870709E+001  0.18908430E+001  0.26320639E+001  0.40997676E+001  0.58399301E+001
  0.30298648E+000  0.31846409E+000  0.46007078E+000  0.62776830E+000  0.80316973E+000  0.91029455E+000  0.12870709E+001  0.18908358E+001  0.26320529E+001  0.40997662E+001  0.58399222E+001
  0.30298551E+000  0.31846409E+000  0.46007078E+000  0.62776830E+000  0.80316827E+000  0.91029111E+000  0.12870709E+001  0.18908287E+001  0.26320426E+001  0.40997649E+001  0.58399143E+001
  0.30298457E+000  0.31846409E+000  0.46007078E+000  0.62776830E+000  0.80316686E+000  0.91028779E+000  0.12870709E+001  0.18908219E+001  0.26320325E+001  0.40997635E+001  0.58399064E+001
  0.30298366E+000  0.31846409E+000  0.46007078E+000  0.62776830E+000  0.80316549E+000  0.91028458E+000  0.12870709E+001  0.18908152E+001  0.26320242E+001  0.40997622E+001  0.58398985E+001
  0.30298279E+000  0.31846409E+000  0.46007078E+000  0.62776830E+000  0.80316417E+000  0.91028146E+000  0.12870709E+001  0.18908087E+001  0.26320184E+001  0.40997609E+001  0.58398905E+001
  0.30298194E+000  0.31846409E+000  0.46007078E+000  0.62776830E+000  0.80316288E+000  0.91027843E+000  0.12870709E+001  0.18908024E+001  0.26323083E+001  0.40997596E+001  0.58398825E+001
  0.30298112E+000  0.31846409E+000  0.46007078E+000  0.62776830E+000  0.80316164E+000  0.91027547E+000  0.12870709E+001  0.18907961E+001  0.26322969E+001  0.40997583E+001  0.58398746E+001
  0.30298033E+000  0.31846409E+000  0.46007078E+000  0.62776830E+000  0.80316043E+000  0.91027259E+000  0.12870709E+001  0.18907900E+001  0.26322857E+001  0.40997570E+001  0.58398667E+001
  0.30297956E+000  0.31846409E+000  0.46007078E+000  0.62776830E+000  0.80315925E+000  0.91026978E+000  0.12870709E+001  0.18907840E+001  0.26322747E+001  0.40997558E+001  0.58398587E+001
  0.30297881E+000  0.31846409E+000  0.46007078E+000  0.62776830E+000  0.80315810E+000  0.91026702E+000  0.12870709E+001  0.18907781E+001  0.26322638E+001  0.40997546E+001  0.58398508E+001
  0.30297807E+000  0.31846409E+000  0.46007078E+000  0.62776830E+000  0.80315697E+000  0.91026430E+000  0.12870709E+001  0.18907722E+001  0.26322531E+001  0.40997534E+001  0.58398429E+001
  0.30297735E+000  0.31846409E+000  0.46007078E+000  0.62776830E+000  0.80315587E+000  0.91026163E+000  0.12870709E+001  0.18907664E+001  0.26322423E+001  0.40997522E+001  0.58398350E+001
  0.30297665E+000  0.31846409E+000  0.46007078E+000  0.62776830E+000  0.80315478E+000  0.91025900E+000  0.12870709E+001  0.18907607E+001  0.26322316E+001  0.40997784E+001  0.58398271E+001
  0.30297596E+000  0.31846409E+000  0.46007078E+000  0.62776830E+000  0.80315372E+000  0.91025639E+000  0.12870709E+001  0.18907550E+001  0.26322209E+001  0.40997752E+001  0.58398193E+001
  0.30297528E+000  0.31846409E+000  0.46007044E+000  0.62776830E+000  0.80315267E+000  0.91040543E+000  0.12870709E+001  0.18907493E+001  0.26322102E+001  0.40997720E+001  0.58398114E+001
  0.30297460E+000  0.31846409E+000  0.46007003E+000  0.62776830E+000  0.80315163E+000  0.91040283E+000  0.12870709E+001  0.18907437E+001  0.26321995E+001  0.40997779E+001  0.58398036E+001
  0.30297394E+000  0.31846409E+000  0.46006963E+000  0.62776830E+000  0.80315060E+000  0.91040025E+000  0.12870709E+001  0.18907381E+001  0.26321886E+001  0.40997760E+001  0.58397958E+001
  0.30297328E+000  0.31846409E+000  0.46006923E+000  0.62776830E+000  0.80314958E+000  0.91039769E+000  0.12870709E+001  0.18907325E+001  0.26321777E+001  0.40997741E+001  0.58397880E+001
  0.30297262E+000  0.31846409E+000  0.46006884E+000  0.62776830E+000  0.80314857E+000  0.91039513E+000  0.12870709E+001  0.18907270E+001  0.26321667E+001  0.40997721E+001  0.58397802E+001
  0.30297197E+000  0.31846409E+000  0.46007078E+000  0.62776830E+000  0.80314757E+000  0.91039260E+000  0.12870709E+001  0.18907215E+001  0.26321557E+001  0.40997702E+001  0.58397725E+001
  0.30297133E+000  0.31846409E+000  0.46007078E+000  0.62776830E+000  0.80314658E+000  0.91039008E+000  0.12870709E+001  0.18907160E+001  0.26321445E+001  0.40997683E+001  0.58397649E+001
  0.30297069E+000  0.31846409E+000  0.46007078E+000  0.62776830E+000  0.80314559E+000  0.91038757E+000  0.12870709E+001  0.18907106E+001  0.26321333E+001  0.40997664E+001  0.58397572E+001
  0.30297006E+000  0.31846409E+000  0.46007078E+000  0.62776830E+000  0.80314462E+000  0.91038510E+000  0.12870709E+001  0.18907053E+001  0.26321221E+001  0.40997645E+001  0.58397497E+001
  0.30296944E+000  0.31846409E+000  0.46007078E+000  0.62776830E+000  0.80314366E+000  0.91038264E+000  0.12870709E+001  0.18907000E+001  0.26321108E+001  0.40997627E+001  0.58397423E+001
  0.30296883E+000  0.31846409E+000  0.46007078E+000  0.62776830E+000  0.80314271E+000  0.91038023E+000  0.12870709E+001  0.18906949E+001  0.26320996E+001  0.40997609E+001  0.58397349E+001
  0.30296822E+000  0.31846409E+000  0.46007078E+000  0.62776830E+000  0.80314179E+000  0.91037785E+000  0.12870709E+001  0.18906898E+001  0.26320884E+001  0.40997591E+001  0.58397277E+001
  0.30296763E+000  0.31846409E+000  0.46007078E+000  0.62776830E+000  0.80314088E+000  0.91037552E+000  0.12870709E+001  0.18906849E+001  0.26320773E+001  0.40997573E+001  0.58397207E+001
  0.30296706E+000  0.31846409E+000  0.46007078E+000  0.62776830E+000  0.80313999E+000  0.91037325E+000  0.12870709E+001  0.18906801E+001  0.26320699E+001  0.40997556E+001  0.58397138E+001
  0.30296649E+000  0.31846409E+000  0.46007078E+000  0.62776830E+000  0.80313913E+000  0.91037103E+000  0.12870709E+001  0.18906755E+001  0.26320651E+001  0.40997539E+001  0.58397071E+001
  0.30296595E+000  0.31846409E+000  0.46007078E+000  0.62776830E+000  0.80313830E+000  0.91036888E+000  0.12870709E+001  0.18906710E+001  0.26320605E+001  0.40997523E+001  0.58397006E+001
  0.30296543E+000  0.31846409E+000  0.46007078E+000  0.62776830E+000  0.80313750E+000  0.91036681E+000  0.12870709E+001  0.18906667E+001  0.26320560E+001  0.40997507E+001  0.58396943E+001
  0.30296492E+000  0.31846409E+000  0.46007078E+000  0.62776830E+000  0.80313672E+000  0.91036481E+000  0.12870709E+001  0.18906626E+001  0.26320516E+001  0.40997492E+001  0.58396882E+001
  0.30296444E+000  0.31846409E+000  0.46007078E+000  0.62776830E+000  0.80313599E+000  0.91036289E+000  0.12870709E+001  0.18906587E+001  0.26320474E+001  0.40997478E+001  0.58396824E+001
  0.30296398E+000  0.31846409E+000  0.46007078E+000  0.62776830E+000  0.80313528E+000  0.91036106E+000  0.12870709E+001  0.18906549E+001  0.26318917E+001  0.40997464E+001  0.58396768E+001
  0.30296354E+000  0.31846409E+000  0.46007078E+000  0.62776830E+000  0.80313461E+000  0.91035931E+000  0.12870709E+001  0.18906514E+001  0.26318878E+001  0.40997451E+001  0.58396715E+001
  0.30296313E+000  0.31844239E+000  0.46007078E+000  0.62776830E+000  0.80313398E+000  0.91035766E+000  0.12870709E+001  0.18906481E+001  0.26318839E+001  0.40997438E+001  0.58396664E+001
  0.30296273E+000  0.31844226E+000  0.46007078E+000  0.62776830E+000  0.80313338E+000  0.91035610E+000  0.12870709E+001  0.18906449E+001  0.26318800E+001  0.40997426E+001  0.58396617E+001
  0.30296237E+000  0.31844215E+000  0.46007078E+000  0.62776830E+000  0.80313282E+000  0.91035463E+000  0.12870709E+001  0.18904193E+001  0.26318761E+001  0.40997415E+001  0.58396572E+001
  0.30296202E+000  0.31844204E+000  0.46007078E+000  0.62776830E+000  0.80313230E+000  0.91035326E+000  0.12870709E+001  0.18903123E+001  0.26318723E+001  0.40997405E+001  0.58396529E+001
  0.30296170E+000  0.31844194E+000  0.46007078E+000  0.62776830E+000  0.80313181E+000  0.91035198E+000  0.12870709E+001  0.18898579E+001  0.26318686E+001  0.40997395E+001  0.58396489E+001
  0.30296141E+000  0.31844185E+000  0.46007078E+000  0.62776830E+000  0.80313136E+000  0.91035079E+000  0.12870709E+001  0.18898320E+001  0.26318649E+001  0.40997385E+001  0.58396452E+001
  0.30296113E+000  0.31844176E+000  0.46007078E+000  0.62776830E+000  0.80313094E+000  0.91034969E+000  0.12870709E+001  0.18898053E+001  0.26318613E+001  0.40997377E+001  0.58396418E+001
  0.30296088E+000  0.31844169E+000  0.46007078E+000  0.62776830E+000  0.80313056E+000  0.91034868E+000  0.12870709E+001  0.18897780E+001  0.26318577E+001  0.40997369E+001  0.58396386E+001
  0.30296065E+000  0.31844161E+000  0.46007078E+000  0.62776830E+000  0.80313021E+000  0.91034775E+000  0.12870709E+001  0.18897501E+001  0.26318543E+001  0.40997361E+001  0.58396356E+001
  0.30296044E+000  0.31844155E+000  0.46007078E+000  0.62776830E+000  0.80312989E+000  0.91034691E+000  0.12870709E+001  0.18893893E+001  0.26318509E+001  0.40997354E+001  0.58396329E+001
  0.30296025E+000  0.31844149E+000  0.46007078E+000  0.62776830E+000  0.80312960E+000  0.91034614E+000  0.12870709E+001  0.18888880E+001  0.26318476E+001  0.40997348E+001  0.58396304E+001
  0.30296008E+000  0.31844144E+000  0.46007078E+000  0.62776830E+000  0.80312934E+000  0.91034545E+000  0.12870709E+001  0.18888760E+001  0.26318443E+001  0.40997342E+001  0.58396280E+001
  0.30295993E+000  0.31844139E+000  0.46007078E+000  0.62776830E+000  0.80312911E+000  0.91034483E+000  0.12870709E+001  0.18888747E+001  0.26318411E+001  0.40997336E+001  0.58396259E+001
  0.30295979E+000  0.31844135E+000  0.46007078E+000  0.62776830E+000  0.80312890E+000  0.91034428E+000  0.12870709E+001  0.18888736E+001  0.26318379E+001  0.40997331E+001  0.58396240E+001
  0.30295967E+000  0.31844131E+000  0.46007078E+000  0.62776830E+000  0.80312872E+000  0.91034379E+000  0.12870709E+001  0.18888726E+001  0.26318348E+001  0.40997326E+001  0.58396222E+001
  0.30295957E+000  0.31844128E+000  0.46007078E+000  0.62776830E+000  0.80312856E+000  0.91034336E+000  0.12870709E+001  0.18888718E+001  0.26318318E+001  0.40997321E+001  0.58396206E+001
  0.30295947E+000  0.31844125E+000  0.46007078E+000  0.62776830E+000  0.80312841E+000  0.91034298E+000  0.12870709E+001  0.18888712E+001  0.26318287E+001  0.40997317E+001  0.58396191E+001
  0.30295939E+000  0.31844123E+000  0.46007078E+000  0.62776830E+000  0.80312829E+000  0.91034266E+000  0.12870709E+001  0.18888707E+001  0.26318257E+001  0.40997312E+001  0.58396177E+001
  0.30295933E+000  0.31844121E+000  0.46007078E+000  0.62776830E+000  0.80312818E+000  0.91034237E+000  0.12870709E+001  0.18888413E+001  0.26318227E+001  0.40997309E+001  0.58396164E+001
  0.30295927E+000  0.31844119E+000  0.46007078E+000  0.62776830E+000  0.80312809E+000  0.91034213E+000  0.12870709E+001  0.18888246E+001  0.26318197E+001  0.40997305E+001  0.58396152E+001
  0.30295922E+000  0.31844118E+000  0.46007078E+000  0.62776830E+000  0.80312801E+000  0.91034193E+000  0.12870709E+001  0.18888078E+001  0.26318168E+001  0.40997301E+001  0.58396141E+001
  0.30295918E+000  0.31844116E+000  0.46007078E+000  0.62776830E+000  0.80312795E+000  0.91034176E+000  0.12870709E+001  0.18887911E+001  0.26318138E+001  0.40997298E+001  0.58396131E+001
  0.30295914E+000  0.31844115E+000  0.46007078E+000  0.62776830E+000  0.80312789E+000  0.91034163E+000  0.12870709E+001  0.18887743E+001  0.26317551E+001  0.40997295E+001  0.58396121E+001
  0.30295911E+000  0.31844115E+000  0.46007078E+000  0.62776830E+000  0.80312785E+000  0.91034151E+000  0.12870709E+001  0.18887575E+001  0.26317540E+001  0.40997291E+001  0.58396111E+001
  0.30295909E+000  0.31844114E+000  0.46007078E+000  0.62776830E+000  0.80312781E+000  0.91034143E+000  0.12870709E+001  0.18887407E+001  0.26317531E+001  0.40997288E+001  0.58396102E+001
  0.30295908E+000  0.31844114E+000  0.46007078E+000  0.62776830E+000  0.80312778E+000  0.91034136E+000  0.12870709E+001  0.18887237E+001  0.26317521E+001  0.40997285E+001  0.58396093E+001
  0.30295906E+000  0.31844113E+000  0.46007078E+000  0.62776830E+000  0.80312776E+000  0.91034131E+000  0.12870709E+001  0.18887067E+001  0.26317512E+001  0.40997282E+001  0.58396084E+001
  0.30295905E+000  0.31844113E+000  0.46007078E+000  0.62776830E+000  0.80312774E+000  0.91034127E+000  0.12870709E+001  0.18886896E+001  0.26317503E+001  0.40997279E+001  0.58396075E+001
  0.30295905E+000  0.31844113E+000  0.46007078E+000  0.62776830E+000  0.80312773E+000  0.91034125E+000  0.12870709E+001  0.18886723E+001  0.26317495E+001  0.40997276E+001  0.58396066E+001
  0.30295904E+000  0.31844113E+000  0.46007078E+000  0.62776830E+000  0.80312772E+000  0.91034123E+000  0.12870709E+001  0.18884909E+001  0.26317486E+001  0.40997273E+001  0.58396057E+001
  0.30295904E+000  0.31844113E+000  0.46007078E+000  0.62776830E+000  0.80312771E+000  0.91034123E+000  0.12870709E+001  0.18884502E+001  0.26317478E+001  0.40997270E+001  0.58396048E+001
  0.30295904E+000  0.31844113E+000  0.46007078E+000  0.62776830E+000  0.80312770E+000  0.91034123E+000  0.12870709E+001  0.18884404E+001  0.26317469E+001  0.40997267E+001  0.58396038E+001
  0.30295904E+000  0.31844113E+000  0.46007078E+000  0.62776830E+000  0.80312770E+000  0.91034124E+000  0.12870709E+001  0.18884305E+001  0.26317461E+001  0.40997264E+001  0.58396028E+001
  0.30295905E+000  0.31844113E+000  0.46007078E+000  0.62776830E+000  0.80312770E+000  0.91034125E+000  0.12870709E+001  0.18884206E+001  0.26317453E+001  0.40997261E+001  0.58396018E+001
  0.30295905E+000  0.31844113E+000  0.46007078E+000  0.62776830E+000  0.80312770E+000  0.91034127E+000  0.12870709E+001  0.18884107E+001  0.26317445E+001  0.40997257E+001  0.58396007E+001
  0.30295905E+000  0.31844113E+000  0.46007078E+000  0.62776830E+000  0.80312770E+000  0.91034128E+000  0.12870709E+001  0.18884007E+001  0.26317437E+001  0.40997254E+001  0.58395996E+001
  0.30295906E+000  0.31844114E+000  0.46007078E+000  0.62776830E+000  0.80312770E+000  0.91034130E+000  0.12870709E+001  0.18883907E+001  0.26317428E+001  0.40997251E+001  0.58395984E+001
  0.30295906E+000  0.31844114E+000  0.46007078E+000  0.62776830E+000  0.80312770E+000  0.91034131E+000  0.12870709E+001  0.18883807E+001  0.26317420E+001  0.40997247E+001  0.58395972E+001
  0.30295906E+000  0.31844114E+000  0.46007078E+000  0.62776830E+000  0.80312769E+000  0.91034133E+000  0.12870709E+001  0.18883706E+001  0.26317412E+001  0.40997244E+001  0.58395960E+001
  0.30295907E+000  0.31844114E+000  0.46007078E+000  0.62776830E+000  0.80312769E+000  0.91034135E+000  0.12870709E+001  0.18883605E+001  0.26317403E+001  0.40997240E+001  0.58395946E+001
  0.30295907E+000  0.31844114E+000  0.46007078E+000  0.62776830E+000  0.80312769E+000  0.91034136E+000  0.12870709E+001  0.18883504E+001  0.26317395E+001  0.40997237E+001  0.58395932E+001
  0.30295907E+000  0.31844114E+000  0.46007078E+000  0.62776830E+000  0.80312769E+000  0.91034137E+000  0.12870709E+001  0.18883404E+001  0.26317387E+001  0.40997233E+001  0.58395918E+001
  0.30295907E+000  0.31844114E+000  0.46007078E+000  0.62776830E+000  0.80312769E+000  0.91034138E+000  0.12870709E+001  0.18883303E+001  0.26317378E+001  0.40997229E+001  0.58395903E+001
  0.30295907E+000  0.31844114E+000  0.46007078E+000  0.62776830E+000  0.80312768E+000  0.91034139E+000  0.12870709E+001  0.18883202E+001  0.26317369E+001  0.40997226E+001  0.58395888E+001
  0.30295907E+000  0.31844115E+000  0.46007078E+000  0.62776830E+000  0.80312768E+000  0.91034140E+000  0.12870709E+001  0.18883102E+001  0.26317361E+001  0.40997222E+001  0.58395872E+001
  0.30295907E+000  0.31844115E+000  0.46007078E+000  0.62776830E+000  0.80312768E+000  0.91034140E+000  0.12870709E+001  0.18883003E+001  0.26317352E+001  0.40997218E+001  0.58395855E+001
  0.30295907E+000  0.31844115E+000  0.46007078E+000  0.62776830E+000  0.80312767E+000  0.91034140E+000  0.12870709E+001  0.18882903E+001  0.26317343E+001  0.40997214E+001  0.58395838E+001
  0.30295907E+000  0.31844115E+000  0.46007078E+000  0.62776830E+000  0.80312766E+000  0.91034140E+000  0.12870709E+001  0.18882795E+001  0.26317335E+001  0.40997210E+001  0.58395821E+001
  0.30295907E+000  0.31844115E+000  0.46007078E+000  0.62776830E+000  0.80312766E+000  0.91034139E+000  0.12870709E+001  0.18880542E+001  0.26317326E+001  0.40997206E+001  0.58395803E+001
  0.30295907E+000  0.31844115E+000  0.46007078E+000  0.62776830E+000  0.80312765E+000  0.91034139E+000  0.12870709E+001  0.18878576E+001  0.26317317E+001  0.40997202E+001  0.58395784E+001
  0.30295907E+000  0.31844114E+000  0.46007078E+000  0.62776830E+000  0.80312764E+000  0.91034138E+000  0.12870709E+001  0.18878555E+001  0.26317308E+001  0.40997198E+001  0.58395765E+001
  0.30295906E+000  0.31844114E+000  0.46007078E+000  0.62776830E+000  0.80312763E+000  0.91034137E+000  0.12870709E+001  0.18878534E+001  0.26317300E+001  0.40997194E+001  0.58395746E+001
  0.30295906E+000  0.31844114E+000  0.46007078E+000  0.62776830E+000  0.80312762E+000  0.91034136E+000  0.12870709E+001  0.18878513E+001  0.26317291E+001  0.40997190E+001  0.58395726E+001
  0.30295906E+000  0.31844114E+000  0.46007078E+000  0.62776830E+000  0.80312761E+000  0.91034134E+000  0.12870709E+001  0.18878492E+001  0.26317282E+001  0.40997185E+001  0.58395706E+001
  0.30295905E+000  0.31844114E+000  0.46007078E+000  0.62776830E+000  0.80312760E+000  0.91034133E+000  0.12870709E+001  0.18878472E+001  0.26317273E+001  0.40997181E+001  0.58395685E+001
  0.30295905E+000  0.31844114E+000  0.46007078E+000  0.62776830E+000  0.80312759E+000  0.91034131E+000  0.12870709E+001  0.18878452E+001  0.26317265E+001  0.40997177E+001  0.58395664E+001
  0.30295904E+000  0.31844114E+000  0.46007078E+000  0.62776830E+000  0.80312758E+000  0.91034129E+000  0.12870709E+001  0.18878432E+001  0.26317256E+001  0.40997173E+001  0.58395643E+001
  0.30295904E+000  0.31844114E+000  0.46007078E+000  0.62776830E+000  0.80312756E+000  0.91034127E+000  0.12870709E+001  0.18878412E+001  0.26317247E+001  0.40997169E+001  0.58395621E+001
  0.30295903E+000  0.31844114E+000  0.46007078E+000  0.62776830E+000  0.80312755E+000  0.91034124E+000  0.12870709E+001  0.18878393E+001  0.26317239E+001  0.40997164E+001  0.58395600E+001
  0.30295903E+000  0.31844113E+000  0.46007078E+000  0.62776830E+000  0.80312754E+000  0.91034122E+000  0.12870709E+001  0.18878374E+001  0.26317230E+001  0.40997160E+001  0.58395578E+001
  0.30295902E+000  0.31844113E+000  0.46007078E+000  0.62776830E+000  0.80312752E+000  0.91034119E+000  0.12870709E+001  0.18878355E+001  0.26317222E+001  0.40997156E+001  0.58395555E+001
  0.30295901E+000  0.31844113E+000  0.46007078E+000  0.62776830E+000  0.80312751E+000  0.91034117E+000  0.12870709E+001  0.18878336E+001  0.26317214E+001  0.40997152E+001  0.58395533E+001
  0.30295901E+000  0.31844113E+000  0.46007078E+000  0.62776830E+000  0.80312750E+000  0.91034114E+000  0.12870709E+001  0.18878318E+001  0.26317205E+001  0.40997148E+001  0.58395511E+001
  0.30295900E+000  0.31844113E+000  0.46007078E+000  0.62776830E+000  0.80312748E+000  0.91034111E+000  0.12870709E+001  0.18878300E+001  0.26317197E+001  0.40997143E+001  0.58395488E+001
  0.30295899E+000  0.31844112E+000  0.46007078E+000  0.62776830E+000  0.80312747E+000  0.91034108E+000  0.12870709E+001  0.18878283E+001  0.26317189E+001  0.40997139E+001  0.58395465E+001
  0.30295899E+000  0.31844112E+000  0.46007078E+000  0.62776830E+000  0.80312746E+000  0.91034105E+000  0.12870709E+001  0.18878266E+001  0.26317181E+001  0.40997135E+001  0.58395442E+001
  0.30295898E+000  0.31844112E+000  0.46007078E+000  0.62776830E+000  0.80312744E+000  0.91034102E+000  0.12870709E+001  0.18878249E+001  0.26317173E+001  0.40997131E+001  0.58395420E+001
  0.30295897E+000  0.31844112E+000  0.46007078E+000  0.62776830E+000  0.80312743E+000  0.91034099E+000  0.12870709E+001  0.18878232E+001  0.26317165E+001  0.40997127E+001  0.58395397E+001
  0.30295897E+000  0.31844112E+000  0.46007078E+000  0.62776830E+000  0.80312742E+000  0.91034096E+000  0.12870709E+001  0.18878216E+001  0.26317158E+001  0.40997123E+001  0.58395374E+001
  0.30295896E+000  0.31844111E+000  0.46007078E+000  0.62776830E+000  0.80312740E+000  0.91034093E+000  0.12870709E+001  0.18878200E+001  0.26317150E+001  0.40997119E+001  0.58395351E+001
  0.30295895E+000  0.31844111E+000  0.46007078E+000  0.62776830E+000  0.80312739E+000  0.91034090E+000  0.12870709E+001  0.18878185E+001  0.26317132E+001  0.40997115E+001  0.58395329E+001
  0.30295894E+000  0.31844111E+000  0.46007078E+000  0.62776830E+000  0.80312738E+000  0.91034087E+000  0.12870709E+001  0.18878170E+001  0.26317109E+001  0.40997112E+001  0.58395306E+001
  0.30295894E+000  0.31844111E+000  0.46007078E+000  0.62776830E+000  0.80312737E+000  0.91034084E+000  0.12870709E+001  0.18878156E+001  0.26317085E+001  0.40997108E+001  0.58395284E+001
  0.30295893E+000  0.31844111E+000  0.46007078E+000  0.62776830E+000  0.80312735E+000  0.91034081E+000  0.12870709E+001  0.18878141E+001  0.26317063E+001  0.40997104E+001  0.58395261E+001
  0.30295892E+000  0.31844110E+000  0.46007078E+000  0.62776830E+000  0.80312734E+000  0.91034078E+000  0.12870709E+001  0.18878127E+001  0.26317040E+001  0.40997100E+001  0.58395239E+001
  0.30295892E+000  0.31844110E+000  0.46007078E+000  0.62776830E+000  0.80312733E+000  0.91034076E+000  0.12870709E+001  0.18878114E+001  0.26317019E+001  0.40997097E+001  0.58395217E+001
  0.30295891E+000  0.31844110E+000  0.46007078E+000  0.62776830E+000  0.80312732E+000  0.91034073E+000  0.12870709E+001  0.18878101E+001  0.26316997E+001  0.40997093E+001  0.58395196E+001
  0.30295891E+000  0.31844110E+000  0.46007078E+000  0.62776830E+000  0.80312731E+000  0.91034070E+000  0.12870709E+001  0.18878088E+001  0.26316977E+001  0.40997090E+001  0.58395174E+001
  0.30295890E+000  0.31844110E+000  0.46007078E+000  0.62776830E+000  0.80312730E+000  0.91034067E+000  0.12870709E+001  0.18878076E+001  0.26316956E+001  0.40997086E+001  0.58395153E+001
  0.30295889E+000  0.31844109E+000  0.46007078E+000  0.62776830E+000  0.80312729E+000  0.91034065E+000  0.12870709E+001  0.18878064E+001  0.26316936E+001  0.40997083E+001  0.58395132E+001
  0.30295889E+000  0.31844109E+000  0.46007078E+000  0.62776830E+000  0.80312728E+000  0.91034062E+000  0.12870709E+001  0.18878052E+001  0.26316917E+001  0.40997080E+001  0.58395111E+001
  0.30295888E+000  0.31844109E+000  0.46007078E+000  0.62776830E+000  0.80312727E+000  0.91034060E+000  0.12870709E+001  0.18878041E+001  0.26316898E+001  0.40997077E+001  0.58395091E+001
  0.30295888E+000  0.31844109E+000  0.46007078E+000  0.62776830E+000  0.80312726E+000  0.91034057E+000  0.12870709E+001  0.18878030E+001  0.26316880E+001  0.40997073E+001  0.58395071E+001
  0.30295887E+000  0.31844109E+000  0.46007078E+000  0.62776830E+000  0.80312725E+000  0.91034055E+000  0.12870709E+001  0.18878019E+001  0.26316862E+001  0.40997070E+001  0.58395051E+001
  0.30295887E+000  0.31844109E+000  0.46007078E+000  0.62776830E+000  0.80312724E+000  0.91034053E+000  0.12870709E+001  0.18878009E+001  0.26316845E+001  0.40997067E+001  0.58395032E+001
  0.30295886E+000  0.31844108E+000  0.46007078E+000  0.62776830E+000  0.80312723E+000  0.91034051E+000  0.12870709E+001  0.18877999E+001  0.26316828E+001  0.40997064E+001  0.58395013E+001
  0.30295886E+000  0.31844108E+000  0.46007078E+000  0.62776830E+000  0.80312723E+000  0.91034049E+000  0.12870709E+001  0.18877989E+001  0.26316811E+001  0.40997062E+001  0.58394994E+001
  0.30295886E+000  0.31844108E+000  0.46007078E+000  0.62776830E+000  0.80312722E+000  0.91034047E+000  0.12870709E+001  0.18877980E+001  0.26316795E+001  0.40997059E+001  0.58394975E+001
  0.30295885E+000  0.31844108E+000  0.46007078E+000  0.62776830E+000  0.80312721E+000  0.91034045E+000  0.12870709E+001  0.18877971E+001  0.26316780E+001  0.40997056E+001  0.58394957E+001
  0.30295885E+000  0.31844108E+000  0.46007078E+000  0.62776830E+000  0.80312721E+000  0.91034044E+000  0.12870709E+001  0.18877963E+001  0.26316765E+001  0.40997053E+001  0.58394940E+001
  0.30295885E+000  0.31844108E+000  0.46007078E+000  0.62776830E+000  0.80312720E+000  0.91034042E+000  0.12870709E+001  0.18877954E+001  0.26316750E+001  0.40997051E+001  0.58394922E+001
  0.30295884E+000  0.31844108E+000  0.46007078E+000  0.62776830E+000  0.80312720E+000  0.91034041E+000  0.12870709E+001  0.18877946E+001  0.26316736E+001  0.40997048E+001  0.58394906E+001
  0.30295884E+000  0.31844108E+000  0.46007078E+000  0.62776830E+000  0.80312719E+000  0.91034039E+000  0.12870709E+001  0.18877938E+001  0.26316722E+001  0.40997046E+001  0.58394889E+001
  0.30295884E+000  0.31844108E+000  0.46007078E+000  0.62776830E+000  0.80312719E+000  0.91034038E+000  0.12870709E+001  0.18877931E+001  0.26316709E+001  0.40997044E+001  0.58394873E+001
  0.30295884E+000  0.31844108E+000  0.46007078E+000  0.62776830E+000  0.80312718E+000  0.91034037E+000  0.12870709E+001  0.18877924E+001  0.26316696E+001  0.40997041E+001  0.58394857E+001
  0.30295884E+000  0.31844108E+000  0.46007078E+000  0.62776830E+000  0.80312718E+000  0.91034036E+000  0.12870709E+001  0.18877917E+001  0.26316683E+001  0.40997039E+001  0.58394842E+001
  0.30295883E+000  0.31844108E+000  0.46007078E+000  0.62776830E+000  0.80312718E+000  0.91034035E+000  0.12870709E+001  0.18877910E+001  0.26316671E+001  0.40997037E+001  0.58394827E+001
  0.30295883E+000  0.31844107E+000  0.46007078E+000  0.62776830E+000  0.80312718E+000  0.91034035E+000  0.12870709E+001  0.18877903E+001  0.26316659E+001  0.40997035E+001  0.58394812E+001
  0.30295883E+000  0.31844107E+000  0.46007078E+000  0.62776830E+000  0.80312717E+000  0.91034034E+000  0.12870709E+001  0.18877897E+001  0.26316648E+001  0.40997033E+001  0.58394798E+001
  0.30295883E+000  0.31844107E+000  0.46007078E+000  0.62776830E+000  0.80312717E+000  0.91034033E+000  0.12870709E+001  0.18877891E+001  0.26316637E+001  0.40997031E+001  0.58394784E+001
  0.30295883E+000  0.31844107E+000  0.46007078E+000  0.62776830E+000  0.80312717E+000  0.91034033E+000  0.12870709E+001  0.18877885E+001  0.26316627E+001  0.40997029E+001  0.58394770E+001
  0.30295883E+000  0.31844107E+000  0.46007078E+000  0.62776830E+000  0.80312717E+000  0.91034033E+000  0.12870709E+001  0.18877880E+001  0.26316616E+001  0.40997027E+001  0.58394757E+001
  0.30295883E+000  0.31844107E+000  0.46007078E+000  0.62776830E+000  0.80312717E+000  0.91034032E+000  0.12870709E+001  0.18877875E+001  0.26316606E+001  0.40997026E+001  0.58394745E+001
  0.30295883E+000  0.31844107E+000  0.46007078E+000  0.62776830E+000  0.80312717E+000  0.91034032E+000  0.12870709E+001  0.18877869E+001  0.26316597E+001  0.40997024E+001  0.58394732E+001
  0.30295883E+000  0.31844107E+000  0.46007078E+000  0.62776830E+000  0.80312717E+000  0.91034032E+000  0.12870709E+001  0.18877864E+001  0.26316588E+001  0.40997022E+001  0.58394720E+001
  0.30295883E+000  0.31844107E+000  0.46007078E+000  0.62776830E+000  0.80312717E+000  0.91034032E+000  0.12870709E+001  0.18877860E+001  0.26316579E+001  0.40997021E+001  0.58394708E+001
  0.30295883E+000  0.31844107E+000  0.46007078E+000  0.62776830E+000  0.80312717E+000  0.91034032E+000  0.12870709E+001  0.18877855E+001  0.26316570E+001  0.40997019E+001  0.58394697E+001
  0.30295883E+000  0.31844107E+000  0.46007078E+000  0.62776830E+000  0.80312717E+000  0.91034032E+000  0.12870709E+001  0.18877850E+001  0.26316562E+001  0.40997018E+001  0.58394686E+001
  0.30295883E+000  0.31844107E+000  0.46007078E+000  0.62776830E+000  0.80312717E+000  0.91034033E+000  0.12870709E+001  0.18877846E+001  0.26316554E+001  0.40997016E+001  0.58394675E+001
  0.30295883E+000  0.31844108E+000  0.46007078E+000  0.62776830E+000  0.80312717E+000  0.91034033E+000  0.12870709E+001  0.18877842E+001  0.26316546E+001  0.40997015E+001  0.58394665E+001
  0.30295884E+000  0.31844108E+000  0.46007078E+000  0.62776830E+000  0.80312717E+000  0.91034033E+000  0.12870709E+001  0.18877838E+001  0.26316539E+001  0.40997014E+001  0.58394655E+001
  0.30295884E+000  0.31844108E+000  0.46007078E+000  0.62776830E+000  0.80312718E+000  0.91034034E+000  0.12870709E+001  0.18877834E+001  0.26316531E+001  0.40997012E+001  0.58394645E+001
  0.30295884E+000  0.31844108E+000  0.46007078E+000  0.62776830E+000  0.80312718E+000  0.91034034E+000  0.12870709E+001  0.18877830E+001  0.26316524E+001  0.40997011E+001  0.58394636E+001
  0.30295884E+000  0.31844108E+000  0.46007078E+000  0.62776830E+000  0.80312718E+000  0.91034035E+000  0.12870709E+001  0.18877827E+001  0.26316518E+001  0.40997010E+001  0.58394627E+001
  0.30295884E+000  0.31844108E+000  0.46007078E+000  0.62776830E+000  0.80312718E+000  0.91034035E+000  0.12870709E+001  0.18877823E+001  0.26316511E+001  0.40997009E+001  0.58394618E+001
  0.30295884E+000  0.31844108E+000  0.46007078E+000  0.62776830E+000  0.80312718E+000  0.91034036E+000  0.12870709E+001  0.18877820E+001  0.26316505E+001  0.40997008E+001  0.58394609E+001
  0.30295884E+000  0.31844108E+000  0.46007078E+000  0.62776830E+000  0.80312718E+000  0.91034036E+000  0.12870709E+001  0.18877817E+001  0.26316499E+001  0.40997007E+001  0.58394601E+001
  0.30295885E+000  0.31844108E+000  0.46007078E+000  0.62776830E+000  0.80312719E+000  0.91034037E+000  0.12870709E+001  0.18877814E+001  0.26316493E+001  0.40997006E+001  0.58394593E+001
  0.30295885E+000  0.31844108E+000  0.46007078E+000  0.62776830E+000  0.80312719E+000  0.91034038E+000  0.12870709E+001  0.18877811E+001  0.26316487E+001  0.40997005E+001  0.58394585E+001
  0.30295885E+000  0.31844108E+000  0.46007078E+000  0.62776830E+000  0.80312719E+000  0.91034038E+000  0.12870709E+001  0.18877808E+001  0.26316482E+001  0.40997004E+001  0.58394578E+001
  0.30295885E+000  0.31844108E+000  0.46007078E+000  0.62776830E+000  0.80312719E+000  0.91034039E+000  0.12870709E+001  0.18877805E+001  0.26316476E+001  0.40997003E+001  0.58394570E+001
  0.30295885E+000  0.31844108E+000  0.46007078E+000  0.62776830E+000  0.80312720E+000  0.91034040E+000  0.12870709E+001  0.18877802E+001  0.26316471E+001  0.40997002E+001  0.58394563E+001
  0.30295885E+000  0.31844108E+000  0.46007078E+000  0.62776830E+000  0.80312720E+000  0.91034040E+000  0.12870709E+001  0.18877800E+001  0.26316466E+001  0.40997001E+001  0.58394557E+001
  0.30295886E+000  0.31844108E+000  0.46007078E+000  0.62776830E+000  0.80312720E+000  0.91034041E+000  0.12870709E+001  0.18877797E+001  0.26316462E+001  0.40997001E+001  0.58394550E+001
  0.30295886E+000  0.31844108E+000  0.46007078E+000  0.62776830E+000  0.80312720E+000  0.91034042E+000  0.12870709E+001  0.18877795E+001  0.26316457E+001  0.40997000E+001  0.58394544E+001
  0.30295886E+000  0.31844108E+000  0.46007078E+000  0.62776830E+000  0.80312720E+000  0.91034043E+000  0.12870709E+001  0.18877792E+001  0.26316453E+001  0.40996999E+001  0.58394538E+001
  0.30295886E+000  0.31844108E+000  0.46007078E+000  0.62776830E+000  0.80312721E+000  0.91034043E+000  0.12870709E+001  0.18877790E+001  0.26316448E+001  0.40996998E+001  0.58394532E+001
  0.30295886E+000  0.31844108E+000  0.46007078E+000  0.62776830E+000  0.80312721E+000  0.91034044E+000  0.12870709E+001  0.18877788E+001  0.26316444E+001  0.40996998E+001  0.58394526E+001
  0.30295886E+000  0.31844109E+000  0.46007078E+000  0.62776830E+000  0.80312721E+000  0.91034045E+000  0.12870709E+001  0.18877785E+001  0.26316440E+001  0.40996997E+001  0.58394520E+001
  0.30295887E+000  0.31844109E+000  0.46007078E+000  0.62776830E+000  0.80312721E+000  0.91034045E+000  0.12870709E+001  0.18877783E+001  0.26316436E+001  0.40996996E+001  0.58394515E+001
  0.30295887E+000  0.31844109E+000  0.46007078E+000  0.62776830E+000  0.80312721E+000  0.91034046E+000  0.12870709E+001  0.18877781E+001  0.26316433E+001  0.40996996E+001  0.58394510E+001
  0.30295887E+000  0.31844109E+000  0.46007078E+000  0.62776830E+000  0.80312722E+000  0.91034047E+000  0.12870709E+001  0.18877779E+001  0.26316429E+001  0.40996995E+001  0.58394505E+001
  0.30295887E+000  0.31844109E+000  0.46007078E+000  0.62776830E+000  0.80312722E+000  0.91034048E+000  0.12870709E+001  0.18877777E+001  0.26316426E+001  0.40996995E+001  0.58394501E+001
  0.30295887E+000  0.31844109E+000  0.46007078E+000  0.62776830E+000  0.80312723E+000  0.91034049E+000  0.12870709E+001  0.18877776E+001  0.26316422E+001  0.40996995E+001  0.58394497E+001
  0.30295889E+000  0.31844109E+000  0.46007078E+000  0.62776830E+000  0.80312725E+000  0.91034056E+000  0.12870709E+001  0.18877775E+001  0.26316421E+001  0.40996995E+001  0.58394493E+001
