  0.49649834E-002
  0.48218207E-002
  0.47869108E-002
  0.47848580E-002
  0.47942279E-002
  0.48078070E-002
  0.48226569E-002
  0.48373473E-002
  0.48513673E-002
  0.48644217E-002
  0.48763300E-002
  0.48870696E-002
  0.48966900E-002
  0.49052652E-002
  0.49128808E-002
  0.49196378E-002
  0.49256443E-002
  0.49309843E-002
  0.49357414E-002
  0.49399841E-002
  0.49437849E-002
  0.49472007E-002
  0.49502858E-002
  0.49530842E-002
  0.49556332E-002
  0.49579673E-002
  0.49601134E-002
  0.49620964E-002
  0.49639332E-002
  0.49656404E-002
  0.49672319E-002
  0.49687199E-002
  0.49701138E-002
  0.49714229E-002
  0.49726543E-002
  0.49738151E-002
  0.49749103E-002
  0.49759463E-002
  0.49769275E-002
  0.49778585E-002
  0.49787444E-002
  0.49795890E-002
  0.49803969E-002
  0.49811726E-002
  0.49819202E-002
  0.49826431E-002
  0.49833466E-002
  0.49840335E-002
  0.49847074E-002
  0.49853708E-002
  0.49860266E-002
  0.49866762E-002
  0.49873205E-002
  0.49879600E-002
  0.49885942E-002
  0.49892228E-002
  0.49898435E-002
  0.49904558E-002
  0.49910568E-002
  0.49916454E-002
  0.49922190E-002
  0.49927760E-002
  0.49933146E-002
  0.49938333E-002
  0.49943305E-002
  0.49948054E-002
  0.49952569E-002
  0.49956845E-002
  0.49960875E-002
  0.49964660E-002
  0.49968197E-002
  0.49971489E-002
  0.49974540E-002
  0.49977354E-002
  0.49979937E-002
  0.49982298E-002
  0.49984443E-002
  0.49986385E-002
  0.49988131E-002
  0.49989695E-002
  0.49991086E-002
  0.49992315E-002
  0.49993396E-002
  0.49994339E-002
  0.49995154E-002
  0.49995855E-002
  0.49996451E-002
  0.49996954E-002
  0.49997371E-002
  0.49997714E-002
  0.49997991E-002
  0.49998210E-002
  0.49998380E-002
  0.49998505E-002
  0.49998595E-002
  0.49998653E-002
  0.49998686E-002
  0.49998699E-002
  0.49998694E-002
  0.49998677E-002
  0.49998650E-002
  0.49998617E-002
  0.49998578E-002
  0.49998538E-002
  0.49998497E-002
  0.49998457E-002
  0.49998419E-002
  0.49998384E-002
  0.49998353E-002
  0.49998326E-002
  0.49998304E-002
  0.49998287E-002
  0.49998275E-002
  0.49998268E-002
  0.49998267E-002
  0.49998271E-002
  0.49998280E-002
  0.49998294E-002
  0.49998313E-002
  0.49998336E-002
  0.49998364E-002
  0.49998396E-002
  0.49998432E-002
  0.49998471E-002
  0.49998514E-002
  0.49998560E-002
  0.49998609E-002
  0.49998660E-002
  0.49998714E-002
  0.49998769E-002
  0.49998826E-002
  0.49998885E-002
  0.49998945E-002
  0.49999006E-002
  0.49999068E-002
  0.49999130E-002
  0.49999192E-002
  0.49999255E-002
  0.49999317E-002
  0.49999380E-002
  0.49999441E-002
  0.49999502E-002
  0.49999562E-002
  0.49999621E-002
  0.49999679E-002
  0.49999736E-002
  0.49999791E-002
  0.49999844E-002
  0.49999896E-002
  0.49999945E-002
  0.49999993E-002
  0.50000039E-002
  0.50000083E-002
  0.50000124E-002
  0.50000163E-002
  0.50000200E-002
  0.50000235E-002
  0.50000267E-002
  0.50000297E-002
  0.50000325E-002
  0.50000350E-002
  0.50000373E-002
  0.50000394E-002
  0.50000412E-002
  0.50000428E-002
  0.50000442E-002
  0.50000454E-002
  0.50000464E-002
  0.50000472E-002
  0.50000477E-002
  0.50000481E-002
  0.50000484E-002
  0.50000484E-002
  0.50000483E-002
  0.50000480E-002
  0.50000476E-002
  0.50000471E-002
  0.50000464E-002
  0.50000457E-002
  0.50000448E-002
  0.50000438E-002
  0.50000428E-002
  0.50000416E-002
  0.50000404E-002
  0.50000392E-002
  0.50000379E-002
  0.50000365E-002
  0.50000351E-002
  0.50000337E-002
  0.50000322E-002
  0.50000308E-002
  0.50000293E-002
  0.50000279E-002
  0.50000264E-002
  0.50000249E-002
  0.50000235E-002
  0.50000222E-002
  0.50000212E-002
  0.50000231E-002
  0.50000237E-002
