  0.58306951E+000  0.28523443E+000  0.23348228E+001  0.38852802E+002
  0.58304622E+000  0.28565066E+000  0.23411998E+001  0.38863796E+002
  0.58250027E+000  0.28597628E+000  0.23446896E+001  0.38873708E+002
  0.58243190E+000  0.28648941E+000  0.23534819E+001  0.38874917E+002
  0.58236719E+000  0.28606703E+000  0.23549847E+001  0.38882378E+002
  0.58240662E+000  0.31010299E+000  0.23352203E+001  0.38885002E+002
  0.58098405E+000  0.31212954E+000  0.23417731E+001  0.38883537E+002
  0.58086768E+000  0.31233520E+000  0.23424589E+001  0.38887435E+002
  0.58089109E+000  0.31238964E+000  0.23461388E+001  0.38887506E+002
  0.58079182E+000  0.31253184E+000  0.23466300E+001  0.38890102E+002
  0.58071193E+000  0.31266722E+000  0.23470709E+001  0.38892154E+002
  0.58065038E+000  0.31277475E+000  0.23485073E+001  0.38892733E+002
  0.58062176E+000  0.31284220E+000  0.23554080E+001  0.38887447E+002
  0.58063339E+000  0.31286286E+000  0.23565509E+001  0.38887584E+002
  0.57931705E+000  0.31504861E+000  0.23558645E+001  0.38888424E+002
  0.57932342E+000  0.31508396E+000  0.23569832E+001  0.38888044E+002
  0.57932837E+000  0.31509697E+000  0.23570678E+001  0.38888515E+002
  0.57933242E+000  0.31510704E+000  0.23582578E+001  0.38887712E+002
  0.57933541E+000  0.31511521E+000  0.23582873E+001  0.38887924E+002
  0.57933731E+000  0.31512180E+000  0.23623922E+001  0.38883938E+002
  0.57933814E+000  0.31512704E+000  0.23636626E+001  0.38882682E+002
  0.57933814E+000  0.31487439E+000  0.23638914E+001  0.38882636E+002
  0.57933751E+000  0.31487729E+000  0.23638493E+001  0.38882528E+002
  0.57933623E+000  0.31487927E+000  0.23637951E+001  0.38882368E+002
  0.57933439E+000  0.31490984E+000  0.23637009E+001  0.38882164E+002
  0.57933206E+000  0.31491030E+000  0.23636273E+001  0.38881923E+002
  0.57932894E+000  0.31491055E+000  0.23635461E+001  0.38881649E+002
  0.57932577E+000  0.31490993E+000  0.23634589E+001  0.38881347E+002
  0.57932226E+000  0.31490890E+000  0.23633668E+001  0.38881022E+002
  0.57931844E+000  0.31490751E+000  0.23632710E+001  0.38880677E+002
  0.57931433E+000  0.31490580E+000  0.23631725E+001  0.38880314E+002
  0.57930998E+000  0.31487445E+000  0.23631017E+001  0.38879936E+002
  0.57930541E+000  0.31487227E+000  0.23630008E+001  0.38879545E+002
  0.57930063E+000  0.31486992E+000  0.23628999E+001  0.38879142E+002
  0.57929568E+000  0.31486743E+000  0.23627997E+001  0.38878729E+002
  0.57929040E+000  0.31486492E+000  0.23627009E+001  0.38878307E+002
  0.57928516E+000  0.31486224E+000  0.23626039E+001  0.38877877E+002
  0.57927979E+000  0.31485947E+000  0.23625090E+001  0.38877440E+002
  0.57927433E+000  0.31485666E+000  0.23624167E+001  0.38876998E+002
  0.57926878E+000  0.31485381E+000  0.23623270E+001  0.38876551E+002
  0.57926317E+000  0.31485092E+000  0.23622401E+001  0.38876099E+002
  0.57925751E+000  0.31484800E+000  0.23621558E+001  0.38875645E+002
  0.57925183E+000  0.31484507E+000  0.23620740E+001  0.38875190E+002
  0.57924613E+000  0.31484212E+000  0.23619946E+001  0.38874733E+002
  0.57924044E+000  0.31483916E+000  0.23619172E+001  0.38874276E+002
  0.57923478E+000  0.31483620E+000  0.23618415E+001  0.38873821E+002
  0.57922915E+000  0.31483324E+000  0.23617673E+001  0.38873368E+002
  0.57922358E+000  0.31483030E+000  0.23616942E+001  0.38872919E+002
  0.57921808E+000  0.31482738E+000  0.23616219E+001  0.38872474E+002
  0.57921266E+000  0.31482449E+000  0.23615503E+001  0.38872035E+002
  0.57920733E+000  0.31482165E+000  0.23601974E+001  0.38872884E+002
  0.57920210E+000  0.31481888E+000  0.23601266E+001  0.38872460E+002
  0.57919697E+000  0.31481618E+000  0.23600562E+001  0.38872043E+002
  0.57919195E+000  0.31481357E+000  0.23599860E+001  0.38871637E+002
  0.57918704E+000  0.31481105E+000  0.23599162E+001  0.38871241E+002
  0.57918225E+000  0.31480864E+000  0.23598468E+001  0.38870856E+002
  0.57917756E+000  0.31480634E+000  0.23597779E+001  0.38870483E+002
  0.57917299E+000  0.31480415E+000  0.23597098E+001  0.38870123E+002
  0.57916853E+000  0.31480208E+000  0.23596424E+001  0.38869776E+002
  0.57916418E+000  0.31480011E+000  0.23595761E+001  0.38869443E+002
  0.57915994E+000  0.31479826E+000  0.23595108E+001  0.38869125E+002
  0.57915580E+000  0.31479651E+000  0.23594468E+001  0.38868821E+002
  0.57915178E+000  0.31479485E+000  0.23593842E+001  0.38868533E+002
  0.57914786E+000  0.31479329E+000  0.23593231E+001  0.38868260E+002
  0.57914405E+000  0.31479181E+000  0.23592636E+001  0.38868004E+002
  0.57914035E+000  0.31479040E+000  0.23592057E+001  0.38867763E+002
  0.57913676E+000  0.31478907E+000  0.23591495E+001  0.38867538E+002
  0.57913329E+000  0.31478780E+000  0.23590952E+001  0.38867328E+002
  0.57912992E+000  0.31478659E+000  0.23590427E+001  0.38867135E+002
  0.57912667E+000  0.31478545E+000  0.23589921E+001  0.38866956E+002
  0.57912353E+000  0.31478435E+000  0.23589433E+001  0.38866793E+002
  0.57912051E+000  0.31478331E+000  0.23588965E+001  0.38866644E+002
  0.57911761E+000  0.31478231E+000  0.23588516E+001  0.38866510E+002
  0.57911482E+000  0.31478137E+000  0.23588085E+001  0.38866389E+002
  0.57911215E+000  0.31478047E+000  0.23587673E+001  0.38866281E+002
  0.57910959E+000  0.31477961E+000  0.23587279E+001  0.38866186E+002
  0.57910715E+000  0.31477880E+000  0.23586904E+001  0.38866102E+002
  0.57910483E+000  0.31477803E+000  0.23586546E+001  0.38866030E+002
  0.57910262E+000  0.31477731E+000  0.23586204E+001  0.38865968E+002
  0.57910052E+000  0.31477663E+000  0.23585880E+001  0.38865916E+002
  0.57909854E+000  0.31477599E+000  0.23585571E+001  0.38865872E+002
  0.57909667E+000  0.31477541E+000  0.23585278E+001  0.38865837E+002
  0.57909492E+000  0.31477486E+000  0.23585000E+001  0.38865810E+002
  0.57909327E+000  0.31477437E+000  0.23584737E+001  0.38865789E+002
  0.57909173E+000  0.31477392E+000  0.23584487E+001  0.38865774E+002
  0.57909030E+000  0.31477353E+000  0.23584251E+001  0.38865765E+002
  0.57908897E+000  0.31477318E+000  0.23584027E+001  0.38865760E+002
  0.57908775E+000  0.31477289E+000  0.23583817E+001  0.38865760E+002
  0.57908664E+000  0.31477265E+000  0.23583618E+001  0.38865763E+002
  0.57908563E+000  0.31477246E+000  0.23583430E+001  0.38865769E+002
  0.57908472E+000  0.31477233E+000  0.23583254E+001  0.38865777E+002
  0.57908391E+000  0.31477225E+000  0.23583089E+001  0.38865788E+002
  0.57908320E+000  0.31477223E+000  0.23541965E+001  0.38869897E+002
  0.57908258E+000  0.31477226E+000  0.23541820E+001  0.38869910E+002
  0.57908207E+000  0.31477234E+000  0.23541685E+001  0.38869924E+002
  0.57908165E+000  0.31477248E+000  0.23541560E+001  0.38869939E+002
  0.57908133E+000  0.31477267E+000  0.23541445E+001  0.38869953E+002
  0.57908110E+000  0.31477291E+000  0.23541338E+001  0.38869968E+002
  0.57908096E+000  0.31477320E+000  0.23541241E+001  0.38869982E+002
  0.57908091E+000  0.31477354E+000  0.23541152E+001  0.38869996E+002
  0.57908094E+000  0.31477392E+000  0.23582043E+001  0.38865912E+002
  0.57908107E+000  0.31477436E+000  0.23581972E+001  0.38865924E+002
  0.57908128E+000  0.31477483E+000  0.23581908E+001  0.38865935E+002
  0.57908157E+000  0.31477535E+000  0.23581853E+001  0.38865946E+002
  0.57908193E+000  0.31477590E+000  0.23581805E+001  0.38865955E+002
  0.57908238E+000  0.31477649E+000  0.23581766E+001  0.38865963E+002
  0.57908290E+000  0.31477712E+000  0.23581733E+001  0.38865970E+002
  0.57908349E+000  0.31477778E+000  0.23581708E+001  0.38865975E+002
  0.57908414E+000  0.31477846E+000  0.23581690E+001  0.38865980E+002
  0.57908486E+000  0.31477917E+000  0.23581679E+001  0.38865983E+002
  0.57908564E+000  0.31477991E+000  0.23581674E+001  0.38865985E+002
  0.57908648E+000  0.31478066E+000  0.23581676E+001  0.38865986E+002
  0.57908737E+000  0.31478144E+000  0.23581684E+001  0.38865986E+002
  0.57908831E+000  0.31478223E+000  0.23581697E+001  0.38865984E+002
  0.57908929E+000  0.31478303E+000  0.23581717E+001  0.38865982E+002
  0.57909032E+000  0.31478384E+000  0.23581742E+001  0.38865978E+002
  0.57909138E+000  0.31478467E+000  0.23581773E+001  0.38865974E+002
  0.57909248E+000  0.31478550E+000  0.23581809E+001  0.38865968E+002
  0.57909361E+000  0.31478633E+000  0.23581849E+001  0.38865962E+002
  0.57909477E+000  0.31478717E+000  0.23581895E+001  0.38865955E+002
  0.57909594E+000  0.31478800E+000  0.23581944E+001  0.38865947E+002
  0.57909714E+000  0.31478884E+000  0.23581998E+001  0.38865938E+002
  0.57909835E+000  0.31478967E+000  0.23582056E+001  0.38865928E+002
  0.57909958E+000  0.31479049E+000  0.23582117E+001  0.38865918E+002
  0.57910081E+000  0.31479131E+000  0.23582183E+001  0.38865907E+002
  0.57910205E+000  0.31479213E+000  0.23582251E+001  0.38865895E+002
  0.57910329E+000  0.31479293E+000  0.23582322E+001  0.38865883E+002
  0.57910452E+000  0.31479372E+000  0.23582397E+001  0.38865871E+002
  0.57910576E+000  0.31479450E+000  0.23582474E+001  0.38865858E+002
  0.57910698E+000  0.31479527E+000  0.23582553E+001  0.38865844E+002
  0.57910820E+000  0.31479602E+000  0.23582635E+001  0.38865831E+002
  0.57910940E+000  0.31479676E+000  0.23582718E+001  0.38865817E+002
  0.57911059E+000  0.31479748E+000  0.23582803E+001  0.38865803E+002
  0.57911177E+000  0.31479819E+000  0.23582890E+001  0.38865788E+002
  0.57911292E+000  0.31479888E+000  0.23582978E+001  0.38865773E+002
  0.57911406E+000  0.31479955E+000  0.23583068E+001  0.38865759E+002
  0.57911517E+000  0.31480021E+000  0.23583158E+001  0.38865744E+002
  0.57911626E+000  0.31480085E+000  0.23583249E+001  0.38865729E+002
  0.57911732E+000  0.31480147E+000  0.23583340E+001  0.38865714E+002
  0.57911836E+000  0.31480207E+000  0.23583432E+001  0.38865699E+002
  0.57911937E+000  0.31480266E+000  0.23583524E+001  0.38865684E+002
  0.57912035E+000  0.31480322E+000  0.23583615E+001  0.38865669E+002
  0.57912131E+000  0.31480376E+000  0.23583707E+001  0.38865655E+002
  0.57912223E+000  0.31480429E+000  0.23583798E+001  0.38865640E+002
  0.57912312E+000  0.31480480E+000  0.23583889E+001  0.38865626E+002
  0.57912398E+000  0.31480528E+000  0.23583978E+001  0.38865612E+002
  0.57912481E+000  0.31480575E+000  0.23584067E+001  0.38865598E+002
  0.57912561E+000  0.31480620E+000  0.23584155E+001  0.38865584E+002
  0.57912638E+000  0.31480663E+000  0.23584242E+001  0.38865571E+002
  0.57912711E+000  0.31480704E+000  0.23584327E+001  0.38865558E+002
  0.57912781E+000  0.31480744E+000  0.23584411E+001  0.38865546E+002
  0.57912848E+000  0.31480781E+000  0.23584493E+001  0.38865533E+002
  0.57912912E+000  0.31480817E+000  0.23584573E+001  0.38865521E+002
  0.57912973E+000  0.31480851E+000  0.23584651E+001  0.38865510E+002
  0.57913030E+000  0.31480883E+000  0.23584728E+001  0.38865499E+002
  0.57913084E+000  0.31480913E+000  0.23584802E+001  0.38865488E+002
  0.57913136E+000  0.31480941E+000  0.23584875E+001  0.38865478E+002
  0.57913184E+000  0.31480968E+000  0.23584945E+001  0.38865468E+002
  0.57913230E+000  0.31480993E+000  0.23585012E+001  0.38865458E+002
  0.57913272E+000  0.31481017E+000  0.23585078E+001  0.38865449E+002
  0.57913312E+000  0.31481038E+000  0.23585141E+001  0.38865441E+002
  0.57913348E+000  0.31481059E+000  0.23585201E+001  0.38865433E+002
  0.57913383E+000  0.31481077E+000  0.23585259E+001  0.38865425E+002
  0.57913414E+000  0.31481095E+000  0.23585314E+001  0.38865418E+002
  0.57913443E+000  0.31481110E+000  0.23585367E+001  0.38865411E+002
  0.57913470E+000  0.31481125E+000  0.23585418E+001  0.38865405E+002
  0.57913494E+000  0.31481138E+000  0.23585465E+001  0.38865399E+002
  0.57913515E+000  0.31481150E+000  0.23585510E+001  0.38865394E+002
  0.57913535E+000  0.31481160E+000  0.23585553E+001  0.38865389E+002
  0.57913552E+000  0.31481169E+000  0.23585593E+001  0.38865384E+002
  0.57913567E+000  0.31481178E+000  0.23585630E+001  0.38865380E+002
  0.57913581E+000  0.31481184E+000  0.23585665E+001  0.38865377E+002
  0.57913592E+000  0.31481190E+000  0.23585697E+001  0.38865373E+002
  0.57913601E+000  0.31481195E+000  0.23585727E+001  0.38865370E+002
  0.57913609E+000  0.31481199E+000  0.23585755E+001  0.38865368E+002
  0.57913615E+000  0.31481202E+000  0.23585780E+001  0.38865366E+002
  0.57913620E+000  0.31481204E+000  0.23585803E+001  0.38865364E+002
  0.57913623E+000  0.31481205E+000  0.23585823E+001  0.38865362E+002
  0.57913625E+000  0.31481206E+000  0.23585842E+001  0.38865361E+002
  0.57913625E+000  0.31481206E+000  0.23585858E+001  0.38865360E+002
  0.57913625E+000  0.31481205E+000  0.23585873E+001  0.38865359E+002
  0.57913623E+000  0.31481203E+000  0.23585885E+001  0.38865359E+002
  0.57913620E+000  0.31481201E+000  0.23585896E+001  0.38865359E+002
  0.57913616E+000  0.31481198E+000  0.23585905E+001  0.38865359E+002
  0.57913612E+000  0.31481195E+000  0.23585912E+001  0.38865359E+002
  0.57913606E+000  0.31481192E+000  0.23585917E+001  0.38865360E+002
  0.57913600E+000  0.31481188E+000  0.23585921E+001  0.38865361E+002
  0.57913593E+000  0.31481183E+000  0.23585924E+001  0.38865361E+002
  0.57913586E+000  0.31481179E+000  0.23585925E+001  0.38865362E+002
  0.57913578E+000  0.31481174E+000  0.23585925E+001  0.38865364E+002
  0.57913570E+000  0.31481168E+000  0.23585924E+001  0.38865365E+002
  0.57913561E+000  0.31481163E+000  0.23585921E+001  0.38865366E+002
  0.57913552E+000  0.31481157E+000  0.23585918E+001  0.38865368E+002
  0.57913542E+000  0.31481151E+000  0.23585914E+001  0.38865370E+002
  0.57913533E+000  0.31481146E+000  0.23585908E+001  0.38865371E+002
  0.57913523E+000  0.31481140E+000  0.23585902E+001  0.38865373E+002
  0.57913513E+000  0.31481133E+000  0.23585895E+001  0.38865375E+002
  0.57913502E+000  0.31481127E+000  0.23585887E+001  0.38865377E+002
  0.57913492E+000  0.31481121E+000  0.23585878E+001  0.38865378E+002
  0.57913481E+000  0.31481115E+000  0.23585869E+001  0.38865380E+002
