  0.64389303E+000  0.10236978E+000  0.16144990E+000  0.77628361E+000
  0.64270574E+000  0.10274807E+000  0.16179291E+000  0.77701542E+000
  0.64053545E+000  0.10418975E+000  0.16163773E+000  0.77812347E+000
  0.63979850E+000  0.10484764E+000  0.16140261E+000  0.77862272E+000
  0.63893487E+000  0.10447219E+000  0.16267424E+000  0.77874072E+000
  0.63872804E+000  0.10475658E+000  0.16258814E+000  0.77887016E+000
  0.63607510E+000  0.10754931E+000  0.16244289E+000  0.77897124E+000
  0.63535434E+000  0.10837988E+000  0.16245776E+000  0.77892076E+000
  0.63545975E+000  0.10839382E+000  0.16181549E+000  0.77949974E+000
  0.63378000E+000  0.11016124E+000  0.16184406E+000  0.77942429E+000
  0.63344784E+000  0.11059561E+000  0.16185072E+000  0.77934334E+000
  0.63206921E+000  0.11206687E+000  0.16121704E+000  0.77990145E+000
  0.63204570E+000  0.11217217E+000  0.16110203E+000  0.77994261E+000
  0.63212415E+000  0.11216464E+000  0.16109266E+000  0.77988135E+000
  0.63087653E+000  0.11347597E+000  0.16109487E+000  0.77980930E+000
  0.63092612E+000  0.11345987E+000  0.16109914E+000  0.77976001E+000
  0.63096397E+000  0.11346578E+000  0.16109643E+000  0.77970291E+000
  0.63099937E+000  0.11345695E+000  0.16108633E+000  0.77966662E+000
  0.63102796E+000  0.11345539E+000  0.16108856E+000  0.77961436E+000
  0.63104888E+000  0.11345431E+000  0.16064105E+000  0.78001639E+000
  0.63106172E+000  0.11345486E+000  0.16061887E+000  0.77999734E+000
  0.63106733E+000  0.11302077E+000  0.16105600E+000  0.77995902E+000
  0.63106958E+000  0.11302103E+000  0.16105703E+000  0.77992431E+000
  0.63106687E+000  0.11302166E+000  0.16105754E+000  0.77989348E+000
  0.63105977E+000  0.11302338E+000  0.16105728E+000  0.77986572E+000
  0.63104881E+000  0.11302452E+000  0.16105763E+000  0.77984099E+000
  0.63103422E+000  0.11302622E+000  0.16105767E+000  0.77981904E+000
  0.63101695E+000  0.11302783E+000  0.16105747E+000  0.77979964E+000
  0.63099718E+000  0.11302957E+000  0.16105701E+000  0.77978256E+000
  0.63097530E+000  0.11303137E+000  0.16105629E+000  0.77976758E+000
  0.63095169E+000  0.11303318E+000  0.16105532E+000  0.77975450E+000
  0.63092671E+000  0.11303419E+000  0.16105486E+000  0.77974313E+000
  0.63090070E+000  0.11303588E+000  0.16105338E+000  0.77973327E+000
  0.63087400E+000  0.11303744E+000  0.16105163E+000  0.77972473E+000
  0.63084692E+000  0.11303881E+000  0.16104964E+000  0.77971734E+000
  0.63081958E+000  0.11304003E+000  0.16104751E+000  0.77971091E+000
  0.63079259E+000  0.11304095E+000  0.16104505E+000  0.77970528E+000
  0.63076603E+000  0.11304160E+000  0.16104235E+000  0.77970032E+000
  0.63074013E+000  0.11304198E+000  0.16103950E+000  0.77969579E+000
  0.63071509E+000  0.11304208E+000  0.16103507E+000  0.77969300E+000
  0.63069107E+000  0.11304191E+000  0.16103191E+000  0.77968900E+000
  0.63066823E+000  0.11304150E+000  0.16102865E+000  0.77968509E+000
  0.63064666E+000  0.11304088E+000  0.16102530E+000  0.77968117E+000
  0.63062644E+000  0.11304007E+000  0.16102190E+000  0.77967715E+000
  0.63060762E+000  0.11303912E+000  0.16101848E+000  0.77967299E+000
  0.63059021E+000  0.11303807E+000  0.16101508E+000  0.77966864E+000
  0.63057419E+000  0.11303697E+000  0.16101171E+000  0.77966409E+000
  0.63055955E+000  0.11303584E+000  0.16100840E+000  0.77965935E+000
  0.63054622E+000  0.11303475E+000  0.16100517E+000  0.77965442E+000
  0.63053413E+000  0.11303370E+000  0.16100205E+000  0.77964936E+000
  0.63052322E+000  0.11303274E+000  0.16102286E+000  0.77962039E+000
  0.63051339E+000  0.11303188E+000  0.16101998E+000  0.77961518E+000
  0.63050457E+000  0.11303114E+000  0.16101724E+000  0.77960998E+000
  0.63049666E+000  0.11303053E+000  0.16101464E+000  0.77960485E+000
  0.63048960E+000  0.11303004E+000  0.16101218E+000  0.77959982E+000
  0.63048329E+000  0.11302968E+000  0.16100987E+000  0.77959495E+000
  0.63047769E+000  0.11302944E+000  0.16100769E+000  0.77959027E+000
  0.63047271E+000  0.11302931E+000  0.16100564E+000  0.77958580E+000
  0.63046831E+000  0.11302928E+000  0.16100372E+000  0.77958158E+000
  0.63046443E+000  0.11302934E+000  0.16100193E+000  0.77957762E+000
  0.63046103E+000  0.11302947E+000  0.16100025E+000  0.77957391E+000
  0.63045805E+000  0.11302967E+000  0.16099868E+000  0.77957047E+000
  0.63045546E+000  0.11302993E+000  0.16099721E+000  0.77956729E+000
  0.63045322E+000  0.11303023E+000  0.16099584E+000  0.77956436E+000
  0.63045129E+000  0.11303057E+000  0.16099455E+000  0.77956167E+000
  0.63044964E+000  0.11303094E+000  0.16099335E+000  0.77955922E+000
  0.63044823E+000  0.11303133E+000  0.16099223E+000  0.77955698E+000
  0.63044703E+000  0.11303174E+000  0.16099117E+000  0.77955495E+000
  0.63044602E+000  0.11303215E+000  0.16099018E+000  0.77955311E+000
  0.63044516E+000  0.11303258E+000  0.16098925E+000  0.77955146E+000
  0.63044445E+000  0.11303300E+000  0.16098838E+000  0.77954996E+000
  0.63044384E+000  0.11303342E+000  0.16098755E+000  0.77954862E+000
  0.63044334E+000  0.11303384E+000  0.16098677E+000  0.77954743E+000
  0.63044291E+000  0.11303426E+000  0.16098604E+000  0.77954636E+000
  0.63044255E+000  0.11303467E+000  0.16098534E+000  0.77954541E+000
  0.63044224E+000  0.11303507E+000  0.16098469E+000  0.77954457E+000
  0.63044197E+000  0.11303545E+000  0.16098407E+000  0.77954383E+000
  0.63044173E+000  0.11303583E+000  0.16098348E+000  0.77954319E+000
  0.63044152E+000  0.11303620E+000  0.16098293E+000  0.77954262E+000
  0.63044133E+000  0.11303657E+000  0.16098241E+000  0.77954214E+000
  0.63044115E+000  0.11303692E+000  0.16098191E+000  0.77954172E+000
  0.63044098E+000  0.11303726E+000  0.16098145E+000  0.77954137E+000
  0.63044081E+000  0.11303759E+000  0.16098101E+000  0.77954108E+000
  0.63044065E+000  0.11303792E+000  0.16098060E+000  0.77954083E+000
  0.63044048E+000  0.11303824E+000  0.16098021E+000  0.77954064E+000
  0.63044032E+000  0.11303855E+000  0.16097985E+000  0.77954049E+000
  0.63044014E+000  0.11303886E+000  0.16097951E+000  0.77954037E+000
  0.63043997E+000  0.11303916E+000  0.16097920E+000  0.77954029E+000
  0.63043978E+000  0.11303945E+000  0.16097890E+000  0.77954024E+000
  0.63043959E+000  0.11303975E+000  0.16097863E+000  0.77954021E+000
  0.63043939E+000  0.11304004E+000  0.16097838E+000  0.77954021E+000
  0.63043917E+000  0.11304033E+000  0.16097815E+000  0.77954023E+000
  0.63043895E+000  0.11304061E+000  0.16141909E+000  0.77909912E+000
  0.63043872E+000  0.11304090E+000  0.16141890E+000  0.77909916E+000
  0.63043847E+000  0.11304118E+000  0.16141873E+000  0.77909923E+000
  0.63043821E+000  0.11304146E+000  0.16141858E+000  0.77909930E+000
  0.63043795E+000  0.11304174E+000  0.16141845E+000  0.77909938E+000
  0.63043766E+000  0.11304202E+000  0.16141833E+000  0.77909947E+000
  0.63043737E+000  0.11304229E+000  0.16141823E+000  0.77909956E+000
  0.63043707E+000  0.11304257E+000  0.16141814E+000  0.77909966E+000
  0.63043675E+000  0.11304284E+000  0.16097691E+000  0.77954092E+000
  0.63043643E+000  0.11304312E+000  0.16097685E+000  0.77954103E+000
  0.63043609E+000  0.11304339E+000  0.16097680E+000  0.77954113E+000
  0.63043574E+000  0.11304366E+000  0.16097677E+000  0.77954124E+000
  0.63043539E+000  0.11304393E+000  0.16097675E+000  0.77954135E+000
  0.63043503E+000  0.11304419E+000  0.16097674E+000  0.77954145E+000
  0.63043466E+000  0.11304446E+000  0.16097675E+000  0.77954156E+000
  0.63043428E+000  0.11304472E+000  0.16097676E+000  0.77954167E+000
  0.63043390E+000  0.11304497E+000  0.16097678E+000  0.77954177E+000
  0.63043351E+000  0.11304522E+000  0.16097682E+000  0.77954188E+000
  0.63043312E+000  0.11304547E+000  0.16097686E+000  0.77954198E+000
  0.63043272E+000  0.11304572E+000  0.16097690E+000  0.77954208E+000
  0.63043233E+000  0.11304596E+000  0.16097696E+000  0.77954218E+000
  0.63043193E+000  0.11304619E+000  0.16097702E+000  0.77954227E+000
  0.63043154E+000  0.11304642E+000  0.16097709E+000  0.77954237E+000
  0.63043114E+000  0.11304664E+000  0.16097716E+000  0.77954246E+000
  0.63043075E+000  0.11304686E+000  0.16097723E+000  0.77954256E+000
  0.63043036E+000  0.11304707E+000  0.16097731E+000  0.77954264E+000
  0.63042998E+000  0.11304727E+000  0.16097739E+000  0.77954273E+000
  0.63042959E+000  0.11304746E+000  0.16097748E+000  0.77954282E+000
  0.63042922E+000  0.11304765E+000  0.16097756E+000  0.77954290E+000
  0.63042885E+000  0.11304783E+000  0.16097765E+000  0.77954299E+000
  0.63042849E+000  0.11304801E+000  0.16097774E+000  0.77954307E+000
  0.63042813E+000  0.11304817E+000  0.16097783E+000  0.77954314E+000
  0.63042778E+000  0.11304833E+000  0.16097792E+000  0.77954322E+000
  0.63042744E+000  0.11304848E+000  0.16097802E+000  0.77954330E+000
  0.63042711E+000  0.11304862E+000  0.16097811E+000  0.77954337E+000
  0.63042679E+000  0.11304876E+000  0.16097820E+000  0.77954344E+000
  0.63042648E+000  0.11304889E+000  0.16097829E+000  0.77954351E+000
  0.63042617E+000  0.11304901E+000  0.16097838E+000  0.77954358E+000
  0.63042588E+000  0.11304912E+000  0.16097847E+000  0.77954364E+000
  0.63042559E+000  0.11304923E+000  0.16097855E+000  0.77954371E+000
  0.63042532E+000  0.11304933E+000  0.16097864E+000  0.77954377E+000
  0.63042505E+000  0.11304942E+000  0.16097872E+000  0.77954383E+000
  0.63042479E+000  0.11304951E+000  0.16097880E+000  0.77954389E+000
  0.63042455E+000  0.11304959E+000  0.16097888E+000  0.77954394E+000
  0.63042431E+000  0.11304967E+000  0.16097896E+000  0.77954400E+000
  0.63042408E+000  0.11304974E+000  0.16097904E+000  0.77954405E+000
  0.63042386E+000  0.11304980E+000  0.16097911E+000  0.77954410E+000
  0.63042365E+000  0.11304986E+000  0.16097918E+000  0.77954415E+000
  0.63042345E+000  0.11304992E+000  0.16097925E+000  0.77954420E+000
  0.63042326E+000  0.11304997E+000  0.16097932E+000  0.77954424E+000
  0.63042308E+000  0.11305001E+000  0.16097938E+000  0.77954429E+000
  0.63042290E+000  0.11305005E+000  0.16097944E+000  0.77954433E+000
  0.63042274E+000  0.11305009E+000  0.16097950E+000  0.77954437E+000
  0.63042258E+000  0.11305012E+000  0.16097956E+000  0.77954441E+000
  0.63042243E+000  0.11305016E+000  0.16097961E+000  0.77954445E+000
  0.63042229E+000  0.11305018E+000  0.16097966E+000  0.77954448E+000
  0.63042215E+000  0.11305021E+000  0.16097971E+000  0.77954452E+000
  0.63042202E+000  0.11305023E+000  0.16097976E+000  0.77954455E+000
  0.63042190E+000  0.11305025E+000  0.16097981E+000  0.77954458E+000
  0.63042178E+000  0.11305027E+000  0.16097985E+000  0.77954461E+000
  0.63042168E+000  0.11305028E+000  0.16097989E+000  0.77954464E+000
  0.63042157E+000  0.11305029E+000  0.16097993E+000  0.77954467E+000
  0.63042148E+000  0.11305031E+000  0.16097996E+000  0.77954470E+000
  0.63042139E+000  0.11305031E+000  0.16098000E+000  0.77954472E+000
  0.63042130E+000  0.11305032E+000  0.16098003E+000  0.77954475E+000
  0.63042122E+000  0.11305033E+000  0.16098006E+000  0.77954477E+000
  0.63042115E+000  0.11305033E+000  0.16098009E+000  0.77954479E+000
  0.63042108E+000  0.11305034E+000  0.16098012E+000  0.77954482E+000
  0.63042101E+000  0.11305034E+000  0.16098014E+000  0.77954483E+000
  0.63042095E+000  0.11305034E+000  0.16098017E+000  0.77954485E+000
  0.63042090E+000  0.11305034E+000  0.16098019E+000  0.77954487E+000
  0.63042085E+000  0.11305034E+000  0.16098021E+000  0.77954489E+000
  0.63042080E+000  0.11305034E+000  0.16098023E+000  0.77954490E+000
  0.63042076E+000  0.11305034E+000  0.16098025E+000  0.77954492E+000
  0.63042072E+000  0.11305033E+000  0.16098026E+000  0.77954493E+000
  0.63042068E+000  0.11305033E+000  0.16098028E+000  0.77954495E+000
  0.63042065E+000  0.11305033E+000  0.16098029E+000  0.77954496E+000
  0.63042063E+000  0.11305032E+000  0.16098030E+000  0.77954497E+000
  0.63042060E+000  0.11305032E+000  0.16098031E+000  0.77954498E+000
  0.63042058E+000  0.11305031E+000  0.16098032E+000  0.77954499E+000
  0.63042056E+000  0.11305031E+000  0.16098033E+000  0.77954500E+000
  0.63042055E+000  0.11305030E+000  0.16098034E+000  0.77954501E+000
  0.63042053E+000  0.11305029E+000  0.16098035E+000  0.77954501E+000
  0.63042052E+000  0.11305029E+000  0.16098035E+000  0.77954502E+000
  0.63042052E+000  0.11305028E+000  0.16098036E+000  0.77954503E+000
  0.63042051E+000  0.11305027E+000  0.16098036E+000  0.77954503E+000
  0.63042051E+000  0.11305027E+000  0.16098037E+000  0.77954504E+000
  0.63042051E+000  0.11305026E+000  0.16098037E+000  0.77954504E+000
  0.63042051E+000  0.11305025E+000  0.16098037E+000  0.77954504E+000
  0.63042051E+000  0.11305024E+000  0.16098038E+000  0.77954505E+000
  0.63042051E+000  0.11305024E+000  0.16098038E+000  0.77954505E+000
  0.63042052E+000  0.11305023E+000  0.16098038E+000  0.77954505E+000
  0.63042053E+000  0.11305022E+000  0.16098038E+000  0.77954505E+000
  0.63042054E+000  0.11305022E+000  0.16098038E+000  0.77954505E+000
  0.63042055E+000  0.11305021E+000  0.16098037E+000  0.77954505E+000
  0.63042056E+000  0.11305020E+000  0.16098037E+000  0.77954505E+000
  0.63042057E+000  0.11305019E+000  0.16098037E+000  0.77954505E+000
  0.63042058E+000  0.11305019E+000  0.16098037E+000  0.77954505E+000
  0.63042059E+000  0.11305018E+000  0.16098037E+000  0.77954505E+000
  0.63042061E+000  0.11305018E+000  0.16098036E+000  0.77954505E+000
  0.63042062E+000  0.11305017E+000  0.16098036E+000  0.77954505E+000
  0.63042064E+000  0.11305016E+000  0.16098036E+000  0.77954505E+000
  0.63042065E+000  0.11305016E+000  0.16098035E+000  0.77954504E+000
  0.63042067E+000  0.11305015E+000  0.16098035E+000  0.77954504E+000
  0.63042069E+000  0.11305015E+000  0.16098035E+000  0.77954504E+000
  0.63042070E+000  0.11305014E+000  0.16098034E+000  0.77954504E+000
  0.63042072E+000  0.11305014E+000  0.16098034E+000  0.77954503E+000
  0.63042072E+000  0.11305013E+000  0.16098033E+000  0.77954497E+000
