 -0.51996803E-001  0.47442434E-002  0.44207868E+000  0.12891703E+001
 -0.51864060E-001  0.47848391E-002  0.44224801E+000  0.12890934E+001
 -0.51792432E-001  0.47939855E-002  0.44223710E+000  0.12892478E+001
 -0.51752379E-001  0.47938063E-002  0.44218050E+000  0.12894496E+001
 -0.51731565E-001  0.47908108E-002  0.44211668E+000  0.12896462E+001
 -0.51723610E-001  0.47869503E-002  0.44205631E+000  0.12898233E+001
 -0.51724533E-001  0.47828021E-002  0.44200163E+000  0.12899787E+001
 -0.51731592E-001  0.47786226E-002  0.44195271E+000  0.12901131E+001
 -0.51742833E-001  0.47745354E-002  0.44190914E+000  0.12902280E+001
 -0.51756769E-001  0.47706213E-002  0.44187060E+000  0.12903252E+001
 -0.51772287E-001  0.47669238E-002  0.44183698E+000  0.12904059E+001
 -0.51788572E-001  0.47634562E-002  0.44180820E+000  0.12904715E+001
 -0.51805028E-001  0.47602202E-002  0.44178418E+000  0.12905232E+001
 -0.51821224E-001  0.47572127E-002  0.44176485E+000  0.12905620E+001
 -0.51836855E-001  0.47544284E-002  0.44175008E+000  0.12905891E+001
 -0.51851719E-001  0.47518604E-002  0.44173966E+000  0.12906054E+001
 -0.51865685E-001  0.47495028E-002  0.44173336E+000  0.12906120E+001
 -0.51878674E-001  0.47473568E-002  0.44173091E+000  0.12906097E+001
 -0.51890653E-001  0.47454149E-002  0.44173201E+000  0.12905996E+001
 -0.51901615E-001  0.47436726E-002  0.44173632E+000  0.12905823E+001
 -0.51911581E-001  0.47421252E-002  0.44174350E+000  0.12905588E+001
 -0.51920585E-001  0.47407693E-002  0.44175320E+000  0.12905298E+001
 -0.51928672E-001  0.47395998E-002  0.44176506E+000  0.12904960E+001
 -0.51935895E-001  0.47386115E-002  0.44177871E+000  0.12904582E+001
 -0.51942309E-001  0.47377980E-002  0.44179379E+000  0.12904169E+001
 -0.51947975E-001  0.47371511E-002  0.44180995E+000  0.12903729E+001
 -0.51952951E-001  0.47366621E-002  0.44182682E+000  0.12903267E+001
 -0.51957297E-001  0.47363205E-002  0.44184407E+000  0.12902789E+001
 -0.51961070E-001  0.47361152E-002  0.44186137E+000  0.12902300E+001
 -0.51964327E-001  0.47360332E-002  0.44187840E+000  0.12901805E+001
 -0.51967123E-001  0.47360606E-002  0.44189489E+000  0.12901309E+001
 -0.51969510E-001  0.47361825E-002  0.44191057E+000  0.12900817E+001
 -0.51971537E-001  0.47363834E-002  0.44192521E+000  0.12900332E+001
 -0.51973252E-001  0.47366473E-002  0.44193863E+000  0.12899858E+001
 -0.51974699E-001  0.47369583E-002  0.44195066E+000  0.12899399E+001
 -0.51975918E-001  0.47373006E-002  0.44196120E+000  0.12898955E+001
 -0.51976946E-001  0.47376596E-002  0.44197017E+000  0.12898531E+001
 -0.51977817E-001  0.47380210E-002  0.44197756E+000  0.12898126E+001
 -0.51978560E-001  0.47383728E-002  0.44198339E+000  0.12897742E+001
 -0.51979202E-001  0.47387045E-002  0.44198772E+000  0.12897381E+001
 -0.51979766E-001  0.47390073E-002  0.44199065E+000  0.12897041E+001
 -0.51980271E-001  0.47392754E-002  0.44199231E+000  0.12896722E+001
 -0.51980733E-001  0.47395046E-002  0.44199285E+000  0.12896424E+001
 -0.51981164E-001  0.47396931E-002  0.44199244E+000  0.12896147E+001
 -0.51981574E-001  0.47398413E-002  0.44199126E+000  0.12895887E+001
 -0.51981968E-001  0.47399511E-002  0.44198949E+000  0.12895646E+001
 -0.51982353E-001  0.47400254E-002  0.44198729E+000  0.12895421E+001
 -0.51982729E-001  0.47400687E-002  0.44198482E+000  0.12895210E+001
 -0.51983098E-001  0.47400857E-002  0.44198223E+000  0.12895014E+001
 -0.51983458E-001  0.47400812E-002  0.44197963E+000  0.12894831E+001
 -0.51983809E-001  0.47400598E-002  0.44197711E+000  0.12894659E+001
 -0.51984148E-001  0.47400257E-002  0.44197474E+000  0.12894499E+001
 -0.51984473E-001  0.47399828E-002  0.44197258E+000  0.12894349E+001
 -0.51984782E-001  0.47399338E-002  0.44197065E+000  0.12894209E+001
 -0.51985072E-001  0.47398812E-002  0.44196896E+000  0.12894079E+001
 -0.51985344E-001  0.47398264E-002  0.44196751E+000  0.12893959E+001
 -0.51985595E-001  0.47397709E-002  0.44196630E+000  0.12893847E+001
 -0.51985825E-001  0.47397150E-002  0.44196529E+000  0.12893743E+001
 -0.51986034E-001  0.47396593E-002  0.44196448E+000  0.12893649E+001
 -0.51986224E-001  0.47396036E-002  0.44196384E+000  0.12893562E+001
 -0.51986393E-001  0.47395481E-002  0.44196334E+000  0.12893482E+001
 -0.51986544E-001  0.47394925E-002  0.44196295E+000  0.12893410E+001
 -0.51986677E-001  0.47394367E-002  0.44196267E+000  0.12893345E+001
 -0.51986793E-001  0.47393806E-002  0.44196247E+000  0.12893287E+001
 -0.51986894E-001  0.47393239E-002  0.44196233E+000  0.12893234E+001
 -0.51986981E-001  0.47392665E-002  0.44196223E+000  0.12893187E+001
 -0.51987055E-001  0.47392084E-002  0.44196217E+000  0.12893145E+001
 -0.51987117E-001  0.47391494E-002  0.44196213E+000  0.12893108E+001
 -0.51987167E-001  0.47390896E-002  0.44196209E+000  0.12893075E+001
 -0.51987206E-001  0.47390288E-002  0.44196206E+000  0.12893046E+001
 -0.51987236E-001  0.47389672E-002  0.44196202E+000  0.12893021E+001
 -0.51987257E-001  0.47389047E-002  0.44196197E+000  0.12892999E+001
 -0.51987269E-001  0.47388414E-002  0.44196189E+000  0.12892980E+001
 -0.51987273E-001  0.47387774E-002  0.44196180E+000  0.12892963E+001
 -0.51987269E-001  0.47387127E-002  0.44196167E+000  0.12892949E+001
 -0.51987258E-001  0.47386475E-002  0.44196152E+000  0.12892937E+001
 -0.51987241E-001  0.47385819E-002  0.44196133E+000  0.12892927E+001
 -0.51987217E-001  0.47385159E-002  0.44196111E+000  0.12892919E+001
 -0.51987188E-001  0.47384497E-002  0.44196085E+000  0.12892912E+001
 -0.51987152E-001  0.47383834E-002  0.44196056E+000  0.12892907E+001
 -0.51987111E-001  0.47383172E-002  0.44196023E+000  0.12892903E+001
 -0.51987065E-001  0.47382512E-002  0.44195988E+000  0.12892901E+001
 -0.51987014E-001  0.47381854E-002  0.44195948E+000  0.12892899E+001
 -0.51986958E-001  0.47381202E-002  0.44195906E+000  0.12892898E+001
 -0.51986898E-001  0.47380555E-002  0.44195861E+000  0.12892899E+001
 -0.51986834E-001  0.47379916E-002  0.44195813E+000  0.12892900E+001
 -0.51986766E-001  0.47379284E-002  0.44195763E+000  0.12892902E+001
 -0.51986694E-001  0.47378662E-002  0.44195710E+000  0.12892904E+001
 -0.51986619E-001  0.47378051E-002  0.44195655E+000  0.12892907E+001
 -0.51986541E-001  0.47377452E-002  0.44195598E+000  0.12892911E+001
 -0.51986460E-001  0.47376865E-002  0.44195538E+000  0.12892915E+001
 -0.51986376E-001  0.47376291E-002  0.44195478E+000  0.12892919E+001
 -0.51986290E-001  0.47375732E-002  0.44195415E+000  0.12892924E+001
 -0.51986202E-001  0.47375188E-002  0.44195352E+000  0.12892929E+001
 -0.51986112E-001  0.47374660E-002  0.44195287E+000  0.12892934E+001
 -0.51986021E-001  0.47374148E-002  0.44195221E+000  0.12892940E+001
 -0.51985929E-001  0.47373652E-002  0.44195154E+000  0.12892946E+001
 -0.51985835E-001  0.47373174E-002  0.44195087E+000  0.12892952E+001
 -0.51985741E-001  0.47372713E-002  0.44195019E+000  0.12892958E+001
 -0.51985647E-001  0.47372270E-002  0.44194950E+000  0.12892964E+001
 -0.51985552E-001  0.47371845E-002  0.44194882E+000  0.12892970E+001
 -0.51985457E-001  0.47371437E-002  0.44194813E+000  0.12892977E+001
 -0.51985362E-001  0.47371047E-002  0.44194745E+000  0.12892983E+001
 -0.51985268E-001  0.47370675E-002  0.44194676E+000  0.12892989E+001
 -0.51985174E-001  0.47370320E-002  0.44194608E+000  0.12892995E+001
 -0.51985082E-001  0.47369982E-002  0.44194541E+000  0.12893002E+001
 -0.51984990E-001  0.47369662E-002  0.44194474E+000  0.12893008E+001
 -0.51984899E-001  0.47369358E-002  0.44194407E+000  0.12893014E+001
 -0.51984809E-001  0.47369070E-002  0.44194342E+000  0.12893020E+001
 -0.51984721E-001  0.47368797E-002  0.44194277E+000  0.12893026E+001
 -0.51984634E-001  0.47368540E-002  0.44194213E+000  0.12893031E+001
 -0.51984549E-001  0.47368297E-002  0.44194151E+000  0.12893037E+001
 -0.51984465E-001  0.47368068E-002  0.44194089E+000  0.12893043E+001
 -0.51984383E-001  0.47367853E-002  0.44194029E+000  0.12893048E+001
 -0.51984303E-001  0.47367651E-002  0.44193970E+000  0.12893053E+001
 -0.51984224E-001  0.47367461E-002  0.44193912E+000  0.12893058E+001
 -0.51984148E-001  0.47367283E-002  0.44193856E+000  0.12893063E+001
 -0.51984073E-001  0.47367115E-002  0.44193801E+000  0.12893068E+001
 -0.51984000E-001  0.47366959E-002  0.44193748E+000  0.12893073E+001
 -0.51983929E-001  0.47366812E-002  0.44193696E+000  0.12893077E+001
 -0.51983860E-001  0.47366674E-002  0.44193645E+000  0.12893081E+001
 -0.51983793E-001  0.47366546E-002  0.44193596E+000  0.12893086E+001
 -0.51983728E-001  0.47366425E-002  0.44193549E+000  0.12893090E+001
 -0.51983664E-001  0.47366313E-002  0.44193503E+000  0.12893093E+001
 -0.51983603E-001  0.47366207E-002  0.44193459E+000  0.12893097E+001
 -0.51983543E-001  0.47366109E-002  0.44193416E+000  0.12893101E+001
 -0.51983485E-001  0.47366017E-002  0.44193375E+000  0.12893104E+001
 -0.51983429E-001  0.47365930E-002  0.44193335E+000  0.12893107E+001
 -0.51983375E-001  0.47365849E-002  0.44193297E+000  0.12893110E+001
 -0.51983323E-001  0.47365774E-002  0.44193260E+000  0.12893113E+001
 -0.51983272E-001  0.47365703E-002  0.44193225E+000  0.12893116E+001
 -0.51983222E-001  0.47365637E-002  0.44193191E+000  0.12893119E+001
 -0.51983175E-001  0.47365574E-002  0.44193158E+000  0.12893121E+001
 -0.51983129E-001  0.47365516E-002  0.44193127E+000  0.12893124E+001
 -0.51983084E-001  0.47365461E-002  0.44193097E+000  0.12893126E+001
 -0.51983041E-001  0.47365410E-002  0.44193068E+000  0.12893128E+001
 -0.51983000E-001  0.47365362E-002  0.44193041E+000  0.12893131E+001
 -0.51982960E-001  0.47365317E-002  0.44193014E+000  0.12893133E+001
 -0.51982922E-001  0.47365275E-002  0.44192989E+000  0.12893134E+001
 -0.51982884E-001  0.47365236E-002  0.44192965E+000  0.12893136E+001
 -0.51982849E-001  0.47365199E-002  0.44192942E+000  0.12893138E+001
 -0.51982814E-001  0.47365164E-002  0.44192920E+000  0.12893139E+001
 -0.51982781E-001  0.47365132E-002  0.44192899E+000  0.12893141E+001
 -0.51982749E-001  0.47365102E-002  0.44192879E+000  0.12893142E+001
 -0.51982719E-001  0.47365074E-002  0.44192860E+000  0.12893144E+001
 -0.51982689E-001  0.47365049E-002  0.44192842E+000  0.12893145E+001
 -0.51982661E-001  0.47365025E-002  0.44192825E+000  0.12893146E+001
 -0.51982634E-001  0.47365003E-002  0.44192808E+000  0.12893147E+001
 -0.51982608E-001  0.47364982E-002  0.44192793E+000  0.12893148E+001
 -0.51982584E-001  0.47364964E-002  0.44192778E+000  0.12893149E+001
 -0.51982560E-001  0.47364947E-002  0.44192764E+000  0.12893150E+001
 -0.51982538E-001  0.47364932E-002  0.44192751E+000  0.12893151E+001
 -0.51982517E-001  0.47364918E-002  0.44192739E+000  0.12893152E+001
 -0.51982496E-001  0.47364906E-002  0.44192727E+000  0.12893153E+001
 -0.51982477E-001  0.47364896E-002  0.44192716E+000  0.12893153E+001
 -0.51982459E-001  0.47364887E-002  0.44192706E+000  0.12893154E+001
 -0.51982442E-001  0.47364879E-002  0.44192696E+000  0.12893155E+001
 -0.51982426E-001  0.47364873E-002  0.44192687E+000  0.12893155E+001
 -0.51982411E-001  0.47364868E-002  0.44192678E+000  0.12893156E+001
 -0.51982397E-001  0.47364864E-002  0.44192671E+000  0.12893156E+001
 -0.51982384E-001  0.47364861E-002  0.44192663E+000  0.12893157E+001
 -0.51982371E-001  0.47364860E-002  0.44192656E+000  0.12893157E+001
 -0.51982360E-001  0.47364860E-002  0.44192650E+000  0.12893157E+001
 -0.51982350E-001  0.47364860E-002  0.44192645E+000  0.12893158E+001
 -0.51982340E-001  0.47364862E-002  0.44192639E+000  0.12893158E+001
 -0.51982331E-001  0.47364865E-002  0.44192635E+000  0.12893158E+001
 -0.51982323E-001  0.47364869E-002  0.44192630E+000  0.12893158E+001
 -0.51982316E-001  0.47364874E-002  0.44192627E+000  0.12893159E+001
 -0.51982310E-001  0.47364879E-002  0.44192623E+000  0.12893159E+001
 -0.51982304E-001  0.47364885E-002  0.44192620E+000  0.12893159E+001
 -0.51982299E-001  0.47364892E-002  0.44192618E+000  0.12893159E+001
 -0.51982295E-001  0.47364900E-002  0.44192616E+000  0.12893159E+001
 -0.51982291E-001  0.47364908E-002  0.44192614E+000  0.12893159E+001
 -0.51982288E-001  0.47364917E-002  0.44192612E+000  0.12893159E+001
 -0.51982286E-001  0.47364926E-002  0.44192611E+000  0.12893159E+001
 -0.51982284E-001  0.47364936E-002  0.44192610E+000  0.12893159E+001
 -0.51982283E-001  0.47364946E-002  0.44192610E+000  0.12893159E+001
 -0.51982282E-001  0.47364956E-002  0.44192610E+000  0.12893159E+001
 -0.51982282E-001  0.47364967E-002  0.44192610E+000  0.12893159E+001
 -0.51982282E-001  0.47364978E-002  0.44192610E+000  0.12893159E+001
 -0.51982282E-001  0.47364989E-002  0.44192610E+000  0.12893159E+001
 -0.51982283E-001  0.47365000E-002  0.44192611E+000  0.12893159E+001
 -0.51982285E-001  0.47365012E-002  0.44192612E+000  0.12893159E+001
 -0.51982286E-001  0.47365023E-002  0.44192613E+000  0.12893159E+001
 -0.51982288E-001  0.47365035E-002  0.44192614E+000  0.12893159E+001
 -0.51982290E-001  0.47365046E-002  0.44192616E+000  0.12893159E+001
 -0.51982293E-001  0.47365058E-002  0.44192617E+000  0.12893159E+001
 -0.51982296E-001  0.47365069E-002  0.44192619E+000  0.12893158E+001
 -0.51982299E-001  0.47365080E-002  0.44192621E+000  0.12893158E+001
 -0.51982302E-001  0.47365091E-002  0.44192622E+000  0.12893158E+001
 -0.51982305E-001  0.47365103E-002  0.44192624E+000  0.12893158E+001
 -0.51982308E-001  0.47365113E-002  0.44192626E+000  0.12893158E+001
 -0.51982312E-001  0.47365124E-002  0.44192629E+000  0.12893158E+001
 -0.51982316E-001  0.47365135E-002  0.44192631E+000  0.12893158E+001
 -0.51982319E-001  0.47365145E-002  0.44192633E+000  0.12893157E+001
 -0.51982323E-001  0.47365155E-002  0.44192635E+000  0.12893157E+001
 -0.51982327E-001  0.47365166E-002  0.44192638E+000  0.12893157E+001
 -0.51982331E-001  0.47365176E-002  0.44192640E+000  0.12893157E+001
 -0.51982334E-001  0.47365186E-002  0.44192643E+000  0.12893157E+001
 -0.51982340E-001  0.47365196E-002  0.44192645E+000  0.12893156E+001
