 -0.16986735E-001
 -0.16952666E-001
 -0.16935732E-001
 -0.16926943E-001
 -0.16922768E-001
 -0.16921520E-001
 -0.16922234E-001
 -0.16924276E-001
 -0.16927210E-001
 -0.16930708E-001
 -0.16934524E-001
 -0.16938479E-001
 -0.16942445E-001
 -0.16946327E-001
 -0.16950061E-001
 -0.16953602E-001
 -0.16956924E-001
 -0.16960010E-001
 -0.16962854E-001
 -0.16965455E-001
 -0.16967820E-001
 -0.16969956E-001
 -0.16971875E-001
 -0.16973590E-001
 -0.16975114E-001
 -0.16976461E-001
 -0.16977644E-001
 -0.16978679E-001
 -0.16979578E-001
 -0.16980354E-001
 -0.16981020E-001
 -0.16981590E-001
 -0.16982074E-001
 -0.16982484E-001
 -0.16982831E-001
 -0.16983123E-001
 -0.16983370E-001
 -0.16983581E-001
 -0.16983763E-001
 -0.16983921E-001
 -0.16984063E-001
 -0.16984192E-001
 -0.16984313E-001
 -0.16984428E-001
 -0.16984541E-001
 -0.16984652E-001
 -0.16984763E-001
 -0.16984874E-001
 -0.16984985E-001
 -0.16985095E-001
 -0.16985205E-001
 -0.16985313E-001
 -0.16985418E-001
 -0.16985520E-001
 -0.16985617E-001
 -0.16985710E-001
 -0.16985797E-001
 -0.16985880E-001
 -0.16985956E-001
 -0.16986028E-001
 -0.16986094E-001
 -0.16986155E-001
 -0.16986212E-001
 -0.16986264E-001
 -0.16986313E-001
 -0.16986358E-001
 -0.16986400E-001
 -0.16986439E-001
 -0.16986476E-001
 -0.16986510E-001
 -0.16986543E-001
 -0.16986574E-001
 -0.16986603E-001
 -0.16986630E-001
 -0.16986656E-001
 -0.16986681E-001
 -0.16986704E-001
 -0.16986727E-001
 -0.16986748E-001
 -0.16986768E-001
 -0.16986787E-001
 -0.16986805E-001
 -0.16986822E-001
 -0.16986838E-001
 -0.16986854E-001
 -0.16986868E-001
 -0.16986881E-001
 -0.16986894E-001
 -0.16986905E-001
 -0.16986916E-001
 -0.16986926E-001
 -0.16986936E-001
 -0.16986944E-001
 -0.16986952E-001
 -0.16986959E-001
 -0.16986965E-001
 -0.16986971E-001
 -0.16986976E-001
 -0.16986980E-001
 -0.16986984E-001
 -0.16986987E-001
 -0.16986990E-001
 -0.16986992E-001
 -0.16986994E-001
 -0.16986995E-001
 -0.16986996E-001
 -0.16986996E-001
 -0.16986996E-001
 -0.16986995E-001
 -0.16986994E-001
 -0.16986992E-001
 -0.16986991E-001
 -0.16986988E-001
 -0.16986986E-001
 -0.16986983E-001
 -0.16986980E-001
 -0.16986976E-001
 -0.16986972E-001
 -0.16986968E-001
 -0.16986964E-001
 -0.16986960E-001
 -0.16986955E-001
 -0.16986950E-001
 -0.16986945E-001
 -0.16986940E-001
 -0.16986934E-001
 -0.16986929E-001
 -0.16986923E-001
 -0.16986917E-001
 -0.16986911E-001
 -0.16986906E-001
 -0.16986900E-001
 -0.16986894E-001
 -0.16986888E-001
 -0.16986882E-001
 -0.16986875E-001
 -0.16986869E-001
 -0.16986863E-001
 -0.16986858E-001
 -0.16986852E-001
 -0.16986846E-001
 -0.16986840E-001
 -0.16986834E-001
 -0.16986829E-001
 -0.16986823E-001
 -0.16986818E-001
 -0.16986812E-001
 -0.16986807E-001
 -0.16986802E-001
 -0.16986797E-001
 -0.16986792E-001
 -0.16986788E-001
 -0.16986783E-001
 -0.16986779E-001
 -0.16986775E-001
 -0.16986770E-001
 -0.16986766E-001
 -0.16986763E-001
 -0.16986759E-001
 -0.16986756E-001
 -0.16986752E-001
 -0.16986749E-001
 -0.16986746E-001
 -0.16986743E-001
 -0.16986741E-001
 -0.16986738E-001
 -0.16986736E-001
 -0.16986734E-001
 -0.16986732E-001
 -0.16986730E-001
 -0.16986728E-001
 -0.16986726E-001
 -0.16986725E-001
 -0.16986723E-001
 -0.16986722E-001
 -0.16986721E-001
 -0.16986720E-001
 -0.16986719E-001
 -0.16986719E-001
 -0.16986718E-001
 -0.16986717E-001
 -0.16986717E-001
 -0.16986717E-001
 -0.16986717E-001
 -0.16986716E-001
 -0.16986716E-001
 -0.16986716E-001
 -0.16986716E-001
 -0.16986716E-001
 -0.16986717E-001
 -0.16986717E-001
 -0.16986717E-001
 -0.16986718E-001
 -0.16986718E-001
 -0.16986718E-001
 -0.16986719E-001
 -0.16986719E-001
 -0.16986720E-001
 -0.16986720E-001
 -0.16986721E-001
