  0.43798579E+000
  0.43801818E+000
  0.43805731E+000
  0.43809478E+000
  0.43812825E+000
  0.43815723E+000
  0.43818185E+000
  0.43820244E+000
  0.43821939E+000
  0.43823308E+000
  0.43824388E+000
  0.43825210E+000
  0.43825805E+000
  0.43826200E+000
  0.43826420E+000
  0.43826486E+000
  0.43826417E+000
  0.43826230E+000
  0.43825940E+000
  0.43825559E+000
  0.43825099E+000
  0.43824571E+000
  0.43823984E+000
  0.43823345E+000
  0.43822663E+000
  0.43821943E+000
  0.43821191E+000
  0.43820413E+000
  0.43819613E+000
  0.43818796E+000
  0.43817967E+000
  0.43817129E+000
  0.43816286E+000
  0.43815441E+000
  0.43814599E+000
  0.43813761E+000
  0.43812931E+000
  0.43812113E+000
  0.43811309E+000
  0.43810521E+000
  0.43809751E+000
  0.43809004E+000
  0.43808279E+000
  0.43807579E+000
  0.43806907E+000
  0.43806263E+000
  0.43805648E+000
  0.43805063E+000
  0.43804510E+000
  0.43803988E+000
  0.43803498E+000
  0.43803040E+000
  0.43802613E+000
  0.43802217E+000
  0.43801850E+000
  0.43801513E+000
  0.43801204E+000
  0.43800922E+000
  0.43800666E+000
  0.43800433E+000
  0.43800223E+000
  0.43800035E+000
  0.43799866E+000
  0.43799715E+000
  0.43799581E+000
  0.43799462E+000
  0.43799357E+000
  0.43799264E+000
  0.43799182E+000
  0.43799110E+000
  0.43799047E+000
  0.43798991E+000
  0.43798942E+000
  0.43798900E+000
  0.43798862E+000
  0.43798830E+000
  0.43798801E+000
  0.43798776E+000
  0.43798754E+000
  0.43798735E+000
  0.43798719E+000
  0.43798704E+000
  0.43798692E+000
  0.43798681E+000
  0.43798672E+000
  0.43798664E+000
  0.43798658E+000
  0.43798652E+000
  0.43798648E+000
  0.43798644E+000
  0.43798641E+000
  0.43798638E+000
  0.43798636E+000
  0.43798635E+000
  0.43798634E+000
  0.43798633E+000
  0.43798632E+000
  0.43798632E+000
  0.43798632E+000
  0.43798632E+000
  0.43798632E+000
  0.43798632E+000
  0.43798632E+000
  0.43798632E+000
  0.43798632E+000
  0.43798633E+000
  0.43798633E+000
  0.43798633E+000
  0.43798633E+000
  0.43798633E+000
  0.43798633E+000
  0.43798632E+000
  0.43798632E+000
  0.43798632E+000
  0.43798631E+000
  0.43798631E+000
  0.43798630E+000
  0.43798629E+000
  0.43798629E+000
  0.43798628E+000
  0.43798627E+000
  0.43798626E+000
  0.43798625E+000
  0.43798624E+000
  0.43798623E+000
  0.43798622E+000
  0.43798621E+000
  0.43798620E+000
  0.43798618E+000
  0.43798617E+000
  0.43798616E+000
  0.43798615E+000
  0.43798613E+000
  0.43798612E+000
  0.43798611E+000
  0.43798609E+000
  0.43798608E+000
  0.43798607E+000
  0.43798605E+000
  0.43798604E+000
  0.43798603E+000
  0.43798601E+000
  0.43798600E+000
  0.43798599E+000
  0.43798597E+000
  0.43798596E+000
  0.43798595E+000
  0.43798594E+000
  0.43798593E+000
  0.43798591E+000
  0.43798590E+000
  0.43798589E+000
  0.43798588E+000
  0.43798587E+000
  0.43798586E+000
  0.43798585E+000
  0.43798584E+000
  0.43798583E+000
  0.43798583E+000
  0.43798582E+000
  0.43798581E+000
  0.43798580E+000
  0.43798580E+000
  0.43798579E+000
  0.43798578E+000
  0.43798578E+000
  0.43798577E+000
  0.43798577E+000
  0.43798576E+000
  0.43798576E+000
  0.43798576E+000
  0.43798575E+000
  0.43798575E+000
  0.43798575E+000
  0.43798575E+000
  0.43798574E+000
  0.43798574E+000
  0.43798574E+000
  0.43798574E+000
  0.43798574E+000
  0.43798574E+000
  0.43798574E+000
  0.43798574E+000
  0.43798574E+000
  0.43798574E+000
  0.43798574E+000
  0.43798574E+000
  0.43798574E+000
  0.43798574E+000
  0.43798574E+000
  0.43798574E+000
  0.43798574E+000
  0.43798574E+000
  0.43798575E+000
  0.43798575E+000
  0.43798575E+000
  0.43798575E+000
  0.43798575E+000
  0.43798575E+000
  0.43798574E+000
