  0.12953212E+001
  0.12948185E+001
  0.12944607E+001
  0.12941980E+001
  0.12939884E+001
  0.12938138E+001
  0.12936656E+001
  0.12935383E+001
  0.12934286E+001
  0.12933339E+001
  0.12932517E+001
  0.12931802E+001
  0.12931179E+001
  0.12930633E+001
  0.12930154E+001
  0.12929731E+001
  0.12929358E+001
  0.12929027E+001
  0.12928732E+001
  0.12928469E+001
  0.12928232E+001
  0.12928019E+001
  0.12927825E+001
  0.12927648E+001
  0.12927486E+001
  0.12927336E+001
  0.12927196E+001
  0.12927066E+001
  0.12926942E+001
  0.12926825E+001
  0.12926713E+001
  0.12926606E+001
  0.12926501E+001
  0.12926399E+001
  0.12926299E+001
  0.12926201E+001
  0.12926103E+001
  0.12926006E+001
  0.12925910E+001
  0.12925814E+001
  0.12925719E+001
  0.12925623E+001
  0.12925528E+001
  0.12925433E+001
  0.12925338E+001
  0.12925244E+001
  0.12925150E+001
  0.12925058E+001
  0.12924966E+001
  0.12924875E+001
  0.12924785E+001
  0.12924698E+001
  0.12924612E+001
  0.12924527E+001
  0.12924446E+001
  0.12924366E+001
  0.12924289E+001
  0.12924214E+001
  0.12924142E+001
  0.12924073E+001
  0.12924007E+001
  0.12923944E+001
  0.12923884E+001
  0.12923827E+001
  0.12923773E+001
  0.12923722E+001
  0.12923674E+001
  0.12923629E+001
  0.12923587E+001
  0.12923548E+001
  0.12923512E+001
  0.12923479E+001
  0.12923448E+001
  0.12923420E+001
  0.12923394E+001
  0.12923371E+001
  0.12923350E+001
  0.12923331E+001
  0.12923315E+001
  0.12923300E+001
  0.12923287E+001
  0.12923275E+001
  0.12923265E+001
  0.12923257E+001
  0.12923249E+001
  0.12923243E+001
  0.12923238E+001
  0.12923234E+001
  0.12923230E+001
  0.12923227E+001
  0.12923225E+001
  0.12923224E+001
  0.12923223E+001
  0.12923222E+001
  0.12923222E+001
  0.12923222E+001
  0.12923222E+001
  0.12923222E+001
  0.12923223E+001
  0.12923224E+001
  0.12923224E+001
  0.12923225E+001
  0.12923226E+001
  0.12923227E+001
  0.12923227E+001
  0.12923228E+001
  0.12923229E+001
  0.12923230E+001
  0.12923230E+001
  0.12923231E+001
  0.12923231E+001
  0.12923232E+001
  0.12923232E+001
  0.12923232E+001
  0.12923232E+001
  0.12923233E+001
  0.12923233E+001
  0.12923233E+001
  0.12923233E+001
  0.12923233E+001
  0.12923232E+001
  0.12923232E+001
  0.12923232E+001
  0.12923232E+001
  0.12923231E+001
  0.12923231E+001
  0.12923230E+001
  0.12923230E+001
  0.12923229E+001
  0.12923229E+001
  0.12923228E+001
  0.12923227E+001
  0.12923227E+001
  0.12923226E+001
  0.12923225E+001
  0.12923225E+001
  0.12923224E+001
  0.12923223E+001
  0.12923222E+001
  0.12923222E+001
  0.12923221E+001
  0.12923220E+001
  0.12923219E+001
  0.12923219E+001
  0.12923218E+001
  0.12923217E+001
  0.12923216E+001
  0.12923215E+001
  0.12923215E+001
  0.12923214E+001
  0.12923213E+001
  0.12923213E+001
  0.12923212E+001
  0.12923211E+001
  0.12923211E+001
  0.12923210E+001
  0.12923209E+001
  0.12923209E+001
  0.12923208E+001
  0.12923208E+001
  0.12923207E+001
  0.12923207E+001
  0.12923206E+001
  0.12923206E+001
  0.12923205E+001
  0.12923205E+001
  0.12923205E+001
  0.12923204E+001
  0.12923204E+001
  0.12923204E+001
  0.12923204E+001
  0.12923203E+001
  0.12923203E+001
  0.12923203E+001
  0.12923203E+001
  0.12923203E+001
  0.12923202E+001
  0.12923202E+001
  0.12923202E+001
  0.12923202E+001
  0.12923202E+001
  0.12923202E+001
  0.12923202E+001
  0.12923202E+001
  0.12923202E+001
  0.12923202E+001
  0.12923202E+001
  0.12923202E+001
  0.12923202E+001
  0.12923202E+001
  0.12923202E+001
  0.12923202E+001
  0.12923202E+001
  0.12923203E+001
  0.12923203E+001
  0.12923203E+001
  0.12923203E+001
  0.12923203E+001
  0.12923203E+001
  0.12923203E+001
