  0.30523227E+001
  0.29983474E+001
  0.30125494E+001
  0.30228549E+001
  0.30287811E+001
  0.30324215E+001
  0.30348623E+001
  0.30366751E+001
  0.30381168E+001
  0.30392974E+001
  0.30402593E+001
  0.30410594E+001
  0.30417328E+001
  0.30423018E+001
  0.30427830E+001
  0.30431947E+001
  0.30435501E+001
  0.30438467E+001
  0.30440987E+001
  0.30443119E+001
  0.30444961E+001
  0.30446520E+001
  0.30447853E+001
  0.30448972E+001
  0.30449898E+001
  0.30450663E+001
  0.30451271E+001
  0.30451751E+001
  0.30452097E+001
  0.30452335E+001
  0.30452477E+001
  0.30452542E+001
  0.30452537E+001
  0.30452480E+001
  0.30452380E+001
  0.30452252E+001
  0.30452100E+001
  0.30451944E+001
  0.30451784E+001
  0.30451632E+001
  0.30451496E+001
  0.30451377E+001
  0.30451282E+001
  0.30451213E+001
  0.30451170E+001
  0.30451150E+001
  0.30451162E+001
  0.30451195E+001
  0.30451250E+001
  0.30451321E+001
  0.30451411E+001
  0.30451512E+001
  0.30451621E+001
  0.30451736E+001
  0.30451856E+001
  0.30451979E+001
  0.30452099E+001
  0.30452223E+001
  0.30452341E+001
  0.30452462E+001
  0.30452579E+001
  0.30452695E+001
  0.30452810E+001
  0.30452922E+001
  0.30453034E+001
  0.30453144E+001
  0.30453253E+001
  0.30453360E+001
  0.30453465E+001
  0.30453568E+001
  0.30453668E+001
  0.30453766E+001
  0.30453860E+001
  0.30453950E+001
  0.30454037E+001
  0.30454119E+001
  0.30454196E+001
  0.30454268E+001
  0.30454335E+001
  0.30454397E+001
  0.30454453E+001
  0.30454503E+001
  0.30454548E+001
  0.30454587E+001
  0.30454621E+001
  0.30454649E+001
  0.30454672E+001
  0.30454691E+001
  0.30454704E+001
  0.30454714E+001
  0.30454719E+001
  0.30454720E+001
  0.30454718E+001
  0.30454713E+001
  0.30454704E+001
  0.30454694E+001
  0.30454681E+001
  0.30454666E+001
  0.30454649E+001
  0.30454631E+001
  0.30454611E+001
  0.30454591E+001
  0.30454569E+001
  0.30454547E+001
  0.30454524E+001
  0.30454501E+001
  0.30454477E+001
  0.30454454E+001
  0.30454430E+001
  0.30454406E+001
  0.30454381E+001
  0.30454357E+001
  0.30454333E+001
  0.30454310E+001
  0.30454286E+001
  0.30454262E+001
  0.30454239E+001
  0.30454215E+001
  0.30454192E+001
  0.30454169E+001
  0.30454147E+001
  0.30454124E+001
  0.30454102E+001
  0.30454080E+001
  0.30454059E+001
  0.30454037E+001
  0.30454016E+001
  0.30453995E+001
  0.30453974E+001
  0.30453954E+001
  0.30453934E+001
  0.30453914E+001
  0.30453895E+001
  0.30453875E+001
  0.30453857E+001
  0.30453838E+001
  0.30453820E+001
  0.30453802E+001
  0.30453785E+001
  0.30453768E+001
  0.30453751E+001
  0.30453734E+001
  0.30453718E+001
  0.30453703E+001
  0.30453688E+001
  0.30453673E+001
  0.30453659E+001
  0.30453645E+001
  0.30453631E+001
  0.30453618E+001
  0.30453606E+001
  0.30453593E+001
  0.30453582E+001
  0.30453570E+001
  0.30453559E+001
  0.30453549E+001
  0.30453539E+001
  0.30453529E+001
  0.30453520E+001
  0.30453511E+001
  0.30453503E+001
  0.30453495E+001
  0.30453488E+001
  0.30453481E+001
  0.30453474E+001
  0.30453468E+001
  0.30453462E+001
  0.30453457E+001
  0.30453452E+001
  0.30453447E+001
  0.30453443E+001
  0.30453439E+001
  0.30453436E+001
  0.30453432E+001
  0.30453429E+001
  0.30453427E+001
  0.30453425E+001
  0.30453423E+001
  0.30453421E+001
  0.30453419E+001
  0.30453418E+001
  0.30453417E+001
  0.30453416E+001
  0.30453416E+001
  0.30453416E+001
  0.30453416E+001
  0.30453416E+001
  0.30453416E+001
  0.30453416E+001
  0.30453417E+001
  0.30453417E+001
  0.30453418E+001
  0.30453419E+001
  0.30453420E+001
  0.30453421E+001
  0.30453422E+001
  0.30453423E+001
  0.30453424E+001
  0.30453424E+001
  0.30453425E+001
