  0.69922988E+000  0.89457212E+000  0.10051847E+001  0.25822985E+001
  0.69874121E+000  0.89384585E+000  0.10048564E+001  0.25818307E+001
  0.69802019E+000  0.89370499E+000  0.10044113E+001  0.25817065E+001
  0.69770988E+000  0.89339163E+000  0.10040086E+001  0.25816820E+001
  0.69742044E+000  0.89287518E+000  0.10040546E+001  0.25816035E+001
  0.69722803E+000  0.89271001E+000  0.10037533E+001  0.25815641E+001
  0.69668837E+000  0.89292020E+000  0.10035058E+001  0.25815484E+001
  0.69647253E+000  0.89284706E+000  0.10033494E+001  0.25814844E+001
  0.69638977E+000  0.89268636E+000  0.10031204E+001  0.25815181E+001
  0.69603883E+000  0.89282500E+000  0.10030105E+001  0.25814615E+001
  0.69593563E+000  0.89275234E+000  0.10029133E+001  0.25814059E+001
  0.69565205E+000  0.89288589E+000  0.10027628E+001  0.25814206E+001
  0.69560066E+000  0.89280909E+000  0.10026390E+001  0.25814231E+001
  0.69556609E+000  0.89273404E+000  0.10025685E+001  0.25813848E+001
  0.69528140E+000  0.89292761E+000  0.10025107E+001  0.25813420E+001
  0.69525519E+000  0.89287582E+000  0.10024527E+001  0.25813091E+001
  0.69523308E+000  0.89282888E+000  0.10024107E+001  0.25812709E+001
  0.69521383E+000  0.89278584E+000  0.10023688E+001  0.25812426E+001
  0.69519790E+000  0.89275054E+000  0.10023374E+001  0.25812074E+001
  0.69518412E+000  0.89272008E+000  0.10022292E+001  0.25812544E+001
  0.69517201E+000  0.89269391E+000  0.10021956E+001  0.25812317E+001
  0.69516101E+000  0.89262090E+000  0.10022254E+001  0.25812004E+001
  0.69515173E+000  0.89260134E+000  0.10022070E+001  0.25811701E+001
  0.69514346E+000  0.89258444E+000  0.10021908E+001  0.25811407E+001
  0.69513602E+000  0.89257143E+000  0.10021749E+001  0.25811122E+001
  0.69512923E+000  0.89255879E+000  0.10021622E+001  0.25810843E+001
  0.69512295E+000  0.89254785E+000  0.10021509E+001  0.25810571E+001
  0.69511709E+000  0.89253833E+000  0.10021407E+001  0.25810304E+001
  0.69511154E+000  0.89253003E+000  0.10021316E+001  0.25810042E+001
  0.69510620E+000  0.89252273E+000  0.10021232E+001  0.25809784E+001
  0.69510100E+000  0.89251629E+000  0.10021155E+001  0.25809530E+001
  0.69509589E+000  0.89250894E+000  0.10021099E+001  0.25809279E+001
  0.69509082E+000  0.89250375E+000  0.10021031E+001  0.25809030E+001
  0.69508575E+000  0.89249902E+000  0.10020967E+001  0.25808785E+001
  0.69508068E+000  0.89249464E+000  0.10020905E+001  0.25808541E+001
  0.69507556E+000  0.89249053E+000  0.10020846E+001  0.25808299E+001
  0.69507042E+000  0.89248660E+000  0.10020787E+001  0.25808058E+001
  0.69506525E+000  0.89248281E+000  0.10020730E+001  0.25807819E+001
  0.69506006E+000  0.89247909E+000  0.10020672E+001  0.25807580E+001
  0.69505485E+000  0.89247541E+000  0.10020615E+001  0.25807343E+001
  0.69504966E+000  0.89247173E+000  0.10020557E+001  0.25807107E+001
  0.69504450E+000  0.89246804E+000  0.10020500E+001  0.25806871E+001
  0.69503938E+000  0.89246432E+000  0.10020443E+001  0.25806636E+001
  0.69503434E+000  0.89246056E+000  0.10020385E+001  0.25806402E+001
  0.69502939E+000  0.89245676E+000  0.10020327E+001  0.25806168E+001
  0.69502455E+000  0.89245292E+000  0.10020269E+001  0.25805936E+001
  0.69501983E+000  0.89244906E+000  0.10020211E+001  0.25805705E+001
  0.69501526E+000  0.89244518E+000  0.10020153E+001  0.25805476E+001
  0.69501085E+000  0.89244131E+000  0.10020095E+001  0.25805249E+001
  0.69500660E+000  0.89243745E+000  0.10020037E+001  0.25805025E+001
  0.69500251E+000  0.89243363E+000  0.10020077E+001  0.25804706E+001
  0.69499859E+000  0.89242986E+000  0.10020021E+001  0.25804488E+001
  0.69499485E+000  0.89242615E+000  0.10019966E+001  0.25804274E+001
  0.69499127E+000  0.89242252E+000  0.10019912E+001  0.25804063E+001
  0.69498786E+000  0.89241899E+000  0.10019859E+001  0.25803858E+001
  0.69498462E+000  0.89241556E+000  0.10019807E+001  0.25803658E+001
  0.69498154E+000  0.89241224E+000  0.10019757E+001  0.25803464E+001
  0.69497862E+000  0.89240903E+000  0.10019708E+001  0.25803275E+001
  0.69497585E+000  0.89240595E+000  0.10019661E+001  0.25803094E+001
  0.69497323E+000  0.89240300E+000  0.10019615E+001  0.25802919E+001
  0.69497076E+000  0.89240018E+000  0.10019571E+001  0.25802751E+001
  0.69496843E+000  0.89239750E+000  0.10019529E+001  0.25802591E+001
  0.69496624E+000  0.89239494E+000  0.10019489E+001  0.25802438E+001
  0.69496418E+000  0.89239252E+000  0.10019451E+001  0.25802293E+001
  0.69496225E+000  0.89239024E+000  0.10019414E+001  0.25802156E+001
  0.69496046E+000  0.89238809E+000  0.10019379E+001  0.25802026E+001
  0.69495878E+000  0.89238607E+000  0.10019346E+001  0.25801904E+001
  0.69495722E+000  0.89238418E+000  0.10019315E+001  0.25801790E+001
  0.69495578E+000  0.89238243E+000  0.10019285E+001  0.25801684E+001
  0.69495445E+000  0.89238079E+000  0.10019258E+001  0.25801586E+001
  0.69495322E+000  0.89237928E+000  0.10019232E+001  0.25801494E+001
  0.69495209E+000  0.89237789E+000  0.10019207E+001  0.25801411E+001
  0.69495105E+000  0.89237662E+000  0.10019185E+001  0.25801334E+001
  0.69495011E+000  0.89237545E+000  0.10019164E+001  0.25801264E+001
  0.69494925E+000  0.89237439E+000  0.10019144E+001  0.25801200E+001
  0.69494846E+000  0.89237344E+000  0.10019126E+001  0.25801143E+001
  0.69494776E+000  0.89237257E+000  0.10019110E+001  0.25801091E+001
  0.69494712E+000  0.89237180E+000  0.10019094E+001  0.25801046E+001
  0.69494654E+000  0.89237112E+000  0.10019080E+001  0.25801005E+001
  0.69494603E+000  0.89237051E+000  0.10019067E+001  0.25800970E+001
  0.69494557E+000  0.89236998E+000  0.10019056E+001  0.25800939E+001
  0.69494516E+000  0.89236952E+000  0.10019045E+001  0.25800912E+001
  0.69494480E+000  0.89236912E+000  0.10019035E+001  0.25800890E+001
  0.69494448E+000  0.89236878E+000  0.10019026E+001  0.25800871E+001
  0.69494420E+000  0.89236849E+000  0.10019018E+001  0.25800855E+001
  0.69494395E+000  0.89236825E+000  0.10019011E+001  0.25800842E+001
  0.69494373E+000  0.89236805E+000  0.10019004E+001  0.25800832E+001
  0.69494354E+000  0.89236790E+000  0.10018998E+001  0.25800824E+001
  0.69494338E+000  0.89236778E+000  0.10018993E+001  0.25800819E+001
  0.69494323E+000  0.89236768E+000  0.10018988E+001  0.25800815E+001
  0.69494310E+000  0.89236762E+000  0.10018984E+001  0.25800813E+001
  0.69494299E+000  0.89236758E+000  0.10018980E+001  0.25800812E+001
  0.69494289E+000  0.89236756E+000  0.10019772E+001  0.25800018E+001
  0.69494280E+000  0.89236756E+000  0.10019769E+001  0.25800019E+001
  0.69494271E+000  0.89236757E+000  0.10019766E+001  0.25800021E+001
  0.69494264E+000  0.89236760E+000  0.10019764E+001  0.25800024E+001
  0.69494257E+000  0.89236763E+000  0.10019762E+001  0.25800027E+001
  0.69494251E+000  0.89236768E+000  0.10019760E+001  0.25800031E+001
  0.69494245E+000  0.89236773E+000  0.10019759E+001  0.25800034E+001
  0.69494239E+000  0.89236778E+000  0.10019757E+001  0.25800038E+001
  0.69494234E+000  0.89236785E+000  0.10018961E+001  0.25800837E+001
  0.69494228E+000  0.89236791E+000  0.10018960E+001  0.25800841E+001
  0.69494223E+000  0.89236797E+000  0.10018959E+001  0.25800845E+001
  0.69494218E+000  0.89236804E+000  0.10018959E+001  0.25800849E+001
  0.69494213E+000  0.89236811E+000  0.10018958E+001  0.25800852E+001
  0.69494207E+000  0.89236818E+000  0.10018958E+001  0.25800855E+001
  0.69494202E+000  0.89236824E+000  0.10018958E+001  0.25800858E+001
  0.69494197E+000  0.89236831E+000  0.10018958E+001  0.25800861E+001
  0.69494192E+000  0.89236837E+000  0.10018958E+001  0.25800863E+001
  0.69494186E+000  0.89236843E+000  0.10018958E+001  0.25800865E+001
  0.69494181E+000  0.89236850E+000  0.10018958E+001  0.25800867E+001
  0.69494176E+000  0.89236855E+000  0.10018958E+001  0.25800868E+001
  0.69494171E+000  0.89236861E+000  0.10018958E+001  0.25800869E+001
  0.69494165E+000  0.89236867E+000  0.10018959E+001  0.25800870E+001
  0.69494160E+000  0.89236872E+000  0.10018959E+001  0.25800870E+001
  0.69494155E+000  0.89236877E+000  0.10018960E+001  0.25800870E+001
  0.69494150E+000  0.89236881E+000  0.10018961E+001  0.25800870E+001
  0.69494145E+000  0.89236886E+000  0.10018961E+001  0.25800869E+001
  0.69494140E+000  0.89236890E+000  0.10018962E+001  0.25800869E+001
  0.69494136E+000  0.89236894E+000  0.10018963E+001  0.25800867E+001
  0.69494131E+000  0.89236898E+000  0.10018964E+001  0.25800866E+001
  0.69494127E+000  0.89236902E+000  0.10018965E+001  0.25800864E+001
  0.69494122E+000  0.89236905E+000  0.10018966E+001  0.25800862E+001
  0.69494118E+000  0.89236908E+000  0.10018967E+001  0.25800860E+001
  0.69494114E+000  0.89236912E+000  0.10018968E+001  0.25800857E+001
  0.69494111E+000  0.89236914E+000  0.10018969E+001  0.25800854E+001
  0.69494107E+000  0.89236917E+000  0.10018970E+001  0.25800852E+001
  0.69494104E+000  0.89236920E+000  0.10018972E+001  0.25800848E+001
  0.69494100E+000  0.89236922E+000  0.10018973E+001  0.25800845E+001
  0.69494097E+000  0.89236924E+000  0.10018974E+001  0.25800842E+001
  0.69494094E+000  0.89236926E+000  0.10018975E+001  0.25800838E+001
  0.69494092E+000  0.89236928E+000  0.10018976E+001  0.25800834E+001
  0.69494089E+000  0.89236930E+000  0.10018978E+001  0.25800831E+001
  0.69494087E+000  0.89236931E+000  0.10018979E+001  0.25800827E+001
  0.69494085E+000  0.89236933E+000  0.10018980E+001  0.25800823E+001
  0.69494083E+000  0.89236935E+000  0.10018982E+001  0.25800818E+001
  0.69494081E+000  0.89236936E+000  0.10018983E+001  0.25800814E+001
  0.69494080E+000  0.89236937E+000  0.10018984E+001  0.25800810E+001
  0.69494078E+000  0.89236939E+000  0.10018985E+001  0.25800806E+001
  0.69494077E+000  0.89236940E+000  0.10018987E+001  0.25800801E+001
  0.69494076E+000  0.89236941E+000  0.10018988E+001  0.25800797E+001
  0.69494075E+000  0.89236942E+000  0.10018989E+001  0.25800792E+001
  0.69494074E+000  0.89236943E+000  0.10018991E+001  0.25800788E+001
  0.69494074E+000  0.89236944E+000  0.10018992E+001  0.25800784E+001
  0.69494073E+000  0.89236945E+000  0.10018993E+001  0.25800779E+001
  0.69494073E+000  0.89236946E+000  0.10018994E+001  0.25800775E+001
  0.69494072E+000  0.89236947E+000  0.10018996E+001  0.25800770E+001
  0.69494072E+000  0.89236948E+000  0.10018997E+001  0.25800766E+001
  0.69494072E+000  0.89236949E+000  0.10018998E+001  0.25800762E+001
  0.69494072E+000  0.89236950E+000  0.10018999E+001  0.25800758E+001
  0.69494073E+000  0.89236951E+000  0.10019000E+001  0.25800753E+001
  0.69494073E+000  0.89236952E+000  0.10019002E+001  0.25800749E+001
  0.69494073E+000  0.89236953E+000  0.10019003E+001  0.25800745E+001
  0.69494074E+000  0.89236954E+000  0.10019004E+001  0.25800741E+001
  0.69494075E+000  0.89236956E+000  0.10019005E+001  0.25800738E+001
  0.69494075E+000  0.89236957E+000  0.10019006E+001  0.25800734E+001
  0.69494076E+000  0.89236958E+000  0.10019007E+001  0.25800730E+001
  0.69494077E+000  0.89236959E+000  0.10019008E+001  0.25800727E+001
  0.69494078E+000  0.89236960E+000  0.10019009E+001  0.25800723E+001
  0.69494079E+000  0.89236961E+000  0.10019010E+001  0.25800720E+001
  0.69494080E+000  0.89236962E+000  0.10019011E+001  0.25800717E+001
  0.69494081E+000  0.89236964E+000  0.10019012E+001  0.25800714E+001
  0.69494082E+000  0.89236965E+000  0.10019013E+001  0.25800711E+001
  0.69494083E+000  0.89236966E+000  0.10019014E+001  0.25800708E+001
  0.69494084E+000  0.89236967E+000  0.10019014E+001  0.25800705E+001
  0.69494085E+000  0.89236968E+000  0.10019015E+001  0.25800703E+001
  0.69494087E+000  0.89236970E+000  0.10019016E+001  0.25800701E+001
  0.69494088E+000  0.89236971E+000  0.10019017E+001  0.25800698E+001
  0.69494089E+000  0.89236972E+000  0.10019017E+001  0.25800696E+001
  0.69494090E+000  0.89236973E+000  0.10019018E+001  0.25800694E+001
  0.69494092E+000  0.89236975E+000  0.10019019E+001  0.25800692E+001
  0.69494093E+000  0.89236976E+000  0.10019019E+001  0.25800690E+001
  0.69494094E+000  0.89236977E+000  0.10019020E+001  0.25800689E+001
  0.69494095E+000  0.89236978E+000  0.10019020E+001  0.25800687E+001
  0.69494096E+000  0.89236979E+000  0.10019021E+001  0.25800686E+001
  0.69494098E+000  0.89236980E+000  0.10019021E+001  0.25800685E+001
  0.69494099E+000  0.89236981E+000  0.10019022E+001  0.25800683E+001
  0.69494100E+000  0.89236983E+000  0.10019022E+001  0.25800682E+001
  0.69494101E+000  0.89236984E+000  0.10019022E+001  0.25800681E+001
  0.69494102E+000  0.89236985E+000  0.10019023E+001  0.25800680E+001
  0.69494103E+000  0.89236986E+000  0.10019023E+001  0.25800680E+001
  0.69494105E+000  0.89236987E+000  0.10019023E+001  0.25800679E+001
  0.69494106E+000  0.89236988E+000  0.10019024E+001  0.25800679E+001
  0.69494107E+000  0.89236988E+000  0.10019024E+001  0.25800678E+001
  0.69494108E+000  0.89236989E+000  0.10019024E+001  0.25800678E+001
  0.69494108E+000  0.89236990E+000  0.10019024E+001  0.25800677E+001
  0.69494109E+000  0.89236991E+000  0.10019024E+001  0.25800677E+001
  0.69494110E+000  0.89236992E+000  0.10019024E+001  0.25800677E+001
  0.69494111E+000  0.89236992E+000  0.10019025E+001  0.25800677E+001
  0.69494112E+000  0.89236993E+000  0.10019025E+001  0.25800677E+001
  0.69494113E+000  0.89236994E+000  0.10019025E+001  0.25800677E+001
  0.69494113E+000  0.89236994E+000  0.10019025E+001  0.25800677E+001
  0.69494114E+000  0.89236995E+000  0.10019025E+001  0.25800677E+001
  0.69494114E+000  0.89236995E+000  0.10019025E+001  0.25800677E+001
  0.69494115E+000  0.89236996E+000  0.10019025E+001  0.25800678E+001
  0.69494116E+000  0.89236996E+000  0.10019025E+001  0.25800678E+001
  0.69494116E+000  0.89236997E+000  0.10019025E+001  0.25800678E+001
  0.69494116E+000  0.89236997E+000  0.10019025E+001  0.25800679E+001
  0.69494117E+000  0.89236997E+000  0.10019025E+001  0.25800679E+001
  0.69494120E+000  0.89236999E+000  0.10019025E+001  0.25800680E+001
