 -0.36961630E+000
 -0.37101329E+000
 -0.37151096E+000
 -0.37175470E+000
 -0.37191001E+000
 -0.37202509E+000
 -0.37211573E+000
 -0.37218863E+000
 -0.37224792E+000
 -0.37229601E+000
 -0.37233490E+000
 -0.37236623E+000
 -0.37239130E+000
 -0.37241114E+000
 -0.37242663E+000
 -0.37243850E+000
 -0.37244734E+000
 -0.37245362E+000
 -0.37245776E+000
 -0.37246011E+000
 -0.37246098E+000
 -0.37246058E+000
 -0.37245913E+000
 -0.37245679E+000
 -0.37245371E+000
 -0.37245001E+000
 -0.37244578E+000
 -0.37244113E+000
 -0.37243611E+000
 -0.37243080E+000
 -0.37242524E+000
 -0.37241949E+000
 -0.37241357E+000
 -0.37240751E+000
 -0.37240135E+000
 -0.37239511E+000
 -0.37238879E+000
 -0.37238243E+000
 -0.37237603E+000
 -0.37236960E+000
 -0.37236315E+000
 -0.37235670E+000
 -0.37235025E+000
 -0.37234381E+000
 -0.37233740E+000
 -0.37233101E+000
 -0.37232467E+000
 -0.37231838E+000
 -0.37231215E+000
 -0.37230600E+000
 -0.37229992E+000
 -0.37229394E+000
 -0.37228806E+000
 -0.37228229E+000
 -0.37227665E+000
 -0.37227115E+000
 -0.37226578E+000
 -0.37226058E+000
 -0.37225554E+000
 -0.37225067E+000
 -0.37224598E+000
 -0.37224147E+000
 -0.37223716E+000
 -0.37223305E+000
 -0.37222914E+000
 -0.37222543E+000
 -0.37222192E+000
 -0.37221862E+000
 -0.37221553E+000
 -0.37221263E+000
 -0.37220993E+000
 -0.37220742E+000
 -0.37220510E+000
 -0.37220296E+000
 -0.37220100E+000
 -0.37219921E+000
 -0.37219758E+000
 -0.37219610E+000
 -0.37219477E+000
 -0.37219357E+000
 -0.37219250E+000
 -0.37219155E+000
 -0.37219071E+000
 -0.37218998E+000
 -0.37218933E+000
 -0.37218878E+000
 -0.37218830E+000
 -0.37218789E+000
 -0.37218754E+000
 -0.37218725E+000
 -0.37218701E+000
 -0.37218681E+000
 -0.37218666E+000
 -0.37218653E+000
 -0.37218644E+000
 -0.37218637E+000
 -0.37218632E+000
 -0.37218629E+000
 -0.37218627E+000
 -0.37218627E+000
 -0.37218627E+000
 -0.37218629E+000
 -0.37218630E+000
 -0.37218633E+000
 -0.37218635E+000
 -0.37218638E+000
 -0.37218641E+000
 -0.37218644E+000
 -0.37218647E+000
 -0.37218649E+000
 -0.37218652E+000
 -0.37218654E+000
 -0.37218657E+000
 -0.37218659E+000
 -0.37218660E+000
 -0.37218662E+000
 -0.37218663E+000
 -0.37218664E+000
 -0.37218665E+000
 -0.37218666E+000
 -0.37218666E+000
 -0.37218666E+000
 -0.37218666E+000
 -0.37218666E+000
 -0.37218666E+000
 -0.37218665E+000
 -0.37218665E+000
 -0.37218664E+000
 -0.37218663E+000
 -0.37218661E+000
 -0.37218660E+000
 -0.37218659E+000
 -0.37218657E+000
 -0.37218655E+000
 -0.37218653E+000
 -0.37218652E+000
 -0.37218650E+000
 -0.37218648E+000
 -0.37218646E+000
 -0.37218643E+000
 -0.37218641E+000
 -0.37218639E+000
 -0.37218637E+000
 -0.37218634E+000
 -0.37218632E+000
 -0.37218630E+000
 -0.37218627E+000
 -0.37218625E+000
 -0.37218622E+000
 -0.37218620E+000
 -0.37218618E+000
 -0.37218615E+000
 -0.37218613E+000
 -0.37218611E+000
 -0.37218608E+000
 -0.37218606E+000
 -0.37218604E+000
 -0.37218602E+000
 -0.37218600E+000
 -0.37218598E+000
 -0.37218596E+000
 -0.37218594E+000
 -0.37218592E+000
 -0.37218591E+000
 -0.37218589E+000
 -0.37218587E+000
 -0.37218586E+000
 -0.37218584E+000
 -0.37218583E+000
 -0.37218582E+000
 -0.37218580E+000
 -0.37218579E+000
 -0.37218578E+000
 -0.37218577E+000
 -0.37218576E+000
 -0.37218575E+000
 -0.37218574E+000
 -0.37218574E+000
 -0.37218573E+000
 -0.37218572E+000
 -0.37218572E+000
 -0.37218571E+000
 -0.37218571E+000
 -0.37218571E+000
 -0.37218570E+000
 -0.37218570E+000
 -0.37218570E+000
 -0.37218570E+000
 -0.37218569E+000
 -0.37218569E+000
 -0.37218569E+000
 -0.37218569E+000
 -0.37218569E+000
 -0.37218570E+000
 -0.37218570E+000
 -0.37218570E+000
 -0.37218570E+000
 -0.37218571E+000
 -0.37218571E+000
 -0.37218569E+000
