 -0.47095086E-001  0.61623251E-001  0.14517419E+001  0.42273656E+002
 -0.46974301E-001  0.61729988E-001  0.14526268E+001  0.42290573E+002
 -0.46909086E-001  0.61779104E-001  0.14531629E+001  0.42303328E+002
 -0.46872521E-001  0.61805780E-001  0.14535360E+001  0.42313523E+002
 -0.46853377E-001  0.61821379E-001  0.14538133E+001  0.42321838E+002
 -0.46845869E-001  0.61830237E-001  0.14540263E+001  0.42328665E+002
 -0.46846408E-001  0.61834459E-001  0.14541931E+001  0.42334281E+002
 -0.46852528E-001  0.61835418E-001  0.14543257E+001  0.42338901E+002
 -0.46862472E-001  0.61834085E-001  0.14544316E+001  0.42342692E+002
 -0.46874902E-001  0.61831229E-001  0.14545167E+001  0.42345793E+002
 -0.46888810E-001  0.61827435E-001  0.14545853E+001  0.42348318E+002
 -0.46903459E-001  0.61823132E-001  0.14546407E+001  0.42350360E+002
 -0.46918303E-001  0.61818640E-001  0.14546855E+001  0.42351996E+002
 -0.46932947E-001  0.61814195E-001  0.14547216E+001  0.42353291E+002
 -0.46947110E-001  0.61809967E-001  0.14547505E+001  0.42354298E+002
 -0.46960600E-001  0.61806070E-001  0.14547735E+001  0.42355061E+002
 -0.46973296E-001  0.61802581E-001  0.14547915E+001  0.42355617E+002
 -0.46985120E-001  0.61799550E-001  0.14548053E+001  0.42355999E+002
 -0.46996037E-001  0.61796998E-001  0.14548153E+001  0.42356232E+002
 -0.47006039E-001  0.61794927E-001  0.14548221E+001  0.42356339E+002
 -0.47015141E-001  0.61793323E-001  0.14548260E+001  0.42356339E+002
 -0.47023372E-001  0.61792164E-001  0.14548273E+001  0.42356247E+002
 -0.47030771E-001  0.61791421E-001  0.14548261E+001  0.42356078E+002
 -0.47037384E-001  0.61791055E-001  0.14548227E+001  0.42355842E+002
 -0.47043262E-001  0.61791025E-001  0.14548171E+001  0.42355551E+002
 -0.47048458E-001  0.61791286E-001  0.14548095E+001  0.42355212E+002
 -0.47053024E-001  0.61791789E-001  0.14547999E+001  0.42354833E+002
 -0.47057016E-001  0.61792486E-001  0.14547884E+001  0.42354420E+002
 -0.47060483E-001  0.61793328E-001  0.14547750E+001  0.42353979E+002
 -0.47063479E-001  0.61794266E-001  0.14547597E+001  0.42353514E+002
 -0.47066053E-001  0.61795252E-001  0.14547427E+001  0.42353030E+002
 -0.47068252E-001  0.61796241E-001  0.14547239E+001  0.42352530E+002
 -0.47070121E-001  0.61797189E-001  0.14547035E+001  0.42352016E+002
 -0.47071705E-001  0.61798058E-001  0.14546815E+001  0.42351493E+002
 -0.47073041E-001  0.61798815E-001  0.14546580E+001  0.42350961E+002
 -0.47074167E-001  0.61799433E-001  0.14546331E+001  0.42350423E+002
 -0.47075117E-001  0.61799891E-001  0.14546069E+001  0.42349881E+002
 -0.47075922E-001  0.61800174E-001  0.14545797E+001  0.42349335E+002
 -0.47076607E-001  0.61800275E-001  0.14545515E+001  0.42348788E+002
 -0.47077198E-001  0.61800196E-001  0.14545226E+001  0.42348240E+002
 -0.47077715E-001  0.61799942E-001  0.14544930E+001  0.42347693E+002
 -0.47078175E-001  0.61799527E-001  0.14544631E+001  0.42347146E+002
 -0.47078593E-001  0.61798968E-001  0.14544329E+001  0.42346602E+002
 -0.47078980E-001  0.61798289E-001  0.14544027E+001  0.42346059E+002
 -0.47079344E-001  0.61797512E-001  0.14543726E+001  0.42345521E+002
 -0.47079691E-001  0.61796666E-001  0.14543428E+001  0.42344986E+002
 -0.47080027E-001  0.61795775E-001  0.14543135E+001  0.42344456E+002
 -0.47080352E-001  0.61794866E-001  0.14542847E+001  0.42343931E+002
 -0.47080667E-001  0.61793960E-001  0.14542567E+001  0.42343412E+002
 -0.47080972E-001  0.61793080E-001  0.14542294E+001  0.42342901E+002
 -0.47081266E-001  0.61792241E-001  0.14542030E+001  0.42342396E+002
 -0.47081547E-001  0.61791459E-001  0.14541775E+001  0.42341901E+002
 -0.47081814E-001  0.61790745E-001  0.14541530E+001  0.42341414E+002
 -0.47082064E-001  0.61790107E-001  0.14541295E+001  0.42340938E+002
 -0.47082297E-001  0.61789552E-001  0.14541069E+001  0.42340473E+002
 -0.47082511E-001  0.61789084E-001  0.14540854E+001  0.42340020E+002
 -0.47082705E-001  0.61788705E-001  0.14540649E+001  0.42339579E+002
 -0.47082879E-001  0.61788417E-001  0.14540454E+001  0.42339152E+002
 -0.47083034E-001  0.61788221E-001  0.14540269E+001  0.42338740E+002
 -0.47083169E-001  0.61788116E-001  0.14540094E+001  0.42338343E+002
 -0.47083285E-001  0.61788102E-001  0.14539929E+001  0.42337961E+002
 -0.47083383E-001  0.61788178E-001  0.14539774E+001  0.42337595E+002
 -0.47083464E-001  0.61788342E-001  0.14539628E+001  0.42337246E+002
 -0.47083529E-001  0.61788594E-001  0.14539492E+001  0.42336914E+002
 -0.47083579E-001  0.61788931E-001  0.14539365E+001  0.42336600E+002
 -0.47083615E-001  0.61789351E-001  0.14539247E+001  0.42336302E+002
 -0.47083638E-001  0.61789853E-001  0.14539139E+001  0.42336022E+002
 -0.47083649E-001  0.61790432E-001  0.14539039E+001  0.42335759E+002
 -0.47083649E-001  0.61791086E-001  0.14538948E+001  0.42335513E+002
 -0.47083638E-001  0.61791813E-001  0.14538865E+001  0.42335284E+002
 -0.47083618E-001  0.61792609E-001  0.14538791E+001  0.42335072E+002
 -0.47083589E-001  0.61793470E-001  0.14538725E+001  0.42334876E+002
 -0.47083552E-001  0.61794392E-001  0.14538666E+001  0.42334695E+002
 -0.47083506E-001  0.61795372E-001  0.14538616E+001  0.42334530E+002
 -0.47083454E-001  0.61796406E-001  0.14538572E+001  0.42334379E+002
 -0.47083395E-001  0.61797489E-001  0.14538536E+001  0.42334242E+002
 -0.47083330E-001  0.61798618E-001  0.14538506E+001  0.42334118E+002
 -0.47083259E-001  0.61799787E-001  0.14538484E+001  0.42334007E+002
 -0.47083182E-001  0.61800994E-001  0.14538467E+001  0.42333907E+002
 -0.47083101E-001  0.61802232E-001  0.14538457E+001  0.42333819E+002
 -0.47083014E-001  0.61803499E-001  0.14538453E+001  0.42333740E+002
 -0.47082924E-001  0.61804789E-001  0.14538454E+001  0.42333671E+002
 -0.47082830E-001  0.61806099E-001  0.14538462E+001  0.42333611E+002
 -0.47082732E-001  0.61807423E-001  0.14538474E+001  0.42333558E+002
 -0.47082631E-001  0.61808759E-001  0.14538491E+001  0.42333513E+002
 -0.47082526E-001  0.61810101E-001  0.14538513E+001  0.42333474E+002
 -0.47082420E-001  0.61811446E-001  0.14538540E+001  0.42333441E+002
 -0.47082311E-001  0.61812791E-001  0.14538571E+001  0.42333413E+002
 -0.47082200E-001  0.61814131E-001  0.14538606E+001  0.42333390E+002
 -0.47082088E-001  0.61815463E-001  0.14538645E+001  0.42333371E+002
 -0.47081974E-001  0.61816784E-001  0.14538687E+001  0.42333355E+002
 -0.47081859E-001  0.61818091E-001  0.14538733E+001  0.42333342E+002
 -0.47081744E-001  0.61819381E-001  0.14538783E+001  0.42333331E+002
 -0.47081628E-001  0.61820653E-001  0.14538835E+001  0.42333323E+002
 -0.47081513E-001  0.61821902E-001  0.14538890E+001  0.42333316E+002
 -0.47081397E-001  0.61823129E-001  0.14538948E+001  0.42333310E+002
 -0.47081282E-001  0.61824330E-001  0.14539009E+001  0.42333306E+002
 -0.47081167E-001  0.61825505E-001  0.14539071E+001  0.42333302E+002
 -0.47081054E-001  0.61826651E-001  0.14539136E+001  0.42333299E+002
 -0.47080942E-001  0.61827769E-001  0.14539203E+001  0.42333296E+002
 -0.47080830E-001  0.61828856E-001  0.14539271E+001  0.42333294E+002
 -0.47080721E-001  0.61829913E-001  0.14539341E+001  0.42333291E+002
 -0.47080613E-001  0.61830939E-001  0.14539412E+001  0.42333288E+002
 -0.47080507E-001  0.61831933E-001  0.14539485E+001  0.42333286E+002
 -0.47080403E-001  0.61832896E-001  0.14539558E+001  0.42333283E+002
 -0.47080301E-001  0.61833828E-001  0.14539633E+001  0.42333279E+002
 -0.47080201E-001  0.61834728E-001  0.14539708E+001  0.42333276E+002
 -0.47080103E-001  0.61835597E-001  0.14539784E+001  0.42333271E+002
 -0.47080007E-001  0.61836435E-001  0.14539860E+001  0.42333267E+002
 -0.47079914E-001  0.61837243E-001  0.14539936E+001  0.42333262E+002
 -0.47079823E-001  0.61838021E-001  0.14540012E+001  0.42333256E+002
 -0.47079735E-001  0.61838770E-001  0.14540088E+001  0.42333251E+002
 -0.47079649E-001  0.61839491E-001  0.14540164E+001  0.42333244E+002
 -0.47079566E-001  0.61840184E-001  0.14540240E+001  0.42333238E+002
 -0.47079484E-001  0.61840850E-001  0.14540315E+001  0.42333231E+002
 -0.47079406E-001  0.61841490E-001  0.14540390E+001  0.42333223E+002
 -0.47079329E-001  0.61842105E-001  0.14540464E+001  0.42333216E+002
 -0.47079255E-001  0.61842695E-001  0.14540537E+001  0.42333208E+002
 -0.47079184E-001  0.61843261E-001  0.14540609E+001  0.42333200E+002
 -0.47079114E-001  0.61843805E-001  0.14540680E+001  0.42333191E+002
 -0.47079047E-001  0.61844327E-001  0.14540750E+001  0.42333182E+002
 -0.47078982E-001  0.61844828E-001  0.14540819E+001  0.42333173E+002
 -0.47078919E-001  0.61845308E-001  0.14540887E+001  0.42333164E+002
 -0.47078858E-001  0.61845769E-001  0.14540953E+001  0.42333155E+002
 -0.47078799E-001  0.61846211E-001  0.14541018E+001  0.42333146E+002
 -0.47078742E-001  0.61846635E-001  0.14541082E+001  0.42333136E+002
 -0.47078688E-001  0.61847042E-001  0.14541144E+001  0.42333127E+002
 -0.47078635E-001  0.61847433E-001  0.14541204E+001  0.42333117E+002
 -0.47078583E-001  0.61847807E-001  0.14541264E+001  0.42333107E+002
 -0.47078534E-001  0.61848167E-001  0.14541321E+001  0.42333098E+002
 -0.47078486E-001  0.61848511E-001  0.14541378E+001  0.42333088E+002
 -0.47078440E-001  0.61848842E-001  0.14541432E+001  0.42333079E+002
 -0.47078396E-001  0.61849159E-001  0.14541486E+001  0.42333069E+002
 -0.47078353E-001  0.61849462E-001  0.14541537E+001  0.42333060E+002
 -0.47078312E-001  0.61849754E-001  0.14541587E+001  0.42333050E+002
 -0.47078272E-001  0.61850033E-001  0.14541636E+001  0.42333041E+002
 -0.47078233E-001  0.61850300E-001  0.14541683E+001  0.42333032E+002
 -0.47078196E-001  0.61850557E-001  0.14541729E+001  0.42333023E+002
 -0.47078161E-001  0.61850802E-001  0.14541773E+001  0.42333014E+002
 -0.47078126E-001  0.61851037E-001  0.14541815E+001  0.42333005E+002
 -0.47078094E-001  0.61851261E-001  0.14541857E+001  0.42332997E+002
 -0.47078062E-001  0.61851475E-001  0.14541896E+001  0.42332989E+002
 -0.47078032E-001  0.61851680E-001  0.14541935E+001  0.42332980E+002
 -0.47078002E-001  0.61851875E-001  0.14541972E+001  0.42332973E+002
 -0.47077974E-001  0.61852061E-001  0.14542007E+001  0.42332965E+002
 -0.47077948E-001  0.61852238E-001  0.14542041E+001  0.42332958E+002
 -0.47077922E-001  0.61852406E-001  0.14542074E+001  0.42332950E+002
 -0.47077898E-001  0.61852565E-001  0.14542105E+001  0.42332943E+002
 -0.47077874E-001  0.61852716E-001  0.14542135E+001  0.42332937E+002
 -0.47077852E-001  0.61852859E-001  0.14542164E+001  0.42332930E+002
 -0.47077831E-001  0.61852994E-001  0.14542192E+001  0.42332924E+002
 -0.47077811E-001  0.61853121E-001  0.14542218E+001  0.42332918E+002
 -0.47077792E-001  0.61853240E-001  0.14542243E+001  0.42332913E+002
 -0.47077774E-001  0.61853352E-001  0.14542267E+001  0.42332908E+002
 -0.47077757E-001  0.61853456E-001  0.14542290E+001  0.42332903E+002
 -0.47077741E-001  0.61853553E-001  0.14542311E+001  0.42332898E+002
 -0.47077725E-001  0.61853643E-001  0.14542331E+001  0.42332894E+002
 -0.47077711E-001  0.61853726E-001  0.14542351E+001  0.42332889E+002
 -0.47077698E-001  0.61853803E-001  0.14542369E+001  0.42332886E+002
 -0.47077686E-001  0.61853872E-001  0.14542386E+001  0.42332882E+002
 -0.47077675E-001  0.61853936E-001  0.14542402E+001  0.42332879E+002
 -0.47077664E-001  0.61853993E-001  0.14542417E+001  0.42332876E+002
 -0.47077655E-001  0.61854045E-001  0.14542430E+001  0.42332873E+002
 -0.47077646E-001  0.61854090E-001  0.14542443E+001  0.42332870E+002
 -0.47077638E-001  0.61854130E-001  0.14542455E+001  0.42332868E+002
 -0.47077631E-001  0.61854165E-001  0.14542466E+001  0.42332866E+002
 -0.47077624E-001  0.61854194E-001  0.14542476E+001  0.42332865E+002
 -0.47077618E-001  0.61854219E-001  0.14542485E+001  0.42332863E+002
 -0.47077613E-001  0.61854238E-001  0.14542494E+001  0.42332862E+002
 -0.47077609E-001  0.61854253E-001  0.14542501E+001  0.42332861E+002
 -0.47077605E-001  0.61854264E-001  0.14542508E+001  0.42332860E+002
 -0.47077602E-001  0.61854270E-001  0.14542514E+001  0.42332859E+002
 -0.47077600E-001  0.61854273E-001  0.14542519E+001  0.42332859E+002
 -0.47077598E-001  0.61854272E-001  0.14542523E+001  0.42332859E+002
 -0.47077597E-001  0.61854268E-001  0.14542527E+001  0.42332859E+002
 -0.47077596E-001  0.61854260E-001  0.14542530E+001  0.42332859E+002
 -0.47077596E-001  0.61854249E-001  0.14542533E+001  0.42332859E+002
 -0.47077596E-001  0.61854236E-001  0.14542534E+001  0.42332859E+002
 -0.47077596E-001  0.61854219E-001  0.14542536E+001  0.42332860E+002
 -0.47077597E-001  0.61854201E-001  0.14542537E+001  0.42332860E+002
 -0.47077599E-001  0.61854180E-001  0.14542537E+001  0.42332861E+002
 -0.47077600E-001  0.61854158E-001  0.14542537E+001  0.42332862E+002
 -0.47077602E-001  0.61854133E-001  0.14542536E+001  0.42332863E+002
 -0.47077605E-001  0.61854107E-001  0.14542535E+001  0.42332864E+002
 -0.47077607E-001  0.61854080E-001  0.14542534E+001  0.42332865E+002
 -0.47077610E-001  0.61854051E-001  0.14542532E+001  0.42332866E+002
 -0.47077613E-001  0.61854022E-001  0.14542530E+001  0.42332868E+002
 -0.47077616E-001  0.61853991E-001  0.14542528E+001  0.42332869E+002
 -0.47077620E-001  0.61853960E-001  0.14542525E+001  0.42332870E+002
 -0.47077623E-001  0.61853928E-001  0.14542523E+001  0.42332872E+002
 -0.47077627E-001  0.61853896E-001  0.14542520E+001  0.42332873E+002
 -0.47077631E-001  0.61853863E-001  0.14542516E+001  0.42332874E+002
 -0.47077634E-001  0.61853830E-001  0.14542513E+001  0.42332876E+002
 -0.47077638E-001  0.61853797E-001  0.14542509E+001  0.42332877E+002
 -0.47077642E-001  0.61853764E-001  0.14542506E+001  0.42332879E+002
 -0.47077646E-001  0.61853731E-001  0.14542502E+001  0.42332880E+002
 -0.47077650E-001  0.61853698E-001  0.14542498E+001  0.42332881E+002
 -0.47077654E-001  0.61853665E-001  0.14542494E+001  0.42332883E+002
 -0.47077658E-001  0.61853632E-001  0.14542490E+001  0.42332884E+002
 -0.47077663E-001  0.61853599E-001  0.14542485E+001  0.42332885E+002
