  0.28944511E+000
  0.28943306E+000
  0.28949356E+000
  0.28953718E+000
  0.28956495E+000
  0.28958263E+000
  0.28959355E+000
  0.28959957E+000
  0.28960190E+000
  0.28960132E+000
  0.28959840E+000
  0.28959365E+000
  0.28958746E+000
  0.28958016E+000
  0.28957204E+000
  0.28956331E+000
  0.28955418E+000
  0.28954480E+000
  0.28953531E+000
  0.28952581E+000
  0.28951641E+000
  0.28950717E+000
  0.28949816E+000
  0.28948942E+000
  0.28948101E+000
  0.28947296E+000
  0.28946529E+000
  0.28945803E+000
  0.28945119E+000
  0.28944480E+000
  0.28943886E+000
  0.28943339E+000
  0.28942838E+000
  0.28942383E+000
  0.28941974E+000
  0.28941609E+000
  0.28941287E+000
  0.28941006E+000
  0.28940763E+000
  0.28940555E+000
  0.28940379E+000
  0.28940231E+000
  0.28940107E+000
  0.28940004E+000
  0.28939918E+000
  0.28939845E+000
  0.28939782E+000
  0.28939726E+000
  0.28939674E+000
  0.28939624E+000
  0.28939575E+000
  0.28939524E+000
  0.28939470E+000
  0.28939412E+000
  0.28939351E+000
  0.28939284E+000
  0.28939212E+000
  0.28939135E+000
  0.28939052E+000
  0.28938964E+000
  0.28938870E+000
  0.28938770E+000
  0.28938665E+000
  0.28938555E+000
  0.28938440E+000
  0.28938320E+000
  0.28938195E+000
  0.28938066E+000
  0.28937934E+000
  0.28937797E+000
  0.28937658E+000
  0.28937516E+000
  0.28937372E+000
  0.28937226E+000
  0.28937078E+000
  0.28936929E+000
  0.28936780E+000
  0.28936630E+000
  0.28936480E+000
  0.28936331E+000
  0.28936183E+000
  0.28936035E+000
  0.28935890E+000
  0.28935746E+000
  0.28935603E+000
  0.28935464E+000
  0.28935326E+000
  0.28935192E+000
  0.28935060E+000
  0.28934931E+000
  0.28934806E+000
  0.28934683E+000
  0.28934564E+000
  0.28934449E+000
  0.28934337E+000
  0.28934228E+000
  0.28934123E+000
  0.28934022E+000
  0.28933924E+000
  0.28933830E+000
  0.28933739E+000
  0.28933651E+000
  0.28933567E+000
  0.28933486E+000
  0.28933409E+000
  0.28933334E+000
  0.28933263E+000
  0.28933194E+000
  0.28933129E+000
  0.28933066E+000
  0.28933006E+000
  0.28932948E+000
  0.28932893E+000
  0.28932840E+000
  0.28932790E+000
  0.28932742E+000
  0.28932695E+000
  0.28932651E+000
  0.28932609E+000
  0.28932569E+000
  0.28932531E+000
  0.28932494E+000
  0.28932459E+000
  0.28932425E+000
  0.28932393E+000
  0.28932362E+000
  0.28932333E+000
  0.28932305E+000
  0.28932278E+000
  0.28932252E+000
  0.28932227E+000
  0.28932204E+000
  0.28932182E+000
  0.28932160E+000
  0.28932140E+000
  0.28932120E+000
  0.28932102E+000
  0.28932084E+000
  0.28932067E+000
  0.28932051E+000
  0.28932036E+000
  0.28932021E+000
  0.28932007E+000
  0.28931994E+000
  0.28931982E+000
  0.28931971E+000
  0.28931960E+000
  0.28931949E+000
  0.28931940E+000
  0.28931931E+000
  0.28931922E+000
  0.28931914E+000
  0.28931907E+000
  0.28931901E+000
  0.28931895E+000
  0.28931889E+000
  0.28931884E+000
  0.28931880E+000
  0.28931876E+000
  0.28931872E+000
  0.28931869E+000
  0.28931866E+000
  0.28931864E+000
  0.28931862E+000
  0.28931861E+000
  0.28931860E+000
  0.28931860E+000
  0.28931859E+000
  0.28931859E+000
  0.28931860E+000
  0.28931860E+000
  0.28931861E+000
  0.28931862E+000
  0.28931864E+000
  0.28931866E+000
  0.28931867E+000
  0.28931869E+000
  0.28931872E+000
  0.28931874E+000
  0.28931876E+000
  0.28931879E+000
  0.28931882E+000
  0.28931884E+000
  0.28931887E+000
  0.28931890E+000
  0.28931893E+000
  0.28931896E+000
  0.28931899E+000
  0.28931902E+000
  0.28931905E+000
  0.28931908E+000
  0.28931911E+000
  0.28931914E+000
  0.28931917E+000
  0.28931919E+000
  0.28931922E+000
  0.28931925E+000
  0.28931928E+000
  0.28931930E+000
  0.28931933E+000
