  0.52304222E+000
  0.51605785E+000
  0.51820961E+000
  0.51973723E+000
  0.52062345E+000
  0.52117394E+000
  0.52154503E+000
  0.52181899E+000
  0.52203336E+000
  0.52220523E+000
  0.52234206E+000
  0.52245288E+000
  0.52254354E+000
  0.52261786E+000
  0.52267879E+000
  0.52272929E+000
  0.52277157E+000
  0.52280561E+000
  0.52283359E+000
  0.52285648E+000
  0.52287573E+000
  0.52289157E+000
  0.52290483E+000
  0.52291571E+000
  0.52292454E+000
  0.52293175E+000
  0.52293741E+000
  0.52294187E+000
  0.52294505E+000
  0.52294727E+000
  0.52294869E+000
  0.52294948E+000
  0.52294974E+000
  0.52294966E+000
  0.52294932E+000
  0.52294889E+000
  0.52294840E+000
  0.52294807E+000
  0.52294786E+000
  0.52294791E+000
  0.52294831E+000
  0.52294902E+000
  0.52295013E+000
  0.52295164E+000
  0.52295354E+000
  0.52295576E+000
  0.52295841E+000
  0.52296133E+000
  0.52296451E+000
  0.52296790E+000
  0.52297150E+000
  0.52297520E+000
  0.52297897E+000
  0.52298278E+000
  0.52298658E+000
  0.52299038E+000
  0.52299408E+000
  0.52299776E+000
  0.52300131E+000
  0.52300481E+000
  0.52300819E+000
  0.52301148E+000
  0.52301468E+000
  0.52301777E+000
  0.52302076E+000
  0.52302366E+000
  0.52302644E+000
  0.52302913E+000
  0.52303169E+000
  0.52303415E+000
  0.52303649E+000
  0.52303871E+000
  0.52304081E+000
  0.52304278E+000
  0.52304463E+000
  0.52304635E+000
  0.52304793E+000
  0.52304940E+000
  0.52305073E+000
  0.52305193E+000
  0.52305301E+000
  0.52305397E+000
  0.52305481E+000
  0.52305554E+000
  0.52305616E+000
  0.52305667E+000
  0.52305709E+000
  0.52305742E+000
  0.52305766E+000
  0.52305782E+000
  0.52305792E+000
  0.52305795E+000
  0.52305792E+000
  0.52305784E+000
  0.52305771E+000
  0.52305754E+000
  0.52305734E+000
  0.52305711E+000
  0.52305685E+000
  0.52305657E+000
  0.52305627E+000
  0.52305596E+000
  0.52305564E+000
  0.52305531E+000
  0.52305498E+000
  0.52305464E+000
  0.52305430E+000
  0.52305396E+000
  0.52305362E+000
  0.52305329E+000
  0.52305295E+000
  0.52305262E+000
  0.52305230E+000
  0.52305197E+000
  0.52305166E+000
  0.52305134E+000
  0.52305104E+000
  0.52305074E+000
  0.52305044E+000
  0.52305015E+000
  0.52304987E+000
  0.52304959E+000
  0.52304931E+000
  0.52304904E+000
  0.52304878E+000
  0.52304852E+000
  0.52304827E+000
  0.52304802E+000
  0.52304778E+000
  0.52304754E+000
  0.52304730E+000
  0.52304708E+000
  0.52304685E+000
  0.52304664E+000
  0.52304642E+000
  0.52304622E+000
  0.52304601E+000
  0.52304582E+000
  0.52304562E+000
  0.52304544E+000
  0.52304525E+000
  0.52304508E+000
  0.52304490E+000
  0.52304474E+000
  0.52304457E+000
  0.52304442E+000
  0.52304426E+000
  0.52304412E+000
  0.52304397E+000
  0.52304384E+000
  0.52304370E+000
  0.52304358E+000
  0.52304345E+000
  0.52304333E+000
  0.52304322E+000
  0.52304311E+000
  0.52304301E+000
  0.52304291E+000
  0.52304282E+000
  0.52304273E+000
  0.52304264E+000
  0.52304256E+000
  0.52304249E+000
  0.52304242E+000
  0.52304235E+000
  0.52304229E+000
  0.52304223E+000
  0.52304217E+000
  0.52304212E+000
  0.52304208E+000
  0.52304203E+000
  0.52304199E+000
  0.52304196E+000
  0.52304192E+000
  0.52304189E+000
  0.52304187E+000
  0.52304185E+000
  0.52304183E+000
  0.52304181E+000
  0.52304179E+000
  0.52304178E+000
  0.52304177E+000
  0.52304176E+000
  0.52304176E+000
  0.52304176E+000
  0.52304175E+000
  0.52304175E+000
  0.52304176E+000
  0.52304176E+000
  0.52304176E+000
  0.52304177E+000
  0.52304178E+000
  0.52304179E+000
  0.52304180E+000
  0.52304180E+000
  0.52304181E+000
  0.52304182E+000
  0.52304183E+000
  0.52304184E+000
  0.52304183E+000
