  0.23359710E+000
  0.22662479E+000
  0.22871605E+000
  0.23020006E+000
  0.23105850E+000
  0.23159131E+000
  0.23195148E+000
  0.23221942E+000
  0.23243146E+000
  0.23260391E+000
  0.23274366E+000
  0.23285923E+000
  0.23295608E+000
  0.23303769E+000
  0.23310676E+000
  0.23316598E+000
  0.23321739E+000
  0.23326081E+000
  0.23329828E+000
  0.23333066E+000
  0.23335932E+000
  0.23338440E+000
  0.23340668E+000
  0.23342629E+000
  0.23344353E+000
  0.23345880E+000
  0.23347212E+000
  0.23348385E+000
  0.23349386E+000
  0.23350247E+000
  0.23350982E+000
  0.23351609E+000
  0.23352136E+000
  0.23352583E+000
  0.23352958E+000
  0.23353280E+000
  0.23353553E+000
  0.23353801E+000
  0.23354024E+000
  0.23354237E+000
  0.23354452E+000
  0.23354672E+000
  0.23354906E+000
  0.23355160E+000
  0.23355436E+000
  0.23355731E+000
  0.23356059E+000
  0.23356407E+000
  0.23356777E+000
  0.23357166E+000
  0.23357575E+000
  0.23357997E+000
  0.23358427E+000
  0.23358865E+000
  0.23359308E+000
  0.23359754E+000
  0.23360195E+000
  0.23360641E+000
  0.23361079E+000
  0.23361517E+000
  0.23361949E+000
  0.23362378E+000
  0.23362803E+000
  0.23363223E+000
  0.23363637E+000
  0.23364046E+000
  0.23364449E+000
  0.23364846E+000
  0.23365235E+000
  0.23365618E+000
  0.23365991E+000
  0.23366355E+000
  0.23366709E+000
  0.23367052E+000
  0.23367384E+000
  0.23367705E+000
  0.23368013E+000
  0.23368310E+000
  0.23368592E+000
  0.23368862E+000
  0.23369118E+000
  0.23369361E+000
  0.23369591E+000
  0.23369808E+000
  0.23370012E+000
  0.23370203E+000
  0.23370383E+000
  0.23370550E+000
  0.23370706E+000
  0.23370851E+000
  0.23370986E+000
  0.23371111E+000
  0.23371228E+000
  0.23371335E+000
  0.23371434E+000
  0.23371526E+000
  0.23371610E+000
  0.23371689E+000
  0.23371761E+000
  0.23371827E+000
  0.23371888E+000
  0.23371945E+000
  0.23371997E+000
  0.23372045E+000
  0.23372089E+000
  0.23372130E+000
  0.23372167E+000
  0.23372202E+000
  0.23372234E+000
  0.23372263E+000
  0.23372290E+000
  0.23372314E+000
  0.23372337E+000
  0.23372357E+000
  0.23372376E+000
  0.23372393E+000
  0.23372408E+000
  0.23372422E+000
  0.23372435E+000
  0.23372446E+000
  0.23372456E+000
  0.23372465E+000
  0.23372473E+000
  0.23372479E+000
  0.23372485E+000
  0.23372490E+000
  0.23372494E+000
  0.23372497E+000
  0.23372500E+000
  0.23372502E+000
  0.23372503E+000
  0.23372504E+000
  0.23372504E+000
  0.23372503E+000
  0.23372503E+000
  0.23372501E+000
  0.23372500E+000
  0.23372498E+000
  0.23372495E+000
  0.23372493E+000
  0.23372490E+000
  0.23372486E+000
  0.23372483E+000
  0.23372479E+000
  0.23372475E+000
  0.23372471E+000
  0.23372467E+000
  0.23372462E+000
  0.23372458E+000
  0.23372453E+000
  0.23372448E+000
  0.23372443E+000
  0.23372438E+000
  0.23372433E+000
  0.23372428E+000
  0.23372422E+000
  0.23372417E+000
  0.23372412E+000
  0.23372406E+000
  0.23372401E+000
  0.23372395E+000
  0.23372390E+000
  0.23372385E+000
  0.23372379E+000
  0.23372374E+000
  0.23372368E+000
  0.23372363E+000
  0.23372358E+000
  0.23372353E+000
  0.23372348E+000
  0.23372343E+000
  0.23372338E+000
  0.23372333E+000
  0.23372329E+000
  0.23372324E+000
  0.23372320E+000
  0.23372315E+000
  0.23372311E+000
  0.23372307E+000
  0.23372303E+000
  0.23372299E+000
  0.23372296E+000
  0.23372292E+000
  0.23372289E+000
  0.23372286E+000
  0.23372283E+000
  0.23372280E+000
  0.23372277E+000
  0.23372274E+000
  0.23372272E+000
  0.23372269E+000
  0.23372267E+000
  0.23372265E+000
  0.23372263E+000
  0.23372261E+000
  0.23372259E+000
  0.23372257E+000
  0.23372255E+000
  0.23372253E+000
  0.23372250E+000
