  0.82262958E+000
  0.82262962E+000
  0.82262880E+000
  0.82262786E+000
  0.82262697E+000
  0.82262619E+000
  0.82262550E+000
  0.82262491E+000
  0.82262441E+000
  0.82262398E+000
  0.82262361E+000
  0.82262330E+000
  0.82262304E+000
  0.82262281E+000
  0.82262263E+000
  0.82262247E+000
  0.82262233E+000
  0.82262221E+000
  0.82262212E+000
  0.82262203E+000
  0.82262196E+000
  0.82262190E+000
  0.82262185E+000
  0.82262181E+000
  0.82262177E+000
  0.82262174E+000
  0.82262171E+000
  0.82262169E+000
  0.82262167E+000
  0.82262165E+000
  0.82262163E+000
  0.82262162E+000
  0.82262160E+000
  0.82262159E+000
  0.82262158E+000
  0.82262157E+000
  0.82262156E+000
  0.82262156E+000
  0.82262155E+000
  0.82262154E+000
  0.82262154E+000
  0.82262154E+000
  0.82262153E+000
  0.82262153E+000
  0.82262153E+000
  0.82262153E+000
  0.82262153E+000
  0.82262153E+000
  0.82262154E+000
  0.82262154E+000
  0.82262155E+000
  0.82262155E+000
  0.82262156E+000
  0.82262157E+000
  0.82262158E+000
  0.82262159E+000
  0.82262161E+000
  0.82262162E+000
  0.82262164E+000
  0.82262166E+000
  0.82262168E+000
  0.82262171E+000
  0.82262173E+000
  0.82262176E+000
  0.82262178E+000
  0.82262181E+000
  0.82262184E+000
  0.82262188E+000
  0.82262191E+000
  0.82262194E+000
  0.82262198E+000
  0.82262202E+000
  0.82262205E+000
  0.82262209E+000
  0.82262213E+000
  0.82262216E+000
  0.82262220E+000
  0.82262224E+000
  0.82262228E+000
  0.82262231E+000
  0.82262235E+000
  0.82262238E+000
  0.82262241E+000
  0.82262244E+000
  0.82262247E+000
  0.82262249E+000
  0.82262251E+000
  0.82262253E+000
  0.82262255E+000
  0.82262256E+000
  0.82262257E+000
  0.82262257E+000
  0.82262258E+000
  0.82262257E+000
  0.82262256E+000
  0.82262255E+000
  0.82262253E+000
  0.82262251E+000
  0.82262248E+000
  0.82262245E+000
  0.82262241E+000
  0.82262237E+000
  0.82262232E+000
  0.82262226E+000
  0.82262221E+000
  0.82262214E+000
  0.82262207E+000
  0.82262200E+000
  0.82262192E+000
  0.82262184E+000
  0.82262175E+000
  0.82262166E+000
  0.82262156E+000
  0.82262146E+000
  0.82262135E+000
  0.82262124E+000
  0.82262113E+000
  0.82262101E+000
  0.82262089E+000
  0.82262077E+000
  0.82262065E+000
  0.82262052E+000
  0.82262039E+000
  0.82262025E+000
  0.82262012E+000
  0.82261998E+000
  0.82261984E+000
  0.82261970E+000
  0.82261956E+000
  0.82261942E+000
  0.82261928E+000
  0.82261913E+000
  0.82261899E+000
  0.82261884E+000
  0.82261870E+000
  0.82261856E+000
  0.82261841E+000
  0.82261827E+000
  0.82261813E+000
  0.82261798E+000
  0.82261784E+000
  0.82261770E+000
  0.82261756E+000
  0.82261743E+000
  0.82261729E+000
  0.82261716E+000
  0.82261703E+000
  0.82261690E+000
  0.82261677E+000
  0.82261665E+000
  0.82261653E+000
  0.82261641E+000
  0.82261630E+000
  0.82261618E+000
  0.82261607E+000
  0.82261597E+000
  0.82261586E+000
  0.82261577E+000
  0.82261567E+000
  0.82261558E+000
  0.82261549E+000
  0.82261540E+000
  0.82261532E+000
  0.82261525E+000
  0.82261517E+000
  0.82261510E+000
  0.82261504E+000
  0.82261497E+000
  0.82261491E+000
  0.82261486E+000
  0.82261481E+000
  0.82261476E+000
  0.82261471E+000
  0.82261467E+000
  0.82261464E+000
  0.82261460E+000
  0.82261457E+000
  0.82261454E+000
  0.82261452E+000
  0.82261449E+000
  0.82261447E+000
  0.82261446E+000
  0.82261444E+000
  0.82261443E+000
  0.82261442E+000
  0.82261441E+000
  0.82261441E+000
  0.82261441E+000
  0.82261440E+000
  0.82261441E+000
  0.82261441E+000
  0.82261441E+000
  0.82261442E+000
  0.82261442E+000
  0.82261443E+000
  0.82261444E+000
  0.82261445E+000
  0.82261446E+000
  0.82261447E+000
  0.82261448E+000
