  0.19288677E+000  0.21764999E+000  0.35657034E+000  0.51777015E+000  0.86327120E+000  0.98306909E+000  0.13495124E+001  0.25115454E+001  0.41381950E+001  0.59730889E+001  0.94980577E+001
  0.19277001E+000  0.21772439E+000  0.35568576E+000  0.51787389E+000  0.86237122E+000  0.98195042E+000  0.13457896E+001  0.25040395E+001  0.41245768E+001  0.59356572E+001  0.94358347E+001
  0.19265883E+000  0.21779563E+000  0.35517066E+000  0.51803296E+000  0.86172869E+000  0.98132268E+000  0.13419254E+001  0.24989066E+001  0.41183218E+001  0.59125803E+001  0.93975943E+001
  0.19255841E+000  0.21792018E+000  0.35477759E+000  0.51814565E+000  0.86132590E+000  0.98081074E+000  0.13398707E+001  0.24956589E+001  0.41131572E+001  0.58960320E+001  0.93693986E+001
  0.19250490E+000  0.21797345E+000  0.35446680E+000  0.51821947E+000  0.86096960E+000  0.98031089E+000  0.13389083E+001  0.24927477E+001  0.41087531E+001  0.58826895E+001  0.93471648E+001
  0.19243621E+000  0.21800462E+000  0.35419820E+000  0.51786747E+000  0.86057813E+000  0.98006471E+000  0.13378278E+001  0.24907798E+001  0.41080804E+001  0.58717452E+001  0.93291192E+001
  0.19239365E+000  0.21797595E+000  0.35397993E+000  0.51758403E+000  0.86032968E+000  0.97959130E+000  0.13362578E+001  0.24888195E+001  0.41079124E+001  0.58628783E+001  0.93142810E+001
  0.19235162E+000  0.21794184E+000  0.35380855E+000  0.51734886E+000  0.86019634E+000  0.97925549E+000  0.13349386E+001  0.24868877E+001  0.41068470E+001  0.58555226E+001  0.93038500E+001
  0.19229845E+000  0.21798151E+000  0.35366443E+000  0.51713802E+000  0.85998151E+000  0.97933163E+000  0.13338558E+001  0.24860190E+001  0.41113935E+001  0.58494059E+001  0.93004531E+001
  0.19227302E+000  0.21797367E+000  0.35353780E+000  0.51683578E+000  0.85983108E+000  0.97899370E+000  0.13328455E+001  0.24847520E+001  0.41129328E+001  0.58442352E+001  0.92965763E+001
  0.19224576E+000  0.21796101E+000  0.35342530E+000  0.51657578E+000  0.85974453E+000  0.97898605E+000  0.13322380E+001  0.24834873E+001  0.41126247E+001  0.58399957E+001  0.92933750E+001
  0.19221303E+000  0.21797543E+000  0.35333735E+000  0.51636782E+000  0.85959736E+000  0.97883109E+000  0.13314714E+001  0.24832135E+001  0.41144491E+001  0.58364319E+001  0.92906092E+001
  0.19220998E+000  0.21797396E+000  0.35325989E+000  0.51618921E+000  0.85952634E+000  0.97878400E+000  0.13309922E+001  0.24825149E+001  0.41132857E+001  0.58329933E+001  0.92882945E+001
  0.19218982E+000  0.21796828E+000  0.35320188E+000  0.51602565E+000  0.85947099E+000  0.97857471E+000  0.13306358E+001  0.24820148E+001  0.41158475E+001  0.58304655E+001  0.92864644E+001
  0.19214257E+000  0.21796001E+000  0.35314740E+000  0.51588422E+000  0.85939255E+000  0.97859626E+000  0.13302299E+001  0.24815419E+001  0.41149563E+001  0.58284845E+001  0.92848795E+001
  0.19212905E+000  0.21795969E+000  0.35313980E+000  0.51579361E+000  0.85929491E+000  0.97855815E+000  0.13299357E+001  0.24810728E+001  0.41158731E+001  0.58269760E+001  0.92834592E+001
  0.19211746E+000  0.21795826E+000  0.35318981E+000  0.51569519E+000  0.85926560E+000  0.97848423E+000  0.13296619E+001  0.24806040E+001  0.41160051E+001  0.58250861E+001  0.92823458E+001
  0.19214453E+000  0.21795261E+000  0.35322061E+000  0.51563487E+000  0.85920355E+000  0.97842698E+000  0.13293599E+001  0.24805401E+001  0.41161183E+001  0.58238517E+001  0.92813499E+001
  0.19209898E+000  0.21795022E+000  0.35321620E+000  0.51557589E+000  0.85916719E+000  0.97836728E+000  0.13292426E+001  0.24802628E+001  0.41159393E+001  0.58228243E+001  0.92804644E+001
  0.19211458E+000  0.21794807E+000  0.35324806E+000  0.51551867E+000  0.85916833E+000  0.97832123E+000  0.13291110E+001  0.24799707E+001  0.41162163E+001  0.58222163E+001  0.92797883E+001
  0.19209555E+000  0.21794615E+000  0.35323575E+000  0.51545391E+000  0.85916066E+000  0.97833199E+000  0.13289680E+001  0.24799236E+001  0.41165085E+001  0.58212685E+001  0.92791873E+001
  0.19212114E+000  0.21794443E+000  0.35326284E+000  0.51542814E+000  0.85908534E+000  0.97824855E+000  0.13288116E+001  0.24797640E+001  0.41167157E+001  0.58206918E+001  0.92786809E+001
  0.19209431E+000  0.21794287E+000  0.35324724E+000  0.51538295E+000  0.85911786E+000  0.97821978E+000  0.13287908E+001  0.24792809E+001  0.41167183E+001  0.58202231E+001  0.92782499E+001
  0.19211906E+000  0.21792512E+000  0.35325034E+000  0.51535861E+000  0.85904747E+000  0.97823044E+000  0.13287415E+001  0.24791715E+001  0.41166240E+001  0.58198462E+001  0.92778897E+001
  0.19211587E+000  0.21792978E+000  0.35320688E+000  0.51535168E+000  0.85905903E+000  0.97825595E+000  0.13286380E+001  0.24790822E+001  0.41165337E+001  0.58195472E+001  0.92775819E+001
  0.19211262E+000  0.21793371E+000  0.35326341E+000  0.51535026E+000  0.85907359E+000  0.97823461E+000  0.13286026E+001  0.24790099E+001  0.41164456E+001  0.58193144E+001  0.92773235E+001
  0.19211001E+000  0.21793700E+000  0.35331158E+000  0.51531160E+000  0.85903515E+000  0.97821818E+000  0.13285747E+001  0.24789940E+001  0.41163586E+001  0.58191376E+001  0.92771068E+001
  0.19210774E+000  0.21792518E+000  0.35330427E+000  0.51530251E+000  0.85899680E+000  0.97820590E+000  0.13285531E+001  0.24790007E+001  0.41162724E+001  0.58190083E+001  0.92769259E+001
  0.19210574E+000  0.21792653E+000  0.35332069E+000  0.51529587E+000  0.85898769E+000  0.97819708E+000  0.13285368E+001  0.24790071E+001  0.41161867E+001  0.58189186E+001  0.92767756E+001
  0.19210397E+000  0.21792968E+000  0.35330859E+000  0.51529755E+000  0.85897955E+000  0.97819113E+000  0.13285249E+001  0.24790130E+001  0.41161019E+001  0.58188620E+001  0.92766518E+001
  0.19210239E+000  0.21792840E+000  0.35320798E+000  0.51530039E+000  0.85897224E+000  0.97818757E+000  0.13285165E+001  0.24790184E+001  0.41160181E+001  0.58188328E+001  0.92765510E+001
  0.19210096E+000  0.21792899E+000  0.35323718E+000  0.51530349E+000  0.85897155E+000  0.97817121E+000  0.13285112E+001  0.24790232E+001  0.41159356E+001  0.58188263E+001  0.92764504E+001
  0.19209965E+000  0.21792939E+000  0.35326191E+000  0.51530676E+000  0.85898511E+000  0.97816641E+000  0.13285081E+001  0.24790274E+001  0.41158547E+001  0.58188382E+001  0.92763845E+001
  0.19209844E+000  0.21792964E+000  0.35328287E+000  0.51531015E+000  0.85899787E+000  0.97816305E+000  0.13285175E+001  0.24790309E+001  0.41157756E+001  0.58188649E+001  0.92762300E+001
  0.19209730E+000  0.21792422E+000  0.35330065E+000  0.51531360E+000  0.85900989E+000  0.97816014E+000  0.13285336E+001  0.24790337E+001  0.41156936E+001  0.58189035E+001  0.92761589E+001
  0.19209623E+000  0.21792522E+000  0.35331575E+000  0.51531707E+000  0.85894351E+000  0.97815544E+000  0.13285497E+001  0.24790358E+001  0.41155999E+001  0.58189514E+001  0.92760935E+001
  0.19209519E+000  0.21792598E+000  0.35332862E+000  0.51532052E+000  0.85893869E+000  0.97815129E+000  0.13285658E+001  0.24790372E+001  0.41155051E+001  0.58190065E+001  0.92760319E+001
  0.19209419E+000  0.21792654E+000  0.35329978E+000  0.51532393E+000  0.85893403E+000  0.97814695E+000  0.13285686E+001  0.24790379E+001  0.41154081E+001  0.58190669E+001  0.92759946E+001
  0.19209320E+000  0.21791424E+000  0.35330789E+000  0.51532726E+000  0.85892949E+000  0.97814246E+000  0.13285837E+001  0.24790378E+001  0.41153079E+001  0.58191311E+001  0.92759720E+001
  0.19209223E+000  0.21791369E+000  0.35331462E+000  0.51533051E+000  0.85892502E+000  0.97813784E+000  0.13285217E+001  0.24790371E+001  0.41152039E+001  0.58191981E+001  0.92759563E+001
  0.19209126E+000  0.21791314E+000  0.35332021E+000  0.51533367E+000  0.85892061E+000  0.97813313E+000  0.13285257E+001  0.24790357E+001  0.41150957E+001  0.58192667E+001  0.92759471E+001
  0.19209030E+000  0.21791260E+000  0.35330582E+000  0.51533673E+000  0.85891624E+000  0.97812834E+000  0.13285297E+001  0.24790337E+001  0.41149832E+001  0.58193363E+001  0.92758695E+001
  0.19208934E+000  0.21791205E+000  0.35330821E+000  0.51533969E+000  0.85891188E+000  0.97812349E+000  0.13285337E+001  0.24790312E+001  0.41148664E+001  0.58194062E+001  0.92758672E+001
  0.19208837E+000  0.21791151E+000  0.35331018E+000  0.51534256E+000  0.85890755E+000  0.97811860E+000  0.13285377E+001  0.24790283E+001  0.41137033E+001  0.58194760E+001  0.92757863E+001
  0.19208741E+000  0.21791097E+000  0.35331181E+000  0.51534533E+000  0.85890323E+000  0.97811370E+000  0.13285416E+001  0.24790249E+001  0.41136603E+001  0.58195453E+001  0.92757908E+001
  0.19208645E+000  0.21791043E+000  0.35331320E+000  0.51534802E+000  0.85889891E+000  0.97810879E+000  0.13285455E+001  0.24790212E+001  0.41136247E+001  0.58196139E+001  0.92757224E+001
  0.19208549E+000  0.21790990E+000  0.35331443E+000  0.51535064E+000  0.85889462E+000  0.97810390E+000  0.13285492E+001  0.24790174E+001  0.41135962E+001  0.58196817E+001  0.92755869E+001
  0.19208453E+000  0.21790937E+000  0.35328485E+000  0.51535319E+000  0.85889035E+000  0.97809903E+000  0.13285528E+001  0.24790133E+001  0.41135746E+001  0.58197486E+001  0.92755528E+001
  0.19208358E+000  0.21790885E+000  0.35328515E+000  0.51535569E+000  0.85888611E+000  0.97809422E+000  0.13285562E+001  0.24790093E+001  0.41134286E+001  0.58198143E+001  0.92755202E+001
  0.19208264E+000  0.21790833E+000  0.35328546E+000  0.51535815E+000  0.85888191E+000  0.97808946E+000  0.13285596E+001  0.24790052E+001  0.41133881E+001  0.58198790E+001  0.92755316E+001
  0.19208171E+000  0.21790782E+000  0.35328580E+000  0.51536057E+000  0.85887776E+000  0.97808478E+000  0.13287053E+001  0.24790012E+001  0.41133476E+001  0.58199426E+001  0.92755494E+001
  0.19208080E+000  0.21790732E+000  0.35328621E+000  0.51536296E+000  0.85887367E+000  0.97808018E+000  0.13287084E+001  0.24789974E+001  0.41133075E+001  0.58200051E+001  0.92754328E+001
  0.19207991E+000  0.21790683E+000  0.35328669E+000  0.51536533E+000  0.85886965E+000  0.97807567E+000  0.13287114E+001  0.24789938E+001  0.41132680E+001  0.58204698E+001  0.92754075E+001
  0.19207903E+000  0.21790636E+000  0.35328725E+000  0.51536768E+000  0.85886572E+000  0.97807128E+000  0.13287143E+001  0.24789904E+001  0.41132291E+001  0.58204475E+001  0.92753892E+001
  0.19207818E+000  0.21790589E+000  0.35328790E+000  0.51537000E+000  0.85886395E+000  0.97806700E+000  0.13287172E+001  0.24789873E+001  0.41131910E+001  0.58204725E+001  0.92753630E+001
  0.19207736E+000  0.21790544E+000  0.35328862E+000  0.51537230E+000  0.85886384E+000  0.97806284E+000  0.13287200E+001  0.24789844E+001  0.41131540E+001  0.58204971E+001  0.92753439E+001
  0.19207656E+000  0.21790500E+000  0.35329315E+000  0.51537456E+000  0.85886387E+000  0.97805882E+000  0.13287227E+001  0.24789818E+001  0.41131180E+001  0.58205212E+001  0.92750424E+001
  0.19207579E+000  0.21790458E+000  0.35329844E+000  0.51537680E+000  0.85886405E+000  0.97805493E+000  0.13287254E+001  0.24789795E+001  0.41130832E+001  0.58205448E+001  0.92749982E+001
  0.19207505E+000  0.21790417E+000  0.35329125E+000  0.51537899E+000  0.85886435E+000  0.97805119E+000  0.13287279E+001  0.24789774E+001  0.41130497E+001  0.58205679E+001  0.92749558E+001
  0.19207433E+000  0.21790378E+000  0.35329224E+000  0.51538113E+000  0.85886476E+000  0.97804759E+000  0.13287304E+001  0.24789756E+001  0.41130175E+001  0.58205903E+001  0.92749154E+001
  0.19207365E+000  0.21790340E+000  0.35329327E+000  0.51538322E+000  0.85886526E+000  0.97804415E+000  0.13287328E+001  0.24789740E+001  0.41129866E+001  0.58206121E+001  0.92748769E+001
  0.19207300E+000  0.21790304E+000  0.35329433E+000  0.51538524E+000  0.85886584E+000  0.97804086E+000  0.13287351E+001  0.24789725E+001  0.41119930E+001  0.58206331E+001  0.92748404E+001
  0.19207238E+000  0.21790270E+000  0.35329541E+000  0.51538719E+000  0.85886649E+000  0.97803772E+000  0.13287373E+001  0.24789713E+001  0.41119782E+001  0.58206534E+001  0.92748058E+001
  0.19207179E+000  0.21790237E+000  0.35325595E+000  0.51538907E+000  0.85886719E+000  0.97803474E+000  0.13287393E+001  0.24789702E+001  0.41119648E+001  0.58206728E+001  0.92747731E+001
  0.19207124E+000  0.21790206E+000  0.35325963E+000  0.51539087E+000  0.85886793E+000  0.97803193E+000  0.13287413E+001  0.24789693E+001  0.41119528E+001  0.58206913E+001  0.92747423E+001
  0.19207071E+000  0.21790177E+000  0.35326321E+000  0.51539259E+000  0.85886869E+000  0.97802927E+000  0.13287432E+001  0.24789685E+001  0.41119420E+001  0.58207197E+001  0.92747133E+001
  0.19207022E+000  0.21790149E+000  0.35326669E+000  0.51539422E+000  0.85886946E+000  0.97802677E+000  0.13287449E+001  0.24789678E+001  0.41119325E+001  0.58207562E+001  0.92746862E+001
  0.19206976E+000  0.21790123E+000  0.35327005E+000  0.51539576E+000  0.85887024E+000  0.97802442E+000  0.13287465E+001  0.24789672E+001  0.41119239E+001  0.58207904E+001  0.92746609E+001
  0.19206933E+000  0.21790099E+000  0.35327326E+000  0.51539721E+000  0.85887101E+000  0.97802223E+000  0.13287480E+001  0.24789667E+001  0.41119164E+001  0.58208225E+001  0.92746373E+001
  0.19206893E+000  0.21790076E+000  0.35327634E+000  0.51539857E+000  0.85887177E+000  0.97802019E+000  0.13287494E+001  0.24789663E+001  0.41119098E+001  0.58208524E+001  0.92746155E+001
  0.19206856E+000  0.21790055E+000  0.35327925E+000  0.51539984E+000  0.85887251E+000  0.97801830E+000  0.13287507E+001  0.24789660E+001  0.41119039E+001  0.58208801E+001  0.92745953E+001
  0.19206821E+000  0.21790036E+000  0.35328201E+000  0.51540102E+000  0.85887322E+000  0.97801655E+000  0.13287519E+001  0.24789657E+001  0.41118988E+001  0.58209058E+001  0.92745767E+001
  0.19206790E+000  0.21790018E+000  0.35328460E+000  0.51540211E+000  0.85887391E+000  0.97801495E+000  0.13287530E+001  0.24789654E+001  0.41118944E+001  0.58209295E+001  0.92745596E+001
  0.19206761E+000  0.21790001E+000  0.35328703E+000  0.51540312E+000  0.85887456E+000  0.97801347E+000  0.13287539E+001  0.24789652E+001  0.41118905E+001  0.58209511E+001  0.92745440E+001
  0.19206734E+000  0.21789986E+000  0.35328928E+000  0.51540404E+000  0.85887518E+000  0.97801450E+000  0.13287548E+001  0.24789650E+001  0.41118872E+001  0.58209709E+001  0.92745298E+001
  0.19206710E+000  0.21789972E+000  0.35326747E+000  0.51540488E+000  0.85887577E+000  0.97801661E+000  0.13287556E+001  0.24789649E+001  0.41118843E+001  0.58209889E+001  0.92745169E+001
  0.19206689E+000  0.21789960E+000  0.35326979E+000  0.51540564E+000  0.85887631E+000  0.97801856E+000  0.13287563E+001  0.24789648E+001  0.41118819E+001  0.58210051E+001  0.92745053E+001
  0.19206669E+000  0.21789949E+000  0.35327191E+000  0.51540633E+000  0.85887682E+000  0.97802035E+000  0.13287569E+001  0.24789647E+001  0.41118798E+001  0.58210197E+001  0.92744960E+001
  0.19206652E+000  0.21789938E+000  0.35327385E+000  0.51540695E+000  0.85887729E+000  0.97800794E+000  0.13287575E+001  0.24789647E+001  0.41118780E+001  0.58210328E+001  0.92745026E+001
  0.19206637E+000  0.21789929E+000  0.35327560E+000  0.51540750E+000  0.85887773E+000  0.97800715E+000  0.13287579E+001  0.24789646E+001  0.41118766E+001  0.58210444E+001  0.92745087E+001
  0.19206623E+000  0.21789921E+000  0.35327717E+000  0.51540799E+000  0.85887812E+000  0.97800646E+000  0.13287583E+001  0.24789646E+001  0.41118754E+001  0.58210547E+001  0.92745141E+001
  0.19206611E+000  0.21789915E+000  0.35327858E+000  0.51540842E+000  0.85887848E+000  0.97800585E+000  0.13287587E+001  0.24789646E+001  0.41118744E+001  0.58210637E+001  0.92745190E+001
  0.19206601E+000  0.21789908E+000  0.35327984E+000  0.51540879E+000  0.85887881E+000  0.97800532E+000  0.13287590E+001  0.24789646E+001  0.41118735E+001  0.58210715E+001  0.92745232E+001
  0.19206592E+000  0.21789903E+000  0.35328095E+000  0.51540912E+000  0.85887911E+000  0.97800487E+000  0.13287592E+001  0.24789646E+001  0.41118729E+001  0.58210783E+001  0.92745269E+001
  0.19206584E+000  0.21789899E+000  0.35328193E+000  0.51540940E+000  0.85887937E+000  0.97800448E+000  0.13287594E+001  0.24789646E+001  0.41118724E+001  0.58210841E+001  0.92745301E+001
  0.19206577E+000  0.21789895E+000  0.35328278E+000  0.51540964E+000  0.85887961E+000  0.97800415E+000  0.13287596E+001  0.24789646E+001  0.41118720E+001  0.58210891E+001  0.92745328E+001
  0.19206572E+000  0.21789892E+000  0.35328352E+000  0.51540985E+000  0.85887982E+000  0.97800387E+000  0.13287597E+001  0.24789646E+001  0.41118716E+001  0.58210932E+001  0.92745350E+001
  0.19206567E+000  0.21789889E+000  0.35328416E+000  0.51541002E+000  0.85888000E+000  0.97800364E+000  0.13287598E+001  0.24789646E+001  0.41118714E+001  0.58210967E+001  0.92745368E+001
  0.19206564E+000  0.21789887E+000  0.35328470E+000  0.51541016E+000  0.85888017E+000  0.97800346E+000  0.13287598E+001  0.24789647E+001  0.41118712E+001  0.58210995E+001  0.92745382E+001
  0.19206561E+000  0.21789886E+000  0.35328516E+000  0.51541027E+000  0.85888031E+000  0.97800331E+000  0.13287598E+001  0.24789647E+001  0.41113888E+001  0.58211017E+001  0.92745392E+001
  0.19206559E+000  0.21789885E+000  0.35328554E+000  0.51541036E+000  0.85888043E+000  0.97800320E+000  0.13287599E+001  0.24789647E+001  0.41113786E+001  0.58211035E+001  0.92745399E+001
  0.19206557E+000  0.21789884E+000  0.35328585E+000  0.51541043E+000  0.85888054E+000  0.97800311E+000  0.13287598E+001  0.24789648E+001  0.41113687E+001  0.58211049E+001  0.92745403E+001
  0.19206556E+000  0.21789884E+000  0.35328610E+000  0.51541048E+000  0.85888063E+000  0.97800305E+000  0.13288777E+001  0.24789648E+001  0.41113592E+001  0.58211059E+001  0.92745404E+001
  0.19206555E+000  0.21789883E+000  0.35328631E+000  0.51541052E+000  0.85888071E+000  0.97800301E+000  0.13288777E+001  0.24789649E+001  0.41113499E+001  0.58211065E+001  0.92745403E+001
  0.19206554E+000  0.21789884E+000  0.35328647E+000  0.51541055E+000  0.85888078E+000  0.97800299E+000  0.13288777E+001  0.24789649E+001  0.41113409E+001  0.58211069E+001  0.92745400E+001
  0.19206554E+000  0.21789884E+000  0.35328659E+000  0.51541056E+000  0.85888084E+000  0.97800299E+000  0.13288777E+001  0.24789650E+001  0.41113322E+001  0.58211071E+001  0.92745394E+001
  0.19206554E+000  0.21789885E+000  0.35328668E+000  0.51541057E+000  0.85888089E+000  0.97800300E+000  0.13288777E+001  0.24789650E+001  0.41113236E+001  0.58211072E+001  0.92745387E+001
  0.19206555E+000  0.21789886E+000  0.35328674E+000  0.51541057E+000  0.85888093E+000  0.97800302E+000  0.13288777E+001  0.24789651E+001  0.41113152E+001  0.58211070E+001  0.92745378E+001
  0.19206555E+000  0.21789886E+000  0.35328678E+000  0.51541056E+000  0.85888097E+000  0.97800304E+000  0.13288777E+001  0.24789651E+001  0.41113071E+001  0.58211068E+001  0.92745368E+001
  0.19206556E+000  0.21789888E+000  0.35328681E+000  0.51541055E+000  0.85888100E+000  0.97800307E+000  0.13288777E+001  0.24789652E+001  0.41112991E+001  0.58211065E+001  0.92745356E+001
  0.19206556E+000  0.21789889E+000  0.35328682E+000  0.51541053E+000  0.85888103E+000  0.97800311E+000  0.13287594E+001  0.24789652E+001  0.41112912E+001  0.58211061E+001  0.92745343E+001
  0.19206557E+000  0.21789890E+000  0.35328682E+000  0.51541052E+000  0.85888105E+000  0.97800315E+000  0.13287593E+001  0.24789653E+001  0.41112836E+001  0.58211056E+001  0.92745329E+001
  0.19206558E+000  0.21789891E+000  0.35328682E+000  0.51541050E+000  0.85888108E+000  0.97800319E+000  0.13287592E+001  0.24789653E+001  0.41112761E+001  0.58211052E+001  0.92745314E+001
  0.19206558E+000  0.21789892E+000  0.35328681E+000  0.51541048E+000  0.85888110E+000  0.97800323E+000  0.13287592E+001  0.24789654E+001  0.41112688E+001  0.58211047E+001  0.92745298E+001
  0.19206559E+000  0.21789894E+000  0.35328680E+000  0.51541047E+000  0.85888112E+000  0.97800327E+000  0.13287591E+001  0.24789654E+001  0.41112616E+001  0.58211042E+001  0.92745280E+001
  0.19206560E+000  0.21789895E+000  0.35328679E+000  0.51541045E+000  0.85888114E+000  0.97800332E+000  0.13287590E+001  0.24789655E+001  0.41112547E+001  0.58211038E+001  0.92745262E+001
  0.19206561E+000  0.21789897E+000  0.35328678E+000  0.51541043E+000  0.85888117E+000  0.97800336E+000  0.13287590E+001  0.24789656E+001  0.41112480E+001  0.58211033E+001  0.92745244E+001
  0.19206561E+000  0.21789898E+000  0.35328678E+000  0.51541042E+000  0.85888119E+000  0.97800339E+000  0.13287589E+001  0.24789656E+001  0.41112415E+001  0.58211029E+001  0.92745224E+001
  0.19206562E+000  0.21789900E+000  0.35328677E+000  0.51541041E+000  0.85888122E+000  0.97800343E+000  0.13287589E+001  0.24789657E+001  0.41112351E+001  0.58211025E+001  0.92745203E+001
  0.19206562E+000  0.21789901E+000  0.35328678E+000  0.51541040E+000  0.85888124E+000  0.97800347E+000  0.13287588E+001  0.24789658E+001  0.41112291E+001  0.58211022E+001  0.92745182E+001
  0.19206563E+000  0.21789902E+000  0.35328679E+000  0.51541039E+000  0.85888127E+000  0.97800350E+000  0.13287588E+001  0.24789658E+001  0.41112232E+001  0.58211019E+001  0.92745161E+001
  0.19206564E+000  0.21789904E+000  0.35328681E+000  0.51541038E+000  0.85888130E+000  0.97800353E+000  0.13287587E+001  0.24789659E+001  0.41112176E+001  0.58211016E+001  0.92745138E+001
  0.19206564E+000  0.21789905E+000  0.35328683E+000  0.51541038E+000  0.85888133E+000  0.97800356E+000  0.13287587E+001  0.24789660E+001  0.41112123E+001  0.58211013E+001  0.92745115E+001
  0.19206564E+000  0.21789906E+000  0.35328686E+000  0.51541038E+000  0.85888137E+000  0.97800358E+000  0.13287587E+001  0.24789660E+001  0.41112072E+001  0.58211011E+001  0.92745092E+001
  0.19206565E+000  0.21789908E+000  0.35328690E+000  0.51541038E+000  0.85888141E+000  0.97800361E+000  0.13287587E+001  0.24789661E+001  0.41112025E+001  0.58211009E+001  0.92745068E+001
  0.19206565E+000  0.21789909E+000  0.35328694E+000  0.51541038E+000  0.85888145E+000  0.97800363E+000  0.13287586E+001  0.24789662E+001  0.41111979E+001  0.58211008E+001  0.92745043E+001
  0.19206565E+000  0.21789910E+000  0.35328699E+000  0.51541038E+000  0.85888149E+000  0.97800364E+000  0.13287586E+001  0.24789663E+001  0.41111937E+001  0.58211007E+001  0.92745019E+001
  0.19206566E+000  0.21789911E+000  0.35328705E+000  0.51541039E+000  0.85888153E+000  0.97800366E+000  0.13287586E+001  0.24789664E+001  0.41111897E+001  0.58211006E+001  0.92744994E+001
  0.19206566E+000  0.21789913E+000  0.35328711E+000  0.51541040E+000  0.85888158E+000  0.97800367E+000  0.13287586E+001  0.24789665E+001  0.41111861E+001  0.58211005E+001  0.92744968E+001
  0.19206566E+000  0.21789914E+000  0.35328718E+000  0.51541041E+000  0.85888162E+000  0.97800368E+000  0.13287586E+001  0.24789665E+001  0.41111827E+001  0.58211005E+001  0.92744943E+001
  0.19206566E+000  0.21789915E+000  0.35328726E+000  0.51541042E+000  0.85888167E+000  0.97800369E+000  0.13287586E+001  0.24789666E+001  0.41111796E+001  0.58211005E+001  0.92744917E+001
  0.19206566E+000  0.21789916E+000  0.35328734E+000  0.51541043E+000  0.85888173E+000  0.97800370E+000  0.13287586E+001  0.24789667E+001  0.41111768E+001  0.58211006E+001  0.92744891E+001
  0.19206566E+000  0.21789917E+000  0.35328743E+000  0.51541045E+000  0.85888178E+000  0.97800371E+000  0.13287586E+001  0.24789668E+001  0.41111744E+001  0.58211006E+001  0.92744865E+001
  0.19206566E+000  0.21789918E+000  0.35328752E+000  0.51541046E+000  0.85888183E+000  0.97800371E+000  0.13287586E+001  0.24789669E+001  0.41111721E+001  0.58211007E+001  0.92744839E+001
  0.19206566E+000  0.21789919E+000  0.35328762E+000  0.51541048E+000  0.85888189E+000  0.97800371E+000  0.13287586E+001  0.24789670E+001  0.41111702E+001  0.58211008E+001  0.92744813E+001
  0.19206566E+000  0.21789920E+000  0.35328772E+000  0.51541050E+000  0.85888195E+000  0.97800372E+000  0.13287587E+001  0.24789671E+001  0.41111686E+001  0.58211009E+001  0.92744788E+001
  0.19206566E+000  0.21789921E+000  0.35328783E+000  0.51541052E+000  0.85888201E+000  0.97800372E+000  0.13287587E+001  0.24789672E+001  0.41111672E+001  0.58211011E+001  0.92744762E+001
  0.19206566E+000  0.21789922E+000  0.35328794E+000  0.51541054E+000  0.85888207E+000  0.97800371E+000  0.13287587E+001  0.24789673E+001  0.41111661E+001  0.58211012E+001  0.92744737E+001
  0.19206566E+000  0.21789922E+000  0.35328805E+000  0.51541056E+000  0.85888213E+000  0.97800371E+000  0.13287587E+001  0.24789674E+001  0.41111653E+001  0.58211014E+001  0.92744712E+001
  0.19206566E+000  0.21789923E+000  0.35320554E+000  0.51541058E+000  0.85888219E+000  0.97800371E+000  0.13287587E+001  0.24789675E+001  0.41111647E+001  0.58211016E+001  0.92744688E+001
  0.19206566E+000  0.21789924E+000  0.35320559E+000  0.51541060E+000  0.85888226E+000  0.97800370E+000  0.13287588E+001  0.24789676E+001  0.41111644E+001  0.58211018E+001  0.92744664E+001
  0.19206565E+000  0.21789925E+000  0.35320564E+000  0.51541063E+000  0.85888232E+000  0.97800370E+000  0.13287588E+001  0.24789677E+001  0.41111643E+001  0.58211020E+001  0.92744640E+001
  0.19206565E+000  0.21789925E+000  0.35320569E+000  0.51541065E+000  0.85888239E+000  0.97800369E+000  0.13287588E+001  0.24789678E+001  0.41111645E+001  0.58211022E+001  0.92744617E+001
  0.19206565E+000  0.21789926E+000  0.35320574E+000  0.51541067E+000  0.85888245E+000  0.97800369E+000  0.13287589E+001  0.24789679E+001  0.41111648E+001  0.58211024E+001  0.92744595E+001
  0.19206565E+000  0.21789927E+000  0.35320579E+000  0.51541070E+000  0.85888252E+000  0.97800368E+000  0.13287589E+001  0.24789680E+001  0.41111654E+001  0.58211026E+001  0.92744573E+001
  0.19206565E+000  0.21789927E+000  0.35320585E+000  0.51541072E+000  0.85888258E+000  0.97800367E+000  0.13287589E+001  0.24789681E+001  0.41111663E+001  0.58211028E+001  0.92744552E+001
  0.19206564E+000  0.21789928E+000  0.35320590E+000  0.51541075E+000  0.85888265E+000  0.97800367E+000  0.13287590E+001  0.24789682E+001  0.41111673E+001  0.58211030E+001  0.92744531E+001
  0.19206564E+000  0.21789928E+000  0.35320595E+000  0.51541077E+000  0.85888271E+000  0.97800366E+000  0.13287590E+001  0.24789683E+001  0.41111685E+001  0.58211033E+001  0.92744512E+001
  0.19206564E+000  0.21789929E+000  0.35320601E+000  0.51541079E+000  0.85888278E+000  0.97800365E+000  0.13287591E+001  0.24789684E+001  0.41111699E+001  0.58211035E+001  0.92744493E+001
  0.19206564E+000  0.21789929E+000  0.35320606E+000  0.51541082E+000  0.85888284E+000  0.97800364E+000  0.13287591E+001  0.24789684E+001  0.41111715E+001  0.58211037E+001  0.92744475E+001
  0.19206564E+000  0.21789930E+000  0.35320611E+000  0.51541084E+000  0.85888291E+000  0.97800364E+000  0.13287591E+001  0.24789685E+001  0.41111732E+001  0.58211039E+001  0.92744458E+001
  0.19206564E+000  0.21789930E+000  0.35320616E+000  0.51541086E+000  0.85888297E+000  0.97800363E+000  0.13287592E+001  0.24789686E+001  0.41111751E+001  0.58211041E+001  0.92744441E+001
  0.19206563E+000  0.21789931E+000  0.35320621E+000  0.51541089E+000  0.85888304E+000  0.97800362E+000  0.13287592E+001  0.24789687E+001  0.41111772E+001  0.58211043E+001  0.92744426E+001
  0.19206563E+000  0.21789931E+000  0.35320626E+000  0.51541091E+000  0.85888310E+000  0.97800361E+000  0.13287593E+001  0.24789688E+001  0.41111793E+001  0.58211045E+001  0.92744411E+001
  0.19206563E+000  0.21789932E+000  0.35320631E+000  0.51541093E+000  0.85888316E+000  0.97800361E+000  0.13287593E+001  0.24789689E+001  0.41111816E+001  0.58211047E+001  0.92744397E+001
  0.19206563E+000  0.21789932E+000  0.35320636E+000  0.51541095E+000  0.85888322E+000  0.97800360E+000  0.13287594E+001  0.24789690E+001  0.41111841E+001  0.58211048E+001  0.92744384E+001
  0.19206563E+000  0.21789932E+000  0.35320640E+000  0.51541097E+000  0.85888328E+000  0.97800359E+000  0.13287594E+001  0.24789691E+001  0.41111866E+001  0.58211050E+001  0.92744372E+001
  0.19206563E+000  0.21789933E+000  0.35320645E+000  0.51541099E+000  0.85888334E+000  0.97800359E+000  0.13287594E+001  0.24789691E+001  0.41111892E+001  0.58211051E+001  0.92744360E+001
  0.19206563E+000  0.21789933E+000  0.35320649E+000  0.51541101E+000  0.85888340E+000  0.97800358E+000  0.13287595E+001  0.24789692E+001  0.41111919E+001  0.58211053E+001  0.92744350E+001
  0.19206562E+000  0.21789933E+000  0.35320654E+000  0.51541103E+000  0.85888345E+000  0.97800358E+000  0.13287595E+001  0.24789693E+001  0.41111947E+001  0.58211054E+001  0.92744340E+001
  0.19206562E+000  0.21789934E+000  0.35320658E+000  0.51541105E+000  0.85888351E+000  0.97800357E+000  0.13287596E+001  0.24789694E+001  0.41111976E+001  0.58211055E+001  0.92744331E+001
  0.19206562E+000  0.21789934E+000  0.35320662E+000  0.51541106E+000  0.85888356E+000  0.97800357E+000  0.13287596E+001  0.24789695E+001  0.41112005E+001  0.58211056E+001  0.92744323E+001
  0.19206562E+000  0.21789934E+000  0.35320666E+000  0.51541108E+000  0.85888361E+000  0.97800357E+000  0.13287596E+001  0.24789695E+001  0.41112034E+001  0.58211057E+001  0.92744316E+001
  0.19206562E+000  0.21789935E+000  0.35320670E+000  0.51541110E+000  0.85888367E+000  0.97800356E+000  0.13287597E+001  0.24789696E+001  0.41112064E+001  0.58211058E+001  0.92744309E+001
  0.19206562E+000  0.21789935E+000  0.35320673E+000  0.51541111E+000  0.85888371E+000  0.97800356E+000  0.13287597E+001  0.24789697E+001  0.41112095E+001  0.58211059E+001  0.92744303E+001
  0.19206562E+000  0.21789935E+000  0.35320677E+000  0.51541112E+000  0.85888376E+000  0.97800356E+000  0.13287597E+001  0.24789697E+001  0.41112125E+001  0.58211059E+001  0.92744298E+001
  0.19206562E+000  0.21789935E+000  0.35320680E+000  0.51541113E+000  0.85888381E+000  0.97800356E+000  0.13287598E+001  0.24789698E+001  0.41112156E+001  0.58211060E+001  0.92744293E+001
  0.19206562E+000  0.21789936E+000  0.35320684E+000  0.51541115E+000  0.85888385E+000  0.97800356E+000  0.13287598E+001  0.24789698E+001  0.41112187E+001  0.58211060E+001  0.92744289E+001
  0.19206562E+000  0.21789936E+000  0.35320687E+000  0.51541116E+000  0.85888389E+000  0.97800356E+000  0.13287598E+001  0.24789699E+001  0.41112218E+001  0.58211060E+001  0.92744286E+001
  0.19206562E+000  0.21789936E+000  0.35320690E+000  0.51541117E+000  0.85888393E+000  0.97800356E+000  0.13287599E+001  0.24789700E+001  0.41112249E+001  0.58211060E+001  0.92744283E+001
  0.19206562E+000  0.21789936E+000  0.35320692E+000  0.51541117E+000  0.85888397E+000  0.97800356E+000  0.13287599E+001  0.24789700E+001  0.41112279E+001  0.58211060E+001  0.92744281E+001
  0.19206562E+000  0.21789936E+000  0.35320695E+000  0.51541118E+000  0.85888401E+000  0.97800356E+000  0.13287599E+001  0.24789701E+001  0.41112310E+001  0.58211060E+001  0.92744279E+001
  0.19206562E+000  0.21789937E+000  0.35320698E+000  0.51541119E+000  0.85888404E+000  0.97800357E+000  0.13287599E+001  0.24789701E+001  0.41112340E+001  0.58211060E+001  0.92744278E+001
  0.19206562E+000  0.21789937E+000  0.35320700E+000  0.51541119E+000  0.85888408E+000  0.97800357E+000  0.13287600E+001  0.24789701E+001  0.41112370E+001  0.58211059E+001  0.92744277E+001
  0.19206562E+000  0.21789937E+000  0.35320702E+000  0.51541120E+000  0.85888411E+000  0.97800357E+000  0.13287600E+001  0.24789702E+001  0.41112399E+001  0.58211059E+001  0.92744276E+001
  0.19206563E+000  0.21789937E+000  0.35320704E+000  0.51541120E+000  0.85888414E+000  0.97800358E+000  0.13287600E+001  0.24789702E+001  0.41112428E+001  0.58211058E+001  0.92744276E+001
  0.19206563E+000  0.21789937E+000  0.35320706E+000  0.51541121E+000  0.85888417E+000  0.97800358E+000  0.13287600E+001  0.24789703E+001  0.41112457E+001  0.58211058E+001  0.92744277E+001
  0.19206563E+000  0.21789938E+000  0.35320708E+000  0.51541121E+000  0.85888419E+000  0.97800359E+000  0.13287601E+001  0.24789703E+001  0.41112485E+001  0.58211057E+001  0.92744277E+001
  0.19206563E+000  0.21789938E+000  0.35320710E+000  0.51541121E+000  0.85888422E+000  0.97800360E+000  0.13287601E+001  0.24789703E+001  0.41112512E+001  0.58211056E+001  0.92744278E+001
  0.19206563E+000  0.21789938E+000  0.35320711E+000  0.51541121E+000  0.85888424E+000  0.97800360E+000  0.13287601E+001  0.24789704E+001  0.41112539E+001  0.58211055E+001  0.92744280E+001
  0.19206563E+000  0.21789938E+000  0.35320713E+000  0.51541121E+000  0.85888426E+000  0.97800361E+000  0.13287601E+001  0.24789704E+001  0.41112565E+001  0.58211054E+001  0.92744281E+001
  0.19206563E+000  0.21789938E+000  0.35320714E+000  0.51541121E+000  0.85880334E+000  0.97800361E+000  0.13287601E+001  0.24789704E+001  0.41112591E+001  0.58211053E+001  0.92744283E+001
  0.19206564E+000  0.21789938E+000  0.35320715E+000  0.51541121E+000  0.85880334E+000  0.97800362E+000  0.13287601E+001  0.24789704E+001  0.41112615E+001  0.58211052E+001  0.92744285E+001
  0.19206564E+000  0.21789938E+000  0.35320716E+000  0.51541121E+000  0.85880335E+000  0.97800363E+000  0.13287601E+001  0.24789705E+001  0.41112639E+001  0.58211051E+001  0.92744287E+001
  0.19206564E+000  0.21789938E+000  0.35320717E+000  0.51541121E+000  0.85880336E+000  0.97800364E+000  0.13287601E+001  0.24789705E+001  0.41112662E+001  0.58211049E+001  0.92744289E+001
  0.19206564E+000  0.21789939E+000  0.35320718E+000  0.51541120E+000  0.85880336E+000  0.97800364E+000  0.13287601E+001  0.24789705E+001  0.41112685E+001  0.58211048E+001  0.92744292E+001
  0.19206564E+000  0.21789939E+000  0.35320718E+000  0.51541120E+000  0.85880337E+000  0.97800365E+000  0.13287601E+001  0.24789705E+001  0.41112706E+001  0.58211047E+001  0.92744294E+001
  0.19206564E+000  0.21789939E+000  0.35320719E+000  0.51541120E+000  0.85880338E+000  0.97800366E+000  0.13287601E+001  0.24789705E+001  0.41112727E+001  0.58211046E+001  0.92744297E+001
  0.19206565E+000  0.21789939E+000  0.35320720E+000  0.51541119E+000  0.85880339E+000  0.97800367E+000  0.13287602E+001  0.24789705E+001  0.41112747E+001  0.58211044E+001  0.92744300E+001
  0.19206565E+000  0.21789939E+000  0.35320720E+000  0.51541119E+000  0.85880340E+000  0.97800368E+000  0.13287602E+001  0.24789705E+001  0.41112766E+001  0.58211043E+001  0.92744303E+001
  0.19206565E+000  0.21789939E+000  0.35320720E+000  0.51541118E+000  0.85880340E+000  0.97800368E+000  0.13287602E+001  0.24789705E+001  0.41112784E+001  0.58211042E+001  0.92744306E+001
  0.19206565E+000  0.21789939E+000  0.35320720E+000  0.51541118E+000  0.85880341E+000  0.97800369E+000  0.13287602E+001  0.24789705E+001  0.41112802E+001  0.58211040E+001  0.92744308E+001
  0.19206565E+000  0.21789939E+000  0.35320721E+000  0.51541117E+000  0.85880342E+000  0.97800370E+000  0.13287602E+001  0.24789706E+001  0.41112818E+001  0.58211039E+001  0.92744311E+001
  0.19206566E+000  0.21789939E+000  0.35320721E+000  0.51541117E+000  0.85880343E+000  0.97800371E+000  0.13287602E+001  0.24789706E+001  0.41112834E+001  0.58211037E+001  0.92744314E+001
  0.19206566E+000  0.21789939E+000  0.35320721E+000  0.51541116E+000  0.85880344E+000  0.97800372E+000  0.13287602E+001  0.24789706E+001  0.41112849E+001  0.58211036E+001  0.92744317E+001
  0.19206566E+000  0.21789939E+000  0.35320721E+000  0.51541116E+000  0.85880345E+000  0.97800373E+000  0.13287601E+001  0.24789706E+001  0.41112863E+001  0.58211035E+001  0.92744320E+001
  0.19206566E+000  0.21789939E+000  0.35320721E+000  0.51541115E+000  0.85880345E+000  0.97800373E+000  0.13287601E+001  0.24789706E+001  0.41112876E+001  0.58211033E+001  0.92744323E+001
  0.19206566E+000  0.21789939E+000  0.35320720E+000  0.51541115E+000  0.85888438E+000  0.97800374E+000  0.13287601E+001  0.24789706E+001  0.41112888E+001  0.58211032E+001  0.92744326E+001
  0.19206566E+000  0.21789939E+000  0.35320720E+000  0.51541114E+000  0.85888438E+000  0.97800375E+000  0.13287601E+001  0.24789706E+001  0.41112900E+001  0.58211031E+001  0.92744329E+001
  0.19206567E+000  0.21789939E+000  0.35320720E+000  0.51541113E+000  0.85888438E+000  0.97800375E+000  0.13287601E+001  0.24789705E+001  0.41112910E+001  0.58211030E+001  0.92744332E+001
  0.19206567E+000  0.21789939E+000  0.35320720E+000  0.51541113E+000  0.85888437E+000  0.97800376E+000  0.13287601E+001  0.24789705E+001  0.41112920E+001  0.58211029E+001  0.92744335E+001
  0.19206567E+000  0.21789939E+000  0.35320719E+000  0.51541112E+000  0.85888437E+000  0.97800377E+000  0.13287601E+001  0.24789705E+001  0.41112930E+001  0.58211027E+001  0.92744337E+001
  0.19206567E+000  0.21789939E+000  0.35320719E+000  0.51541111E+000  0.85888436E+000  0.97800377E+000  0.13287601E+001  0.24789705E+001  0.41112938E+001  0.58211026E+001  0.92744340E+001
  0.19206567E+000  0.21789939E+000  0.35320718E+000  0.51541111E+000  0.85888435E+000  0.97800378E+000  0.13287601E+001  0.24789705E+001  0.41112946E+001  0.58211025E+001  0.92744343E+001
  0.19206567E+000  0.21789939E+000  0.35320718E+000  0.51541110E+000  0.85888435E+000  0.97800379E+000  0.13287601E+001  0.24789705E+001  0.41112953E+001  0.58211024E+001  0.92744345E+001
  0.19206567E+000  0.21789939E+000  0.35320717E+000  0.51541110E+000  0.85888434E+000  0.97800379E+000  0.13287601E+001  0.24789705E+001  0.41112959E+001  0.58211023E+001  0.92744348E+001
  0.19206568E+000  0.21789939E+000  0.35320717E+000  0.51541109E+000  0.85888433E+000  0.97800380E+000  0.13287601E+001  0.24789705E+001  0.41112965E+001  0.58211022E+001  0.92744350E+001
  0.19206568E+000  0.21789939E+000  0.35320716E+000  0.51541108E+000  0.85888432E+000  0.97800380E+000  0.13287601E+001  0.24789704E+001  0.41112970E+001  0.58211022E+001  0.92744352E+001
  0.19206568E+000  0.21789939E+000  0.35320716E+000  0.51541109E+000  0.85888434E+000  0.97800379E+000  0.13287601E+001  0.24789704E+001  0.41112974E+001  0.58211021E+001  0.92744354E+001
  0.19206567E+000  0.21789938E+000  0.35320714E+000  0.51541108E+000  0.85888436E+000  0.97800378E+000  0.13287600E+001  0.24789704E+001  0.41112977E+001  0.58211020E+001  0.92744355E+001
