  0.13691998E+000
  0.14262982E+000
  0.14621923E+000
  0.14885207E+000
  0.15091821E+000
  0.15258671E+000
  0.15395345E+000
  0.15508389E+000
  0.15602212E+000
  0.15680341E+000
  0.15745660E+000
  0.15800411E+000
  0.15846381E+000
  0.15885032E+000
  0.15917569E+000
  0.15944969E+000
  0.15968020E+000
  0.15987406E+000
  0.16003684E+000
  0.16017341E+000
  0.16028762E+000
  0.16038287E+000
  0.16046196E+000
  0.16052731E+000
  0.16058101E+000
  0.16062479E+000
  0.16066020E+000
  0.16068852E+000
  0.16071092E+000
  0.16072838E+000
  0.16074176E+000
  0.16075178E+000
  0.16075906E+000
  0.16076414E+000
  0.16076748E+000
  0.16076944E+000
  0.16077038E+000
  0.16077053E+000
  0.16077012E+000
  0.16076934E+000
  0.16076830E+000
  0.16076713E+000
  0.16076591E+000
  0.16076468E+000
  0.16076348E+000
  0.16076236E+000
  0.16076129E+000
  0.16076030E+000
  0.16075936E+000
  0.16075848E+000
  0.16075764E+000
  0.16075681E+000
  0.16075600E+000
  0.16075520E+000
  0.16075439E+000
  0.16075357E+000
  0.16075274E+000
  0.16075190E+000
  0.16075107E+000
  0.16075022E+000
  0.16074938E+000
  0.16074855E+000
  0.16074774E+000
  0.16074694E+000
  0.16074617E+000
  0.16074543E+000
  0.16074472E+000
  0.16074404E+000
  0.16074340E+000
  0.16074279E+000
  0.16074222E+000
  0.16074169E+000
  0.16074120E+000
  0.16074075E+000
  0.16074033E+000
  0.16073995E+000
  0.16073961E+000
  0.16073930E+000
  0.16073902E+000
  0.16073877E+000
  0.16073855E+000
  0.16073836E+000
  0.16073819E+000
  0.16073804E+000
  0.16073792E+000
  0.16073782E+000
  0.16073773E+000
  0.16073765E+000
  0.16073759E+000
  0.16073755E+000
  0.16073751E+000
  0.16073748E+000
  0.16073746E+000
  0.16073745E+000
  0.16073744E+000
  0.16073744E+000
  0.16073744E+000
  0.16073744E+000
  0.16073745E+000
  0.16073746E+000
  0.16073747E+000
  0.16073748E+000
  0.16073749E+000
  0.16073750E+000
  0.16073751E+000
  0.16073752E+000
  0.16073753E+000
  0.16073754E+000
  0.16073754E+000
  0.16073755E+000
  0.16073756E+000
  0.16073756E+000
  0.16073756E+000
  0.16073756E+000
  0.16073756E+000
  0.16073756E+000
  0.16073756E+000
  0.16073756E+000
  0.16073755E+000
  0.16073755E+000
  0.16073754E+000
  0.16073754E+000
  0.16073753E+000
  0.16073752E+000
  0.16073751E+000
  0.16073750E+000
  0.16073749E+000
  0.16073748E+000
  0.16073746E+000
  0.16073745E+000
  0.16073744E+000
  0.16073742E+000
  0.16073741E+000
  0.16073739E+000
  0.16073738E+000
  0.16073736E+000
  0.16073735E+000
  0.16073733E+000
  0.16073732E+000
  0.16073730E+000
  0.16073729E+000
  0.16073727E+000
  0.16073726E+000
  0.16073724E+000
  0.16073723E+000
  0.16073721E+000
  0.16073720E+000
  0.16073718E+000
  0.16073717E+000
  0.16073715E+000
  0.16073714E+000
  0.16073713E+000
  0.16073711E+000
  0.16073710E+000
  0.16073709E+000
  0.16073708E+000
  0.16073707E+000
  0.16073705E+000
  0.16073704E+000
  0.16073703E+000
  0.16073703E+000
  0.16073702E+000
  0.16073701E+000
  0.16073700E+000
  0.16073699E+000
  0.16073699E+000
  0.16073698E+000
  0.16073697E+000
  0.16073697E+000
  0.16073696E+000
  0.16073696E+000
  0.16073696E+000
  0.16073695E+000
  0.16073695E+000
  0.16073695E+000
  0.16073695E+000
  0.16073694E+000
  0.16073694E+000
  0.16073694E+000
  0.16073694E+000
  0.16073694E+000
  0.16073694E+000
  0.16073694E+000
  0.16073694E+000
  0.16073694E+000
  0.16073694E+000
  0.16073694E+000
  0.16073694E+000
  0.16073694E+000
  0.16073695E+000
  0.16073695E+000
  0.16073695E+000
  0.16073695E+000
  0.16073695E+000
  0.16073695E+000
  0.16073696E+000
  0.16073696E+000
  0.16073696E+000
  0.16073696E+000
  0.16073696E+000
