  0.36573771E-001
  0.36278009E-001
  0.36094886E-001
  0.35960344E-001
  0.35854279E-001
  0.35768256E-001
  0.35697552E-001
  0.35638932E-001
  0.35590202E-001
  0.35549597E-001
  0.35515652E-001
  0.35487225E-001
  0.35463399E-001
  0.35443418E-001
  0.35426656E-001
  0.35412604E-001
  0.35400849E-001
  0.35391033E-001
  0.35382861E-001
  0.35376078E-001
  0.35370480E-001
  0.35365886E-001
  0.35362150E-001
  0.35359143E-001
  0.35356754E-001
  0.35354890E-001
  0.35353472E-001
  0.35352429E-001
  0.35351702E-001
  0.35351237E-001
  0.35350990E-001
  0.35350922E-001
  0.35351001E-001
  0.35351198E-001
  0.35351489E-001
  0.35351854E-001
  0.35352276E-001
  0.35352740E-001
  0.35353235E-001
  0.35353752E-001
  0.35354282E-001
  0.35354820E-001
  0.35355360E-001
  0.35355900E-001
  0.35356436E-001
  0.35356967E-001
  0.35357491E-001
  0.35358007E-001
  0.35358516E-001
  0.35359016E-001
  0.35359507E-001
  0.35359990E-001
  0.35360463E-001
  0.35360927E-001
  0.35361381E-001
  0.35361825E-001
  0.35362256E-001
  0.35362676E-001
  0.35363083E-001
  0.35363477E-001
  0.35363856E-001
  0.35364219E-001
  0.35364568E-001
  0.35364900E-001
  0.35365215E-001
  0.35365514E-001
  0.35365796E-001
  0.35366061E-001
  0.35366309E-001
  0.35366540E-001
  0.35366754E-001
  0.35366953E-001
  0.35367136E-001
  0.35367303E-001
  0.35367456E-001
  0.35367595E-001
  0.35367721E-001
  0.35367834E-001
  0.35367935E-001
  0.35368025E-001
  0.35368104E-001
  0.35368174E-001
  0.35368234E-001
  0.35368287E-001
  0.35368332E-001
  0.35368370E-001
  0.35368402E-001
  0.35368429E-001
  0.35368450E-001
  0.35368468E-001
  0.35368481E-001
  0.35368492E-001
  0.35368499E-001
  0.35368505E-001
  0.35368508E-001
  0.35368509E-001
  0.35368509E-001
  0.35368508E-001
  0.35368507E-001
  0.35368504E-001
  0.35368501E-001
  0.35368498E-001
  0.35368494E-001
  0.35368490E-001
  0.35368487E-001
  0.35368483E-001
  0.35368480E-001
  0.35368476E-001
  0.35368473E-001
  0.35368471E-001
  0.35368468E-001
  0.35368466E-001
  0.35368464E-001
  0.35368462E-001
  0.35368461E-001
  0.35368460E-001
  0.35368459E-001
  0.35368458E-001
  0.35368458E-001
  0.35368458E-001
  0.35368458E-001
  0.35368458E-001
  0.35368459E-001
  0.35368459E-001
  0.35368460E-001
  0.35368461E-001
  0.35368462E-001
  0.35368463E-001
  0.35368465E-001
  0.35368466E-001
  0.35368468E-001
  0.35368469E-001
  0.35368471E-001
  0.35368472E-001
  0.35368474E-001
  0.35368476E-001
  0.35368478E-001
  0.35368479E-001
  0.35368481E-001
  0.35368483E-001
  0.35368484E-001
  0.35368486E-001
  0.35368487E-001
  0.35368489E-001
  0.35368490E-001
  0.35368492E-001
  0.35368493E-001
  0.35368494E-001
  0.35368495E-001
  0.35368496E-001
  0.35368497E-001
  0.35368498E-001
  0.35368499E-001
  0.35368499E-001
  0.35368500E-001
  0.35368500E-001
  0.35368501E-001
  0.35368501E-001
  0.35368501E-001
  0.35368501E-001
  0.35368501E-001
  0.35368501E-001
  0.35368501E-001
  0.35368501E-001
  0.35368500E-001
  0.35368500E-001
  0.35368499E-001
  0.35368499E-001
  0.35368498E-001
  0.35368498E-001
  0.35368497E-001
  0.35368496E-001
  0.35368495E-001
  0.35368494E-001
  0.35368493E-001
  0.35368492E-001
  0.35368491E-001
  0.35368490E-001
  0.35368489E-001
  0.35368488E-001
  0.35368487E-001
  0.35368486E-001
  0.35368485E-001
  0.35368484E-001
  0.35368483E-001
  0.35368482E-001
  0.35368481E-001
  0.35368480E-001
  0.35368479E-001
  0.35368478E-001
  0.35368477E-001
  0.35368476E-001
  0.35368476E-001
  0.35368475E-001
  0.35368474E-001
  0.35368473E-001
  0.35368473E-001
  0.35368472E-001
  0.35368472E-001
  0.35368471E-001
