  0.10529480E+002
  0.10530272E+002
  0.10530933E+002
  0.10531481E+002
  0.10531941E+002
  0.10532332E+002
  0.10532667E+002
  0.10532955E+002
  0.10533204E+002
  0.10533420E+002
  0.10533609E+002
  0.10533775E+002
  0.10533921E+002
  0.10534050E+002
  0.10534165E+002
  0.10534267E+002
  0.10534358E+002
  0.10534441E+002
  0.10534515E+002
  0.10534583E+002
  0.10534645E+002
  0.10534701E+002
  0.10534753E+002
  0.10534801E+002
  0.10534845E+002
  0.10534887E+002
  0.10534925E+002
  0.10534961E+002
  0.10534995E+002
  0.10535027E+002
  0.10535058E+002
  0.10535086E+002
  0.10535114E+002
  0.10535140E+002
  0.10535164E+002
  0.10535188E+002
  0.10535210E+002
  0.10535232E+002
  0.10535252E+002
  0.10535271E+002
  0.10535289E+002
  0.10535307E+002
  0.10535323E+002
  0.10535338E+002
  0.10535352E+002
  0.10535366E+002
  0.10535378E+002
  0.10535389E+002
  0.10535399E+002
  0.10535408E+002
  0.10535416E+002
  0.10535422E+002
  0.10535428E+002
  0.10535433E+002
  0.10535436E+002
  0.10535438E+002
  0.10535439E+002
  0.10535439E+002
  0.10535438E+002
  0.10535435E+002
  0.10535432E+002
  0.10535427E+002
  0.10535420E+002
  0.10535413E+002
  0.10535404E+002
  0.10535395E+002
  0.10535383E+002
  0.10535371E+002
  0.10535357E+002
  0.10535342E+002
  0.10535326E+002
  0.10535309E+002
  0.10535290E+002
  0.10535270E+002
  0.10535248E+002
  0.10535226E+002
  0.10535202E+002
  0.10535178E+002
  0.10535152E+002
  0.10535125E+002
  0.10535097E+002
  0.10535068E+002
  0.10535039E+002
  0.10535008E+002
  0.10534977E+002
  0.10534945E+002
  0.10534912E+002
  0.10534879E+002
  0.10534845E+002
  0.10534811E+002
  0.10534776E+002
  0.10534741E+002
  0.10534705E+002
  0.10534670E+002
  0.10534634E+002
  0.10534597E+002
  0.10534561E+002
  0.10534525E+002
  0.10534489E+002
  0.10534452E+002
  0.10534416E+002
  0.10534380E+002
  0.10534344E+002
  0.10534308E+002
  0.10534272E+002
  0.10534236E+002
  0.10534201E+002
  0.10534166E+002
  0.10534131E+002
  0.10534096E+002
  0.10534062E+002
  0.10534028E+002
  0.10533994E+002
  0.10533961E+002
  0.10533928E+002
  0.10533895E+002
  0.10533862E+002
  0.10533830E+002
  0.10533798E+002
  0.10533766E+002
  0.10533734E+002
  0.10533703E+002
  0.10533672E+002
  0.10533641E+002
  0.10533610E+002
  0.10533580E+002
  0.10533549E+002
  0.10533519E+002
  0.10533489E+002
  0.10533459E+002
  0.10533429E+002
  0.10533398E+002
  0.10533368E+002
  0.10533338E+002
  0.10533308E+002
  0.10533277E+002
  0.10533246E+002
  0.10533216E+002
  0.10533185E+002
  0.10533153E+002
  0.10533122E+002
  0.10533090E+002
  0.10533058E+002
  0.10533025E+002
  0.10532993E+002
  0.10532959E+002
  0.10532926E+002
  0.10532892E+002
  0.10532858E+002
  0.10532823E+002
  0.10532787E+002
  0.10532752E+002
  0.10532716E+002
  0.10532679E+002
  0.10532642E+002
  0.10532604E+002
  0.10532566E+002
  0.10532528E+002
  0.10532489E+002
  0.10532449E+002
  0.10532410E+002
  0.10532369E+002
  0.10532329E+002
  0.10532288E+002
  0.10532246E+002
  0.10532205E+002
  0.10532163E+002
  0.10532120E+002
  0.10532078E+002
  0.10532035E+002
  0.10531992E+002
  0.10531948E+002
  0.10531905E+002
  0.10531861E+002
  0.10531817E+002
  0.10531774E+002
  0.10531730E+002
  0.10531686E+002
  0.10531642E+002
  0.10531598E+002
  0.10531554E+002
  0.10531511E+002
  0.10531467E+002
  0.10531424E+002
  0.10531381E+002
  0.10531338E+002
  0.10531295E+002
  0.10531253E+002
  0.10531211E+002
  0.10531169E+002
  0.10531128E+002
  0.10531087E+002
  0.10531046E+002
  0.10531006E+002
  0.10530966E+002
  0.10530927E+002
  0.10530888E+002
  0.10530850E+002
  0.10530813E+002
  0.10530775E+002
