  0.57764645E+000  0.29006307E+000  0.24084963E+001  0.38841720E+002
  0.57884657E+000  0.31989475E+000  0.23757930E+001  0.38846559E+002
  0.57908414E+000  0.31894099E+000  0.23761267E+001  0.38849586E+002
  0.57923851E+000  0.31788233E+000  0.23775930E+001  0.38851215E+002
  0.57933560E+000  0.31851832E+000  0.23755960E+001  0.38854320E+002
  0.57942149E+000  0.31815091E+000  0.23762654E+001  0.38855496E+002
  0.57950003E+000  0.31784374E+000  0.23764536E+001  0.38856874E+002
  0.57969633E+000  0.31744526E+000  0.23770962E+001  0.38857585E+002
  0.57974747E+000  0.31719599E+000  0.23774688E+001  0.38858407E+002
  0.57992877E+000  0.31684822E+000  0.23779331E+001  0.38858975E+002
  0.58018289E+000  0.31645172E+000  0.23783562E+001  0.38859451E+002
  0.58020868E+000  0.31630340E+000  0.23745874E+001  0.38864005E+002
  0.58022842E+000  0.31617536E+000  0.23695405E+001  0.38869744E+002
  0.58024391E+000  0.31617596E+000  0.23664321E+001  0.38873353E+002
  0.58025409E+000  0.31608196E+000  0.23668900E+001  0.38873437E+002
  0.58026055E+000  0.31600035E+000  0.23650397E+001  0.38875772E+002
  0.58026349E+000  0.31592941E+000  0.23654572E+001  0.38875789E+002
  0.58026408E+000  0.31583749E+000  0.23641005E+001  0.38877566E+002
  0.58026220E+000  0.31579926E+000  0.23644645E+001  0.38877541E+002
  0.58025854E+000  0.31574879E+000  0.23648292E+001  0.38877500E+002
  0.58025324E+000  0.31570569E+000  0.23636842E+001  0.38878940E+002
  0.58024643E+000  0.31566736E+000  0.23640155E+001  0.38878880E+002
  0.58023837E+000  0.31563297E+000  0.23643321E+001  0.38878813E+002
  0.58022926E+000  0.31560204E+000  0.23646349E+001  0.38878742E+002
  0.58021924E+000  0.31557407E+000  0.23649248E+001  0.38878668E+002
  0.58020845E+000  0.31554861E+000  0.23652026E+001  0.38878591E+002
  0.58019700E+000  0.31552537E+000  0.23641802E+001  0.38879803E+002
  0.58018501E+000  0.31550402E+000  0.23644370E+001  0.38879724E+002
  0.58017256E+000  0.31548435E+000  0.23646840E+001  0.38879645E+002
  0.58015974E+000  0.31546610E+000  0.23649218E+001  0.38879566E+002
  0.58014662E+000  0.31544908E+000  0.23651510E+001  0.38879489E+002
  0.58013327E+000  0.31543312E+000  0.23653723E+001  0.38879412E+002
  0.58011974E+000  0.31541808E+000  0.23655859E+001  0.38879336E+002
  0.58010609E+000  0.31540382E+000  0.23657922E+001  0.38879261E+002
  0.58009238E+000  0.31539026E+000  0.23659914E+001  0.38879188E+002
  0.58007867E+000  0.31537728E+000  0.23661837E+001  0.38879116E+002
  0.58006498E+000  0.31536483E+000  0.23663689E+001  0.38879047E+002
  0.58005138E+000  0.31535282E+000  0.23665470E+001  0.38878980E+002
  0.58003790E+000  0.31534123E+000  0.23667176E+001  0.38878915E+002
  0.58002459E+000  0.31533000E+000  0.23668804E+001  0.38878854E+002
  0.58001149E+000  0.31531910E+000  0.23670350E+001  0.38878797E+002
  0.57999863E+000  0.31530852E+000  0.23671808E+001  0.38878743E+002
  0.57998604E+000  0.31529822E+000  0.23673173E+001  0.38878695E+002
  0.57997377E+000  0.31528821E+000  0.23674438E+001  0.38878652E+002
  0.57996182E+000  0.31527847E+000  0.23675599E+001  0.38878614E+002
  0.57995024E+000  0.31526902E+000  0.23676651E+001  0.38878583E+002
  0.57993902E+000  0.31525982E+000  0.23677590E+001  0.38878558E+002
  0.57992819E+000  0.31525091E+000  0.23678415E+001  0.38878540E+002
  0.57991774E+000  0.31524229E+000  0.23679125E+001  0.38878528E+002
  0.57990766E+000  0.31523397E+000  0.23679719E+001  0.38878523E+002
  0.57989794E+000  0.31522594E+000  0.23680202E+001  0.38878523E+002
  0.57988857E+000  0.31521825E+000  0.23680577E+001  0.38878530E+002
  0.57987949E+000  0.31521088E+000  0.23680849E+001  0.38878542E+002
  0.57987068E+000  0.31520384E+000  0.23681024E+001  0.38878558E+002
  0.57986210E+000  0.31519714E+000  0.23681109E+001  0.38878578E+002
  0.57985369E+000  0.31519076E+000  0.23681110E+001  0.38878602E+002
  0.57984541E+000  0.31518470E+000  0.23681035E+001  0.38878628E+002
  0.57983720E+000  0.31517892E+000  0.23680890E+001  0.38878656E+002
  0.57982903E+000  0.31517342E+000  0.23680682E+001  0.38878685E+002
  0.57982084E+000  0.31516815E+000  0.23680416E+001  0.38878715E+002
  0.57981259E+000  0.31516309E+000  0.23680097E+001  0.38878745E+002
  0.57980425E+000  0.31515819E+000  0.23679730E+001  0.38878776E+002
  0.57979578E+000  0.31515343E+000  0.23679318E+001  0.38878806E+002
  0.57978716E+000  0.31514877E+000  0.23678864E+001  0.38878835E+002
  0.57977838E+000  0.31514418E+000  0.23678372E+001  0.38878863E+002
  0.57976941E+000  0.31513963E+000  0.23677843E+001  0.38878890E+002
  0.57976024E+000  0.31513510E+000  0.23677278E+001  0.38878915E+002
  0.57975087E+000  0.31513057E+000  0.23676680E+001  0.38878939E+002
  0.57974130E+000  0.31512602E+000  0.23676049E+001  0.38878962E+002
  0.57973152E+000  0.31512143E+000  0.23675387E+001  0.38878982E+002
  0.57972154E+000  0.31511680E+000  0.23674694E+001  0.38879001E+002
  0.57971136E+000  0.31511212E+000  0.23673971E+001  0.38879018E+002
  0.57970099E+000  0.31510737E+000  0.23673219E+001  0.38879033E+002
  0.57969043E+000  0.31510256E+000  0.23672439E+001  0.38879047E+002
  0.57967971E+000  0.31509767E+000  0.23671630E+001  0.38879058E+002
  0.57966882E+000  0.31509271E+000  0.23670793E+001  0.38879068E+002
  0.57965779E+000  0.31508767E+000  0.23669929E+001  0.38879076E+002
  0.57964662E+000  0.31508256E+000  0.23669039E+001  0.38879082E+002
  0.57963532E+000  0.31507736E+000  0.23668122E+001  0.38879087E+002
  0.57962392E+000  0.31507209E+000  0.23667180E+001  0.38879091E+002
  0.57961242E+000  0.31506675E+000  0.23666213E+001  0.38879093E+002
  0.57960084E+000  0.31506133E+000  0.23665221E+001  0.38879094E+002
  0.57958920E+000  0.31505584E+000  0.23664205E+001  0.38879094E+002
  0.57957750E+000  0.31505029E+000  0.23663166E+001  0.38879093E+002
  0.57956576E+000  0.31504468E+000  0.23662105E+001  0.38879091E+002
  0.57955400E+000  0.31503901E+000  0.23661021E+001  0.38879089E+002
  0.57954223E+000  0.31503330E+000  0.23659917E+001  0.38879086E+002
  0.57953046E+000  0.31502754E+000  0.23658792E+001  0.38879083E+002
  0.57951872E+000  0.31502175E+000  0.23657648E+001  0.38879079E+002
  0.57950700E+000  0.31501593E+000  0.23656485E+001  0.38879076E+002
  0.57949534E+000  0.31501009E+000  0.23655304E+001  0.38879072E+002
  0.57948373E+000  0.31500424E+000  0.23654107E+001  0.38879069E+002
  0.57947220E+000  0.31499839E+000  0.23652895E+001  0.38879066E+002
  0.57946076E+000  0.31499253E+000  0.23651669E+001  0.38879063E+002
  0.57944941E+000  0.31498669E+000  0.23650429E+001  0.38879060E+002
  0.57943818E+000  0.31498087E+000  0.23649178E+001  0.38879058E+002
  0.57942707E+000  0.31497508E+000  0.23647917E+001  0.38879056E+002
  0.57941610E+000  0.31496932E+000  0.23646647E+001  0.38879054E+002
  0.57940528E+000  0.31496361E+000  0.23645369E+001  0.38879053E+002
  0.57939461E+000  0.31495795E+000  0.23644085E+001  0.38879053E+002
  0.57938411E+000  0.31495235E+000  0.23642797E+001  0.38879052E+002
  0.57937379E+000  0.31494682E+000  0.23641506E+001  0.38879052E+002
  0.57936366E+000  0.31494136E+000  0.23640214E+001  0.38879053E+002
  0.57935372E+000  0.31493597E+000  0.23638922E+001  0.38879054E+002
  0.57934399E+000  0.31493068E+000  0.23637631E+001  0.38879055E+002
  0.57933447E+000  0.31492548E+000  0.23636344E+001  0.38879056E+002
  0.57932516E+000  0.31492038E+000  0.23635062E+001  0.38879057E+002
  0.57931608E+000  0.31491538E+000  0.23633786E+001  0.38879058E+002
  0.57930722E+000  0.31491048E+000  0.23632517E+001  0.38879059E+002
  0.57929860E+000  0.31490570E+000  0.23631258E+001  0.38879060E+002
  0.57929022E+000  0.31490104E+000  0.23630009E+001  0.38879061E+002
  0.57928208E+000  0.31489650E+000  0.23628771E+001  0.38879061E+002
  0.57927418E+000  0.31489207E+000  0.23627547E+001  0.38879061E+002
  0.57926652E+000  0.31488778E+000  0.23626336E+001  0.38879060E+002
  0.57925912E+000  0.31488361E+000  0.23625141E+001  0.38879058E+002
  0.57925195E+000  0.31487957E+000  0.23623962E+001  0.38879056E+002
  0.57924504E+000  0.31487566E+000  0.23622799E+001  0.38879053E+002
  0.57923838E+000  0.31487188E+000  0.23621655E+001  0.38879048E+002
  0.57923196E+000  0.31486823E+000  0.23620529E+001  0.38879043E+002
  0.57922578E+000  0.31486472E+000  0.23619423E+001  0.38879036E+002
  0.57921985E+000  0.31486134E+000  0.23618337E+001  0.38879028E+002
  0.57921415E+000  0.31485808E+000  0.23617271E+001  0.38879018E+002
  0.57920870E+000  0.31485496E+000  0.23616227E+001  0.38879007E+002
  0.57920347E+000  0.31485197E+000  0.23615203E+001  0.38878994E+002
  0.57919848E+000  0.31484911E+000  0.23614202E+001  0.38878979E+002
  0.57919371E+000  0.31484637E+000  0.23613223E+001  0.38878962E+002
  0.57918917E+000  0.31484376E+000  0.23612266E+001  0.38878943E+002
  0.57918484E+000  0.31484127E+000  0.23611332E+001  0.38878922E+002
  0.57918072E+000  0.31483889E+000  0.23610420E+001  0.38878899E+002
  0.57917681E+000  0.31483664E+000  0.23609531E+001  0.38878873E+002
  0.57917310E+000  0.31483450E+000  0.23608665E+001  0.38878845E+002
  0.57916959E+000  0.31483247E+000  0.23607822E+001  0.38878814E+002
  0.57916627E+000  0.31483055E+000  0.23607001E+001  0.38878780E+002
  0.57916313E+000  0.31482873E+000  0.23606203E+001  0.38878744E+002
  0.57916017E+000  0.31482702E+000  0.23605427E+001  0.38878705E+002
  0.57915738E+000  0.31482540E+000  0.23604674E+001  0.38878663E+002
  0.57915476E+000  0.31482388E+000  0.23603943E+001  0.38878617E+002
  0.57915230E+000  0.31482245E+000  0.23603233E+001  0.38878569E+002
  0.57915000E+000  0.31482111E+000  0.23602545E+001  0.38878517E+002
  0.57914784E+000  0.31481985E+000  0.23601878E+001  0.38878462E+002
  0.57914583E+000  0.31481868E+000  0.23601232E+001  0.38878404E+002
  0.57914395E+000  0.31481758E+000  0.23600607E+001  0.38878342E+002
  0.57914220E+000  0.31481656E+000  0.23600002E+001  0.38878277E+002
  0.57914058E+000  0.31481561E+000  0.23599417E+001  0.38878209E+002
  0.57913907E+000  0.31481472E+000  0.23598851E+001  0.38878136E+002
  0.57913768E+000  0.31481390E+000  0.23598305E+001  0.38878061E+002
  0.57913640E+000  0.31481315E+000  0.23597778E+001  0.38877981E+002
  0.57913522E+000  0.31481245E+000  0.23597268E+001  0.38877898E+002
  0.57913414E+000  0.31481180E+000  0.23596777E+001  0.38877811E+002
  0.57913315E+000  0.31481121E+000  0.23596303E+001  0.38877721E+002
  0.57913224E+000  0.31481067E+000  0.23595847E+001  0.38877627E+002
  0.57913142E+000  0.31481017E+000  0.23595407E+001  0.38877529E+002
  0.57913068E+000  0.31480972E+000  0.23594983E+001  0.38877428E+002
  0.57913001E+000  0.31480931E+000  0.23594575E+001  0.38877324E+002
  0.57912940E+000  0.31480894E+000  0.23594182E+001  0.38877215E+002
  0.57912886E+000  0.31480861E+000  0.23593805E+001  0.38877104E+002
  0.57912838E+000  0.31480831E+000  0.23593442E+001  0.38876989E+002
  0.57912796E+000  0.31480805E+000  0.23593093E+001  0.38876870E+002
  0.57912759E+000  0.31480781E+000  0.23592757E+001  0.38876749E+002
  0.57912727E+000  0.31480760E+000  0.23592435E+001  0.38876624E+002
  0.57912700E+000  0.31480742E+000  0.23592126E+001  0.38876496E+002
  0.57912676E+000  0.31480726E+000  0.23591829E+001  0.38876365E+002
  0.57912657E+000  0.31480712E+000  0.23591545E+001  0.38876232E+002
  0.57912641E+000  0.31480701E+000  0.23591272E+001  0.38876095E+002
  0.57912628E+000  0.31480691E+000  0.23591010E+001  0.38875956E+002
  0.57912619E+000  0.31480684E+000  0.23590759E+001  0.38875814E+002
  0.57912612E+000  0.31480677E+000  0.23590519E+001  0.38875670E+002
  0.57912608E+000  0.31480673E+000  0.23590289E+001  0.38875524E+002
  0.57912607E+000  0.31480670E+000  0.23590068E+001  0.38875376E+002
  0.57912607E+000  0.31480668E+000  0.23589857E+001  0.38875225E+002
  0.57912610E+000  0.31480667E+000  0.23589655E+001  0.38875073E+002
  0.57912614E+000  0.31480667E+000  0.23589462E+001  0.38874919E+002
  0.57912620E+000  0.31480668E+000  0.23589278E+001  0.38874763E+002
  0.57912627E+000  0.31480671E+000  0.23589101E+001  0.38874606E+002
  0.57912635E+000  0.31480673E+000  0.23588933E+001  0.38874448E+002
  0.57912645E+000  0.31480677E+000  0.23588771E+001  0.38874289E+002
  0.57912655E+000  0.31480681E+000  0.23588617E+001  0.38874129E+002
  0.57912667E+000  0.31480686E+000  0.23588470E+001  0.38873968E+002
  0.57912679E+000  0.31480691E+000  0.23588330E+001  0.38873806E+002
  0.57912692E+000  0.31480697E+000  0.23588196E+001  0.38873644E+002
  0.57912706E+000  0.31480703E+000  0.23588068E+001  0.38873482E+002
  0.57912719E+000  0.31480709E+000  0.23587946E+001  0.38873319E+002
  0.57912734E+000  0.31480716E+000  0.23587830E+001  0.38873157E+002
  0.57912748E+000  0.31480723E+000  0.23587719E+001  0.38872994E+002
  0.57912763E+000  0.31480730E+000  0.23587614E+001  0.38872832E+002
  0.57912778E+000  0.31480737E+000  0.23587513E+001  0.38872670E+002
  0.57912793E+000  0.31480745E+000  0.23587417E+001  0.38872509E+002
  0.57912808E+000  0.31480752E+000  0.23587326E+001  0.38872348E+002
  0.57912824E+000  0.31480760E+000  0.23587239E+001  0.38872188E+002
  0.57912839E+000  0.31480767E+000  0.23587156E+001  0.38872030E+002
  0.57912854E+000  0.31480775E+000  0.23587077E+001  0.38871872E+002
  0.57912869E+000  0.31480782E+000  0.23587002E+001  0.38871715E+002
  0.57912883E+000  0.31480790E+000  0.23586931E+001  0.38871560E+002
  0.57912898E+000  0.31480797E+000  0.23586863E+001  0.38871406E+002
  0.57912912E+000  0.31480804E+000  0.23586799E+001  0.38871253E+002
  0.57912927E+000  0.31480811E+000  0.23586737E+001  0.38871102E+002
  0.57912940E+000  0.31480819E+000  0.23586679E+001  0.38870953E+002
  0.57912954E+000  0.31480825E+000  0.23586624E+001  0.38870806E+002
  0.57912967E+000  0.31480832E+000  0.23586571E+001  0.38870660E+002
  0.57912980E+000  0.31480839E+000  0.23586521E+001  0.38870516E+002
