  0.49046815E-002  0.57116700E-001  0.10123147E+001  0.41043590E+002
  0.48608250E-002  0.57367740E-001  0.10138257E+001  0.41045039E+002
  0.48349560E-002  0.57530116E-001  0.10150120E+001  0.41046361E+002
  0.48194874E-002  0.57642408E-001  0.10159400E+001  0.41047527E+002
  0.48108984E-002  0.57720417E-001  0.10166546E+001  0.41048585E+002
  0.48071133E-002  0.57772911E-001  0.10172007E+001  0.41049554E+002
  0.48067174E-002  0.57805961E-001  0.10176146E+001  0.41050445E+002
  0.48086871E-002  0.57824130E-001  0.10179253E+001  0.41051265E+002
  0.48122718E-002  0.57830961E-001  0.10181550E+001  0.41052021E+002
  0.48169070E-002  0.57829277E-001  0.10183208E+001  0.41052719E+002
  0.48221732E-002  0.57821301E-001  0.10184349E+001  0.41053363E+002
  0.48277646E-002  0.57808750E-001  0.10185066E+001  0.41053962E+002
  0.48334581E-002  0.57792972E-001  0.10185431E+001  0.41054519E+002
  0.48390938E-002  0.57775026E-001  0.10185503E+001  0.41055040E+002
  0.48445611E-002  0.57755723E-001  0.10185328E+001  0.41055530E+002
  0.48497862E-002  0.57735670E-001  0.10184945E+001  0.41055992E+002
  0.48547225E-002  0.57715324E-001  0.10184387E+001  0.41056430E+002
  0.48593423E-002  0.57695020E-001  0.10183683E+001  0.41056846E+002
  0.48636329E-002  0.57674998E-001  0.10182855E+001  0.41057243E+002
  0.48675921E-002  0.57655426E-001  0.10181925E+001  0.41057622E+002
  0.48712257E-002  0.57636412E-001  0.10180910E+001  0.41057985E+002
  0.48745444E-002  0.57618022E-001  0.10179828E+001  0.41058334E+002
  0.48775629E-002  0.57600289E-001  0.10178692E+001  0.41058670E+002
  0.48802978E-002  0.57583225E-001  0.10177514E+001  0.41058994E+002
  0.48827670E-002  0.57566821E-001  0.10176308E+001  0.41059306E+002
  0.48849894E-002  0.57551058E-001  0.10175084E+001  0.41059607E+002
  0.48869836E-002  0.57535911E-001  0.10173851E+001  0.41059898E+002
  0.48887682E-002  0.57521348E-001  0.10172619E+001  0.41060178E+002
  0.48903613E-002  0.57507335E-001  0.10171397E+001  0.41060449E+002
  0.48917803E-002  0.57493841E-001  0.10170192E+001  0.41060709E+002
  0.48930421E-002  0.57480835E-001  0.10169011E+001  0.41060960E+002
  0.48941625E-002  0.57468288E-001  0.10167862E+001  0.41061202E+002
  0.48951566E-002  0.57456177E-001  0.10166749E+001  0.41061433E+002
  0.48960384E-002  0.57444487E-001  0.10165677E+001  0.41061655E+002
  0.48968210E-002  0.57433204E-001  0.10164652E+001  0.41061867E+002
  0.48975165E-002  0.57422324E-001  0.10163675E+001  0.41062069E+002
  0.48981357E-002  0.57411847E-001  0.10162751E+001  0.41062261E+002
  0.48986888E-002  0.57401779E-001  0.10161879E+001  0.41062443E+002
  0.48991846E-002  0.57392130E-001  0.10161062E+001  0.41062615E+002
  0.48996310E-002  0.57382914E-001  0.10160299E+001  0.41062777E+002
  0.49000350E-002  0.57374146E-001  0.10159589E+001  0.41062929E+002
  0.49004025E-002  0.57365841E-001  0.10158931E+001  0.41063072E+002
  0.49007385E-002  0.57358013E-001  0.10158322E+001  0.41063206E+002
  0.49010472E-002  0.57350669E-001  0.10157759E+001  0.41063330E+002
  0.49013317E-002  0.57343816E-001  0.10157239E+001  0.41063446E+002
  0.49015947E-002  0.57337449E-001  0.10156757E+001  0.41063553E+002
  0.49018381E-002  0.57331560E-001  0.10156311E+001  0.41063652E+002
  0.49020634E-002  0.57326131E-001  0.10155895E+001  0.41063743E+002
  0.49022713E-002  0.57321138E-001  0.10155506E+001  0.41063827E+002
  0.49024627E-002  0.57316549E-001  0.10155140E+001  0.41063903E+002
  0.49026379E-002  0.57312327E-001  0.10154792E+001  0.41063974E+002
  0.49027973E-002  0.57308433E-001  0.10154459E+001  0.41064038E+002
  0.49029411E-002  0.57304824E-001  0.10154137E+001  0.41064096E+002
  0.49030698E-002  0.57301457E-001  0.10153824E+001  0.41064148E+002
  0.49031839E-002  0.57298291E-001  0.10153516E+001  0.41064196E+002
  0.49032841E-002  0.57295284E-001  0.10153212E+001  0.41064238E+002
  0.49033710E-002  0.57292403E-001  0.10152910E+001  0.41064275E+002
  0.49034457E-002  0.57289613E-001  0.10152606E+001  0.41064307E+002
  0.49035092E-002  0.57286887E-001  0.10152301E+001  0.41064335E+002
  0.49035626E-002  0.57284201E-001  0.10151993E+001  0.41064359E+002
  0.49036069E-002  0.57281535E-001  0.10151680E+001  0.41064378E+002
  0.49036434E-002  0.57278873E-001  0.10151362E+001  0.41064393E+002
  0.49036730E-002  0.57276203E-001  0.10151039E+001  0.41064403E+002
  0.49036967E-002  0.57273514E-001  0.10150709E+001  0.41064409E+002
  0.49037153E-002  0.57270800E-001  0.10150373E+001  0.41064411E+002
  0.49037295E-002  0.57268055E-001  0.10150030E+001  0.41064409E+002
  0.49037401E-002  0.57265276E-001  0.10149680E+001  0.41064402E+002
  0.49037474E-002  0.57262461E-001  0.10149323E+001  0.41064391E+002
  0.49037521E-002  0.57259610E-001  0.10148959E+001  0.41064375E+002
  0.49037544E-002  0.57256722E-001  0.10148588E+001  0.41064355E+002
  0.49037546E-002  0.57253800E-001  0.10148210E+001  0.41064331E+002
  0.49037531E-002  0.57250845E-001  0.10147825E+001  0.41064302E+002
  0.49037500E-002  0.57247860E-001  0.10147435E+001  0.41064269E+002
  0.49037457E-002  0.57244849E-001  0.10147037E+001  0.41064231E+002
  0.49037403E-002  0.57241814E-001  0.10146635E+001  0.41064190E+002
  0.49037340E-002  0.57238760E-001  0.10146226E+001  0.41064144E+002
  0.49037270E-002  0.57235691E-001  0.10145813E+001  0.41064094E+002
  0.49037196E-002  0.57232612E-001  0.10145395E+001  0.41064040E+002
  0.49037119E-002  0.57229527E-001  0.10144973E+001  0.41063982E+002
  0.49037041E-002  0.57226442E-001  0.10144547E+001  0.41063920E+002
  0.49036964E-002  0.57223360E-001  0.10144117E+001  0.41063855E+002
  0.49036890E-002  0.57220286E-001  0.10143685E+001  0.41063786E+002
  0.49036821E-002  0.57217226E-001  0.10143250E+001  0.41063714E+002
  0.49036757E-002  0.57214183E-001  0.10142813E+001  0.41063639E+002
  0.49036702E-002  0.57211162E-001  0.10142374E+001  0.41063560E+002
  0.49036655E-002  0.57208168E-001  0.10141934E+001  0.41063479E+002
  0.49036618E-002  0.57205204E-001  0.10141494E+001  0.41063395E+002
  0.49036593E-002  0.57202274E-001  0.10141053E+001  0.41063309E+002
  0.49036580E-002  0.57199381E-001  0.10140613E+001  0.41063221E+002
  0.49036579E-002  0.57196529E-001  0.10140173E+001  0.41063130E+002
  0.49036592E-002  0.57193721E-001  0.10139734E+001  0.41063038E+002
  0.49036618E-002  0.57190960E-001  0.10139296E+001  0.41062944E+002
  0.49036658E-002  0.57188249E-001  0.10138861E+001  0.41062848E+002
  0.49036712E-002  0.57185589E-001  0.10138427E+001  0.41062751E+002
  0.49036780E-002  0.57182983E-001  0.10137997E+001  0.41062653E+002
  0.49036861E-002  0.57180433E-001  0.10137569E+001  0.41062554E+002
  0.49036956E-002  0.57177941E-001  0.10137145E+001  0.41062454E+002
  0.49037063E-002  0.57175507E-001  0.10136725E+001  0.41062353E+002
  0.49037183E-002  0.57173133E-001  0.10136309E+001  0.41062251E+002
  0.49037314E-002  0.57170821E-001  0.10135897E+001  0.41062150E+002
  0.49037456E-002  0.57168570E-001  0.10135490E+001  0.41062047E+002
  0.49037609E-002  0.57166382E-001  0.10135089E+001  0.41061945E+002
  0.49037771E-002  0.57164257E-001  0.10134694E+001  0.41061842E+002
  0.49037942E-002  0.57162195E-001  0.10134304E+001  0.41061739E+002
  0.49038122E-002  0.57160197E-001  0.10133920E+001  0.41061637E+002
  0.49038308E-002  0.57158262E-001  0.10133543E+001  0.41061534E+002
  0.49038501E-002  0.57156390E-001  0.10133173E+001  0.41061431E+002
  0.49038700E-002  0.57154580E-001  0.10132809E+001  0.41061329E+002
  0.49038903E-002  0.57152833E-001  0.10132453E+001  0.41061227E+002
  0.49039110E-002  0.57151147E-001  0.10132105E+001  0.41061125E+002
  0.49039321E-002  0.57149522E-001  0.10131764E+001  0.41061023E+002
  0.49039534E-002  0.57147956E-001  0.10131430E+001  0.41060922E+002
  0.49039749E-002  0.57146450E-001  0.10131105E+001  0.41060821E+002
  0.49039965E-002  0.57145002E-001  0.10130788E+001  0.41060720E+002
  0.49040181E-002  0.57143610E-001  0.10130479E+001  0.41060620E+002
  0.49040396E-002  0.57142274E-001  0.10130178E+001  0.41060520E+002
  0.49040611E-002  0.57140992E-001  0.10129885E+001  0.41060420E+002
  0.49040825E-002  0.57139764E-001  0.10129601E+001  0.41060320E+002
  0.49041036E-002  0.57138587E-001  0.10129325E+001  0.41060221E+002
  0.49041245E-002  0.57137460E-001  0.10129058E+001  0.41060122E+002
  0.49041451E-002  0.57136382E-001  0.10128798E+001  0.41060022E+002
  0.49041654E-002  0.57135352E-001  0.10128548E+001  0.41059923E+002
  0.49041853E-002  0.57134367E-001  0.10128305E+001  0.41059824E+002
  0.49042048E-002  0.57133427E-001  0.10128071E+001  0.41059725E+002
  0.49042239E-002  0.57132531E-001  0.10127845E+001  0.41059626E+002
  0.49042426E-002  0.57131676E-001  0.10127627E+001  0.41059526E+002
  0.49042608E-002  0.57130861E-001  0.10127417E+001  0.41059426E+002
  0.49042785E-002  0.57130085E-001  0.10127215E+001  0.41059326E+002
  0.49042957E-002  0.57129346E-001  0.10127020E+001  0.41059225E+002
  0.49043124E-002  0.57128643E-001  0.10126833E+001  0.41059124E+002
  0.49043286E-002  0.57127975E-001  0.10126653E+001  0.41059022E+002
  0.49043442E-002  0.57127339E-001  0.10126481E+001  0.41058919E+002
  0.49043594E-002  0.57126736E-001  0.10126316E+001  0.41058815E+002
  0.49043741E-002  0.57126163E-001  0.10126157E+001  0.41058710E+002
  0.49043882E-002  0.57125620E-001  0.10126005E+001  0.41058605E+002
  0.49044018E-002  0.57125104E-001  0.10125860E+001  0.41058498E+002
  0.49044149E-002  0.57124615E-001  0.10125721E+001  0.41058389E+002
  0.49044275E-002  0.57124152E-001  0.10125589E+001  0.41058280E+002
  0.49044397E-002  0.57123713E-001  0.10125462E+001  0.41058169E+002
  0.49044513E-002  0.57123298E-001  0.10125341E+001  0.41058056E+002
  0.49044625E-002  0.57122904E-001  0.10125225E+001  0.41057942E+002
  0.49044732E-002  0.57122532E-001  0.10125115E+001  0.41057826E+002
  0.49044835E-002  0.57122181E-001  0.10125010E+001  0.41057709E+002
  0.49044933E-002  0.57121848E-001  0.10124910E+001  0.41057589E+002
  0.49045027E-002  0.57121534E-001  0.10124815E+001  0.41057468E+002
  0.49045117E-002  0.57121237E-001  0.10124725E+001  0.41057345E+002
  0.49045203E-002  0.57120957E-001  0.10124639E+001  0.41057219E+002
  0.49045286E-002  0.57120693E-001  0.10124557E+001  0.41057092E+002
  0.49045364E-002  0.57120443E-001  0.10124479E+001  0.41056962E+002
  0.49045439E-002  0.57120208E-001  0.10124405E+001  0.41056831E+002
  0.49045510E-002  0.57119986E-001  0.10124335E+001  0.41056697E+002
  0.49045579E-002  0.57119777E-001  0.10124269E+001  0.41056561E+002
  0.49045643E-002  0.57119580E-001  0.10124206E+001  0.41056423E+002
  0.49045705E-002  0.57119394E-001  0.10124146E+001  0.41056282E+002
  0.49045764E-002  0.57119220E-001  0.10124089E+001  0.41056140E+002
  0.49045820E-002  0.57119055E-001  0.10124035E+001  0.41055995E+002
  0.49045873E-002  0.57118901E-001  0.10123984E+001  0.41055848E+002
  0.49045924E-002  0.57118755E-001  0.10123936E+001  0.41055699E+002
  0.49045972E-002  0.57118618E-001  0.10123891E+001  0.41055548E+002
  0.49046018E-002  0.57118490E-001  0.10123847E+001  0.41055395E+002
  0.49046061E-002  0.57118369E-001  0.10123807E+001  0.41055240E+002
  0.49046102E-002  0.57118256E-001  0.10123768E+001  0.41055083E+002
  0.49046141E-002  0.57118149E-001  0.10123731E+001  0.41054924E+002
  0.49046178E-002  0.57118050E-001  0.10123697E+001  0.41054764E+002
  0.49046214E-002  0.57117956E-001  0.10123664E+001  0.41054601E+002
  0.49046247E-002  0.57117868E-001  0.10123634E+001  0.41054438E+002
  0.49046279E-002  0.57117786E-001  0.10123605E+001  0.41054273E+002
  0.49046309E-002  0.57117709E-001  0.10123577E+001  0.41054106E+002
  0.49046337E-002  0.57117637E-001  0.10123551E+001  0.41053938E+002
  0.49046364E-002  0.57117569E-001  0.10123527E+001  0.41053769E+002
  0.49046390E-002  0.57117506E-001  0.10123504E+001  0.41053599E+002
  0.49046414E-002  0.57117447E-001  0.10123482E+001  0.41053428E+002
  0.49046437E-002  0.57117392E-001  0.10123462E+001  0.41053256E+002
  0.49046458E-002  0.57117341E-001  0.10123442E+001  0.41053084E+002
  0.49046479E-002  0.57117293E-001  0.10123424E+001  0.41052911E+002
  0.49046498E-002  0.57117248E-001  0.10123407E+001  0.41052737E+002
  0.49046516E-002  0.57117207E-001  0.10123391E+001  0.41052563E+002
  0.49046533E-002  0.57117168E-001  0.10123376E+001  0.41052389E+002
  0.49046550E-002  0.57117132E-001  0.10123362E+001  0.41052215E+002
  0.49046565E-002  0.57117098E-001  0.10123348E+001  0.41052041E+002
  0.49046580E-002  0.57117067E-001  0.10123336E+001  0.41051868E+002
  0.49046593E-002  0.57117038E-001  0.10123324E+001  0.41051694E+002
  0.49046606E-002  0.57117012E-001  0.10123313E+001  0.41051521E+002
  0.49046619E-002  0.57116987E-001  0.10123303E+001  0.41051349E+002
  0.49046630E-002  0.57116964E-001  0.10123293E+001  0.41051178E+002
  0.49046641E-002  0.57116942E-001  0.10123284E+001  0.41051007E+002
  0.49046651E-002  0.57116923E-001  0.10123275E+001  0.41050837E+002
  0.49046661E-002  0.57116905E-001  0.10123267E+001  0.41050668E+002
  0.49046670E-002  0.57116888E-001  0.10123259E+001  0.41050501E+002
  0.49046679E-002  0.57116872E-001  0.10123252E+001  0.41050335E+002
  0.49046687E-002  0.57116858E-001  0.10123245E+001  0.41050170E+002
  0.49046694E-002  0.57116845E-001  0.10123239E+001  0.41050007E+002
  0.49046702E-002  0.57116833E-001  0.10123233E+001  0.41049845E+002
  0.49046708E-002  0.57116822E-001  0.10123228E+001  0.41049685E+002
  0.49046715E-002  0.57116812E-001  0.10123223E+001  0.41049527E+002
  0.49046721E-002  0.57116803E-001  0.10123218E+001  0.41049370E+002
  0.49046726E-002  0.57116794E-001  0.10123213E+001  0.41049216E+002
  0.49046732E-002  0.57116786E-001  0.10123209E+001  0.41049064E+002
  0.49046738E-002  0.57116778E-001  0.10123205E+001  0.41048913E+002
  0.49046742E-002  0.57116772E-001  0.10123201E+001  0.41048765E+002
