  0.65793254E-001
  0.65710242E-001
  0.65784206E-001
  0.65851752E-001
  0.65904477E-001
  0.65946412E-001
  0.65980592E-001
  0.66008764E-001
  0.66032254E-001
  0.66051945E-001
  0.66068488E-001
  0.66082430E-001
  0.66094219E-001
  0.66104209E-001
  0.66112707E-001
  0.66119923E-001
  0.66126061E-001
  0.66131284E-001
  0.66135734E-001
  0.66139526E-001
  0.66142762E-001
  0.66145522E-001
  0.66147881E-001
  0.66149896E-001
  0.66151620E-001
  0.66153098E-001
  0.66154368E-001
  0.66155463E-001
  0.66156411E-001
  0.66157237E-001
  0.66157963E-001
  0.66158607E-001
  0.66159185E-001
  0.66159710E-001
  0.66160192E-001
  0.66160642E-001
  0.66161067E-001
  0.66161473E-001
  0.66161864E-001
  0.66162244E-001
  0.66162616E-001
  0.66162981E-001
  0.66163340E-001
  0.66163694E-001
  0.66164042E-001
  0.66164383E-001
  0.66164717E-001
  0.66165042E-001
  0.66165357E-001
  0.66165660E-001
  0.66165951E-001
  0.66166228E-001
  0.66166490E-001
  0.66166736E-001
  0.66166966E-001
  0.66167180E-001
  0.66167377E-001
  0.66167557E-001
  0.66167721E-001
  0.66167868E-001
  0.66168000E-001
  0.66168115E-001
  0.66168216E-001
  0.66168301E-001
  0.66168372E-001
  0.66168428E-001
  0.66168470E-001
  0.66168497E-001
  0.66168511E-001
  0.66168510E-001
  0.66168495E-001
  0.66168467E-001
  0.66168425E-001
  0.66168369E-001
  0.66168300E-001
  0.66168218E-001
  0.66168122E-001
  0.66168013E-001
  0.66167892E-001
  0.66167759E-001
  0.66167614E-001
  0.66167457E-001
  0.66167290E-001
  0.66167112E-001
  0.66166925E-001
  0.66166728E-001
  0.66166523E-001
  0.66166310E-001
  0.66166089E-001
  0.66165862E-001
  0.66165628E-001
  0.66165389E-001
  0.66165146E-001
  0.66164898E-001
  0.66164646E-001
  0.66164391E-001
  0.66164133E-001
  0.66163874E-001
  0.66163613E-001
  0.66163350E-001
  0.66163088E-001
  0.66162825E-001
  0.66162562E-001
  0.66162300E-001
  0.66162039E-001
  0.66161778E-001
  0.66161520E-001
  0.66161263E-001
  0.66161009E-001
  0.66160756E-001
  0.66160506E-001
  0.66160259E-001
  0.66160014E-001
  0.66159772E-001
  0.66159533E-001
  0.66159297E-001
  0.66159064E-001
  0.66158835E-001
  0.66158608E-001
  0.66158384E-001
  0.66158164E-001
  0.66157946E-001
  0.66157731E-001
  0.66157519E-001
  0.66157310E-001
  0.66157104E-001
  0.66156900E-001
  0.66156698E-001
  0.66156498E-001
  0.66156301E-001
  0.66156105E-001
  0.66155911E-001
  0.66155718E-001
  0.66155526E-001
  0.66155336E-001
  0.66155146E-001
  0.66154957E-001
  0.66154768E-001
  0.66154580E-001
  0.66154391E-001
  0.66154202E-001
  0.66154012E-001
  0.66153822E-001
  0.66153631E-001
  0.66153438E-001
  0.66153244E-001
  0.66153049E-001
  0.66152852E-001
  0.66152652E-001
  0.66152451E-001
  0.66152248E-001
  0.66152042E-001
  0.66151834E-001
  0.66151624E-001
  0.66151410E-001
  0.66151194E-001
  0.66150976E-001
  0.66150754E-001
  0.66150529E-001
  0.66150302E-001
  0.66150072E-001
  0.66149839E-001
  0.66149603E-001
  0.66149364E-001
  0.66149123E-001
  0.66148879E-001
  0.66148632E-001
  0.66148383E-001
  0.66148131E-001
  0.66147877E-001
  0.66147622E-001
  0.66147364E-001
  0.66147104E-001
  0.66146843E-001
  0.66146580E-001
  0.66146316E-001
  0.66146051E-001
  0.66145784E-001
  0.66145517E-001
  0.66145250E-001
  0.66144982E-001
  0.66144713E-001
  0.66144445E-001
  0.66144177E-001
  0.66143910E-001
  0.66143643E-001
  0.66143376E-001
  0.66143111E-001
  0.66142847E-001
  0.66142584E-001
  0.66142323E-001
  0.66142064E-001
  0.66141806E-001
  0.66141551E-001
  0.66141297E-001
  0.66141046E-001
  0.66140798E-001
  0.66140552E-001
  0.66140310E-001
  0.66140068E-001
