  0.42099906E+000
  0.42268897E+000
  0.42376529E+000
  0.42453361E+000
  0.42509192E+000
  0.42549112E+000
  0.42576496E+000
  0.42593859E+000
  0.42603175E+000
  0.42606074E+000
  0.42603877E+000
  0.42597652E+000
  0.42588251E+000
  0.42576355E+000
  0.42562525E+000
  0.42547214E+000
  0.42530791E+000
  0.42513562E+000
  0.42495780E+000
  0.42477648E+000
  0.42459332E+000
  0.42440974E+000
  0.42422690E+000
  0.42404578E+000
  0.42386721E+000
  0.42369186E+000
  0.42352033E+000
  0.42335312E+000
  0.42319067E+000
  0.42303335E+000
  0.42288148E+000
  0.42273534E+000
  0.42259517E+000
  0.42246118E+000
  0.42233354E+000
  0.42221239E+000
  0.42209784E+000
  0.42198995E+000
  0.42188877E+000
  0.42179428E+000
  0.42170645E+000
  0.42162520E+000
  0.42155041E+000
  0.42148192E+000
  0.42141953E+000
  0.42136300E+000
  0.42131206E+000
  0.42126641E+000
  0.42122573E+000
  0.42118965E+000
  0.42115783E+000
  0.42112990E+000
  0.42110548E+000
  0.42108421E+000
  0.42106576E+000
  0.42104977E+000
  0.42103595E+000
  0.42102401E+000
  0.42101368E+000
  0.42100475E+000
  0.42099701E+000
  0.42099027E+000
  0.42098440E+000
  0.42097927E+000
  0.42097476E+000
  0.42097079E+000
  0.42096729E+000
  0.42096420E+000
  0.42096147E+000
  0.42095906E+000
  0.42095695E+000
  0.42095510E+000
  0.42095349E+000
  0.42095211E+000
  0.42095095E+000
  0.42094998E+000
  0.42094920E+000
  0.42094860E+000
  0.42094816E+000
  0.42094788E+000
  0.42094774E+000
  0.42094775E+000
  0.42094787E+000
  0.42094812E+000
  0.42094847E+000
  0.42094892E+000
  0.42094946E+000
  0.42095008E+000
  0.42095077E+000
  0.42095153E+000
  0.42095234E+000
  0.42095319E+000
  0.42095409E+000
  0.42095502E+000
  0.42095597E+000
  0.42095695E+000
  0.42095795E+000
  0.42095895E+000
  0.42095997E+000
  0.42096098E+000
  0.42096200E+000
  0.42096301E+000
  0.42096402E+000
  0.42096501E+000
  0.42096600E+000
  0.42096698E+000
  0.42096794E+000
  0.42096888E+000
  0.42096982E+000
  0.42097073E+000
  0.42097163E+000
  0.42097251E+000
  0.42097337E+000
  0.42097421E+000
  0.42097503E+000
  0.42097584E+000
  0.42097662E+000
  0.42097739E+000
  0.42097814E+000
  0.42097886E+000
  0.42097957E+000
  0.42098027E+000
  0.42098094E+000
  0.42098160E+000
  0.42098223E+000
  0.42098285E+000
  0.42098345E+000
  0.42098404E+000
  0.42098461E+000
  0.42098516E+000
  0.42098569E+000
  0.42098621E+000
  0.42098671E+000
  0.42098720E+000
  0.42098767E+000
  0.42098812E+000
  0.42098856E+000
  0.42098899E+000
  0.42098940E+000
  0.42098980E+000
  0.42099019E+000
  0.42099056E+000
  0.42099092E+000
  0.42099126E+000
  0.42099160E+000
  0.42099192E+000
  0.42099223E+000
  0.42099253E+000
  0.42099282E+000
  0.42099310E+000
  0.42099336E+000
  0.42099362E+000
  0.42099387E+000
  0.42099411E+000
  0.42099434E+000
  0.42099456E+000
  0.42099477E+000
  0.42099497E+000
  0.42099517E+000
  0.42099535E+000
  0.42099553E+000
  0.42099571E+000
  0.42099587E+000
  0.42099603E+000
  0.42099618E+000
  0.42099633E+000
  0.42099647E+000
  0.42099661E+000
  0.42099673E+000
  0.42099686E+000
  0.42099698E+000
  0.42099709E+000
  0.42099720E+000
  0.42099730E+000
  0.42099740E+000
  0.42099749E+000
  0.42099758E+000
  0.42099767E+000
  0.42099775E+000
  0.42099783E+000
  0.42099791E+000
  0.42099798E+000
  0.42099804E+000
  0.42099811E+000
  0.42099817E+000
  0.42099823E+000
  0.42099828E+000
  0.42099834E+000
  0.42099839E+000
  0.42099844E+000
  0.42099848E+000
  0.42099852E+000
  0.42099856E+000
  0.42099860E+000
  0.42099864E+000
  0.42099867E+000
  0.42099870E+000
  0.42099873E+000
  0.42099875E+000
  0.42099878E+000
