  0.62647139E+000  0.11587373E+000  0.16160029E+000  0.78005090E+000
  0.62891912E+000  0.11533308E+000  0.16190929E+000  0.78459448E+000
  0.63123550E+000  0.11478851E+000  0.16193289E+000  0.78710434E+000
  0.63226221E+000  0.11494676E+000  0.16227351E+000  0.78865206E+000
  0.63318684E+000  0.11516499E+000  0.16241085E+000  0.78960509E+000
  0.63399303E+000  0.11524549E+000  0.16260677E+000  0.79011929E+000
  0.63467162E+000  0.11530435E+000  0.16275145E+000  0.79033252E+000
  0.63592039E+000  0.11464785E+000  0.16284070E+000  0.79034554E+000
  0.63635594E+000  0.11466492E+000  0.16290453E+000  0.79020170E+000
  0.63668831E+000  0.11466268E+000  0.16293483E+000  0.78995722E+000
  0.63770451E+000  0.11386782E+000  0.16294034E+000  0.78964252E+000
  0.63784461E+000  0.11385397E+000  0.16320473E+000  0.78900287E+000
  0.63790944E+000  0.11383303E+000  0.16332876E+000  0.78845890E+000
  0.63790842E+000  0.11410767E+000  0.16304381E+000  0.78799440E+000
  0.63784959E+000  0.11407957E+000  0.16298521E+000  0.78758674E+000
  0.63774261E+000  0.11404886E+000  0.16296175E+000  0.78713544E+000
  0.63759476E+000  0.11401658E+000  0.16289043E+000  0.78672995E+000
  0.63741328E+000  0.11398205E+000  0.16284911E+000  0.78629815E+000
  0.63720360E+000  0.11393256E+000  0.16278640E+000  0.78590875E+000
  0.63697122E+000  0.11389766E+000  0.16270689E+000  0.78553024E+000
  0.63671991E+000  0.11386330E+000  0.16265282E+000  0.78513736E+000
  0.63645477E+000  0.11382851E+000  0.16257228E+000  0.78478349E+000
  0.63617870E+000  0.11379406E+000  0.16249206E+000  0.78444288E+000
  0.63589476E+000  0.11376006E+000  0.16241258E+000  0.78411583E+000
  0.63560565E+000  0.11372660E+000  0.16233416E+000  0.78380251E+000
  0.63531378E+000  0.11369375E+000  0.16225709E+000  0.78350292E+000
  0.63502128E+000  0.11366153E+000  0.16220551E+000  0.78319310E+000
  0.63473009E+000  0.11362996E+000  0.16213173E+000  0.78292081E+000
  0.63444194E+000  0.11359904E+000  0.16205984E+000  0.78266196E+000
  0.63415840E+000  0.11356877E+000  0.16198998E+000  0.78241634E+000
  0.63388089E+000  0.11353912E+000  0.16192226E+000  0.78218374E+000
  0.63361067E+000  0.11351008E+000  0.16185679E+000  0.78196390E+000
  0.63334891E+000  0.11348164E+000  0.16179364E+000  0.78175658E+000
  0.63309664E+000  0.11345378E+000  0.16173291E+000  0.78156149E+000
  0.63285475E+000  0.11342651E+000  0.16167466E+000  0.78137835E+000
  0.63262403E+000  0.11339983E+000  0.16161898E+000  0.78120684E+000
  0.63240514E+000  0.11337375E+000  0.16156590E+000  0.78104667E+000
  0.63219860E+000  0.11334832E+000  0.16151550E+000  0.78089748E+000
  0.63200483E+000  0.11332358E+000  0.16146782E+000  0.78075894E+000
  0.63182407E+000  0.11329959E+000  0.16142289E+000  0.78063067E+000
  0.63165645E+000  0.11327642E+000  0.16138074E+000  0.78051230E+000
  0.63150195E+000  0.11325415E+000  0.16134138E+000  0.78040344E+000
  0.63136042E+000  0.11323286E+000  0.16130480E+000  0.78030367E+000
  0.63123159E+000  0.11321264E+000  0.16127098E+000  0.78021258E+000
  0.63111503E+000  0.11319357E+000  0.16123987E+000  0.78012974E+000
  0.63101026E+000  0.11317572E+000  0.16121142E+000  0.78005471E+000
  0.63091664E+000  0.11315915E+000  0.16118554E+000  0.77998703E+000
  0.63083349E+000  0.11314389E+000  0.16116212E+000  0.77992625E+000
  0.63076007E+000  0.11313006E+000  0.16114096E+000  0.77987192E+000
  0.63069559E+000  0.11311747E+000  0.16112209E+000  0.77982357E+000
  0.63063923E+000  0.11310618E+000  0.16110529E+000  0.77978072E+000
  0.63059020E+000  0.11309617E+000  0.16109038E+000  0.77974294E+000
  0.63054769E+000  0.11308736E+000  0.16107721E+000  0.77970975E+000
  0.63051095E+000  0.11307968E+000  0.16106561E+000  0.77968071E+000
  0.63047927E+000  0.11307305E+000  0.16105540E+000  0.77965540E+000
  0.63045198E+000  0.11306736E+000  0.16104644E+000  0.77963340E+000
  0.63042848E+000  0.11306252E+000  0.16103857E+000  0.77961432E+000
  0.63040825E+000  0.11305843E+000  0.16103165E+000  0.77959780E+000
  0.63039080E+000  0.11305499E+000  0.16102555E+000  0.77958350E+000
  0.63037572E+000  0.11305211E+000  0.16102015E+000  0.77957112E+000
  0.63036266E+000  0.11304971E+000  0.16101536E+000  0.77956039E+000
  0.63035133E+000  0.11304771E+000  0.16101109E+000  0.77955107E+000
  0.63034146E+000  0.11304604E+000  0.16100726E+000  0.77954295E+000
  0.63033285E+000  0.11304466E+000  0.16100381E+000  0.77953585E+000
  0.63032532E+000  0.11304350E+000  0.16100068E+000  0.77952964E+000
  0.63031873E+000  0.11304253E+000  0.16099783E+000  0.77952417E+000
  0.63031296E+000  0.11304171E+000  0.16099524E+000  0.77951936E+000
  0.63030791E+000  0.11304102E+000  0.16099286E+000  0.77951511E+000
  0.63030351E+000  0.11304043E+000  0.16099069E+000  0.77951136E+000
  0.63029969E+000  0.11303993E+000  0.16098869E+000  0.77950804E+000
  0.63029640E+000  0.11303949E+000  0.16098686E+000  0.77950513E+000
  0.63029359E+000  0.11303912E+000  0.16098519E+000  0.77950257E+000
  0.63029124E+000  0.11303880E+000  0.16098367E+000  0.77950035E+000
  0.63028931E+000  0.11303852E+000  0.16098229E+000  0.77949843E+000
  0.63028776E+000  0.11303828E+000  0.16098105E+000  0.77949679E+000
  0.63028659E+000  0.11303808E+000  0.16097993E+000  0.77949541E+000
  0.63028577E+000  0.11303790E+000  0.16097894E+000  0.77949428E+000
  0.63028528E+000  0.11303775E+000  0.16097807E+000  0.77949338E+000
  0.63028510E+000  0.11303763E+000  0.16097732E+000  0.77949269E+000
  0.63028521E+000  0.11303753E+000  0.16097667E+000  0.77949220E+000
  0.63028560E+000  0.11303746E+000  0.16097613E+000  0.77949189E+000
  0.63028625E+000  0.11303740E+000  0.16097568E+000  0.77949175E+000
  0.63028714E+000  0.11303737E+000  0.16097532E+000  0.77949177E+000
  0.63028825E+000  0.11303735E+000  0.16097505E+000  0.77949192E+000
  0.63028958E+000  0.11303735E+000  0.16097485E+000  0.77949221E+000
  0.63029109E+000  0.11303737E+000  0.16097472E+000  0.77949261E+000
  0.63029278E+000  0.11303741E+000  0.16097464E+000  0.77949310E+000
  0.63029464E+000  0.11303747E+000  0.16097463E+000  0.77949369E+000
  0.63029664E+000  0.11303755E+000  0.16097465E+000  0.77949435E+000
  0.63029877E+000  0.11303764E+000  0.16097472E+000  0.77949509E+000
  0.63030101E+000  0.11303774E+000  0.16097481E+000  0.77949587E+000
  0.63030336E+000  0.11303786E+000  0.16097494E+000  0.77949671E+000
  0.63030579E+000  0.11303799E+000  0.16097508E+000  0.77949758E+000
  0.63030830E+000  0.11303814E+000  0.16097523E+000  0.77949849E+000
  0.63031088E+000  0.11303830E+000  0.16097539E+000  0.77949942E+000
  0.63031350E+000  0.11303847E+000  0.16097556E+000  0.77950037E+000
  0.63031617E+000  0.11303865E+000  0.16097572E+000  0.77950134E+000
  0.63031887E+000  0.11303884E+000  0.16097589E+000  0.77950231E+000
  0.63032159E+000  0.11303904E+000  0.16097605E+000  0.77950329E+000
  0.63032432E+000  0.11303924E+000  0.16097619E+000  0.77950427E+000
  0.63032706E+000  0.11303945E+000  0.16097633E+000  0.77950525E+000
  0.63032980E+000  0.11303966E+000  0.16097646E+000  0.77950622E+000
  0.63033252E+000  0.11303988E+000  0.16097658E+000  0.77950718E+000
  0.63033524E+000  0.11304009E+000  0.16097668E+000  0.77950814E+000
  0.63033793E+000  0.11304031E+000  0.16097677E+000  0.77950909E+000
  0.63034060E+000  0.11304053E+000  0.16097685E+000  0.77951002E+000
  0.63034323E+000  0.11304075E+000  0.16097692E+000  0.77951095E+000
  0.63034584E+000  0.11304096E+000  0.16097698E+000  0.77951186E+000
  0.63034840E+000  0.11304118E+000  0.16097703E+000  0.77951275E+000
  0.63035093E+000  0.11304139E+000  0.16097706E+000  0.77951363E+000
  0.63035341E+000  0.11304160E+000  0.16097709E+000  0.77951450E+000
  0.63035585E+000  0.11304180E+000  0.16097712E+000  0.77951535E+000
  0.63035824E+000  0.11304200E+000  0.16097713E+000  0.77951619E+000
  0.63036058E+000  0.11304220E+000  0.16097714E+000  0.77951701E+000
  0.63036287E+000  0.11304239E+000  0.16097715E+000  0.77951781E+000
  0.63036511E+000  0.11304257E+000  0.16097715E+000  0.77951860E+000
  0.63036729E+000  0.11304276E+000  0.16097715E+000  0.77951938E+000
  0.63036942E+000  0.11304294E+000  0.16097715E+000  0.77952014E+000
  0.63037149E+000  0.11304311E+000  0.16097715E+000  0.77952088E+000
  0.63037351E+000  0.11304329E+000  0.16097715E+000  0.77952161E+000
  0.63037547E+000  0.11304345E+000  0.16097715E+000  0.77952233E+000
  0.63037737E+000  0.11304362E+000  0.16097715E+000  0.77952303E+000
  0.63037922E+000  0.11304378E+000  0.16097715E+000  0.77952371E+000
  0.63038101E+000  0.11304394E+000  0.16097715E+000  0.77952438E+000
  0.63038274E+000  0.11304410E+000  0.16097715E+000  0.77952504E+000
  0.63038441E+000  0.11304425E+000  0.16097716E+000  0.77952568E+000
  0.63038603E+000  0.11304440E+000  0.16097716E+000  0.77952631E+000
  0.63038760E+000  0.11304455E+000  0.16097717E+000  0.77952693E+000
  0.63038910E+000  0.11304470E+000  0.16097719E+000  0.77952753E+000
  0.63039056E+000  0.11304485E+000  0.16097720E+000  0.77952812E+000
  0.63039196E+000  0.11304499E+000  0.16097722E+000  0.77952869E+000
  0.63039330E+000  0.11304513E+000  0.16097724E+000  0.77952925E+000
  0.63039460E+000  0.11304528E+000  0.16097726E+000  0.77952980E+000
  0.63039584E+000  0.11304541E+000  0.16097729E+000  0.77953034E+000
  0.63039704E+000  0.11304555E+000  0.16097731E+000  0.77953086E+000
  0.63039818E+000  0.11304569E+000  0.16097734E+000  0.77953138E+000
  0.63039928E+000  0.11304582E+000  0.16097738E+000  0.77953188E+000
  0.63040034E+000  0.11304595E+000  0.16097741E+000  0.77953236E+000
  0.63040134E+000  0.11304608E+000  0.16097745E+000  0.77953284E+000
  0.63040231E+000  0.11304621E+000  0.16097749E+000  0.77953330E+000
  0.63040323E+000  0.11304634E+000  0.16097753E+000  0.77953375E+000
  0.63040411E+000  0.11304646E+000  0.16097757E+000  0.77953419E+000
  0.63040495E+000  0.11304659E+000  0.16097761E+000  0.77953462E+000
  0.63040575E+000  0.11304671E+000  0.16097766E+000  0.77953504E+000
  0.63040652E+000  0.11304682E+000  0.16097770E+000  0.77953544E+000
  0.63040725E+000  0.11304694E+000  0.16097775E+000  0.77953584E+000
  0.63040795E+000  0.11304705E+000  0.16097780E+000  0.77953622E+000
  0.63040861E+000  0.11304716E+000  0.16097785E+000  0.77953660E+000
  0.63040924E+000  0.11304727E+000  0.16097790E+000  0.77953696E+000
  0.63040984E+000  0.11304737E+000  0.16097795E+000  0.77953731E+000
  0.63041042E+000  0.11304748E+000  0.16097800E+000  0.77953765E+000
  0.63041096E+000  0.11304758E+000  0.16097806E+000  0.77953799E+000
  0.63041148E+000  0.11304767E+000  0.16097811E+000  0.77953831E+000
  0.63041197E+000  0.11304777E+000  0.16097816E+000  0.77953862E+000
  0.63041244E+000  0.11304786E+000  0.16097822E+000  0.77953892E+000
  0.63041288E+000  0.11304795E+000  0.16097827E+000  0.77953922E+000
  0.63041331E+000  0.11304804E+000  0.16097832E+000  0.77953950E+000
  0.63041371E+000  0.11304812E+000  0.16097837E+000  0.77953977E+000
  0.63041409E+000  0.11304820E+000  0.16097843E+000  0.77954004E+000
  0.63041445E+000  0.11304828E+000  0.16097848E+000  0.77954030E+000
  0.63041480E+000  0.11304836E+000  0.16097853E+000  0.77954054E+000
  0.63041513E+000  0.11304843E+000  0.16097858E+000  0.77954078E+000
  0.63041544E+000  0.11304850E+000  0.16097863E+000  0.77954101E+000
  0.63041573E+000  0.11304857E+000  0.16097868E+000  0.77954124E+000
  0.63041601E+000  0.11304864E+000  0.16097873E+000  0.77954145E+000
  0.63041628E+000  0.11304870E+000  0.16097878E+000  0.77954166E+000
  0.63041653E+000  0.11304876E+000  0.16097883E+000  0.77954186E+000
  0.63041677E+000  0.11304882E+000  0.16097888E+000  0.77954205E+000
  0.63041700E+000  0.11304888E+000  0.16097893E+000  0.77954223E+000
  0.63041721E+000  0.11304893E+000  0.16097897E+000  0.77954241E+000
  0.63041742E+000  0.11304899E+000  0.16097902E+000  0.77954258E+000
  0.63041761E+000  0.11304904E+000  0.16097906E+000  0.77954274E+000
  0.63041780E+000  0.11304908E+000  0.16097910E+000  0.77954290E+000
  0.63041797E+000  0.11304913E+000  0.16097915E+000  0.77954305E+000
  0.63041814E+000  0.11304918E+000  0.16097919E+000  0.77954319E+000
  0.63041830E+000  0.11304922E+000  0.16097923E+000  0.77954333E+000
  0.63041845E+000  0.11304926E+000  0.16097927E+000  0.77954346E+000
  0.63041859E+000  0.11304930E+000  0.16097930E+000  0.77954358E+000
  0.63041872E+000  0.11304934E+000  0.16097934E+000  0.77954370E+000
  0.63041885E+000  0.11304937E+000  0.16097938E+000  0.77954381E+000
  0.63041897E+000  0.11304941E+000  0.16097941E+000  0.77954392E+000
  0.63041909E+000  0.11304944E+000  0.16097945E+000  0.77954403E+000
  0.63041920E+000  0.11304947E+000  0.16097948E+000  0.77954412E+000
  0.63041930E+000  0.11304950E+000  0.16097951E+000  0.77954421E+000
  0.63041940E+000  0.11304953E+000  0.16097954E+000  0.77954430E+000
  0.63041949E+000  0.11304956E+000  0.16097957E+000  0.77954439E+000
  0.63041958E+000  0.11304959E+000  0.16097960E+000  0.77954446E+000
  0.63041967E+000  0.11304961E+000  0.16097963E+000  0.77954454E+000
  0.63041974E+000  0.11304964E+000  0.16097966E+000  0.77954461E+000
  0.63041982E+000  0.11304966E+000  0.16097968E+000  0.77954467E+000
  0.63041989E+000  0.11304968E+000  0.16097971E+000  0.77954473E+000
  0.63041996E+000  0.11304971E+000  0.16097973E+000  0.77954479E+000
  0.63042002E+000  0.11304973E+000  0.16097976E+000  0.77954484E+000
  0.63042008E+000  0.11304975E+000  0.16097978E+000  0.77954489E+000
  0.63042014E+000  0.11304976E+000  0.16097980E+000  0.77954494E+000
  0.63042019E+000  0.11304978E+000  0.16097982E+000  0.77954498E+000
  0.63042024E+000  0.11304980E+000  0.16097984E+000  0.77954502E+000
  0.63042029E+000  0.11304981E+000  0.16097986E+000  0.77954506E+000
  0.63042033E+000  0.11304983E+000  0.16097988E+000  0.77954508E+000
  0.63042036E+000  0.11304984E+000  0.16097990E+000  0.77954511E+000
