 -0.51982404E-001  0.47365254E-002  0.44192679E+000  0.12893155E+001
 -0.51515798E-001  0.49551193E-002  0.44349644E+000  0.12938203E+001
 -0.51243561E-001  0.50080092E-002  0.44429021E+000  0.12970066E+001
 -0.51081543E-001  0.50126370E-002  0.44475999E+000  0.12994435E+001
 -0.50990674E-001  0.49988481E-002  0.44505294E+000  0.13013067E+001
 -0.50948475E-001  0.49792395E-002  0.44523150E+000  0.13027024E+001
 -0.50940826E-001  0.49581409E-002  0.44532826E+000  0.13037144E+001
 -0.50957580E-001  0.49374730E-002  0.44536283E+000  0.13044118E+001
 -0.50991319E-001  0.49179307E-002  0.44534866E+000  0.13048519E+001
 -0.51036429E-001  0.48997397E-002  0.44529639E+000  0.13050834E+001
 -0.51088692E-001  0.48830231E-002  0.44521581E+000  0.13051451E+001
 -0.51144983E-001  0.48682059E-002  0.44511510E+000  0.13050679E+001
 -0.51202990E-001  0.48554090E-002  0.44500036E+000  0.13048774E+001
 -0.51261013E-001  0.48442474E-002  0.44487637E+000  0.13045948E+001
 -0.51317832E-001  0.48343718E-002  0.44474692E+000  0.13042377E+001
 -0.51372601E-001  0.48257110E-002  0.44461484E+000  0.13038208E+001
 -0.51424746E-001  0.48179879E-002  0.44448242E+000  0.13033561E+001
 -0.51473901E-001  0.48109340E-002  0.44435151E+000  0.13028541E+001
 -0.51519858E-001  0.48044556E-002  0.44422335E+000  0.13023234E+001
 -0.51562529E-001  0.47984868E-002  0.44409883E+000  0.13017713E+001
 -0.51601918E-001  0.47929765E-002  0.44397848E+000  0.13012039E+001
 -0.51638088E-001  0.47878893E-002  0.44386264E+000  0.13006267E+001
 -0.51671151E-001  0.47831961E-002  0.44375144E+000  0.13000443E+001
 -0.51701247E-001  0.47788746E-002  0.44364486E+000  0.12994608E+001
 -0.51728537E-001  0.47749048E-002  0.44354278E+000  0.12988798E+001
 -0.51753196E-001  0.47712678E-002  0.44344500E+000  0.12983045E+001
 -0.51775403E-001  0.47679502E-002  0.44335126E+000  0.12977377E+001
 -0.51795341E-001  0.47649292E-002  0.44326124E+000  0.12971818E+001
 -0.51813189E-001  0.47621855E-002  0.44317466E+000  0.12966392E+001
 -0.51829125E-001  0.47596986E-002  0.44309119E+000  0.12961118E+001
 -0.51843322E-001  0.47574475E-002  0.44301053E+000  0.12956014E+001
 -0.51855945E-001  0.47554104E-002  0.44293240E+000  0.12951096E+001
 -0.51867151E-001  0.47535652E-002  0.44285658E+000  0.12946378E+001
 -0.51877087E-001  0.47518894E-002  0.44278288E+000  0.12941872E+001
 -0.51885893E-001  0.47503613E-002  0.44271119E+000  0.12937587E+001
 -0.51893697E-001  0.47489600E-002  0.44264144E+000  0.12933530E+001
 -0.51900616E-001  0.47476664E-002  0.44257364E+000  0.12929708E+001
 -0.51906760E-001  0.47464629E-002  0.44250785E+000  0.12926124E+001
 -0.51912223E-001  0.47453350E-002  0.44244419E+000  0.12922779E+001
 -0.51917093E-001  0.47442705E-002  0.44238283E+000  0.12919673E+001
 -0.51921449E-001  0.47432605E-002  0.44232397E+000  0.12916802E+001
 -0.51925355E-001  0.47422990E-002  0.44226785E+000  0.12914162E+001
 -0.51928872E-001  0.47413830E-002  0.44221468E+000  0.12911746E+001
 -0.51932050E-001  0.47405118E-002  0.44216470E+000  0.12909547E+001
 -0.51934931E-001  0.47396871E-002  0.44211811E+000  0.12907554E+001
 -0.51937550E-001  0.47389122E-002  0.44207506E+000  0.12905757E+001
 -0.51939940E-001  0.47381900E-002  0.44203566E+000  0.12904145E+001
 -0.51942124E-001  0.47375250E-002  0.44199997E+000  0.12902704E+001
 -0.51944123E-001  0.47369205E-002  0.44196798E+000  0.12901423E+001
 -0.51945955E-001  0.47363789E-002  0.44193961E+000  0.12900287E+001
 -0.51947636E-001  0.47359010E-002  0.44191473E+000  0.12899285E+001
 -0.51949178E-001  0.47354866E-002  0.44189315E+000  0.12898403E+001
 -0.51950592E-001  0.47351338E-002  0.44187465E+000  0.12897629E+001
 -0.51951889E-001  0.47348391E-002  0.44185898E+000  0.12896951E+001
 -0.51953080E-001  0.47345982E-002  0.44184584E+000  0.12896358E+001
 -0.51954173E-001  0.47344056E-002  0.44183496E+000  0.12895840E+001
 -0.51955177E-001  0.47342563E-002  0.44182605E+000  0.12895388E+001
 -0.51956103E-001  0.47341439E-002  0.44181884E+000  0.12894993E+001
 -0.51956956E-001  0.47340633E-002  0.44181308E+000  0.12894647E+001
 -0.51957747E-001  0.47340087E-002  0.44180854E+000  0.12894344E+001
 -0.51958483E-001  0.47339760E-002  0.44180501E+000  0.12894077E+001
 -0.51959169E-001  0.47339607E-002  0.44180233E+000  0.12893841E+001
 -0.51959814E-001  0.47339595E-002  0.44180034E+000  0.12893633E+001
 -0.51960423E-001  0.47339694E-002  0.44179892E+000  0.12893448E+001
 -0.51961000E-001  0.47339883E-002  0.44179798E+000  0.12893282E+001
 -0.51961550E-001  0.47340142E-002  0.44179742E+000  0.12893134E+001
 -0.51962076E-001  0.47340457E-002  0.44179719E+000  0.12893002E+001
 -0.51962582E-001  0.47340816E-002  0.44179723E+000  0.12892882E+001
 -0.51963070E-001  0.47341213E-002  0.44179750E+000  0.12892775E+001
 -0.51963543E-001  0.47341640E-002  0.44179798E+000  0.12892678E+001
 -0.51964002E-001  0.47342094E-002  0.44179864E+000  0.12892591E+001
 -0.51964449E-001  0.47342571E-002  0.44179946E+000  0.12892513E+001
 -0.51964885E-001  0.47343067E-002  0.44180043E+000  0.12892443E+001
 -0.51965310E-001  0.47343582E-002  0.44180153E+000  0.12892380E+001
 -0.51965727E-001  0.47344114E-002  0.44180275E+000  0.12892325E+001
 -0.51966136E-001  0.47344662E-002  0.44180409E+000  0.12892277E+001
 -0.51966537E-001  0.47345223E-002  0.44180554E+000  0.12892234E+001
 -0.51966931E-001  0.47345798E-002  0.44180709E+000  0.12892198E+001
 -0.51967319E-001  0.47346385E-002  0.44180874E+000  0.12892167E+001
 -0.51967701E-001  0.47346981E-002  0.44181048E+000  0.12892142E+001
 -0.51968077E-001  0.47347587E-002  0.44181230E+000  0.12892122E+001
 -0.51968447E-001  0.47348201E-002  0.44181419E+000  0.12892106E+001
 -0.51968813E-001  0.47348821E-002  0.44181616E+000  0.12892094E+001
 -0.51969173E-001  0.47349445E-002  0.44181820E+000  0.12892087E+001
 -0.51969529E-001  0.47350072E-002  0.44182030E+000  0.12892083E+001
 -0.51969881E-001  0.47350699E-002  0.44182245E+000  0.12892082E+001
 -0.51970228E-001  0.47351325E-002  0.44182465E+000  0.12892085E+001
 -0.51970571E-001  0.47351948E-002  0.44182690E+000  0.12892090E+001
 -0.51970909E-001  0.47352566E-002  0.44182918E+000  0.12892097E+001
 -0.51971243E-001  0.47353178E-002  0.44183150E+000  0.12892107E+001
 -0.51971573E-001  0.47353781E-002  0.44183385E+000  0.12892119E+001
 -0.51971899E-001  0.47354375E-002  0.44183621E+000  0.12892132E+001
 -0.51972220E-001  0.47354956E-002  0.44183859E+000  0.12892146E+001
 -0.51972537E-001  0.47355526E-002  0.44184099E+000  0.12892162E+001
 -0.51972849E-001  0.47356080E-002  0.44184339E+000  0.12892179E+001
 -0.51973157E-001  0.47356620E-002  0.44184579E+000  0.12892197E+001
 -0.51973460E-001  0.47357144E-002  0.44184818E+000  0.12892215E+001
 -0.51973759E-001  0.47357650E-002  0.44185057E+000  0.12892234E+001
 -0.51974052E-001  0.47358139E-002  0.44185295E+000  0.12892253E+001
 -0.51974341E-001  0.47358609E-002  0.44185531E+000  0.12892273E+001
 -0.51974624E-001  0.47359061E-002  0.44185765E+000  0.12892292E+001
 -0.51974902E-001  0.47359493E-002  0.44185996E+000  0.12892312E+001
 -0.51975175E-001  0.47359907E-002  0.44186225E+000  0.12892332E+001
 -0.51975443E-001  0.47360301E-002  0.44186451E+000  0.12892351E+001
 -0.51975704E-001  0.47360676E-002  0.44186673E+000  0.12892371E+001
 -0.51975960E-001  0.47361031E-002  0.44186892E+000  0.12892390E+001
 -0.51976210E-001  0.47361368E-002  0.44187107E+000  0.12892409E+001
 -0.51976454E-001  0.47361687E-002  0.44187318E+000  0.12892428E+001
 -0.51976692E-001  0.47361987E-002  0.44187525E+000  0.12892447E+001
 -0.51976925E-001  0.47362270E-002  0.44187727E+000  0.12892465E+001
 -0.51977150E-001  0.47362535E-002  0.44187925E+000  0.12892483E+001
 -0.51977370E-001  0.47362784E-002  0.44188117E+000  0.12892501E+001
 -0.51977584E-001  0.47363017E-002  0.44188306E+000  0.12892519E+001
 -0.51977791E-001  0.47363234E-002  0.44188489E+000  0.12892536E+001
 -0.51977992E-001  0.47363436E-002  0.44188667E+000  0.12892553E+001
 -0.51978187E-001  0.47363624E-002  0.44188840E+000  0.12892569E+001
 -0.51978375E-001  0.47363799E-002  0.44189008E+000  0.12892586E+001
 -0.51978557E-001  0.47363961E-002  0.44189171E+000  0.12892602E+001
 -0.51978733E-001  0.47364110E-002  0.44189328E+000  0.12892617E+001
 -0.51978903E-001  0.47364248E-002  0.44189481E+000  0.12892633E+001
 -0.51979067E-001  0.47364375E-002  0.44189628E+000  0.12892648E+001
 -0.51979225E-001  0.47364491E-002  0.44189771E+000  0.12892663E+001
 -0.51979377E-001  0.47364598E-002  0.44189908E+000  0.12892678E+001
 -0.51979523E-001  0.47364696E-002  0.44190040E+000  0.12892692E+001
 -0.51979664E-001  0.47364786E-002  0.44190168E+000  0.12892706E+001
 -0.51979798E-001  0.47364867E-002  0.44190290E+000  0.12892720E+001
 -0.51979928E-001  0.47364941E-002  0.44190408E+000  0.12892733E+001
 -0.51980052E-001  0.47365009E-002  0.44190521E+000  0.12892747E+001
 -0.51980171E-001  0.47365069E-002  0.44190629E+000  0.12892760E+001
 -0.51980285E-001  0.47365124E-002  0.44190733E+000  0.12892772E+001
 -0.51980394E-001  0.47365174E-002  0.44190833E+000  0.12892785E+001
 -0.51980498E-001  0.47365218E-002  0.44190928E+000  0.12892797E+001
 -0.51980597E-001  0.47365258E-002  0.44191019E+000  0.12892809E+001
 -0.51980693E-001  0.47365293E-002  0.44191106E+000  0.12892820E+001
 -0.51980783E-001  0.47365325E-002  0.44191189E+000  0.12892832E+001
 -0.51980870E-001  0.47365352E-002  0.44191269E+000  0.12892843E+001
 -0.51980952E-001  0.47365377E-002  0.44191344E+000  0.12892854E+001
 -0.51981031E-001  0.47365398E-002  0.44191416E+000  0.12892865E+001
 -0.51981106E-001  0.47365417E-002  0.44191485E+000  0.12892875E+001
 -0.51981177E-001  0.47365433E-002  0.44191550E+000  0.12892885E+001
 -0.51981245E-001  0.47365446E-002  0.44191612E+000  0.12892895E+001
 -0.51981309E-001  0.47365458E-002  0.44191672E+000  0.12892904E+001
 -0.51981370E-001  0.47365468E-002  0.44191728E+000  0.12892914E+001
 -0.51981428E-001  0.47365475E-002  0.44191781E+000  0.12892923E+001
 -0.51981484E-001  0.47365482E-002  0.44191831E+000  0.12892932E+001
 -0.51981536E-001  0.47365487E-002  0.44191879E+000  0.12892940E+001
 -0.51981586E-001  0.47365490E-002  0.44191925E+000  0.12892949E+001
 -0.51981633E-001  0.47365492E-002  0.44191968E+000  0.12892957E+001
 -0.51981678E-001  0.47365494E-002  0.44192009E+000  0.12892965E+001
 -0.51981720E-001  0.47365494E-002  0.44192048E+000  0.12892972E+001
 -0.51981760E-001  0.47365494E-002  0.44192084E+000  0.12892980E+001
 -0.51981798E-001  0.47365492E-002  0.44192119E+000  0.12892987E+001
 -0.51981834E-001  0.47365491E-002  0.44192151E+000  0.12892994E+001
 -0.51981869E-001  0.47365488E-002  0.44192182E+000  0.12893001E+001
 -0.51981901E-001  0.47365485E-002  0.44192212E+000  0.12893007E+001
 -0.51981931E-001  0.47365482E-002  0.44192239E+000  0.12893014E+001
 -0.51981960E-001  0.47365478E-002  0.44192265E+000  0.12893020E+001
 -0.51981987E-001  0.47365474E-002  0.44192290E+000  0.12893026E+001
 -0.51982013E-001  0.47365469E-002  0.44192313E+000  0.12893032E+001
 -0.51982037E-001  0.47365465E-002  0.44192335E+000  0.12893037E+001
 -0.51982060E-001  0.47365460E-002  0.44192356E+000  0.12893042E+001
 -0.51982082E-001  0.47365455E-002  0.44192375E+000  0.12893048E+001
 -0.51982102E-001  0.47365450E-002  0.44192394E+000  0.12893053E+001
 -0.51982122E-001  0.47365444E-002  0.44192411E+000  0.12893057E+001
 -0.51982140E-001  0.47365439E-002  0.44192428E+000  0.12893062E+001
 -0.51982157E-001  0.47365434E-002  0.44192443E+000  0.12893067E+001
 -0.51982173E-001  0.47365428E-002  0.44192457E+000  0.12893071E+001
 -0.51982188E-001  0.47365423E-002  0.44192471E+000  0.12893075E+001
 -0.51982202E-001  0.47365417E-002  0.44192484E+000  0.12893079E+001
 -0.51982216E-001  0.47365412E-002  0.44192496E+000  0.12893083E+001
 -0.51982228E-001  0.47365407E-002  0.44192507E+000  0.12893087E+001
 -0.51982240E-001  0.47365402E-002  0.44192518E+000  0.12893090E+001
 -0.51982251E-001  0.47365396E-002  0.44192528E+000  0.12893094E+001
 -0.51982262E-001  0.47365391E-002  0.44192538E+000  0.12893097E+001
 -0.51982271E-001  0.47365386E-002  0.44192547E+000  0.12893100E+001
 -0.51982280E-001  0.47365381E-002  0.44192555E+000  0.12893103E+001
 -0.51982289E-001  0.47365376E-002  0.44192563E+000  0.12893106E+001
 -0.51982297E-001  0.47365372E-002  0.44192570E+000  0.12893109E+001
 -0.51982305E-001  0.47365367E-002  0.44192577E+000  0.12893112E+001
 -0.51982312E-001  0.47365363E-002  0.44192584E+000  0.12893114E+001
 -0.51982318E-001  0.47365358E-002  0.44192590E+000  0.12893117E+001
 -0.51982324E-001  0.47365354E-002  0.44192596E+000  0.12893119E+001
 -0.51982330E-001  0.47365350E-002  0.44192601E+000  0.12893121E+001
 -0.51982335E-001  0.47365346E-002  0.44192606E+000  0.12893123E+001
 -0.51982340E-001  0.47365342E-002  0.44192611E+000  0.12893125E+001
 -0.51982345E-001  0.47365338E-002  0.44192615E+000  0.12893127E+001
 -0.51982349E-001  0.47365334E-002  0.44192619E+000  0.12893129E+001
 -0.51982353E-001  0.47365331E-002  0.44192623E+000  0.12893131E+001
 -0.51982357E-001  0.47365327E-002  0.44192627E+000  0.12893133E+001
 -0.51982360E-001  0.47365324E-002  0.44192630E+000  0.12893134E+001
 -0.51982363E-001  0.47365321E-002  0.44192634E+000  0.12893136E+001
 -0.51982366E-001  0.47365318E-002  0.44192637E+000  0.12893137E+001
 -0.51982369E-001  0.47365315E-002  0.44192639E+000  0.12893139E+001
 -0.51982372E-001  0.47365312E-002  0.44192642E+000  0.12893140E+001
 -0.51982374E-001  0.47365309E-002  0.44192645E+000  0.12893141E+001
 -0.51982376E-001  0.47365307E-002  0.44192647E+000  0.12893142E+001
 -0.51982378E-001  0.47365305E-002  0.44192649E+000  0.12893143E+001
 -0.51982380E-001  0.47365302E-002  0.44192651E+000  0.12893144E+001
 -0.51982383E-001  0.47365298E-002  0.44192652E+000  0.12893145E+001
 -0.51982384E-001  0.47365297E-002  0.44192654E+000  0.12893146E+001
