 -0.16986735E-001
 -0.16836001E-001
 -0.16750407E-001
 -0.16700325E-001
 -0.16672817E-001
 -0.16660600E-001
 -0.16659129E-001
 -0.16665182E-001
 -0.16676445E-001
 -0.16691175E-001
 -0.16708064E-001
 -0.16726129E-001
 -0.16744644E-001
 -0.16763090E-001
 -0.16781098E-001
 -0.16798411E-001
 -0.16814859E-001
 -0.16830332E-001
 -0.16844773E-001
 -0.16858159E-001
 -0.16870496E-001
 -0.16881810E-001
 -0.16892138E-001
 -0.16901530E-001
 -0.16910036E-001
 -0.16917715E-001
 -0.16924624E-001
 -0.16930822E-001
 -0.16936366E-001
 -0.16941313E-001
 -0.16945718E-001
 -0.16949633E-001
 -0.16953107E-001
 -0.16956187E-001
 -0.16958917E-001
 -0.16961337E-001
 -0.16963483E-001
 -0.16965389E-001
 -0.16967086E-001
 -0.16968599E-001
 -0.16969954E-001
 -0.16971171E-001
 -0.16972267E-001
 -0.16973259E-001
 -0.16974160E-001
 -0.16974979E-001
 -0.16975727E-001
 -0.16976411E-001
 -0.16977037E-001
 -0.16977610E-001
 -0.16978134E-001
 -0.16978613E-001
 -0.16979050E-001
 -0.16979449E-001
 -0.16979810E-001
 -0.16980139E-001
 -0.16980436E-001
 -0.16980705E-001
 -0.16980948E-001
 -0.16981169E-001
 -0.16981369E-001
 -0.16981552E-001
 -0.16981718E-001
 -0.16981872E-001
 -0.16982013E-001
 -0.16982145E-001
 -0.16982269E-001
 -0.16982385E-001
 -0.16982495E-001
 -0.16982600E-001
 -0.16982700E-001
 -0.16982796E-001
 -0.16982888E-001
 -0.16982978E-001
 -0.16983065E-001
 -0.16983149E-001
 -0.16983230E-001
 -0.16983310E-001
 -0.16983388E-001
 -0.16983464E-001
 -0.16983538E-001
 -0.16983610E-001
 -0.16983681E-001
 -0.16983751E-001
 -0.16983819E-001
 -0.16983886E-001
 -0.16983952E-001
 -0.16984017E-001
 -0.16984080E-001
 -0.16984143E-001
 -0.16984204E-001
 -0.16984265E-001
 -0.16984325E-001
 -0.16984384E-001
 -0.16984442E-001
 -0.16984499E-001
 -0.16984556E-001
 -0.16984612E-001
 -0.16984667E-001
 -0.16984722E-001
 -0.16984776E-001
 -0.16984829E-001
 -0.16984882E-001
 -0.16984934E-001
 -0.16984985E-001
 -0.16985035E-001
 -0.16985085E-001
 -0.16985134E-001
 -0.16985182E-001
 -0.16985230E-001
 -0.16985277E-001
 -0.16985323E-001
 -0.16985368E-001
 -0.16985412E-001
 -0.16985456E-001
 -0.16985499E-001
 -0.16985541E-001
 -0.16985582E-001
 -0.16985622E-001
 -0.16985661E-001
 -0.16985699E-001
 -0.16985737E-001
 -0.16985773E-001
 -0.16985809E-001
 -0.16985844E-001
 -0.16985878E-001
 -0.16985910E-001
 -0.16985942E-001
 -0.16985974E-001
 -0.16986004E-001
 -0.16986033E-001
 -0.16986061E-001
 -0.16986089E-001
 -0.16986116E-001
 -0.16986141E-001
 -0.16986166E-001
 -0.16986190E-001
 -0.16986214E-001
 -0.16986236E-001
 -0.16986258E-001
 -0.16986279E-001
 -0.16986299E-001
 -0.16986318E-001
 -0.16986337E-001
 -0.16986355E-001
 -0.16986372E-001
 -0.16986389E-001
 -0.16986405E-001
 -0.16986421E-001
 -0.16986435E-001
 -0.16986449E-001
 -0.16986463E-001
 -0.16986476E-001
 -0.16986489E-001
 -0.16986500E-001
 -0.16986512E-001
 -0.16986523E-001
 -0.16986533E-001
 -0.16986543E-001
 -0.16986553E-001
 -0.16986562E-001
 -0.16986571E-001
 -0.16986579E-001
 -0.16986587E-001
 -0.16986595E-001
 -0.16986602E-001
 -0.16986609E-001
 -0.16986616E-001
 -0.16986622E-001
 -0.16986628E-001
 -0.16986633E-001
 -0.16986639E-001
 -0.16986644E-001
 -0.16986649E-001
 -0.16986653E-001
 -0.16986658E-001
 -0.16986662E-001
 -0.16986666E-001
 -0.16986670E-001
 -0.16986673E-001
 -0.16986677E-001
 -0.16986680E-001
 -0.16986683E-001
 -0.16986686E-001
 -0.16986689E-001
 -0.16986691E-001
 -0.16986694E-001
 -0.16986696E-001
 -0.16986698E-001
 -0.16986700E-001
 -0.16986702E-001
 -0.16986704E-001
 -0.16986706E-001
 -0.16986707E-001
 -0.16986709E-001
 -0.16986710E-001
 -0.16986712E-001
 -0.16986713E-001
 -0.16986715E-001
 -0.16986716E-001
