  0.43798579E+000
  0.43952497E+000
  0.44051569E+000
  0.44123394E+000
  0.44176474E+000
  0.44215172E+000
  0.44242409E+000
  0.44260378E+000
  0.44270820E+000
  0.44275191E+000
  0.44274684E+000
  0.44270265E+000
  0.44262715E+000
  0.44252664E+000
  0.44240635E+000
  0.44227055E+000
  0.44212277E+000
  0.44196596E+000
  0.44180258E+000
  0.44163464E+000
  0.44146382E+000
  0.44129155E+000
  0.44111904E+000
  0.44094731E+000
  0.44077724E+000
  0.44060957E+000
  0.44044496E+000
  0.44028395E+000
  0.44012704E+000
  0.43997466E+000
  0.43982719E+000
  0.43968497E+000
  0.43954828E+000
  0.43941737E+000
  0.43929246E+000
  0.43917373E+000
  0.43906132E+000
  0.43895534E+000
  0.43885585E+000
  0.43876288E+000
  0.43867641E+000
  0.43859638E+000
  0.43852268E+000
  0.43845518E+000
  0.43839369E+000
  0.43833798E+000
  0.43828779E+000
  0.43824283E+000
  0.43820276E+000
  0.43816726E+000
  0.43813597E+000
  0.43810851E+000
  0.43808453E+000
  0.43806366E+000
  0.43804557E+000
  0.43802991E+000
  0.43801638E+000
  0.43800471E+000
  0.43799463E+000
  0.43798592E+000
  0.43797838E+000
  0.43797183E+000
  0.43796612E+000
  0.43796114E+000
  0.43795677E+000
  0.43795294E+000
  0.43794956E+000
  0.43794659E+000
  0.43794397E+000
  0.43794166E+000
  0.43793965E+000
  0.43793789E+000
  0.43793638E+000
  0.43793509E+000
  0.43793401E+000
  0.43793313E+000
  0.43793243E+000
  0.43793191E+000
  0.43793155E+000
  0.43793134E+000
  0.43793128E+000
  0.43793136E+000
  0.43793156E+000
  0.43793187E+000
  0.43793229E+000
  0.43793281E+000
  0.43793341E+000
  0.43793410E+000
  0.43793485E+000
  0.43793567E+000
  0.43793654E+000
  0.43793746E+000
  0.43793841E+000
  0.43793940E+000
  0.43794042E+000
  0.43794145E+000
  0.43794250E+000
  0.43794356E+000
  0.43794463E+000
  0.43794570E+000
  0.43794677E+000
  0.43794784E+000
  0.43794890E+000
  0.43794995E+000
  0.43795099E+000
  0.43795201E+000
  0.43795302E+000
  0.43795402E+000
  0.43795500E+000
  0.43795596E+000
  0.43795690E+000
  0.43795783E+000
  0.43795873E+000
  0.43795962E+000
  0.43796049E+000
  0.43796133E+000
  0.43796216E+000
  0.43796297E+000
  0.43796376E+000
  0.43796453E+000
  0.43796527E+000
  0.43796600E+000
  0.43796671E+000
  0.43796740E+000
  0.43796808E+000
  0.43796873E+000
  0.43796936E+000
  0.43796998E+000
  0.43797058E+000
  0.43797116E+000
  0.43797172E+000
  0.43797227E+000
  0.43797280E+000
  0.43797331E+000
  0.43797381E+000
  0.43797429E+000
  0.43797476E+000
  0.43797521E+000
  0.43797564E+000
  0.43797606E+000
  0.43797647E+000
  0.43797686E+000
  0.43797724E+000
  0.43797760E+000
  0.43797795E+000
  0.43797829E+000
  0.43797862E+000
  0.43797894E+000
  0.43797924E+000
  0.43797953E+000
  0.43797981E+000
  0.43798008E+000
  0.43798034E+000
  0.43798060E+000
  0.43798084E+000
  0.43798107E+000
  0.43798129E+000
  0.43798150E+000
  0.43798171E+000
  0.43798191E+000
  0.43798210E+000
  0.43798228E+000
  0.43798245E+000
  0.43798262E+000
  0.43798278E+000
  0.43798293E+000
  0.43798308E+000
  0.43798322E+000
  0.43798336E+000
  0.43798348E+000
  0.43798361E+000
  0.43798373E+000
  0.43798384E+000
  0.43798395E+000
  0.43798405E+000
  0.43798415E+000
  0.43798425E+000
  0.43798434E+000
  0.43798442E+000
  0.43798450E+000
  0.43798458E+000
  0.43798466E+000
  0.43798473E+000
  0.43798480E+000
  0.43798486E+000
  0.43798492E+000
  0.43798498E+000
  0.43798503E+000
  0.43798509E+000
  0.43798514E+000
  0.43798518E+000
  0.43798523E+000
  0.43798527E+000
  0.43798531E+000
  0.43798535E+000
  0.43798538E+000
  0.43798541E+000
  0.43798544E+000
  0.43798547E+000
  0.43798549E+000
