  0.12994979E+001
  0.12987788E+001
  0.12978443E+001
  0.12970859E+001
  0.12964706E+001
  0.12959588E+001
  0.12955275E+001
  0.12951600E+001
  0.12948456E+001
  0.12945755E+001
  0.12943423E+001
  0.12941398E+001
  0.12939638E+001
  0.12938105E+001
  0.12936762E+001
  0.12935586E+001
  0.12934552E+001
  0.12933641E+001
  0.12932836E+001
  0.12932123E+001
  0.12931489E+001
  0.12930924E+001
  0.12930418E+001
  0.12929965E+001
  0.12929558E+001
  0.12929190E+001
  0.12928856E+001
  0.12928554E+001
  0.12928278E+001
  0.12928025E+001
  0.12927792E+001
  0.12927577E+001
  0.12927378E+001
  0.12927192E+001
  0.12927018E+001
  0.12926855E+001
  0.12926702E+001
  0.12926557E+001
  0.12926421E+001
  0.12926291E+001
  0.12926169E+001
  0.12926053E+001
  0.12925943E+001
  0.12925839E+001
  0.12925740E+001
  0.12925648E+001
  0.12925560E+001
  0.12925478E+001
  0.12925402E+001
  0.12925330E+001
  0.12925263E+001
  0.12925201E+001
  0.12925143E+001
  0.12925090E+001
  0.12925040E+001
  0.12924995E+001
  0.12924952E+001
  0.12924913E+001
  0.12924877E+001
  0.12924843E+001
  0.12924812E+001
  0.12924784E+001
  0.12924757E+001
  0.12924732E+001
  0.12924709E+001
  0.12924687E+001
  0.12924667E+001
  0.12924648E+001
  0.12924631E+001
  0.12924614E+001
  0.12924599E+001
  0.12924585E+001
  0.12924572E+001
  0.12924560E+001
  0.12924548E+001
  0.12924538E+001
  0.12924528E+001
  0.12924518E+001
  0.12924510E+001
  0.12924502E+001
  0.12924494E+001
  0.12924487E+001
  0.12924480E+001
  0.12924474E+001
  0.12924468E+001
  0.12924462E+001
  0.12924456E+001
  0.12924451E+001
  0.12924446E+001
  0.12924441E+001
  0.12924436E+001
  0.12924431E+001
  0.12924426E+001
  0.12924422E+001
  0.12924417E+001
  0.12924413E+001
  0.12924408E+001
  0.12924403E+001
  0.12924399E+001
  0.12924394E+001
  0.12924390E+001
  0.12924385E+001
  0.12924381E+001
  0.12924376E+001
  0.12924371E+001
  0.12924367E+001
  0.12924362E+001
  0.12924358E+001
  0.12924353E+001
  0.12924348E+001
  0.12924344E+001
  0.12924339E+001
  0.12924335E+001
  0.12924330E+001
  0.12924326E+001
  0.12924321E+001
  0.12924316E+001
  0.12924312E+001
  0.12924307E+001
  0.12924303E+001
  0.12924299E+001
  0.12924294E+001
  0.12924290E+001
  0.12924285E+001
  0.12924281E+001
  0.12924276E+001
  0.12924272E+001
  0.12924267E+001
  0.12924262E+001
  0.12924258E+001
  0.12924253E+001
  0.12924248E+001
  0.12924244E+001
  0.12924239E+001
  0.12924234E+001
  0.12924229E+001
  0.12924224E+001
  0.12924218E+001
  0.12924213E+001
  0.12924208E+001
  0.12924202E+001
  0.12924196E+001
  0.12924190E+001
  0.12924184E+001
  0.12924178E+001
  0.12924172E+001
  0.12924165E+001
  0.12924158E+001
  0.12924151E+001
  0.12924144E+001
  0.12924137E+001
  0.12924129E+001
  0.12924122E+001
  0.12924114E+001
  0.12924106E+001
  0.12924097E+001
  0.12924089E+001
  0.12924080E+001
  0.12924071E+001
  0.12924062E+001
  0.12924053E+001
  0.12924043E+001
  0.12924034E+001
  0.12924024E+001
  0.12924014E+001
  0.12924003E+001
  0.12923993E+001
  0.12923982E+001
  0.12923972E+001
  0.12923961E+001
  0.12923950E+001
  0.12923939E+001
  0.12923927E+001
  0.12923916E+001
  0.12923904E+001
  0.12923893E+001
  0.12923881E+001
  0.12923869E+001
  0.12923857E+001
  0.12923845E+001
  0.12923833E+001
  0.12923822E+001
  0.12923810E+001
  0.12923797E+001
  0.12923785E+001
  0.12923773E+001
  0.12923761E+001
  0.12923749E+001
  0.12923738E+001
  0.12923726E+001
  0.12923714E+001
  0.12923702E+001
  0.12923690E+001
  0.12923679E+001
  0.12923667E+001
  0.12923656E+001
  0.12923644E+001
  0.12923633E+001
  0.12923622E+001
  0.12923611E+001
