  0.30623168E+001
  0.27182735E+001
  0.27594587E+001
  0.28157630E+001
  0.28600189E+001
  0.28943121E+001
  0.29205966E+001
  0.29413048E+001
  0.29575112E+001
  0.29704616E+001
  0.29810646E+001
  0.29902566E+001
  0.29981087E+001
  0.30047150E+001
  0.30103752E+001
  0.30151184E+001
  0.30191330E+001
  0.30225567E+001
  0.30254897E+001
  0.30280028E+001
  0.30301689E+001
  0.30320340E+001
  0.30336463E+001
  0.30350372E+001
  0.30362385E+001
  0.30372798E+001
  0.30381778E+001
  0.30389548E+001
  0.30396243E+001
  0.30402031E+001
  0.30407033E+001
  0.30411364E+001
  0.30415107E+001
  0.30418356E+001
  0.30421175E+001
  0.30423635E+001
  0.30425780E+001
  0.30427675E+001
  0.30429344E+001
  0.30430830E+001
  0.30432167E+001
  0.30433369E+001
  0.30434463E+001
  0.30435464E+001
  0.30436384E+001
  0.30437222E+001
  0.30438009E+001
  0.30438730E+001
  0.30439395E+001
  0.30440004E+001
  0.30440568E+001
  0.30441080E+001
  0.30441545E+001
  0.30441965E+001
  0.30442344E+001
  0.30442689E+001
  0.30442990E+001
  0.30443271E+001
  0.30443517E+001
  0.30443749E+001
  0.30443960E+001
  0.30444158E+001
  0.30444350E+001
  0.30444535E+001
  0.30444717E+001
  0.30444899E+001
  0.30445082E+001
  0.30445268E+001
  0.30445457E+001
  0.30445651E+001
  0.30445848E+001
  0.30446049E+001
  0.30446254E+001
  0.30446463E+001
  0.30446674E+001
  0.30446888E+001
  0.30447103E+001
  0.30447320E+001
  0.30447536E+001
  0.30447752E+001
  0.30447968E+001
  0.30448182E+001
  0.30448394E+001
  0.30448604E+001
  0.30448811E+001
  0.30449015E+001
  0.30449216E+001
  0.30449413E+001
  0.30449606E+001
  0.30449795E+001
  0.30449980E+001
  0.30450161E+001
  0.30450338E+001
  0.30450511E+001
  0.30450680E+001
  0.30450845E+001
  0.30451005E+001
  0.30451162E+001
  0.30451315E+001
  0.30451464E+001
  0.30451609E+001
  0.30451750E+001
  0.30451888E+001
  0.30452023E+001
  0.30452153E+001
  0.30452281E+001
  0.30452405E+001
  0.30452526E+001
  0.30452644E+001
  0.30452758E+001
  0.30452870E+001
  0.30452978E+001
  0.30453084E+001
  0.30453186E+001
  0.30453286E+001
  0.30453382E+001
  0.30453476E+001
  0.30453567E+001
  0.30453655E+001
  0.30453740E+001
  0.30453822E+001
  0.30453902E+001
  0.30453979E+001
  0.30454053E+001
  0.30454125E+001
  0.30454194E+001
  0.30454260E+001
  0.30454324E+001
  0.30454386E+001
  0.30454444E+001
  0.30454501E+001
  0.30454554E+001
  0.30454606E+001
  0.30454655E+001
  0.30454701E+001
  0.30454745E+001
  0.30454787E+001
  0.30454827E+001
  0.30454864E+001
  0.30454900E+001
  0.30454933E+001
  0.30454964E+001
  0.30454992E+001
  0.30455019E+001
  0.30455044E+001
  0.30455066E+001
  0.30455087E+001
  0.30455106E+001
  0.30455122E+001
  0.30455137E+001
  0.30455151E+001
  0.30455162E+001
  0.30455171E+001
  0.30455179E+001
  0.30455185E+001
  0.30455190E+001
  0.30455193E+001
  0.30455194E+001
  0.30455194E+001
  0.30455192E+001
  0.30455189E+001
  0.30455184E+001
  0.30455179E+001
  0.30455171E+001
  0.30455163E+001
  0.30455153E+001
  0.30455142E+001
  0.30455130E+001
  0.30455117E+001
  0.30455103E+001
  0.30455088E+001
  0.30455072E+001
  0.30455055E+001
  0.30455037E+001
  0.30455018E+001
  0.30454999E+001
  0.30454979E+001
  0.30454958E+001
  0.30454937E+001
  0.30454915E+001
  0.30454893E+001
  0.30454870E+001
  0.30454846E+001
  0.30454823E+001
  0.30454798E+001
  0.30454774E+001
  0.30454749E+001
  0.30454724E+001
  0.30454699E+001
  0.30454674E+001
  0.30454649E+001
  0.30454623E+001
  0.30454598E+001
  0.30454572E+001
  0.30454547E+001
  0.30454521E+001
  0.30454496E+001
  0.30454471E+001
  0.30454448E+001
  0.30454420E+001
