  0.69819211E+000  0.90218345E+000  0.10096628E+001  0.25879536E+001
  0.69812026E+000  0.90003929E+000  0.10090493E+001  0.25879068E+001
  0.69784323E+000  0.89866159E+000  0.10078200E+001  0.25870526E+001
  0.69750397E+000  0.89767208E+000  0.10068989E+001  0.25862689E+001
  0.69723761E+000  0.89693931E+000  0.10061192E+001  0.25855865E+001
  0.69701925E+000  0.89629460E+000  0.10055224E+001  0.25849992E+001
  0.69683741E+000  0.89575561E+000  0.10050305E+001  0.25844870E+001
  0.69676364E+000  0.89521865E+000  0.10046133E+001  0.25840447E+001
  0.69662478E+000  0.89483633E+000  0.10042638E+001  0.25836580E+001
  0.69650795E+000  0.89450722E+000  0.10039648E+001  0.25833222E+001
  0.69665456E+000  0.89397645E+000  0.10037097E+001  0.25830287E+001
  0.69655435E+000  0.89374400E+000  0.10035513E+001  0.25827099E+001
  0.69646273E+000  0.89354621E+000  0.10034143E+001  0.25824323E+001
  0.69637652E+000  0.89346652E+000  0.10031904E+001  0.25822087E+001
  0.69629827E+000  0.89332304E+000  0.10030492E+001  0.25820346E+001
  0.69622531E+000  0.89320024E+000  0.10029445E+001  0.25818646E+001
  0.69615693E+000  0.89309538E+000  0.10028389E+001  0.25817300E+001
  0.69609260E+000  0.89300417E+000  0.10027625E+001  0.25815975E+001
  0.69603183E+000  0.89293025E+000  0.10026806E+001  0.25814922E+001
  0.69597423E+000  0.89286487E+000  0.10026117E+001  0.25813987E+001
  0.69591978E+000  0.89280877E+000  0.10025631E+001  0.25813042E+001
  0.69586753E+000  0.89276122E+000  0.10025112E+001  0.25812298E+001
  0.69581757E+000  0.89272074E+000  0.10024660E+001  0.25811633E+001
  0.69576970E+000  0.89268631E+000  0.10024268E+001  0.25811036E+001
  0.69572374E+000  0.89265708E+000  0.10023925E+001  0.25810500E+001
  0.69567954E+000  0.89263228E+000  0.10023627E+001  0.25810016E+001
  0.69563700E+000  0.89261127E+000  0.10023463E+001  0.25809483E+001
  0.69559600E+000  0.89259348E+000  0.10023235E+001  0.25809089E+001
  0.69555647E+000  0.89257840E+000  0.10023034E+001  0.25808731E+001
  0.69551834E+000  0.89256558E+000  0.10022857E+001  0.25808406E+001
  0.69548157E+000  0.89255464E+000  0.10022700E+001  0.25808109E+001
  0.69544614E+000  0.89254525E+000  0.10022560E+001  0.25807838E+001
  0.69541201E+000  0.89253711E+000  0.10022433E+001  0.25807589E+001
  0.69537919E+000  0.89252998E+000  0.10022319E+001  0.25807360E+001
  0.69534769E+000  0.89252362E+000  0.10022214E+001  0.25807149E+001
  0.69531752E+000  0.89251787E+000  0.10022117E+001  0.25806953E+001
  0.69528870E+000  0.89251255E+000  0.10022027E+001  0.25806772E+001
  0.69526124E+000  0.89250754E+000  0.10021942E+001  0.25806603E+001
  0.69523519E+000  0.89250274E+000  0.10021861E+001  0.25806445E+001
  0.69521055E+000  0.89249807E+000  0.10021784E+001  0.25806298E+001
  0.69518736E+000  0.89249346E+000  0.10021710E+001  0.25806160E+001
  0.69516562E+000  0.89248887E+000  0.10021639E+001  0.25806030E+001
  0.69514534E+000  0.89248427E+000  0.10021570E+001  0.25805908E+001
  0.69512652E+000  0.89247966E+000  0.10021503E+001  0.25805793E+001
  0.69510914E+000  0.89247503E+000  0.10021438E+001  0.25805685E+001
  0.69509317E+000  0.89247039E+000  0.10021375E+001  0.25805583E+001
  0.69507858E+000  0.89246576E+000  0.10021314E+001  0.25805488E+001
  0.69506531E+000  0.89246116E+000  0.10021254E+001  0.25805398E+001
  0.69505331E+000  0.89245674E+000  0.10021195E+001  0.25805314E+001
  0.69504249E+000  0.89245227E+000  0.10021139E+001  0.25805236E+001
  0.69503279E+000  0.89244790E+000  0.10021086E+001  0.25805163E+001
  0.69502410E+000  0.89244366E+000  0.10021034E+001  0.25805096E+001
  0.69501635E+000  0.89243956E+000  0.10020984E+001  0.25805033E+001
  0.69500945E+000  0.89243563E+000  0.10020936E+001  0.25804976E+001
  0.69500330E+000  0.89243186E+000  0.10020890E+001  0.25804923E+001
  0.69499782E+000  0.89242828E+000  0.10020846E+001  0.25804875E+001
  0.69499294E+000  0.89242487E+000  0.10020803E+001  0.25804831E+001
  0.69498857E+000  0.89242164E+000  0.10020762E+001  0.25804791E+001
  0.69498466E+000  0.89241859E+000  0.10020723E+001  0.25804756E+001
  0.69498114E+000  0.89241571E+000  0.10020685E+001  0.25804723E+001
  0.69497796E+000  0.89241300E+000  0.10020649E+001  0.25804694E+001
  0.69497509E+000  0.89241044E+000  0.10020614E+001  0.25804668E+001
  0.69497247E+000  0.89240804E+000  0.10020580E+001  0.25804645E+001
  0.69497009E+000  0.89240578E+000  0.10020548E+001  0.25804624E+001
  0.69496791E+000  0.89240367E+000  0.10020517E+001  0.25804605E+001
  0.69496592E+000  0.89240168E+000  0.10020486E+001  0.25804589E+001
  0.69496409E+000  0.89239982E+000  0.10020457E+001  0.25804575E+001
  0.69496241E+000  0.89239809E+000  0.10020429E+001  0.25804562E+001
  0.69496087E+000  0.89239647E+000  0.10020402E+001  0.25804551E+001
  0.69495946E+000  0.89239496E+000  0.10020375E+001  0.25804541E+001
  0.69495816E+000  0.89239356E+000  0.10020350E+001  0.25804533E+001
  0.69495697E+000  0.89239226E+000  0.10020325E+001  0.25804526E+001
  0.69495589E+000  0.89239106E+000  0.10020301E+001  0.25804520E+001
  0.69495490E+000  0.89238995E+000  0.10020278E+001  0.25804515E+001
  0.69495400E+000  0.89238893E+000  0.10020256E+001  0.25804511E+001
  0.69495318E+000  0.89238799E+000  0.10020234E+001  0.25804507E+001
  0.69495245E+000  0.89238713E+000  0.10020214E+001  0.25804505E+001
  0.69495178E+000  0.89238634E+000  0.10020193E+001  0.25804502E+001
  0.69495119E+000  0.89238563E+000  0.10020173E+001  0.25804501E+001
  0.69495066E+000  0.89238497E+000  0.10020154E+001  0.25804500E+001
  0.69495019E+000  0.89238437E+000  0.10020135E+001  0.25804499E+001
  0.69494977E+000  0.89238383E+000  0.10020117E+001  0.25804498E+001
  0.69494941E+000  0.89238334E+000  0.10020099E+001  0.25804498E+001
  0.69494909E+000  0.89238289E+000  0.10020081E+001  0.25804498E+001
  0.69494881E+000  0.89238248E+000  0.10020063E+001  0.25804498E+001
  0.69494856E+000  0.89238211E+000  0.10020046E+001  0.25804499E+001
  0.69494835E+000  0.89238177E+000  0.10020029E+001  0.25804499E+001
  0.69494817E+000  0.89238146E+000  0.10020011E+001  0.25804500E+001
  0.69494802E+000  0.89238117E+000  0.10019994E+001  0.25804501E+001
  0.69494788E+000  0.89238091E+000  0.10019978E+001  0.25804501E+001
  0.69494777E+000  0.89238067E+000  0.10019961E+001  0.25804502E+001
  0.69494767E+000  0.89238044E+000  0.10019944E+001  0.25804503E+001
  0.69494758E+000  0.89238023E+000  0.10019927E+001  0.25804504E+001
  0.69494751E+000  0.89238003E+000  0.10019910E+001  0.25804505E+001
  0.69494744E+000  0.89237984E+000  0.10019893E+001  0.25804506E+001
  0.69494738E+000  0.89237965E+000  0.10019876E+001  0.25804507E+001
  0.69494732E+000  0.89237947E+000  0.10019859E+001  0.25804508E+001
  0.69494727E+000  0.89237930E+000  0.10019842E+001  0.25804509E+001
  0.69494722E+000  0.89237913E+000  0.10019824E+001  0.25804511E+001
  0.69494716E+000  0.89237896E+000  0.10019807E+001  0.25804512E+001
  0.69494711E+000  0.89237879E+000  0.10019790E+001  0.25804513E+001
  0.69494706E+000  0.89237862E+000  0.10019773E+001  0.25804514E+001
  0.69494701E+000  0.89237845E+000  0.10019755E+001  0.25804515E+001
  0.69494695E+000  0.89237828E+000  0.10019738E+001  0.25804517E+001
  0.69494689E+000  0.89237811E+000  0.10019721E+001  0.25804518E+001
  0.69494683E+000  0.89237794E+000  0.10019703E+001  0.25804519E+001
  0.69494676E+000  0.89237777E+000  0.10019686E+001  0.25804520E+001
  0.69494669E+000  0.89237759E+000  0.10019669E+001  0.25804522E+001
  0.69494662E+000  0.89237741E+000  0.10019652E+001  0.25804523E+001
  0.69494654E+000  0.89237724E+000  0.10019635E+001  0.25804524E+001
  0.69494646E+000  0.89237706E+000  0.10019618E+001  0.25804525E+001
  0.69494638E+000  0.89237688E+000  0.10019601E+001  0.25804526E+001
  0.69494629E+000  0.89237669E+000  0.10019584E+001  0.25804527E+001
  0.69494620E+000  0.89237651E+000  0.10019568E+001  0.25804528E+001
  0.69494611E+000  0.89237633E+000  0.10019552E+001  0.25804529E+001
  0.69494602E+000  0.89237614E+000  0.10019535E+001  0.25804530E+001
  0.69494592E+000  0.89237596E+000  0.10019520E+001  0.25804531E+001
  0.69494582E+000  0.89237578E+000  0.10019504E+001  0.25804531E+001
  0.69494572E+000  0.89237560E+000  0.10019489E+001  0.25804531E+001
  0.69494562E+000  0.89237542E+000  0.10019473E+001  0.25804531E+001
  0.69494552E+000  0.89237524E+000  0.10019458E+001  0.25804531E+001
  0.69494541E+000  0.89237506E+000  0.10019444E+001  0.25804531E+001
  0.69494531E+000  0.89237488E+000  0.10019430E+001  0.25804530E+001
  0.69494520E+000  0.89237471E+000  0.10019415E+001  0.25804529E+001
  0.69494509E+000  0.89237454E+000  0.10019402E+001  0.25804528E+001
  0.69494499E+000  0.89237437E+000  0.10019388E+001  0.25804526E+001
  0.69494488E+000  0.89237420E+000  0.10019375E+001  0.25804524E+001
  0.69494477E+000  0.89237404E+000  0.10019362E+001  0.25804521E+001
  0.69494466E+000  0.89237388E+000  0.10019350E+001  0.25804518E+001
  0.69494456E+000  0.89237372E+000  0.10019338E+001  0.25804514E+001
  0.69494445E+000  0.89237357E+000  0.10019326E+001  0.25804510E+001
  0.69494434E+000  0.89237342E+000  0.10019314E+001  0.25804505E+001
  0.69494424E+000  0.89237327E+000  0.10019303E+001  0.25804500E+001
  0.69494413E+000  0.89237313E+000  0.10019292E+001  0.25804494E+001
  0.69494403E+000  0.89237299E+000  0.10019281E+001  0.25804487E+001
  0.69494393E+000  0.89237285E+000  0.10019271E+001  0.25804479E+001
  0.69494383E+000  0.89237272E+000  0.10019261E+001  0.25804471E+001
  0.69494373E+000  0.89237260E+000  0.10019251E+001  0.25804462E+001
  0.69494363E+000  0.89237247E+000  0.10019242E+001  0.25804452E+001
  0.69494354E+000  0.89237235E+000  0.10019233E+001  0.25804442E+001
  0.69494345E+000  0.89237224E+000  0.10019224E+001  0.25804430E+001
  0.69494335E+000  0.89237213E+000  0.10019215E+001  0.25804418E+001
  0.69494327E+000  0.89237202E+000  0.10019207E+001  0.25804404E+001
  0.69494318E+000  0.89237192E+000  0.10019199E+001  0.25804390E+001
  0.69494309E+000  0.89237182E+000  0.10019192E+001  0.25804374E+001
  0.69494301E+000  0.89237172E+000  0.10019184E+001  0.25804358E+001
  0.69494293E+000  0.89237163E+000  0.10019177E+001  0.25804341E+001
  0.69494285E+000  0.89237154E+000  0.10019170E+001  0.25804322E+001
  0.69494278E+000  0.89237146E+000  0.10019164E+001  0.25804303E+001
  0.69494270E+000  0.89237138E+000  0.10019157E+001  0.25804282E+001
  0.69494263E+000  0.89237130E+000  0.10019151E+001  0.25804261E+001
  0.69494256E+000  0.89237122E+000  0.10019145E+001  0.25804238E+001
  0.69494250E+000  0.89237115E+000  0.10019140E+001  0.25804214E+001
  0.69494243E+000  0.89237109E+000  0.10019134E+001  0.25804189E+001
  0.69494237E+000  0.89237102E+000  0.10019129E+001  0.25804163E+001
  0.69494231E+000  0.89237096E+000  0.10019124E+001  0.25804136E+001
  0.69494226E+000  0.89237090E+000  0.10019119E+001  0.25804108E+001
  0.69494220E+000  0.89237085E+000  0.10019115E+001  0.25804079E+001
  0.69494215E+000  0.89237080E+000  0.10019110E+001  0.25804049E+001
  0.69494210E+000  0.89237075E+000  0.10019106E+001  0.25804017E+001
  0.69494205E+000  0.89237070E+000  0.10019102E+001  0.25803985E+001
  0.69494201E+000  0.89237066E+000  0.10019098E+001  0.25803952E+001
  0.69494196E+000  0.89237062E+000  0.10019094E+001  0.25803917E+001
  0.69494192E+000  0.89237058E+000  0.10019091E+001  0.25803882E+001
  0.69494188E+000  0.89237054E+000  0.10019088E+001  0.25803846E+001
  0.69494185E+000  0.89237051E+000  0.10019084E+001  0.25803809E+001
  0.69494181E+000  0.89237047E+000  0.10019081E+001  0.25803771E+001
  0.69494178E+000  0.89237044E+000  0.10019078E+001  0.25803732E+001
  0.69494175E+000  0.89237042E+000  0.10019076E+001  0.25803692E+001
  0.69494172E+000  0.89237039E+000  0.10019073E+001  0.25803652E+001
  0.69494169E+000  0.89237036E+000  0.10019070E+001  0.25803611E+001
  0.69494166E+000  0.89237034E+000  0.10019068E+001  0.25803569E+001
  0.69494164E+000  0.89237032E+000  0.10019066E+001  0.25803527E+001
  0.69494161E+000  0.89237030E+000  0.10019064E+001  0.25803484E+001
  0.69494159E+000  0.89237028E+000  0.10019061E+001  0.25803440E+001
  0.69494157E+000  0.89237026E+000  0.10019059E+001  0.25803396E+001
  0.69494155E+000  0.89237025E+000  0.10019058E+001  0.25803352E+001
  0.69494153E+000  0.89237023E+000  0.10019056E+001  0.25803307E+001
  0.69494151E+000  0.89237022E+000  0.10019054E+001  0.25803261E+001
  0.69494149E+000  0.89237021E+000  0.10019052E+001  0.25803216E+001
  0.69494148E+000  0.89237019E+000  0.10019051E+001  0.25803170E+001
  0.69494146E+000  0.89237018E+000  0.10019049E+001  0.25803123E+001
  0.69494145E+000  0.89237017E+000  0.10019048E+001  0.25803077E+001
  0.69494144E+000  0.89237016E+000  0.10019047E+001  0.25803030E+001
  0.69494142E+000  0.89237016E+000  0.10019045E+001  0.25802984E+001
  0.69494141E+000  0.89237015E+000  0.10019044E+001  0.25802937E+001
  0.69494140E+000  0.89237014E+000  0.10019043E+001  0.25802890E+001
  0.69494139E+000  0.89237013E+000  0.10019042E+001  0.25802844E+001
  0.69494138E+000  0.89237013E+000  0.10019041E+001  0.25802797E+001
  0.69494137E+000  0.89237012E+000  0.10019040E+001  0.25802751E+001
  0.69494136E+000  0.89237012E+000  0.10019039E+001  0.25802704E+001
  0.69494136E+000  0.89237011E+000  0.10019038E+001  0.25802658E+001
  0.69494135E+000  0.89237010E+000  0.10019037E+001  0.25802612E+001
  0.69494134E+000  0.89237010E+000  0.10019036E+001  0.25802567E+001
  0.69494133E+000  0.89237010E+000  0.10019036E+001  0.25802522E+001
  0.69494133E+000  0.89237009E+000  0.10019035E+001  0.25802477E+001
  0.69494132E+000  0.89237009E+000  0.10019034E+001  0.25802432E+001
  0.69494132E+000  0.89237008E+000  0.10019034E+001  0.25802388E+001
  0.69494131E+000  0.89237008E+000  0.10019033E+001  0.25802344E+001
  0.69494131E+000  0.89237008E+000  0.10019033E+001  0.25802301E+001
