  0.78649266E+000  0.90299009E+000  0.11040673E+001  0.24044420E+001
  0.77742538E+000  0.90861557E+000  0.11032374E+001  0.24058374E+001
  0.77624368E+000  0.90675847E+000  0.11027497E+001  0.24056256E+001
  0.77683566E+000  0.90385376E+000  0.11022964E+001  0.24053580E+001
  0.77783260E+000  0.90106607E+000  0.11018592E+001  0.24051248E+001
  0.77881658E+000  0.89865682E+000  0.11014486E+001  0.24049134E+001
  0.77941634E+000  0.89690464E+000  0.11010747E+001  0.24047147E+001
  0.77966059E+000  0.89568352E+000  0.11007714E+001  0.24045248E+001
  0.77962325E+000  0.89490269E+000  0.11005161E+001  0.24043409E+001
  0.77949289E+000  0.89435271E+000  0.11002919E+001  0.24041647E+001
  0.77933445E+000  0.89397828E+000  0.11000593E+001  0.24039973E+001
  0.77917605E+000  0.89375647E+000  0.10997892E+001  0.24038379E+001
  0.77902939E+000  0.89359412E+000  0.10995464E+001  0.24036856E+001
  0.77889833E+000  0.89346651E+000  0.10993373E+001  0.24035400E+001
  0.77878312E+000  0.89336310E+000  0.10991583E+001  0.24034005E+001
  0.77868271E+000  0.89331845E+000  0.10989665E+001  0.24032669E+001
  0.77859559E+000  0.89331029E+000  0.10987765E+001  0.24031387E+001
  0.77852009E+000  0.89330694E+000  0.10986140E+001  0.24030157E+001
  0.77845471E+000  0.89330693E+000  0.10984756E+001  0.24028976E+001
  0.77839804E+000  0.89330910E+000  0.10983582E+001  0.24027841E+001
  0.77834896E+000  0.89331274E+000  0.10982592E+001  0.24026749E+001
  0.77830640E+000  0.89331720E+000  0.10981763E+001  0.24025698E+001
  0.77826952E+000  0.89332209E+000  0.10981073E+001  0.24024687E+001
  0.77823754E+000  0.89332706E+000  0.10980505E+001  0.24023713E+001
  0.77820977E+000  0.89333187E+000  0.10980040E+001  0.24022777E+001
  0.77818566E+000  0.89333630E+000  0.10979664E+001  0.24021878E+001
  0.77816469E+000  0.89334032E+000  0.10979363E+001  0.24021015E+001
  0.77814645E+000  0.89334382E+000  0.10979126E+001  0.24020190E+001
  0.77813051E+000  0.89334670E+000  0.10978942E+001  0.24019400E+001
  0.77811657E+000  0.89334895E+000  0.10978799E+001  0.24018647E+001
  0.77810432E+000  0.89335059E+000  0.10978691E+001  0.24017931E+001
  0.77809352E+000  0.89335161E+000  0.10978609E+001  0.24017251E+001
  0.77808394E+000  0.89335205E+000  0.10978547E+001  0.24016607E+001
  0.77807541E+000  0.89335195E+000  0.10978498E+001  0.24015999E+001
  0.77806775E+000  0.89335135E+000  0.10978458E+001  0.24015427E+001
  0.77806085E+000  0.89335030E+000  0.10978423E+001  0.24014889E+001
  0.77805456E+000  0.89334886E+000  0.10978390E+001  0.24014386E+001
  0.77804882E+000  0.89334708E+000  0.10978356E+001  0.24013917E+001
  0.77804352E+000  0.89334502E+000  0.10978320E+001  0.24013480E+001
  0.77803860E+000  0.89334274E+000  0.10978281E+001  0.24013074E+001
  0.77803402E+000  0.89334028E+000  0.10978237E+001  0.24012698E+001
  0.77802973E+000  0.89333770E+000  0.10978190E+001  0.24012350E+001
  0.77802570E+000  0.89333504E+000  0.10978138E+001  0.24012028E+001
  0.77802189E+000  0.89333234E+000  0.10978083E+001  0.24011732E+001
  0.77801831E+000  0.89332963E+000  0.10978025E+001  0.24011460E+001
  0.77801491E+000  0.89332694E+000  0.10977966E+001  0.24011209E+001
  0.77801171E+000  0.89332431E+000  0.10977906E+001  0.24010978E+001
  0.77800868E+000  0.89332175E+000  0.10977846E+001  0.24010766E+001
  0.77800583E+000  0.89331926E+000  0.10977787E+001  0.24010572E+001
  0.77800314E+000  0.89331685E+000  0.10977730E+001  0.24010393E+001
  0.77800062E+000  0.89331454E+000  0.10977676E+001  0.24010228E+001
  0.77799826E+000  0.89331231E+000  0.10977624E+001  0.24010077E+001
  0.77799604E+000  0.89331017E+000  0.10977576E+001  0.24009938E+001
  0.77799398E+000  0.89330811E+000  0.10977531E+001  0.24009810E+001
  0.77799205E+000  0.89330613E+000  0.10977491E+001  0.24009692E+001
  0.77799025E+000  0.89330421E+000  0.10977454E+001  0.24009583E+001
  0.77798857E+000  0.89330234E+000  0.10977421E+001  0.24009482E+001
  0.77798701E+000  0.89330054E+000  0.10977391E+001  0.24009389E+001
  0.77798555E+000  0.89329877E+000  0.10977365E+001  0.24009302E+001
  0.77798419E+000  0.89329706E+000  0.10977343E+001  0.24009222E+001
  0.77798293E+000  0.89329538E+000  0.10977323E+001  0.24009146E+001
  0.77798175E+000  0.89329376E+000  0.10977306E+001  0.24009076E+001
  0.77798065E+000  0.89329218E+000  0.10977292E+001  0.24009010E+001
  0.77797962E+000  0.89329066E+000  0.10977280E+001  0.24008947E+001
  0.77797867E+000  0.89328920E+000  0.10977270E+001  0.24008889E+001
  0.77797778E+000  0.89328780E+000  0.10977263E+001  0.24008833E+001
  0.77797696E+000  0.89328647E+000  0.10977257E+001  0.24008779E+001
  0.77797619E+000  0.89328521E+000  0.10977253E+001  0.24008728E+001
  0.77797548E+000  0.89328403E+000  0.10977251E+001  0.24008679E+001
  0.77797483E+000  0.89328293E+000  0.10977251E+001  0.24008632E+001
  0.77797422E+000  0.89328191E+000  0.10977252E+001  0.24008587E+001
  0.77797367E+000  0.89328098E+000  0.10977254E+001  0.24008543E+001
  0.77797316E+000  0.89328013E+000  0.10977258E+001  0.24008500E+001
  0.77797269E+000  0.89327936E+000  0.10977263E+001  0.24008458E+001
  0.77797227E+000  0.89327867E+000  0.10977269E+001  0.24008418E+001
  0.77797188E+000  0.89327806E+000  0.10977276E+001  0.24008378E+001
  0.77797152E+000  0.89327751E+000  0.10977284E+001  0.24008339E+001
  0.77797120E+000  0.89327703E+000  0.10977293E+001  0.24008301E+001
  0.77797091E+000  0.89327661E+000  0.10977303E+001  0.24008264E+001
  0.77797064E+000  0.89327623E+000  0.10977314E+001  0.24008227E+001
  0.77797040E+000  0.89327590E+000  0.10977325E+001  0.24008191E+001
  0.77797017E+000  0.89327561E+000  0.10977337E+001  0.24008156E+001
  0.77796997E+000  0.89327534E+000  0.10977349E+001  0.24008122E+001
  0.77796978E+000  0.89327510E+000  0.10977362E+001  0.24008088E+001
  0.77796960E+000  0.89327487E+000  0.10977375E+001  0.24008055E+001
  0.77796943E+000  0.89327465E+000  0.10977388E+001  0.24008022E+001
  0.77796927E+000  0.89327443E+000  0.10977401E+001  0.24007990E+001
  0.77796912E+000  0.89327421E+000  0.10977415E+001  0.24007959E+001
  0.77796897E+000  0.89327399E+000  0.10977429E+001  0.24007929E+001
  0.77796883E+000  0.89327375E+000  0.10977442E+001  0.24007899E+001
  0.77796868E+000  0.89327350E+000  0.10977456E+001  0.24007869E+001
  0.77796854E+000  0.89327323E+000  0.10977470E+001  0.24007841E+001
  0.77796840E+000  0.89327294E+000  0.10977483E+001  0.24007812E+001
  0.77796825E+000  0.89327263E+000  0.10977496E+001  0.24007785E+001
  0.77796810E+000  0.89327231E+000  0.10977510E+001  0.24007758E+001
  0.77796795E+000  0.89327196E+000  0.10977523E+001  0.24007732E+001
  0.77796780E+000  0.89327159E+000  0.10977535E+001  0.24007706E+001
  0.77796764E+000  0.89327121E+000  0.10977548E+001  0.24007680E+001
  0.77796748E+000  0.89327080E+000  0.10977560E+001  0.24007656E+001
  0.77796731E+000  0.89327038E+000  0.10977572E+001  0.24007631E+001
  0.77796715E+000  0.89326994E+000  0.10977583E+001  0.24007607E+001
  0.77796697E+000  0.89326949E+000  0.10977595E+001  0.24007584E+001
  0.77796680E+000  0.89326902E+000  0.10977606E+001  0.24007561E+001
  0.77796662E+000  0.89326854E+000  0.10977616E+001  0.24007539E+001
  0.77796644E+000  0.89326806E+000  0.10977626E+001  0.24007517E+001
  0.77796626E+000  0.89326757E+000  0.10977636E+001  0.24007495E+001
  0.77796608E+000  0.89326707E+000  0.10977646E+001  0.24007474E+001
  0.77796589E+000  0.89326657E+000  0.10977655E+001  0.24007454E+001
  0.77796571E+000  0.89326606E+000  0.10977664E+001  0.24007433E+001
  0.77796552E+000  0.89326556E+000  0.10977672E+001  0.24007413E+001
  0.77796534E+000  0.89326505E+000  0.10977680E+001  0.24007394E+001
  0.77796515E+000  0.89326455E+000  0.10977688E+001  0.24007375E+001
  0.77796497E+000  0.89326405E+000  0.10977695E+001  0.24007356E+001
  0.77796479E+000  0.89326355E+000  0.10977702E+001  0.24007337E+001
  0.77796461E+000  0.89326306E+000  0.10977709E+001  0.24007319E+001
  0.77796443E+000  0.89326258E+000  0.10977716E+001  0.24007301E+001
  0.77796425E+000  0.89326210E+000  0.10977722E+001  0.24007284E+001
  0.77796408E+000  0.89326163E+000  0.10977728E+001  0.24007266E+001
  0.77796391E+000  0.89326117E+000  0.10977733E+001  0.24007249E+001
  0.77796374E+000  0.89326072E+000  0.10977738E+001  0.24007232E+001
  0.77796358E+000  0.89326028E+000  0.10977743E+001  0.24007215E+001
  0.77796342E+000  0.89325985E+000  0.10977748E+001  0.24007199E+001
  0.77796327E+000  0.89325943E+000  0.10977752E+001  0.24007182E+001
  0.77796312E+000  0.89325902E+000  0.10977757E+001  0.24007166E+001
  0.77796297E+000  0.89325862E+000  0.10977760E+001  0.24007149E+001
  0.77796283E+000  0.89325823E+000  0.10977764E+001  0.24007133E+001
  0.77796269E+000  0.89325786E+000  0.10977768E+001  0.24007116E+001
  0.77796255E+000  0.89325749E+000  0.10977771E+001  0.24007100E+001
  0.77796242E+000  0.89325714E+000  0.10977774E+001  0.24007083E+001
  0.77796230E+000  0.89325680E+000  0.10977777E+001  0.24007067E+001
  0.77796218E+000  0.89325647E+000  0.10977779E+001  0.24007050E+001
  0.77796206E+000  0.89325615E+000  0.10977782E+001  0.24007033E+001
  0.77796195E+000  0.89325584E+000  0.10977784E+001  0.24007015E+001
  0.77796184E+000  0.89325554E+000  0.10977786E+001  0.24006998E+001
  0.77796173E+000  0.89325526E+000  0.10977788E+001  0.24006980E+001
  0.77796163E+000  0.89325498E+000  0.10977790E+001  0.24006961E+001
  0.77796154E+000  0.89325472E+000  0.10977792E+001  0.24006943E+001
  0.77796145E+000  0.89325447E+000  0.10977794E+001  0.24006924E+001
  0.77796136E+000  0.89325423E+000  0.10977795E+001  0.24006904E+001
  0.77796128E+000  0.89325399E+000  0.10977796E+001  0.24006884E+001
  0.77796120E+000  0.89325377E+000  0.10977798E+001  0.24006863E+001
  0.77796112E+000  0.89325356E+000  0.10977799E+001  0.24006842E+001
  0.77796105E+000  0.89325336E+000  0.10977800E+001  0.24006820E+001
  0.77796098E+000  0.89325316E+000  0.10977801E+001  0.24006797E+001
  0.77796092E+000  0.89325298E+000  0.10977802E+001  0.24006774E+001
  0.77796085E+000  0.89325280E+000  0.10977803E+001  0.24006750E+001
  0.77796080E+000  0.89325263E+000  0.10977803E+001  0.24006726E+001
  0.77796074E+000  0.89325247E+000  0.10977804E+001  0.24006700E+001
  0.77796069E+000  0.89325232E+000  0.10977805E+001  0.24006674E+001
  0.77796064E+000  0.89325218E+000  0.10977805E+001  0.24006647E+001
  0.77796059E+000  0.89325204E+000  0.10977806E+001  0.24006619E+001
  0.77796055E+000  0.89325191E+000  0.10977806E+001  0.24006590E+001
  0.77796051E+000  0.89325179E+000  0.10977807E+001  0.24006560E+001
  0.77796047E+000  0.89325167E+000  0.10977807E+001  0.24006530E+001
  0.77796044E+000  0.89325156E+000  0.10977807E+001  0.24006499E+001
  0.77796040E+000  0.89325146E+000  0.10977808E+001  0.24006467E+001
  0.77796037E+000  0.89325136E+000  0.10977808E+001  0.24006433E+001
  0.77796034E+000  0.89325127E+000  0.10977808E+001  0.24006400E+001
  0.77796032E+000  0.89325118E+000  0.10977808E+001  0.24006365E+001
  0.77796029E+000  0.89325110E+000  0.10977808E+001  0.24006329E+001
  0.77796027E+000  0.89325103E+000  0.10977809E+001  0.24006293E+001
  0.77796025E+000  0.89325095E+000  0.10977809E+001  0.24006255E+001
  0.77796023E+000  0.89325089E+000  0.10977809E+001  0.24006217E+001
  0.77796021E+000  0.89325082E+000  0.10977809E+001  0.24006178E+001
  0.77796020E+000  0.89325076E+000  0.10977809E+001  0.24006139E+001
  0.77796018E+000  0.89325071E+000  0.10977809E+001  0.24006098E+001
  0.77796017E+000  0.89325066E+000  0.10977809E+001  0.24006057E+001
  0.77796016E+000  0.89325061E+000  0.10977810E+001  0.24006015E+001
  0.77796015E+000  0.89325056E+000  0.10977810E+001  0.24005973E+001
  0.77796014E+000  0.89325052E+000  0.10977810E+001  0.24005930E+001
  0.77796013E+000  0.89325048E+000  0.10977810E+001  0.24005886E+001
  0.77796013E+000  0.89325045E+000  0.10977810E+001  0.24005842E+001
  0.77796012E+000  0.89325041E+000  0.10977810E+001  0.24005797E+001
  0.77796011E+000  0.89325038E+000  0.10977810E+001  0.24005751E+001
  0.77796011E+000  0.89325035E+000  0.10977810E+001  0.24005706E+001
  0.77796011E+000  0.89325032E+000  0.10977810E+001  0.24005659E+001
  0.77796010E+000  0.89325030E+000  0.10977810E+001  0.24005613E+001
  0.77796010E+000  0.89325028E+000  0.10977810E+001  0.24005566E+001
  0.77796010E+000  0.89325025E+000  0.10977810E+001  0.24005519E+001
  0.77796010E+000  0.89325023E+000  0.10977810E+001  0.24005471E+001
  0.77796010E+000  0.89325022E+000  0.10977810E+001  0.24005424E+001
  0.77796010E+000  0.89325020E+000  0.10977810E+001  0.24005376E+001
  0.77796010E+000  0.89325018E+000  0.10977810E+001  0.24005328E+001
  0.77796010E+000  0.89325017E+000  0.10977810E+001  0.24005280E+001
  0.77796010E+000  0.89325016E+000  0.10977810E+001  0.24005232E+001
  0.77796010E+000  0.89325014E+000  0.10977810E+001  0.24005184E+001
  0.77796010E+000  0.89325013E+000  0.10977810E+001  0.24005136E+001
  0.77796010E+000  0.89325012E+000  0.10977810E+001  0.24005088E+001
  0.77796010E+000  0.89325011E+000  0.10977810E+001  0.24005041E+001
  0.77796010E+000  0.89325010E+000  0.10977810E+001  0.24004993E+001
  0.77796010E+000  0.89325010E+000  0.10977810E+001  0.24004946E+001
  0.77796010E+000  0.89325009E+000  0.10977810E+001  0.24004899E+001
  0.77796011E+000  0.89325008E+000  0.10977810E+001  0.24004852E+001
  0.77796011E+000  0.89325007E+000  0.10977810E+001  0.24004805E+001
  0.77796011E+000  0.89325007E+000  0.10977810E+001  0.24004759E+001
  0.77796011E+000  0.89325006E+000  0.10977810E+001  0.24004714E+001
  0.77796011E+000  0.89325006E+000  0.10977810E+001  0.24004668E+001
  0.77796011E+000  0.89325005E+000  0.10977810E+001  0.24004624E+001
  0.77796011E+000  0.89325005E+000  0.10977810E+001  0.24004579E+001
  0.77796012E+000  0.89325005E+000  0.10977810E+001  0.24004535E+001
