  0.98763061E+000
  0.98264138E+000
  0.97988634E+000
  0.97791462E+000
  0.97637221E+000
  0.97512867E+000
  0.97411159E+000
  0.97327254E+000
  0.97257848E+000
  0.97200314E+000
  0.97152454E+000
  0.97112612E+000
  0.97079390E+000
  0.97051654E+000
  0.97028512E+000
  0.97009194E+000
  0.96993108E+000
  0.96979738E+000
  0.96968656E+000
  0.96959490E+000
  0.96951956E+000
  0.96945792E+000
  0.96940791E+000
  0.96936767E+000
  0.96933561E+000
  0.96931047E+000
  0.96929104E+000
  0.96927640E+000
  0.96926565E+000
  0.96925806E+000
  0.96925301E+000
  0.96924996E+000
  0.96924844E+000
  0.96924809E+000
  0.96924855E+000
  0.96924956E+000
  0.96925087E+000
  0.96925233E+000
  0.96925375E+000
  0.96925501E+000
  0.96925605E+000
  0.96925676E+000
  0.96925713E+000
  0.96925711E+000
  0.96925670E+000
  0.96925587E+000
  0.96925469E+000
  0.96925314E+000
  0.96925127E+000
  0.96924909E+000
  0.96924668E+000
  0.96924406E+000
  0.96924127E+000
  0.96923836E+000
  0.96923536E+000
  0.96923233E+000
  0.96922927E+000
  0.96922625E+000
  0.96922326E+000
  0.96922036E+000
  0.96921754E+000
  0.96921483E+000
  0.96921225E+000
  0.96920981E+000
  0.96920751E+000
  0.96920537E+000
  0.96920339E+000
  0.96920157E+000
  0.96919992E+000
  0.96919843E+000
  0.96919711E+000
  0.96919594E+000
  0.96919494E+000
  0.96919408E+000
  0.96919338E+000
  0.96919281E+000
  0.96919239E+000
  0.96919209E+000
  0.96919191E+000
  0.96919185E+000
  0.96919190E+000
  0.96919204E+000
  0.96919228E+000
  0.96919260E+000
  0.96919300E+000
  0.96919346E+000
  0.96919400E+000
  0.96919458E+000
  0.96919522E+000
  0.96919590E+000
  0.96919661E+000
  0.96919736E+000
  0.96919814E+000
  0.96919894E+000
  0.96919976E+000
  0.96920059E+000
  0.96920143E+000
  0.96920229E+000
  0.96920314E+000
  0.96920400E+000
  0.96920486E+000
  0.96920572E+000
  0.96920657E+000
  0.96920742E+000
  0.96920827E+000
  0.96920910E+000
  0.96920993E+000
  0.96921075E+000
  0.96921155E+000
  0.96921235E+000
  0.96921314E+000
  0.96921391E+000
  0.96921467E+000
  0.96921542E+000
  0.96921616E+000
  0.96921689E+000
  0.96921760E+000
  0.96921830E+000
  0.96921898E+000
  0.96921966E+000
  0.96922032E+000
  0.96922096E+000
  0.96922160E+000
  0.96922222E+000
  0.96922283E+000
  0.96922342E+000
  0.96922400E+000
  0.96922457E+000
  0.96922513E+000
  0.96922568E+000
  0.96922621E+000
  0.96922673E+000
  0.96922724E+000
  0.96922773E+000
  0.96922822E+000
  0.96922869E+000
  0.96922915E+000
  0.96922960E+000
  0.96923004E+000
  0.96923047E+000
  0.96923089E+000
  0.96923129E+000
  0.96923169E+000
  0.96923208E+000
  0.96923246E+000
  0.96923282E+000
  0.96923318E+000
  0.96923353E+000
  0.96923387E+000
  0.96923420E+000
  0.96923453E+000
  0.96923484E+000
  0.96923515E+000
  0.96923544E+000
  0.96923573E+000
  0.96923602E+000
  0.96923629E+000
  0.96923656E+000
  0.96923682E+000
  0.96923707E+000
  0.96923732E+000
  0.96923755E+000
  0.96923779E+000
  0.96923801E+000
  0.96923823E+000
  0.96923845E+000
  0.96923865E+000
  0.96923886E+000
  0.96923905E+000
  0.96923924E+000
  0.96923943E+000
  0.96923960E+000
  0.96923978E+000
  0.96923995E+000
  0.96924011E+000
  0.96924027E+000
  0.96924042E+000
  0.96924057E+000
  0.96924071E+000
  0.96924085E+000
  0.96924098E+000
  0.96924111E+000
  0.96924124E+000
  0.96924136E+000
  0.96924148E+000
  0.96924159E+000
  0.96924170E+000
  0.96924180E+000
  0.96924190E+000
  0.96924200E+000
  0.96924210E+000
  0.96924219E+000
  0.96924227E+000
  0.96924236E+000
  0.96924244E+000
  0.96924251E+000
  0.96924259E+000
  0.96924266E+000
  0.96924273E+000
  0.96924278E+000
