  0.49533802E+000
  0.49438207E+000
  0.49399065E+000
  0.49373050E+000
  0.49353030E+000
  0.49337118E+000
  0.49324311E+000
  0.49313959E+000
  0.49305592E+000
  0.49298841E+000
  0.49293391E+000
  0.49289015E+000
  0.49285509E+000
  0.49282707E+000
  0.49280494E+000
  0.49278759E+000
  0.49277423E+000
  0.49276415E+000
  0.49275679E+000
  0.49275164E+000
  0.49274835E+000
  0.49274656E+000
  0.49274602E+000
  0.49274650E+000
  0.49274779E+000
  0.49274975E+000
  0.49275222E+000
  0.49275510E+000
  0.49275827E+000
  0.49276167E+000
  0.49276520E+000
  0.49276881E+000
  0.49277246E+000
  0.49277609E+000
  0.49277966E+000
  0.49278316E+000
  0.49278654E+000
  0.49278980E+000
  0.49279290E+000
  0.49279584E+000
  0.49279861E+000
  0.49280119E+000
  0.49280358E+000
  0.49280577E+000
  0.49280778E+000
  0.49280958E+000
  0.49281120E+000
  0.49281264E+000
  0.49281390E+000
  0.49281499E+000
  0.49281593E+000
  0.49281673E+000
  0.49281740E+000
  0.49281795E+000
  0.49281841E+000
  0.49281878E+000
  0.49281907E+000
  0.49281930E+000
  0.49281949E+000
  0.49281963E+000
  0.49281974E+000
  0.49281984E+000
  0.49281992E+000
  0.49281999E+000
  0.49282006E+000
  0.49282013E+000
  0.49282021E+000
  0.49282029E+000
  0.49282039E+000
  0.49282050E+000
  0.49282062E+000
  0.49282076E+000
  0.49282091E+000
  0.49282108E+000
  0.49282127E+000
  0.49282147E+000
  0.49282169E+000
  0.49282192E+000
  0.49282217E+000
  0.49282243E+000
  0.49282271E+000
  0.49282300E+000
  0.49282330E+000
  0.49282362E+000
  0.49282395E+000
  0.49282429E+000
  0.49282464E+000
  0.49282500E+000
  0.49282537E+000
  0.49282575E+000
  0.49282613E+000
  0.49282653E+000
  0.49282693E+000
  0.49282733E+000
  0.49282774E+000
  0.49282815E+000
  0.49282857E+000
  0.49282899E+000
  0.49282941E+000
  0.49282984E+000
  0.49283026E+000
  0.49283069E+000
  0.49283112E+000
  0.49283155E+000
  0.49283197E+000
  0.49283240E+000
  0.49283282E+000
  0.49283324E+000
  0.49283366E+000
  0.49283408E+000
  0.49283449E+000
  0.49283490E+000
  0.49283531E+000
  0.49283571E+000
  0.49283611E+000
  0.49283650E+000
  0.49283689E+000
  0.49283728E+000
  0.49283766E+000
  0.49283803E+000
  0.49283840E+000
  0.49283876E+000
  0.49283912E+000
  0.49283947E+000
  0.49283981E+000
  0.49284015E+000
  0.49284048E+000
  0.49284081E+000
  0.49284113E+000
  0.49284144E+000
  0.49284175E+000
  0.49284205E+000
  0.49284234E+000
  0.49284263E+000
  0.49284291E+000
  0.49284318E+000
  0.49284345E+000
  0.49284371E+000
  0.49284396E+000
  0.49284421E+000
  0.49284445E+000
  0.49284469E+000
  0.49284492E+000
  0.49284514E+000
  0.49284536E+000
  0.49284557E+000
  0.49284578E+000
  0.49284598E+000
  0.49284618E+000
  0.49284637E+000
  0.49284655E+000
  0.49284673E+000
  0.49284690E+000
  0.49284707E+000
  0.49284723E+000
  0.49284739E+000
  0.49284755E+000
  0.49284769E+000
  0.49284784E+000
  0.49284798E+000
  0.49284811E+000
  0.49284824E+000
  0.49284837E+000
  0.49284849E+000
  0.49284861E+000
  0.49284873E+000
  0.49284884E+000
  0.49284895E+000
  0.49284905E+000
  0.49284915E+000
  0.49284925E+000
  0.49284934E+000
  0.49284943E+000
  0.49284952E+000
  0.49284960E+000
  0.49284969E+000
  0.49284976E+000
  0.49284984E+000
  0.49284991E+000
  0.49284998E+000
  0.49285005E+000
  0.49285012E+000
  0.49285018E+000
  0.49285024E+000
  0.49285030E+000
  0.49285035E+000
  0.49285041E+000
  0.49285046E+000
  0.49285051E+000
  0.49285056E+000
  0.49285060E+000
  0.49285065E+000
  0.49285069E+000
  0.49285073E+000
  0.49285077E+000
  0.49285081E+000
  0.49285084E+000
  0.49285088E+000
  0.49285091E+000
  0.49285094E+000
