  0.15297514E+001
  0.15248206E+001
  0.15221086E+001
  0.15201702E+001
  0.15186540E+001
  0.15174313E+001
  0.15164309E+001
  0.15156051E+001
  0.15149216E+001
  0.15143547E+001
  0.15138826E+001
  0.15134894E+001
  0.15131611E+001
  0.15128868E+001
  0.15126576E+001
  0.15124661E+001
  0.15123063E+001
  0.15121733E+001
  0.15120629E+001
  0.15119713E+001
  0.15118959E+001
  0.15118341E+001
  0.15117837E+001
  0.15117430E+001
  0.15117104E+001
  0.15116846E+001
  0.15116646E+001
  0.15116493E+001
  0.15116380E+001
  0.15116298E+001
  0.15116241E+001
  0.15116205E+001
  0.15116184E+001
  0.15116175E+001
  0.15116175E+001
  0.15116181E+001
  0.15116190E+001
  0.15116201E+001
  0.15116212E+001
  0.15116221E+001
  0.15116229E+001
  0.15116234E+001
  0.15116236E+001
  0.15116234E+001
  0.15116229E+001
  0.15116220E+001
  0.15116207E+001
  0.15116191E+001
  0.15116171E+001
  0.15116149E+001
  0.15116125E+001
  0.15116098E+001
  0.15116070E+001
  0.15116040E+001
  0.15116009E+001
  0.15115978E+001
  0.15115946E+001
  0.15115914E+001
  0.15115883E+001
  0.15115852E+001
  0.15115821E+001
  0.15115791E+001
  0.15115762E+001
  0.15115734E+001
  0.15115707E+001
  0.15115681E+001
  0.15115656E+001
  0.15115633E+001
  0.15115610E+001
  0.15115589E+001
  0.15115569E+001
  0.15115550E+001
  0.15115532E+001
  0.15115515E+001
  0.15115499E+001
  0.15115484E+001
  0.15115470E+001
  0.15115457E+001
  0.15115444E+001
  0.15115432E+001
  0.15115421E+001
  0.15115411E+001
  0.15115401E+001
  0.15115392E+001
  0.15115383E+001
  0.15115375E+001
  0.15115367E+001
  0.15115359E+001
  0.15115351E+001
  0.15115344E+001
  0.15115337E+001
  0.15115330E+001
  0.15115324E+001
  0.15115317E+001
  0.15115311E+001
  0.15115304E+001
  0.15115298E+001
  0.15115292E+001
  0.15115285E+001
  0.15115279E+001
  0.15115273E+001
  0.15115267E+001
  0.15115261E+001
  0.15115255E+001
  0.15115249E+001
  0.15115242E+001
  0.15115236E+001
  0.15115230E+001
  0.15115224E+001
  0.15115218E+001
  0.15115212E+001
  0.15115206E+001
  0.15115200E+001
  0.15115193E+001
  0.15115187E+001
  0.15115181E+001
  0.15115175E+001
  0.15115169E+001
  0.15115163E+001
  0.15115156E+001
  0.15115150E+001
  0.15115144E+001
  0.15115138E+001
  0.15115131E+001
  0.15115125E+001
  0.15115118E+001
  0.15115112E+001
  0.15115105E+001
  0.15115098E+001
  0.15115091E+001
  0.15115084E+001
  0.15115077E+001
  0.15115070E+001
  0.15115063E+001
  0.15115055E+001
  0.15115047E+001
  0.15115039E+001
  0.15115031E+001
  0.15115023E+001
  0.15115015E+001
  0.15115006E+001
  0.15114997E+001
  0.15114988E+001
  0.15114978E+001
  0.15114969E+001
  0.15114959E+001
  0.15114949E+001
  0.15114938E+001
  0.15114928E+001
  0.15114917E+001
  0.15114906E+001
  0.15114894E+001
  0.15114883E+001
  0.15114871E+001
  0.15114858E+001
  0.15114846E+001
  0.15114833E+001
  0.15114820E+001
  0.15114807E+001
  0.15114793E+001
  0.15114779E+001
  0.15114765E+001
  0.15114751E+001
  0.15114736E+001
  0.15114722E+001
  0.15114707E+001
  0.15114692E+001
  0.15114676E+001
  0.15114661E+001
  0.15114645E+001
  0.15114629E+001
  0.15114613E+001
  0.15114597E+001
  0.15114581E+001
  0.15114565E+001
  0.15114549E+001
  0.15114532E+001
  0.15114516E+001
  0.15114499E+001
  0.15114483E+001
  0.15114466E+001
  0.15114450E+001
  0.15114433E+001
  0.15114416E+001
  0.15114400E+001
  0.15114384E+001
  0.15114367E+001
  0.15114351E+001
  0.15114335E+001
  0.15114319E+001
  0.15114303E+001
  0.15114287E+001
  0.15114271E+001
  0.15114255E+001
  0.15114240E+001
  0.15114225E+001
  0.15114210E+001
  0.15114195E+001
  0.15114180E+001
  0.15114165E+001
