  0.58502848E+000  0.95320017E+000  0.10978306E+001  0.34829466E+001
  0.58268109E+000  0.94999425E+000  0.10931149E+001  0.34734925E+001
  0.58130575E+000  0.94806562E+000  0.10908586E+001  0.34682049E+001
  0.58030651E+000  0.94665589E+000  0.10892595E+001  0.34644591E+001
  0.57951760E+000  0.94554272E+000  0.10879917E+001  0.34615644E+001
  0.57887634E+000  0.94463822E+000  0.10869581E+001  0.34592531E+001
  0.57834788E+000  0.94389378E+000  0.10861069E+001  0.34573755E+001
  0.57791004E+000  0.94327578E+000  0.10854004E+001  0.34558347E+001
  0.57754666E+000  0.94276183E+000  0.10848138E+001  0.34545647E+001
  0.57724445E+000  0.94233347E+000  0.10843258E+001  0.34535154E+001
  0.57699232E+000  0.94197543E+000  0.10839184E+001  0.34526448E+001
  0.57678188E+000  0.94167557E+000  0.10835778E+001  0.34519226E+001
  0.57660626E+000  0.94142416E+000  0.10832926E+001  0.34513219E+001
  0.57645974E+000  0.94121296E+000  0.10830536E+001  0.34508212E+001
  0.57633754E+000  0.94103568E+000  0.10828533E+001  0.34504044E+001
  0.57623583E+000  0.94088704E+000  0.10826853E+001  0.34500565E+001
  0.57615150E+000  0.94076251E+000  0.10825446E+001  0.34497670E+001
  0.57608177E+000  0.94065825E+000  0.10824269E+001  0.34495268E+001
  0.57602443E+000  0.94057115E+000  0.10823286E+001  0.34493278E+001
  0.57597748E+000  0.94049848E+000  0.10822465E+001  0.34491633E+001
  0.57593938E+000  0.94043808E+000  0.10821783E+001  0.34490284E+001
  0.57590874E+000  0.94038804E+000  0.10821216E+001  0.34489183E+001
  0.57588445E+000  0.94034681E+000  0.10820747E+001  0.34488291E+001
  0.57586551E+000  0.94031303E+000  0.10820362E+001  0.34487576E+001
  0.57585106E+000  0.94028552E+000  0.10820046E+001  0.34487008E+001
  0.57584041E+000  0.94026333E+000  0.10819789E+001  0.34486564E+001
  0.57583291E+000  0.94024559E+000  0.10819581E+001  0.34486223E+001
  0.57582806E+000  0.94023162E+000  0.10819415E+001  0.34485967E+001
  0.57582536E+000  0.94022073E+000  0.10819282E+001  0.34485780E+001
  0.57582440E+000  0.94021239E+000  0.10819177E+001  0.34485649E+001
  0.57582483E+000  0.94020615E+000  0.10819095E+001  0.34485563E+001
  0.57582635E+000  0.94020159E+000  0.10819032E+001  0.34485512E+001
  0.57582869E+000  0.94019837E+000  0.10818982E+001  0.34485488E+001
  0.57583162E+000  0.94019621E+000  0.10818944E+001  0.34485483E+001
  0.57583494E+000  0.94019485E+000  0.10818915E+001  0.34485492E+001
  0.57583850E+000  0.94019408E+000  0.10818892E+001  0.34485510E+001
  0.57584213E+000  0.94019371E+000  0.10818872E+001  0.34485533E+001
  0.57584574E+000  0.94019361E+000  0.10818856E+001  0.34485558E+001
  0.57584921E+000  0.94019363E+000  0.10818841E+001  0.34485581E+001
  0.57585246E+000  0.94019369E+000  0.10818826E+001  0.34485602E+001
  0.57585544E+000  0.94019370E+000  0.10818810E+001  0.34485619E+001
  0.57585810E+000  0.94019359E+000  0.10818794E+001  0.34485630E+001
  0.57586040E+000  0.94019331E+000  0.10818775E+001  0.34485635E+001
  0.57586232E+000  0.94019282E+000  0.10818755E+001  0.34485634E+001
  0.57586386E+000  0.94019210E+000  0.10818733E+001  0.34485627E+001
  0.57586501E+000  0.94019112E+000  0.10818708E+001  0.34485613E+001
  0.57586579E+000  0.94018990E+000  0.10818681E+001  0.34485594E+001
  0.57586623E+000  0.94018843E+000  0.10818652E+001  0.34485568E+001
  0.57586633E+000  0.94018672E+000  0.10818621E+001  0.34485538E+001
  0.57586613E+000  0.94018479E+000  0.10818589E+001  0.34485504E+001
  0.57586567E+000  0.94018267E+000  0.10818555E+001  0.34485465E+001
  0.57586498E+000  0.94018037E+000  0.10818519E+001  0.34485424E+001
  0.57586409E+000  0.94017793E+000  0.10818483E+001  0.34485380E+001
  0.57586304E+000  0.94017538E+000  0.10818446E+001  0.34485334E+001
  0.57586185E+000  0.94017275E+000  0.10818408E+001  0.34485287E+001
  0.57586058E+000  0.94017007E+000  0.10818370E+001  0.34485239E+001
  0.57585922E+000  0.94016735E+000  0.10818332E+001  0.34485191E+001
  0.57585782E+000  0.94016464E+000  0.10818295E+001  0.34485143E+001
  0.57585638E+000  0.94016195E+000  0.10818257E+001  0.34485095E+001
  0.57585494E+000  0.94015930E+000  0.10818220E+001  0.34485049E+001
  0.57585349E+000  0.94015671E+000  0.10818183E+001  0.34485003E+001
  0.57585207E+000  0.94015419E+000  0.10818147E+001  0.34484959E+001
  0.57585066E+000  0.94015175E+000  0.10818112E+001  0.34484917E+001
  0.57584930E+000  0.94014941E+000  0.10818078E+001  0.34484876E+001
  0.57584797E+000  0.94014716E+000  0.10818044E+001  0.34484837E+001
  0.57584668E+000  0.94014502E+000  0.10818012E+001  0.34484800E+001
  0.57584544E+000  0.94014298E+000  0.10817980E+001  0.34484765E+001
  0.57584425E+000  0.94014106E+000  0.10817949E+001  0.34484733E+001
  0.57584311E+000  0.94013924E+000  0.10817920E+001  0.34484702E+001
  0.57584202E+000  0.94013753E+000  0.10817891E+001  0.34484673E+001
  0.57584097E+000  0.94013593E+000  0.10817863E+001  0.34484647E+001
  0.57583998E+000  0.94013443E+000  0.10817836E+001  0.34484623E+001
  0.57583903E+000  0.94013303E+000  0.10817810E+001  0.34484600E+001
  0.57583813E+000  0.94013174E+000  0.10817784E+001  0.34484580E+001
  0.57583727E+000  0.94013053E+000  0.10817760E+001  0.34484561E+001
  0.57583645E+000  0.94012941E+000  0.10817736E+001  0.34484545E+001
  0.57583566E+000  0.94012838E+000  0.10817713E+001  0.34484530E+001
  0.57583491E+000  0.94012743E+000  0.10817690E+001  0.34484517E+001
  0.57583419E+000  0.94012655E+000  0.10817668E+001  0.34484505E+001
  0.57583350E+000  0.94012573E+000  0.10817647E+001  0.34484495E+001
  0.57583283E+000  0.94012499E+000  0.10817626E+001  0.34484486E+001
  0.57583219E+000  0.94012430E+000  0.10817605E+001  0.34484478E+001
  0.57583156E+000  0.94012366E+000  0.10817585E+001  0.34484472E+001
  0.57583095E+000  0.94012308E+000  0.10817565E+001  0.34484467E+001
  0.57583035E+000  0.94012253E+000  0.10817546E+001  0.34484462E+001
  0.57582977E+000  0.94012203E+000  0.10817526E+001  0.34484459E+001
  0.57582919E+000  0.94012156E+000  0.10817507E+001  0.34484456E+001
  0.57582862E+000  0.94012112E+000  0.10817488E+001  0.34484455E+001
  0.57582806E+000  0.94012071E+000  0.10817469E+001  0.34484454E+001
  0.57582750E+000  0.94012032E+000  0.10817450E+001  0.34484453E+001
  0.57582695E+000  0.94011996E+000  0.10817431E+001  0.34484453E+001
  0.57582639E+000  0.94011961E+000  0.10817412E+001  0.34484454E+001
  0.57582584E+000  0.94011927E+000  0.10817393E+001  0.34484455E+001
  0.57582528E+000  0.94011894E+000  0.10817374E+001  0.34484456E+001
  0.57582472E+000  0.94011863E+000  0.10817355E+001  0.34484458E+001
  0.57582416E+000  0.94011832E+000  0.10817336E+001  0.34484460E+001
  0.57582360E+000  0.94011802E+000  0.10817318E+001  0.34484462E+001
  0.57582303E+000  0.94011772E+000  0.10817299E+001  0.34484465E+001
  0.57582247E+000  0.94011743E+000  0.10817280E+001  0.34484468E+001
  0.57582190E+000  0.94011714E+000  0.10817261E+001  0.34484470E+001
  0.57582132E+000  0.94011685E+000  0.10817242E+001  0.34484473E+001
  0.57582075E+000  0.94011656E+000  0.10817223E+001  0.34484476E+001
  0.57582017E+000  0.94011627E+000  0.10817204E+001  0.34484479E+001
  0.57581959E+000  0.94011598E+000  0.10817185E+001  0.34484482E+001
  0.57581902E+000  0.94011569E+000  0.10817167E+001  0.34484485E+001
  0.57581844E+000  0.94011540E+000  0.10817148E+001  0.34484488E+001
  0.57581786E+000  0.94011511E+000  0.10817129E+001  0.34484490E+001
  0.57581728E+000  0.94011482E+000  0.10817111E+001  0.34484493E+001
  0.57581671E+000  0.94011453E+000  0.10817092E+001  0.34484496E+001
  0.57581613E+000  0.94011424E+000  0.10817074E+001  0.34484498E+001
  0.57581556E+000  0.94011395E+000  0.10817056E+001  0.34484500E+001
  0.57581499E+000  0.94011366E+000  0.10817038E+001  0.34484502E+001
  0.57581443E+000  0.94011338E+000  0.10817021E+001  0.34484504E+001
  0.57581387E+000  0.94011309E+000  0.10817003E+001  0.34484505E+001
  0.57581332E+000  0.94011280E+000  0.10816986E+001  0.34484506E+001
  0.57581277E+000  0.94011252E+000  0.10816969E+001  0.34484507E+001
  0.57581223E+000  0.94011224E+000  0.10816952E+001  0.34484507E+001
  0.57581170E+000  0.94011196E+000  0.10816936E+001  0.34484507E+001
  0.57581117E+000  0.94011168E+000  0.10816919E+001  0.34484507E+001
  0.57581066E+000  0.94011141E+000  0.10816903E+001  0.34484506E+001
  0.57581015E+000  0.94011114E+000  0.10816888E+001  0.34484504E+001
  0.57580964E+000  0.94011087E+000  0.10816872E+001  0.34484502E+001
  0.57580915E+000  0.94011060E+000  0.10816857E+001  0.34484499E+001
  0.57580867E+000  0.94011035E+000  0.10816843E+001  0.34484496E+001
  0.57580819E+000  0.94011009E+000  0.10816828E+001  0.34484492E+001
  0.57580773E+000  0.94010984E+000  0.10816814E+001  0.34484487E+001
  0.57580728E+000  0.94010959E+000  0.10816800E+001  0.34484482E+001
  0.57580683E+000  0.94010935E+000  0.10816787E+001  0.34484475E+001
  0.57580640E+000  0.94010912E+000  0.10816774E+001  0.34484468E+001
  0.57580598E+000  0.94010889E+000  0.10816761E+001  0.34484460E+001
  0.57580557E+000  0.94010866E+000  0.10816748E+001  0.34484451E+001
  0.57580516E+000  0.94010844E+000  0.10816736E+001  0.34484441E+001
  0.57580477E+000  0.94010822E+000  0.10816724E+001  0.34484430E+001
  0.57580439E+000  0.94010801E+000  0.10816713E+001  0.34484418E+001
  0.57580402E+000  0.94010781E+000  0.10816702E+001  0.34484404E+001
  0.57580366E+000  0.94010761E+000  0.10816691E+001  0.34484390E+001
  0.57580331E+000  0.94010742E+000  0.10816680E+001  0.34484374E+001
  0.57580298E+000  0.94010723E+000  0.10816670E+001  0.34484357E+001
  0.57580265E+000  0.94010705E+000  0.10816660E+001  0.34484339E+001
  0.57580233E+000  0.94010688E+000  0.10816651E+001  0.34484320E+001
  0.57580202E+000  0.94010671E+000  0.10816642E+001  0.34484299E+001
  0.57580173E+000  0.94010654E+000  0.10816633E+001  0.34484277E+001
  0.57580144E+000  0.94010638E+000  0.10816624E+001  0.34484254E+001
  0.57580116E+000  0.94010623E+000  0.10816616E+001  0.34484229E+001
  0.57580090E+000  0.94010608E+000  0.10816607E+001  0.34484202E+001
  0.57580064E+000  0.94010594E+000  0.10816600E+001  0.34484175E+001
  0.57580039E+000  0.94010580E+000  0.10816592E+001  0.34484146E+001
  0.57580015E+000  0.94010567E+000  0.10816585E+001  0.34484115E+001
  0.57579992E+000  0.94010554E+000  0.10816578E+001  0.34484083E+001
  0.57579970E+000  0.94010542E+000  0.10816571E+001  0.34484049E+001
  0.57579948E+000  0.94010531E+000  0.10816565E+001  0.34484014E+001
  0.57579928E+000  0.94010520E+000  0.10816559E+001  0.34483978E+001
  0.57579908E+000  0.94010509E+000  0.10816553E+001  0.34483940E+001
  0.57579889E+000  0.94010499E+000  0.10816547E+001  0.34483901E+001
  0.57579871E+000  0.94010489E+000  0.10816541E+001  0.34483860E+001
  0.57579854E+000  0.94010480E+000  0.10816536E+001  0.34483818E+001
  0.57579837E+000  0.94010471E+000  0.10816531E+001  0.34483774E+001
  0.57579822E+000  0.94010462E+000  0.10816526E+001  0.34483729E+001
  0.57579806E+000  0.94010454E+000  0.10816522E+001  0.34483683E+001
  0.57579792E+000  0.94010447E+000  0.10816517E+001  0.34483635E+001
  0.57579778E+000  0.94010440E+000  0.10816513E+001  0.34483586E+001
  0.57579765E+000  0.94010433E+000  0.10816509E+001  0.34483536E+001
  0.57579752E+000  0.94010426E+000  0.10816505E+001  0.34483485E+001
  0.57579740E+000  0.94010420E+000  0.10816501E+001  0.34483432E+001
  0.57579728E+000  0.94010414E+000  0.10816498E+001  0.34483379E+001
  0.57579717E+000  0.94010409E+000  0.10816494E+001  0.34483324E+001
  0.57579707E+000  0.94010404E+000  0.10816491E+001  0.34483269E+001
  0.57579697E+000  0.94010399E+000  0.10816488E+001  0.34483212E+001
  0.57579687E+000  0.94010394E+000  0.10816485E+001  0.34483154E+001
  0.57579678E+000  0.94010390E+000  0.10816482E+001  0.34483096E+001
  0.57579670E+000  0.94010386E+000  0.10816479E+001  0.34483037E+001
  0.57579662E+000  0.94010382E+000  0.10816477E+001  0.34482977E+001
  0.57579654E+000  0.94010378E+000  0.10816474E+001  0.34482916E+001
  0.57579647E+000  0.94010375E+000  0.10816472E+001  0.34482855E+001
  0.57579640E+000  0.94010372E+000  0.10816470E+001  0.34482793E+001
  0.57579633E+000  0.94010369E+000  0.10816467E+001  0.34482731E+001
  0.57579627E+000  0.94010366E+000  0.10816465E+001  0.34482668E+001
  0.57579621E+000  0.94010363E+000  0.10816463E+001  0.34482605E+001
  0.57579615E+000  0.94010361E+000  0.10816462E+001  0.34482542E+001
  0.57579610E+000  0.94010359E+000  0.10816460E+001  0.34482478E+001
  0.57579604E+000  0.94010356E+000  0.10816458E+001  0.34482414E+001
  0.57579600E+000  0.94010354E+000  0.10816457E+001  0.34482350E+001
  0.57579595E+000  0.94010352E+000  0.10816455E+001  0.34482286E+001
  0.57579591E+000  0.94010351E+000  0.10816454E+001  0.34482222E+001
  0.57579587E+000  0.94010349E+000  0.10816452E+001  0.34482158E+001
  0.57579583E+000  0.94010348E+000  0.10816451E+001  0.34482094E+001
  0.57579579E+000  0.94010346E+000  0.10816450E+001  0.34482031E+001
  0.57579575E+000  0.94010345E+000  0.10816449E+001  0.34481967E+001
  0.57579572E+000  0.94010343E+000  0.10816448E+001  0.34481904E+001
  0.57579569E+000  0.94010342E+000  0.10816447E+001  0.34481841E+001
  0.57579566E+000  0.94010341E+000  0.10816446E+001  0.34481778E+001
  0.57579563E+000  0.94010340E+000  0.10816445E+001  0.34481716E+001
  0.57579560E+000  0.94010339E+000  0.10816444E+001  0.34481655E+001
  0.57579558E+000  0.94010338E+000  0.10816443E+001  0.34481594E+001
  0.57579555E+000  0.94010337E+000  0.10816442E+001  0.34481533E+001
  0.57579553E+000  0.94010336E+000  0.10816441E+001  0.34481473E+001
  0.57579551E+000  0.94010335E+000  0.10816440E+001  0.34481414E+001
  0.57579549E+000  0.94010335E+000  0.10816440E+001  0.34481355E+001
  0.57579547E+000  0.94010334E+000  0.10816439E+001  0.34481297E+001
  0.57579545E+000  0.94010333E+000  0.10816438E+001  0.34481240E+001
