  0.69087195E+000
  0.68940999E+000
  0.68877228E+000
  0.68834753E+000
  0.68802511E+000
  0.68777218E+000
  0.68757078E+000
  0.68740941E+000
  0.68727989E+000
  0.68717605E+000
  0.68709268E+000
  0.68702613E+000
  0.68697305E+000
  0.68693082E+000
  0.68689760E+000
  0.68687160E+000
  0.68685162E+000
  0.68683660E+000
  0.68682564E+000
  0.68681799E+000
  0.68681312E+000
  0.68681050E+000
  0.68680974E+000
  0.68681049E+000
  0.68681244E+000
  0.68681536E+000
  0.68681902E+000
  0.68682327E+000
  0.68682793E+000
  0.68683289E+000
  0.68683804E+000
  0.68684328E+000
  0.68684854E+000
  0.68685375E+000
  0.68685886E+000
  0.68686383E+000
  0.68686862E+000
  0.68687320E+000
  0.68687755E+000
  0.68688165E+000
  0.68688549E+000
  0.68688905E+000
  0.68689233E+000
  0.68689533E+000
  0.68689806E+000
  0.68690051E+000
  0.68690270E+000
  0.68690463E+000
  0.68690632E+000
  0.68690778E+000
  0.68690903E+000
  0.68691009E+000
  0.68691097E+000
  0.68691169E+000
  0.68691229E+000
  0.68691276E+000
  0.68691314E+000
  0.68691344E+000
  0.68691367E+000
  0.68691385E+000
  0.68691400E+000
  0.68691412E+000
  0.68691422E+000
  0.68691432E+000
  0.68691442E+000
  0.68691453E+000
  0.68691465E+000
  0.68691478E+000
  0.68691494E+000
  0.68691511E+000
  0.68691531E+000
  0.68691553E+000
  0.68691578E+000
  0.68691606E+000
  0.68691636E+000
  0.68691668E+000
  0.68691703E+000
  0.68691741E+000
  0.68691780E+000
  0.68691822E+000
  0.68691866E+000
  0.68691912E+000
  0.68691959E+000
  0.68692009E+000
  0.68692059E+000
  0.68692111E+000
  0.68692165E+000
  0.68692220E+000
  0.68692275E+000
  0.68692331E+000
  0.68692389E+000
  0.68692446E+000
  0.68692505E+000
  0.68692563E+000
  0.68692622E+000
  0.68692681E+000
  0.68692741E+000
  0.68692800E+000
  0.68692859E+000
  0.68692918E+000
  0.68692977E+000
  0.68693035E+000
  0.68693094E+000
  0.68693152E+000
  0.68693209E+000
  0.68693266E+000
  0.68693323E+000
  0.68693379E+000
  0.68693434E+000
  0.68693489E+000
  0.68693543E+000
  0.68693596E+000
  0.68693649E+000
  0.68693701E+000
  0.68693752E+000
  0.68693803E+000
  0.68693853E+000
  0.68693902E+000
  0.68693950E+000
  0.68693997E+000
  0.68694044E+000
  0.68694090E+000
  0.68694135E+000
  0.68694179E+000
  0.68694222E+000
  0.68694265E+000
  0.68694307E+000
  0.68694347E+000
  0.68694387E+000
  0.68694427E+000
  0.68694465E+000
  0.68694502E+000
  0.68694539E+000
  0.68694575E+000
  0.68694610E+000
  0.68694644E+000
  0.68694678E+000
  0.68694710E+000
  0.68694742E+000
  0.68694773E+000
  0.68694803E+000
  0.68694833E+000
  0.68694862E+000
  0.68694890E+000
  0.68694917E+000
  0.68694944E+000
  0.68694969E+000
  0.68694995E+000
  0.68695019E+000
  0.68695043E+000
  0.68695066E+000
  0.68695089E+000
  0.68695110E+000
  0.68695132E+000
  0.68695152E+000
  0.68695172E+000
  0.68695192E+000
  0.68695211E+000
  0.68695229E+000
  0.68695247E+000
  0.68695264E+000
  0.68695280E+000
  0.68695297E+000
  0.68695312E+000
  0.68695327E+000
  0.68695342E+000
  0.68695356E+000
  0.68695370E+000
  0.68695384E+000
  0.68695396E+000
  0.68695409E+000
  0.68695421E+000
  0.68695433E+000
  0.68695444E+000
  0.68695455E+000
  0.68695465E+000
  0.68695476E+000
  0.68695485E+000
  0.68695495E+000
  0.68695504E+000
  0.68695513E+000
  0.68695521E+000
  0.68695530E+000
  0.68695538E+000
  0.68695545E+000
  0.68695553E+000
  0.68695560E+000
  0.68695567E+000
  0.68695573E+000
  0.68695579E+000
  0.68695586E+000
  0.68695591E+000
  0.68695597E+000
  0.68695603E+000
  0.68695608E+000
  0.68695613E+000
  0.68695618E+000
  0.68695622E+000
  0.68695627E+000
  0.68695630E+000
