  0.90701524E+000
  0.90265465E+000
  0.90024674E+000
  0.89852346E+000
  0.89717540E+000
  0.89608854E+000
  0.89519961E+000
  0.89446628E+000
  0.89385968E+000
  0.89335683E+000
  0.89293854E+000
  0.89259032E+000
  0.89229995E+000
  0.89205754E+000
  0.89185528E+000
  0.89168644E+000
  0.89154585E+000
  0.89142899E+000
  0.89133214E+000
  0.89125202E+000
  0.89118618E+000
  0.89113231E+000
  0.89108860E+000
  0.89105343E+000
  0.89102541E+000
  0.89100343E+000
  0.89098645E+000
  0.89097366E+000
  0.89096426E+000
  0.89095763E+000
  0.89095321E+000
  0.89095055E+000
  0.89094922E+000
  0.89094891E+000
  0.89094931E+000
  0.89095020E+000
  0.89095135E+000
  0.89095262E+000
  0.89095386E+000
  0.89095497E+000
  0.89095587E+000
  0.89095650E+000
  0.89095681E+000
  0.89095680E+000
  0.89095644E+000
  0.89095572E+000
  0.89095468E+000
  0.89095333E+000
  0.89095169E+000
  0.89094979E+000
  0.89094768E+000
  0.89094539E+000
  0.89094295E+000
  0.89094041E+000
  0.89093779E+000
  0.89093514E+000
  0.89093247E+000
  0.89092983E+000
  0.89092722E+000
  0.89092468E+000
  0.89092221E+000
  0.89091985E+000
  0.89091759E+000
  0.89091546E+000
  0.89091345E+000
  0.89091158E+000
  0.89090985E+000
  0.89090826E+000
  0.89090681E+000
  0.89090551E+000
  0.89090435E+000
  0.89090334E+000
  0.89090246E+000
  0.89090171E+000
  0.89090110E+000
  0.89090060E+000
  0.89090023E+000
  0.89089997E+000
  0.89089982E+000
  0.89089976E+000
  0.89089980E+000
  0.89089993E+000
  0.89090013E+000
  0.89090042E+000
  0.89090076E+000
  0.89090117E+000
  0.89090164E+000
  0.89090215E+000
  0.89090270E+000
  0.89090330E+000
  0.89090392E+000
  0.89090458E+000
  0.89090526E+000
  0.89090596E+000
  0.89090667E+000
  0.89090740E+000
  0.89090814E+000
  0.89090888E+000
  0.89090963E+000
  0.89091038E+000
  0.89091113E+000
  0.89091188E+000
  0.89091263E+000
  0.89091337E+000
  0.89091411E+000
  0.89091484E+000
  0.89091556E+000
  0.89091628E+000
  0.89091698E+000
  0.89091768E+000
  0.89091837E+000
  0.89091904E+000
  0.89091971E+000
  0.89092036E+000
  0.89092101E+000
  0.89092164E+000
  0.89092226E+000
  0.89092288E+000
  0.89092347E+000
  0.89092406E+000
  0.89092464E+000
  0.89092521E+000
  0.89092576E+000
  0.89092630E+000
  0.89092683E+000
  0.89092735E+000
  0.89092786E+000
  0.89092836E+000
  0.89092885E+000
  0.89092932E+000
  0.89092979E+000
  0.89093024E+000
  0.89093069E+000
  0.89093112E+000
  0.89093154E+000
  0.89093196E+000
  0.89093236E+000
  0.89093276E+000
  0.89093314E+000
  0.89093351E+000
  0.89093388E+000
  0.89093424E+000
  0.89093458E+000
  0.89093492E+000
  0.89093525E+000
  0.89093557E+000
  0.89093589E+000
  0.89093619E+000
  0.89093649E+000
  0.89093678E+000
  0.89093706E+000
  0.89093733E+000
  0.89093760E+000
  0.89093786E+000
  0.89093811E+000
  0.89093836E+000
  0.89093860E+000
  0.89093883E+000
  0.89093906E+000
  0.89093928E+000
  0.89093950E+000
  0.89093971E+000
  0.89093991E+000
  0.89094011E+000
  0.89094030E+000
  0.89094049E+000
  0.89094067E+000
  0.89094084E+000
  0.89094101E+000
  0.89094118E+000
  0.89094134E+000
  0.89094150E+000
  0.89094165E+000
  0.89094180E+000
  0.89094194E+000
  0.89094208E+000
  0.89094221E+000
  0.89094234E+000
  0.89094247E+000
  0.89094259E+000
  0.89094270E+000
  0.89094282E+000
  0.89094293E+000
  0.89094303E+000
  0.89094313E+000
  0.89094323E+000
  0.89094333E+000
  0.89094342E+000
  0.89094351E+000
  0.89094359E+000
  0.89094368E+000
  0.89094375E+000
  0.89094383E+000
  0.89094390E+000
  0.89094397E+000
  0.89094404E+000
  0.89094410E+000
  0.89094417E+000
  0.89094423E+000
  0.89094428E+000
