  0.23372266E+000
  0.18782096E+000
  0.19517937E+000
  0.20356823E+000
  0.20955895E+000
  0.21391994E+000
  0.21725762E+000
  0.21996115E+000
  0.22215419E+000
  0.22393481E+000
  0.22539987E+000
  0.22666820E+000
  0.22774520E+000
  0.22864336E+000
  0.22940562E+000
  0.23003770E+000
  0.23056710E+000
  0.23101402E+000
  0.23139311E+000
  0.23171479E+000
  0.23198950E+000
  0.23222386E+000
  0.23242469E+000
  0.23259628E+000
  0.23274311E+000
  0.23286929E+000
  0.23297711E+000
  0.23306959E+000
  0.23314856E+000
  0.23321624E+000
  0.23327421E+000
  0.23332394E+000
  0.23336651E+000
  0.23340312E+000
  0.23343456E+000
  0.23346175E+000
  0.23348520E+000
  0.23350577E+000
  0.23352372E+000
  0.23353960E+000
  0.23355381E+000
  0.23356654E+000
  0.23357811E+000
  0.23358870E+000
  0.23359841E+000
  0.23360727E+000
  0.23361561E+000
  0.23362323E+000
  0.23363023E+000
  0.23363660E+000
  0.23364245E+000
  0.23364768E+000
  0.23365230E+000
  0.23365637E+000
  0.23365990E+000
  0.23366296E+000
  0.23366544E+000
  0.23366762E+000
  0.23366931E+000
  0.23367078E+000
  0.23367193E+000
  0.23367289E+000
  0.23367371E+000
  0.23367439E+000
  0.23367500E+000
  0.23367557E+000
  0.23367611E+000
  0.23367665E+000
  0.23367719E+000
  0.23367777E+000
  0.23367835E+000
  0.23367896E+000
  0.23367960E+000
  0.23368026E+000
  0.23368094E+000
  0.23368164E+000
  0.23368233E+000
  0.23368306E+000
  0.23368376E+000
  0.23368448E+000
  0.23368518E+000
  0.23368587E+000
  0.23368656E+000
  0.23368723E+000
  0.23368788E+000
  0.23368851E+000
  0.23368913E+000
  0.23368973E+000
  0.23369031E+000
  0.23369087E+000
  0.23369142E+000
  0.23369195E+000
  0.23369247E+000
  0.23369297E+000
  0.23369347E+000
  0.23369395E+000
  0.23369443E+000
  0.23369491E+000
  0.23369538E+000
  0.23369584E+000
  0.23369631E+000
  0.23369677E+000
  0.23369724E+000
  0.23369770E+000
  0.23369817E+000
  0.23369864E+000
  0.23369911E+000
  0.23369958E+000
  0.23370006E+000
  0.23370054E+000
  0.23370102E+000
  0.23370151E+000
  0.23370199E+000
  0.23370248E+000
  0.23370297E+000
  0.23370346E+000
  0.23370395E+000
  0.23370443E+000
  0.23370492E+000
  0.23370540E+000
  0.23370589E+000
  0.23370637E+000
  0.23370684E+000
  0.23370731E+000
  0.23370778E+000
  0.23370824E+000
  0.23370869E+000
  0.23370914E+000
  0.23370959E+000
  0.23371002E+000
  0.23371045E+000
  0.23371087E+000
  0.23371128E+000
  0.23371169E+000
  0.23371208E+000
  0.23371247E+000
  0.23371285E+000
  0.23371322E+000
  0.23371358E+000
  0.23371393E+000
  0.23371427E+000
  0.23371460E+000
  0.23371492E+000
  0.23371524E+000
  0.23371554E+000
  0.23371584E+000
  0.23371613E+000
  0.23371641E+000
  0.23371668E+000
  0.23371694E+000
  0.23371719E+000
  0.23371743E+000
  0.23371767E+000
  0.23371789E+000
  0.23371811E+000
  0.23371832E+000
  0.23371852E+000
  0.23371872E+000
  0.23371891E+000
  0.23371909E+000
  0.23371926E+000
  0.23371943E+000
  0.23371959E+000
  0.23371974E+000
  0.23371989E+000
  0.23372003E+000
  0.23372016E+000
  0.23372029E+000
  0.23372041E+000
  0.23372053E+000
  0.23372064E+000
  0.23372075E+000
  0.23372085E+000
  0.23372094E+000
  0.23372103E+000
  0.23372112E+000
  0.23372120E+000
  0.23372128E+000
  0.23372136E+000
  0.23372143E+000
  0.23372150E+000
  0.23372156E+000
  0.23372162E+000
  0.23372168E+000
  0.23372173E+000
  0.23372178E+000
  0.23372183E+000
  0.23372188E+000
  0.23372192E+000
  0.23372196E+000
  0.23372200E+000
  0.23372203E+000
  0.23372207E+000
  0.23372210E+000
  0.23372212E+000
  0.23372215E+000
  0.23372218E+000
  0.23372221E+000
  0.23372225E+000
  0.23372224E+000
