  0.52114316E-006
  0.51276620E-006
  0.51305690E-006
  0.51498460E-006
  0.51703094E-006
  0.51882851E-006
  0.52004056E-006
  0.52074609E-006
  0.52107943E-006
  0.52123327E-006
  0.52129503E-006
  0.52130967E-006
  0.52130016E-006
  0.52127818E-006
  0.52124971E-006
  0.52121803E-006
  0.52118504E-006
  0.52115190E-006
  0.52111945E-006
  0.52108824E-006
  0.52105869E-006
  0.52103109E-006
  0.52100562E-006
  0.52098241E-006
  0.52096151E-006
  0.52094294E-006
  0.52092666E-006
  0.52091262E-006
  0.52090072E-006
  0.52089086E-006
  0.52088292E-006
  0.52087675E-006
  0.52087222E-006
  0.52086916E-006
  0.52086742E-006
  0.52086684E-006
  0.52086727E-006
  0.52086854E-006
  0.52087051E-006
  0.52087305E-006
  0.52087600E-006
  0.52087927E-006
  0.52088274E-006
  0.52088632E-006
  0.52088994E-006
  0.52089355E-006
  0.52089710E-006
  0.52090057E-006
  0.52090394E-006
  0.52090722E-006
  0.52091042E-006
  0.52091355E-006
  0.52091663E-006
  0.52091967E-006
  0.52092271E-006
  0.52092576E-006
  0.52092883E-006
  0.52093194E-006
  0.52093511E-006
  0.52093833E-006
  0.52094162E-006
  0.52094497E-006
  0.52094839E-006
  0.52095188E-006
  0.52095543E-006
  0.52095905E-006
  0.52096272E-006
  0.52096645E-006
  0.52097022E-006
  0.52097404E-006
  0.52097790E-006
  0.52098180E-006
  0.52098572E-006
  0.52098967E-006
  0.52099363E-006
  0.52099761E-006
  0.52100159E-006
  0.52100557E-006
  0.52100954E-006
  0.52101351E-006
  0.52101745E-006
  0.52102138E-006
  0.52102527E-006
  0.52102913E-006
  0.52103295E-006
  0.52103672E-006
  0.52104045E-006
  0.52104412E-006
  0.52104773E-006
  0.52105128E-006
  0.52105476E-006
  0.52105818E-006
  0.52106152E-006
  0.52106479E-006
  0.52106798E-006
  0.52107109E-006
  0.52107412E-006
  0.52107707E-006
  0.52107994E-006
  0.52108272E-006
  0.52108542E-006
  0.52108803E-006
  0.52109056E-006
  0.52109300E-006
  0.52109537E-006
  0.52109764E-006
  0.52109984E-006
  0.52110195E-006
  0.52110399E-006
  0.52110594E-006
  0.52110782E-006
  0.52110962E-006
  0.52111135E-006
  0.52111301E-006
  0.52111459E-006
  0.52111611E-006
  0.52111756E-006
  0.52111894E-006
  0.52112027E-006
  0.52112153E-006
  0.52112273E-006
  0.52112387E-006
  0.52112496E-006
  0.52112599E-006
  0.52112698E-006
  0.52112791E-006
  0.52112880E-006
  0.52112964E-006
  0.52113044E-006
  0.52113120E-006
  0.52113191E-006
  0.52113259E-006
  0.52113323E-006
  0.52113384E-006
  0.52113442E-006
  0.52113496E-006
  0.52113547E-006
  0.52113595E-006
  0.52113641E-006
  0.52113684E-006
  0.52113724E-006
  0.52113762E-006
  0.52113798E-006
  0.52113832E-006
  0.52113864E-006
  0.52113894E-006
  0.52113922E-006
  0.52113948E-006
  0.52113973E-006
  0.52113997E-006
  0.52114018E-006
  0.52114039E-006
  0.52114058E-006
  0.52114076E-006
  0.52114093E-006
  0.52114109E-006
  0.52114124E-006
  0.52114138E-006
  0.52114151E-006
  0.52114163E-006
  0.52114175E-006
  0.52114186E-006
  0.52114195E-006
  0.52114205E-006
  0.52114213E-006
  0.52114222E-006
  0.52114229E-006
  0.52114236E-006
  0.52114243E-006
  0.52114249E-006
  0.52114254E-006
  0.52114260E-006
  0.52114265E-006
  0.52114269E-006
  0.52114273E-006
  0.52114277E-006
  0.52114281E-006
  0.52114284E-006
  0.52114287E-006
  0.52114290E-006
  0.52114292E-006
  0.52114295E-006
  0.52114297E-006
  0.52114299E-006
  0.52114301E-006
  0.52114302E-006
  0.52114304E-006
  0.52114305E-006
  0.52114306E-006
  0.52114308E-006
  0.52114309E-006
  0.52114309E-006
  0.52114310E-006
  0.52114311E-006
  0.52114312E-006
  0.52114312E-006
  0.52114313E-006
  0.52114313E-006
  0.52114314E-006
  0.52114314E-006
