  0.28931956E+000
  0.28466898E+000
  0.28483037E+000
  0.28590055E+000
  0.28703661E+000
  0.28803455E+000
  0.28870744E+000
  0.28909913E+000
  0.28928418E+000
  0.28936959E+000
  0.28940388E+000
  0.28941200E+000
  0.28940673E+000
  0.28939452E+000
  0.28937872E+000
  0.28936113E+000
  0.28934281E+000
  0.28932442E+000
  0.28930640E+000
  0.28928907E+000
  0.28927267E+000
  0.28925734E+000
  0.28924321E+000
  0.28923032E+000
  0.28921872E+000
  0.28920841E+000
  0.28919937E+000
  0.28919158E+000
  0.28918497E+000
  0.28917950E+000
  0.28917509E+000
  0.28917166E+000
  0.28916914E+000
  0.28916745E+000
  0.28916648E+000
  0.28916616E+000
  0.28916640E+000
  0.28916710E+000
  0.28916820E+000
  0.28916961E+000
  0.28917125E+000
  0.28917306E+000
  0.28917499E+000
  0.28917697E+000
  0.28917899E+000
  0.28918099E+000
  0.28918296E+000
  0.28918488E+000
  0.28918676E+000
  0.28918858E+000
  0.28919036E+000
  0.28919209E+000
  0.28919380E+000
  0.28919549E+000
  0.28919718E+000
  0.28919887E+000
  0.28920057E+000
  0.28920230E+000
  0.28920406E+000
  0.28920585E+000
  0.28920767E+000
  0.28920954E+000
  0.28921144E+000
  0.28921337E+000
  0.28921534E+000
  0.28921735E+000
  0.28921939E+000
  0.28922146E+000
  0.28922355E+000
  0.28922568E+000
  0.28922782E+000
  0.28922998E+000
  0.28923216E+000
  0.28923435E+000
  0.28923655E+000
  0.28923876E+000
  0.28924097E+000
  0.28924318E+000
  0.28924538E+000
  0.28924759E+000
  0.28924978E+000
  0.28925195E+000
  0.28925411E+000
  0.28925626E+000
  0.28925838E+000
  0.28926047E+000
  0.28926254E+000
  0.28926458E+000
  0.28926658E+000
  0.28926855E+000
  0.28927049E+000
  0.28927238E+000
  0.28927424E+000
  0.28927605E+000
  0.28927783E+000
  0.28927955E+000
  0.28928124E+000
  0.28928287E+000
  0.28928446E+000
  0.28928601E+000
  0.28928751E+000
  0.28928896E+000
  0.28929036E+000
  0.28929172E+000
  0.28929303E+000
  0.28929429E+000
  0.28929551E+000
  0.28929669E+000
  0.28929782E+000
  0.28929890E+000
  0.28929994E+000
  0.28930095E+000
  0.28930190E+000
  0.28930282E+000
  0.28930370E+000
  0.28930455E+000
  0.28930535E+000
  0.28930612E+000
  0.28930685E+000
  0.28930755E+000
  0.28930822E+000
  0.28930885E+000
  0.28930946E+000
  0.28931003E+000
  0.28931058E+000
  0.28931110E+000
  0.28931159E+000
  0.28931206E+000
  0.28931250E+000
  0.28931292E+000
  0.28931332E+000
  0.28931370E+000
  0.28931405E+000
  0.28931439E+000
  0.28931471E+000
  0.28931501E+000
  0.28931529E+000
  0.28931556E+000
  0.28931581E+000
  0.28931605E+000
  0.28931628E+000
  0.28931649E+000
  0.28931669E+000
  0.28931688E+000
  0.28931705E+000
  0.28931722E+000
  0.28931738E+000
  0.28931752E+000
  0.28931766E+000
  0.28931779E+000
  0.28931791E+000
  0.28931803E+000
  0.28931813E+000
  0.28931823E+000
  0.28931833E+000
  0.28931842E+000
  0.28931850E+000
  0.28931858E+000
  0.28931865E+000
  0.28931872E+000
  0.28931878E+000
  0.28931884E+000
  0.28931889E+000
  0.28931895E+000
  0.28931899E+000
  0.28931904E+000
  0.28931908E+000
  0.28931912E+000
  0.28931916E+000
  0.28931919E+000
  0.28931922E+000
  0.28931925E+000
  0.28931928E+000
  0.28931930E+000
  0.28931933E+000
  0.28931935E+000
  0.28931937E+000
  0.28931939E+000
  0.28931940E+000
  0.28931942E+000
  0.28931943E+000
  0.28931945E+000
  0.28931946E+000
  0.28931947E+000
  0.28931948E+000
  0.28931949E+000
  0.28931950E+000
  0.28931950E+000
  0.28931951E+000
  0.28931952E+000
  0.28931952E+000
  0.28931953E+000
  0.28931953E+000
  0.28931954E+000
  0.28931954E+000
  0.28931954E+000
  0.28931954E+000
  0.28931955E+000
  0.28931955E+000
  0.28931955E+000
