  0.69328195E-001
  0.68152021E-001
  0.67687971E-001
  0.67494558E-001
  0.67428570E-001
  0.67411655E-001
  0.67431534E-001
  0.67477592E-001
  0.67543394E-001
  0.67624226E-001
  0.67716331E-001
  0.67814991E-001
  0.67916444E-001
  0.68018559E-001
  0.68119385E-001
  0.68217447E-001
  0.68311675E-001
  0.68401296E-001
  0.68485825E-001
  0.68564963E-001
  0.68638596E-001
  0.68706705E-001
  0.68769375E-001
  0.68826877E-001
  0.68879365E-001
  0.68927023E-001
  0.68970080E-001
  0.69008808E-001
  0.69043487E-001
  0.69074419E-001
  0.69101910E-001
  0.69126261E-001
  0.69147765E-001
  0.69166706E-001
  0.69183354E-001
  0.69197962E-001
  0.69210766E-001
  0.69221989E-001
  0.69231827E-001
  0.69240462E-001
  0.69248058E-001
  0.69254758E-001
  0.69260688E-001
  0.69265959E-001
  0.69270664E-001
  0.69274879E-001
  0.69278681E-001
  0.69282118E-001
  0.69285237E-001
  0.69288076E-001
  0.69290669E-001
  0.69293036E-001
  0.69295200E-001
  0.69297177E-001
  0.69298983E-001
  0.69300633E-001
  0.69302134E-001
  0.69303505E-001
  0.69304751E-001
  0.69305888E-001
  0.69306925E-001
  0.69307871E-001
  0.69308740E-001
  0.69309537E-001
  0.69310272E-001
  0.69310952E-001
  0.69311585E-001
  0.69312175E-001
  0.69312727E-001
  0.69313246E-001
  0.69313734E-001
  0.69314195E-001
  0.69314631E-001
  0.69315044E-001
  0.69315436E-001
  0.69315809E-001
  0.69316163E-001
  0.69316501E-001
  0.69316822E-001
  0.69317129E-001
  0.69317423E-001
  0.69317703E-001
  0.69317971E-001
  0.69318228E-001
  0.69318475E-001
  0.69318711E-001
  0.69318940E-001
  0.69319160E-001
  0.69319372E-001
  0.69319578E-001
  0.69319777E-001
  0.69319971E-001
  0.69320160E-001
  0.69320344E-001
  0.69320525E-001
  0.69320701E-001
  0.69320874E-001
  0.69321045E-001
  0.69321212E-001
  0.69321378E-001
  0.69321541E-001
  0.69321702E-001
  0.69321861E-001
  0.69322019E-001
  0.69322174E-001
  0.69322329E-001
  0.69322482E-001
  0.69322633E-001
  0.69322782E-001
  0.69322930E-001
  0.69323077E-001
  0.69323221E-001
  0.69323364E-001
  0.69323505E-001
  0.69323645E-001
  0.69323782E-001
  0.69323917E-001
  0.69324050E-001
  0.69324181E-001
  0.69324310E-001
  0.69324436E-001
  0.69324560E-001
  0.69324682E-001
  0.69324801E-001
  0.69324918E-001
  0.69325032E-001
  0.69325143E-001
  0.69325252E-001
  0.69325359E-001
  0.69325462E-001
  0.69325563E-001
  0.69325662E-001
  0.69325758E-001
  0.69325851E-001
  0.69325941E-001
  0.69326029E-001
  0.69326115E-001
  0.69326198E-001
  0.69326278E-001
  0.69326356E-001
  0.69326431E-001
  0.69326504E-001
  0.69326575E-001
  0.69326643E-001
  0.69326709E-001
  0.69326773E-001
  0.69326834E-001
  0.69326894E-001
  0.69326951E-001
  0.69327006E-001
  0.69327059E-001
  0.69327110E-001
  0.69327159E-001
  0.69327207E-001
  0.69327252E-001
  0.69327296E-001
  0.69327338E-001
  0.69327378E-001
  0.69327417E-001
  0.69327454E-001
  0.69327490E-001
  0.69327524E-001
  0.69327557E-001
  0.69327588E-001
  0.69327618E-001
  0.69327646E-001
  0.69327674E-001
  0.69327700E-001
  0.69327725E-001
  0.69327748E-001
  0.69327771E-001
  0.69327793E-001
  0.69327813E-001
  0.69327833E-001
  0.69327852E-001
  0.69327869E-001
  0.69327886E-001
  0.69327902E-001
  0.69327918E-001
  0.69327932E-001
  0.69327946E-001
  0.69327959E-001
  0.69327971E-001
  0.69327983E-001
  0.69327994E-001
  0.69328005E-001
  0.69328015E-001
  0.69328024E-001
  0.69328033E-001
  0.69328042E-001
  0.69328050E-001
  0.69328058E-001
  0.69328065E-001
  0.69328071E-001
  0.69328078E-001
  0.69328084E-001
  0.69328090E-001
  0.69328096E-001
  0.69328102E-001
  0.69328106E-001
