  0.82261485E+000
  0.82260180E+000
  0.82259092E+000
  0.82258187E+000
  0.82257423E+000
  0.82256772E+000
  0.82256214E+000
  0.82255733E+000
  0.82255317E+000
  0.82254956E+000
  0.82254641E+000
  0.82254366E+000
  0.82254125E+000
  0.82253912E+000
  0.82253725E+000
  0.82253559E+000
  0.82253412E+000
  0.82253282E+000
  0.82253165E+000
  0.82253061E+000
  0.82252968E+000
  0.82252884E+000
  0.82252809E+000
  0.82252742E+000
  0.82252682E+000
  0.82252627E+000
  0.82252579E+000
  0.82252535E+000
  0.82252496E+000
  0.82252462E+000
  0.82252432E+000
  0.82252406E+000
  0.82252383E+000
  0.82252364E+000
  0.82252348E+000
  0.82252336E+000
  0.82252327E+000
  0.82252321E+000
  0.82252319E+000
  0.82252319E+000
  0.82252323E+000
  0.82252330E+000
  0.82252341E+000
  0.82252355E+000
  0.82252372E+000
  0.82252392E+000
  0.82252416E+000
  0.82252443E+000
  0.82252474E+000
  0.82252508E+000
  0.82252546E+000
  0.82252587E+000
  0.82252632E+000
  0.82252680E+000
  0.82252732E+000
  0.82252788E+000
  0.82252847E+000
  0.82252909E+000
  0.82252975E+000
  0.82253045E+000
  0.82253118E+000
  0.82253195E+000
  0.82253275E+000
  0.82253358E+000
  0.82253445E+000
  0.82253536E+000
  0.82253629E+000
  0.82253726E+000
  0.82253826E+000
  0.82253929E+000
  0.82254035E+000
  0.82254144E+000
  0.82254256E+000
  0.82254371E+000
  0.82254488E+000
  0.82254608E+000
  0.82254731E+000
  0.82254856E+000
  0.82254983E+000
  0.82255112E+000
  0.82255243E+000
  0.82255375E+000
  0.82255509E+000
  0.82255645E+000
  0.82255782E+000
  0.82255921E+000
  0.82256060E+000
  0.82256200E+000
  0.82256341E+000
  0.82256483E+000
  0.82256625E+000
  0.82256767E+000
  0.82256909E+000
  0.82257052E+000
  0.82257194E+000
  0.82257337E+000
  0.82257478E+000
  0.82257620E+000
  0.82257761E+000
  0.82257901E+000
  0.82258040E+000
  0.82258179E+000
  0.82258316E+000
  0.82258452E+000
  0.82258588E+000
  0.82258722E+000
  0.82258854E+000
  0.82258985E+000
  0.82259115E+000
  0.82259243E+000
  0.82259369E+000
  0.82259493E+000
  0.82259616E+000
  0.82259737E+000
  0.82259856E+000
  0.82259973E+000
  0.82260087E+000
  0.82260200E+000
  0.82260311E+000
  0.82260419E+000
  0.82260526E+000
  0.82260630E+000
  0.82260731E+000
  0.82260831E+000
  0.82260928E+000
  0.82261022E+000
  0.82261114E+000
  0.82261204E+000
  0.82261291E+000
  0.82261376E+000
  0.82261459E+000
  0.82261539E+000
  0.82261616E+000
  0.82261691E+000
  0.82261763E+000
  0.82261833E+000
  0.82261901E+000
  0.82261966E+000
  0.82262028E+000
  0.82262088E+000
  0.82262145E+000
  0.82262200E+000
  0.82262253E+000
  0.82262303E+000
  0.82262350E+000
  0.82262395E+000
  0.82262438E+000
  0.82262479E+000
  0.82262517E+000
  0.82262553E+000
  0.82262586E+000
  0.82262617E+000
  0.82262646E+000
  0.82262673E+000
  0.82262698E+000
  0.82262721E+000
  0.82262741E+000
  0.82262760E+000
  0.82262776E+000
  0.82262791E+000
  0.82262803E+000
  0.82262814E+000
  0.82262823E+000
  0.82262831E+000
  0.82262836E+000
  0.82262840E+000
  0.82262842E+000
  0.82262843E+000
  0.82262843E+000
  0.82262840E+000
  0.82262837E+000
  0.82262832E+000
  0.82262826E+000
  0.82262819E+000
  0.82262810E+000
  0.82262801E+000
  0.82262790E+000
  0.82262779E+000
  0.82262766E+000
  0.82262753E+000
  0.82262738E+000
  0.82262723E+000
  0.82262708E+000
  0.82262691E+000
  0.82262674E+000
  0.82262657E+000
  0.82262639E+000
  0.82262620E+000
  0.82262601E+000
  0.82262581E+000
  0.82262562E+000
  0.82262542E+000
  0.82262521E+000
  0.82262501E+000
  0.82262480E+000
  0.82262459E+000
  0.82262438E+000
  0.82262417E+000
  0.82262396E+000
  0.82262375E+000
