  0.42916938E+000
  0.42951114E+000
  0.42970860E+000
  0.42985766E+000
  0.42998099E+000
  0.43008397E+000
  0.43016964E+000
  0.43024324E+000
  0.43030372E+000
  0.43035711E+000
  0.43039857E+000
  0.43043409E+000
  0.43046565E+000
  0.43049321E+000
  0.43051324E+000
  0.43053224E+000
  0.43054810E+000
  0.43056111E+000
  0.43057281E+000
  0.43058114E+000
  0.43058812E+000
  0.43059325E+000
  0.43059765E+000
  0.43060137E+000
  0.43060412E+000
  0.43060711E+000
  0.43060949E+000
  0.43061102E+000
  0.43061183E+000
  0.43061217E+000
  0.43061253E+000
  0.43061302E+000
  0.43061266E+000
  0.43061219E+000
  0.43061182E+000
  0.43061059E+000
  0.43061050E+000
  0.43060986E+000
  0.43060938E+000
  0.43060885E+000
  0.43060827E+000
  0.43060788E+000
  0.43060757E+000
  0.43060739E+000
  0.43060671E+000
  0.43060637E+000
  0.43060644E+000
  0.43060635E+000
  0.43060631E+000
  0.43060663E+000
  0.43060667E+000
  0.43060712E+000
  0.43060742E+000
  0.43060767E+000
  0.43060825E+000
  0.43060861E+000
  0.43060974E+000
  0.43061009E+000
  0.43061061E+000
  0.43061100E+000
  0.43061134E+000
  0.43061190E+000
  0.43061223E+000
  0.43061271E+000
  0.43061312E+000
  0.43061345E+000
  0.43061375E+000
  0.43061400E+000
  0.43061431E+000
  0.43061466E+000
  0.43061501E+000
  0.43061534E+000
  0.43061548E+000
  0.43061585E+000
  0.43061614E+000
  0.43061646E+000
  0.43061698E+000
  0.43061723E+000
  0.43061751E+000
  0.43061781E+000
  0.43061810E+000
  0.43061840E+000
  0.43061870E+000
  0.43061901E+000
  0.43061931E+000
  0.43061961E+000
  0.43061992E+000
  0.43062023E+000
  0.43062053E+000
  0.43062085E+000
  0.43062117E+000
  0.43062148E+000
  0.43062181E+000
  0.43062213E+000
  0.43062246E+000
  0.43062280E+000
  0.43062314E+000
  0.43062348E+000
  0.43062383E+000
  0.43062418E+000
  0.43062453E+000
  0.43062489E+000
  0.43062525E+000
  0.43062561E+000
  0.43062597E+000
  0.43062634E+000
  0.43062670E+000
  0.43062707E+000
  0.43062743E+000
  0.43062780E+000
  0.43062815E+000
  0.43062852E+000
  0.43062887E+000
  0.43062923E+000
  0.43062959E+000
  0.43062993E+000
  0.43063028E+000
  0.43063062E+000
  0.43063095E+000
  0.43063128E+000
  0.43063160E+000
  0.43063191E+000
  0.43063221E+000
  0.43063250E+000
  0.43063279E+000
  0.43063306E+000
  0.43063332E+000
  0.43063358E+000
  0.43063382E+000
  0.43063404E+000
  0.43063426E+000
  0.43063446E+000
  0.43063465E+000
  0.43063482E+000
  0.43063497E+000
  0.43063511E+000
  0.43063524E+000
  0.43063535E+000
  0.43063544E+000
  0.43063552E+000
  0.43063557E+000
  0.43063562E+000
  0.43063564E+000
  0.43063565E+000
  0.43063563E+000
  0.43063560E+000
  0.43063555E+000
  0.43063548E+000
  0.43063539E+000
  0.43063528E+000
  0.43063516E+000
  0.43063501E+000
  0.43063485E+000
  0.43063467E+000
  0.43063447E+000
  0.43063425E+000
  0.43063401E+000
  0.43063376E+000
  0.43063349E+000
  0.43063320E+000
  0.43063290E+000
  0.43063258E+000
  0.43063224E+000
  0.43063189E+000
  0.43063153E+000
  0.43063115E+000
  0.43063076E+000
  0.43063035E+000
  0.43062993E+000
  0.43062950E+000
  0.43062906E+000
  0.43062861E+000
  0.43062815E+000
  0.43062767E+000
  0.43062719E+000
  0.43062670E+000
  0.43062621E+000
  0.43062571E+000
  0.43062520E+000
  0.43062469E+000
  0.43062417E+000
  0.43062365E+000
  0.43062313E+000
  0.43062260E+000
  0.43062207E+000
  0.43062154E+000
  0.43062101E+000
  0.43062048E+000
  0.43061995E+000
  0.43061942E+000
  0.43061889E+000
  0.43061836E+000
  0.43061784E+000
  0.43061731E+000
  0.43061680E+000
  0.43061628E+000
  0.43061577E+000
  0.43061526E+000
  0.43061476E+000
  0.43061427E+000
