  0.91291450E+000
  0.91281813E+000
  0.91275568E+000
  0.91271242E+000
  0.91268190E+000
  0.91266051E+000
  0.91264599E+000
  0.91263674E+000
  0.91263158E+000
  0.91262959E+000
  0.91263003E+000
  0.91263232E+000
  0.91263600E+000
  0.91264074E+000
  0.91264625E+000
  0.91265234E+000
  0.91265881E+000
  0.91266555E+000
  0.91267243E+000
  0.91267939E+000
  0.91268635E+000
  0.91269325E+000
  0.91270008E+000
  0.91270678E+000
  0.91271333E+000
  0.91271972E+000
  0.91272594E+000
  0.91273197E+000
  0.91273780E+000
  0.91274343E+000
  0.91274886E+000
  0.91275407E+000
  0.91275907E+000
  0.91276386E+000
  0.91276844E+000
  0.91277280E+000
  0.91277695E+000
  0.91278088E+000
  0.91278460E+000
  0.91278811E+000
  0.91279141E+000
  0.91279450E+000
  0.91279739E+000
  0.91280008E+000
  0.91280259E+000
  0.91280491E+000
  0.91280707E+000
  0.91280906E+000
  0.91281090E+000
  0.91281261E+000
  0.91281420E+000
  0.91281568E+000
  0.91281707E+000
  0.91281837E+000
  0.91281961E+000
  0.91282080E+000
  0.91282195E+000
  0.91282306E+000
  0.91282416E+000
  0.91282524E+000
  0.91282631E+000
  0.91282739E+000
  0.91282848E+000
  0.91282957E+000
  0.91283069E+000
  0.91283181E+000
  0.91283296E+000
  0.91283413E+000
  0.91283532E+000
  0.91283653E+000
  0.91283776E+000
  0.91283902E+000
  0.91284029E+000
  0.91284159E+000
  0.91284291E+000
  0.91284425E+000
  0.91284561E+000
  0.91284698E+000
  0.91284838E+000
  0.91284978E+000
  0.91285120E+000
  0.91285264E+000
  0.91285409E+000
  0.91285554E+000
  0.91285701E+000
  0.91285848E+000
  0.91285996E+000
  0.91286144E+000
  0.91286293E+000
  0.91286442E+000
  0.91286591E+000
  0.91286741E+000
  0.91286890E+000
  0.91287038E+000
  0.91287186E+000
  0.91287334E+000
  0.91287481E+000
  0.91287627E+000
  0.91287773E+000
  0.91287917E+000
  0.91288061E+000
  0.91288203E+000
  0.91288343E+000
  0.91288483E+000
  0.91288621E+000
  0.91288757E+000
  0.91288892E+000
  0.91289025E+000
  0.91289156E+000
  0.91289285E+000
  0.91289412E+000
  0.91289537E+000
  0.91289660E+000
  0.91289781E+000
  0.91289900E+000
  0.91290016E+000
  0.91290130E+000
  0.91290242E+000
  0.91290351E+000
  0.91290458E+000
  0.91290562E+000
  0.91290664E+000
  0.91290763E+000
  0.91290860E+000
  0.91290954E+000
  0.91291046E+000
  0.91291135E+000
  0.91291221E+000
  0.91291305E+000
  0.91291386E+000
  0.91291465E+000
  0.91291540E+000
  0.91291614E+000
  0.91291684E+000
  0.91291752E+000
  0.91291818E+000
  0.91291881E+000
  0.91291941E+000
  0.91291998E+000
  0.91292054E+000
  0.91292106E+000
  0.91292156E+000
  0.91292204E+000
  0.91292249E+000
  0.91292292E+000
  0.91292333E+000
  0.91292371E+000
  0.91292407E+000
  0.91292440E+000
  0.91292472E+000
  0.91292501E+000
  0.91292528E+000
  0.91292553E+000
  0.91292575E+000
  0.91292596E+000
  0.91292615E+000
  0.91292632E+000
  0.91292647E+000
  0.91292660E+000
  0.91292671E+000
  0.91292681E+000
  0.91292689E+000
  0.91292695E+000
  0.91292700E+000
  0.91292703E+000
  0.91292705E+000
  0.91292705E+000
  0.91292704E+000
  0.91292701E+000
  0.91292697E+000
  0.91292692E+000
  0.91292686E+000
  0.91292679E+000
  0.91292671E+000
  0.91292661E+000
  0.91292651E+000
  0.91292640E+000
  0.91292628E+000
  0.91292615E+000
  0.91292602E+000
  0.91292588E+000
  0.91292573E+000
  0.91292557E+000
  0.91292541E+000
  0.91292525E+000
  0.91292508E+000
  0.91292490E+000
  0.91292473E+000
  0.91292454E+000
  0.91292436E+000
  0.91292417E+000
  0.91292399E+000
  0.91292380E+000
  0.91292360E+000
  0.91292341E+000
  0.91292322E+000
  0.91292302E+000
  0.91292283E+000
  0.91292263E+000
  0.91292244E+000
