  0.93159550E+000
  0.93015255E+000
  0.92941089E+000
  0.92897017E+000
  0.92870832E+000
  0.92856662E+000
  0.92851081E+000
  0.92851736E+000
  0.92856921E+000
  0.92865304E+000
  0.92875870E+000
  0.92887835E+000
  0.92900636E+000
  0.92913872E+000
  0.92927233E+000
  0.92940502E+000
  0.92953518E+000
  0.92966163E+000
  0.92978356E+000
  0.92990049E+000
  0.93001213E+000
  0.93011834E+000
  0.93021907E+000
  0.93031439E+000
  0.93040442E+000
  0.93048931E+000
  0.93056928E+000
  0.93064453E+000
  0.93071529E+000
  0.93078181E+000
  0.93084431E+000
  0.93090302E+000
  0.93095816E+000
  0.93100994E+000
  0.93105854E+000
  0.93110414E+000
  0.93114689E+000
  0.93118694E+000
  0.93122442E+000
  0.93125942E+000
  0.93129207E+000
  0.93132242E+000
  0.93135058E+000
  0.93137661E+000
  0.93140057E+000
  0.93142254E+000
  0.93144260E+000
  0.93146081E+000
  0.93147725E+000
  0.93149202E+000
  0.93150521E+000
  0.93151692E+000
  0.93152726E+000
  0.93153634E+000
  0.93154427E+000
  0.93155118E+000
  0.93155717E+000
  0.93156235E+000
  0.93156682E+000
  0.93157068E+000
  0.93157403E+000
  0.93157692E+000
  0.93157944E+000
  0.93158164E+000
  0.93158357E+000
  0.93158528E+000
  0.93158680E+000
  0.93158816E+000
  0.93158937E+000
  0.93159047E+000
  0.93159146E+000
  0.93159236E+000
  0.93159318E+000
  0.93159392E+000
  0.93159459E+000
  0.93159520E+000
  0.93159575E+000
  0.93159625E+000
  0.93159669E+000
  0.93159708E+000
  0.93159743E+000
  0.93159773E+000
  0.93159800E+000
  0.93159822E+000
  0.93159842E+000
  0.93159858E+000
  0.93159870E+000
  0.93159881E+000
  0.93159888E+000
  0.93159894E+000
  0.93159897E+000
  0.93159898E+000
  0.93159898E+000
  0.93159896E+000
  0.93159893E+000
  0.93159889E+000
  0.93159884E+000
  0.93159878E+000
  0.93159872E+000
  0.93159865E+000
  0.93159857E+000
  0.93159850E+000
  0.93159841E+000
  0.93159833E+000
  0.93159825E+000
  0.93159816E+000
  0.93159808E+000
  0.93159799E+000
  0.93159791E+000
  0.93159782E+000
  0.93159774E+000
  0.93159766E+000
  0.93159758E+000
  0.93159750E+000
  0.93159742E+000
  0.93159735E+000
  0.93159728E+000
  0.93159720E+000
  0.93159713E+000
  0.93159707E+000
  0.93159700E+000
  0.93159693E+000
  0.93159687E+000
  0.93159681E+000
  0.93159675E+000
  0.93159669E+000
  0.93159663E+000
  0.93159658E+000
  0.93159652E+000
  0.93159647E+000
  0.93159642E+000
  0.93159637E+000
  0.93159632E+000
  0.93159628E+000
  0.93159623E+000
  0.93159619E+000
  0.93159615E+000
  0.93159611E+000
  0.93159607E+000
  0.93159603E+000
  0.93159599E+000
  0.93159595E+000
  0.93159592E+000
  0.93159589E+000
  0.93159585E+000
  0.93159582E+000
  0.93159579E+000
  0.93159576E+000
  0.93159574E+000
  0.93159571E+000
  0.93159568E+000
  0.93159566E+000
  0.93159564E+000
  0.93159561E+000
  0.93159559E+000
  0.93159557E+000
  0.93159555E+000
  0.93159553E+000
  0.93159551E+000
  0.93159550E+000
  0.93159548E+000
  0.93159546E+000
  0.93159545E+000
  0.93159543E+000
  0.93159542E+000
  0.93159541E+000
  0.93159540E+000
  0.93159539E+000
  0.93159538E+000
  0.93159537E+000
  0.93159536E+000
  0.93159535E+000
  0.93159534E+000
  0.93159533E+000
  0.93159533E+000
  0.93159532E+000
  0.93159531E+000
  0.93159531E+000
  0.93159530E+000
  0.93159530E+000
  0.93159529E+000
  0.93159529E+000
  0.93159529E+000
  0.93159529E+000
  0.93159528E+000
  0.93159528E+000
  0.93159528E+000
  0.93159528E+000
  0.93159528E+000
  0.93159528E+000
  0.93159528E+000
  0.93159528E+000
  0.93159528E+000
  0.93159528E+000
  0.93159528E+000
  0.93159528E+000
  0.93159528E+000
  0.93159528E+000
  0.93159529E+000
  0.93159529E+000
