  0.30377320E+000  0.32213397E+000  0.46552353E+000  0.63532822E+000  0.80894395E+000  0.91700498E+000  0.13018008E+001  0.18927254E+001  0.26485634E+001  0.41171700E+001  0.58409838E+001
  0.30364693E+000  0.32130497E+000  0.46429183E+000  0.63362056E+000  0.80845402E+000  0.91581571E+000  0.12993283E+001  0.18928796E+001  0.26435930E+001  0.41204083E+001  0.58414183E+001
  0.30354236E+000  0.32077665E+000  0.46350686E+000  0.63253225E+000  0.80749018E+000  0.91485812E+000  0.12970489E+001  0.18921698E+001  0.26416282E+001  0.41174299E+001  0.58412103E+001
  0.30345506E+000  0.32038508E+000  0.46292506E+000  0.63172562E+000  0.80675453E+000  0.91422064E+000  0.12953594E+001  0.18923750E+001  0.26405306E+001  0.41241819E+001  0.58409878E+001
  0.30338170E+000  0.32007443E+000  0.46246349E+000  0.63108569E+000  0.80613787E+000  0.91361675E+000  0.12940191E+001  0.18922516E+001  0.26395405E+001  0.41220033E+001  0.58407827E+001
  0.30331975E+000  0.31982091E+000  0.46203107E+000  0.63039495E+000  0.80563354E+000  0.91312031E+000  0.12929253E+001  0.18922090E+001  0.26388479E+001  0.41174306E+001  0.58406116E+001
  0.30326729E+000  0.31961121E+000  0.46177523E+000  0.63013145E+000  0.80520821E+000  0.91271527E+000  0.12920205E+001  0.18923298E+001  0.26381660E+001  0.41157100E+001  0.58404678E+001
  0.30329036E+000  0.31943619E+000  0.46151517E+000  0.62977089E+000  0.80489430E+000  0.91235446E+000  0.12912653E+001  0.18922682E+001  0.26376530E+001  0.41132704E+001  0.58404033E+001
  0.30324501E+000  0.31928195E+000  0.46129757E+000  0.62946919E+000  0.80463189E+000  0.91202414E+000  0.12906334E+001  0.18922175E+001  0.26371875E+001  0.41112779E+001  0.58402414E+001
  0.30320670E+000  0.31916686E+000  0.46111500E+000  0.62921607E+000  0.80443113E+000  0.91182711E+000  0.12901032E+001  0.18921727E+001  0.26367991E+001  0.41095624E+001  0.58401541E+001
  0.30317423E+000  0.31906340E+000  0.46096128E+000  0.62881460E+000  0.80423826E+000  0.91157602E+000  0.12896569E+001  0.18921420E+001  0.26364583E+001  0.41081316E+001  0.58400798E+001
  0.30314664E+000  0.31895788E+000  0.46080873E+000  0.62882308E+000  0.80408964E+000  0.91143873E+000  0.12892801E+001  0.18920912E+001  0.26361866E+001  0.41069252E+001  0.58400164E+001
  0.30312314E+000  0.31890231E+000  0.46065603E+000  0.62867107E+000  0.80396059E+000  0.91128163E+000  0.12889618E+001  0.18920363E+001  0.26359389E+001  0.41059032E+001  0.58400756E+001
  0.30310307E+000  0.31883985E+000  0.46062912E+000  0.62854241E+000  0.80383057E+000  0.91114354E+000  0.12886923E+001  0.18920068E+001  0.26357281E+001  0.41050381E+001  0.58399593E+001
  0.30308591E+000  0.31876767E+000  0.46055046E+000  0.62843336E+000  0.80375123E+000  0.91106893E+000  0.12884639E+001  0.18919574E+001  0.26355326E+001  0.41042993E+001  0.58398714E+001
  0.30307120E+000  0.31874203E+000  0.46048376E+000  0.62834088E+000  0.80367409E+000  0.91097318E+000  0.12882702E+001  0.18917838E+001  0.26353872E+001  0.41036742E+001  0.58398368E+001
  0.30305859E+000  0.31870397E+000  0.46042721E+000  0.62826247E+000  0.80358926E+000  0.91088171E+000  0.12881059E+001  0.18917630E+001  0.26352350E+001  0.41031412E+001  0.58398070E+001
  0.30304774E+000  0.31867169E+000  0.46037924E+000  0.62819597E+000  0.80354486E+000  0.91083513E+000  0.12879667E+001  0.18916019E+001  0.26351325E+001  0.41026967E+001  0.58397813E+001
  0.30303841E+000  0.31864432E+000  0.46033859E+000  0.62813960E+000  0.80350826E+000  0.91077642E+000  0.12878486E+001  0.18915369E+001  0.26350521E+001  0.41023059E+001  0.58398749E+001
  0.30303037E+000  0.31862112E+000  0.46030411E+000  0.62809180E+000  0.80345403E+000  0.91071622E+000  0.12877485E+001  0.18914332E+001  0.26349906E+001  0.41019804E+001  0.58398276E+001
  0.30302343E+000  0.31859819E+000  0.46027492E+000  0.62805133E+000  0.80342666E+000  0.91068941E+000  0.12876637E+001  0.18913534E+001  0.26349193E+001  0.41017083E+001  0.58397870E+001
  0.30301744E+000  0.31858485E+000  0.46025022E+000  0.62801708E+000  0.80340385E+000  0.91065178E+000  0.12875920E+001  0.18913379E+001  0.26348353E+001  0.41014713E+001  0.58397520E+001
  0.30301224E+000  0.31857080E+000  0.46022935E+000  0.62798814E+000  0.80335214E+000  0.91061141E+000  0.12875314E+001  0.18913249E+001  0.26348055E+001  0.41012739E+001  0.58397218E+001
  0.30300773E+000  0.31855896E+000  0.46021174E+000  0.62796373E+000  0.80333484E+000  0.91059547E+000  0.12874802E+001  0.18913142E+001  0.26347182E+001  0.41011072E+001  0.58396957E+001
  0.30300380E+000  0.31854897E+000  0.46019690E+000  0.62794316E+000  0.80332033E+000  0.91058598E+000  0.12874371E+001  0.18913052E+001  0.26346982E+001  0.41009666E+001  0.58396731E+001
  0.30300041E+000  0.31854057E+000  0.46018442E+000  0.62792586E+000  0.80330814E+000  0.91043715E+000  0.12874009E+001  0.18912978E+001  0.26346843E+001  0.41008482E+001  0.58396596E+001
  0.30299818E+000  0.31853351E+000  0.46017393E+000  0.62791131E+000  0.80329789E+000  0.91043116E+000  0.12873704E+001  0.18912917E+001  0.26346754E+001  0.41007664E+001  0.58396513E+001
  0.30299619E+000  0.31852759E+000  0.46016514E+000  0.62789912E+000  0.80328922E+000  0.91042599E+000  0.12873449E+001  0.18912867E+001  0.26346598E+001  0.41006646E+001  0.58396437E+001
  0.30299441E+000  0.31852261E+000  0.46015774E+000  0.62788887E+000  0.80328187E+000  0.91042150E+000  0.12873234E+001  0.18912826E+001  0.26345370E+001  0.41005942E+001  0.58396368E+001
  0.30299280E+000  0.31851843E+000  0.46015152E+000  0.62788024E+000  0.80327559E+000  0.91041756E+000  0.12873054E+001  0.18912793E+001  0.26345268E+001  0.41005258E+001  0.58396304E+001
  0.30299133E+000  0.31851490E+000  0.46014627E+000  0.62787296E+000  0.80327018E+000  0.91041407E+000  0.12872901E+001  0.18910060E+001  0.26338476E+001  0.41004701E+001  0.58396243E+001
  0.30298997E+000  0.31851190E+000  0.46014182E+000  0.62786679E+000  0.80326546E+000  0.91041092E+000  0.12872772E+001  0.18909865E+001  0.26336529E+001  0.41004231E+001  0.58396187E+001
  0.30298870E+000  0.31850934E+000  0.46013801E+000  0.62786151E+000  0.80326130E+000  0.91040806E+000  0.12872661E+001  0.18909701E+001  0.26336077E+001  0.41003832E+001  0.58396133E+001
  0.30298751E+000  0.31850712E+000  0.46013472E+000  0.62785695E+000  0.80325757E+000  0.91040541E+000  0.12872566E+001  0.18907592E+001  0.26335676E+001  0.41003489E+001  0.58396081E+001
  0.30298637E+000  0.31850518E+000  0.46013184E+000  0.62785296E+000  0.80325417E+000  0.91040294E+000  0.12872482E+001  0.18907461E+001  0.26335320E+001  0.41003190E+001  0.58396030E+001
  0.30298528E+000  0.31850346E+000  0.46012929E+000  0.62784941E+000  0.80325102E+000  0.91040058E+000  0.12872408E+001  0.18907341E+001  0.26324087E+001  0.41002926E+001  0.58395981E+001
  0.30298423E+000  0.31850190E+000  0.46012697E+000  0.62784619E+000  0.80324805E+000  0.91039833E+000  0.12872341E+001  0.18907230E+001  0.26323663E+001  0.41002690E+001  0.58395933E+001
  0.30298321E+000  0.31850046E+000  0.46012483E+000  0.62784323E+000  0.80324520E+000  0.91039614E+000  0.12872278E+001  0.18907127E+001  0.26323416E+001  0.41002474E+001  0.58395885E+001
  0.30298221E+000  0.31849911E+000  0.46012282E+000  0.62784044E+000  0.80324244E+000  0.91039399E+000  0.12872220E+001  0.18907033E+001  0.26323203E+001  0.41002274E+001  0.58395838E+001
  0.30298123E+000  0.31849781E+000  0.46012089E+000  0.62783777E+000  0.80323974E+000  0.91039189E+000  0.12872164E+001  0.18906947E+001  0.26323020E+001  0.41002085E+001  0.58395792E+001
  0.30298026E+000  0.31849656E+000  0.46011902E+000  0.62783518E+000  0.80323706E+000  0.91038980E+000  0.12872110E+001  0.18906868E+001  0.26322864E+001  0.41001906E+001  0.58395746E+001
  0.30297931E+000  0.31849532E+000  0.46011719E+000  0.62783264E+000  0.80323439E+000  0.91038774E+000  0.12872057E+001  0.18906796E+001  0.26322731E+001  0.41001733E+001  0.58395700E+001
  0.30297837E+000  0.31849409E+000  0.46011537E+000  0.62783011E+000  0.80323173E+000  0.91038568E+000  0.12872004E+001  0.18906731E+001  0.26322620E+001  0.41001564E+001  0.58395654E+001
  0.30297745E+000  0.31849287E+000  0.46011355E+000  0.62782760E+000  0.80322907E+000  0.91038365E+000  0.12871951E+001  0.18906671E+001  0.26322528E+001  0.41001400E+001  0.58395609E+001
  0.30297654E+000  0.31849165E+000  0.46011173E+000  0.62782508E+000  0.80322642E+000  0.91038162E+000  0.12871898E+001  0.18906617E+001  0.26322452E+001  0.41001238E+001  0.58395565E+001
  0.30297564E+000  0.31849042E+000  0.46010991E+000  0.62782255E+000  0.80322377E+000  0.91037962E+000  0.12871845E+001  0.18906569E+001  0.26322391E+001  0.41001079E+001  0.58395521E+001
  0.30297476E+000  0.31848920E+000  0.46010809E+000  0.62782002E+000  0.80322113E+000  0.91037764E+000  0.12871792E+001  0.18906526E+001  0.26319025E+001  0.41000922E+001  0.58395478E+001
  0.30297390E+000  0.31848797E+000  0.46010627E+000  0.62781750E+000  0.80321851E+000  0.91037569E+000  0.12871739E+001  0.18906487E+001  0.26318883E+001  0.41000767E+001  0.58395435E+001
  0.30297306E+000  0.31848675E+000  0.46010445E+000  0.62781498E+000  0.80321592E+000  0.91037377E+000  0.12871687E+001  0.18906453E+001  0.26318736E+001  0.41000615E+001  0.58395394E+001
  0.30297224E+000  0.31848554E+000  0.46010265E+000  0.62781248E+000  0.80321337E+000  0.91037189E+000  0.12871634E+001  0.18906423E+001  0.26318589E+001  0.41000466E+001  0.58395353E+001
  0.30297144E+000  0.31848434E+000  0.46010087E+000  0.62781001E+000  0.80321086E+000  0.91037005E+000  0.12871583E+001  0.18906396E+001  0.26318467E+001  0.41000320E+001  0.58395314E+001
  0.30297067E+000  0.31848316E+000  0.46009911E+000  0.62780758E+000  0.80320841E+000  0.91036826E+000  0.12871532E+001  0.18906373E+001  0.26318378E+001  0.41000177E+001  0.58395275E+001
  0.30296992E+000  0.31848200E+000  0.46009740E+000  0.62780520E+000  0.80316342E+000  0.91036652E+000  0.12871482E+001  0.18906353E+001  0.26318302E+001  0.41000039E+001  0.58395238E+001
  0.30296920E+000  0.31848087E+000  0.46009572E+000  0.62780287E+000  0.80316111E+000  0.91036483E+000  0.12871433E+001  0.18906335E+001  0.26318112E+001  0.40999904E+001  0.58395202E+001
  0.30296851E+000  0.31847977E+000  0.46009408E+000  0.62780061E+000  0.80315889E+000  0.91036320E+000  0.12871386E+001  0.18906320E+001  0.26318071E+001  0.40999774E+001  0.58395168E+001
  0.30296784E+000  0.31845392E+000  0.46009250E+000  0.62779841E+000  0.80315674E+000  0.91036163E+000  0.12871340E+001  0.18906306E+001  0.26318030E+001  0.40999648E+001  0.58395135E+001
  0.30296720E+000  0.31845301E+000  0.46009097E+000  0.62779629E+000  0.80315469E+000  0.91036013E+000  0.12871295E+001  0.18906295E+001  0.26317990E+001  0.40999527E+001  0.58395103E+001
  0.30296659E+000  0.31845214E+000  0.46008951E+000  0.62779426E+000  0.80315272E+000  0.91035868E+000  0.12871253E+001  0.18906284E+001  0.26317952E+001  0.40999411E+001  0.58395073E+001
  0.30296601E+000  0.31845130E+000  0.46008809E+000  0.62779230E+000  0.80315084E+000  0.91035730E+000  0.12871212E+001  0.18906275E+001  0.26317914E+001  0.40999300E+001  0.58395045E+001
  0.30296546E+000  0.31845050E+000  0.46008674E+000  0.62779043E+000  0.80314905E+000  0.91035598E+000  0.12871173E+001  0.18906267E+001  0.26317878E+001  0.40999194E+001  0.58395018E+001
  0.30296494E+000  0.31844974E+000  0.46008546E+000  0.62778864E+000  0.80314734E+000  0.91035472E+000  0.12871135E+001  0.18906260E+001  0.26317843E+001  0.40999094E+001  0.58394993E+001
  0.30296444E+000  0.31844901E+000  0.46008423E+000  0.62778694E+000  0.80314573E+000  0.91035353E+000  0.12871100E+001  0.18906254E+001  0.26317810E+001  0.40998998E+001  0.58394969E+001
  0.30296397E+000  0.31844832E+000  0.46008307E+000  0.62778533E+000  0.80314420E+000  0.91035241E+000  0.12871066E+001  0.18906248E+001  0.26317778E+001  0.40998907E+001  0.58394947E+001
  0.30296353E+000  0.31844767E+000  0.46008197E+000  0.62778380E+000  0.80314276E+000  0.91035134E+000  0.12871034E+001  0.18906243E+001  0.26317747E+001  0.40998821E+001  0.58394927E+001
  0.30296312E+000  0.31844705E+000  0.46008093E+000  0.62778236E+000  0.80314141E+000  0.91035034E+000  0.12871004E+001  0.18906238E+001  0.26317719E+001  0.40998740E+001  0.58394908E+001
  0.30296273E+000  0.31844648E+000  0.46007995E+000  0.62778101E+000  0.80314014E+000  0.91034940E+000  0.12870975E+001  0.18906233E+001  0.26317691E+001  0.40997812E+001  0.58394891E+001
  0.30296237E+000  0.31844593E+000  0.46007903E+000  0.62777974E+000  0.80313895E+000  0.91034853E+000  0.12870949E+001  0.18906229E+001  0.26317665E+001  0.40997740E+001  0.58394876E+001
  0.30296203E+000  0.31844543E+000  0.46007818E+000  0.62777855E+000  0.80313785E+000  0.91034771E+000  0.12870924E+001  0.18906225E+001  0.26317640E+001  0.40997674E+001  0.58394862E+001
  0.30296172E+000  0.31844496E+000  0.46007738E+000  0.62777745E+000  0.80313682E+000  0.91034695E+000  0.12870901E+001  0.18906221E+001  0.26317617E+001  0.40997612E+001  0.58394849E+001
  0.30296143E+000  0.31844452E+000  0.46007664E+000  0.62777642E+000  0.80313587E+000  0.91034625E+000  0.12870879E+001  0.18906217E+001  0.26317595E+001  0.40997556E+001  0.58394838E+001
  0.30296117E+000  0.31844412E+000  0.46007595E+000  0.62777547E+000  0.80313500E+000  0.91034560E+000  0.12870859E+001  0.18906214E+001  0.26317574E+001  0.40997503E+001  0.58394829E+001
  0.30296092E+000  0.31844375E+000  0.46007532E+000  0.62777460E+000  0.80313419E+000  0.91034501E+000  0.12870841E+001  0.18906211E+001  0.26317555E+001  0.40997455E+001  0.58394821E+001
  0.30296070E+000  0.31844341E+000  0.46007475E+000  0.62777379E+000  0.80313346E+000  0.91034447E+000  0.12870824E+001  0.18906208E+001  0.26317537E+001  0.40997411E+001  0.58394814E+001
  0.30296050E+000  0.31844310E+000  0.46007422E+000  0.62777306E+000  0.80313279E+000  0.91034398E+000  0.12870809E+001  0.18906206E+001  0.26317521E+001  0.40997370E+001  0.58394809E+001
  0.30296031E+000  0.31844282E+000  0.46007374E+000  0.62777239E+000  0.80313218E+000  0.91034353E+000  0.12870795E+001  0.18906203E+001  0.26317505E+001  0.40997334E+001  0.58394804E+001
  0.30296015E+000  0.31844256E+000  0.46007330E+000  0.62777179E+000  0.80313163E+000  0.91034313E+000  0.12870782E+001  0.18906201E+001  0.26317491E+001  0.40997301E+001  0.58394801E+001
  0.30296000E+000  0.31844233E+000  0.46007291E+000  0.62777124E+000  0.80313114E+000  0.91034277E+000  0.12870771E+001  0.18906198E+001  0.26317478E+001  0.40997272E+001  0.58394799E+001
  0.30295987E+000  0.31844213E+000  0.46007256E+000  0.62777076E+000  0.80313070E+000  0.91034246E+000  0.12870761E+001  0.18906196E+001  0.26317467E+001  0.40997246E+001  0.58394798E+001
  0.30295975E+000  0.31844195E+000  0.46007224E+000  0.62777032E+000  0.80313031E+000  0.91034217E+000  0.12870751E+001  0.18906194E+001  0.26317456E+001  0.40997222E+001  0.58394798E+001
  0.30295964E+000  0.31844179E+000  0.46007196E+000  0.62776994E+000  0.80312996E+000  0.91034192E+000  0.12870743E+001  0.18906193E+001  0.26317447E+001  0.40997202E+001  0.58394799E+001
  0.30295955E+000  0.31844164E+000  0.46007172E+000  0.62776960E+000  0.80312966E+000  0.91034171E+000  0.12870736E+001  0.18906191E+001  0.26317438E+001  0.40997184E+001  0.58394801E+001
  0.30295947E+000  0.31844152E+000  0.46007151E+000  0.62776930E+000  0.80312939E+000  0.91034152E+000  0.12870730E+001  0.18906189E+001  0.26317431E+001  0.40997168E+001  0.58394803E+001
  0.30295940E+000  0.31844141E+000  0.46007132E+000  0.62776905E+000  0.80312916E+000  0.91034136E+000  0.12870725E+001  0.18906188E+001  0.26317424E+001  0.40997155E+001  0.58394806E+001
  0.30295934E+000  0.31844132E+000  0.46007116E+000  0.62776882E+000  0.80312896E+000  0.91034122E+000  0.12870720E+001  0.18906186E+001  0.26317418E+001  0.40997144E+001  0.58394810E+001
  0.30295929E+000  0.31844124E+000  0.46007103E+000  0.62776864E+000  0.80312879E+000  0.91034110E+000  0.12870716E+001  0.18906185E+001  0.26317413E+001  0.40997134E+001  0.58394815E+001
  0.30295925E+000  0.31844118E+000  0.46007091E+000  0.62776848E+000  0.80312864E+000  0.91034100E+000  0.12870713E+001  0.18906184E+001  0.26317408E+001  0.40997126E+001  0.58394820E+001
  0.30295921E+000  0.31844112E+000  0.46007082E+000  0.62776834E+000  0.80312852E+000  0.91034092E+000  0.12870710E+001  0.18906182E+001  0.26317404E+001  0.40997120E+001  0.58394825E+001
  0.30295918E+000  0.31844108E+000  0.46007074E+000  0.62776824E+000  0.80312842E+000  0.91034086E+000  0.12870708E+001  0.18906181E+001  0.26317401E+001  0.40997115E+001  0.58394831E+001
  0.30295915E+000  0.31844104E+000  0.46007067E+000  0.62776815E+000  0.80312833E+000  0.91034081E+000  0.12870706E+001  0.18903489E+001  0.26317397E+001  0.40997111E+001  0.58394837E+001
  0.30295913E+000  0.31844101E+000  0.46007062E+000  0.62776808E+000  0.80312826E+000  0.91034077E+000  0.12870704E+001  0.18902909E+001  0.26317394E+001  0.40997108E+001  0.58394844E+001
  0.30295912E+000  0.31844099E+000  0.46007059E+000  0.62776803E+000  0.80312821E+000  0.91034074E+000  0.12870703E+001  0.18898503E+001  0.26317392E+001  0.40997106E+001  0.58394851E+001
  0.30295910E+000  0.31844098E+000  0.46007056E+000  0.62776799E+000  0.80312816E+000  0.91034072E+000  0.12870703E+001  0.18898239E+001  0.26317389E+001  0.40997105E+001  0.58394858E+001
  0.30295909E+000  0.31844097E+000  0.46007054E+000  0.62776796E+000  0.80312812E+000  0.91034070E+000  0.12870702E+001  0.18897970E+001  0.26317387E+001  0.40997104E+001  0.58394865E+001
  0.30295908E+000  0.31844096E+000  0.46007053E+000  0.62776794E+000  0.80312810E+000  0.91034069E+000  0.12870702E+001  0.18897694E+001  0.26317385E+001  0.40997104E+001  0.58394873E+001
  0.30295908E+000  0.31844096E+000  0.46007052E+000  0.62776794E+000  0.80312807E+000  0.91034069E+000  0.12870701E+001  0.18897414E+001  0.26317383E+001  0.40997104E+001  0.58394881E+001
  0.30295907E+000  0.31844096E+000  0.46007052E+000  0.62776794E+000  0.80312806E+000  0.91034069E+000  0.12870701E+001  0.18893788E+001  0.26317381E+001  0.40997105E+001  0.58394889E+001
  0.30295907E+000  0.31844096E+000  0.46007052E+000  0.62776794E+000  0.80312805E+000  0.91034069E+000  0.12870702E+001  0.18888685E+001  0.26317379E+001  0.40997106E+001  0.58394896E+001
  0.30295907E+000  0.31844096E+000  0.46007053E+000  0.62776795E+000  0.80312804E+000  0.91034070E+000  0.12870702E+001  0.18888682E+001  0.26317377E+001  0.40997107E+001  0.58394904E+001
  0.30295907E+000  0.31844097E+000  0.46007054E+000  0.62776796E+000  0.80312803E+000  0.91034070E+000  0.12870702E+001  0.18888678E+001  0.26317375E+001  0.40997108E+001  0.58394912E+001
  0.30295907E+000  0.31844098E+000  0.46007055E+000  0.62776798E+000  0.80312802E+000  0.91034071E+000  0.12870702E+001  0.18888675E+001  0.26317372E+001  0.40997110E+001  0.58394920E+001
  0.30295906E+000  0.31844098E+000  0.46007056E+000  0.62776800E+000  0.80312802E+000  0.91034072E+000  0.12870703E+001  0.18888672E+001  0.26317370E+001  0.40997111E+001  0.58394928E+001
  0.30295906E+000  0.31844099E+000  0.46007058E+000  0.62776801E+000  0.80312801E+000  0.91034072E+000  0.12870703E+001  0.18888669E+001  0.26317368E+001  0.40997113E+001  0.58394936E+001
  0.30295906E+000  0.31844100E+000  0.46007059E+000  0.62776803E+000  0.80312801E+000  0.91034073E+000  0.12870703E+001  0.18888665E+001  0.26317365E+001  0.40997114E+001  0.58394944E+001
  0.30295906E+000  0.31844101E+000  0.46007061E+000  0.62776805E+000  0.80312800E+000  0.91034074E+000  0.12870704E+001  0.18888509E+001  0.26317362E+001  0.40997115E+001  0.58394952E+001
  0.30295906E+000  0.31844101E+000  0.46007062E+000  0.62776807E+000  0.80312800E+000  0.91034074E+000  0.12870704E+001  0.18888341E+001  0.26317359E+001  0.40997117E+001  0.58394960E+001
  0.30295906E+000  0.31844102E+000  0.46007063E+000  0.62776809E+000  0.80312799E+000  0.91034075E+000  0.12870705E+001  0.18888171E+001  0.26317356E+001  0.40997118E+001  0.58394967E+001
  0.30295906E+000  0.31844103E+000  0.46007065E+000  0.62776811E+000  0.80312798E+000  0.91034075E+000  0.12870705E+001  0.18888000E+001  0.26317353E+001  0.40997119E+001  0.58394975E+001
  0.30295906E+000  0.31844104E+000  0.46007066E+000  0.62776813E+000  0.80312797E+000  0.91034075E+000  0.12870705E+001  0.18887826E+001  0.26317350E+001  0.40997120E+001  0.58394982E+001
  0.30295905E+000  0.31844104E+000  0.46007067E+000  0.62776814E+000  0.80312796E+000  0.91034076E+000  0.12870706E+001  0.18887651E+001  0.26317346E+001  0.40997121E+001  0.58394989E+001
  0.30295905E+000  0.31844105E+000  0.46007068E+000  0.62776816E+000  0.80312795E+000  0.91034076E+000  0.12870706E+001  0.18887474E+001  0.26317343E+001  0.40997122E+001  0.58394996E+001
  0.30295905E+000  0.31844105E+000  0.46007069E+000  0.62776817E+000  0.80312794E+000  0.91034076E+000  0.12870706E+001  0.18887295E+001  0.26317339E+001  0.40997123E+001  0.58395002E+001
  0.30295904E+000  0.31844106E+000  0.46007070E+000  0.62776818E+000  0.80312793E+000  0.91034075E+000  0.12870707E+001  0.18887115E+001  0.26317335E+001  0.40997123E+001  0.58395008E+001
  0.30295904E+000  0.31844106E+000  0.46007071E+000  0.62776819E+000  0.80312791E+000  0.91034075E+000  0.12870707E+001  0.18886934E+001  0.26317331E+001  0.40997124E+001  0.58395014E+001
  0.30295904E+000  0.31844106E+000  0.46007071E+000  0.62776820E+000  0.80312790E+000  0.91034075E+000  0.12870707E+001  0.18886752E+001  0.26317326E+001  0.40997124E+001  0.58395020E+001
  0.30295903E+000  0.31844107E+000  0.46007072E+000  0.62776821E+000  0.80312788E+000  0.91034074E+000  0.12870707E+001  0.18885218E+001  0.26317322E+001  0.40997124E+001  0.58395025E+001
  0.30295903E+000  0.31844107E+000  0.46007072E+000  0.62776822E+000  0.80312786E+000  0.91034074E+000  0.12870707E+001  0.18884491E+001  0.26317317E+001  0.40997124E+001  0.58395031E+001
  0.30295902E+000  0.31844107E+000  0.46007073E+000  0.62776822E+000  0.80312784E+000  0.91034073E+000  0.12870707E+001  0.18884387E+001  0.26317313E+001  0.40997124E+001  0.58395035E+001
  0.30295902E+000  0.31844107E+000  0.46007073E+000  0.62776823E+000  0.80312782E+000  0.91034072E+000  0.12870707E+001  0.18884282E+001  0.26317308E+001  0.40997124E+001  0.58395040E+001
  0.30295901E+000  0.31844107E+000  0.46007073E+000  0.62776823E+000  0.80312780E+000  0.91034071E+000  0.12870708E+001  0.18884178E+001  0.26317303E+001  0.40997123E+001  0.58395044E+001
  0.30295900E+000  0.31844107E+000  0.46007073E+000  0.62776823E+000  0.80312778E+000  0.91034071E+000  0.12870708E+001  0.18884073E+001  0.26317298E+001  0.40997123E+001  0.58395047E+001
  0.30295900E+000  0.31844107E+000  0.46007073E+000  0.62776823E+000  0.80312776E+000  0.91034070E+000  0.12870708E+001  0.18883967E+001  0.26317292E+001  0.40997122E+001  0.58395051E+001
  0.30295899E+000  0.31844107E+000  0.46007073E+000  0.62776823E+000  0.80312774E+000  0.91034069E+000  0.12870708E+001  0.18883862E+001  0.26317287E+001  0.40997121E+001  0.58395054E+001
  0.30295899E+000  0.31844107E+000  0.46007073E+000  0.62776823E+000  0.80312772E+000  0.91034068E+000  0.12870708E+001  0.18883757E+001  0.26317282E+001  0.40997120E+001  0.58395056E+001
  0.30295898E+000  0.31844107E+000  0.46007073E+000  0.62776823E+000  0.80312769E+000  0.91034066E+000  0.12870708E+001  0.18883653E+001  0.26317276E+001  0.40997119E+001  0.58395058E+001
  0.30295897E+000  0.31844107E+000  0.46007073E+000  0.62776823E+000  0.80312767E+000  0.91034065E+000  0.12870708E+001  0.18883548E+001  0.26317271E+001  0.40997118E+001  0.58395060E+001
  0.30295897E+000  0.31844107E+000  0.46007073E+000  0.62776823E+000  0.80312765E+000  0.91034064E+000  0.12870707E+001  0.18883444E+001  0.26317265E+001  0.40997117E+001  0.58395061E+001
  0.30295896E+000  0.31844106E+000  0.46007073E+000  0.62776822E+000  0.80312762E+000  0.91034063E+000  0.12870707E+001  0.18883340E+001  0.26317259E+001  0.40997116E+001  0.58395062E+001
  0.30295895E+000  0.31844106E+000  0.46007072E+000  0.62776822E+000  0.80312760E+000  0.91034062E+000  0.12870707E+001  0.18883236E+001  0.26317253E+001  0.40997114E+001  0.58395063E+001
  0.30295895E+000  0.31844106E+000  0.46007072E+000  0.62776821E+000  0.80312758E+000  0.91034061E+000  0.12870707E+001  0.18883134E+001  0.26317247E+001  0.40997113E+001  0.58395063E+001
  0.30295894E+000  0.31844106E+000  0.46007072E+000  0.62776821E+000  0.80312755E+000  0.91034060E+000  0.12870707E+001  0.18883031E+001  0.26317242E+001  0.40997111E+001  0.58395062E+001
  0.30295894E+000  0.31844105E+000  0.46007071E+000  0.62776820E+000  0.80312753E+000  0.91034058E+000  0.12870707E+001  0.18882930E+001  0.26317236E+001  0.40997110E+001  0.58395062E+001
  0.30295893E+000  0.31844105E+000  0.46007071E+000  0.62776820E+000  0.80312751E+000  0.91034057E+000  0.12870707E+001  0.18882829E+001  0.26317229E+001  0.40997108E+001  0.58395060E+001
  0.30295892E+000  0.31844105E+000  0.46007071E+000  0.62776819E+000  0.80312749E+000  0.91034056E+000  0.12870707E+001  0.18881502E+001  0.26317223E+001  0.40997106E+001  0.58395059E+001
  0.30295892E+000  0.31844105E+000  0.46007070E+000  0.62776819E+000  0.80312747E+000  0.91034055E+000  0.12870707E+001  0.18879235E+001  0.26317217E+001  0.40997104E+001  0.58395057E+001
  0.30295891E+000  0.31844104E+000  0.46007070E+000  0.62776818E+000  0.80312744E+000  0.91034054E+000  0.12870707E+001  0.18878551E+001  0.26317211E+001  0.40997102E+001  0.58395054E+001
  0.30295891E+000  0.31844104E+000  0.46007069E+000  0.62776818E+000  0.80312742E+000  0.91034053E+000  0.12870706E+001  0.18878529E+001  0.26317205E+001  0.40997101E+001  0.58395051E+001
  0.30295890E+000  0.31844104E+000  0.46007069E+000  0.62776817E+000  0.80312740E+000  0.91034052E+000  0.12870706E+001  0.18878508E+001  0.26317199E+001  0.40997099E+001  0.58395048E+001
  0.30295890E+000  0.31844103E+000  0.46007069E+000  0.62776816E+000  0.80312738E+000  0.91034050E+000  0.12870706E+001  0.18878487E+001  0.26317193E+001  0.40997097E+001  0.58395045E+001
  0.30295889E+000  0.31844103E+000  0.46007068E+000  0.62776816E+000  0.80312736E+000  0.91034049E+000  0.12870706E+001  0.18878466E+001  0.26317187E+001  0.40997095E+001  0.58395041E+001
  0.30295889E+000  0.31844103E+000  0.46007068E+000  0.62776815E+000  0.80312735E+000  0.91034048E+000  0.12870706E+001  0.18878445E+001  0.26317180E+001  0.40997092E+001  0.58395036E+001
  0.30295888E+000  0.31844103E+000  0.46007067E+000  0.62776815E+000  0.80312733E+000  0.91034048E+000  0.12870706E+001  0.18878425E+001  0.26317174E+001  0.40997090E+001  0.58395031E+001
  0.30295888E+000  0.31844102E+000  0.46007067E+000  0.62776814E+000  0.80312731E+000  0.91034047E+000  0.12870706E+001  0.18878405E+001  0.26317168E+001  0.40997088E+001  0.58395026E+001
  0.30295887E+000  0.31844102E+000  0.46007067E+000  0.62776814E+000  0.80312729E+000  0.91034046E+000  0.12870706E+001  0.18878386E+001  0.26317162E+001  0.40997086E+001  0.58395021E+001
  0.30295887E+000  0.31844102E+000  0.46007066E+000  0.62776813E+000  0.80312728E+000  0.91034045E+000  0.12870706E+001  0.18878366E+001  0.26317156E+001  0.40997084E+001  0.58395015E+001
  0.30295886E+000  0.31844102E+000  0.46007066E+000  0.62776813E+000  0.80312726E+000  0.91034044E+000  0.12870705E+001  0.18878347E+001  0.26317150E+001  0.40997082E+001  0.58395009E+001
  0.30295886E+000  0.31844101E+000  0.46007066E+000  0.62776812E+000  0.80312725E+000  0.91034044E+000  0.12870705E+001  0.18878329E+001  0.26317144E+001  0.40997080E+001  0.58395003E+001
  0.30295886E+000  0.31844101E+000  0.46007065E+000  0.62776812E+000  0.80312724E+000  0.91034043E+000  0.12870705E+001  0.18878310E+001  0.26317138E+001  0.40997078E+001  0.58394996E+001
  0.30295885E+000  0.31844101E+000  0.46007065E+000  0.62776812E+000  0.80312722E+000  0.91034042E+000  0.12870705E+001  0.18878292E+001  0.26317132E+001  0.40997076E+001  0.58394989E+001
  0.30295885E+000  0.31844101E+000  0.46007065E+000  0.62776811E+000  0.80312721E+000  0.91034042E+000  0.12870705E+001  0.18878275E+001  0.26317112E+001  0.40997073E+001  0.58394982E+001
  0.30295885E+000  0.31844101E+000  0.46007065E+000  0.62776811E+000  0.80312720E+000  0.91034041E+000  0.12870705E+001  0.18878257E+001  0.26317092E+001  0.40997071E+001  0.58394974E+001
  0.30295885E+000  0.31844101E+000  0.46007064E+000  0.62776811E+000  0.80312719E+000  0.91034041E+000  0.12870705E+001  0.18878240E+001  0.26317073E+001  0.40997069E+001  0.58394967E+001
  0.30295884E+000  0.31844101E+000  0.46007064E+000  0.62776811E+000  0.80312718E+000  0.91034041E+000  0.12870705E+001  0.18878224E+001  0.26317053E+001  0.40997067E+001  0.58394959E+001
  0.30295884E+000  0.31844101E+000  0.46007064E+000  0.62776810E+000  0.80312717E+000  0.91034040E+000  0.12870705E+001  0.18878208E+001  0.26317034E+001  0.40997065E+001  0.58394950E+001
  0.30295884E+000  0.31844100E+000  0.46007064E+000  0.62776810E+000  0.80312716E+000  0.91034040E+000  0.12870705E+001  0.18878192E+001  0.26317015E+001  0.40997063E+001  0.58394942E+001
  0.30295884E+000  0.31844100E+000  0.46007064E+000  0.62776810E+000  0.80312716E+000  0.91034040E+000  0.12870705E+001  0.18878176E+001  0.26316997E+001  0.40997061E+001  0.58394934E+001
  0.30295884E+000  0.31844100E+000  0.46007064E+000  0.62776810E+000  0.80312715E+000  0.91034040E+000  0.12870705E+001  0.18878161E+001  0.26316978E+001  0.40997059E+001  0.58394925E+001
  0.30295884E+000  0.31844100E+000  0.46007064E+000  0.62776810E+000  0.80312715E+000  0.91034040E+000  0.12870705E+001  0.18878146E+001  0.26316960E+001  0.40997057E+001  0.58394916E+001
  0.30295884E+000  0.31844100E+000  0.46007064E+000  0.62776810E+000  0.80312714E+000  0.91034040E+000  0.12870705E+001  0.18878132E+001  0.26316943E+001  0.40997055E+001  0.58394907E+001
  0.30295883E+000  0.31844101E+000  0.46007064E+000  0.62776810E+000  0.80312714E+000  0.91034040E+000  0.12870705E+001  0.18878118E+001  0.26316925E+001  0.40997053E+001  0.58394898E+001
  0.30295883E+000  0.31844101E+000  0.46007064E+000  0.62776811E+000  0.80312713E+000  0.91034040E+000  0.12870705E+001  0.18878104E+001  0.26316908E+001  0.40997051E+001  0.58394889E+001
  0.30295883E+000  0.31844101E+000  0.46007064E+000  0.62776811E+000  0.80312713E+000  0.91034040E+000  0.12870705E+001  0.18878091E+001  0.26316891E+001  0.40997049E+001  0.58394880E+001
  0.30295883E+000  0.31844101E+000  0.46007065E+000  0.62776811E+000  0.80312713E+000  0.91034040E+000  0.12870705E+001  0.18878078E+001  0.26316874E+001  0.40997048E+001  0.58394870E+001
  0.30295883E+000  0.31844101E+000  0.46007065E+000  0.62776811E+000  0.80312713E+000  0.91034040E+000  0.12870705E+001  0.18878066E+001  0.26316858E+001  0.40997046E+001  0.58394861E+001
  0.30295883E+000  0.31844101E+000  0.46007065E+000  0.62776811E+000  0.80312713E+000  0.91034040E+000  0.12870705E+001  0.18878054E+001  0.26316842E+001  0.40997044E+001  0.58394851E+001
  0.30295884E+000  0.31844101E+000  0.46007065E+000  0.62776812E+000  0.80312713E+000  0.91034040E+000  0.12870705E+001  0.18878042E+001  0.26316826E+001  0.40997042E+001  0.58394842E+001
  0.30295884E+000  0.31844101E+000  0.46007065E+000  0.62776812E+000  0.80312713E+000  0.91034041E+000  0.12870705E+001  0.18878030E+001  0.26316811E+001  0.40997041E+001  0.58394832E+001
  0.30295884E+000  0.31844102E+000  0.46007066E+000  0.62776813E+000  0.80312713E+000  0.91034041E+000  0.12870705E+001  0.18878019E+001  0.26316796E+001  0.40997039E+001  0.58394823E+001
  0.30295884E+000  0.31844102E+000  0.46007066E+000  0.62776813E+000  0.80312713E+000  0.91034041E+000  0.12870705E+001  0.18878008E+001  0.26316781E+001  0.40997038E+001  0.58394813E+001
  0.30295884E+000  0.31844102E+000  0.46007066E+000  0.62776813E+000  0.80312713E+000  0.91034042E+000  0.12870706E+001  0.18877998E+001  0.26316767E+001  0.40997036E+001  0.58394803E+001
  0.30295884E+000  0.31844102E+000  0.46007067E+000  0.62776814E+000  0.80312713E+000  0.91034042E+000  0.12870706E+001  0.18877987E+001  0.26316753E+001  0.40997034E+001  0.58394794E+001
  0.30295884E+000  0.31844102E+000  0.46007067E+000  0.62776814E+000  0.80312713E+000  0.91034043E+000  0.12870706E+001  0.18877977E+001  0.26316739E+001  0.40997033E+001  0.58394784E+001
  0.30295884E+000  0.31844103E+000  0.46007067E+000  0.62776815E+000  0.80312714E+000  0.91034043E+000  0.12870706E+001  0.18877968E+001  0.26316726E+001  0.40997031E+001  0.58394775E+001
  0.30295884E+000  0.31844103E+000  0.46007068E+000  0.62776815E+000  0.80312714E+000  0.91034044E+000  0.12870706E+001  0.18877959E+001  0.26316712E+001  0.40997030E+001  0.58394765E+001
  0.30295885E+000  0.31844103E+000  0.46007068E+000  0.62776816E+000  0.80312714E+000  0.91034044E+000  0.12870706E+001  0.18877950E+001  0.26316700E+001  0.40997029E+001  0.58394756E+001
  0.30295885E+000  0.31844103E+000  0.46007069E+000  0.62776816E+000  0.80312715E+000  0.91034044E+000  0.12870706E+001  0.18877941E+001  0.26316687E+001  0.40997027E+001  0.58394746E+001
  0.30295885E+000  0.31844104E+000  0.46007069E+000  0.62776817E+000  0.80312715E+000  0.91034045E+000  0.12870706E+001  0.18877933E+001  0.26316675E+001  0.40997026E+001  0.58394737E+001
  0.30295885E+000  0.31844104E+000  0.46007069E+000  0.62776818E+000  0.80312715E+000  0.91034045E+000  0.12870706E+001  0.18877925E+001  0.26316663E+001  0.40997025E+001  0.58394728E+001
  0.30295885E+000  0.31844104E+000  0.46007070E+000  0.62776818E+000  0.80312716E+000  0.91034046E+000  0.12870707E+001  0.18877917E+001  0.26316652E+001  0.40997023E+001  0.58394719E+001
  0.30295885E+000  0.31844104E+000  0.46007070E+000  0.62776819E+000  0.80312716E+000  0.91034046E+000  0.12870707E+001  0.18877909E+001  0.26316641E+001  0.40997022E+001  0.58394710E+001
  0.30295886E+000  0.31844105E+000  0.46007071E+000  0.62776819E+000  0.80312716E+000  0.91034047E+000  0.12870707E+001  0.18877902E+001  0.26316630E+001  0.40997021E+001  0.58394701E+001
  0.30295886E+000  0.31844105E+000  0.46007071E+000  0.62776820E+000  0.80312717E+000  0.91034047E+000  0.12870707E+001  0.18877895E+001  0.26316619E+001  0.40997020E+001  0.58394692E+001
  0.30295886E+000  0.31844105E+000  0.46007071E+000  0.62776820E+000  0.80312717E+000  0.91034048E+000  0.12870707E+001  0.18877888E+001  0.26316609E+001  0.40997019E+001  0.58394683E+001
  0.30295886E+000  0.31844105E+000  0.46007072E+000  0.62776821E+000  0.80312718E+000  0.91034048E+000  0.12870707E+001  0.18877881E+001  0.26316599E+001  0.40997017E+001  0.58394675E+001
  0.30295886E+000  0.31844106E+000  0.46007072E+000  0.62776821E+000  0.80312718E+000  0.91034049E+000  0.12870707E+001  0.18877875E+001  0.26316589E+001  0.40997016E+001  0.58394666E+001
  0.30295886E+000  0.31844106E+000  0.46007073E+000  0.62776822E+000  0.80312718E+000  0.91034049E+000  0.12870707E+001  0.18877869E+001  0.26316580E+001  0.40997015E+001  0.58394658E+001
  0.30295887E+000  0.31844106E+000  0.46007073E+000  0.62776822E+000  0.80312719E+000  0.91034050E+000  0.12870707E+001  0.18877863E+001  0.26316571E+001  0.40997014E+001  0.58394649E+001
  0.30295887E+000  0.31844106E+000  0.46007073E+000  0.62776823E+000  0.80312719E+000  0.91034050E+000  0.12870708E+001  0.18877858E+001  0.26316562E+001  0.40997013E+001  0.58394641E+001
  0.30295887E+000  0.31844107E+000  0.46007074E+000  0.62776823E+000  0.80312720E+000  0.91034051E+000  0.12870708E+001  0.18877852E+001  0.26316554E+001  0.40997012E+001  0.58394633E+001
  0.30295887E+000  0.31844107E+000  0.46007074E+000  0.62776824E+000  0.80312720E+000  0.91034051E+000  0.12870708E+001  0.18877847E+001  0.26316545E+001  0.40997011E+001  0.58394625E+001
  0.30295887E+000  0.31844107E+000  0.46007074E+000  0.62776824E+000  0.80312720E+000  0.91034052E+000  0.12870708E+001  0.18877842E+001  0.26316537E+001  0.40997010E+001  0.58394618E+001
  0.30295887E+000  0.31844107E+000  0.46007075E+000  0.62776825E+000  0.80312721E+000  0.91034052E+000  0.12870708E+001  0.18877837E+001  0.26316530E+001  0.40997009E+001  0.58394610E+001
  0.30295887E+000  0.31844107E+000  0.46007075E+000  0.62776825E+000  0.80312721E+000  0.91034052E+000  0.12870708E+001  0.18877832E+001  0.26316522E+001  0.40997008E+001  0.58394603E+001
  0.30295888E+000  0.31844108E+000  0.46007075E+000  0.62776826E+000  0.80312721E+000  0.91034053E+000  0.12870708E+001  0.18877828E+001  0.26316515E+001  0.40997008E+001  0.58394596E+001
  0.30295888E+000  0.31844108E+000  0.46007076E+000  0.62776826E+000  0.80312722E+000  0.91034053E+000  0.12870708E+001  0.18877824E+001  0.26316508E+001  0.40997007E+001  0.58394588E+001
  0.30295888E+000  0.31844108E+000  0.46007076E+000  0.62776827E+000  0.80312722E+000  0.91034053E+000  0.12870708E+001  0.18877819E+001  0.26316501E+001  0.40997006E+001  0.58394582E+001
  0.30295888E+000  0.31844108E+000  0.46007076E+000  0.62776827E+000  0.80312722E+000  0.91034054E+000  0.12870708E+001  0.18877816E+001  0.26316494E+001  0.40997005E+001  0.58394575E+001
  0.30295888E+000  0.31844108E+000  0.46007076E+000  0.62776827E+000  0.80312723E+000  0.91034054E+000  0.12870708E+001  0.18877812E+001  0.26316488E+001  0.40997004E+001  0.58394568E+001
  0.30295888E+000  0.31844108E+000  0.46007077E+000  0.62776828E+000  0.80312723E+000  0.91034055E+000  0.12870709E+001  0.18877808E+001  0.26316482E+001  0.40997003E+001  0.58394562E+001
  0.30295888E+000  0.31844109E+000  0.46007077E+000  0.62776828E+000  0.80312723E+000  0.91034055E+000  0.12870709E+001  0.18877805E+001  0.26316476E+001  0.40997003E+001  0.58394555E+001
  0.30295889E+000  0.31844109E+000  0.46007077E+000  0.62776828E+000  0.80312725E+000  0.91034056E+000  0.12870709E+001  0.18877801E+001  0.26316471E+001  0.40997002E+001  0.58394549E+001
