 -0.57432092E+000 -0.43190780E+000 -0.11426195E+000 -0.56729871E-002 -0.39447190E-002 -0.10642722E-002  0.10817903E-002  0.96014761E+000  0.25658122E+001  0.51504776E+001  0.73807482E+001
 -0.57285814E+000 -0.42958978E+000 -0.11087985E+000 -0.56201755E-002 -0.37069979E-002 -0.51836857E-003  0.14707377E-002  0.96607991E+000  0.25724853E+001  0.51612740E+001  0.73917451E+001
 -0.57215473E+000 -0.42820832E+000 -0.10881869E+000 -0.56207131E-002 -0.37375072E-002 -0.59883076E-003  0.15917735E-002  0.96992723E+000  0.25772970E+001  0.51700370E+001  0.74008684E+001
 -0.57186476E+000 -0.42739507E+000 -0.10751626E+000 -0.56261714E-002 -0.37793587E-002 -0.70133752E-003  0.14414950E-002  0.97255956E+000  0.25807906E+001  0.51772390E+001  0.74086102E+001
 -0.57180644E+000 -0.42696703E+000 -0.10672294E+000 -0.56311141E-002 -0.38108055E-002 -0.77695787E-003  0.12204391E-002  0.97442006E+000  0.25832943E+001  0.51830312E+001  0.74151022E+001
 -0.57187574E+000 -0.42680881E+000 -0.10629603E+000 -0.56351309E-002 -0.38342562E-002 -0.83279832E-003  0.11334709E-002  0.97573286E+000  0.25850565E+001  0.51875306E+001  0.74204072E+001
 -0.57201148E+000 -0.42683811E+000 -0.10613924E+000 -0.56384690E-002 -0.38518690E-002 -0.87420233E-003  0.11268279E-002  0.97663224E+000  0.25862638E+001  0.51908757E+001  0.74245936E+001
 -0.57217767E+000 -0.42699392E+000 -0.10618217E+000 -0.56413728E-002 -0.38656358E-002 -0.90607416E-003  0.11208743E-002  0.97720195E+000  0.25870527E+001  0.51932229E+001  0.74277490E+001
 -0.57235367E+000 -0.42723152E+000 -0.10637180E+000 -0.56439384E-002 -0.38764583E-002 -0.93065802E-003  0.11154931E-002  0.97751021E+000  0.25875221E+001  0.51947299E+001  0.74299748E+001
 -0.57252753E+000 -0.42751772E+000 -0.10666636E+000 -0.56462777E-002 -0.38852229E-002 -0.95013156E-003  0.11106940E-002  0.97761181E+000  0.25877455E+001  0.51955458E+001  0.74313815E+001
 -0.57269286E+000 -0.42782843E+000 -0.10703295E+000 -0.56484629E-002 -0.38925372E-002 -0.96599420E-003  0.11065439E-002  0.97755027E+000  0.25877742E+001  0.51958022E+001  0.74320815E+001
 -0.57284665E+000 -0.42814682E+000 -0.10744553E+000 -0.56505497E-002 -0.38989670E-002 -0.97966248E-003  0.11032200E-002  0.97736008E+000  0.25876467E+001  0.51956103E+001  0.74321824E+001
 -0.57298778E+000 -0.42846140E+000 -0.10788364E+000 -0.56525108E-002 -0.39045580E-002 -0.99130330E-003  0.11005955E-002  0.97706886E+000  0.25873925E+001  0.51950613E+001  0.74317843E+001
 -0.57311618E+000 -0.42876456E+000 -0.10833250E+000 -0.56543382E-002 -0.39093747E-002 -0.10011023E-002  0.10984861E-002  0.97669986E+000  0.25870348E+001  0.51942296E+001  0.74309771E+001
 -0.57323239E+000 -0.42905159E+000 -0.10878080E+000 -0.56560447E-002 -0.39135920E-002 -0.10095042E-002  0.10967944E-002  0.97627070E+000  0.25865924E+001  0.51931745E+001  0.74298398E+001
 -0.57333722E+000 -0.42931985E+000 -0.10922006E+000 -0.56576206E-002 -0.39172294E-002 -0.10165773E-002  0.10953967E-002  0.97579543E+000  0.25860804E+001  0.51919438E+001  0.74284402E+001
 -0.57343162E+000 -0.42956812E+000 -0.10964409E+000 -0.56590753E-002 -0.39203949E-002 -0.10225942E-002  0.10942087E-002  0.97528535E+000  0.25855113E+001  0.51905759E+001  0.74268360E+001
 -0.57351653E+000 -0.42979613E+000 -0.11004844E+000 -0.56604158E-002 -0.39231673E-002 -0.10277531E-002  0.10931801E-002  0.97474957E+000  0.25848958E+001  0.51891022E+001  0.74250759E+001
 -0.57359286E+000 -0.43000428E+000 -0.11043016E+000 -0.56616479E-002 -0.39256040E-002 -0.10321977E-002  0.10922759E-002  0.97419535E+000  0.25842425E+001  0.51875482E+001  0.74232001E+001
 -0.57366145E+000 -0.43019338E+000 -0.11078744E+000 -0.56627763E-002 -0.39277466E-002 -0.10360305E-002  0.10914718E-002  0.97362857E+000  0.25835591E+001  0.51859354E+001  0.74212426E+001
 -0.57372308E+000 -0.43036453E+000 -0.11111944E+000 -0.56638078E-002 -0.39296379E-002 -0.10393547E-002  0.10907485E-002  0.97305384E+000  0.25828519E+001  0.51842814E+001  0.74192311E+001
 -0.57377847E+000 -0.43051892E+000 -0.11142596E+000 -0.56647471E-002 -0.39313056E-002 -0.10422365E-002  0.10900927E-002  0.97247498E+000  0.25821265E+001  0.51826015E+001  0.74171891E+001
 -0.57382825E+000 -0.43065783E+000 -0.11170738E+000 -0.56656005E-002 -0.39327794E-002 -0.10447441E-002  0.10894937E-002  0.97189505E+000  0.25813878E+001  0.51809087E+001  0.74151360E+001
 -0.57387298E+000 -0.43078252E+000 -0.11196440E+000 -0.56663743E-002 -0.39340802E-002 -0.10469233E-002  0.10889440E-002  0.97131659E+000  0.25806401E+001  0.51792144E+001  0.74130882E+001
 -0.57391316E+000 -0.43089420E+000 -0.11219804E+000 -0.56670736E-002 -0.39352282E-002 -0.10488193E-002  0.10884372E-002  0.97074170E+000  0.25798873E+001  0.51775284E+001  0.74110598E+001
 -0.57394925E+000 -0.43099405E+000 -0.11240953E+000 -0.56677035E-002 -0.39362425E-002 -0.10504741E-002  0.10879688E-002  0.97017216E+000  0.25791330E+001  0.51758597E+001  0.74090625E+001
 -0.57398165E+000 -0.43108317E+000 -0.11260020E+000 -0.56682682E-002 -0.39371348E-002 -0.10519124E-002  0.10875379E-002  0.96960949E+000  0.25783807E+001  0.51742160E+001  0.74071065E+001
 -0.57401073E+000 -0.43116260E+000 -0.11277147E+000 -0.56687732E-002 -0.39379205E-002 -0.10531659E-002  0.10871376E-002  0.96905504E+000  0.25776333E+001  0.51726046E+001  0.74052006E+001
 -0.57403681E+000 -0.43123328E+000 -0.11292478E+000 -0.56692228E-002 -0.39386099E-002 -0.10542550E-002  0.10867648E-002  0.96851006E+000  0.25768939E+001  0.51710319E+001  0.74033524E+001
 -0.57406021E+000 -0.43129612E+000 -0.11306160E+000 -0.56696222E-002 -0.39392153E-002 -0.10552039E-002  0.10864167E-002  0.96797568E+000  0.25761653E+001  0.51695036E+001  0.74015684E+001
 -0.57408120E+000 -0.43135193E+000 -0.11318335E+000 -0.56699759E-002 -0.39397464E-002 -0.10560306E-002  0.10860910E-002  0.96745297E+000  0.25754502E+001  0.51680249E+001  0.73998543E+001
 -0.57410004E+000 -0.43140149E+000 -0.11329143E+000 -0.56702883E-002 -0.39402122E-002 -0.10567520E-002  0.10857859E-002  0.96694297E+000  0.25747512E+001  0.51666004E+001  0.73982148E+001
 -0.57411694E+000 -0.43144549E+000 -0.11338720E+000 -0.56705636E-002 -0.39406201E-002 -0.10573809E-002  0.10854996E-002  0.96644669E+000  0.25740707E+001  0.51652342E+001  0.73966538E+001
 -0.57413214E+000 -0.43148456E+000 -0.11347191E+000 -0.56708058E-002 -0.39409779E-002 -0.10579313E-002  0.10852306E-002  0.96596516E+000  0.25734110E+001  0.51639299E+001  0.73951746E+001
 -0.57414582E+000 -0.43151929E+000 -0.11354678E+000 -0.56710185E-002 -0.39412915E-002 -0.10584131E-002  0.10849773E-002  0.96549938E+000  0.25727744E+001  0.51626904E+001  0.73937796E+001
 -0.57415815E+000 -0.43155020E+000 -0.11361290E+000 -0.56712053E-002 -0.39415671E-002 -0.10588369E-002  0.10847385E-002  0.96505036E+000  0.25721628E+001  0.51615181E+001  0.73924706E+001
 -0.57416929E+000 -0.43157778E+000 -0.11367132E+000 -0.56713690E-002 -0.39418093E-002 -0.10592097E-002  0.10845132E-002  0.96461910E+000  0.25715782E+001  0.51604150E+001  0.73912485E+001
 -0.57417938E+000 -0.43160243E+000 -0.11372297E+000 -0.56715128E-002 -0.39420235E-002 -0.10595413E-002  0.10843001E-002  0.96420652E+000  0.25710222E+001  0.51593822E+001  0.73901135E+001
 -0.57418855E+000 -0.43162454E+000 -0.11376871E+000 -0.56716392E-002 -0.39422129E-002 -0.10598357E-002  0.10840986E-002  0.96381354E+000  0.25704962E+001  0.51584205E+001  0.73890653E+001
 -0.57419689E+000 -0.43164443E+000 -0.11380930E+000 -0.56717505E-002 -0.39423813E-002 -0.10600994E-002  0.10839080E-002  0.96344097E+000  0.25700012E+001  0.51575297E+001  0.73881025E+001
 -0.57420452E+000 -0.43166240E+000 -0.11384542E+000 -0.56718488E-002 -0.39425321E-002 -0.10603377E-002  0.10837276E-002  0.96308953E+000  0.25695382E+001  0.51567093E+001  0.73872232E+001
 -0.57421150E+000 -0.43167869E+000 -0.11387766E+000 -0.56719359E-002 -0.39426673E-002 -0.10605530E-002  0.10835572E-002  0.96275980E+000  0.25691076E+001  0.51559581E+001  0.73864247E+001
 -0.57421791E+000 -0.43169351E+000 -0.11390656E+000 -0.56720134E-002 -0.39427895E-002 -0.10607496E-002  0.10833964E-002  0.96245223E+000  0.25687097E+001  0.51552741E+001  0.73857037E+001
 -0.57422381E+000 -0.43170704E+000 -0.11393254E+000 -0.56720827E-002 -0.39429004E-002 -0.10609298E-002  0.10832450E-002  0.96216706E+000  0.25683442E+001  0.51546550E+001  0.73850562E+001
 -0.57422923E+000 -0.43171943E+000 -0.11395600E+000 -0.56721449E-002 -0.39430014E-002 -0.10610954E-002  0.10831030E-002  0.96190437E+000  0.25680106E+001  0.51540977E+001  0.73844778E+001
 -0.57423423E+000 -0.43173080E+000 -0.11397725E+000 -0.56722008E-002 -0.39430932E-002 -0.10612472E-002  0.10829705E-002  0.96166399E+000  0.25677082E+001  0.51535990E+001  0.73839638E+001
 -0.57423884E+000 -0.43174125E+000 -0.11399656E+000 -0.56722517E-002 -0.39431781E-002 -0.10613889E-002  0.10828472E-002  0.96144554E+000  0.25674358E+001  0.51531550E+001  0.73835090E+001
 -0.57424308E+000 -0.43175087E+000 -0.11401416E+000 -0.56722977E-002 -0.39432558E-002 -0.10615192E-002  0.10827334E-002  0.96124843E+000  0.25671919E+001  0.51527616E+001  0.73831083E+001
 -0.57424697E+000 -0.43175971E+000 -0.11403021E+000 -0.56723397E-002 -0.39433271E-002 -0.10616394E-002  0.10826290E-002  0.96107185E+000  0.25669751E+001  0.51524146E+001  0.73827564E+001
 -0.57425053E+000 -0.43176783E+000 -0.11404488E+000 -0.56723780E-002 -0.39433925E-002 -0.10617499E-002  0.10825339E-002  0.96091480E+000  0.25667833E+001  0.51521098E+001  0.73824482E+001
 -0.57425378E+000 -0.43177528E+000 -0.11405829E+000 -0.56724130E-002 -0.39434527E-002 -0.10618522E-002  0.10824480E-002  0.96077611E+000  0.25666146E+001  0.51518428E+001  0.73821788E+001
 -0.57425674E+000 -0.43178210E+000 -0.11407054E+000 -0.56724450E-002 -0.39435078E-002 -0.10619456E-002  0.10823711E-002  0.96065446E+000  0.25664670E+001  0.51516096E+001  0.73819434E+001
 -0.57425942E+000 -0.43178832E+000 -0.11408172E+000 -0.56724743E-002 -0.39435579E-002 -0.10620307E-002  0.10823029E-002  0.96054846E+000  0.25663384E+001  0.51514061E+001  0.73817379E+001
 -0.57426184E+000 -0.43179399E+000 -0.11409191E+000 -0.56725009E-002 -0.39436037E-002 -0.10621082E-002  0.10822430E-002  0.96045664E+000  0.25662267E+001  0.51512287E+001  0.73815584E+001
 -0.57426402E+000 -0.43179913E+000 -0.11410118E+000 -0.56725253E-002 -0.39436453E-002 -0.10621785E-002  0.10821908E-002  0.96037752E+000  0.25661300E+001  0.51510741E+001  0.73814012E+001
 -0.57426597E+000 -0.43180379E+000 -0.11410960E+000 -0.56725475E-002 -0.39436832E-002 -0.10622427E-002  0.10821458E-002  0.96030965E+000  0.25660464E+001  0.51509391E+001  0.73812635E+001
 -0.57426773E+000 -0.43180800E+000 -0.11411723E+000 -0.56725677E-002 -0.39437172E-002 -0.10622997E-002  0.10821075E-002  0.96025164E+000  0.25659741E+001  0.51508211E+001  0.73811423E+001
 -0.57426931E+000 -0.43181181E+000 -0.11412415E+000 -0.56725861E-002 -0.39437486E-002 -0.10623526E-002  0.10820750E-002  0.96020215E+000  0.25659117E+001  0.51507177E+001  0.73810355E+001
 -0.57427072E+000 -0.43181525E+000 -0.11413041E+000 -0.56726028E-002 -0.39437766E-002 -0.10623997E-002  0.10820479E-002  0.96016000E+000  0.25658576E+001  0.51506269E+001  0.73809411E+001
 -0.57427201E+000 -0.43181836E+000 -0.11413609E+000 -0.56726181E-002 -0.39438027E-002 -0.10624437E-002  0.10820252E-002  0.96012409E+000  0.25658107E+001  0.51505468E+001  0.73808573E+001
 -0.57427317E+000 -0.43182119E+000 -0.11414124E+000 -0.56726321E-002 -0.39438265E-002 -0.10624839E-002  0.10820065E-002  0.96009346E+000  0.25657699E+001  0.51504760E+001  0.73807827E+001
 -0.57427423E+000 -0.43182377E+000 -0.11414592E+000 -0.56726449E-002 -0.39438487E-002 -0.10625216E-002  0.10819911E-002  0.96006727E+000  0.25657343E+001  0.51504131E+001  0.73807161E+001
 -0.57427522E+000 -0.43182613E+000 -0.11415019E+000 -0.56726567E-002 -0.39438695E-002 -0.10625574E-002  0.10819785E-002  0.96004482E+000  0.25657031E+001  0.51503572E+001  0.73806564E+001
 -0.57427614E+000 -0.43182831E+000 -0.11415410E+000 -0.56726677E-002 -0.39438891E-002 -0.10625915E-002  0.10819682E-002  0.96002549E+000  0.25656758E+001  0.51503073E+001  0.73806029E+001
 -0.57427700E+000 -0.43183034E+000 -0.11415770E+000 -0.56726779E-002 -0.39439078E-002 -0.10626244E-002  0.10819598E-002  0.96000878E+000  0.25656516E+001  0.51502627E+001  0.73805548E+001
 -0.57427783E+000 -0.43183223E+000 -0.11416102E+000 -0.56726875E-002 -0.39439259E-002 -0.10626567E-002  0.10819529E-002  0.95999430E+000  0.25656303E+001  0.51502227E+001  0.73805116E+001
 -0.57427863E+000 -0.43183402E+000 -0.11416411E+000 -0.56726965E-002 -0.39439435E-002 -0.10626885E-002  0.10819472E-002  0.95998170E+000  0.25656114E+001  0.51501870E+001  0.73804727E+001
 -0.57427940E+000 -0.43183572E+000 -0.11416699E+000 -0.56727051E-002 -0.39439607E-002 -0.10627201E-002  0.10819425E-002  0.95997071E+000  0.25655947E+001  0.51501549E+001  0.73804378E+001
 -0.57428015E+000 -0.43183734E+000 -0.11416969E+000 -0.56727132E-002 -0.39439776E-002 -0.10627514E-002  0.10819387E-002  0.95996112E+000  0.25655800E+001  0.51501263E+001  0.73804066E+001
 -0.57428090E+000 -0.43183890E+000 -0.11417223E+000 -0.56727210E-002 -0.39439943E-002 -0.10627830E-002  0.10819354E-002  0.95995276E+000  0.25655669E+001  0.51501008E+001  0.73803787E+001
 -0.57428163E+000 -0.43184040E+000 -0.11417464E+000 -0.56727285E-002 -0.39440108E-002 -0.10628145E-002  0.10819327E-002  0.95994548E+000  0.25655554E+001  0.51500782E+001  0.73803539E+001
 -0.57428236E+000 -0.43184186E+000 -0.11417693E+000 -0.56727357E-002 -0.39440271E-002 -0.10628462E-002  0.10819305E-002  0.95993919E+000  0.25655453E+001  0.51500582E+001  0.73803321E+001
 -0.57428309E+000 -0.43184328E+000 -0.11417911E+000 -0.56727426E-002 -0.39440434E-002 -0.10628780E-002  0.10819285E-002  0.95993379E+000  0.25655366E+001  0.51500408E+001  0.73803130E+001
 -0.57428381E+000 -0.43184467E+000 -0.11418120E+000 -0.56727493E-002 -0.39440595E-002 -0.10629098E-002  0.10819268E-002  0.95992921E+000  0.25655291E+001  0.51500257E+001  0.73802966E+001
 -0.57428453E+000 -0.43184602E+000 -0.11418320E+000 -0.56727558E-002 -0.39440755E-002 -0.10629416E-002  0.10819254E-002  0.95992540E+000  0.25655228E+001  0.51500129E+001  0.73802827E+001
 -0.57428525E+000 -0.43184735E+000 -0.11418512E+000 -0.56727620E-002 -0.39440913E-002 -0.10629735E-002  0.10819242E-002  0.95992229E+000  0.25655176E+001  0.51500023E+001  0.73802711E+001
 -0.57428596E+000 -0.43184866E+000 -0.11418696E+000 -0.56727681E-002 -0.39441070E-002 -0.10630052E-002  0.10819232E-002  0.95991985E+000  0.25655133E+001  0.51499936E+001  0.73802617E+001
 -0.57428667E+000 -0.43184994E+000 -0.11418875E+000 -0.56727740E-002 -0.39441226E-002 -0.10630369E-002  0.10819223E-002  0.95991803E+000  0.25655101E+001  0.51499868E+001  0.73802545E+001
 -0.57428739E+000 -0.43185120E+000 -0.11419047E+000 -0.56727796E-002 -0.39441379E-002 -0.10630682E-002  0.10819215E-002  0.95991680E+000  0.25655077E+001  0.51499818E+001  0.73802492E+001
 -0.57428810E+000 -0.43185244E+000 -0.11419213E+000 -0.56727851E-002 -0.39441530E-002 -0.10630994E-002  0.10819209E-002  0.95991613E+000  0.25655063E+001  0.51499785E+001  0.73802458E+001
 -0.57428880E+000 -0.43185366E+000 -0.11419375E+000 -0.56727905E-002 -0.39441679E-002 -0.10631303E-002  0.10819204E-002  0.95991597E+000  0.25655056E+001  0.51499767E+001  0.73802442E+001
 -0.57428951E+000 -0.43185487E+000 -0.11419532E+000 -0.56727956E-002 -0.39441826E-002 -0.10631608E-002  0.10819200E-002  0.95991631E+000  0.25655056E+001  0.51499764E+001  0.73802442E+001
 -0.57429020E+000 -0.43185605E+000 -0.11419684E+000 -0.56728007E-002 -0.39441970E-002 -0.10631909E-002  0.10819197E-002  0.95991709E+000  0.25655064E+001  0.51499775E+001  0.73802457E+001
 -0.57429090E+000 -0.43185722E+000 -0.11419833E+000 -0.56728055E-002 -0.39442112E-002 -0.10632206E-002  0.10819195E-002  0.95991830E+000  0.25655078E+001  0.51499799E+001  0.73802485E+001
 -0.57429159E+000 -0.43185838E+000 -0.11419977E+000 -0.56728102E-002 -0.39442250E-002 -0.10632497E-002  0.10819194E-002  0.95991991E+000  0.25655098E+001  0.51499834E+001  0.73802527E+001
 -0.57429228E+000 -0.43185951E+000 -0.11420118E+000 -0.56728148E-002 -0.39442386E-002 -0.10632783E-002  0.10819193E-002  0.95992187E+000  0.25655123E+001  0.51499879E+001  0.73802579E+001
 -0.57429296E+000 -0.43186064E+000 -0.11420256E+000 -0.56728193E-002 -0.39442520E-002 -0.10633064E-002  0.10819192E-002  0.95992417E+000  0.25655154E+001  0.51499934E+001  0.73802642E+001
 -0.57429363E+000 -0.43186174E+000 -0.11420391E+000 -0.56728236E-002 -0.39442650E-002 -0.10633340E-002  0.10819193E-002  0.95992676E+000  0.25655189E+001  0.51499997E+001  0.73802714E+001
 -0.57429430E+000 -0.43186284E+000 -0.11420523E+000 -0.56728278E-002 -0.39442777E-002 -0.10633609E-002  0.10819193E-002  0.95992963E+000  0.25655228E+001  0.51500068E+001  0.73802794E+001
 -0.57429496E+000 -0.43186392E+000 -0.11420652E+000 -0.56728319E-002 -0.39442902E-002 -0.10633874E-002  0.10819194E-002  0.95993274E+000  0.25655270E+001  0.51500146E+001  0.73802881E+001
 -0.57429562E+000 -0.43186498E+000 -0.11420780E+000 -0.56728358E-002 -0.39443024E-002 -0.10634132E-002  0.10819195E-002  0.95993606E+000  0.25655316E+001  0.51500230E+001  0.73802973E+001
 -0.57429626E+000 -0.43186604E+000 -0.11420905E+000 -0.56728397E-002 -0.39443143E-002 -0.10634385E-002  0.10819196E-002  0.95993958E+000  0.25655365E+001  0.51500318E+001  0.73803070E+001
 -0.57429691E+000 -0.43186708E+000 -0.11421028E+000 -0.56728435E-002 -0.39443259E-002 -0.10634632E-002  0.10819196E-002  0.95994326E+000  0.25655416E+001  0.51500410E+001  0.73803172E+001
 -0.57429754E+000 -0.43186810E+000 -0.11421149E+000 -0.56728472E-002 -0.39443372E-002 -0.10634873E-002  0.10819197E-002  0.95994708E+000  0.25655469E+001  0.51500506E+001  0.73803276E+001
 -0.57429817E+000 -0.43186912E+000 -0.11421268E+000 -0.56728508E-002 -0.39443483E-002 -0.10635109E-002  0.10819198E-002  0.95995102E+000  0.25655523E+001  0.51500605E+001  0.73803383E+001
 -0.57429878E+000 -0.43187012E+000 -0.11421386E+000 -0.56728543E-002 -0.39443592E-002 -0.10635339E-002  0.10819198E-002  0.95995506E+000  0.25655579E+001  0.51500705E+001  0.73803492E+001
 -0.57429940E+000 -0.43187111E+000 -0.11421502E+000 -0.56728578E-002 -0.39443698E-002 -0.10635565E-002  0.10819198E-002  0.95995918E+000  0.25655636E+001  0.51500808E+001  0.73803601E+001
 -0.57430000E+000 -0.43187208E+000 -0.11421617E+000 -0.56728612E-002 -0.39443802E-002 -0.10635785E-002  0.10819197E-002  0.95996337E+000  0.25655694E+001  0.51500911E+001  0.73803711E+001
 -0.57430059E+000 -0.43187305E+000 -0.11421730E+000 -0.56728645E-002 -0.39443903E-002 -0.10635999E-002  0.10819196E-002  0.95996760E+000  0.25655752E+001  0.51501014E+001  0.73803821E+001
 -0.57430118E+000 -0.43187400E+000 -0.11421842E+000 -0.56728678E-002 -0.39444002E-002 -0.10636209E-002  0.10819194E-002  0.95997186E+000  0.25655811E+001  0.51501118E+001  0.73803930E+001
 -0.57430176E+000 -0.43187494E+000 -0.11421953E+000 -0.56728710E-002 -0.39444099E-002 -0.10636414E-002  0.10819192E-002  0.95997613E+000  0.25655870E+001  0.51501221E+001  0.73804039E+001
 -0.57430233E+000 -0.43187586E+000 -0.11422063E+000 -0.56728741E-002 -0.39444194E-002 -0.10636615E-002  0.10819189E-002  0.95998041E+000  0.25655929E+001  0.51501324E+001  0.73804146E+001
 -0.57430289E+000 -0.43187678E+000 -0.11422171E+000 -0.56728772E-002 -0.39444286E-002 -0.10636810E-002  0.10819185E-002  0.95998469E+000  0.25655987E+001  0.51501426E+001  0.73804252E+001
 -0.57430344E+000 -0.43187768E+000 -0.11422278E+000 -0.56728803E-002 -0.39444377E-002 -0.10637001E-002  0.10819181E-002  0.95998895E+000  0.25656045E+001  0.51501527E+001  0.73804356E+001
 -0.57430398E+000 -0.43187857E+000 -0.11422384E+000 -0.56728833E-002 -0.39444466E-002 -0.10637188E-002  0.10819176E-002  0.95999318E+000  0.25656103E+001  0.51501626E+001  0.73804458E+001
 -0.57430451E+000 -0.43187944E+000 -0.11422489E+000 -0.56728862E-002 -0.39444553E-002 -0.10637370E-002  0.10819170E-002  0.95999738E+000  0.25656160E+001  0.51501724E+001  0.73804558E+001
 -0.57430504E+000 -0.43188030E+000 -0.11422592E+000 -0.56728891E-002 -0.39444638E-002 -0.10637548E-002  0.10819164E-002  0.96000155E+000  0.25656217E+001  0.51501820E+001  0.73804655E+001
 -0.57430555E+000 -0.43188115E+000 -0.11422694E+000 -0.56728920E-002 -0.39444721E-002 -0.10637722E-002  0.10819156E-002  0.96000566E+000  0.25656273E+001  0.51501914E+001  0.73804751E+001
 -0.57430606E+000 -0.43188198E+000 -0.11422795E+000 -0.56728948E-002 -0.39444802E-002 -0.10637892E-002  0.10819148E-002  0.96000973E+000  0.25656328E+001  0.51502007E+001  0.73804844E+001
 -0.57430655E+000 -0.43188280E+000 -0.11422895E+000 -0.56728975E-002 -0.39444881E-002 -0.10638057E-002  0.10819140E-002  0.96001374E+000  0.25656382E+001  0.51502097E+001  0.73804934E+001
 -0.57430704E+000 -0.43188361E+000 -0.11422993E+000 -0.56729003E-002 -0.39444959E-002 -0.10638219E-002  0.10819130E-002  0.96001769E+000  0.25656435E+001  0.51502185E+001  0.73805023E+001
 -0.57430751E+000 -0.43188440E+000 -0.11423089E+000 -0.56729029E-002 -0.39445035E-002 -0.10638376E-002  0.10819120E-002  0.96002158E+000  0.25656487E+001  0.51502271E+001  0.73805108E+001
 -0.57430798E+000 -0.43188517E+000 -0.11423185E+000 -0.56729056E-002 -0.39445109E-002 -0.10638530E-002  0.10819110E-002  0.96002540E+000  0.25656538E+001  0.51502356E+001  0.73805192E+001
 -0.57430843E+000 -0.43188593E+000 -0.11423278E+000 -0.56729081E-002 -0.39445181E-002 -0.10638680E-002  0.10819098E-002  0.96002915E+000  0.25656588E+001  0.51502438E+001  0.73805272E+001
 -0.57430888E+000 -0.43188668E+000 -0.11423370E+000 -0.56729107E-002 -0.39445251E-002 -0.10638826E-002  0.10819086E-002  0.96003284E+000  0.25656637E+001  0.51502517E+001  0.73805351E+001
 -0.57430931E+000 -0.43188741E+000 -0.11423461E+000 -0.56729131E-002 -0.39445320E-002 -0.10638968E-002  0.10819074E-002  0.96003645E+000  0.25656685E+001  0.51502595E+001  0.73805427E+001
 -0.57430974E+000 -0.43188812E+000 -0.11423550E+000 -0.56729156E-002 -0.39445387E-002 -0.10639106E-002  0.10819061E-002  0.96003999E+000  0.25656732E+001  0.51502671E+001  0.73805500E+001
 -0.57431015E+000 -0.43188882E+000 -0.11423637E+000 -0.56729180E-002 -0.39445453E-002 -0.10639241E-002  0.10819047E-002  0.96004346E+000  0.25656778E+001  0.51502744E+001  0.73805572E+001
 -0.57431056E+000 -0.43188950E+000 -0.11423723E+000 -0.56729203E-002 -0.39445516E-002 -0.10639371E-002  0.10819033E-002  0.96004685E+000  0.25656823E+001  0.51502816E+001  0.73805641E+001
 -0.57431095E+000 -0.43189017E+000 -0.11423807E+000 -0.56729226E-002 -0.39445578E-002 -0.10639499E-002  0.10819018E-002  0.96005016E+000  0.25656866E+001  0.51502885E+001  0.73805708E+001
 -0.57431133E+000 -0.43189082E+000 -0.11423889E+000 -0.56729248E-002 -0.39445638E-002 -0.10639622E-002  0.10819003E-002  0.96005340E+000  0.25656909E+001  0.51502953E+001  0.73805773E+001
 -0.57431170E+000 -0.43189145E+000 -0.11423969E+000 -0.56729270E-002 -0.39445697E-002 -0.10639742E-002  0.10818987E-002  0.96005656E+000  0.25656951E+001  0.51503018E+001  0.73805836E+001
 -0.57431207E+000 -0.43189206E+000 -0.11424048E+000 -0.56729291E-002 -0.39445754E-002 -0.10639859E-002  0.10818971E-002  0.96005964E+000  0.25656991E+001  0.51503082E+001  0.73805896E+001
 -0.57431242E+000 -0.43189266E+000 -0.11424124E+000 -0.56729312E-002 -0.39445809E-002 -0.10639972E-002  0.10818955E-002  0.96006265E+000  0.25657030E+001  0.51503143E+001  0.73805955E+001
 -0.57431276E+000 -0.43189325E+000 -0.11424199E+000 -0.56729332E-002 -0.39445863E-002 -0.10640081E-002  0.10818938E-002  0.96006559E+000  0.25657069E+001  0.51503203E+001  0.73806012E+001
 -0.57431309E+000 -0.43189382E+000 -0.11424272E+000 -0.56729352E-002 -0.39445915E-002 -0.10640187E-002  0.10818921E-002  0.96006844E+000  0.25657106E+001  0.51503261E+001  0.73806067E+001
 -0.57431341E+000 -0.43189437E+000 -0.11424344E+000 -0.56729371E-002 -0.39445966E-002 -0.10640290E-002  0.10818904E-002  0.96007122E+000  0.25657142E+001  0.51503317E+001  0.73806120E+001
 -0.57431372E+000 -0.43189490E+000 -0.11424413E+000 -0.56729390E-002 -0.39446015E-002 -0.10640390E-002  0.10818886E-002  0.96007393E+000  0.25657177E+001  0.51503371E+001  0.73806171E+001
 -0.57431402E+000 -0.43189542E+000 -0.11424481E+000 -0.56729408E-002 -0.39446062E-002 -0.10640486E-002  0.10818869E-002  0.96007656E+000  0.25657212E+001  0.51503424E+001  0.73806221E+001
 -0.57431431E+000 -0.43189593E+000 -0.11424546E+000 -0.56729426E-002 -0.39446108E-002 -0.10640579E-002  0.10818851E-002  0.96007912E+000  0.25657245E+001  0.51503475E+001  0.73806269E+001
 -0.57431460E+000 -0.43189641E+000 -0.11424610E+000 -0.56729443E-002 -0.39446153E-002 -0.10640669E-002  0.10818832E-002  0.96008161E+000  0.25657277E+001  0.51503524E+001  0.73806315E+001
 -0.57431487E+000 -0.43189689E+000 -0.11424672E+000 -0.56729460E-002 -0.39446196E-002 -0.10640756E-002  0.10818814E-002  0.96008402E+000  0.25657308E+001  0.51503572E+001  0.73806360E+001
 -0.57431513E+000 -0.43189734E+000 -0.11424733E+000 -0.56729476E-002 -0.39446238E-002 -0.10640840E-002  0.10818796E-002  0.96008636E+000  0.25657339E+001  0.51503618E+001  0.73806403E+001
 -0.57431538E+000 -0.43189779E+000 -0.11424791E+000 -0.56729492E-002 -0.39446278E-002 -0.10640921E-002  0.10818777E-002  0.96008863E+000  0.25657368E+001  0.51503662E+001  0.73806444E+001
 -0.57431563E+000 -0.43189821E+000 -0.11424848E+000 -0.56729507E-002 -0.39446317E-002 -0.10640999E-002  0.10818758E-002  0.96009084E+000  0.25657397E+001  0.51503705E+001  0.73806485E+001
 -0.57431586E+000 -0.43189863E+000 -0.11424903E+000 -0.56729522E-002 -0.39446354E-002 -0.10641074E-002  0.10818740E-002  0.96009297E+000  0.25657424E+001  0.51503747E+001  0.73806523E+001
 -0.57431609E+000 -0.43189902E+000 -0.11424956E+000 -0.56729536E-002 -0.39446390E-002 -0.10641147E-002  0.10818721E-002  0.96009504E+000  0.25657451E+001  0.51503787E+001  0.73806561E+001
 -0.57431631E+000 -0.43189941E+000 -0.11425007E+000 -0.56729550E-002 -0.39446425E-002 -0.10641217E-002  0.10818702E-002  0.96009704E+000  0.25657477E+001  0.51503826E+001  0.73806597E+001
 -0.57431652E+000 -0.43189978E+000 -0.11425057E+000 -0.56729564E-002 -0.39446459E-002 -0.10641284E-002  0.10818684E-002  0.96009898E+000  0.25657502E+001  0.51503863E+001  0.73806631E+001
 -0.57431672E+000 -0.43190014E+000 -0.11425105E+000 -0.56729576E-002 -0.39446491E-002 -0.10641349E-002  0.10818665E-002  0.96010085E+000  0.25657526E+001  0.51503899E+001  0.73806665E+001
 -0.57431692E+000 -0.43190048E+000 -0.11425152E+000 -0.56729589E-002 -0.39446523E-002 -0.10641412E-002  0.10818647E-002  0.96010267E+000  0.25657549E+001  0.51503934E+001  0.73806697E+001
 -0.57431710E+000 -0.43190081E+000 -0.11425197E+000 -0.56729601E-002 -0.39446553E-002 -0.10641472E-002  0.10818628E-002  0.96010442E+000  0.25657572E+001  0.51503967E+001  0.73806728E+001
 -0.57431728E+000 -0.43190113E+000 -0.11425240E+000 -0.56729613E-002 -0.39446582E-002 -0.10641530E-002  0.10818610E-002  0.96010611E+000  0.25657593E+001  0.51504000E+001  0.73806758E+001
 -0.57431745E+000 -0.43190144E+000 -0.11425282E+000 -0.56729624E-002 -0.39446610E-002 -0.10641585E-002  0.10818592E-002  0.96010775E+000  0.25657614E+001  0.51504031E+001  0.73806787E+001
 -0.57431762E+000 -0.43190173E+000 -0.11425322E+000 -0.56729635E-002 -0.39446636E-002 -0.10641638E-002  0.10818574E-002  0.96010933E+000  0.25657635E+001  0.51504061E+001  0.73806815E+001
 -0.57431778E+000 -0.43190201E+000 -0.11425361E+000 -0.56729645E-002 -0.39446662E-002 -0.10641690E-002  0.10818556E-002  0.96011085E+000  0.25657654E+001  0.51504090E+001  0.73806841E+001
 -0.57431793E+000 -0.43190228E+000 -0.11425398E+000 -0.56729655E-002 -0.39446687E-002 -0.10641739E-002  0.10818538E-002  0.96011232E+000  0.25657673E+001  0.51504118E+001  0.73806867E+001
 -0.57431807E+000 -0.43190254E+000 -0.11425434E+000 -0.56729665E-002 -0.39446711E-002 -0.10641786E-002  0.10818520E-002  0.96011374E+000  0.25657691E+001  0.51504144E+001  0.73806892E+001
 -0.57431821E+000 -0.43190279E+000 -0.11425469E+000 -0.56729674E-002 -0.39446733E-002 -0.10641831E-002  0.10818503E-002  0.96011511E+000  0.25657709E+001  0.51504170E+001  0.73806916E+001
 -0.57431835E+000 -0.43190303E+000 -0.11425502E+000 -0.56729683E-002 -0.39446755E-002 -0.10641875E-002  0.10818486E-002  0.96011643E+000  0.25657726E+001  0.51504195E+001  0.73806939E+001
 -0.57431847E+000 -0.43190326E+000 -0.11425534E+000 -0.56729692E-002 -0.39446776E-002 -0.10641916E-002  0.10818469E-002  0.96011770E+000  0.25657742E+001  0.51504219E+001  0.73806961E+001
 -0.57431860E+000 -0.43190348E+000 -0.11425565E+000 -0.56729700E-002 -0.39446796E-002 -0.10641956E-002  0.10818452E-002  0.96011892E+000  0.25657757E+001  0.51504242E+001  0.73806982E+001
 -0.57431871E+000 -0.43190369E+000 -0.11425595E+000 -0.56729708E-002 -0.39446816E-002 -0.10641994E-002  0.10818436E-002  0.96012010E+000  0.25657773E+001  0.51504264E+001  0.73807002E+001
 -0.57431882E+000 -0.43190390E+000 -0.11425623E+000 -0.56729716E-002 -0.39446834E-002 -0.10642031E-002  0.10818420E-002  0.96012124E+000  0.25657787E+001  0.51504285E+001  0.73807022E+001
 -0.57431893E+000 -0.43190409E+000 -0.11425650E+000 -0.56729723E-002 -0.39446852E-002 -0.10642066E-002  0.10818404E-002  0.96012233E+000  0.25657801E+001  0.51504306E+001  0.73807041E+001
 -0.57431903E+000 -0.43190427E+000 -0.11425676E+000 -0.56729730E-002 -0.39446869E-002 -0.10642099E-002  0.10818388E-002  0.96012339E+000  0.25657814E+001  0.51504325E+001  0.73807059E+001
 -0.57431913E+000 -0.43190445E+000 -0.11425701E+000 -0.56729737E-002 -0.39446885E-002 -0.10642131E-002  0.10818373E-002  0.96012440E+000  0.25657827E+001  0.51504344E+001  0.73807076E+001
 -0.57431922E+000 -0.43190462E+000 -0.11425725E+000 -0.56729744E-002 -0.39446900E-002 -0.10642161E-002  0.10818358E-002  0.96012537E+000  0.25657840E+001  0.51504363E+001  0.73807093E+001
 -0.57431931E+000 -0.43190478E+000 -0.11425748E+000 -0.56729750E-002 -0.39446915E-002 -0.10642191E-002  0.10818343E-002  0.96012631E+000  0.25657852E+001  0.51504380E+001  0.73807109E+001
 -0.57431939E+000 -0.43190493E+000 -0.11425770E+000 -0.56729756E-002 -0.39446929E-002 -0.10642218E-002  0.10818329E-002  0.96012721E+000  0.25657863E+001  0.51504397E+001  0.73807125E+001
 -0.57431947E+000 -0.43190508E+000 -0.11425791E+000 -0.56729762E-002 -0.39446943E-002 -0.10642245E-002  0.10818315E-002  0.96012808E+000  0.25657874E+001  0.51504413E+001  0.73807140E+001
 -0.57431955E+000 -0.43190522E+000 -0.11425811E+000 -0.56729767E-002 -0.39446956E-002 -0.10642270E-002  0.10818301E-002  0.96012891E+000  0.25657885E+001  0.51504429E+001  0.73807154E+001
 -0.57431962E+000 -0.43190535E+000 -0.11425830E+000 -0.56729772E-002 -0.39446968E-002 -0.10642294E-002  0.10818287E-002  0.96012972E+000  0.25657895E+001  0.51504444E+001  0.73807168E+001
 -0.57431969E+000 -0.43190548E+000 -0.11425848E+000 -0.56729777E-002 -0.39446980E-002 -0.10642317E-002  0.10818274E-002  0.96013049E+000  0.25657905E+001  0.51504458E+001  0.73807182E+001
 -0.57431975E+000 -0.43190560E+000 -0.11425866E+000 -0.56729782E-002 -0.39446991E-002 -0.10642339E-002  0.10818261E-002  0.96013123E+000  0.25657915E+001  0.51504472E+001  0.73807194E+001
 -0.57431982E+000 -0.43190571E+000 -0.11425882E+000 -0.56729787E-002 -0.39447002E-002 -0.10642360E-002  0.10818249E-002  0.96013194E+000  0.25657924E+001  0.51504485E+001  0.73807207E+001
 -0.57431988E+000 -0.43190582E+000 -0.11425898E+000 -0.56729791E-002 -0.39447012E-002 -0.10642380E-002  0.10818236E-002  0.96013262E+000  0.25657932E+001  0.51504498E+001  0.73807219E+001
 -0.57431993E+000 -0.43190593E+000 -0.11425913E+000 -0.56729795E-002 -0.39447022E-002 -0.10642399E-002  0.10818224E-002  0.96013328E+000  0.25657941E+001  0.51504510E+001  0.73807230E+001
 -0.57431999E+000 -0.43190603E+000 -0.11425928E+000 -0.56729799E-002 -0.39447031E-002 -0.10642417E-002  0.10818213E-002  0.96013391E+000  0.25657949E+001  0.51504522E+001  0.73807241E+001
 -0.57432004E+000 -0.43190612E+000 -0.11425942E+000 -0.56729803E-002 -0.39447039E-002 -0.10642434E-002  0.10818201E-002  0.96013451E+000  0.25657957E+001  0.51504533E+001  0.73807252E+001
 -0.57432009E+000 -0.43190621E+000 -0.11425955E+000 -0.56729806E-002 -0.39447048E-002 -0.10642450E-002  0.10818190E-002  0.96013510E+000  0.25657964E+001  0.51504544E+001  0.73807262E+001
 -0.57432013E+000 -0.43190630E+000 -0.11425967E+000 -0.56729810E-002 -0.39447056E-002 -0.10642465E-002  0.10818180E-002  0.96013565E+000  0.25657971E+001  0.51504555E+001  0.73807272E+001
 -0.57432018E+000 -0.43190638E+000 -0.11425979E+000 -0.56729813E-002 -0.39447063E-002 -0.10642480E-002  0.10818169E-002  0.96013619E+000  0.25657978E+001  0.51504565E+001  0.73807281E+001
 -0.57432022E+000 -0.43190646E+000 -0.11425990E+000 -0.56729816E-002 -0.39447070E-002 -0.10642494E-002  0.10818159E-002  0.96013670E+000  0.25657985E+001  0.51504574E+001  0.73807290E+001
 -0.57432026E+000 -0.43190653E+000 -0.11426001E+000 -0.56729819E-002 -0.39447077E-002 -0.10642507E-002  0.10818150E-002  0.96013720E+000  0.25657991E+001  0.51504584E+001  0.73807299E+001
 -0.57432029E+000 -0.43190660E+000 -0.11426011E+000 -0.56729822E-002 -0.39447083E-002 -0.10642519E-002  0.10818140E-002  0.96013767E+000  0.25657997E+001  0.51504593E+001  0.73807307E+001
 -0.57432033E+000 -0.43190667E+000 -0.11426021E+000 -0.56729824E-002 -0.39447089E-002 -0.10642531E-002  0.10818131E-002  0.96013812E+000  0.25658003E+001  0.51504601E+001  0.73807315E+001
 -0.57432036E+000 -0.43190673E+000 -0.11426030E+000 -0.56729827E-002 -0.39447095E-002 -0.10642542E-002  0.10818122E-002  0.96013856E+000  0.25658008E+001  0.51504609E+001  0.73807323E+001
 -0.57432039E+000 -0.43190679E+000 -0.11426039E+000 -0.56729829E-002 -0.39447100E-002 -0.10642552E-002  0.10818114E-002  0.96013898E+000  0.25658014E+001  0.51504617E+001  0.73807330E+001
 -0.57432042E+000 -0.43190684E+000 -0.11426048E+000 -0.56729832E-002 -0.39447106E-002 -0.10642562E-002  0.10818105E-002  0.96013938E+000  0.25658019E+001  0.51504625E+001  0.73807338E+001
 -0.57432045E+000 -0.43190690E+000 -0.11426055E+000 -0.56729834E-002 -0.39447110E-002 -0.10642571E-002  0.10818097E-002  0.96013976E+000  0.25658024E+001  0.51504632E+001  0.73807344E+001
 -0.57432048E+000 -0.43190695E+000 -0.11426063E+000 -0.56729836E-002 -0.39447115E-002 -0.10642580E-002  0.10818089E-002  0.96014013E+000  0.25658028E+001  0.51504639E+001  0.73807351E+001
 -0.57432050E+000 -0.43190699E+000 -0.11426070E+000 -0.56729838E-002 -0.39447119E-002 -0.10642588E-002  0.10818082E-002  0.96014048E+000  0.25658033E+001  0.51504646E+001  0.73807357E+001
 -0.57432053E+000 -0.43190704E+000 -0.11426077E+000 -0.56729839E-002 -0.39447123E-002 -0.10642596E-002  0.10818075E-002  0.96014082E+000  0.25658037E+001  0.51504652E+001  0.73807363E+001
 -0.57432055E+000 -0.43190708E+000 -0.11426083E+000 -0.56729841E-002 -0.39447127E-002 -0.10642604E-002  0.10818068E-002  0.96014114E+000  0.25658041E+001  0.51504658E+001  0.73807369E+001
 -0.57432057E+000 -0.43190712E+000 -0.11426089E+000 -0.56729843E-002 -0.39447131E-002 -0.10642611E-002  0.10818061E-002  0.96014145E+000  0.25658045E+001  0.51504664E+001  0.73807375E+001
 -0.57432059E+000 -0.43190716E+000 -0.11426095E+000 -0.56729844E-002 -0.39447134E-002 -0.10642617E-002  0.10818054E-002  0.96014175E+000  0.25658049E+001  0.51504670E+001  0.73807380E+001
 -0.57432061E+000 -0.43190720E+000 -0.11426100E+000 -0.56729846E-002 -0.39447137E-002 -0.10642623E-002  0.10818048E-002  0.96014203E+000  0.25658053E+001  0.51504675E+001  0.73807385E+001
 -0.57432063E+000 -0.43190723E+000 -0.11426105E+000 -0.56729847E-002 -0.39447140E-002 -0.10642629E-002  0.10818042E-002  0.96014230E+000  0.25658056E+001  0.51504680E+001  0.73807390E+001
 -0.57432065E+000 -0.43190726E+000 -0.11426110E+000 -0.56729848E-002 -0.39447143E-002 -0.10642634E-002  0.10818036E-002  0.96014256E+000  0.25658059E+001  0.51504685E+001  0.73807395E+001
 -0.57432066E+000 -0.43190729E+000 -0.11426115E+000 -0.56729850E-002 -0.39447146E-002 -0.10642639E-002  0.10818031E-002  0.96014281E+000  0.25658063E+001  0.51504690E+001  0.73807399E+001
 -0.57432068E+000 -0.43190732E+000 -0.11426119E+000 -0.56729851E-002 -0.39447148E-002 -0.10642644E-002  0.10818025E-002  0.96014304E+000  0.25658066E+001  0.51504694E+001  0.73807404E+001
 -0.57432069E+000 -0.43190735E+000 -0.11426123E+000 -0.56729852E-002 -0.39447151E-002 -0.10642648E-002  0.10818020E-002  0.96014327E+000  0.25658068E+001  0.51504699E+001  0.73807408E+001
 -0.57432070E+000 -0.43190737E+000 -0.11426127E+000 -0.56729853E-002 -0.39447153E-002 -0.10642653E-002  0.10818015E-002  0.96014349E+000  0.25658071E+001  0.51504703E+001  0.73807412E+001
 -0.57432072E+000 -0.43190740E+000 -0.11426131E+000 -0.56729854E-002 -0.39447155E-002 -0.10642656E-002  0.10818010E-002  0.96014369E+000  0.25658074E+001  0.51504707E+001  0.73807416E+001
 -0.57432073E+000 -0.43190742E+000 -0.11426134E+000 -0.56729855E-002 -0.39447157E-002 -0.10642660E-002  0.10818006E-002  0.96014389E+000  0.25658076E+001  0.51504710E+001  0.73807419E+001
 -0.57432074E+000 -0.43190744E+000 -0.11426137E+000 -0.56729856E-002 -0.39447159E-002 -0.10642663E-002  0.10818001E-002  0.96014408E+000  0.25658079E+001  0.51504714E+001  0.73807422E+001
 -0.57432075E+000 -0.43190746E+000 -0.11426141E+000 -0.56729857E-002 -0.39447161E-002 -0.10642667E-002  0.10817997E-002  0.96014425E+000  0.25658081E+001  0.51504717E+001  0.73807425E+001
 -0.57432076E+000 -0.43190749E+000 -0.11426144E+000 -0.56729858E-002 -0.39447163E-002 -0.10642672E-002  0.10817992E-002  0.96014440E+000  0.25658083E+001  0.51504720E+001  0.73807428E+001
 -0.57432077E+000 -0.43190751E+000 -0.11426147E+000 -0.56729858E-002 -0.39447163E-002 -0.10642671E-002  0.10817989E-002  0.96014455E+000  0.25658085E+001  0.51504723E+001  0.73807431E+001
