  0.00000000E+000  0.00000000E+000  0.00000000E+000  0.00000000E+000  0.00000000E+000  0.93662127E-001  0.19283099E+001  0.12499507E+002  0.31295227E+002  0.78686205E+002  0.15900738E+003
  0.00000000E+000  0.00000000E+000  0.00000000E+000  0.00000000E+000  0.00000000E+000  0.93716468E-001  0.19290819E+001  0.12502862E+002  0.31298109E+002  0.78691842E+002  0.15901011E+003
  0.00000000E+000  0.00000000E+000  0.00000000E+000  0.00000000E+000  0.00000000E+000  0.93763705E-001  0.19297260E+001  0.12505691E+002  0.31300561E+002  0.78696553E+002  0.15901241E+003
  0.00000000E+000  0.00000000E+000  0.00000000E+000  0.00000000E+000  0.00000000E+000  0.93804877E-001  0.19302634E+001  0.12508036E+002  0.31302600E+002  0.78700478E+002  0.15901434E+003
  0.00000000E+000  0.00000000E+000  0.00000000E+000  0.00000000E+000  0.00000000E+000  0.93840784E-001  0.19307191E+001  0.12510004E+002  0.31304311E+002  0.78703804E+002  0.15901598E+003
  0.00000000E+000  0.00000000E+000  0.00000000E+000  0.00000000E+000  0.00000000E+000  0.93871882E-001  0.19311096E+001  0.12511671E+002  0.31305763E+002  0.78706659E+002  0.15901740E+003
  0.00000000E+000  0.00000000E+000  0.00000000E+000  0.00000000E+000  0.00000000E+000  0.93898805E-001  0.19314450E+001  0.12513087E+002  0.31307006E+002  0.78709131E+002  0.15901863E+003
  0.00000000E+000  0.00000000E+000  0.00000000E+000  0.00000000E+000  0.00000000E+000  0.93922107E-001  0.19317342E+001  0.12514298E+002  0.31308078E+002  0.78711288E+002  0.15901971E+003
  0.00000000E+000  0.00000000E+000  0.00000000E+000  0.00000000E+000  0.00000000E+000  0.93942271E-001  0.19319848E+001  0.12515340E+002  0.31309008E+002  0.78713179E+002  0.15902066E+003
  0.00000000E+000  0.00000000E+000  0.00000000E+000  0.00000000E+000  0.00000000E+000  0.93959711E-001  0.19322028E+001  0.12516240E+002  0.31309819E+002  0.78714846E+002  0.15902150E+003
  0.00000000E+000  0.00000000E+000  0.00000000E+000  0.00000000E+000  0.00000000E+000  0.93974768E-001  0.19323930E+001  0.12517022E+002  0.31310529E+002  0.78716324E+002  0.15902225E+003
  0.00000000E+000  0.00000000E+000  0.00000000E+000  0.00000000E+000  0.00000000E+000  0.93987675E-001  0.19325597E+001  0.12517705E+002  0.31311156E+002  0.78717640E+002  0.15902292E+003
  0.00000000E+000  0.00000000E+000  0.00000000E+000  0.00000000E+000  0.00000000E+000  0.93998683E-001  0.19327061E+001  0.12518304E+002  0.31311711E+002  0.78718818E+002  0.15902352E+003
  0.00000000E+000  0.00000000E+000  0.00000000E+000  0.00000000E+000  0.00000000E+000  0.94008038E-001  0.19328351E+001  0.12518832E+002  0.31312205E+002  0.78719878E+002  0.15902407E+003
  0.00000000E+000  0.00000000E+000  0.00000000E+000  0.00000000E+000  0.00000000E+000  0.94015953E-001  0.19329490E+001  0.12519300E+002  0.31312648E+002  0.78720835E+002  0.15902457E+003
  0.00000000E+000  0.00000000E+000  0.00000000E+000  0.00000000E+000  0.00000000E+000  0.94022602E-001  0.19330499E+001  0.12519717E+002  0.31313046E+002  0.78721704E+002  0.15902502E+003
  0.00000000E+000  0.00000000E+000  0.00000000E+000  0.00000000E+000  0.00000000E+000  0.94028134E-001  0.19331395E+001  0.12520090E+002  0.31313406E+002  0.78722498E+002  0.15902544E+003
  0.00000000E+000  0.00000000E+000  0.00000000E+000  0.00000000E+000  0.00000000E+000  0.94032683E-001  0.19332192E+001  0.12520427E+002  0.31313733E+002  0.78723226E+002  0.15902583E+003
  0.00000000E+000  0.00000000E+000  0.00000000E+000  0.00000000E+000  0.00000000E+000  0.94036363E-001  0.19332903E+001  0.12520731E+002  0.31314032E+002  0.78723897E+002  0.15902620E+003
  0.00000000E+000  0.00000000E+000  0.00000000E+000  0.00000000E+000  0.00000000E+000  0.94039272E-001  0.19333537E+001  0.12521009E+002  0.31314306E+002  0.78724519E+002  0.15902654E+003
  0.00000000E+000  0.00000000E+000  0.00000000E+000  0.00000000E+000  0.00000000E+000  0.94041494E-001  0.19334103E+001  0.12521263E+002  0.31314559E+002  0.78725098E+002  0.15902686E+003
  0.00000000E+000  0.00000000E+000  0.00000000E+000  0.00000000E+000  0.00000000E+000  0.94043099E-001  0.19334609E+001  0.12521497E+002  0.31314793E+002  0.78725641E+002  0.15902717E+003
  0.00000000E+000  0.00000000E+000  0.00000000E+000  0.00000000E+000  0.00000000E+000  0.94044151E-001  0.19335062E+001  0.12521713E+002  0.31315011E+002  0.78726152E+002  0.15902747E+003
  0.00000000E+000  0.00000000E+000  0.00000000E+000  0.00000000E+000  0.00000000E+000  0.94044701E-001  0.19335467E+001  0.12521915E+002  0.31315215E+002  0.78726635E+002  0.15902776E+003
  0.00000000E+000  0.00000000E+000  0.00000000E+000  0.00000000E+000  0.00000000E+000  0.94044794E-001  0.19335828E+001  0.12522103E+002  0.31315407E+002  0.78727095E+002  0.15902803E+003
  0.00000000E+000  0.00000000E+000  0.00000000E+000  0.00000000E+000  0.00000000E+000  0.94044470E-001  0.19336149E+001  0.12522279E+002  0.31315588E+002  0.78727535E+002  0.15902831E+003
  0.00000000E+000  0.00000000E+000  0.00000000E+000  0.00000000E+000  0.00000000E+000  0.94043763E-001  0.19336435E+001  0.12522446E+002  0.31315760E+002  0.78727958E+002  0.15902857E+003
  0.00000000E+000  0.00000000E+000  0.00000000E+000  0.00000000E+000  0.00000000E+000  0.94042702E-001  0.19336687E+001  0.12522603E+002  0.31315923E+002  0.78728366E+002  0.15902884E+003
  0.00000000E+000  0.00000000E+000  0.00000000E+000  0.00000000E+000  0.00000000E+000  0.94041314E-001  0.19336908E+001  0.12522753E+002  0.31316080E+002  0.78728762E+002  0.15902910E+003
  0.00000000E+000  0.00000000E+000  0.00000000E+000  0.00000000E+000  0.00000000E+000  0.94039622E-001  0.19337101E+001  0.12522895E+002  0.31316230E+002  0.78729148E+002  0.15902936E+003
  0.00000000E+000  0.00000000E+000  0.00000000E+000  0.00000000E+000  0.00000000E+000  0.94037649E-001  0.19337267E+001  0.12523031E+002  0.31316375E+002  0.78729526E+002  0.15902963E+003
  0.00000000E+000  0.00000000E+000  0.00000000E+000  0.00000000E+000  0.00000000E+000  0.94035417E-001  0.19337407E+001  0.12523160E+002  0.31316515E+002  0.78729897E+002  0.15902989E+003
  0.00000000E+000  0.00000000E+000  0.00000000E+000  0.00000000E+000  0.00000000E+000  0.94032944E-001  0.19337523E+001  0.12523284E+002  0.31316652E+002  0.78730262E+002  0.15903016E+003
  0.00000000E+000  0.00000000E+000  0.00000000E+000  0.00000000E+000  0.00000000E+000  0.94030250E-001  0.19337616E+001  0.12523403E+002  0.31316785E+002  0.78730623E+002  0.15903044E+003
  0.00000000E+000  0.00000000E+000  0.00000000E+000  0.00000000E+000  0.00000000E+000  0.94027356E-001  0.19337687E+001  0.12523517E+002  0.31316915E+002  0.78730981E+002  0.15903071E+003
  0.00000000E+000  0.00000000E+000  0.00000000E+000  0.00000000E+000  0.00000000E+000  0.94024281E-001  0.19337737E+001  0.12523626E+002  0.31317043E+002  0.78731337E+002  0.15903100E+003
  0.00000000E+000  0.00000000E+000  0.00000000E+000  0.00000000E+000  0.00000000E+000  0.94021044E-001  0.19337766E+001  0.12523730E+002  0.31317168E+002  0.78731691E+002  0.15903129E+003
  0.00000000E+000  0.00000000E+000  0.00000000E+000  0.00000000E+000  0.00000000E+000  0.94017665E-001  0.19337775E+001  0.12523828E+002  0.31317292E+002  0.78732044E+002  0.15903159E+003
  0.00000000E+000  0.00000000E+000  0.00000000E+000  0.00000000E+000  0.00000000E+000  0.94014164E-001  0.19337765E+001  0.12523922E+002  0.31317414E+002  0.78732397E+002  0.15903189E+003
  0.00000000E+000  0.00000000E+000  0.00000000E+000  0.00000000E+000  0.00000000E+000  0.94010558E-001  0.19337735E+001  0.12524011E+002  0.31317535E+002  0.78732749E+002  0.15903221E+003
  0.00000000E+000  0.00000000E+000  0.00000000E+000  0.00000000E+000  0.00000000E+000  0.94006867E-001  0.19337686E+001  0.12524094E+002  0.31317655E+002  0.78733103E+002  0.15903253E+003
  0.00000000E+000  0.00000000E+000  0.00000000E+000  0.00000000E+000  0.00000000E+000  0.94003108E-001  0.19337618E+001  0.12524172E+002  0.31317774E+002  0.78733458E+002  0.15903287E+003
  0.00000000E+000  0.00000000E+000  0.00000000E+000  0.00000000E+000  0.00000000E+000  0.93999298E-001  0.19337531E+001  0.12524243E+002  0.31317891E+002  0.78733814E+002  0.15903322E+003
  0.00000000E+000  0.00000000E+000  0.00000000E+000  0.00000000E+000  0.00000000E+000  0.93995451E-001  0.19337426E+001  0.12524309E+002  0.31318008E+002  0.78734173E+002  0.15903357E+003
  0.00000000E+000  0.00000000E+000  0.00000000E+000  0.00000000E+000  0.00000000E+000  0.93991581E-001  0.19337302E+001  0.12524368E+002  0.31318124E+002  0.78734534E+002  0.15903394E+003
  0.00000000E+000  0.00000000E+000  0.00000000E+000  0.00000000E+000  0.00000000E+000  0.93987698E-001  0.19337159E+001  0.12524421E+002  0.31318238E+002  0.78734897E+002  0.15903432E+003
  0.00000000E+000  0.00000000E+000  0.00000000E+000  0.00000000E+000  0.00000000E+000  0.93983812E-001  0.19336997E+001  0.12524466E+002  0.31318352E+002  0.78735264E+002  0.15903472E+003
  0.00000000E+000  0.00000000E+000  0.00000000E+000  0.00000000E+000  0.00000000E+000  0.93979930E-001  0.19336816E+001  0.12524504E+002  0.31318465E+002  0.78735635E+002  0.15903513E+003
  0.00000000E+000  0.00000000E+000  0.00000000E+000  0.00000000E+000  0.00000000E+000  0.93976056E-001  0.19336615E+001  0.12524534E+002  0.31318576E+002  0.78736011E+002  0.15903555E+003
  0.00000000E+000  0.00000000E+000  0.00000000E+000  0.00000000E+000  0.00000000E+000  0.93972193E-001  0.19336395E+001  0.12524557E+002  0.31318686E+002  0.78736391E+002  0.15903598E+003
  0.00000000E+000  0.00000000E+000  0.00000000E+000  0.00000000E+000  0.00000000E+000  0.93968342E-001  0.19336156E+001  0.12524571E+002  0.31318794E+002  0.78736776E+002  0.15903644E+003
  0.00000000E+000  0.00000000E+000  0.00000000E+000  0.00000000E+000  0.00000000E+000  0.93964501E-001  0.19335896E+001  0.12524576E+002  0.31318900E+002  0.78737168E+002  0.15903690E+003
  0.00000000E+000  0.00000000E+000  0.00000000E+000  0.00000000E+000  0.00000000E+000  0.93960665E-001  0.19335617E+001  0.12524573E+002  0.31319004E+002  0.78737565E+002  0.15903738E+003
  0.00000000E+000  0.00000000E+000  0.00000000E+000  0.00000000E+000  0.00000000E+000  0.93956830E-001  0.19335318E+001  0.12524561E+002  0.31319106E+002  0.78737970E+002  0.15903788E+003
  0.00000000E+000  0.00000000E+000  0.00000000E+000  0.00000000E+000  0.00000000E+000  0.93952988E-001  0.19334999E+001  0.12524540E+002  0.31319206E+002  0.78738382E+002  0.15903839E+003
  0.00000000E+000  0.00000000E+000  0.00000000E+000  0.00000000E+000  0.00000000E+000  0.93949131E-001  0.19334661E+001  0.12524509E+002  0.31319302E+002  0.78738801E+002  0.15903892E+003
  0.00000000E+000  0.00000000E+000  0.00000000E+000  0.00000000E+000  0.00000000E+000  0.93945250E-001  0.19334302E+001  0.12524469E+002  0.31319396E+002  0.78739229E+002  0.15903947E+003
  0.00000000E+000  0.00000000E+000  0.00000000E+000  0.00000000E+000  0.00000000E+000  0.93941335E-001  0.19333924E+001  0.12524420E+002  0.31319485E+002  0.78739665E+002  0.15904003E+003
  0.00000000E+000  0.00000000E+000  0.00000000E+000  0.00000000E+000  0.00000000E+000  0.93937376E-001  0.19333526E+001  0.12524361E+002  0.31319571E+002  0.78740110E+002  0.15904062E+003
  0.00000000E+000  0.00000000E+000  0.00000000E+000  0.00000000E+000  0.00000000E+000  0.93933364E-001  0.19333109E+001  0.12524293E+002  0.31319652E+002  0.78740563E+002  0.15904122E+003
  0.00000000E+000  0.00000000E+000  0.00000000E+000  0.00000000E+000  0.00000000E+000  0.93929289E-001  0.19332673E+001  0.12524216E+002  0.31319728E+002  0.78741026E+002  0.15904184E+003
  0.00000000E+000  0.00000000E+000  0.00000000E+000  0.00000000E+000  0.00000000E+000  0.93925142E-001  0.19332217E+001  0.12524129E+002  0.31319800E+002  0.78741496E+002  0.15904247E+003
  0.00000000E+000  0.00000000E+000  0.00000000E+000  0.00000000E+000  0.00000000E+000  0.93920916E-001  0.19331743E+001  0.12524033E+002  0.31319865E+002  0.78741975E+002  0.15904313E+003
  0.00000000E+000  0.00000000E+000  0.00000000E+000  0.00000000E+000  0.00000000E+000  0.93916605E-001  0.19331250E+001  0.12523927E+002  0.31319924E+002  0.78742462E+002  0.15904381E+003
  0.00000000E+000  0.00000000E+000  0.00000000E+000  0.00000000E+000  0.00000000E+000  0.93912204E-001  0.19330738E+001  0.12523812E+002  0.31319976E+002  0.78742956E+002  0.15904451E+003
  0.00000000E+000  0.00000000E+000  0.00000000E+000  0.00000000E+000  0.00000000E+000  0.93907712E-001  0.19330208E+001  0.12523687E+002  0.31320021E+002  0.78743457E+002  0.15904523E+003
  0.00000000E+000  0.00000000E+000  0.00000000E+000  0.00000000E+000  0.00000000E+000  0.93903126E-001  0.19329660E+001  0.12523554E+002  0.31320059E+002  0.78743962E+002  0.15904597E+003
  0.00000000E+000  0.00000000E+000  0.00000000E+000  0.00000000E+000  0.00000000E+000  0.93898449E-001  0.19329094E+001  0.12523411E+002  0.31320089E+002  0.78744473E+002  0.15904673E+003
  0.00000000E+000  0.00000000E+000  0.00000000E+000  0.00000000E+000  0.00000000E+000  0.93893683E-001  0.19328511E+001  0.12523258E+002  0.31320110E+002  0.78744986E+002  0.15904752E+003
  0.00000000E+000  0.00000000E+000  0.00000000E+000  0.00000000E+000  0.00000000E+000  0.93888833E-001  0.19327911E+001  0.12523097E+002  0.31320123E+002  0.78745501E+002  0.15904832E+003
  0.00000000E+000  0.00000000E+000  0.00000000E+000  0.00000000E+000  0.00000000E+000  0.93883904E-001  0.19327294E+001  0.12522927E+002  0.31320127E+002  0.78746016E+002  0.15904915E+003
  0.00000000E+000  0.00000000E+000  0.00000000E+000  0.00000000E+000  0.00000000E+000  0.93878905E-001  0.19326662E+001  0.12522748E+002  0.31320122E+002  0.78746531E+002  0.15905001E+003
  0.00000000E+000  0.00000000E+000  0.00000000E+000  0.00000000E+000  0.00000000E+000  0.93873845E-001  0.19326015E+001  0.12522560E+002  0.31320108E+002  0.78747042E+002  0.15905088E+003
  0.00000000E+000  0.00000000E+000  0.00000000E+000  0.00000000E+000  0.00000000E+000  0.93868732E-001  0.19325353E+001  0.12522363E+002  0.31320084E+002  0.78747549E+002  0.15905178E+003
  0.00000000E+000  0.00000000E+000  0.00000000E+000  0.00000000E+000  0.00000000E+000  0.93863577E-001  0.19324678E+001  0.12522158E+002  0.31320051E+002  0.78748050E+002  0.15905270E+003
  0.00000000E+000  0.00000000E+000  0.00000000E+000  0.00000000E+000  0.00000000E+000  0.93858390E-001  0.19323990E+001  0.12521945E+002  0.31320008E+002  0.78748544E+002  0.15905364E+003
  0.00000000E+000  0.00000000E+000  0.00000000E+000  0.00000000E+000  0.00000000E+000  0.93853182E-001  0.19323290E+001  0.12521723E+002  0.31319956E+002  0.78749029E+002  0.15905460E+003
  0.00000000E+000  0.00000000E+000  0.00000000E+000  0.00000000E+000  0.00000000E+000  0.93847964E-001  0.19322580E+001  0.12521494E+002  0.31319894E+002  0.78749502E+002  0.15905559E+003
  0.00000000E+000  0.00000000E+000  0.00000000E+000  0.00000000E+000  0.00000000E+000  0.93842747E-001  0.19321860E+001  0.12521257E+002  0.31319823E+002  0.78749965E+002  0.15905660E+003
  0.00000000E+000  0.00000000E+000  0.00000000E+000  0.00000000E+000  0.00000000E+000  0.93837540E-001  0.19321132E+001  0.12521013E+002  0.31319743E+002  0.78750413E+002  0.15905763E+003
  0.00000000E+000  0.00000000E+000  0.00000000E+000  0.00000000E+000  0.00000000E+000  0.93832353E-001  0.19320396E+001  0.12520761E+002  0.31319653E+002  0.78750848E+002  0.15905867E+003
  0.00000000E+000  0.00000000E+000  0.00000000E+000  0.00000000E+000  0.00000000E+000  0.93827196E-001  0.19319654E+001  0.12520503E+002  0.31319553E+002  0.78751267E+002  0.15905974E+003
  0.00000000E+000  0.00000000E+000  0.00000000E+000  0.00000000E+000  0.00000000E+000  0.93822076E-001  0.19318906E+001  0.12520239E+002  0.31319445E+002  0.78751669E+002  0.15906082E+003
  0.00000000E+000  0.00000000E+000  0.00000000E+000  0.00000000E+000  0.00000000E+000  0.93817003E-001  0.19318154E+001  0.12519968E+002  0.31319328E+002  0.78752054E+002  0.15906192E+003
  0.00000000E+000  0.00000000E+000  0.00000000E+000  0.00000000E+000  0.00000000E+000  0.93811983E-001  0.19317399E+001  0.12519691E+002  0.31319202E+002  0.78752421E+002  0.15906304E+003
  0.00000000E+000  0.00000000E+000  0.00000000E+000  0.00000000E+000  0.00000000E+000  0.93807023E-001  0.19316641E+001  0.12519409E+002  0.31319068E+002  0.78752769E+002  0.15906417E+003
  0.00000000E+000  0.00000000E+000  0.00000000E+000  0.00000000E+000  0.00000000E+000  0.93802129E-001  0.19315882E+001  0.12519122E+002  0.31318925E+002  0.78753096E+002  0.15906531E+003
  0.00000000E+000  0.00000000E+000  0.00000000E+000  0.00000000E+000  0.00000000E+000  0.93797308E-001  0.19315122E+001  0.12518829E+002  0.31318774E+002  0.78753404E+002  0.15906646E+003
  0.00000000E+000  0.00000000E+000  0.00000000E+000  0.00000000E+000  0.00000000E+000  0.93792563E-001  0.19314362E+001  0.12518533E+002  0.31318614E+002  0.78753690E+002  0.15906762E+003
  0.00000000E+000  0.00000000E+000  0.00000000E+000  0.00000000E+000  0.00000000E+000  0.93787899E-001  0.19313604E+001  0.12518232E+002  0.31318447E+002  0.78753954E+002  0.15906879E+003
  0.00000000E+000  0.00000000E+000  0.00000000E+000  0.00000000E+000  0.00000000E+000  0.93783322E-001  0.19312847E+001  0.12517927E+002  0.31318272E+002  0.78754197E+002  0.15906997E+003
  0.00000000E+000  0.00000000E+000  0.00000000E+000  0.00000000E+000  0.00000000E+000  0.93778834E-001  0.19312093E+001  0.12517619E+002  0.31318090E+002  0.78754416E+002  0.15907115E+003
  0.00000000E+000  0.00000000E+000  0.00000000E+000  0.00000000E+000  0.00000000E+000  0.93774439E-001  0.19311342E+001  0.12517308E+002  0.31317900E+002  0.78754613E+002  0.15907233E+003
  0.00000000E+000  0.00000000E+000  0.00000000E+000  0.00000000E+000  0.00000000E+000  0.93770139E-001  0.19310595E+001  0.12516994E+002  0.31317703E+002  0.78754785E+002  0.15907351E+003
  0.00000000E+000  0.00000000E+000  0.00000000E+000  0.00000000E+000  0.00000000E+000  0.93765937E-001  0.19309852E+001  0.12516677E+002  0.31317499E+002  0.78754934E+002  0.15907469E+003
  0.00000000E+000  0.00000000E+000  0.00000000E+000  0.00000000E+000  0.00000000E+000  0.93761836E-001  0.19309115E+001  0.12516359E+002  0.31317288E+002  0.78755058E+002  0.15907587E+003
  0.00000000E+000  0.00000000E+000  0.00000000E+000  0.00000000E+000  0.00000000E+000  0.93757837E-001  0.19308383E+001  0.12516039E+002  0.31317070E+002  0.78755157E+002  0.15907704E+003
  0.00000000E+000  0.00000000E+000  0.00000000E+000  0.00000000E+000  0.00000000E+000  0.93753942E-001  0.19307657E+001  0.12515717E+002  0.31316846E+002  0.78755231E+002  0.15907821E+003
  0.00000000E+000  0.00000000E+000  0.00000000E+000  0.00000000E+000  0.00000000E+000  0.93750152E-001  0.19306939E+001  0.12515395E+002  0.31316616E+002  0.78755279E+002  0.15907936E+003
  0.00000000E+000  0.00000000E+000  0.00000000E+000  0.00000000E+000  0.00000000E+000  0.93746467E-001  0.19306228E+001  0.12515071E+002  0.31316379E+002  0.78755301E+002  0.15908051E+003
  0.00000000E+000  0.00000000E+000  0.00000000E+000  0.00000000E+000  0.00000000E+000  0.93742889E-001  0.19305525E+001  0.12514748E+002  0.31316137E+002  0.78755297E+002  0.15908163E+003
  0.00000000E+000  0.00000000E+000  0.00000000E+000  0.00000000E+000  0.00000000E+000  0.93739417E-001  0.19304830E+001  0.12514424E+002  0.31315889E+002  0.78755266E+002  0.15908274E+003
  0.00000000E+000  0.00000000E+000  0.00000000E+000  0.00000000E+000  0.00000000E+000  0.93736052E-001  0.19304144E+001  0.12514100E+002  0.31315635E+002  0.78755208E+002  0.15908384E+003
  0.00000000E+000  0.00000000E+000  0.00000000E+000  0.00000000E+000  0.00000000E+000  0.93732794E-001  0.19303467E+001  0.12513777E+002  0.31315377E+002  0.78755124E+002  0.15908491E+003
  0.00000000E+000  0.00000000E+000  0.00000000E+000  0.00000000E+000  0.00000000E+000  0.93729641E-001  0.19302800E+001  0.12513455E+002  0.31315113E+002  0.78755012E+002  0.15908596E+003
  0.00000000E+000  0.00000000E+000  0.00000000E+000  0.00000000E+000  0.00000000E+000  0.93726594E-001  0.19302144E+001  0.12513134E+002  0.31314844E+002  0.78754873E+002  0.15908698E+003
  0.00000000E+000  0.00000000E+000  0.00000000E+000  0.00000000E+000  0.00000000E+000  0.93723651E-001  0.19301498E+001  0.12512815E+002  0.31314571E+002  0.78754707E+002  0.15908798E+003
  0.00000000E+000  0.00000000E+000  0.00000000E+000  0.00000000E+000  0.00000000E+000  0.93720810E-001  0.19300863E+001  0.12512497E+002  0.31314294E+002  0.78754514E+002  0.15908894E+003
  0.00000000E+000  0.00000000E+000  0.00000000E+000  0.00000000E+000  0.00000000E+000  0.93718072E-001  0.19300240E+001  0.12512181E+002  0.31314012E+002  0.78754293E+002  0.15908987E+003
  0.00000000E+000  0.00000000E+000  0.00000000E+000  0.00000000E+000  0.00000000E+000  0.93715434E-001  0.19299628E+001  0.12511867E+002  0.31313727E+002  0.78754044E+002  0.15909077E+003
  0.00000000E+000  0.00000000E+000  0.00000000E+000  0.00000000E+000  0.00000000E+000  0.93712894E-001  0.19299028E+001  0.12511555E+002  0.31313438E+002  0.78753768E+002  0.15909164E+003
  0.00000000E+000  0.00000000E+000  0.00000000E+000  0.00000000E+000  0.00000000E+000  0.93710450E-001  0.19298441E+001  0.12511246E+002  0.31313146E+002  0.78753465E+002  0.15909246E+003
  0.00000000E+000  0.00000000E+000  0.00000000E+000  0.00000000E+000  0.00000000E+000  0.93708102E-001  0.19297866E+001  0.12510940E+002  0.31312851E+002  0.78753134E+002  0.15909324E+003
  0.00000000E+000  0.00000000E+000  0.00000000E+000  0.00000000E+000  0.00000000E+000  0.93705846E-001  0.19297305E+001  0.12510638E+002  0.31312554E+002  0.78752777E+002  0.15909398E+003
  0.00000000E+000  0.00000000E+000  0.00000000E+000  0.00000000E+000  0.00000000E+000  0.93703681E-001  0.19296756E+001  0.12510338E+002  0.31312254E+002  0.78752393E+002  0.15909468E+003
  0.00000000E+000  0.00000000E+000  0.00000000E+000  0.00000000E+000  0.00000000E+000  0.93701604E-001  0.19296221E+001  0.12510042E+002  0.31311952E+002  0.78751982E+002  0.15909533E+003
  0.00000000E+000  0.00000000E+000  0.00000000E+000  0.00000000E+000  0.00000000E+000  0.93699614E-001  0.19295699E+001  0.12509749E+002  0.31311648E+002  0.78751545E+002  0.15909594E+003
  0.00000000E+000  0.00000000E+000  0.00000000E+000  0.00000000E+000  0.00000000E+000  0.93697707E-001  0.19295191E+001  0.12509460E+002  0.31311342E+002  0.78751082E+002  0.15909649E+003
  0.00000000E+000  0.00000000E+000  0.00000000E+000  0.00000000E+000  0.00000000E+000  0.93695882E-001  0.19294696E+001  0.12509176E+002  0.31311035E+002  0.78750594E+002  0.15909700E+003
  0.00000000E+000  0.00000000E+000  0.00000000E+000  0.00000000E+000  0.00000000E+000  0.93694135E-001  0.19294215E+001  0.12508895E+002  0.31310727E+002  0.78750081E+002  0.15909745E+003
  0.00000000E+000  0.00000000E+000  0.00000000E+000  0.00000000E+000  0.00000000E+000  0.93692466E-001  0.19293748E+001  0.12508618E+002  0.31310419E+002  0.78749543E+002  0.15909786E+003
  0.00000000E+000  0.00000000E+000  0.00000000E+000  0.00000000E+000  0.00000000E+000  0.93690871E-001  0.19293295E+001  0.12508346E+002  0.31310110E+002  0.78748982E+002  0.15909821E+003
  0.00000000E+000  0.00000000E+000  0.00000000E+000  0.00000000E+000  0.00000000E+000  0.93689348E-001  0.19292855E+001  0.12508079E+002  0.31309801E+002  0.78748397E+002  0.15909850E+003
  0.00000000E+000  0.00000000E+000  0.00000000E+000  0.00000000E+000  0.00000000E+000  0.93687894E-001  0.19292429E+001  0.12507816E+002  0.31309492E+002  0.78747789E+002  0.15909874E+003
  0.00000000E+000  0.00000000E+000  0.00000000E+000  0.00000000E+000  0.00000000E+000  0.93686507E-001  0.19292018E+001  0.12507557E+002  0.31309184E+002  0.78747159E+002  0.15909892E+003
  0.00000000E+000  0.00000000E+000  0.00000000E+000  0.00000000E+000  0.00000000E+000  0.93685185E-001  0.19291619E+001  0.12507304E+002  0.31308876E+002  0.78746508E+002  0.15909905E+003
  0.00000000E+000  0.00000000E+000  0.00000000E+000  0.00000000E+000  0.00000000E+000  0.93683926E-001  0.19291234E+001  0.12507055E+002  0.31308569E+002  0.78745837E+002  0.15909913E+003
  0.00000000E+000  0.00000000E+000  0.00000000E+000  0.00000000E+000  0.00000000E+000  0.93682727E-001  0.19290863E+001  0.12506812E+002  0.31308263E+002  0.78745145E+002  0.15909914E+003
  0.00000000E+000  0.00000000E+000  0.00000000E+000  0.00000000E+000  0.00000000E+000  0.93681586E-001  0.19290505E+001  0.12506573E+002  0.31307959E+002  0.78744434E+002  0.15909910E+003
  0.00000000E+000  0.00000000E+000  0.00000000E+000  0.00000000E+000  0.00000000E+000  0.93680501E-001  0.19290159E+001  0.12506339E+002  0.31307656E+002  0.78743705E+002  0.15909900E+003
  0.00000000E+000  0.00000000E+000  0.00000000E+000  0.00000000E+000  0.00000000E+000  0.93679469E-001  0.19289827E+001  0.12506110E+002  0.31307355E+002  0.78742959E+002  0.15909885E+003
  0.00000000E+000  0.00000000E+000  0.00000000E+000  0.00000000E+000  0.00000000E+000  0.93678488E-001  0.19289507E+001  0.12505887E+002  0.31307057E+002  0.78742196E+002  0.15909864E+003
  0.00000000E+000  0.00000000E+000  0.00000000E+000  0.00000000E+000  0.00000000E+000  0.93677557E-001  0.19289200E+001  0.12505668E+002  0.31306760E+002  0.78741417E+002  0.15909838E+003
  0.00000000E+000  0.00000000E+000  0.00000000E+000  0.00000000E+000  0.00000000E+000  0.93676673E-001  0.19288904E+001  0.12505455E+002  0.31306467E+002  0.78740624E+002  0.15909806E+003
  0.00000000E+000  0.00000000E+000  0.00000000E+000  0.00000000E+000  0.00000000E+000  0.93675834E-001  0.19288621E+001  0.12505247E+002  0.31306176E+002  0.78739817E+002  0.15909769E+003
  0.00000000E+000  0.00000000E+000  0.00000000E+000  0.00000000E+000  0.00000000E+000  0.93675039E-001  0.19288349E+001  0.12505044E+002  0.31305888E+002  0.78738998E+002  0.15909726E+003
  0.00000000E+000  0.00000000E+000  0.00000000E+000  0.00000000E+000  0.00000000E+000  0.93674285E-001  0.19288089E+001  0.12504846E+002  0.31305603E+002  0.78738166E+002  0.15909678E+003
  0.00000000E+000  0.00000000E+000  0.00000000E+000  0.00000000E+000  0.00000000E+000  0.93673571E-001  0.19287839E+001  0.12504653E+002  0.31305322E+002  0.78737324E+002  0.15909625E+003
  0.00000000E+000  0.00000000E+000  0.00000000E+000  0.00000000E+000  0.00000000E+000  0.93672894E-001  0.19287600E+001  0.12504465E+002  0.31305044E+002  0.78736472E+002  0.15909568E+003
  0.00000000E+000  0.00000000E+000  0.00000000E+000  0.00000000E+000  0.00000000E+000  0.93672254E-001  0.19287372E+001  0.12504283E+002  0.31304770E+002  0.78735611E+002  0.15909505E+003
  0.00000000E+000  0.00000000E+000  0.00000000E+000  0.00000000E+000  0.00000000E+000  0.93671648E-001  0.19287153E+001  0.12504105E+002  0.31304500E+002  0.78734742E+002  0.15909437E+003
  0.00000000E+000  0.00000000E+000  0.00000000E+000  0.00000000E+000  0.00000000E+000  0.93671075E-001  0.19286944E+001  0.12503932E+002  0.31304233E+002  0.78733866E+002  0.15909365E+003
  0.00000000E+000  0.00000000E+000  0.00000000E+000  0.00000000E+000  0.00000000E+000  0.93670533E-001  0.19286745E+001  0.12503765E+002  0.31303971E+002  0.78732985E+002  0.15909289E+003
  0.00000000E+000  0.00000000E+000  0.00000000E+000  0.00000000E+000  0.00000000E+000  0.93670021E-001  0.19286555E+001  0.12503602E+002  0.31303713E+002  0.78732098E+002  0.15909208E+003
  0.00000000E+000  0.00000000E+000  0.00000000E+000  0.00000000E+000  0.00000000E+000  0.93669537E-001  0.19286374E+001  0.12503444E+002  0.31303459E+002  0.78731208E+002  0.15909123E+003
  0.00000000E+000  0.00000000E+000  0.00000000E+000  0.00000000E+000  0.00000000E+000  0.93669080E-001  0.19286201E+001  0.12503291E+002  0.31303210E+002  0.78730314E+002  0.15909035E+003
  0.00000000E+000  0.00000000E+000  0.00000000E+000  0.00000000E+000  0.00000000E+000  0.93668649E-001  0.19286036E+001  0.12503142E+002  0.31302965E+002  0.78729418E+002  0.15908942E+003
  0.00000000E+000  0.00000000E+000  0.00000000E+000  0.00000000E+000  0.00000000E+000  0.93668242E-001  0.19285879E+001  0.12502998E+002  0.31302724E+002  0.78728522E+002  0.15908846E+003
  0.00000000E+000  0.00000000E+000  0.00000000E+000  0.00000000E+000  0.00000000E+000  0.93667858E-001  0.19285730E+001  0.12502859E+002  0.31302488E+002  0.78727625E+002  0.15908746E+003
  0.00000000E+000  0.00000000E+000  0.00000000E+000  0.00000000E+000  0.00000000E+000  0.93667496E-001  0.19285588E+001  0.12502724E+002  0.31302257E+002  0.78726728E+002  0.15908643E+003
  0.00000000E+000  0.00000000E+000  0.00000000E+000  0.00000000E+000  0.00000000E+000  0.93667155E-001  0.19285453E+001  0.12502594E+002  0.31302031E+002  0.78725833E+002  0.15908538E+003
  0.00000000E+000  0.00000000E+000  0.00000000E+000  0.00000000E+000  0.00000000E+000  0.93666834E-001  0.19285325E+001  0.12502468E+002  0.31301809E+002  0.78724941E+002  0.15908429E+003
  0.00000000E+000  0.00000000E+000  0.00000000E+000  0.00000000E+000  0.00000000E+000  0.93666531E-001  0.19285203E+001  0.12502346E+002  0.31301593E+002  0.78724052E+002  0.15908317E+003
  0.00000000E+000  0.00000000E+000  0.00000000E+000  0.00000000E+000  0.00000000E+000  0.93666246E-001  0.19285087E+001  0.12502229E+002  0.31301381E+002  0.78723166E+002  0.15908204E+003
  0.00000000E+000  0.00000000E+000  0.00000000E+000  0.00000000E+000  0.00000000E+000  0.93665977E-001  0.19284977E+001  0.12502115E+002  0.31301174E+002  0.78722286E+002  0.15908087E+003
  0.00000000E+000  0.00000000E+000  0.00000000E+000  0.00000000E+000  0.00000000E+000  0.93665725E-001  0.19284873E+001  0.12502005E+002  0.31300972E+002  0.78721410E+002  0.15907969E+003
  0.00000000E+000  0.00000000E+000  0.00000000E+000  0.00000000E+000  0.00000000E+000  0.93665487E-001  0.19284774E+001  0.12501900E+002  0.31300774E+002  0.78720542E+002  0.15907849E+003
  0.00000000E+000  0.00000000E+000  0.00000000E+000  0.00000000E+000  0.00000000E+000  0.93665264E-001  0.19284680E+001  0.12501798E+002  0.31300582E+002  0.78719680E+002  0.15907727E+003
  0.00000000E+000  0.00000000E+000  0.00000000E+000  0.00000000E+000  0.00000000E+000  0.93665054E-001  0.19284591E+001  0.12501700E+002  0.31300394E+002  0.78718825E+002  0.15907604E+003
  0.00000000E+000  0.00000000E+000  0.00000000E+000  0.00000000E+000  0.00000000E+000  0.93664857E-001  0.19284507E+001  0.12501605E+002  0.31300211E+002  0.78717979E+002  0.15907479E+003
  0.00000000E+000  0.00000000E+000  0.00000000E+000  0.00000000E+000  0.00000000E+000  0.93664671E-001  0.19284427E+001  0.12501514E+002  0.31300033E+002  0.78717141E+002  0.15907353E+003
  0.00000000E+000  0.00000000E+000  0.00000000E+000  0.00000000E+000  0.00000000E+000  0.93664498E-001  0.19284351E+001  0.12501426E+002  0.31299860E+002  0.78716313E+002  0.15907226E+003
  0.00000000E+000  0.00000000E+000  0.00000000E+000  0.00000000E+000  0.00000000E+000  0.93664334E-001  0.19284280E+001  0.12501342E+002  0.31299691E+002  0.78715494E+002  0.15907098E+003
  0.00000000E+000  0.00000000E+000  0.00000000E+000  0.00000000E+000  0.00000000E+000  0.93664181E-001  0.19284212E+001  0.12501261E+002  0.31299528E+002  0.78714686E+002  0.15906970E+003
  0.00000000E+000  0.00000000E+000  0.00000000E+000  0.00000000E+000  0.00000000E+000  0.93664038E-001  0.19284148E+001  0.12501183E+002  0.31299368E+002  0.78713889E+002  0.15906841E+003
  0.00000000E+000  0.00000000E+000  0.00000000E+000  0.00000000E+000  0.00000000E+000  0.93663904E-001  0.19284087E+001  0.12501108E+002  0.31299214E+002  0.78713103E+002  0.15906711E+003
  0.00000000E+000  0.00000000E+000  0.00000000E+000  0.00000000E+000  0.00000000E+000  0.93663778E-001  0.19284030E+001  0.12501036E+002  0.31299064E+002  0.78712329E+002  0.15906582E+003
  0.00000000E+000  0.00000000E+000  0.00000000E+000  0.00000000E+000  0.00000000E+000  0.93663660E-001  0.19283976E+001  0.12500967E+002  0.31298918E+002  0.78711566E+002  0.15906453E+003
  0.00000000E+000  0.00000000E+000  0.00000000E+000  0.00000000E+000  0.00000000E+000  0.93663549E-001  0.19283924E+001  0.12500900E+002  0.31298777E+002  0.78710816E+002  0.15906323E+003
  0.00000000E+000  0.00000000E+000  0.00000000E+000  0.00000000E+000  0.00000000E+000  0.93663446E-001  0.19283876E+001  0.12500837E+002  0.31298640E+002  0.78710079E+002  0.15906194E+003
  0.00000000E+000  0.00000000E+000  0.00000000E+000  0.00000000E+000  0.00000000E+000  0.93663350E-001  0.19283830E+001  0.12500776E+002  0.31298507E+002  0.78709354E+002  0.15906066E+003
  0.00000000E+000  0.00000000E+000  0.00000000E+000  0.00000000E+000  0.00000000E+000  0.93663260E-001  0.19283787E+001  0.12500717E+002  0.31298378E+002  0.78708643E+002  0.15905938E+003
  0.00000000E+000  0.00000000E+000  0.00000000E+000  0.00000000E+000  0.00000000E+000  0.93663175E-001  0.19283747E+001  0.12500661E+002  0.31298254E+002  0.78707945E+002  0.15905811E+003
  0.00000000E+000  0.00000000E+000  0.00000000E+000  0.00000000E+000  0.00000000E+000  0.93663097E-001  0.19283708E+001  0.12500607E+002  0.31298134E+002  0.78707261E+002  0.15905684E+003
  0.00000000E+000  0.00000000E+000  0.00000000E+000  0.00000000E+000  0.00000000E+000  0.93663024E-001  0.19283672E+001  0.12500556E+002  0.31298017E+002  0.78706591E+002  0.15905559E+003
  0.00000000E+000  0.00000000E+000  0.00000000E+000  0.00000000E+000  0.00000000E+000  0.93662955E-001  0.19283638E+001  0.12500507E+002  0.31297905E+002  0.78705934E+002  0.15905434E+003
  0.00000000E+000  0.00000000E+000  0.00000000E+000  0.00000000E+000  0.00000000E+000  0.93662892E-001  0.19283605E+001  0.12500459E+002  0.31297796E+002  0.78705291E+002  0.15905311E+003
  0.00000000E+000  0.00000000E+000  0.00000000E+000  0.00000000E+000  0.00000000E+000  0.93662833E-001  0.19283575E+001  0.12500414E+002  0.31297691E+002  0.78704663E+002  0.15905189E+003
  0.00000000E+000  0.00000000E+000  0.00000000E+000  0.00000000E+000  0.00000000E+000  0.93662778E-001  0.19283546E+001  0.12500371E+002  0.31297590E+002  0.78704048E+002  0.15905068E+003
  0.00000000E+000  0.00000000E+000  0.00000000E+000  0.00000000E+000  0.00000000E+000  0.93662727E-001  0.19283519E+001  0.12500330E+002  0.31297492E+002  0.78703448E+002  0.15904949E+003
  0.00000000E+000  0.00000000E+000  0.00000000E+000  0.00000000E+000  0.00000000E+000  0.93662679E-001  0.19283494E+001  0.12500290E+002  0.31297398E+002  0.78702862E+002  0.15904831E+003
  0.00000000E+000  0.00000000E+000  0.00000000E+000  0.00000000E+000  0.00000000E+000  0.93662635E-001  0.19283470E+001  0.12500253E+002  0.31297307E+002  0.78702290E+002  0.15904715E+003
  0.00000000E+000  0.00000000E+000  0.00000000E+000  0.00000000E+000  0.00000000E+000  0.93662594E-001  0.19283448E+001  0.12500217E+002  0.31297219E+002  0.78701733E+002  0.15904600E+003
  0.00000000E+000  0.00000000E+000  0.00000000E+000  0.00000000E+000  0.00000000E+000  0.93662557E-001  0.19283426E+001  0.12500182E+002  0.31297135E+002  0.78701189E+002  0.15904487E+003
  0.00000000E+000  0.00000000E+000  0.00000000E+000  0.00000000E+000  0.00000000E+000  0.93662522E-001  0.19283406E+001  0.12500149E+002  0.31297053E+002  0.78700659E+002  0.15904376E+003
  0.00000000E+000  0.00000000E+000  0.00000000E+000  0.00000000E+000  0.00000000E+000  0.93662489E-001  0.19283388E+001  0.12500118E+002  0.31296975E+002  0.78700144E+002  0.15904267E+003
  0.00000000E+000  0.00000000E+000  0.00000000E+000  0.00000000E+000  0.00000000E+000  0.93662459E-001  0.19283370E+001  0.12500088E+002  0.31296900E+002  0.78699642E+002  0.15904159E+003
  0.00000000E+000  0.00000000E+000  0.00000000E+000  0.00000000E+000  0.00000000E+000  0.93662432E-001  0.19283353E+001  0.12500060E+002  0.31296827E+002  0.78699154E+002  0.15904054E+003
  0.00000000E+000  0.00000000E+000  0.00000000E+000  0.00000000E+000  0.00000000E+000  0.93662406E-001  0.19283338E+001  0.12500032E+002  0.31296757E+002  0.78698680E+002  0.15903950E+003
  0.00000000E+000  0.00000000E+000  0.00000000E+000  0.00000000E+000  0.00000000E+000  0.93662383E-001  0.19283323E+001  0.12500006E+002  0.31296690E+002  0.78698219E+002  0.15903849E+003
  0.00000000E+000  0.00000000E+000  0.00000000E+000  0.00000000E+000  0.00000000E+000  0.93662361E-001  0.19283309E+001  0.12499982E+002  0.31296626E+002  0.78697771E+002  0.15903749E+003
  0.00000000E+000  0.00000000E+000  0.00000000E+000  0.00000000E+000  0.00000000E+000  0.93662342E-001  0.19283297E+001  0.12499958E+002  0.31296564E+002  0.78697337E+002  0.15903652E+003
  0.00000000E+000  0.00000000E+000  0.00000000E+000  0.00000000E+000  0.00000000E+000  0.93662323E-001  0.19283284E+001  0.12499936E+002  0.31296505E+002  0.78696915E+002  0.15903557E+003
  0.00000000E+000  0.00000000E+000  0.00000000E+000  0.00000000E+000  0.00000000E+000  0.93662307E-001  0.19283273E+001  0.12499914E+002  0.31296448E+002  0.78696506E+002  0.15903463E+003
  0.00000000E+000  0.00000000E+000  0.00000000E+000  0.00000000E+000  0.00000000E+000  0.93662291E-001  0.19283262E+001  0.12499894E+002  0.31296393E+002  0.78696110E+002  0.15903372E+003
  0.00000000E+000  0.00000000E+000  0.00000000E+000  0.00000000E+000  0.00000000E+000  0.93662277E-001  0.19283252E+001  0.12499874E+002  0.31296340E+002  0.78695726E+002  0.15903283E+003
  0.00000000E+000  0.00000000E+000  0.00000000E+000  0.00000000E+000  0.00000000E+000  0.93662264E-001  0.19283243E+001  0.12499856E+002  0.31296290E+002  0.78695354E+002  0.15903196E+003
  0.00000000E+000  0.00000000E+000  0.00000000E+000  0.00000000E+000  0.00000000E+000  0.93662252E-001  0.19283234E+001  0.12499838E+002  0.31296242E+002  0.78694994E+002  0.15903111E+003
  0.00000000E+000  0.00000000E+000  0.00000000E+000  0.00000000E+000  0.00000000E+000  0.93662242E-001  0.19283226E+001  0.12499821E+002  0.31296195E+002  0.78694646E+002  0.15903028E+003
  0.00000000E+000  0.00000000E+000  0.00000000E+000  0.00000000E+000  0.00000000E+000  0.93662232E-001  0.19283218E+001  0.12499805E+002  0.31296151E+002  0.78694309E+002  0.15902948E+003
