 -0.48122037E+000 -0.23336945E+000 -0.54907317E-002 -0.45313024E-002 -0.16530146E-002  0.22934688E+000  0.34247353E+001  0.16556435E+002  0.33185592E+002  0.10316519E+003  0.17234824E+003
 -0.48092887E+000 -0.22761663E+000 -0.54758446E-002 -0.45007413E-002 -0.15754315E-002  0.22958049E+000  0.34248784E+001  0.16556505E+002  0.33218962E+002  0.10316525E+003  0.17234829E+003
 -0.47957616E+000 -0.22401300E+000 -0.54694648E-002 -0.44949140E-002 -0.15712617E-002  0.22958879E+000  0.34248664E+001  0.16556500E+002  0.33244621E+002  0.10316524E+003  0.17234829E+003
 -0.47881764E+000 -0.21468043E+000 -0.54672808E-002 -0.44963779E-002 -0.15836695E-002  0.22956879E+000  0.34248532E+001  0.16556490E+002  0.33264833E+002  0.10316524E+003  0.17234828E+003
 -0.47825908E+000 -0.20703468E+000 -0.54668668E-002 -0.44998066E-002 -0.15986264E-002  0.22955324E+000  0.34248440E+001  0.16556483E+002  0.33281121E+002  0.10316523E+003  0.17234827E+003
 -0.47814101E+000 -0.20658000E+000 -0.54669199E-002 -0.45032103E-002 -0.16120817E-002  0.22954139E+000  0.34248371E+001  0.16556476E+002  0.33294420E+002  0.10316523E+003  0.17234827E+003
 -0.47831438E+000 -0.20656978E+000 -0.54672936E-002 -0.45058301E-002 -0.16214397E-002  0.22953085E+000  0.34248313E+001  0.16556471E+002  0.33298141E+002  0.10316523E+003  0.17234826E+003
 -0.47866985E+000 -0.20658244E+000 -0.54678946E-002 -0.45077338E-002 -0.16272513E-002  0.22951765E+000  0.34248262E+001  0.16556467E+002  0.33299186E+002  0.10316523E+003  0.17234826E+003
 -0.47900654E+000 -0.20661124E+000 -0.54686697E-002 -0.45091230E-002 -0.16304832E-002  0.22950389E+000  0.34248216E+001  0.16556463E+002  0.33300038E+002  0.10316523E+003  0.17234826E+003
 -0.47932015E+000 -0.20963763E+000 -0.54695901E-002 -0.45103266E-002 -0.16325364E-002  0.22949080E+000  0.34248175E+001  0.16556460E+002  0.33300728E+002  0.10316523E+003  0.17234826E+003
 -0.47964322E+000 -0.21377159E+000 -0.54706207E-002 -0.45114709E-002 -0.16340217E-002  0.22947638E+000  0.34248137E+001  0.16556458E+002  0.33301280E+002  0.10316523E+003  0.17234825E+003
 -0.47996179E+000 -0.21822559E+000 -0.54717286E-002 -0.45126057E-002 -0.16352373E-002  0.22945799E+000  0.34248102E+001  0.16556456E+002  0.33301715E+002  0.10316523E+003  0.17234825E+003
 -0.48026723E+000 -0.22279798E+000 -0.54728833E-002 -0.45137429E-002 -0.16363220E-002  0.22944025E+000  0.34248070E+001  0.16556454E+002  0.33302051E+002  0.10316523E+003  0.17234825E+003
 -0.48055456E+000 -0.22397535E+000 -0.54740583E-002 -0.45148775E-002 -0.16373352E-002  0.22942386E+000  0.34248040E+001  0.16556453E+002  0.33302303E+002  0.10316524E+003  0.17234825E+003
 -0.48082122E+000 -0.22476600E+000 -0.54752314E-002 -0.45159983E-002 -0.16382989E-002  0.22940884E+000  0.34248012E+001  0.16556452E+002  0.33302485E+002  0.10316524E+003  0.17234825E+003
 -0.48094296E+000 -0.22552061E+000 -0.54763852E-002 -0.45170937E-002 -0.16392194E-002  0.22940086E+000  0.34247986E+001  0.16556451E+002  0.33302609E+002  0.10316524E+003  0.17234825E+003
 -0.48097048E+000 -0.22623153E+000 -0.54775061E-002 -0.45181539E-002 -0.16400974E-002  0.22939738E+000  0.34247961E+001  0.16556450E+002  0.33302683E+002  0.10316524E+003  0.17234825E+003
 -0.48099544E+000 -0.22689443E+000 -0.54785834E-002 -0.45191702E-002 -0.16409307E-002  0.22939424E+000  0.34247938E+001  0.16556449E+002  0.33302717E+002  0.10316524E+003  0.17234825E+003
 -0.48101797E+000 -0.22750752E+000 -0.54796095E-002 -0.45201366E-002 -0.16417179E-002  0.22939139E+000  0.34247916E+001  0.16556448E+002  0.33302717E+002  0.10316524E+003  0.17234825E+003
 -0.48103824E+000 -0.22807072E+000 -0.54805792E-002 -0.45210488E-002 -0.16424577E-002  0.22938880E+000  0.34247895E+001  0.16556447E+002  0.33302690E+002  0.10316524E+003  0.17234825E+003
 -0.48105644E+000 -0.22858526E+000 -0.54814894E-002 -0.45219046E-002 -0.16431503E-002  0.22938645E+000  0.34247875E+001  0.16556447E+002  0.33302640E+002  0.10316524E+003  0.17234825E+003
 -0.48107273E+000 -0.22905312E+000 -0.54823383E-002 -0.45227026E-002 -0.16437957E-002  0.22938430E+000  0.34247856E+001  0.16556446E+002  0.33302572E+002  0.10316524E+003  0.17234825E+003
 -0.48108730E+000 -0.22947684E+000 -0.54831255E-002 -0.45234429E-002 -0.16443953E-002  0.22938233E+000  0.34247837E+001  0.16556446E+002  0.33302490E+002  0.10316524E+003  0.17234825E+003
 -0.48110029E+000 -0.22985921E+000 -0.54838516E-002 -0.45241263E-002 -0.16449504E-002  0.22938053E+000  0.34247820E+001  0.16556445E+002  0.33302397E+002  0.10316524E+003  0.17234825E+003
 -0.48111186E+000 -0.23020317E+000 -0.54845181E-002 -0.45247543E-002 -0.16454629E-002  0.22937887E+000  0.34247803E+001  0.16556445E+002  0.33302297E+002  0.10316524E+003  0.17234825E+003
 -0.48112216E+000 -0.23051171E+000 -0.54851269E-002 -0.45253288E-002 -0.16459348E-002  0.22937734E+000  0.34247787E+001  0.16556445E+002  0.33302191E+002  0.10316524E+003  0.17234825E+003
 -0.48113130E+000 -0.23078776E+000 -0.54856805E-002 -0.45258525E-002 -0.16463685E-002  0.22937592E+000  0.34247772E+001  0.16556445E+002  0.33302082E+002  0.10316524E+003  0.17234825E+003
 -0.48113941E+000 -0.23103417E+000 -0.54861818E-002 -0.45263279E-002 -0.16467663E-002  0.22937461E+000  0.34247757E+001  0.16556444E+002  0.33301971E+002  0.10316524E+003  0.17234825E+003
 -0.48114660E+000 -0.23125363E+000 -0.54866338E-002 -0.45267579E-002 -0.16471306E-002  0.22937339E+000  0.34247743E+001  0.16556444E+002  0.33301861E+002  0.10316524E+003  0.17234825E+003
 -0.48115296E+000 -0.23144875E+000 -0.54870397E-002 -0.45271457E-002 -0.16474638E-002  0.22937225E+000  0.34247730E+001  0.16556444E+002  0.33301752E+002  0.10316524E+003  0.17234825E+003
 -0.48115859E+000 -0.23162195E+000 -0.54874030E-002 -0.45274944E-002 -0.16477686E-002  0.22937119E+000  0.34247717E+001  0.16556444E+002  0.33301646E+002  0.10316524E+003  0.17234825E+003
 -0.48116357E+000 -0.23177553E+000 -0.54877271E-002 -0.45278071E-002 -0.16480472E-002  0.22937019E+000  0.34247704E+001  0.16556444E+002  0.33301544E+002  0.10316524E+003  0.17234825E+003
 -0.48116798E+000 -0.23191160E+000 -0.54880153E-002 -0.45280869E-002 -0.16483019E-002  0.22936925E+000  0.34247693E+001  0.16556444E+002  0.33301447E+002  0.10316524E+003  0.17234825E+003
 -0.48117187E+000 -0.23203212E+000 -0.54882709E-002 -0.45283369E-002 -0.16485350E-002  0.22936835E+000  0.34247682E+001  0.16556443E+002  0.33301355E+002  0.10316524E+003  0.17234825E+003
 -0.48117532E+000 -0.23213890E+000 -0.54884971E-002 -0.45285599E-002 -0.16487484E-002  0.22936751E+000  0.34247671E+001  0.16556443E+002  0.33301269E+002  0.10316524E+003  0.17234825E+003
 -0.48117839E+000 -0.23223358E+000 -0.54886970E-002 -0.45287587E-002 -0.16489440E-002  0.22936671E+000  0.34247661E+001  0.16556443E+002  0.33301190E+002  0.10316524E+003  0.17234825E+003
 -0.48118111E+000 -0.23231765E+000 -0.54888733E-002 -0.45289359E-002 -0.16491235E-002  0.22936594E+000  0.34247652E+001  0.16556443E+002  0.33301118E+002  0.10316524E+003  0.17234825E+003
 -0.48118354E+000 -0.23239245E+000 -0.54890289E-002 -0.45290938E-002 -0.16492885E-002  0.22936521E+000  0.34247643E+001  0.16556443E+002  0.33301053E+002  0.10316525E+003  0.17234825E+003
 -0.48118571E+000 -0.23245917E+000 -0.54891661E-002 -0.45292346E-002 -0.16494402E-002  0.22936452E+000  0.34247635E+001  0.16556443E+002  0.33300995E+002  0.10316525E+003  0.17234825E+003
 -0.48118766E+000 -0.23251888E+000 -0.54892871E-002 -0.45293603E-002 -0.16495799E-002  0.22936386E+000  0.34247627E+001  0.16556443E+002  0.33300944E+002  0.10316525E+003  0.17234825E+003
 -0.48118942E+000 -0.23257249E+000 -0.54893942E-002 -0.45294728E-002 -0.16497088E-002  0.22936323E+000  0.34247620E+001  0.16556443E+002  0.33300900E+002  0.10316525E+003  0.17234825E+003
 -0.48119101E+000 -0.23262082E+000 -0.54894890E-002 -0.45295736E-002 -0.16498276E-002  0.22936263E+000  0.34247613E+001  0.16556443E+002  0.33300864E+002  0.10316525E+003  0.17234825E+003
 -0.48119245E+000 -0.23266455E+000 -0.54895732E-002 -0.45296642E-002 -0.16499374E-002  0.22936207E+000  0.34247607E+001  0.16556443E+002  0.33300834E+002  0.10316525E+003  0.17234825E+003
 -0.48119377E+000 -0.23270426E+000 -0.54896481E-002 -0.45297458E-002 -0.16500388E-002  0.22936154E+000  0.34247601E+001  0.16556443E+002  0.33300811E+002  0.10316525E+003  0.17234825E+003
 -0.48119498E+000 -0.23274045E+000 -0.54897152E-002 -0.45298195E-002 -0.16501325E-002  0.22936104E+000  0.34247596E+001  0.16556443E+002  0.33300794E+002  0.10316525E+003  0.17234825E+003
 -0.48119609E+000 -0.23277352E+000 -0.54897753E-002 -0.45298862E-002 -0.16502192E-002  0.22936057E+000  0.34247591E+001  0.16556443E+002  0.33300783E+002  0.10316525E+003  0.17234825E+003
 -0.48119711E+000 -0.23280384E+000 -0.54898294E-002 -0.45299469E-002 -0.16502995E-002  0.22936014E+000  0.34247586E+001  0.16556443E+002  0.33300777E+002  0.10316525E+003  0.17234825E+003
 -0.48119805E+000 -0.23283166E+000 -0.54898784E-002 -0.45300023E-002 -0.16503740E-002  0.22935974E+000  0.34247582E+001  0.16556443E+002  0.33300777E+002  0.10316525E+003  0.17234825E+003
 -0.48119891E+000 -0.23285724E+000 -0.54899227E-002 -0.45300528E-002 -0.16504433E-002  0.22935937E+000  0.34247578E+001  0.16556443E+002  0.33300782E+002  0.10316525E+003  0.17234825E+003
 -0.48119972E+000 -0.23288076E+000 -0.54899631E-002 -0.45300993E-002 -0.16505078E-002  0.22935903E+000  0.34247574E+001  0.16556443E+002  0.33300791E+002  0.10316525E+003  0.17234825E+003
 -0.48120046E+000 -0.23290240E+000 -0.54900000E-002 -0.45301420E-002 -0.16505683E-002  0.22935873E+000  0.34247571E+001  0.16556443E+002  0.33300805E+002  0.10316525E+003  0.17234825E+003
 -0.48120114E+000 -0.23292232E+000 -0.54900337E-002 -0.45301815E-002 -0.16506250E-002  0.22935844E+000  0.34247567E+001  0.16556443E+002  0.33300823E+002  0.10316525E+003  0.17234825E+003
 -0.48120178E+000 -0.23294063E+000 -0.54900646E-002 -0.45302181E-002 -0.16506786E-002  0.22935819E+000  0.34247564E+001  0.16556443E+002  0.33300844E+002  0.10316525E+003  0.17234825E+003
 -0.48120237E+000 -0.23295748E+000 -0.54900930E-002 -0.45302521E-002 -0.16507295E-002  0.22935795E+000  0.34247561E+001  0.16556442E+002  0.33300868E+002  0.10316525E+003  0.17234825E+003
 -0.48120292E+000 -0.23297297E+000 -0.54901191E-002 -0.45302838E-002 -0.16507780E-002  0.22935774E+000  0.34247558E+001  0.16556442E+002  0.33300894E+002  0.10316525E+003  0.17234825E+003
 -0.48120344E+000 -0.23298724E+000 -0.54901433E-002 -0.45303136E-002 -0.16508246E-002  0.22935754E+000  0.34247556E+001  0.16556442E+002  0.33300922E+002  0.10316525E+003  0.17234825E+003
 -0.48120391E+000 -0.23300038E+000 -0.54901656E-002 -0.45303415E-002 -0.16508695E-002  0.22935735E+000  0.34247553E+001  0.16556442E+002  0.33300952E+002  0.10316525E+003  0.17234825E+003
 -0.48120436E+000 -0.23301253E+000 -0.54901862E-002 -0.45303680E-002 -0.16509132E-002  0.22935718E+000  0.34247550E+001  0.16556442E+002  0.33300982E+002  0.10316525E+003  0.17234825E+003
 -0.48120479E+000 -0.23302376E+000 -0.54902055E-002 -0.45303930E-002 -0.16509557E-002  0.22935702E+000  0.34247548E+001  0.16556442E+002  0.33301013E+002  0.10316526E+003  0.17234825E+003
 -0.48120519E+000 -0.23303421E+000 -0.54902234E-002 -0.45304169E-002 -0.16509974E-002  0.22935686E+000  0.34247545E+001  0.16556442E+002  0.33301043E+002  0.10316526E+003  0.17234825E+003
 -0.48120557E+000 -0.23304396E+000 -0.54902401E-002 -0.45304397E-002 -0.16510384E-002  0.22935671E+000  0.34247543E+001  0.16556442E+002  0.33301072E+002  0.10316526E+003  0.17234826E+003
 -0.48120593E+000 -0.23305309E+000 -0.54902559E-002 -0.45304616E-002 -0.16510788E-002  0.22935657E+000  0.34247541E+001  0.16556442E+002  0.33301099E+002  0.10316526E+003  0.17234826E+003
 -0.48120628E+000 -0.23306170E+000 -0.54902708E-002 -0.45304828E-002 -0.16511189E-002  0.22935642E+000  0.34247538E+001  0.16556442E+002  0.33301125E+002  0.10316526E+003  0.17234826E+003
 -0.48120662E+000 -0.23306985E+000 -0.54902848E-002 -0.45305033E-002 -0.16511587E-002  0.22935628E+000  0.34247536E+001  0.16556442E+002  0.33301147E+002  0.10316526E+003  0.17234826E+003
 -0.48120695E+000 -0.23307761E+000 -0.54902982E-002 -0.45305232E-002 -0.16511983E-002  0.22935614E+000  0.34247533E+001  0.16556442E+002  0.33301167E+002  0.10316526E+003  0.17234826E+003
 -0.48120727E+000 -0.23308502E+000 -0.54903110E-002 -0.45305427E-002 -0.16512377E-002  0.22935600E+000  0.34247531E+001  0.16556442E+002  0.33301184E+002  0.10316526E+003  0.17234826E+003
 -0.48120758E+000 -0.23309215E+000 -0.54903233E-002 -0.45305617E-002 -0.16512770E-002  0.22935585E+000  0.34247528E+001  0.16556442E+002  0.33301196E+002  0.10316526E+003  0.17234826E+003
 -0.48120788E+000 -0.23309903E+000 -0.54903351E-002 -0.45305803E-002 -0.16513162E-002  0.22935571E+000  0.34247526E+001  0.16556442E+002  0.33301204E+002  0.10316526E+003  0.17234826E+003
 -0.48120819E+000 -0.23310568E+000 -0.54903464E-002 -0.45305986E-002 -0.16513554E-002  0.22935556E+000  0.34247524E+001  0.16556442E+002  0.33301208E+002  0.10316526E+003  0.17234826E+003
 -0.48120848E+000 -0.23311215E+000 -0.54903574E-002 -0.45306167E-002 -0.16513946E-002  0.22935542E+000  0.34247521E+001  0.16556442E+002  0.33301207E+002  0.10316526E+003  0.17234826E+003
 -0.48120877E+000 -0.23311845E+000 -0.54903680E-002 -0.45306344E-002 -0.16514336E-002  0.22935527E+000  0.34247518E+001  0.16556442E+002  0.33301200E+002  0.10316526E+003  0.17234826E+003
 -0.48120906E+000 -0.23312460E+000 -0.54903783E-002 -0.45306519E-002 -0.16514727E-002  0.22935511E+000  0.34247516E+001  0.16556442E+002  0.33301189E+002  0.10316526E+003  0.17234826E+003
 -0.48120935E+000 -0.23313062E+000 -0.54903884E-002 -0.45306692E-002 -0.16515116E-002  0.22935496E+000  0.34247513E+001  0.16556442E+002  0.33301171E+002  0.10316526E+003  0.17234826E+003
 -0.48120963E+000 -0.23313652E+000 -0.54903982E-002 -0.45306862E-002 -0.16515505E-002  0.22935480E+000  0.34247511E+001  0.16556442E+002  0.33301149E+002  0.10316526E+003  0.17234826E+003
 -0.48120991E+000 -0.23314232E+000 -0.54904077E-002 -0.45307031E-002 -0.16515892E-002  0.22935465E+000  0.34247508E+001  0.16556442E+002  0.33301120E+002  0.10316527E+003  0.17234826E+003
 -0.48121019E+000 -0.23314801E+000 -0.54904170E-002 -0.45307197E-002 -0.16516278E-002  0.22935449E+000  0.34247505E+001  0.16556442E+002  0.33301086E+002  0.10316527E+003  0.17234826E+003
 -0.48121047E+000 -0.23315362E+000 -0.54904261E-002 -0.45307361E-002 -0.16516662E-002  0.22935432E+000  0.34247503E+001  0.16556441E+002  0.33301046E+002  0.10316527E+003  0.17234826E+003
 -0.48121074E+000 -0.23315914E+000 -0.54904349E-002 -0.45307523E-002 -0.16517044E-002  0.22935416E+000  0.34247500E+001  0.16556441E+002  0.33301000E+002  0.10316527E+003  0.17234826E+003
 -0.48121101E+000 -0.23316458E+000 -0.54904436E-002 -0.45307683E-002 -0.16517424E-002  0.22935399E+000  0.34247497E+001  0.16556441E+002  0.33300948E+002  0.10316527E+003  0.17234826E+003
 -0.48121128E+000 -0.23316994E+000 -0.54904521E-002 -0.45307841E-002 -0.16517801E-002  0.22935383E+000  0.34247494E+001  0.16556441E+002  0.33300891E+002  0.10316527E+003  0.17234826E+003
 -0.48121155E+000 -0.23317524E+000 -0.54904604E-002 -0.45307996E-002 -0.16518174E-002  0.22935366E+000  0.34247491E+001  0.16556441E+002  0.33300827E+002  0.10316527E+003  0.17234826E+003
 -0.48121181E+000 -0.23318046E+000 -0.54904685E-002 -0.45308150E-002 -0.16518545E-002  0.22935349E+000  0.34247489E+001  0.16556441E+002  0.33300758E+002  0.10316527E+003  0.17234827E+003
 -0.48121207E+000 -0.23318562E+000 -0.54904765E-002 -0.45308301E-002 -0.16518911E-002  0.22935332E+000  0.34247486E+001  0.16556441E+002  0.33300683E+002  0.10316527E+003  0.17234827E+003
 -0.48121233E+000 -0.23319071E+000 -0.54904843E-002 -0.45308450E-002 -0.16519273E-002  0.22935315E+000  0.34247483E+001  0.16556441E+002  0.33300602E+002  0.10316527E+003  0.17234827E+003
 -0.48121258E+000 -0.23319573E+000 -0.54904919E-002 -0.45308597E-002 -0.16519631E-002  0.22935298E+000  0.34247480E+001  0.16556441E+002  0.33300516E+002  0.10316527E+003  0.17234827E+003
 -0.48121283E+000 -0.23320069E+000 -0.54904994E-002 -0.45308741E-002 -0.16519984E-002  0.22935281E+000  0.34247477E+001  0.16556441E+002  0.33300424E+002  0.10316527E+003  0.17234827E+003
 -0.48121308E+000 -0.23320559E+000 -0.54905067E-002 -0.45308883E-002 -0.16520331E-002  0.22935264E+000  0.34247474E+001  0.16556441E+002  0.33300327E+002  0.10316527E+003  0.17234827E+003
 -0.48121332E+000 -0.23321042E+000 -0.54905139E-002 -0.45309022E-002 -0.16520673E-002  0.22935247E+000  0.34247472E+001  0.16556441E+002  0.33300225E+002  0.10316527E+003  0.17234827E+003
 -0.48121356E+000 -0.23321519E+000 -0.54905209E-002 -0.45309159E-002 -0.16521010E-002  0.22935230E+000  0.34247469E+001  0.16556441E+002  0.33300117E+002  0.10316527E+003  0.17234827E+003
 -0.48121379E+000 -0.23321989E+000 -0.54905278E-002 -0.45309293E-002 -0.16521340E-002  0.22935213E+000  0.34247466E+001  0.16556440E+002  0.33300004E+002  0.10316527E+003  0.17234827E+003
 -0.48121402E+000 -0.23322453E+000 -0.54905345E-002 -0.45309425E-002 -0.16521664E-002  0.22935197E+000  0.34247463E+001  0.16556440E+002  0.33299887E+002  0.10316527E+003  0.17234827E+003
 -0.48121425E+000 -0.23322910E+000 -0.54905411E-002 -0.45309553E-002 -0.16521981E-002  0.22935180E+000  0.34247460E+001  0.16556440E+002  0.33299764E+002  0.10316527E+003  0.17234827E+003
 -0.48121447E+000 -0.23323360E+000 -0.54905476E-002 -0.45309680E-002 -0.16522292E-002  0.22935164E+000  0.34247458E+001  0.16556440E+002  0.33299636E+002  0.10316527E+003  0.17234827E+003
 -0.48121468E+000 -0.23323803E+000 -0.54905539E-002 -0.45309803E-002 -0.16522596E-002  0.22935148E+000  0.34247455E+001  0.16556440E+002  0.33299504E+002  0.10316527E+003  0.17234827E+003
 -0.48121490E+000 -0.23324239E+000 -0.54905601E-002 -0.45309923E-002 -0.16522893E-002  0.22935132E+000  0.34247452E+001  0.16556440E+002  0.33299367E+002  0.10316527E+003  0.17234827E+003
 -0.48121510E+000 -0.23324667E+000 -0.54905661E-002 -0.45310041E-002 -0.16523183E-002  0.22935116E+000  0.34247449E+001  0.16556440E+002  0.33299226E+002  0.10316527E+003  0.17234827E+003
 -0.48121531E+000 -0.23325089E+000 -0.54905720E-002 -0.45310156E-002 -0.16523465E-002  0.22935101E+000  0.34247447E+001  0.16556440E+002  0.33299080E+002  0.10316527E+003  0.17234828E+003
 -0.48121550E+000 -0.23325502E+000 -0.54905778E-002 -0.45310268E-002 -0.16523740E-002  0.22935086E+000  0.34247444E+001  0.16556440E+002  0.33298930E+002  0.10316527E+003  0.17234828E+003
 -0.48121570E+000 -0.23325908E+000 -0.54905834E-002 -0.45310378E-002 -0.16524008E-002  0.22935071E+000  0.34247441E+001  0.16556440E+002  0.33298776E+002  0.10316527E+003  0.17234828E+003
 -0.48121588E+000 -0.23326306E+000 -0.54905890E-002 -0.45310484E-002 -0.16524268E-002  0.22935056E+000  0.34247439E+001  0.16556440E+002  0.33298618E+002  0.10316527E+003  0.17234828E+003
 -0.48121607E+000 -0.23326696E+000 -0.54905944E-002 -0.45310588E-002 -0.16524520E-002  0.22935042E+000  0.34247436E+001  0.16556439E+002  0.33298455E+002  0.10316527E+003  0.17234828E+003
 -0.48121624E+000 -0.23327078E+000 -0.54905996E-002 -0.45310688E-002 -0.16524765E-002  0.22935028E+000  0.34247434E+001  0.16556439E+002  0.33298289E+002  0.10316527E+003  0.17234828E+003
 -0.48121642E+000 -0.23327452E+000 -0.54906047E-002 -0.45310786E-002 -0.16525003E-002  0.22935015E+000  0.34247431E+001  0.16556439E+002  0.33298119E+002  0.10316527E+003  0.17234828E+003
 -0.48121658E+000 -0.23327817E+000 -0.54906097E-002 -0.45310881E-002 -0.16525233E-002  0.22935001E+000  0.34247429E+001  0.16556439E+002  0.33297946E+002  0.10316527E+003  0.17234828E+003
 -0.48121675E+000 -0.23328173E+000 -0.54906146E-002 -0.45310973E-002 -0.16525455E-002  0.22934988E+000  0.34247427E+001  0.16556439E+002  0.33297769E+002  0.10316527E+003  0.17234828E+003
 -0.48121690E+000 -0.23328521E+000 -0.54906193E-002 -0.45311062E-002 -0.16525670E-002  0.22934976E+000  0.34247424E+001  0.16556439E+002  0.33297589E+002  0.10316527E+003  0.17234828E+003
 -0.48121706E+000 -0.23328860E+000 -0.54906239E-002 -0.45311149E-002 -0.16525878E-002  0.22934964E+000  0.34247422E+001  0.16556439E+002  0.33297406E+002  0.10316527E+003  0.17234828E+003
 -0.48121720E+000 -0.23329190E+000 -0.54906284E-002 -0.45311232E-002 -0.16526079E-002  0.22934952E+000  0.34247420E+001  0.16556439E+002  0.33297220E+002  0.10316527E+003  0.17234828E+003
 -0.48121735E+000 -0.23329511E+000 -0.54906327E-002 -0.45311313E-002 -0.16526272E-002  0.22934940E+000  0.34247417E+001  0.16556439E+002  0.33295819E+002  0.10316527E+003  0.17234828E+003
 -0.48121748E+000 -0.23329823E+000 -0.54906370E-002 -0.45311392E-002 -0.16526458E-002  0.22934929E+000  0.34247415E+001  0.16556439E+002  0.33294167E+002  0.10316527E+003  0.17234828E+003
 -0.48121762E+000 -0.23330127E+000 -0.54906410E-002 -0.45311467E-002 -0.16526637E-002  0.22934918E+000  0.34247413E+001  0.16556438E+002  0.33292495E+002  0.10316527E+003  0.17234828E+003
 -0.48121775E+000 -0.23330421E+000 -0.54906450E-002 -0.45311540E-002 -0.16526810E-002  0.22934908E+000  0.34247411E+001  0.16556438E+002  0.33290803E+002  0.10316527E+003  0.17234828E+003
 -0.48121787E+000 -0.23330706E+000 -0.54906488E-002 -0.45311610E-002 -0.16526975E-002  0.22934898E+000  0.34247409E+001  0.16556438E+002  0.33289094E+002  0.10316527E+003  0.17234828E+003
 -0.48121799E+000 -0.23330982E+000 -0.54906525E-002 -0.45311678E-002 -0.16527134E-002  0.22934888E+000  0.34247407E+001  0.16556438E+002  0.33287368E+002  0.10316527E+003  0.17234828E+003
 -0.48121810E+000 -0.23331249E+000 -0.54906561E-002 -0.45311743E-002 -0.16527287E-002  0.22934879E+000  0.34247405E+001  0.16556438E+002  0.33285628E+002  0.10316527E+003  0.17234829E+003
 -0.48121821E+000 -0.23331507E+000 -0.54906596E-002 -0.45311805E-002 -0.16527433E-002  0.22934870E+000  0.34247403E+001  0.16556438E+002  0.33283875E+002  0.10316527E+003  0.17234829E+003
 -0.48121832E+000 -0.23331757E+000 -0.54906629E-002 -0.45311865E-002 -0.16527573E-002  0.22934861E+000  0.34247401E+001  0.16556438E+002  0.33282110E+002  0.10316527E+003  0.17234829E+003
 -0.48121842E+000 -0.23331997E+000 -0.54906662E-002 -0.45311923E-002 -0.16527708E-002  0.22934853E+000  0.34247399E+001  0.16556438E+002  0.33280336E+002  0.10316527E+003  0.17234829E+003
 -0.48121852E+000 -0.23332229E+000 -0.54906693E-002 -0.45311978E-002 -0.16527836E-002  0.22934844E+000  0.34247397E+001  0.16556438E+002  0.33278553E+002  0.10316527E+003  0.17234829E+003
 -0.48121861E+000 -0.23332453E+000 -0.54906722E-002 -0.45312031E-002 -0.16527959E-002  0.22934837E+000  0.34247396E+001  0.16556438E+002  0.33276765E+002  0.10316527E+003  0.17234829E+003
 -0.48121870E+000 -0.23332668E+000 -0.54906751E-002 -0.45312082E-002 -0.16528076E-002  0.22934829E+000  0.34247394E+001  0.16556438E+002  0.33274971E+002  0.10316527E+003  0.17234829E+003
 -0.48121879E+000 -0.23332875E+000 -0.54906779E-002 -0.45312131E-002 -0.16528188E-002  0.22934822E+000  0.34247392E+001  0.16556437E+002  0.33273174E+002  0.10316527E+003  0.17234829E+003
 -0.48121887E+000 -0.23333074E+000 -0.54906805E-002 -0.45312177E-002 -0.16528294E-002  0.22934815E+000  0.34247391E+001  0.16556437E+002  0.33271376E+002  0.10316527E+003  0.17234829E+003
 -0.48121895E+000 -0.23333265E+000 -0.54906831E-002 -0.45312222E-002 -0.16528396E-002  0.22934809E+000  0.34247389E+001  0.16556437E+002  0.33269577E+002  0.10316526E+003  0.17234829E+003
 -0.48121902E+000 -0.23333448E+000 -0.54906855E-002 -0.45312264E-002 -0.16528493E-002  0.22934803E+000  0.34247388E+001  0.16556437E+002  0.33267780E+002  0.10316526E+003  0.17234829E+003
 -0.48121909E+000 -0.23333623E+000 -0.54906878E-002 -0.45312305E-002 -0.16528585E-002  0.22934797E+000  0.34247386E+001  0.16556437E+002  0.33265987E+002  0.10316526E+003  0.17234829E+003
 -0.48121916E+000 -0.23333791E+000 -0.54906901E-002 -0.45312344E-002 -0.16528673E-002  0.22934791E+000  0.34247385E+001  0.16556437E+002  0.33264198E+002  0.10316526E+003  0.17234829E+003
 -0.48121923E+000 -0.23333952E+000 -0.54906922E-002 -0.45312381E-002 -0.16528756E-002  0.22934785E+000  0.34247384E+001  0.16556437E+002  0.33262415E+002  0.10316526E+003  0.17234829E+003
 -0.48121929E+000 -0.23334106E+000 -0.54906943E-002 -0.45312416E-002 -0.16528836E-002  0.22934780E+000  0.34247382E+001  0.16556437E+002  0.33260639E+002  0.10316526E+003  0.17234829E+003
 -0.48121935E+000 -0.23334254E+000 -0.54906962E-002 -0.45312449E-002 -0.16528911E-002  0.22934775E+000  0.34247381E+001  0.16556437E+002  0.33258873E+002  0.10316526E+003  0.17234829E+003
 -0.48121940E+000 -0.23334394E+000 -0.54906981E-002 -0.45312481E-002 -0.16528982E-002  0.22934771E+000  0.34247380E+001  0.16556437E+002  0.33257118E+002  0.10316526E+003  0.17234829E+003
 -0.48121946E+000 -0.23334529E+000 -0.54906999E-002 -0.45312512E-002 -0.16529050E-002  0.22934766E+000  0.34247379E+001  0.16556437E+002  0.33255374E+002  0.10316526E+003  0.17234829E+003
 -0.48121951E+000 -0.23334657E+000 -0.54907016E-002 -0.45312540E-002 -0.16529114E-002  0.22934762E+000  0.34247377E+001  0.16556437E+002  0.33253643E+002  0.10316526E+003  0.17234829E+003
 -0.48121956E+000 -0.23334779E+000 -0.54907032E-002 -0.45312568E-002 -0.16529175E-002  0.22934758E+000  0.34247376E+001  0.16556437E+002  0.33251926E+002  0.10316526E+003  0.17234829E+003
 -0.48121960E+000 -0.23334896E+000 -0.54907048E-002 -0.45312594E-002 -0.16529233E-002  0.22934754E+000  0.34247375E+001  0.16556437E+002  0.33250226E+002  0.10316526E+003  0.17234829E+003
 -0.48121965E+000 -0.23335007E+000 -0.54907062E-002 -0.45312619E-002 -0.16529288E-002  0.22934750E+000  0.34247374E+001  0.16556436E+002  0.33248542E+002  0.10316525E+003  0.17234829E+003
 -0.48121969E+000 -0.23335112E+000 -0.54907076E-002 -0.45312642E-002 -0.16529339E-002  0.22934747E+000  0.34247373E+001  0.16556436E+002  0.33246875E+002  0.10316525E+003  0.17234829E+003
 -0.48121973E+000 -0.23335213E+000 -0.54907090E-002 -0.45312664E-002 -0.16529388E-002  0.22934743E+000  0.34247372E+001  0.16556436E+002  0.33245228E+002  0.10316525E+003  0.17234829E+003
 -0.48121976E+000 -0.23335309E+000 -0.54907102E-002 -0.45312685E-002 -0.16529435E-002  0.22934740E+000  0.34247371E+001  0.16556436E+002  0.33243601E+002  0.10316525E+003  0.17234829E+003
 -0.48121980E+000 -0.23335400E+000 -0.54907115E-002 -0.45312705E-002 -0.16529478E-002  0.22934737E+000  0.34247370E+001  0.16556436E+002  0.33241994E+002  0.10316525E+003  0.17234829E+003
 -0.48121983E+000 -0.23335486E+000 -0.54907126E-002 -0.45312724E-002 -0.16529520E-002  0.22934734E+000  0.34247370E+001  0.16556436E+002  0.33240409E+002  0.10316525E+003  0.17234829E+003
 -0.48121986E+000 -0.23335568E+000 -0.54907137E-002 -0.45312742E-002 -0.16529559E-002  0.22934732E+000  0.34247369E+001  0.16556436E+002  0.33238847E+002  0.10316525E+003  0.17234828E+003
 -0.48121989E+000 -0.23335646E+000 -0.54907147E-002 -0.45312759E-002 -0.16529595E-002  0.22934729E+000  0.34247368E+001  0.16556436E+002  0.33237308E+002  0.10316525E+003  0.17234828E+003
 -0.48121992E+000 -0.23335720E+000 -0.54907157E-002 -0.45312775E-002 -0.16529630E-002  0.22934727E+000  0.34247367E+001  0.16556436E+002  0.33235793E+002  0.10316525E+003  0.17234828E+003
 -0.48121995E+000 -0.23335791E+000 -0.54907166E-002 -0.45312790E-002 -0.16529663E-002  0.22934725E+000  0.34247367E+001  0.16556436E+002  0.33234303E+002  0.10316524E+003  0.17234828E+003
 -0.48121997E+000 -0.23335857E+000 -0.54907175E-002 -0.45312805E-002 -0.16529694E-002  0.22934722E+000  0.34247366E+001  0.16556436E+002  0.33232838E+002  0.10316524E+003  0.17234828E+003
 -0.48122000E+000 -0.23335920E+000 -0.54907184E-002 -0.45312818E-002 -0.16529723E-002  0.22934720E+000  0.34247365E+001  0.16556436E+002  0.33231399E+002  0.10316524E+003  0.17234828E+003
 -0.48122002E+000 -0.23335980E+000 -0.54907192E-002 -0.45312831E-002 -0.16529750E-002  0.22934718E+000  0.34247365E+001  0.16556436E+002  0.33229986E+002  0.10316524E+003  0.17234828E+003
 -0.48122004E+000 -0.23336037E+000 -0.54907199E-002 -0.45312843E-002 -0.16529776E-002  0.22934717E+000  0.34247364E+001  0.16556436E+002  0.33228600E+002  0.10316524E+003  0.17234828E+003
 -0.48122006E+000 -0.23336091E+000 -0.54907206E-002 -0.45312855E-002 -0.16529800E-002  0.22934715E+000  0.34247364E+001  0.16556436E+002  0.33227241E+002  0.10316524E+003  0.17234828E+003
 -0.48122008E+000 -0.23336141E+000 -0.54907213E-002 -0.45312865E-002 -0.16529823E-002  0.22934713E+000  0.34247363E+001  0.16556436E+002  0.33225909E+002  0.10316524E+003  0.17234828E+003
 -0.48122010E+000 -0.23336190E+000 -0.54907219E-002 -0.45312875E-002 -0.16529845E-002  0.22934712E+000  0.34247363E+001  0.16556436E+002  0.33224605E+002  0.10316524E+003  0.17234828E+003
 -0.48122012E+000 -0.23336235E+000 -0.54907225E-002 -0.45312885E-002 -0.16529865E-002  0.22934710E+000  0.34247362E+001  0.16556436E+002  0.33223329E+002  0.10316524E+003  0.17234828E+003
 -0.48122013E+000 -0.23336278E+000 -0.54907231E-002 -0.45312894E-002 -0.16529884E-002  0.22934709E+000  0.34247362E+001  0.16556436E+002  0.33222081E+002  0.10316523E+003  0.17234828E+003
 -0.48122015E+000 -0.23336319E+000 -0.54907236E-002 -0.45312903E-002 -0.16529902E-002  0.22934708E+000  0.34247361E+001  0.16556436E+002  0.33220861E+002  0.10316523E+003  0.17234828E+003
 -0.48122016E+000 -0.23336357E+000 -0.54907241E-002 -0.45312911E-002 -0.16529919E-002  0.22934706E+000  0.34247361E+001  0.16556436E+002  0.33219669E+002  0.10316523E+003  0.17234828E+003
 -0.48122017E+000 -0.23336393E+000 -0.54907246E-002 -0.45312918E-002 -0.16529934E-002  0.22934705E+000  0.34247360E+001  0.16556435E+002  0.33218505E+002  0.10316523E+003  0.17234828E+003
 -0.48122019E+000 -0.23336428E+000 -0.54907251E-002 -0.45312925E-002 -0.16529949E-002  0.22934704E+000  0.34247360E+001  0.16556435E+002  0.33217370E+002  0.10316523E+003  0.17234828E+003
 -0.48122020E+000 -0.23336460E+000 -0.54907255E-002 -0.45312932E-002 -0.16529963E-002  0.22934703E+000  0.34247360E+001  0.16556435E+002  0.33216263E+002  0.10316523E+003  0.17234827E+003
 -0.48122021E+000 -0.23336491E+000 -0.54907259E-002 -0.45312938E-002 -0.16529976E-002  0.22934702E+000  0.34247359E+001  0.16556435E+002  0.33215184E+002  0.10316523E+003  0.17234827E+003
 -0.48122022E+000 -0.23336519E+000 -0.54907263E-002 -0.45312944E-002 -0.16529988E-002  0.22934701E+000  0.34247359E+001  0.16556435E+002  0.33214133E+002  0.10316523E+003  0.17234827E+003
 -0.48122023E+000 -0.23336547E+000 -0.54907266E-002 -0.45312950E-002 -0.16530000E-002  0.22934700E+000  0.34247359E+001  0.16556435E+002  0.33213110E+002  0.10316523E+003  0.17234827E+003
 -0.48122024E+000 -0.23336572E+000 -0.54907270E-002 -0.45312955E-002 -0.16530011E-002  0.22934700E+000  0.34247358E+001  0.16556435E+002  0.33212114E+002  0.10316523E+003  0.17234827E+003
 -0.48122025E+000 -0.23336596E+000 -0.54907273E-002 -0.45312960E-002 -0.16530021E-002  0.22934699E+000  0.34247358E+001  0.16556435E+002  0.33211146E+002  0.10316522E+003  0.17234827E+003
 -0.48122026E+000 -0.23336619E+000 -0.54907276E-002 -0.45312964E-002 -0.16530030E-002  0.22934698E+000  0.34247358E+001  0.16556435E+002  0.33210205E+002  0.10316522E+003  0.17234827E+003
 -0.48122026E+000 -0.23336640E+000 -0.54907279E-002 -0.45312969E-002 -0.16530039E-002  0.22934697E+000  0.34247358E+001  0.16556435E+002  0.33209290E+002  0.10316522E+003  0.17234827E+003
 -0.48122027E+000 -0.23336661E+000 -0.54907281E-002 -0.45312973E-002 -0.16530047E-002  0.22934697E+000  0.34247357E+001  0.16556435E+002  0.33208402E+002  0.10316522E+003  0.17234827E+003
 -0.48122028E+000 -0.23336679E+000 -0.54907284E-002 -0.45312976E-002 -0.16530055E-002  0.22934696E+000  0.34247357E+001  0.16556435E+002  0.33207540E+002  0.10316522E+003  0.17234827E+003
 -0.48122028E+000 -0.23336697E+000 -0.54907286E-002 -0.45312980E-002 -0.16530062E-002  0.22934696E+000  0.34247357E+001  0.16556435E+002  0.33206704E+002  0.10316522E+003  0.17234827E+003
 -0.48122029E+000 -0.23336714E+000 -0.54907288E-002 -0.45312983E-002 -0.16530068E-002  0.22934695E+000  0.34247357E+001  0.16556435E+002  0.33205894E+002  0.10316522E+003  0.17234827E+003
 -0.48122030E+000 -0.23336730E+000 -0.54907290E-002 -0.45312986E-002 -0.16530074E-002  0.22934695E+000  0.34247356E+001  0.16556435E+002  0.33205108E+002  0.10316522E+003  0.17234827E+003
 -0.48122030E+000 -0.23336744E+000 -0.54907292E-002 -0.45312989E-002 -0.16530080E-002  0.22934694E+000  0.34247356E+001  0.16556435E+002  0.33204347E+002  0.10316522E+003  0.17234827E+003
 -0.48122031E+000 -0.23336758E+000 -0.54907294E-002 -0.45312992E-002 -0.16530086E-002  0.22934694E+000  0.34247356E+001  0.16556435E+002  0.33203611E+002  0.10316522E+003  0.17234826E+003
 -0.48122031E+000 -0.23336771E+000 -0.54907296E-002 -0.45312994E-002 -0.16530091E-002  0.22934693E+000  0.34247356E+001  0.16556435E+002  0.33202898E+002  0.10316521E+003  0.17234826E+003
 -0.48122032E+000 -0.23336783E+000 -0.54907297E-002 -0.45312997E-002 -0.16530095E-002  0.22934693E+000  0.34247356E+001  0.16556435E+002  0.33202208E+002  0.10316521E+003  0.17234826E+003
 -0.48122032E+000 -0.23336795E+000 -0.54907299E-002 -0.45312999E-002 -0.16530100E-002  0.22934693E+000  0.34247356E+001  0.16556435E+002  0.33201541E+002  0.10316521E+003  0.17234826E+003
 -0.48122032E+000 -0.23336805E+000 -0.54907300E-002 -0.45313001E-002 -0.16530104E-002  0.22934692E+000  0.34247356E+001  0.16556435E+002  0.33200897E+002  0.10316521E+003  0.17234826E+003
 -0.48122033E+000 -0.23336815E+000 -0.54907301E-002 -0.45313003E-002 -0.16530107E-002  0.22934692E+000  0.34247355E+001  0.16556435E+002  0.33200274E+002  0.10316521E+003  0.17234826E+003
 -0.48122033E+000 -0.23336824E+000 -0.54907302E-002 -0.45313004E-002 -0.16530111E-002  0.22934692E+000  0.34247355E+001  0.16556435E+002  0.33199673E+002  0.10316521E+003  0.17234826E+003
 -0.48122033E+000 -0.23336833E+000 -0.54907304E-002 -0.45313006E-002 -0.16530114E-002  0.22934691E+000  0.34247355E+001  0.16556435E+002  0.33199092E+002  0.10316521E+003  0.17234826E+003
 -0.48122034E+000 -0.23336841E+000 -0.54907305E-002 -0.45313007E-002 -0.16530117E-002  0.22934691E+000  0.34247355E+001  0.16556435E+002  0.33198532E+002  0.10316521E+003  0.17234826E+003
 -0.48122034E+000 -0.23336849E+000 -0.54907306E-002 -0.45313009E-002 -0.16530119E-002  0.22934691E+000  0.34247355E+001  0.16556435E+002  0.33197992E+002  0.10316521E+003  0.17234826E+003
 -0.48122034E+000 -0.23336856E+000 -0.54907306E-002 -0.45313010E-002 -0.16530122E-002  0.22934691E+000  0.34247355E+001  0.16556435E+002  0.33197471E+002  0.10316521E+003  0.17234826E+003
 -0.48122034E+000 -0.23336862E+000 -0.54907307E-002 -0.45313011E-002 -0.16530124E-002  0.22934691E+000  0.34247355E+001  0.16556435E+002  0.33196970E+002  0.10316521E+003  0.17234826E+003
 -0.48122034E+000 -0.23336868E+000 -0.54907308E-002 -0.45313012E-002 -0.16530126E-002  0.22934690E+000  0.34247355E+001  0.16556435E+002  0.33196486E+002  0.10316521E+003  0.17234826E+003
 -0.48122035E+000 -0.23336874E+000 -0.54907309E-002 -0.45313013E-002 -0.16530128E-002  0.22934690E+000  0.34247355E+001  0.16556435E+002  0.33196021E+002  0.10316521E+003  0.17234826E+003
 -0.48122035E+000 -0.23336879E+000 -0.54907309E-002 -0.45313014E-002 -0.16530130E-002  0.22934690E+000  0.34247355E+001  0.16556435E+002  0.33195573E+002  0.10316521E+003  0.17234826E+003
 -0.48122035E+000 -0.23336884E+000 -0.54907310E-002 -0.45313015E-002 -0.16530131E-002  0.22934690E+000  0.34247354E+001  0.16556435E+002  0.33195141E+002  0.10316520E+003  0.17234825E+003
 -0.48122035E+000 -0.23336889E+000 -0.54907310E-002 -0.45313016E-002 -0.16530133E-002  0.22934690E+000  0.34247354E+001  0.16556435E+002  0.33194727E+002  0.10316520E+003  0.17234825E+003
 -0.48122035E+000 -0.23336893E+000 -0.54907311E-002 -0.45313017E-002 -0.16530134E-002  0.22934690E+000  0.34247354E+001  0.16556435E+002  0.33194328E+002  0.10316520E+003  0.17234825E+003
 -0.48122035E+000 -0.23336897E+000 -0.54907311E-002 -0.45313017E-002 -0.16530135E-002  0.22934690E+000  0.34247354E+001  0.16556435E+002  0.33193944E+002  0.10316520E+003  0.17234825E+003
 -0.48122036E+000 -0.23336901E+000 -0.54907312E-002 -0.45313018E-002 -0.16530136E-002  0.22934689E+000  0.34247354E+001  0.16556435E+002  0.33193576E+002  0.10316520E+003  0.17234825E+003
 -0.48122036E+000 -0.23336904E+000 -0.54907312E-002 -0.45313018E-002 -0.16530137E-002  0.22934689E+000  0.34247354E+001  0.16556435E+002  0.33193222E+002  0.10316520E+003  0.17234825E+003
 -0.48122036E+000 -0.23336907E+000 -0.54907313E-002 -0.45313019E-002 -0.16530138E-002  0.22934689E+000  0.34247354E+001  0.16556435E+002  0.33192883E+002  0.10316520E+003  0.17234825E+003
 -0.48122036E+000 -0.23336910E+000 -0.54907313E-002 -0.45313019E-002 -0.16530139E-002  0.22934689E+000  0.34247354E+001  0.16556435E+002  0.33192556E+002  0.10316520E+003  0.17234825E+003
 -0.48122036E+000 -0.23336912E+000 -0.54907313E-002 -0.45313020E-002 -0.16530140E-002  0.22934689E+000  0.34247354E+001  0.16556435E+002  0.33192243E+002  0.10316520E+003  0.17234825E+003
 -0.48122036E+000 -0.23336915E+000 -0.54907313E-002 -0.45313020E-002 -0.16530140E-002  0.22934689E+000  0.34247354E+001  0.16556435E+002  0.33191943E+002  0.10316520E+003  0.17234825E+003
 -0.48122036E+000 -0.23336917E+000 -0.54907314E-002 -0.45313020E-002 -0.16530141E-002  0.22934689E+000  0.34247354E+001  0.16556435E+002  0.33191655E+002  0.10316520E+003  0.17234825E+003
 -0.48122036E+000 -0.23336920E+000 -0.54907314E-002 -0.45313021E-002 -0.16530142E-002  0.22934689E+000  0.34247354E+001  0.16556435E+002  0.33191379E+002  0.10316520E+003  0.17234825E+003
 -0.48122036E+000 -0.23336922E+000 -0.54907314E-002 -0.45313021E-002 -0.16530142E-002  0.22934689E+000  0.34247354E+001  0.16556435E+002  0.33191114E+002  0.10316520E+003  0.17234825E+003
