  0.10529480E+002
  0.10528776E+002
  0.10528202E+002
  0.10527734E+002
  0.10527347E+002
  0.10527024E+002
  0.10526752E+002
  0.10526522E+002
  0.10526327E+002
  0.10526161E+002
  0.10526018E+002
  0.10525897E+002
  0.10525792E+002
  0.10525701E+002
  0.10525624E+002
  0.10525556E+002
  0.10525498E+002
  0.10525447E+002
  0.10525404E+002
  0.10525366E+002
  0.10525333E+002
  0.10525304E+002
  0.10525279E+002
  0.10525258E+002
  0.10525239E+002
  0.10525223E+002
  0.10525209E+002
  0.10525197E+002
  0.10525187E+002
  0.10525178E+002
  0.10525171E+002
  0.10525165E+002
  0.10525160E+002
  0.10525156E+002
  0.10525154E+002
  0.10525152E+002
  0.10525150E+002
  0.10525150E+002
  0.10525150E+002
  0.10525151E+002
  0.10525153E+002
  0.10525155E+002
  0.10525158E+002
  0.10525162E+002
  0.10525166E+002
  0.10525171E+002
  0.10525176E+002
  0.10525182E+002
  0.10525188E+002
  0.10525195E+002
  0.10525203E+002
  0.10525211E+002
  0.10525220E+002
  0.10525229E+002
  0.10525238E+002
  0.10525248E+002
  0.10525259E+002
  0.10525270E+002
  0.10525282E+002
  0.10525294E+002
  0.10525306E+002
  0.10525319E+002
  0.10525332E+002
  0.10525346E+002
  0.10525360E+002
  0.10525375E+002
  0.10525390E+002
  0.10525405E+002
  0.10525421E+002
  0.10525437E+002
  0.10525454E+002
  0.10525471E+002
  0.10525489E+002
  0.10525506E+002
  0.10525525E+002
  0.10525543E+002
  0.10525562E+002
  0.10525582E+002
  0.10525601E+002
  0.10525622E+002
  0.10525642E+002
  0.10525663E+002
  0.10525683E+002
  0.10525705E+002
  0.10525726E+002
  0.10525748E+002
  0.10525769E+002
  0.10525792E+002
  0.10525814E+002
  0.10525836E+002
  0.10525859E+002
  0.10525881E+002
  0.10525904E+002
  0.10525926E+002
  0.10525949E+002
  0.10525972E+002
  0.10525995E+002
  0.10526018E+002
  0.10526041E+002
  0.10526063E+002
  0.10526086E+002
  0.10526109E+002
  0.10526132E+002
  0.10526154E+002
  0.10526177E+002
  0.10526200E+002
  0.10526222E+002
  0.10526245E+002
  0.10526267E+002
  0.10526289E+002
  0.10526311E+002
  0.10526333E+002
  0.10526356E+002
  0.10526378E+002
  0.10526400E+002
  0.10526421E+002
  0.10526443E+002
  0.10526465E+002
  0.10526487E+002
  0.10526509E+002
  0.10526531E+002
  0.10526552E+002
  0.10526574E+002
  0.10526596E+002
  0.10526618E+002
  0.10526640E+002
  0.10526662E+002
  0.10526684E+002
  0.10526707E+002
  0.10526729E+002
  0.10526752E+002
  0.10526775E+002
  0.10526798E+002
  0.10526821E+002
  0.10526844E+002
  0.10526868E+002
  0.10526891E+002
  0.10526915E+002
  0.10526940E+002
  0.10526964E+002
  0.10526989E+002
  0.10527014E+002
  0.10527039E+002
  0.10527065E+002
  0.10527091E+002
  0.10527117E+002
  0.10527144E+002
  0.10527171E+002
  0.10527198E+002
  0.10527225E+002
  0.10527253E+002
  0.10527281E+002
  0.10527310E+002
  0.10527338E+002
  0.10527367E+002
  0.10527397E+002
  0.10527426E+002
  0.10527456E+002
  0.10527486E+002
  0.10527516E+002
  0.10527546E+002
  0.10527577E+002
  0.10527607E+002
  0.10527638E+002
  0.10527669E+002
  0.10527700E+002
  0.10527732E+002
  0.10527763E+002
  0.10527794E+002
  0.10527826E+002
  0.10527857E+002
  0.10527889E+002
  0.10527920E+002
  0.10527951E+002
  0.10527983E+002
  0.10528014E+002
  0.10528045E+002
  0.10528076E+002
  0.10528107E+002
  0.10528137E+002
  0.10528168E+002
  0.10528198E+002
  0.10528228E+002
  0.10528258E+002
  0.10528288E+002
  0.10528317E+002
  0.10528346E+002
  0.10528375E+002
  0.10528403E+002
  0.10528431E+002
  0.10528459E+002
  0.10528486E+002
  0.10528513E+002
  0.10528539E+002
  0.10528566E+002
  0.10528591E+002
  0.10528617E+002
  0.10528642E+002
  0.10528666E+002
  0.10528690E+002
