  0.58543919E+000  0.31696619E+000  0.23245773E+001  0.38890943E+002
  0.58418829E+000  0.30610390E+000  0.23381112E+001  0.38886704E+002
  0.58402604E+000  0.30641028E+000  0.23441041E+001  0.38878270E+002
  0.58287604E+000  0.30822707E+000  0.23433308E+001  0.38876507E+002
  0.58280274E+000  0.30872449E+000  0.23458135E+001  0.38872053E+002
  0.58256933E+000  0.30867487E+000  0.23470093E+001  0.38869848E+002
  0.58103604E+000  0.31043871E+000  0.23465890E+001  0.38868951E+002
  0.58088399E+000  0.31023446E+000  0.23466864E+001  0.38868290E+002
  0.57983152E+000  0.31145141E+000  0.23324947E+001  0.38857572E+002
  0.57981052E+000  0.31157337E+000  0.23330063E+001  0.38846401E+002
  0.57979510E+000  0.31170118E+000  0.23520733E+001  0.38860509E+002
  0.57979996E+000  0.31266086E+000  0.23508454E+001  0.38860285E+002
  0.57979291E+000  0.31275291E+000  0.23514260E+001  0.38859200E+002
  0.57978887E+000  0.31258374E+000  0.23513483E+001  0.38859090E+002
  0.57978737E+000  0.31265199E+000  0.23510380E+001  0.38859022E+002
  0.57846581E+000  0.31403142E+000  0.23517557E+001  0.38857977E+002
  0.57846828E+000  0.31408341E+000  0.23514737E+001  0.38857971E+002
  0.57847229E+000  0.31412904E+000  0.23512046E+001  0.38857989E+002
  0.57845521E+000  0.31419164E+000  0.23509478E+001  0.38858025E+002
  0.57846143E+000  0.31422741E+000  0.23507026E+001  0.38858076E+002
  0.57846848E+000  0.31425937E+000  0.23504683E+001  0.38858139E+002
  0.57847618E+000  0.31428562E+000  0.23502470E+001  0.38858212E+002
  0.57848442E+000  0.31431146E+000  0.23511609E+001  0.38857164E+002
  0.57849309E+000  0.31433773E+000  0.23509544E+001  0.38857250E+002
  0.57850209E+000  0.31435897E+000  0.23507601E+001  0.38857339E+002
  0.57851135E+000  0.31437837E+000  0.23505747E+001  0.38857431E+002
  0.57852079E+000  0.31439613E+000  0.23503980E+001  0.38857525E+002
  0.57853036E+000  0.31441247E+000  0.23502297E+001  0.38857620E+002
  0.57854000E+000  0.31442752E+000  0.23500697E+001  0.38857715E+002
  0.57854968E+000  0.31444144E+000  0.23499177E+001  0.38857809E+002
  0.57855935E+000  0.31445437E+000  0.23497735E+001  0.38857902E+002
  0.57856899E+000  0.31446642E+000  0.23537277E+001  0.38853902E+002
  0.57857855E+000  0.31447766E+000  0.23535994E+001  0.38853990E+002
  0.57858802E+000  0.31448820E+000  0.23534787E+001  0.38854075E+002
  0.57859738E+000  0.31449809E+000  0.23533654E+001  0.38854158E+002
  0.57860659E+000  0.31450741E+000  0.23532596E+001  0.38854237E+002
  0.57861566E+000  0.31451619E+000  0.23531612E+001  0.38854313E+002
  0.57862455E+000  0.31452450E+000  0.23530701E+001  0.38854386E+002
  0.57863326E+000  0.31453237E+000  0.23529866E+001  0.38854454E+002
  0.57864178E+000  0.31453983E+000  0.23529105E+001  0.38854518E+002
  0.57865010E+000  0.31454692E+000  0.23528418E+001  0.38854578E+002
  0.57865821E+000  0.31455367E+000  0.23527807E+001  0.38854633E+002
  0.57866610E+000  0.31456009E+000  0.23527270E+001  0.38854684E+002
  0.57867376E+000  0.31456622E+000  0.23526808E+001  0.38854731E+002
  0.57868121E+000  0.31457207E+000  0.23526420E+001  0.38854773E+002
  0.57868843E+000  0.31457766E+000  0.23526106E+001  0.38854811E+002
  0.57869544E+000  0.31458300E+000  0.23525864E+001  0.38854844E+002
  0.57870223E+000  0.31458810E+000  0.23525691E+001  0.38854873E+002
  0.57870881E+000  0.31459297E+000  0.23525587E+001  0.38854898E+002
  0.57871519E+000  0.31459761E+000  0.23525547E+001  0.38854919E+002
  0.57872139E+000  0.31460205E+000  0.23525568E+001  0.38854936E+002
  0.57872742E+000  0.31460628E+000  0.23525647E+001  0.38854950E+002
  0.57873331E+000  0.31461030E+000  0.23525780E+001  0.38854962E+002
  0.57873907E+000  0.31461412E+000  0.23525961E+001  0.38854970E+002
  0.57874472E+000  0.31461774E+000  0.23526188E+001  0.38854977E+002
  0.57875029E+000  0.31462119E+000  0.23526455E+001  0.38854982E+002
  0.57875580E+000  0.31462446E+000  0.23526760E+001  0.38854985E+002
  0.57876128E+000  0.31462758E+000  0.23527097E+001  0.38854987E+002
  0.57876674E+000  0.31463055E+000  0.23527464E+001  0.38854988E+002
  0.57877220E+000  0.31463340E+000  0.23527857E+001  0.38854988E+002
  0.57877768E+000  0.31463614E+000  0.23528275E+001  0.38854988E+002
  0.57878320E+000  0.31463880E+000  0.23528713E+001  0.38854988E+002
  0.57878877E+000  0.31464138E+000  0.23529171E+001  0.38854987E+002
  0.57879440E+000  0.31464391E+000  0.23529646E+001  0.38854986E+002
  0.57880009E+000  0.31464639E+000  0.23530137E+001  0.38854986E+002
  0.57880585E+000  0.31464886E+000  0.23530643E+001  0.38854985E+002
  0.57881168E+000  0.31465131E+000  0.23531163E+001  0.38854985E+002
  0.57881758E+000  0.31465375E+000  0.23531696E+001  0.38854985E+002
  0.57882356E+000  0.31465621E+000  0.23532242E+001  0.38854985E+002
  0.57882961E+000  0.31465868E+000  0.23532799E+001  0.38854986E+002
  0.57883573E+000  0.31466117E+000  0.23533367E+001  0.38854987E+002
  0.57884191E+000  0.31466368E+000  0.23533946E+001  0.38854989E+002
  0.57884816E+000  0.31466622E+000  0.23534536E+001  0.38854991E+002
  0.57885445E+000  0.31466880E+000  0.23535136E+001  0.38854994E+002
  0.57886080E+000  0.31467141E+000  0.23535745E+001  0.38854997E+002
  0.57886719E+000  0.31467406E+000  0.23536365E+001  0.38855001E+002
  0.57887361E+000  0.31467675E+000  0.23536994E+001  0.38855005E+002
  0.57888007E+000  0.31467947E+000  0.23537632E+001  0.38855009E+002
  0.57888654E+000  0.31468224E+000  0.23538279E+001  0.38855014E+002
  0.57889303E+000  0.31468503E+000  0.23538935E+001  0.38855019E+002
  0.57889953E+000  0.31468787E+000  0.23539600E+001  0.38855025E+002
  0.57890604E+000  0.31469074E+000  0.23540273E+001  0.38855031E+002
  0.57891253E+000  0.31469363E+000  0.23540955E+001  0.38855037E+002
  0.57891902E+000  0.31469656E+000  0.23541644E+001  0.38855043E+002
  0.57892548E+000  0.31469952E+000  0.23542341E+001  0.38855050E+002
  0.57893193E+000  0.31470249E+000  0.23543045E+001  0.38855057E+002
  0.57893833E+000  0.31470548E+000  0.23543756E+001  0.38855063E+002
  0.57894470E+000  0.31470849E+000  0.23544474E+001  0.38855070E+002
  0.57895103E+000  0.31471151E+000  0.23545198E+001  0.38855077E+002
  0.57895730E+000  0.31471453E+000  0.23545928E+001  0.38855084E+002
  0.57896351E+000  0.31471756E+000  0.23546663E+001  0.38855091E+002
  0.57896966E+000  0.31472058E+000  0.23547403E+001  0.38855099E+002
  0.57897574E+000  0.31472360E+000  0.23548148E+001  0.38855106E+002
  0.57898175E+000  0.31472661E+000  0.23548896E+001  0.38855113E+002
  0.57898767E+000  0.31472959E+000  0.23549647E+001  0.38855120E+002
  0.57899350E+000  0.31473256E+000  0.23550401E+001  0.38855127E+002
  0.57899924E+000  0.31473551E+000  0.23551157E+001  0.38855134E+002
  0.57900489E+000  0.31473842E+000  0.23551914E+001  0.38855141E+002
  0.57901043E+000  0.31474130E+000  0.23552672E+001  0.38855148E+002
  0.57901586E+000  0.31474414E+000  0.23553429E+001  0.38855156E+002
  0.57902118E+000  0.31474694E+000  0.23554185E+001  0.38855163E+002
  0.57902639E+000  0.31474970E+000  0.23554939E+001  0.38855171E+002
  0.57903148E+000  0.31475241E+000  0.23555691E+001  0.38855179E+002
  0.57903644E+000  0.31475507E+000  0.23556440E+001  0.38855187E+002
  0.57904128E+000  0.31475767E+000  0.23557184E+001  0.38855196E+002
  0.57904599E+000  0.31476022E+000  0.23557924E+001  0.38855205E+002
  0.57905058E+000  0.31476271E+000  0.23558659E+001  0.38855214E+002
  0.57905503E+000  0.31476513E+000  0.23559387E+001  0.38855224E+002
  0.57905934E+000  0.31476750E+000  0.23560109E+001  0.38855235E+002
  0.57906352E+000  0.31476980E+000  0.23560823E+001  0.38855246E+002
  0.57906757E+000  0.31477203E+000  0.23561529E+001  0.38855258E+002
  0.57907148E+000  0.31477419E+000  0.23562226E+001  0.38855271E+002
  0.57907525E+000  0.31477629E+000  0.23562914E+001  0.38855284E+002
  0.57907889E+000  0.31477832E+000  0.23563592E+001  0.38855299E+002
  0.57908239E+000  0.31478027E+000  0.23564260E+001  0.38855314E+002
  0.57908576E+000  0.31478216E+000  0.23564918E+001  0.38855331E+002
  0.57908899E+000  0.31478398E+000  0.23565564E+001  0.38855349E+002
  0.57909209E+000  0.31478572E+000  0.23566199E+001  0.38855368E+002
  0.57909506E+000  0.31478740E+000  0.23566822E+001  0.38855388E+002
  0.57909790E+000  0.31478901E+000  0.23567433E+001  0.38855410E+002
  0.57910062E+000  0.31479055E+000  0.23568032E+001  0.38855433E+002
  0.57910320E+000  0.31479202E+000  0.23568619E+001  0.38855457E+002
  0.57910567E+000  0.31479343E+000  0.23569193E+001  0.38855483E+002
  0.57910801E+000  0.31479477E+000  0.23569754E+001  0.38855511E+002
  0.57911024E+000  0.31479604E+000  0.23570302E+001  0.38855541E+002
  0.57911235E+000  0.31479725E+000  0.23570837E+001  0.38855572E+002
  0.57911435E+000  0.31479840E+000  0.23571359E+001  0.38855605E+002
  0.57911624E+000  0.31479949E+000  0.23571868E+001  0.38855640E+002
  0.57911803E+000  0.31480052E+000  0.23572364E+001  0.38855677E+002
  0.57911971E+000  0.31480150E+000  0.23572847E+001  0.38855716E+002
  0.57912129E+000  0.31480241E+000  0.23573317E+001  0.38855757E+002
  0.57912278E+000  0.31480328E+000  0.23573773E+001  0.38855800E+002
  0.57912418E+000  0.31480409E+000  0.23574217E+001  0.38855845E+002
  0.57912549E+000  0.31480485E+000  0.23574649E+001  0.38855892E+002
  0.57912671E+000  0.31480556E+000  0.23575067E+001  0.38855942E+002
  0.57912784E+000  0.31480623E+000  0.23575473E+001  0.38855994E+002
  0.57912890E+000  0.31480685E+000  0.23575867E+001  0.38856048E+002
  0.57912989E+000  0.31480743E+000  0.23576249E+001  0.38856104E+002
  0.57913080E+000  0.31480797E+000  0.23576618E+001  0.38856163E+002
  0.57913164E+000  0.31480847E+000  0.23576976E+001  0.38856224E+002
  0.57913242E+000  0.31480893E+000  0.23577322E+001  0.38856287E+002
  0.57913313E+000  0.31480935E+000  0.23577657E+001  0.38856353E+002
  0.57913378E+000  0.31480975E+000  0.23577980E+001  0.38856421E+002
  0.57913438E+000  0.31481010E+000  0.23578293E+001  0.38856491E+002
  0.57913492E+000  0.31481043E+000  0.23578595E+001  0.38856564E+002
  0.57913542E+000  0.31481073E+000  0.23578886E+001  0.38856639E+002
  0.57913586E+000  0.31481100E+000  0.23579167E+001  0.38856717E+002
  0.57913626E+000  0.31481125E+000  0.23579438E+001  0.38856797E+002
  0.57913661E+000  0.31481147E+000  0.23579699E+001  0.38856879E+002
  0.57913693E+000  0.31481167E+000  0.23579951E+001  0.38856963E+002
  0.57913721E+000  0.31481185E+000  0.23580193E+001  0.38857049E+002
  0.57913745E+000  0.31481201E+000  0.23580427E+001  0.38857138E+002
  0.57913766E+000  0.31481214E+000  0.23580651E+001  0.38857229E+002
  0.57913784E+000  0.31481226E+000  0.23580867E+001  0.38857322E+002
  0.57913799E+000  0.31481237E+000  0.23581074E+001  0.38857416E+002
  0.57913812E+000  0.31481246E+000  0.23581274E+001  0.38857513E+002
  0.57913822E+000  0.31481253E+000  0.23581466E+001  0.38857611E+002
  0.57913829E+000  0.31481259E+000  0.23581650E+001  0.38857712E+002
  0.57913835E+000  0.31481264E+000  0.23581826E+001  0.38857814E+002
  0.57913839E+000  0.31481268E+000  0.23581996E+001  0.38857917E+002
  0.57913841E+000  0.31481270E+000  0.23582159E+001  0.38858022E+002
  0.57913841E+000  0.31481272E+000  0.23582314E+001  0.38858129E+002
  0.57913840E+000  0.31481273E+000  0.23582464E+001  0.38858237E+002
  0.57913837E+000  0.31481273E+000  0.23582607E+001  0.38858346E+002
  0.57913833E+000  0.31481273E+000  0.23582745E+001  0.38858456E+002
  0.57913829E+000  0.31481271E+000  0.23582876E+001  0.38858568E+002
  0.57913823E+000  0.31481269E+000  0.23583002E+001  0.38858680E+002
  0.57913816E+000  0.31481267E+000  0.23583123E+001  0.38858793E+002
  0.57913808E+000  0.31481264E+000  0.23583238E+001  0.38858907E+002
  0.57913800E+000  0.31481261E+000  0.23583348E+001  0.38859022E+002
  0.57913792E+000  0.31481257E+000  0.23583454E+001  0.38859137E+002
  0.57913782E+000  0.31481253E+000  0.23583555E+001  0.38859253E+002
  0.57913773E+000  0.31481249E+000  0.23583651E+001  0.38859369E+002
  0.57913762E+000  0.31481244E+000  0.23583744E+001  0.38859486E+002
  0.57913752E+000  0.31481239E+000  0.23583832E+001  0.38859602E+002
  0.57913741E+000  0.31481234E+000  0.23583916E+001  0.38859719E+002
  0.57913731E+000  0.31481229E+000  0.23583996E+001  0.38859835E+002
  0.57913720E+000  0.31481224E+000  0.23584073E+001  0.38859952E+002
  0.57913708E+000  0.31481218E+000  0.23584146E+001  0.38860068E+002
  0.57913697E+000  0.31481213E+000  0.23584216E+001  0.38860184E+002
  0.57913686E+000  0.31481208E+000  0.23584283E+001  0.38860299E+002
  0.57913675E+000  0.31481202E+000  0.23584346E+001  0.38860414E+002
  0.57913664E+000  0.31481197E+000  0.23584407E+001  0.38860528E+002
  0.57913653E+000  0.31481191E+000  0.23584465E+001  0.38860642E+002
  0.57913642E+000  0.31481186E+000  0.23584520E+001  0.38860755E+002
  0.57913631E+000  0.31481180E+000  0.23584573E+001  0.38860867E+002
  0.57913621E+000  0.31481175E+000  0.23584623E+001  0.38860978E+002
  0.57913610E+000  0.31481170E+000  0.23584671E+001  0.38861088E+002
  0.57913600E+000  0.31481165E+000  0.23584716E+001  0.38861197E+002
  0.57913590E+000  0.31481159E+000  0.23584760E+001  0.38861305E+002
  0.57913580E+000  0.31481154E+000  0.23584801E+001  0.38861412E+002
  0.57913570E+000  0.31481149E+000  0.23584840E+001  0.38861517E+002
  0.57913560E+000  0.31481145E+000  0.23584878E+001  0.38861621E+002
  0.57913551E+000  0.31481140E+000  0.23584913E+001  0.38861724E+002
  0.57913542E+000  0.31481135E+000  0.23584947E+001  0.38861825E+002
  0.57913533E+000  0.31481131E+000  0.23584980E+001  0.38861925E+002
  0.57913525E+000  0.31481126E+000  0.23585010E+001  0.38862024E+002
  0.57913516E+000  0.31481122E+000  0.23585039E+001  0.38862121E+002
  0.57913508E+000  0.31481118E+000  0.23585067E+001  0.38862216E+002
  0.57913500E+000  0.31481113E+000  0.23585093E+001  0.38862310E+002
