  0.49046815E-002  0.57116700E-001  0.10123147E+001  0.41043590E+002
  0.49316171E-002  0.56950177E-001  0.10114501E+001  0.41041776E+002
  0.49474705E-002  0.56844298E-001  0.10107827E+001  0.41040237E+002
  0.49569259E-002  0.56771403E-001  0.10102640E+001  0.41038949E+002
  0.49621483E-002  0.56720585E-001  0.10098672E+001  0.41037845E+002
  0.49644190E-002  0.56686191E-001  0.10095670E+001  0.41036884E+002
  0.49646126E-002  0.56664510E-001  0.10093431E+001  0.41036042E+002
  0.49633611E-002  0.56652757E-001  0.10091791E+001  0.41035300E+002
  0.49611272E-002  0.56648739E-001  0.10090621E+001  0.41034642E+002
  0.49582583E-002  0.56650667E-001  0.10089825E+001  0.41034057E+002
  0.49550118E-002  0.56657079E-001  0.10089325E+001  0.41033534E+002
  0.49515745E-002  0.56666800E-001  0.10089065E+001  0.41033066E+002
  0.49480816E-002  0.56678890E-001  0.10088999E+001  0.41032645E+002
  0.49446291E-002  0.56692604E-001  0.10089092E+001  0.41032265E+002
  0.49412835E-002  0.56707362E-001  0.10089314E+001  0.41031919E+002
  0.49380888E-002  0.56722718E-001  0.10089643E+001  0.41031605E+002
  0.49350729E-002  0.56738335E-001  0.10090060E+001  0.41031318E+002
  0.49322517E-002  0.56753962E-001  0.10090547E+001  0.41031054E+002
  0.49296323E-002  0.56769415E-001  0.10091092E+001  0.41030812E+002
  0.49272153E-002  0.56784564E-001  0.10091682E+001  0.41030588E+002
  0.49249964E-002  0.56799318E-001  0.10092307E+001  0.41030381E+002
  0.49229685E-002  0.56813618E-001  0.10092960E+001  0.41030188E+002
  0.49211224E-002  0.56827426E-001  0.10093631E+001  0.41030010E+002
  0.49194476E-002  0.56840720E-001  0.10094315E+001  0.41029844E+002
  0.49179329E-002  0.56853491E-001  0.10095005E+001  0.41029689E+002
  0.49165669E-002  0.56865737E-001  0.10095697E+001  0.41029544E+002
  0.49153380E-002  0.56877460E-001  0.10096384E+001  0.41029409E+002
  0.49142351E-002  0.56888668E-001  0.10097064E+001  0.41029284E+002
  0.49132476E-002  0.56899368E-001  0.10097733E+001  0.41029166E+002
  0.49123648E-002  0.56909572E-001  0.10098386E+001  0.41029057E+002
  0.49115771E-002  0.56919290E-001  0.10099021E+001  0.41028956E+002
  0.49108751E-002  0.56928533E-001  0.10099636E+001  0.41028862E+002
  0.49102502E-002  0.56937310E-001  0.10100228E+001  0.41028775E+002
  0.49096942E-002  0.56945633E-001  0.10100796E+001  0.41028696E+002
  0.49091997E-002  0.56953509E-001  0.10101337E+001  0.41028623E+002
  0.49087600E-002  0.56960949E-001  0.10101852E+001  0.41028556E+002
  0.49083687E-002  0.56967960E-001  0.10102339E+001  0.41028496E+002
  0.49080203E-002  0.56974551E-001  0.10102799E+001  0.41028442E+002
  0.49077097E-002  0.56980731E-001  0.10103231E+001  0.41028395E+002
  0.49074324E-002  0.56986507E-001  0.10103636E+001  0.41028353E+002
  0.49071844E-002  0.56991889E-001  0.10104014E+001  0.41028316E+002
  0.49069622E-002  0.56996888E-001  0.10104368E+001  0.41028285E+002
  0.49067630E-002  0.57001516E-001  0.10104698E+001  0.41028260E+002
  0.49065839E-002  0.57005788E-001  0.10105006E+001  0.41028239E+002
  0.49064230E-002  0.57009718E-001  0.10105294E+001  0.41028223E+002
  0.49062784E-002  0.57013326E-001  0.10105563E+001  0.41028212E+002
  0.49061485E-002  0.57016632E-001  0.10105816E+001  0.41028204E+002
  0.49060320E-002  0.57019657E-001  0.10106055E+001  0.41028201E+002
  0.49059280E-002  0.57022426E-001  0.10106281E+001  0.41028202E+002
  0.49058355E-002  0.57024964E-001  0.10106497E+001  0.41028206E+002
  0.49057536E-002  0.57027296E-001  0.10106704E+001  0.41028213E+002
  0.49056818E-002  0.57029447E-001  0.10106904E+001  0.41028223E+002
  0.49056194E-002  0.57031441E-001  0.10107098E+001  0.41028236E+002
  0.49055656E-002  0.57033304E-001  0.10107288E+001  0.41028252E+002
  0.49055198E-002  0.57035055E-001  0.10107475E+001  0.41028270E+002
  0.49054814E-002  0.57036715E-001  0.10107660E+001  0.41028291E+002
  0.49054497E-002  0.57038301E-001  0.10107844E+001  0.41028313E+002
  0.49054240E-002  0.57039829E-001  0.10108028E+001  0.41028338E+002
  0.49054035E-002  0.57041312E-001  0.10108212E+001  0.41028364E+002
  0.49053875E-002  0.57042761E-001  0.10108398E+001  0.41028392E+002
  0.49053754E-002  0.57044184E-001  0.10108584E+001  0.41028422E+002
  0.49053666E-002  0.57045588E-001  0.10108773E+001  0.41028453E+002
  0.49053605E-002  0.57046980E-001  0.10108964E+001  0.41028486E+002
  0.49053566E-002  0.57048364E-001  0.10109156E+001  0.41028520E+002
  0.49053544E-002  0.57049744E-001  0.10109352E+001  0.41028556E+002
  0.49053535E-002  0.57051120E-001  0.10109550E+001  0.41028593E+002
  0.49053536E-002  0.57052497E-001  0.10109751E+001  0.41028631E+002
  0.49053544E-002  0.57053874E-001  0.10109954E+001  0.41028671E+002
  0.49053557E-002  0.57055251E-001  0.10110160E+001  0.41028713E+002
  0.49053574E-002  0.57056631E-001  0.10110369E+001  0.41028756E+002
  0.49053592E-002  0.57058011E-001  0.10110580E+001  0.41028800E+002
  0.49053610E-002  0.57059392E-001  0.10110794E+001  0.41028845E+002
  0.49053628E-002  0.57060773E-001  0.10111010E+001  0.41028892E+002
  0.49053644E-002  0.57062153E-001  0.10111229E+001  0.41028941E+002
  0.49053658E-002  0.57063532E-001  0.10111449E+001  0.41028990E+002
  0.49053668E-002  0.57064907E-001  0.10111671E+001  0.41029041E+002
  0.49053675E-002  0.57066278E-001  0.10111895E+001  0.41029093E+002
  0.49053677E-002  0.57067644E-001  0.10112121E+001  0.41029147E+002
  0.49053674E-002  0.57069004E-001  0.10112348E+001  0.41029202E+002
  0.49053666E-002  0.57070355E-001  0.10112576E+001  0.41029258E+002
  0.49053652E-002  0.57071697E-001  0.10112805E+001  0.41029315E+002
  0.49053632E-002  0.57073028E-001  0.10113034E+001  0.41029373E+002
  0.49053605E-002  0.57074347E-001  0.10113264E+001  0.41029433E+002
  0.49053572E-002  0.57075652E-001  0.10113494E+001  0.41029493E+002
  0.49053532E-002  0.57076943E-001  0.10113724E+001  0.41029554E+002
  0.49053486E-002  0.57078218E-001  0.10113954E+001  0.41029617E+002
  0.49053432E-002  0.57079476E-001  0.10114183E+001  0.41029680E+002
  0.49053371E-002  0.57080715E-001  0.10114412E+001  0.41029744E+002
  0.49053304E-002  0.57081936E-001  0.10114639E+001  0.41029809E+002
  0.49053230E-002  0.57083137E-001  0.10114866E+001  0.41029874E+002
  0.49053149E-002  0.57084316E-001  0.10115092E+001  0.41029940E+002
  0.49053062E-002  0.57085474E-001  0.10115316E+001  0.41030007E+002
  0.49052970E-002  0.57086609E-001  0.10115538E+001  0.41030074E+002
  0.49052872E-002  0.57087721E-001  0.10115758E+001  0.41030142E+002
  0.49052768E-002  0.57088809E-001  0.10115977E+001  0.41030210E+002
  0.49052660E-002  0.57089873E-001  0.10116193E+001  0.41030279E+002
  0.49052547E-002  0.57090912E-001  0.10116406E+001  0.41030348E+002
  0.49052431E-002  0.57091926E-001  0.10116618E+001  0.41030417E+002
  0.49052310E-002  0.57092914E-001  0.10116826E+001  0.41030487E+002
  0.49052187E-002  0.57093876E-001  0.10117031E+001  0.41030557E+002
  0.49052061E-002  0.57094813E-001  0.10117234E+001  0.41030627E+002
  0.49051932E-002  0.57095723E-001  0.10117433E+001  0.41030697E+002
  0.49051802E-002  0.57096607E-001  0.10117629E+001  0.41030767E+002
  0.49051669E-002  0.57097465E-001  0.10117822E+001  0.41030838E+002
  0.49051536E-002  0.57098296E-001  0.10118011E+001  0.41030909E+002
  0.49051402E-002  0.57099102E-001  0.10118196E+001  0.41030980E+002
  0.49051268E-002  0.57099882E-001  0.10118377E+001  0.41031051E+002
  0.49051133E-002  0.57100636E-001  0.10118555E+001  0.41031122E+002
  0.49050999E-002  0.57101364E-001  0.10118729E+001  0.41031193E+002
  0.49050865E-002  0.57102068E-001  0.10118898E+001  0.41031265E+002
  0.49050733E-002  0.57102746E-001  0.10119064E+001  0.41031336E+002
  0.49050601E-002  0.57103400E-001  0.10119225E+001  0.41031408E+002
  0.49050471E-002  0.57104031E-001  0.10119382E+001  0.41031480E+002
  0.49050342E-002  0.57104637E-001  0.10119535E+001  0.41031552E+002
  0.49050216E-002  0.57105221E-001  0.10119684E+001  0.41031624E+002
  0.49050091E-002  0.57105781E-001  0.10119829E+001  0.41031697E+002
  0.49049969E-002  0.57106320E-001  0.10119969E+001  0.41031770E+002
  0.49049849E-002  0.57106837E-001  0.10120105E+001  0.41031843E+002
  0.49049731E-002  0.57107333E-001  0.10120237E+001  0.41031917E+002
  0.49049616E-002  0.57107808E-001  0.10120364E+001  0.41031991E+002
  0.49049504E-002  0.57108263E-001  0.10120487E+001  0.41032065E+002
  0.49049395E-002  0.57108699E-001  0.10120607E+001  0.41032140E+002
  0.49049289E-002  0.57109116E-001  0.10120722E+001  0.41032216E+002
  0.49049186E-002  0.57109515E-001  0.10120833E+001  0.41032292E+002
  0.49049085E-002  0.57109895E-001  0.10120940E+001  0.41032369E+002
  0.49048988E-002  0.57110259E-001  0.10121043E+001  0.41032446E+002
  0.49048894E-002  0.57110606E-001  0.10121142E+001  0.41032524E+002
  0.49048803E-002  0.57110937E-001  0.10121237E+001  0.41032603E+002
  0.49048715E-002  0.57111252E-001  0.10121329E+001  0.41032683E+002
  0.49048630E-002  0.57111552E-001  0.10121417E+001  0.41032764E+002
  0.49048547E-002  0.57111838E-001  0.10121501E+001  0.41032845E+002
  0.49048468E-002  0.57112110E-001  0.10121582E+001  0.41032928E+002
  0.49048392E-002  0.57112369E-001  0.10121660E+001  0.41033012E+002
  0.49048319E-002  0.57112614E-001  0.10121734E+001  0.41033097E+002
  0.49048248E-002  0.57112848E-001  0.10121806E+001  0.41033183E+002
  0.49048180E-002  0.57113069E-001  0.10121874E+001  0.41033270E+002
  0.49048115E-002  0.57113279E-001  0.10121939E+001  0.41033358E+002
  0.49048053E-002  0.57113478E-001  0.10122001E+001  0.41033448E+002
  0.49047993E-002  0.57113667E-001  0.10122060E+001  0.41033539E+002
  0.49047936E-002  0.57113845E-001  0.10122117E+001  0.41033631E+002
  0.49047881E-002  0.57114015E-001  0.10122171E+001  0.41033725E+002
  0.49047828E-002  0.57114175E-001  0.10122222E+001  0.41033820E+002
  0.49047777E-002  0.57114326E-001  0.10122271E+001  0.41033917E+002
  0.49047729E-002  0.57114469E-001  0.10122318E+001  0.41034014E+002
  0.49047683E-002  0.57114604E-001  0.10122362E+001  0.41034114E+002
  0.49047639E-002  0.57114731E-001  0.10122404E+001  0.41034215E+002
  0.49047597E-002  0.57114851E-001  0.10122444E+001  0.41034317E+002
  0.49047557E-002  0.57114965E-001  0.10122482E+001  0.41034420E+002
  0.49047519E-002  0.57115072E-001  0.10122519E+001  0.41034525E+002
  0.49047483E-002  0.57115172E-001  0.10122553E+001  0.41034632E+002
  0.49047448E-002  0.57115267E-001  0.10122586E+001  0.41034740E+002
  0.49047415E-002  0.57115357E-001  0.10122616E+001  0.41034849E+002
  0.49047383E-002  0.57115440E-001  0.10122646E+001  0.41034959E+002
  0.49047353E-002  0.57115519E-001  0.10122674E+001  0.41035071E+002
  0.49047325E-002  0.57115594E-001  0.10122700E+001  0.41035184E+002
  0.49047298E-002  0.57115663E-001  0.10122725E+001  0.41035298E+002
  0.49047272E-002  0.57115729E-001  0.10122749E+001  0.41035414E+002
  0.49047248E-002  0.57115791E-001  0.10122771E+001  0.41035530E+002
  0.49047224E-002  0.57115848E-001  0.10122792E+001  0.41035648E+002
  0.49047202E-002  0.57115902E-001  0.10122812E+001  0.41035766E+002
  0.49047181E-002  0.57115953E-001  0.10122831E+001  0.41035886E+002
  0.49047161E-002  0.57116001E-001  0.10122849E+001  0.41036006E+002
  0.49047142E-002  0.57116045E-001  0.10122866E+001  0.41036127E+002
  0.49047125E-002  0.57116087E-001  0.10122882E+001  0.41036249E+002
  0.49047108E-002  0.57116126E-001  0.10122897E+001  0.41036372E+002
  0.49047091E-002  0.57116163E-001  0.10122911E+001  0.41036495E+002
  0.49047076E-002  0.57116197E-001  0.10122925E+001  0.41036618E+002
  0.49047062E-002  0.57116229E-001  0.10122937E+001  0.41036742E+002
  0.49047048E-002  0.57116259E-001  0.10122949E+001  0.41036866E+002
  0.49047035E-002  0.57116288E-001  0.10122961E+001  0.41036991E+002
  0.49047023E-002  0.57116314E-001  0.10122971E+001  0.41037115E+002
  0.49047011E-002  0.57116338E-001  0.10122981E+001  0.41037240E+002
  0.49047001E-002  0.57116361E-001  0.10122991E+001  0.41037365E+002
  0.49046990E-002  0.57116383E-001  0.10123000E+001  0.41037489E+002
  0.49046980E-002  0.57116403E-001  0.10123008E+001  0.41037614E+002
  0.49046971E-002  0.57116422E-001  0.10123016E+001  0.41037738E+002
  0.49046962E-002  0.57116439E-001  0.10123024E+001  0.41037861E+002
  0.49046954E-002  0.57116455E-001  0.10123031E+001  0.41037984E+002
  0.49046946E-002  0.57116471E-001  0.10123037E+001  0.41038107E+002
  0.49046939E-002  0.57116485E-001  0.10123043E+001  0.41038229E+002
  0.49046932E-002  0.57116498E-001  0.10123049E+001  0.41038350E+002
  0.49046925E-002  0.57116511E-001  0.10123055E+001  0.41038471E+002
  0.49046919E-002  0.57116522E-001  0.10123060E+001  0.41038591E+002
  0.49046913E-002  0.57116533E-001  0.10123065E+001  0.41038709E+002
  0.49046908E-002  0.57116543E-001  0.10123070E+001  0.41038827E+002
  0.49046903E-002  0.57116552E-001  0.10123074E+001  0.41038944E+002
  0.49046898E-002  0.57116561E-001  0.10123078E+001  0.41039059E+002
  0.49046893E-002  0.57116569E-001  0.10123082E+001  0.41039174E+002
  0.49046889E-002  0.57116577E-001  0.10123086E+001  0.41039287E+002
  0.49046884E-002  0.57116584E-001  0.10123089E+001  0.41039398E+002
  0.49046880E-002  0.57116591E-001  0.10123092E+001  0.41039509E+002
  0.49046877E-002  0.57116597E-001  0.10123095E+001  0.41039618E+002
  0.49046873E-002  0.57116603E-001  0.10123098E+001  0.41039725E+002
  0.49046870E-002  0.57116608E-001  0.10123101E+001  0.41039831E+002
  0.49046867E-002  0.57116613E-001  0.10123103E+001  0.41039936E+002
  0.49046864E-002  0.57116618E-001  0.10123106E+001  0.41040038E+002
  0.49046861E-002  0.57116622E-001  0.10123108E+001  0.41040139E+002
  0.49046858E-002  0.57116626E-001  0.10123110E+001  0.41040239E+002
  0.49046856E-002  0.57116629E-001  0.10123112E+001  0.41040337E+002
  0.49046855E-002  0.57116632E-001  0.10123114E+001  0.41040433E+002
