  0.66441631E-001
  0.66525830E-001
  0.66450111E-001
  0.66385126E-001
  0.66335266E-001
  0.66295896E-001
  0.66264058E-001
  0.66237978E-001
  0.66216380E-001
  0.66198409E-001
  0.66183383E-001
  0.66170784E-001
  0.66160189E-001
  0.66151262E-001
  0.66143729E-001
  0.66137367E-001
  0.66131987E-001
  0.66127441E-001
  0.66123598E-001
  0.66120355E-001
  0.66117618E-001
  0.66115314E-001
  0.66113376E-001
  0.66111752E-001
  0.66110395E-001
  0.66109265E-001
  0.66108327E-001
  0.66107550E-001
  0.66106912E-001
  0.66106389E-001
  0.66105961E-001
  0.66105612E-001
  0.66105329E-001
  0.66105099E-001
  0.66104912E-001
  0.66104759E-001
  0.66104634E-001
  0.66104530E-001
  0.66104444E-001
  0.66104370E-001
  0.66104306E-001
  0.66104250E-001
  0.66104200E-001
  0.66104156E-001
  0.66104117E-001
  0.66104083E-001
  0.66104053E-001
  0.66104028E-001
  0.66104008E-001
  0.66103994E-001
  0.66103987E-001
  0.66103986E-001
  0.66103992E-001
  0.66104005E-001
  0.66104025E-001
  0.66104052E-001
  0.66104087E-001
  0.66104128E-001
  0.66104176E-001
  0.66104230E-001
  0.66104290E-001
  0.66104355E-001
  0.66104426E-001
  0.66104501E-001
  0.66104581E-001
  0.66104666E-001
  0.66104754E-001
  0.66104847E-001
  0.66104943E-001
  0.66105043E-001
  0.66105147E-001
  0.66105255E-001
  0.66105366E-001
  0.66105481E-001
  0.66105599E-001
  0.66105721E-001
  0.66105846E-001
  0.66105975E-001
  0.66106107E-001
  0.66106242E-001
  0.66106380E-001
  0.66106522E-001
  0.66106666E-001
  0.66106813E-001
  0.66106962E-001
  0.66107114E-001
  0.66107268E-001
  0.66107424E-001
  0.66107581E-001
  0.66107741E-001
  0.66107901E-001
  0.66108063E-001
  0.66108226E-001
  0.66108390E-001
  0.66108554E-001
  0.66108719E-001
  0.66108884E-001
  0.66109049E-001
  0.66109214E-001
  0.66109379E-001
  0.66109544E-001
  0.66109708E-001
  0.66109871E-001
  0.66110034E-001
  0.66110195E-001
  0.66110356E-001
  0.66110516E-001
  0.66110675E-001
  0.66110833E-001
  0.66110989E-001
  0.66111145E-001
  0.66111299E-001
  0.66111452E-001
  0.66111603E-001
  0.66111754E-001
  0.66111903E-001
  0.66112051E-001
  0.66112198E-001
  0.66112343E-001
  0.66112488E-001
  0.66112632E-001
  0.66112774E-001
  0.66112916E-001
  0.66113058E-001
  0.66113198E-001
  0.66113338E-001
  0.66113478E-001
  0.66113617E-001
  0.66113756E-001
  0.66113895E-001
  0.66114034E-001
  0.66114173E-001
  0.66114312E-001
  0.66114452E-001
  0.66114592E-001
  0.66114733E-001
  0.66114875E-001
  0.66115017E-001
  0.66115161E-001
  0.66115305E-001
  0.66115451E-001
  0.66115597E-001
  0.66115746E-001
  0.66115895E-001
  0.66116047E-001
  0.66116199E-001
  0.66116354E-001
  0.66116510E-001
  0.66116668E-001
  0.66116828E-001
  0.66116990E-001
  0.66117153E-001
  0.66117318E-001
  0.66117486E-001
  0.66117655E-001
  0.66117826E-001
  0.66117998E-001
  0.66118173E-001
  0.66118349E-001
  0.66118527E-001
  0.66118707E-001
  0.66118888E-001
  0.66119071E-001
  0.66119255E-001
  0.66119440E-001
  0.66119627E-001
  0.66119815E-001
  0.66120003E-001
  0.66120193E-001
  0.66120384E-001
  0.66120575E-001
  0.66120767E-001
  0.66120959E-001
  0.66121151E-001
  0.66121344E-001
  0.66121536E-001
  0.66121729E-001
  0.66121921E-001
  0.66122113E-001
  0.66122305E-001
  0.66122496E-001
  0.66122686E-001
  0.66122875E-001
  0.66123064E-001
  0.66123251E-001
  0.66123437E-001
  0.66123621E-001
  0.66123804E-001
  0.66123986E-001
  0.66124165E-001
  0.66124343E-001
  0.66124520E-001
  0.66124694E-001
  0.66124866E-001
  0.66125036E-001
  0.66125203E-001
  0.66125369E-001
  0.66125532E-001
  0.66125692E-001
  0.66125849E-001
