  0.42099906E+000
  0.41999022E+000
  0.41936087E+000
  0.41892007E+000
  0.41860805E+000
  0.41839315E+000
  0.41825383E+000
  0.41817381E+000
  0.41814052E+000
  0.41814392E+000
  0.41817595E+000
  0.41823026E+000
  0.41830176E+000
  0.41838633E+000
  0.41848066E+000
  0.41858211E+000
  0.41868852E+000
  0.41879814E+000
  0.41890957E+000
  0.41902167E+000
  0.41913353E+000
  0.41924437E+000
  0.41935361E+000
  0.41946073E+000
  0.41956533E+000
  0.41966706E+000
  0.41976563E+000
  0.41986083E+000
  0.41995244E+000
  0.42004032E+000
  0.42012432E+000
  0.42020436E+000
  0.42028034E+000
  0.42035222E+000
  0.42041996E+000
  0.42048354E+000
  0.42054297E+000
  0.42059827E+000
  0.42064950E+000
  0.42069673E+000
  0.42074003E+000
  0.42077953E+000
  0.42081534E+000
  0.42084762E+000
  0.42087652E+000
  0.42090223E+000
  0.42092493E+000
  0.42094482E+000
  0.42096212E+000
  0.42097703E+000
  0.42098977E+000
  0.42100055E+000
  0.42100958E+000
  0.42101706E+000
  0.42102317E+000
  0.42102810E+000
  0.42103200E+000
  0.42103504E+000
  0.42103733E+000
  0.42103902E+000
  0.42104019E+000
  0.42104095E+000
  0.42104137E+000
  0.42104151E+000
  0.42104144E+000
  0.42104120E+000
  0.42104083E+000
  0.42104035E+000
  0.42103980E+000
  0.42103919E+000
  0.42103854E+000
  0.42103786E+000
  0.42103716E+000
  0.42103644E+000
  0.42103571E+000
  0.42103498E+000
  0.42103425E+000
  0.42103352E+000
  0.42103278E+000
  0.42103206E+000
  0.42103133E+000
  0.42103061E+000
  0.42102990E+000
  0.42102919E+000
  0.42102849E+000
  0.42102780E+000
  0.42102711E+000
  0.42102643E+000
  0.42102576E+000
  0.42102510E+000
  0.42102445E+000
  0.42102380E+000
  0.42102317E+000
  0.42102254E+000
  0.42102192E+000
  0.42102131E+000
  0.42102072E+000
  0.42102013E+000
  0.42101955E+000
  0.42101898E+000
  0.42101842E+000
  0.42101786E+000
  0.42101732E+000
  0.42101679E+000
  0.42101627E+000
  0.42101576E+000
  0.42101525E+000
  0.42101476E+000
  0.42101427E+000
  0.42101380E+000
  0.42101333E+000
  0.42101288E+000
  0.42101243E+000
  0.42101200E+000
  0.42101157E+000
  0.42101115E+000
  0.42101074E+000
  0.42101034E+000
  0.42100995E+000
  0.42100957E+000
  0.42100920E+000
  0.42100884E+000
  0.42100849E+000
  0.42100814E+000
  0.42100781E+000
  0.42100748E+000
  0.42100716E+000
  0.42100686E+000
  0.42100655E+000
  0.42100626E+000
  0.42100598E+000
  0.42100570E+000
  0.42100544E+000
  0.42100518E+000
  0.42100493E+000
  0.42100468E+000
  0.42100445E+000
  0.42100422E+000
  0.42100400E+000
  0.42100379E+000
  0.42100358E+000
  0.42100338E+000
  0.42100319E+000
  0.42100300E+000
  0.42100283E+000
  0.42100265E+000
  0.42100249E+000
  0.42100233E+000
  0.42100217E+000
  0.42100202E+000
  0.42100188E+000
  0.42100174E+000
  0.42100161E+000
  0.42100148E+000
  0.42100136E+000
  0.42100125E+000
  0.42100113E+000
  0.42100103E+000
  0.42100092E+000
  0.42100083E+000
  0.42100073E+000
  0.42100064E+000
  0.42100055E+000
  0.42100047E+000
  0.42100039E+000
  0.42100032E+000
  0.42100025E+000
  0.42100018E+000
  0.42100011E+000
  0.42100005E+000
  0.42099999E+000
  0.42099993E+000
  0.42099988E+000
  0.42099983E+000
  0.42099978E+000
  0.42099974E+000
  0.42099969E+000
  0.42099965E+000
  0.42099961E+000
  0.42099957E+000
  0.42099954E+000
  0.42099951E+000
  0.42099947E+000
  0.42099945E+000
  0.42099942E+000
  0.42099939E+000
  0.42099937E+000
  0.42099934E+000
  0.42099932E+000
  0.42099930E+000
  0.42099928E+000
  0.42099926E+000
  0.42099924E+000
  0.42099923E+000
  0.42099921E+000
  0.42099920E+000
  0.42099919E+000
  0.42099917E+000
  0.42099916E+000
  0.42099914E+000
