 -0.51982404E-001  0.47365254E-002  0.44192679E+000  0.12893155E+001
 -0.52267830E-001  0.46643185E-002  0.44086548E+000  0.12866991E+001
 -0.52434695E-001  0.46383178E-002  0.44029535E+000  0.12849447E+001
 -0.52534463E-001  0.46283772E-002  0.43994264E+000  0.12836439E+001
 -0.52590366E-001  0.46266635E-002  0.43971626E+000  0.12826798E+001
 -0.52615801E-001  0.46293809E-002  0.43957615E+000  0.12819830E+001
 -0.52619739E-001  0.46343796E-002  0.43949893E+000  0.12815019E+001
 -0.52608590E-001  0.46403426E-002  0.43946926E+000  0.12811944E+001
 -0.52587029E-001  0.46465634E-002  0.43947629E+000  0.12810264E+001
 -0.52558571E-001  0.46526495E-002  0.43951148E+000  0.12809703E+001
 -0.52525844E-001  0.46583580E-002  0.43956813E+000  0.12810033E+001
 -0.52490776E-001  0.46636178E-002  0.43964085E+000  0.12811075E+001
 -0.52454781E-001  0.46684377E-002  0.43972527E+000  0.12812683E+001
 -0.52418885E-001  0.46728625E-002  0.43981782E+000  0.12814737E+001
 -0.52383820E-001  0.46769483E-002  0.43991566E+000  0.12817140E+001
 -0.52350086E-001  0.46807564E-002  0.44001654E+000  0.12819814E+001
 -0.52318017E-001  0.46843384E-002  0.44011868E+000  0.12822692E+001
 -0.52287825E-001  0.46877321E-002  0.44022070E+000  0.12825721E+001
 -0.52259620E-001  0.46909643E-002  0.44032154E+000  0.12828856E+001
 -0.52233448E-001  0.46940541E-002  0.44042042E+000  0.12832058E+001
 -0.52209294E-001  0.46970156E-002  0.44051676E+000  0.12835298E+001
 -0.52187113E-001  0.46998556E-002  0.44061014E+000  0.12838548E+001
 -0.52166831E-001  0.47025778E-002  0.44070028E+000  0.12841786E+001
 -0.52148356E-001  0.47051823E-002  0.44078701E+000  0.12844993E+001
 -0.52131588E-001  0.47076685E-002  0.44087021E+000  0.12848152E+001
 -0.52116418E-001  0.47100350E-002  0.44094985E+000  0.12851249E+001
 -0.52102735E-001  0.47122806E-002  0.44102594E+000  0.12854272E+001
 -0.52090427E-001  0.47144046E-002  0.44109853E+000  0.12857210E+001
 -0.52079388E-001  0.47164065E-002  0.44116768E+000  0.12860052E+001
 -0.52069508E-001  0.47182877E-002  0.44123348E+000  0.12862792E+001
 -0.52060687E-001  0.47200502E-002  0.44129603E+000  0.12865421E+001
 -0.52052826E-001  0.47216971E-002  0.44135541E+000  0.12867933E+001
 -0.52045834E-001  0.47232320E-002  0.44141174E+000  0.12870324E+001
 -0.52039622E-001  0.47246594E-002  0.44146509E+000  0.12872589E+001
 -0.52034111E-001  0.47259843E-002  0.44151556E+000  0.12874726E+001
 -0.52029226E-001  0.47272117E-002  0.44156320E+000  0.12876731E+001
 -0.52024898E-001  0.47283469E-002  0.44160808E+000  0.12878605E+001
 -0.52021064E-001  0.47293952E-002  0.44165024E+000  0.12880347E+001
 -0.52017667E-001  0.47303614E-002  0.44168972E+000  0.12881958E+001
 -0.52014657E-001  0.47312501E-002  0.44172654E+000  0.12883439E+001
 -0.52011986E-001  0.47320657E-002  0.44176073E+000  0.12884795E+001
 -0.52009616E-001  0.47328118E-002  0.44179231E+000  0.12886028E+001
 -0.52007508E-001  0.47334917E-002  0.44182131E+000  0.12887142E+001
 -0.52005633E-001  0.47341085E-002  0.44184775E+000  0.12888144E+001
 -0.52003961E-001  0.47346646E-002  0.44187169E+000  0.12889038E+001
 -0.52002470E-001  0.47351624E-002  0.44189318E+000  0.12889832E+001
 -0.52001138E-001  0.47356046E-002  0.44191229E+000  0.12890531E+001
 -0.51999948E-001  0.47359935E-002  0.44192912E+000  0.12891143E+001
 -0.51998883E-001  0.47363317E-002  0.44194379E+000  0.12891674E+001
 -0.51997930E-001  0.47366220E-002  0.44195641E+000  0.12892132E+001
 -0.51997077E-001  0.47368679E-002  0.44196714E+000  0.12892523E+001
 -0.51996314E-001  0.47370726E-002  0.44197614E+000  0.12892855E+001
 -0.51995631E-001  0.47372398E-002  0.44198355E+000  0.12893133E+001
 -0.51995021E-001  0.47373735E-002  0.44198956E+000  0.12893365E+001
 -0.51994475E-001  0.47374774E-002  0.44199433E+000  0.12893555E+001
 -0.51993986E-001  0.47375557E-002  0.44199801E+000  0.12893710E+001
 -0.51993549E-001  0.47376116E-002  0.44200076E+000  0.12893833E+001
 -0.51993158E-001  0.47376491E-002  0.44200272E+000  0.12893931E+001
 -0.51992806E-001  0.47376709E-002  0.44200402E+000  0.12894006E+001
 -0.51992489E-001  0.47376802E-002  0.44200478E+000  0.12894063E+001
 -0.51992202E-001  0.47376792E-002  0.44200509E+000  0.12894104E+001
 -0.51991941E-001  0.47376701E-002  0.44200503E+000  0.12894132E+001
 -0.51991702E-001  0.47376548E-002  0.44200469E+000  0.12894150E+001
 -0.51991481E-001  0.47376346E-002  0.44200412E+000  0.12894159E+001
 -0.51991276E-001  0.47376107E-002  0.44200337E+000  0.12894162E+001
 -0.51991083E-001  0.47375841E-002  0.44200247E+000  0.12894160E+001
 -0.51990902E-001  0.47375554E-002  0.44200147E+000  0.12894153E+001
 -0.51990729E-001  0.47375254E-002  0.44200039E+000  0.12894144E+001
 -0.51990563E-001  0.47374944E-002  0.44199924E+000  0.12894132E+001
 -0.51990402E-001  0.47374628E-002  0.44199804E+000  0.12894118E+001
 -0.51990246E-001  0.47374309E-002  0.44199681E+000  0.12894103E+001
 -0.51990094E-001  0.47373988E-002  0.44199554E+000  0.12894087E+001
 -0.51989944E-001  0.47373667E-002  0.44199426E+000  0.12894071E+001
 -0.51989796E-001  0.47373347E-002  0.44199296E+000  0.12894054E+001
 -0.51989649E-001  0.47373029E-002  0.44199165E+000  0.12894037E+001
 -0.51989503E-001  0.47372714E-002  0.44199033E+000  0.12894020E+001
 -0.51989358E-001  0.47372402E-002  0.44198900E+000  0.12894003E+001
 -0.51989213E-001  0.47372094E-002  0.44198767E+000  0.12893986E+001
 -0.51989068E-001  0.47371790E-002  0.44198634E+000  0.12893968E+001
 -0.51988923E-001  0.47371490E-002  0.44198500E+000  0.12893952E+001
 -0.51988778E-001  0.47371196E-002  0.44198367E+000  0.12893935E+001
 -0.51988633E-001  0.47370907E-002  0.44198234E+000  0.12893918E+001
 -0.51988487E-001  0.47370623E-002  0.44198101E+000  0.12893902E+001
 -0.51988341E-001  0.47370345E-002  0.44197969E+000  0.12893885E+001
 -0.51988195E-001  0.47370074E-002  0.44197837E+000  0.12893869E+001
 -0.51988049E-001  0.47369809E-002  0.44197706E+000  0.12893854E+001
 -0.51987902E-001  0.47369551E-002  0.44197575E+000  0.12893838E+001
 -0.51987756E-001  0.47369300E-002  0.44197445E+000  0.12893823E+001
 -0.51987610E-001  0.47369057E-002  0.44197315E+000  0.12893808E+001
 -0.51987465E-001  0.47368821E-002  0.44197187E+000  0.12893793E+001
 -0.51987320E-001  0.47368593E-002  0.44197060E+000  0.12893778E+001
 -0.51987176E-001  0.47368374E-002  0.44196933E+000  0.12893764E+001
 -0.51987033E-001  0.47368163E-002  0.44196808E+000  0.12893750E+001
 -0.51986891E-001  0.47367960E-002  0.44196684E+000  0.12893736E+001
 -0.51986750E-001  0.47367766E-002  0.44196561E+000  0.12893722E+001
 -0.51986611E-001  0.47367580E-002  0.44196440E+000  0.12893709E+001
 -0.51986473E-001  0.47367403E-002  0.44196320E+000  0.12893695E+001
 -0.51986337E-001  0.47367234E-002  0.44196202E+000  0.12893683E+001
 -0.51986203E-001  0.47367074E-002  0.44196086E+000  0.12893670E+001
 -0.51986071E-001  0.47366922E-002  0.44195971E+000  0.12893657E+001
 -0.51985941E-001  0.47366778E-002  0.44195858E+000  0.12893645E+001
 -0.51985813E-001  0.47366642E-002  0.44195747E+000  0.12893633E+001
 -0.51985688E-001  0.47366514E-002  0.44195638E+000  0.12893621E+001
 -0.51985565E-001  0.47366393E-002  0.44195531E+000  0.12893609E+001
 -0.51985445E-001  0.47366280E-002  0.44195426E+000  0.12893598E+001
 -0.51985327E-001  0.47366174E-002  0.44195323E+000  0.12893587E+001
 -0.51985212E-001  0.47366075E-002  0.44195222E+000  0.12893575E+001
 -0.51985100E-001  0.47365983E-002  0.44195124E+000  0.12893565E+001
 -0.51984991E-001  0.47365897E-002  0.44195028E+000  0.12893554E+001
 -0.51984885E-001  0.47365817E-002  0.44194935E+000  0.12893543E+001
 -0.51984781E-001  0.47365743E-002  0.44194843E+000  0.12893533E+001
 -0.51984681E-001  0.47365674E-002  0.44194754E+000  0.12893522E+001
 -0.51984583E-001  0.47365611E-002  0.44194668E+000  0.12893512E+001
 -0.51984488E-001  0.47365553E-002  0.44194584E+000  0.12893502E+001
 -0.51984397E-001  0.47365500E-002  0.44194502E+000  0.12893493E+001
 -0.51984308E-001  0.47365451E-002  0.44194423E+000  0.12893483E+001
 -0.51984222E-001  0.47365406E-002  0.44194347E+000  0.12893473E+001
 -0.51984139E-001  0.47365365E-002  0.44194273E+000  0.12893464E+001
 -0.51984059E-001  0.47365328E-002  0.44194201E+000  0.12893455E+001
 -0.51983982E-001  0.47365295E-002  0.44194132E+000  0.12893446E+001
 -0.51983908E-001  0.47365264E-002  0.44194065E+000  0.12893437E+001
 -0.51983836E-001  0.47365237E-002  0.44194000E+000  0.12893428E+001
 -0.51983767E-001  0.47365212E-002  0.44193938E+000  0.12893420E+001
 -0.51983701E-001  0.47365191E-002  0.44193878E+000  0.12893411E+001
 -0.51983637E-001  0.47365171E-002  0.44193820E+000  0.12893403E+001
 -0.51983576E-001  0.47365154E-002  0.44193765E+000  0.12893395E+001
 -0.51983518E-001  0.47365139E-002  0.44193712E+000  0.12893387E+001
 -0.51983462E-001  0.47365126E-002  0.44193661E+000  0.12893379E+001
 -0.51983408E-001  0.47365114E-002  0.44193612E+000  0.12893372E+001
 -0.51983356E-001  0.47365104E-002  0.44193565E+000  0.12893364E+001
 -0.51983307E-001  0.47365096E-002  0.44193520E+000  0.12893357E+001
 -0.51983260E-001  0.47365089E-002  0.44193477E+000  0.12893350E+001
 -0.51983215E-001  0.47365083E-002  0.44193436E+000  0.12893343E+001
 -0.51983173E-001  0.47365078E-002  0.44193396E+000  0.12893336E+001
 -0.51983132E-001  0.47365075E-002  0.44193359E+000  0.12893329E+001
 -0.51983093E-001  0.47365072E-002  0.44193323E+000  0.12893323E+001
 -0.51983055E-001  0.47365070E-002  0.44193289E+000  0.12893316E+001
 -0.51983020E-001  0.47365069E-002  0.44193256E+000  0.12893310E+001
 -0.51982986E-001  0.47365069E-002  0.44193225E+000  0.12893304E+001
 -0.51982954E-001  0.47365069E-002  0.44193196E+000  0.12893298E+001
 -0.51982924E-001  0.47365070E-002  0.44193167E+000  0.12893292E+001
 -0.51982895E-001  0.47365071E-002  0.44193141E+000  0.12893287E+001
 -0.51982868E-001  0.47365073E-002  0.44193115E+000  0.12893281E+001
 -0.51982842E-001  0.47365075E-002  0.44193091E+000  0.12893276E+001
 -0.51982817E-001  0.47365078E-002  0.44193068E+000  0.12893271E+001
 -0.51982793E-001  0.47365081E-002  0.44193046E+000  0.12893266E+001
 -0.51982771E-001  0.47365084E-002  0.44193026E+000  0.12893261E+001
 -0.51982750E-001  0.47365087E-002  0.44193006E+000  0.12893256E+001
 -0.51982730E-001  0.47365090E-002  0.44192987E+000  0.12893252E+001
 -0.51982711E-001  0.47365094E-002  0.44192970E+000  0.12893248E+001
 -0.51982694E-001  0.47365098E-002  0.44192953E+000  0.12893243E+001
 -0.51982677E-001  0.47365102E-002  0.44192937E+000  0.12893239E+001
 -0.51982661E-001  0.47365106E-002  0.44192922E+000  0.12893235E+001
 -0.51982646E-001  0.47365110E-002  0.44192908E+000  0.12893231E+001
 -0.51982631E-001  0.47365114E-002  0.44192895E+000  0.12893228E+001
 -0.51982618E-001  0.47365118E-002  0.44192882E+000  0.12893224E+001
 -0.51982605E-001  0.47365122E-002  0.44192870E+000  0.12893221E+001
 -0.51982593E-001  0.47365126E-002  0.44192859E+000  0.12893218E+001
 -0.51982582E-001  0.47365131E-002  0.44192849E+000  0.12893214E+001
 -0.51982572E-001  0.47365135E-002  0.44192839E+000  0.12893211E+001
 -0.51982562E-001  0.47365139E-002  0.44192829E+000  0.12893208E+001
 -0.51982552E-001  0.47365143E-002  0.44192820E+000  0.12893206E+001
 -0.51982543E-001  0.47365147E-002  0.44192812E+000  0.12893203E+001
 -0.51982535E-001  0.47365151E-002  0.44192804E+000  0.12893200E+001
 -0.51982527E-001  0.47365155E-002  0.44192796E+000  0.12893198E+001
 -0.51982520E-001  0.47365158E-002  0.44192789E+000  0.12893195E+001
 -0.51982513E-001  0.47365162E-002  0.44192783E+000  0.12893193E+001
 -0.51982506E-001  0.47365166E-002  0.44192777E+000  0.12893191E+001
 -0.51982500E-001  0.47365169E-002  0.44192771E+000  0.12893189E+001
 -0.51982494E-001  0.47365173E-002  0.44192765E+000  0.12893187E+001
 -0.51982489E-001  0.47365176E-002  0.44192760E+000  0.12893185E+001
 -0.51982484E-001  0.47365179E-002  0.44192755E+000  0.12893183E+001
 -0.51982479E-001  0.47365182E-002  0.44192750E+000  0.12893181E+001
 -0.51982475E-001  0.47365185E-002  0.44192746E+000  0.12893180E+001
 -0.51982470E-001  0.47365188E-002  0.44192742E+000  0.12893178E+001
 -0.51982467E-001  0.47365191E-002  0.44192738E+000  0.12893177E+001
 -0.51982463E-001  0.47365194E-002  0.44192735E+000  0.12893175E+001
 -0.51982459E-001  0.47365197E-002  0.44192731E+000  0.12893174E+001
 -0.51982456E-001  0.47365199E-002  0.44192728E+000  0.12893173E+001
 -0.51982453E-001  0.47365202E-002  0.44192725E+000  0.12893171E+001
 -0.51982450E-001  0.47365204E-002  0.44192722E+000  0.12893170E+001
 -0.51982447E-001  0.47365206E-002  0.44192720E+000  0.12893169E+001
 -0.51982445E-001  0.47365208E-002  0.44192717E+000  0.12893168E+001
 -0.51982443E-001  0.47365211E-002  0.44192715E+000  0.12893167E+001
 -0.51982440E-001  0.47365213E-002  0.44192713E+000  0.12893166E+001
 -0.51982438E-001  0.47365215E-002  0.44192711E+000  0.12893165E+001
 -0.51982436E-001  0.47365217E-002  0.44192709E+000  0.12893164E+001
 -0.51982434E-001  0.47365218E-002  0.44192707E+000  0.12893164E+001
 -0.51982433E-001  0.47365220E-002  0.44192705E+000  0.12893163E+001
 -0.51982431E-001  0.47365222E-002  0.44192704E+000  0.12893162E+001
 -0.51982430E-001  0.47365224E-002  0.44192702E+000  0.12893162E+001
 -0.51982428E-001  0.47365225E-002  0.44192701E+000  0.12893161E+001
 -0.51982427E-001  0.47365227E-002  0.44192700E+000  0.12893160E+001
 -0.51982426E-001  0.47365228E-002  0.44192699E+000  0.12893160E+001
 -0.51982424E-001  0.47365230E-002  0.44192697E+000  0.12893159E+001
 -0.51982423E-001  0.47365231E-002  0.44192696E+000  0.12893159E+001
 -0.51982422E-001  0.47365232E-002  0.44192695E+000  0.12893158E+001
 -0.51982421E-001  0.47365234E-002  0.44192695E+000  0.12893158E+001
 -0.51982420E-001  0.47365236E-002  0.44192694E+000  0.12893158E+001
 -0.51982421E-001  0.47365235E-002  0.44192692E+000  0.12893157E+001
