 -0.16986735E-001
 -0.17082464E-001
 -0.17136327E-001
 -0.17167606E-001
 -0.17184518E-001
 -0.17191637E-001
 -0.17191973E-001
 -0.17187622E-001
 -0.17180073E-001
 -0.17170444E-001
 -0.17159559E-001
 -0.17148020E-001
 -0.17136259E-001
 -0.17124592E-001
 -0.17113240E-001
 -0.17102358E-001
 -0.17092043E-001
 -0.17082358E-001
 -0.17073334E-001
 -0.17064980E-001
 -0.17057288E-001
 -0.17050238E-001
 -0.17043804E-001
 -0.17037955E-001
 -0.17032655E-001
 -0.17027869E-001
 -0.17023558E-001
 -0.17019686E-001
 -0.17016218E-001
 -0.17013118E-001
 -0.17010353E-001
 -0.17007891E-001
 -0.17005703E-001
 -0.17003761E-001
 -0.17002038E-001
 -0.17000512E-001
 -0.16999160E-001
 -0.16997962E-001
 -0.16996900E-001
 -0.16995959E-001
 -0.16995124E-001
 -0.16994382E-001
 -0.16993723E-001
 -0.16993135E-001
 -0.16992612E-001
 -0.16992145E-001
 -0.16991728E-001
 -0.16991355E-001
 -0.16991023E-001
 -0.16990726E-001
 -0.16990462E-001
 -0.16990227E-001
 -0.16990018E-001
 -0.16989834E-001
 -0.16989671E-001
 -0.16989528E-001
 -0.16989402E-001
 -0.16989292E-001
 -0.16989197E-001
 -0.16989113E-001
 -0.16989040E-001
 -0.16988976E-001
 -0.16988920E-001
 -0.16988871E-001
 -0.16988827E-001
 -0.16988787E-001
 -0.16988751E-001
 -0.16988717E-001
 -0.16988686E-001
 -0.16988657E-001
 -0.16988628E-001
 -0.16988601E-001
 -0.16988574E-001
 -0.16988548E-001
 -0.16988522E-001
 -0.16988495E-001
 -0.16988469E-001
 -0.16988442E-001
 -0.16988416E-001
 -0.16988389E-001
 -0.16988361E-001
 -0.16988334E-001
 -0.16988306E-001
 -0.16988277E-001
 -0.16988248E-001
 -0.16988220E-001
 -0.16988190E-001
 -0.16988161E-001
 -0.16988131E-001
 -0.16988101E-001
 -0.16988071E-001
 -0.16988041E-001
 -0.16988011E-001
 -0.16987981E-001
 -0.16987951E-001
 -0.16987921E-001
 -0.16987891E-001
 -0.16987861E-001
 -0.16987832E-001
 -0.16987802E-001
 -0.16987773E-001
 -0.16987744E-001
 -0.16987715E-001
 -0.16987687E-001
 -0.16987659E-001
 -0.16987631E-001
 -0.16987604E-001
 -0.16987577E-001
 -0.16987551E-001
 -0.16987524E-001
 -0.16987499E-001
 -0.16987474E-001
 -0.16987449E-001
 -0.16987425E-001
 -0.16987401E-001
 -0.16987378E-001
 -0.16987355E-001
 -0.16987333E-001
 -0.16987312E-001
 -0.16987290E-001
 -0.16987270E-001
 -0.16987250E-001
 -0.16987230E-001
 -0.16987211E-001
 -0.16987193E-001
 -0.16987175E-001
 -0.16987158E-001
 -0.16987141E-001
 -0.16987124E-001
 -0.16987109E-001
 -0.16987093E-001
 -0.16987078E-001
 -0.16987064E-001
 -0.16987050E-001
 -0.16987037E-001
 -0.16987024E-001
 -0.16987011E-001
 -0.16986999E-001
 -0.16986988E-001
 -0.16986977E-001
 -0.16986966E-001
 -0.16986955E-001
 -0.16986946E-001
 -0.16986936E-001
 -0.16986927E-001
 -0.16986918E-001
 -0.16986910E-001
 -0.16986901E-001
 -0.16986894E-001
 -0.16986886E-001
 -0.16986879E-001
 -0.16986872E-001
 -0.16986866E-001
 -0.16986860E-001
 -0.16986854E-001
 -0.16986848E-001
 -0.16986842E-001
 -0.16986837E-001
 -0.16986832E-001
 -0.16986828E-001
 -0.16986823E-001
 -0.16986819E-001
 -0.16986815E-001
 -0.16986811E-001
 -0.16986807E-001
 -0.16986803E-001
 -0.16986800E-001
 -0.16986797E-001
 -0.16986794E-001
 -0.16986791E-001
 -0.16986788E-001
 -0.16986785E-001
 -0.16986783E-001
 -0.16986780E-001
 -0.16986778E-001
 -0.16986776E-001
 -0.16986774E-001
 -0.16986772E-001
 -0.16986770E-001
 -0.16986768E-001
 -0.16986767E-001
 -0.16986765E-001
 -0.16986764E-001
 -0.16986762E-001
 -0.16986761E-001
 -0.16986759E-001
 -0.16986758E-001
 -0.16986757E-001
 -0.16986756E-001
 -0.16986755E-001
 -0.16986754E-001
 -0.16986753E-001
 -0.16986752E-001
 -0.16986751E-001
 -0.16986750E-001
 -0.16986750E-001
 -0.16986749E-001
 -0.16986748E-001
 -0.16986747E-001
 -0.16986747E-001
