  0.43798579E+000
  0.43707268E+000
  0.43649720E+000
  0.43608767E+000
  0.43579257E+000
  0.43558478E+000
  0.43544580E+000
  0.43536144E+000
  0.43532059E+000
  0.43531436E+000
  0.43533551E+000
  0.43537828E+000
  0.43543802E+000
  0.43551092E+000
  0.43559390E+000
  0.43568447E+000
  0.43578056E+000
  0.43588050E+000
  0.43598291E+000
  0.43608665E+000
  0.43619081E+000
  0.43629461E+000
  0.43639742E+000
  0.43649869E+000
  0.43659798E+000
  0.43669493E+000
  0.43678919E+000
  0.43688051E+000
  0.43696866E+000
  0.43705344E+000
  0.43713468E+000
  0.43721225E+000
  0.43728605E+000
  0.43735598E+000
  0.43742200E+000
  0.43748405E+000
  0.43754213E+000
  0.43759623E+000
  0.43764640E+000
  0.43769269E+000
  0.43773516E+000
  0.43777391E+000
  0.43780906E+000
  0.43784075E+000
  0.43786913E+000
  0.43789437E+000
  0.43791666E+000
  0.43793618E+000
  0.43795314E+000
  0.43796776E+000
  0.43798024E+000
  0.43799078E+000
  0.43799960E+000
  0.43800689E+000
  0.43801284E+000
  0.43801762E+000
  0.43802140E+000
  0.43802433E+000
  0.43802653E+000
  0.43802813E+000
  0.43802923E+000
  0.43802993E+000
  0.43803029E+000
  0.43803038E+000
  0.43803027E+000
  0.43802999E+000
  0.43802958E+000
  0.43802907E+000
  0.43802849E+000
  0.43802785E+000
  0.43802717E+000
  0.43802646E+000
  0.43802573E+000
  0.43802499E+000
  0.43802423E+000
  0.43802348E+000
  0.43802272E+000
  0.43802196E+000
  0.43802120E+000
  0.43802044E+000
  0.43801969E+000
  0.43801895E+000
  0.43801821E+000
  0.43801747E+000
  0.43801674E+000
  0.43801602E+000
  0.43801530E+000
  0.43801459E+000
  0.43801389E+000
  0.43801320E+000
  0.43801252E+000
  0.43801184E+000
  0.43801118E+000
  0.43801052E+000
  0.43800987E+000
  0.43800924E+000
  0.43800861E+000
  0.43800799E+000
  0.43800738E+000
  0.43800678E+000
  0.43800619E+000
  0.43800561E+000
  0.43800504E+000
  0.43800448E+000
  0.43800393E+000
  0.43800339E+000
  0.43800286E+000
  0.43800234E+000
  0.43800182E+000
  0.43800132E+000
  0.43800083E+000
  0.43800035E+000
  0.43799988E+000
  0.43799942E+000
  0.43799897E+000
  0.43799853E+000
  0.43799810E+000
  0.43799768E+000
  0.43799727E+000
  0.43799686E+000
  0.43799647E+000
  0.43799609E+000
  0.43799572E+000
  0.43799535E+000
  0.43799500E+000
  0.43799466E+000
  0.43799432E+000
  0.43799400E+000
  0.43799368E+000
  0.43799337E+000
  0.43799307E+000
  0.43799278E+000
  0.43799250E+000
  0.43799223E+000
  0.43799196E+000
  0.43799171E+000
  0.43799146E+000
  0.43799122E+000
  0.43799099E+000
  0.43799076E+000
  0.43799055E+000
  0.43799034E+000
  0.43799014E+000
  0.43798994E+000
  0.43798975E+000
  0.43798957E+000
  0.43798940E+000
  0.43798923E+000
  0.43798907E+000
  0.43798891E+000
  0.43798876E+000
  0.43798862E+000
  0.43798848E+000
  0.43798834E+000
  0.43798822E+000
  0.43798809E+000
  0.43798798E+000
  0.43798786E+000
  0.43798776E+000
  0.43798765E+000
  0.43798755E+000
  0.43798746E+000
  0.43798737E+000
  0.43798728E+000
  0.43798720E+000
  0.43798712E+000
  0.43798705E+000
  0.43798697E+000
  0.43798691E+000
  0.43798684E+000
  0.43798678E+000
  0.43798672E+000
  0.43798666E+000
  0.43798661E+000
  0.43798656E+000
  0.43798651E+000
  0.43798647E+000
  0.43798642E+000
  0.43798638E+000
  0.43798634E+000
  0.43798631E+000
  0.43798627E+000
  0.43798624E+000
  0.43798621E+000
  0.43798618E+000
  0.43798615E+000
  0.43798612E+000
  0.43798610E+000
  0.43798608E+000
  0.43798605E+000
  0.43798603E+000
  0.43798601E+000
  0.43798600E+000
  0.43798598E+000
  0.43798596E+000
  0.43798595E+000
  0.43798594E+000
  0.43798592E+000
  0.43798591E+000
  0.43798589E+000
