  0.12878666E+001
  0.12883374E+001
  0.12889729E+001
  0.12894730E+001
  0.12898711E+001
  0.12901969E+001
  0.12904689E+001
  0.12906985E+001
  0.12908936E+001
  0.12910603E+001
  0.12912034E+001
  0.12913267E+001
  0.12914334E+001
  0.12915261E+001
  0.12916068E+001
  0.12916772E+001
  0.12917389E+001
  0.12917930E+001
  0.12918406E+001
  0.12918825E+001
  0.12919196E+001
  0.12919524E+001
  0.12919814E+001
  0.12920072E+001
  0.12920302E+001
  0.12920506E+001
  0.12920689E+001
  0.12920853E+001
  0.12920999E+001
  0.12921131E+001
  0.12921250E+001
  0.12921357E+001
  0.12921454E+001
  0.12921541E+001
  0.12921621E+001
  0.12921694E+001
  0.12921759E+001
  0.12921820E+001
  0.12921874E+001
  0.12921924E+001
  0.12921970E+001
  0.12922011E+001
  0.12922048E+001
  0.12922082E+001
  0.12922113E+001
  0.12922140E+001
  0.12922164E+001
  0.12922186E+001
  0.12922205E+001
  0.12922221E+001
  0.12922235E+001
  0.12922247E+001
  0.12922257E+001
  0.12922265E+001
  0.12922272E+001
  0.12922277E+001
  0.12922281E+001
  0.12922284E+001
  0.12922287E+001
  0.12922288E+001
  0.12922289E+001
  0.12922290E+001
  0.12922290E+001
  0.12922290E+001
  0.12922289E+001
  0.12922289E+001
  0.12922289E+001
  0.12922288E+001
  0.12922288E+001
  0.12922288E+001
  0.12922288E+001
  0.12922288E+001
  0.12922288E+001
  0.12922289E+001
  0.12922289E+001
  0.12922290E+001
  0.12922291E+001
  0.12922292E+001
  0.12922294E+001
  0.12922295E+001
  0.12922297E+001
  0.12922299E+001
  0.12922301E+001
  0.12922303E+001
  0.12922305E+001
  0.12922308E+001
  0.12922310E+001
  0.12922313E+001
  0.12922316E+001
  0.12922319E+001
  0.12922322E+001
  0.12922325E+001
  0.12922328E+001
  0.12922331E+001
  0.12922334E+001
  0.12922337E+001
  0.12922341E+001
  0.12922344E+001
  0.12922347E+001
  0.12922350E+001
  0.12922354E+001
  0.12922357E+001
  0.12922361E+001
  0.12922364E+001
  0.12922367E+001
  0.12922371E+001
  0.12922374E+001
  0.12922378E+001
  0.12922381E+001
  0.12922384E+001
  0.12922388E+001
  0.12922391E+001
  0.12922395E+001
  0.12922398E+001
  0.12922402E+001
  0.12922405E+001
  0.12922408E+001
  0.12922412E+001
  0.12922415E+001
  0.12922419E+001
  0.12922422E+001
  0.12922426E+001
  0.12922429E+001
  0.12922433E+001
  0.12922437E+001
  0.12922440E+001
  0.12922444E+001
  0.12922448E+001
  0.12922452E+001
  0.12922456E+001
  0.12922460E+001
  0.12922464E+001
  0.12922468E+001
  0.12922472E+001
  0.12922477E+001
  0.12922481E+001
  0.12922486E+001
  0.12922490E+001
  0.12922495E+001
  0.12922500E+001
  0.12922505E+001
  0.12922510E+001
  0.12922516E+001
  0.12922521E+001
  0.12922527E+001
  0.12922532E+001
  0.12922538E+001
  0.12922544E+001
  0.12922550E+001
  0.12922556E+001
  0.12922563E+001
  0.12922569E+001
  0.12922576E+001
  0.12922583E+001
  0.12922590E+001
  0.12922597E+001
  0.12922604E+001
  0.12922611E+001
  0.12922619E+001
  0.12922626E+001
  0.12922634E+001
  0.12922642E+001
  0.12922650E+001
  0.12922657E+001
  0.12922666E+001
  0.12922674E+001
  0.12922682E+001
  0.12922690E+001
  0.12922699E+001
  0.12922707E+001
  0.12922716E+001
  0.12922724E+001
  0.12922733E+001
  0.12922741E+001
  0.12922750E+001
  0.12922759E+001
  0.12922767E+001
  0.12922776E+001
  0.12922785E+001
  0.12922793E+001
  0.12922802E+001
  0.12922811E+001
  0.12922819E+001
  0.12922828E+001
  0.12922837E+001
  0.12922845E+001
  0.12922853E+001
  0.12922862E+001
  0.12922870E+001
  0.12922878E+001
  0.12922887E+001
  0.12922895E+001
  0.12922903E+001
  0.12922911E+001
  0.12922918E+001
  0.12922926E+001
  0.12922934E+001
  0.12922941E+001
  0.12922949E+001
  0.12922956E+001
