  0.30347920E+001
  0.32886312E+001
  0.32405802E+001
  0.31962299E+001
  0.31662900E+001
  0.31444835E+001
  0.31272420E+001
  0.31134849E+001
  0.31023554E+001
  0.30933384E+001
  0.30860059E+001
  0.30799858E+001
  0.30749838E+001
  0.30708055E+001
  0.30672984E+001
  0.30643304E+001
  0.30618020E+001
  0.30596446E+001
  0.30577941E+001
  0.30562060E+001
  0.30548348E+001
  0.30536507E+001
  0.30526239E+001
  0.30517331E+001
  0.30509591E+001
  0.30502846E+001
  0.30496971E+001
  0.30491842E+001
  0.30487380E+001
  0.30483486E+001
  0.30480088E+001
  0.30477118E+001
  0.30474523E+001
  0.30472252E+001
  0.30470264E+001
  0.30468520E+001
  0.30466992E+001
  0.30465644E+001
  0.30464460E+001
  0.30463414E+001
  0.30462487E+001
  0.30461668E+001
  0.30460940E+001
  0.30460291E+001
  0.30459714E+001
  0.30459205E+001
  0.30458744E+001
  0.30458337E+001
  0.30457977E+001
  0.30457659E+001
  0.30457376E+001
  0.30457130E+001
  0.30456918E+001
  0.30456734E+001
  0.30456579E+001
  0.30456446E+001
  0.30456339E+001
  0.30456247E+001
  0.30456176E+001
  0.30456116E+001
  0.30456068E+001
  0.30456030E+001
  0.30455996E+001
  0.30455968E+001
  0.30455942E+001
  0.30455917E+001
  0.30455892E+001
  0.30455865E+001
  0.30455836E+001
  0.30455804E+001
  0.30455770E+001
  0.30455732E+001
  0.30455690E+001
  0.30455645E+001
  0.30455596E+001
  0.30455544E+001
  0.30455488E+001
  0.30455429E+001
  0.30455368E+001
  0.30455304E+001
  0.30455238E+001
  0.30455170E+001
  0.30455099E+001
  0.30455028E+001
  0.30454955E+001
  0.30454881E+001
  0.30454806E+001
  0.30454731E+001
  0.30454655E+001
  0.30454579E+001
  0.30454504E+001
  0.30454428E+001
  0.30454353E+001
  0.30454278E+001
  0.30454204E+001
  0.30454130E+001
  0.30454058E+001
  0.30453986E+001
  0.30453915E+001
  0.30453846E+001
  0.30453777E+001
  0.30453710E+001
  0.30453644E+001
  0.30453579E+001
  0.30453516E+001
  0.30453454E+001
  0.30453393E+001
  0.30453334E+001
  0.30453276E+001
  0.30453220E+001
  0.30453165E+001
  0.30453112E+001
  0.30453060E+001
  0.30453010E+001
  0.30452961E+001
  0.30452914E+001
  0.30452869E+001
  0.30452824E+001
  0.30452782E+001
  0.30452741E+001
  0.30452701E+001
  0.30452664E+001
  0.30452627E+001
  0.30452592E+001
  0.30452559E+001
  0.30452527E+001
  0.30452497E+001
  0.30452468E+001
  0.30452440E+001
  0.30452414E+001
  0.30452390E+001
  0.30452367E+001
  0.30452345E+001
  0.30452325E+001
  0.30452306E+001
  0.30452288E+001
  0.30452272E+001
  0.30452257E+001
  0.30452244E+001
  0.30452232E+001
  0.30452221E+001
  0.30452211E+001
  0.30452203E+001
  0.30452196E+001
  0.30452190E+001
  0.30452185E+001
  0.30452181E+001
  0.30452179E+001
  0.30452177E+001
  0.30452177E+001
  0.30452178E+001
  0.30452179E+001
  0.30452182E+001
  0.30452186E+001
  0.30452190E+001
  0.30452196E+001
  0.30452202E+001
  0.30452210E+001
  0.30452218E+001
  0.30452226E+001
  0.30452236E+001
  0.30452246E+001
  0.30452257E+001
  0.30452269E+001
  0.30452281E+001
  0.30452294E+001
  0.30452307E+001
  0.30452321E+001
  0.30452335E+001
  0.30452350E+001
  0.30452366E+001
  0.30452381E+001
  0.30452397E+001
  0.30452414E+001
  0.30452430E+001
  0.30452447E+001
  0.30452465E+001
  0.30452482E+001
  0.30452500E+001
  0.30452518E+001
  0.30452536E+001
  0.30452554E+001
  0.30452572E+001
  0.30452590E+001
  0.30452608E+001
  0.30452627E+001
  0.30452645E+001
  0.30452663E+001
  0.30452681E+001
  0.30452699E+001
  0.30452718E+001
  0.30452736E+001
  0.30452753E+001
  0.30452771E+001
  0.30452789E+001
  0.30452806E+001
  0.30452823E+001
  0.30452840E+001
  0.30452856E+001
  0.30452875E+001
