  0.73268366E+000
  0.73240265E+000
  0.73243435E+000
  0.73260250E+000
  0.73283987E+000
  0.73309874E+000
  0.73333689E+000
  0.73353987E+000
  0.73371201E+000
  0.73385721E+000
  0.73397940E+000
  0.73408197E+000
  0.73416800E+000
  0.73424025E+000
  0.73430104E+000
  0.73435254E+000
  0.73439657E+000
  0.73443448E+000
  0.73446674E+000
  0.73449468E+000
  0.73451932E+000
  0.73454147E+000
  0.73456174E+000
  0.73458058E+000
  0.73459834E+000
  0.73461523E+000
  0.73463142E+000
  0.73464701E+000
  0.73466204E+000
  0.73467654E+000
  0.73469050E+000
  0.73470390E+000
  0.73471672E+000
  0.73472893E+000
  0.73474051E+000
  0.73475143E+000
  0.73476167E+000
  0.73477124E+000
  0.73478012E+000
  0.73478833E+000
  0.73479588E+000
  0.73480279E+000
  0.73480909E+000
  0.73481481E+000
  0.73481998E+000
  0.73482464E+000
  0.73482882E+000
  0.73483257E+000
  0.73483592E+000
  0.73483891E+000
  0.73484158E+000
  0.73484395E+000
  0.73484606E+000
  0.73484794E+000
  0.73484961E+000
  0.73485110E+000
  0.73485243E+000
  0.73485361E+000
  0.73485467E+000
  0.73485562E+000
  0.73485646E+000
  0.73485722E+000
  0.73485790E+000
  0.73485850E+000
  0.73485904E+000
  0.73485952E+000
  0.73485996E+000
  0.73486034E+000
  0.73486069E+000
  0.73486101E+000
  0.73486129E+000
  0.73486155E+000
  0.73486179E+000
  0.73486201E+000
  0.73486222E+000
  0.73486242E+000
  0.73486260E+000
  0.73486278E+000
  0.73486296E+000
  0.73486313E+000
  0.73486330E+000
  0.73486347E+000
  0.73486363E+000
  0.73486380E+000
  0.73486397E+000
  0.73486414E+000
  0.73486432E+000
  0.73486449E+000
  0.73486467E+000
  0.73486485E+000
  0.73486503E+000
  0.73486521E+000
  0.73486540E+000
  0.73486558E+000
  0.73486577E+000
  0.73486595E+000
  0.73486614E+000
  0.73486633E+000
  0.73486652E+000
  0.73486670E+000
  0.73486689E+000
  0.73486707E+000
  0.73486726E+000
  0.73486744E+000
  0.73486762E+000
  0.73486779E+000
  0.73486797E+000
  0.73486814E+000
  0.73486830E+000
  0.73486847E+000
  0.73486863E+000
  0.73486879E+000
  0.73486894E+000
  0.73486909E+000
  0.73486923E+000
  0.73486937E+000
  0.73486951E+000
  0.73486964E+000
  0.73486977E+000
  0.73486989E+000
  0.73487001E+000
  0.73487012E+000
  0.73487023E+000
  0.73487033E+000
  0.73487043E+000
  0.73487053E+000
  0.73487062E+000
  0.73487071E+000
  0.73487079E+000
  0.73487087E+000
  0.73487094E+000
  0.73487101E+000
  0.73487108E+000
  0.73487114E+000
  0.73487120E+000
  0.73487126E+000
  0.73487131E+000
  0.73487136E+000
  0.73487140E+000
  0.73487145E+000
  0.73487149E+000
  0.73487153E+000
  0.73487156E+000
  0.73487159E+000
  0.73487162E+000
  0.73487165E+000
  0.73487167E+000
  0.73487170E+000
  0.73487172E+000
  0.73487174E+000
  0.73487176E+000
  0.73487177E+000
  0.73487179E+000
  0.73487180E+000
  0.73487181E+000
  0.73487182E+000
  0.73487183E+000
  0.73487184E+000
  0.73487185E+000
  0.73487186E+000
  0.73487186E+000
  0.73487187E+000
  0.73487187E+000
  0.73487187E+000
  0.73487188E+000
  0.73487188E+000
  0.73487188E+000
  0.73487188E+000
  0.73487188E+000
  0.73487188E+000
  0.73487188E+000
  0.73487188E+000
  0.73487188E+000
  0.73487188E+000
  0.73487188E+000
  0.73487188E+000
  0.73487188E+000
  0.73487188E+000
  0.73487188E+000
  0.73487188E+000
  0.73487187E+000
  0.73487187E+000
  0.73487187E+000
  0.73487187E+000
  0.73487187E+000
  0.73487186E+000
  0.73487186E+000
  0.73487186E+000
  0.73487186E+000
  0.73487186E+000
  0.73487186E+000
  0.73487185E+000
  0.73487185E+000
  0.73487185E+000
  0.73487185E+000
  0.73487185E+000
  0.73487184E+000
  0.73487184E+000
  0.73487184E+000
  0.73487185E+000
