  0.69464058E+000  0.88587285E+000  0.99640501E+000  0.25745484E+001
  0.69482889E+000  0.88648275E+000  0.99724451E+000  0.25747939E+001
  0.69490263E+000  0.88745069E+000  0.99800033E+000  0.25755384E+001
  0.69479289E+000  0.88838165E+000  0.99860541E+000  0.25761122E+001
  0.69493281E+000  0.88885898E+000  0.99902445E+000  0.25766684E+001
  0.69480418E+000  0.88940166E+000  0.99946223E+000  0.25771198E+001
  0.69460165E+000  0.89005799E+000  0.99977192E+000  0.25774443E+001
  0.69459695E+000  0.89037095E+000  0.10001038E+001  0.25777227E+001
  0.69426757E+000  0.89092428E+000  0.10002766E+001  0.25770718E+001
  0.69435460E+000  0.89111309E+000  0.10003509E+001  0.25769611E+001
  0.69421591E+000  0.89148881E+000  0.10007133E+001  0.25783958E+001
  0.69428717E+000  0.89141747E+000  0.10010524E+001  0.25785501E+001
  0.69435186E+000  0.89153208E+000  0.10011587E+001  0.25786914E+001
  0.69441027E+000  0.89158640E+000  0.10012995E+001  0.25788085E+001
  0.69446409E+000  0.89166947E+000  0.10013830E+001  0.25789108E+001
  0.69425986E+000  0.89199247E+000  0.10014488E+001  0.25790081E+001
  0.69430642E+000  0.89205217E+000  0.10015106E+001  0.25790867E+001
  0.69435007E+000  0.89210259E+000  0.10015639E+001  0.25791559E+001
  0.69438718E+000  0.89214889E+000  0.10016099E+001  0.25792167E+001
  0.69442537E+000  0.89218517E+000  0.10016495E+001  0.25792704E+001
  0.69446121E+000  0.89221589E+000  0.10016837E+001  0.25793178E+001
  0.69449491E+000  0.89223538E+000  0.10017196E+001  0.25793598E+001
  0.69452667E+000  0.89225727E+000  0.10017365E+001  0.25794055E+001
  0.69455662E+000  0.89227569E+000  0.10017584E+001  0.25794385E+001
  0.69458490E+000  0.89229112E+000  0.10017772E+001  0.25794678E+001
  0.69461164E+000  0.89230400E+000  0.10017934E+001  0.25794939E+001
  0.69463692E+000  0.89231470E+000  0.10018073E+001  0.25795171E+001
  0.69466082E+000  0.89232355E+000  0.10018192E+001  0.25795378E+001
  0.69468343E+000  0.89233083E+000  0.10018295E+001  0.25795563E+001
  0.69470481E+000  0.89233680E+000  0.10018383E+001  0.25795728E+001
  0.69472501E+000  0.89234166E+000  0.10018459E+001  0.25795876E+001
  0.69474407E+000  0.89234561E+000  0.10017731E+001  0.25796803E+001
  0.69476204E+000  0.89234880E+000  0.10017787E+001  0.25796922E+001
  0.69477895E+000  0.89235137E+000  0.10017837E+001  0.25797029E+001
  0.69479482E+000  0.89235344E+000  0.10017879E+001  0.25797126E+001
  0.69480968E+000  0.89235511E+000  0.10017917E+001  0.25797212E+001
  0.69482355E+000  0.89235647E+000  0.10017950E+001  0.25797291E+001
  0.69483645E+000  0.89235759E+000  0.10017980E+001  0.25797361E+001
  0.69484840E+000  0.89235852E+000  0.10018006E+001  0.25797425E+001
  0.69485943E+000  0.89235931E+000  0.10018030E+001  0.25797483E+001
  0.69486956E+000  0.89236000E+000  0.10018052E+001  0.25797535E+001
  0.69487880E+000  0.89236062E+000  0.10018072E+001  0.25797582E+001
  0.69488718E+000  0.89236118E+000  0.10018090E+001  0.25797624E+001
  0.69489474E+000  0.89236170E+000  0.10018107E+001  0.25797661E+001
  0.69490151E+000  0.89236219E+000  0.10018122E+001  0.25797695E+001
  0.69490753E+000  0.89236266E+000  0.10018137E+001  0.25797725E+001
  0.69491283E+000  0.89236309E+000  0.10018150E+001  0.25797751E+001
  0.69491746E+000  0.89236350E+000  0.10018163E+001  0.25797774E+001
  0.69492146E+000  0.89236387E+000  0.10018174E+001  0.25797794E+001
  0.69492489E+000  0.89236421E+000  0.10018185E+001  0.25797811E+001
  0.69492780E+000  0.89236451E+000  0.10018195E+001  0.25797825E+001
  0.69493023E+000  0.89236476E+000  0.10018204E+001  0.25797837E+001
  0.69493224E+000  0.89236496E+000  0.10018213E+001  0.25797846E+001
  0.69493388E+000  0.89236512E+000  0.10018221E+001  0.25797853E+001
  0.69493519E+000  0.89236523E+000  0.10018228E+001  0.25797858E+001
  0.69493622E+000  0.89236529E+000  0.10018235E+001  0.25797862E+001
  0.69493701E+000  0.89236531E+000  0.10018242E+001  0.25797863E+001
  0.69493760E+000  0.89236530E+000  0.10018248E+001  0.25797864E+001
  0.69493802E+000  0.89236525E+000  0.10018255E+001  0.25797862E+001
  0.69493830E+000  0.89236518E+000  0.10018260E+001  0.25797860E+001
  0.69493848E+000  0.89236509E+000  0.10018266E+001  0.25797857E+001
  0.69493857E+000  0.89236497E+000  0.10018272E+001  0.25797854E+001
  0.69493858E+000  0.89236485E+000  0.10018278E+001  0.25797850E+001
  0.69493855E+000  0.89236472E+000  0.10018284E+001  0.25797845E+001
  0.69493847E+000  0.89236459E+000  0.10018290E+001  0.25797840E+001
  0.69493837E+000  0.89236446E+000  0.10018296E+001  0.25797835E+001
  0.69493825E+000  0.89236433E+000  0.10018302E+001  0.25797830E+001
  0.69493811E+000  0.89236421E+000  0.10018308E+001  0.25797825E+001
  0.69493797E+000  0.89236409E+000  0.10018314E+001  0.25797820E+001
  0.69493783E+000  0.89236399E+000  0.10018321E+001  0.25797815E+001
  0.69493769E+000  0.89236389E+000  0.10018328E+001  0.25797811E+001
  0.69493756E+000  0.89236381E+000  0.10018335E+001  0.25797807E+001
  0.69493743E+000  0.89236374E+000  0.10018342E+001  0.25797803E+001
  0.69493731E+000  0.89236368E+000  0.10018349E+001  0.25797799E+001
  0.69493720E+000  0.89236363E+000  0.10018357E+001  0.25797795E+001
  0.69493710E+000  0.89236359E+000  0.10018365E+001  0.25797792E+001
  0.69493700E+000  0.89236357E+000  0.10018373E+001  0.25797790E+001
  0.69493692E+000  0.89236356E+000  0.10018381E+001  0.25797787E+001
  0.69493685E+000  0.89236355E+000  0.10018389E+001  0.25797785E+001
  0.69493679E+000  0.89236356E+000  0.10018397E+001  0.25797784E+001
  0.69493674E+000  0.89236358E+000  0.10018406E+001  0.25797782E+001
  0.69493670E+000  0.89236361E+000  0.10018415E+001  0.25797781E+001
  0.69493666E+000  0.89236365E+000  0.10018424E+001  0.25797780E+001
  0.69493664E+000  0.89236369E+000  0.10018433E+001  0.25797780E+001
  0.69493663E+000  0.89236375E+000  0.10018442E+001  0.25797779E+001
  0.69493662E+000  0.89236381E+000  0.10018451E+001  0.25797779E+001
  0.69493662E+000  0.89236388E+000  0.10018460E+001  0.25797779E+001
  0.69493663E+000  0.89236395E+000  0.10018470E+001  0.25797780E+001
  0.69493664E+000  0.89236403E+000  0.10018480E+001  0.25797780E+001
  0.69493666E+000  0.89236411E+000  0.10018489E+001  0.25797781E+001
  0.69493669E+000  0.89236420E+000  0.10018499E+001  0.25797781E+001
  0.69493672E+000  0.89236429E+000  0.10018509E+001  0.25797782E+001
  0.69493675E+000  0.89236439E+000  0.10018519E+001  0.25797783E+001
  0.69493680E+000  0.89236448E+000  0.10018529E+001  0.25797784E+001
  0.69493684E+000  0.89236458E+000  0.10018540E+001  0.25797785E+001
  0.69493689E+000  0.89236469E+000  0.10018550E+001  0.25797786E+001
  0.69493694E+000  0.89236479E+000  0.10018560E+001  0.25797788E+001
  0.69493700E+000  0.89236490E+000  0.10018570E+001  0.25797789E+001
  0.69493706E+000  0.89236501E+000  0.10018581E+001  0.25797790E+001
  0.69493712E+000  0.89236511E+000  0.10018591E+001  0.25797792E+001
  0.69493718E+000  0.89236522E+000  0.10018601E+001  0.25797793E+001
  0.69493725E+000  0.89236533E+000  0.10018612E+001  0.25797795E+001
  0.69493732E+000  0.89236544E+000  0.10018622E+001  0.25797796E+001
  0.69493739E+000  0.89236555E+000  0.10018632E+001  0.25797798E+001
  0.69493746E+000  0.89236567E+000  0.10018642E+001  0.25797799E+001
  0.69493753E+000  0.89236578E+000  0.10018653E+001  0.25797801E+001
  0.69493760E+000  0.89236589E+000  0.10018663E+001  0.25797803E+001
  0.69493768E+000  0.89236600E+000  0.10018673E+001  0.25797804E+001
  0.69493775E+000  0.89236611E+000  0.10018682E+001  0.25797806E+001
  0.69493783E+000  0.89236621E+000  0.10018692E+001  0.25797808E+001
  0.69493790E+000  0.89236632E+000  0.10018702E+001  0.25797811E+001
  0.69493798E+000  0.89236643E+000  0.10018711E+001  0.25797813E+001
  0.69493805E+000  0.89236654E+000  0.10018721E+001  0.25797815E+001
  0.69493813E+000  0.89236664E+000  0.10018730E+001  0.25797818E+001
  0.69493821E+000  0.89236674E+000  0.10018739E+001  0.25797821E+001
  0.69493828E+000  0.89236684E+000  0.10018748E+001  0.25797824E+001
  0.69493835E+000  0.89236695E+000  0.10018757E+001  0.25797827E+001
  0.69493843E+000  0.89236704E+000  0.10018765E+001  0.25797830E+001
  0.69493850E+000  0.89236714E+000  0.10018774E+001  0.25797834E+001
  0.69493858E+000  0.89236724E+000  0.10018782E+001  0.25797838E+001
  0.69493865E+000  0.89236733E+000  0.10018790E+001  0.25797842E+001
  0.69493872E+000  0.89236742E+000  0.10018798E+001  0.25797847E+001
  0.69493879E+000  0.89236751E+000  0.10018806E+001  0.25797852E+001
  0.69493886E+000  0.89236760E+000  0.10018814E+001  0.25797857E+001
  0.69493893E+000  0.89236768E+000  0.10018821E+001  0.25797863E+001
  0.69493899E+000  0.89236776E+000  0.10018828E+001  0.25797869E+001
  0.69493906E+000  0.89236785E+000  0.10018835E+001  0.25797876E+001
  0.69493913E+000  0.89236792E+000  0.10018842E+001  0.25797883E+001
  0.69493919E+000  0.89236800E+000  0.10018849E+001  0.25797890E+001
  0.69493925E+000  0.89236807E+000  0.10018855E+001  0.25797898E+001
  0.69493931E+000  0.89236815E+000  0.10018861E+001  0.25797906E+001
  0.69493938E+000  0.89236822E+000  0.10018867E+001  0.25797915E+001
  0.69493943E+000  0.89236828E+000  0.10018873E+001  0.25797925E+001
  0.69493949E+000  0.89236835E+000  0.10018879E+001  0.25797935E+001
  0.69493955E+000  0.89236841E+000  0.10018885E+001  0.25797946E+001
  0.69493960E+000  0.89236847E+000  0.10018890E+001  0.25797957E+001
  0.69493966E+000  0.89236853E+000  0.10018895E+001  0.25797969E+001
  0.69493971E+000  0.89236859E+000  0.10018900E+001  0.25797982E+001
  0.69493976E+000  0.89236865E+000  0.10018905E+001  0.25797995E+001
  0.69493981E+000  0.89236870E+000  0.10018910E+001  0.25798009E+001
  0.69493986E+000  0.89236875E+000  0.10018915E+001  0.25798023E+001
  0.69493991E+000  0.89236880E+000  0.10018919E+001  0.25798039E+001
  0.69493995E+000  0.89236885E+000  0.10018923E+001  0.25798055E+001
  0.69494000E+000  0.89236889E+000  0.10018927E+001  0.25798071E+001
  0.69494004E+000  0.89236894E+000  0.10018931E+001  0.25798089E+001
  0.69494008E+000  0.89236898E+000  0.10018935E+001  0.25798107E+001
  0.69494012E+000  0.89236902E+000  0.10018939E+001  0.25798125E+001
  0.69494016E+000  0.89236906E+000  0.10018942E+001  0.25798145E+001
  0.69494020E+000  0.89236910E+000  0.10018946E+001  0.25798165E+001
  0.69494024E+000  0.89236913E+000  0.10018949E+001  0.25798186E+001
  0.69494028E+000  0.89236917E+000  0.10018952E+001  0.25798208E+001
  0.69494031E+000  0.89236920E+000  0.10018955E+001  0.25798230E+001
  0.69494034E+000  0.89236923E+000  0.10018958E+001  0.25798253E+001
  0.69494038E+000  0.89236926E+000  0.10018961E+001  0.25798277E+001
  0.69494041E+000  0.89236929E+000  0.10018964E+001  0.25798301E+001
  0.69494044E+000  0.89236932E+000  0.10018966E+001  0.25798326E+001
  0.69494047E+000  0.89236935E+000  0.10018969E+001  0.25798352E+001
  0.69494049E+000  0.89236937E+000  0.10018971E+001  0.25798378E+001
  0.69494052E+000  0.89236940E+000  0.10018973E+001  0.25798405E+001
  0.69494055E+000  0.89236942E+000  0.10018975E+001  0.25798433E+001
  0.69494057E+000  0.89236944E+000  0.10018977E+001  0.25798461E+001
  0.69494060E+000  0.89236947E+000  0.10018979E+001  0.25798490E+001
  0.69494062E+000  0.89236949E+000  0.10018981E+001  0.25798519E+001
  0.69494064E+000  0.89236951E+000  0.10018983E+001  0.25798548E+001
  0.69494066E+000  0.89236953E+000  0.10018985E+001  0.25798579E+001
  0.69494068E+000  0.89236954E+000  0.10018987E+001  0.25798609E+001
  0.69494070E+000  0.89236956E+000  0.10018988E+001  0.25798640E+001
  0.69494072E+000  0.89236958E+000  0.10018990E+001  0.25798672E+001
  0.69494074E+000  0.89236959E+000  0.10018991E+001  0.25798703E+001
  0.69494076E+000  0.89236961E+000  0.10018993E+001  0.25798735E+001
  0.69494078E+000  0.89236963E+000  0.10018994E+001  0.25798768E+001
  0.69494079E+000  0.89236964E+000  0.10018995E+001  0.25798800E+001
  0.69494081E+000  0.89236965E+000  0.10018996E+001  0.25798833E+001
  0.69494083E+000  0.89236967E+000  0.10018998E+001  0.25798866E+001
  0.69494084E+000  0.89236968E+000  0.10018999E+001  0.25798899E+001
  0.69494085E+000  0.89236969E+000  0.10019000E+001  0.25798933E+001
  0.69494087E+000  0.89236970E+000  0.10019001E+001  0.25798966E+001
  0.69494088E+000  0.89236972E+000  0.10019002E+001  0.25799000E+001
  0.69494089E+000  0.89236973E+000  0.10019003E+001  0.25799033E+001
  0.69494090E+000  0.89236974E+000  0.10019004E+001  0.25799067E+001
  0.69494092E+000  0.89236975E+000  0.10019004E+001  0.25799101E+001
  0.69494093E+000  0.89236976E+000  0.10019005E+001  0.25799134E+001
  0.69494094E+000  0.89236977E+000  0.10019006E+001  0.25799168E+001
  0.69494095E+000  0.89236977E+000  0.10019007E+001  0.25799201E+001
  0.69494096E+000  0.89236978E+000  0.10019007E+001  0.25799235E+001
  0.69494097E+000  0.89236979E+000  0.10019008E+001  0.25799268E+001
  0.69494098E+000  0.89236980E+000  0.10019009E+001  0.25799301E+001
  0.69494098E+000  0.89236981E+000  0.10019009E+001  0.25799333E+001
  0.69494099E+000  0.89236981E+000  0.10019010E+001  0.25799366E+001
  0.69494100E+000  0.89236982E+000  0.10019011E+001  0.25799398E+001
  0.69494101E+000  0.89236983E+000  0.10019011E+001  0.25799430E+001
  0.69494102E+000  0.89236983E+000  0.10019012E+001  0.25799462E+001
  0.69494102E+000  0.89236984E+000  0.10019012E+001  0.25799493E+001
  0.69494103E+000  0.89236985E+000  0.10019012E+001  0.25799524E+001
  0.69494104E+000  0.89236985E+000  0.10019013E+001  0.25799555E+001
  0.69494104E+000  0.89236986E+000  0.10019013E+001  0.25799585E+001
  0.69494105E+000  0.89236986E+000  0.10019014E+001  0.25799615E+001
  0.69494105E+000  0.89236987E+000  0.10019014E+001  0.25799645E+001
  0.69494106E+000  0.89236987E+000  0.10019014E+001  0.25799674E+001
  0.69494107E+000  0.89236988E+000  0.10019015E+001  0.25799703E+001
