 -0.37367717E+000
 -0.37404438E+000
 -0.37369852E+000
 -0.37340099E+000
 -0.37317114E+000
 -0.37298835E+000
 -0.37283950E+000
 -0.37271669E+000
 -0.37261421E+000
 -0.37252824E+000
 -0.37245575E+000
 -0.37239441E+000
 -0.37234230E+000
 -0.37229790E+000
 -0.37225999E+000
 -0.37222754E+000
 -0.37219970E+000
 -0.37217579E+000
 -0.37215523E+000
 -0.37213754E+000
 -0.37212228E+000
 -0.37210913E+000
 -0.37209778E+000
 -0.37208798E+000
 -0.37207952E+000
 -0.37207221E+000
 -0.37206589E+000
 -0.37206043E+000
 -0.37205571E+000
 -0.37205162E+000
 -0.37204808E+000
 -0.37204501E+000
 -0.37204235E+000
 -0.37204003E+000
 -0.37203801E+000
 -0.37203625E+000
 -0.37203472E+000
 -0.37203337E+000
 -0.37203220E+000
 -0.37203118E+000
 -0.37203029E+000
 -0.37202952E+000
 -0.37202886E+000
 -0.37202830E+000
 -0.37202782E+000
 -0.37202743E+000
 -0.37202711E+000
 -0.37202687E+000
 -0.37202670E+000
 -0.37202659E+000
 -0.37202655E+000
 -0.37202657E+000
 -0.37202664E+000
 -0.37202677E+000
 -0.37202694E+000
 -0.37202717E+000
 -0.37202743E+000
 -0.37202774E+000
 -0.37202808E+000
 -0.37202845E+000
 -0.37202886E+000
 -0.37202929E+000
 -0.37202975E+000
 -0.37203023E+000
 -0.37203073E+000
 -0.37203125E+000
 -0.37203179E+000
 -0.37203236E+000
 -0.37203294E+000
 -0.37203353E+000
 -0.37203415E+000
 -0.37203479E+000
 -0.37203544E+000
 -0.37203611E+000
 -0.37203680E+000
 -0.37203751E+000
 -0.37203823E+000
 -0.37203898E+000
 -0.37203974E+000
 -0.37204051E+000
 -0.37204130E+000
 -0.37204211E+000
 -0.37204294E+000
 -0.37204377E+000
 -0.37204462E+000
 -0.37204549E+000
 -0.37204636E+000
 -0.37204724E+000
 -0.37204814E+000
 -0.37204904E+000
 -0.37204995E+000
 -0.37205086E+000
 -0.37205178E+000
 -0.37205270E+000
 -0.37205363E+000
 -0.37205456E+000
 -0.37205549E+000
 -0.37205642E+000
 -0.37205735E+000
 -0.37205828E+000
 -0.37205920E+000
 -0.37206013E+000
 -0.37206105E+000
 -0.37206197E+000
 -0.37206288E+000
 -0.37206379E+000
 -0.37206470E+000
 -0.37206560E+000
 -0.37206649E+000
 -0.37206738E+000
 -0.37206826E+000
 -0.37206914E+000
 -0.37207001E+000
 -0.37207087E+000
 -0.37207173E+000
 -0.37207259E+000
 -0.37207344E+000
 -0.37207428E+000
 -0.37207512E+000
 -0.37207595E+000
 -0.37207678E+000
 -0.37207761E+000
 -0.37207843E+000
 -0.37207925E+000
 -0.37208007E+000
 -0.37208089E+000
 -0.37208170E+000
 -0.37208252E+000
 -0.37208333E+000
 -0.37208415E+000
 -0.37208497E+000
 -0.37208579E+000
 -0.37208661E+000
 -0.37208744E+000
 -0.37208827E+000
 -0.37208911E+000
 -0.37208995E+000
 -0.37209079E+000
 -0.37209165E+000
 -0.37209251E+000
 -0.37209338E+000
 -0.37209426E+000
 -0.37209514E+000
 -0.37209604E+000
 -0.37209694E+000
 -0.37209785E+000
 -0.37209878E+000
 -0.37209971E+000
 -0.37210066E+000
 -0.37210162E+000
 -0.37210258E+000
 -0.37210356E+000
 -0.37210455E+000
 -0.37210555E+000
 -0.37210656E+000
 -0.37210758E+000
 -0.37210861E+000
 -0.37210965E+000
 -0.37211070E+000
 -0.37211176E+000
 -0.37211283E+000
 -0.37211391E+000
 -0.37211500E+000
 -0.37211609E+000
 -0.37211719E+000
 -0.37211830E+000
 -0.37211941E+000
 -0.37212053E+000
 -0.37212166E+000
 -0.37212278E+000
 -0.37212391E+000
 -0.37212504E+000
 -0.37212618E+000
 -0.37212731E+000
 -0.37212845E+000
 -0.37212958E+000
 -0.37213071E+000
 -0.37213185E+000
 -0.37213297E+000
 -0.37213410E+000
 -0.37213522E+000
 -0.37213633E+000
 -0.37213744E+000
 -0.37213854E+000
 -0.37213963E+000
 -0.37214072E+000
 -0.37214180E+000
 -0.37214287E+000
 -0.37214392E+000
 -0.37214497E+000
 -0.37214601E+000
 -0.37214703E+000
 -0.37214805E+000
 -0.37214905E+000
 -0.37215003E+000
 -0.37215101E+000
 -0.37215197E+000
 -0.37215291E+000
 -0.37215384E+000
 -0.37215475E+000
