  0.97340502E+000
  0.97290198E+000
  0.97230942E+000
  0.97184385E+000
  0.97147060E+000
  0.97116337E+000
  0.97090581E+000
  0.97068774E+000
  0.97050227E+000
  0.97034375E+000
  0.97020780E+000
  0.97009082E+000
  0.96998985E+000
  0.96990248E+000
  0.96982671E+000
  0.96976085E+000
  0.96970350E+000
  0.96965350E+000
  0.96960983E+000
  0.96957163E+000
  0.96953817E+000
  0.96950882E+000
  0.96948306E+000
  0.96946041E+000
  0.96944048E+000
  0.96942292E+000
  0.96940743E+000
  0.96939374E+000
  0.96938162E+000
  0.96937087E+000
  0.96936132E+000
  0.96935281E+000
  0.96934520E+000
  0.96933839E+000
  0.96933227E+000
  0.96932677E+000
  0.96932179E+000
  0.96931729E+000
  0.96931320E+000
  0.96930950E+000
  0.96930612E+000
  0.96930306E+000
  0.96930027E+000
  0.96929775E+000
  0.96929546E+000
  0.96929339E+000
  0.96929153E+000
  0.96928987E+000
  0.96928840E+000
  0.96928709E+000
  0.96928595E+000
  0.96928495E+000
  0.96928409E+000
  0.96928335E+000
  0.96928273E+000
  0.96928220E+000
  0.96928175E+000
  0.96928138E+000
  0.96928106E+000
  0.96928080E+000
  0.96928057E+000
  0.96928036E+000
  0.96928018E+000
  0.96928001E+000
  0.96927984E+000
  0.96927967E+000
  0.96927950E+000
  0.96927932E+000
  0.96927913E+000
  0.96927892E+000
  0.96927870E+000
  0.96927846E+000
  0.96927820E+000
  0.96927793E+000
  0.96927764E+000
  0.96927733E+000
  0.96927700E+000
  0.96927666E+000
  0.96927630E+000
  0.96927592E+000
  0.96927553E+000
  0.96927512E+000
  0.96927470E+000
  0.96927427E+000
  0.96927383E+000
  0.96927338E+000
  0.96927292E+000
  0.96927246E+000
  0.96927198E+000
  0.96927151E+000
  0.96927102E+000
  0.96927054E+000
  0.96927005E+000
  0.96926956E+000
  0.96926906E+000
  0.96926857E+000
  0.96926808E+000
  0.96926759E+000
  0.96926710E+000
  0.96926661E+000
  0.96926612E+000
  0.96926564E+000
  0.96926516E+000
  0.96926468E+000
  0.96926421E+000
  0.96926375E+000
  0.96926328E+000
  0.96926283E+000
  0.96926238E+000
  0.96926193E+000
  0.96926149E+000
  0.96926106E+000
  0.96926063E+000
  0.96926021E+000
  0.96925979E+000
  0.96925938E+000
  0.96925898E+000
  0.96925859E+000
  0.96925820E+000
  0.96925782E+000
  0.96925744E+000
  0.96925708E+000
  0.96925672E+000
  0.96925636E+000
  0.96925602E+000
  0.96925568E+000
  0.96925534E+000
  0.96925502E+000
  0.96925470E+000
  0.96925439E+000
  0.96925408E+000
  0.96925379E+000
  0.96925350E+000
  0.96925321E+000
  0.96925294E+000
  0.96925266E+000
  0.96925240E+000
  0.96925214E+000
  0.96925189E+000
  0.96925165E+000
  0.96925141E+000
  0.96925118E+000
  0.96925095E+000
  0.96925073E+000
  0.96925052E+000
  0.96925031E+000
  0.96925011E+000
  0.96924991E+000
  0.96924972E+000
  0.96924953E+000
  0.96924935E+000
  0.96924918E+000
  0.96924901E+000
  0.96924884E+000
  0.96924868E+000
  0.96924852E+000
  0.96924837E+000
  0.96924823E+000
  0.96924808E+000
  0.96924794E+000
  0.96924781E+000
  0.96924768E+000
  0.96924756E+000
  0.96924743E+000
  0.96924732E+000
  0.96924720E+000
  0.96924709E+000
  0.96924698E+000
  0.96924688E+000
  0.96924678E+000
  0.96924668E+000
  0.96924659E+000
  0.96924650E+000
  0.96924641E+000
  0.96924632E+000
  0.96924624E+000
  0.96924616E+000
  0.96924609E+000
  0.96924601E+000
  0.96924594E+000
  0.96924587E+000
  0.96924580E+000
  0.96924574E+000
  0.96924568E+000
  0.96924562E+000
  0.96924556E+000
  0.96924550E+000
  0.96924545E+000
  0.96924540E+000
  0.96924535E+000
  0.96924530E+000
  0.96924525E+000
  0.96924521E+000
  0.96924516E+000
  0.96924512E+000
  0.96924508E+000
  0.96924504E+000
  0.96924501E+000
  0.96924497E+000
  0.96924493E+000
