  0.49525641E+000
  0.49493773E+000
  0.49458635E+000
  0.49431244E+000
  0.49409460E+000
  0.49391661E+000
  0.49376849E+000
  0.49364391E+000
  0.49353857E+000
  0.49344907E+000
  0.49337271E+000
  0.49330732E+000
  0.49325116E+000
  0.49320278E+000
  0.49316101E+000
  0.49312486E+000
  0.49309352E+000
  0.49306631E+000
  0.49304265E+000
  0.49302204E+000
  0.49300407E+000
  0.49298838E+000
  0.49297467E+000
  0.49296267E+000
  0.49295216E+000
  0.49294295E+000
  0.49293486E+000
  0.49292776E+000
  0.49292149E+000
  0.49291597E+000
  0.49291108E+000
  0.49290674E+000
  0.49290289E+000
  0.49289944E+000
  0.49289636E+000
  0.49289359E+000
  0.49289110E+000
  0.49288885E+000
  0.49288681E+000
  0.49288495E+000
  0.49288327E+000
  0.49288174E+000
  0.49288035E+000
  0.49287908E+000
  0.49287794E+000
  0.49287691E+000
  0.49287598E+000
  0.49287515E+000
  0.49287441E+000
  0.49287376E+000
  0.49287319E+000
  0.49287269E+000
  0.49287227E+000
  0.49287190E+000
  0.49287160E+000
  0.49287134E+000
  0.49287113E+000
  0.49287095E+000
  0.49287080E+000
  0.49287068E+000
  0.49287058E+000
  0.49287049E+000
  0.49287041E+000
  0.49287034E+000
  0.49287027E+000
  0.49287021E+000
  0.49287014E+000
  0.49287006E+000
  0.49286998E+000
  0.49286990E+000
  0.49286980E+000
  0.49286970E+000
  0.49286959E+000
  0.49286948E+000
  0.49286935E+000
  0.49286921E+000
  0.49286907E+000
  0.49286891E+000
  0.49286875E+000
  0.49286858E+000
  0.49286840E+000
  0.49286821E+000
  0.49286802E+000
  0.49286782E+000
  0.49286761E+000
  0.49286739E+000
  0.49286717E+000
  0.49286695E+000
  0.49286672E+000
  0.49286648E+000
  0.49286625E+000
  0.49286600E+000
  0.49286576E+000
  0.49286551E+000
  0.49286526E+000
  0.49286501E+000
  0.49286476E+000
  0.49286451E+000
  0.49286425E+000
  0.49286400E+000
  0.49286374E+000
  0.49286349E+000
  0.49286323E+000
  0.49286298E+000
  0.49286273E+000
  0.49286248E+000
  0.49286223E+000
  0.49286198E+000
  0.49286174E+000
  0.49286149E+000
  0.49286125E+000
  0.49286102E+000
  0.49286078E+000
  0.49286055E+000
  0.49286032E+000
  0.49286009E+000
  0.49285987E+000
  0.49285965E+000
  0.49285943E+000
  0.49285922E+000
  0.49285901E+000
  0.49285880E+000
  0.49285860E+000
  0.49285840E+000
  0.49285821E+000
  0.49285801E+000
  0.49285783E+000
  0.49285764E+000
  0.49285746E+000
  0.49285729E+000
  0.49285712E+000
  0.49285695E+000
  0.49285678E+000
  0.49285662E+000
  0.49285647E+000
  0.49285631E+000
  0.49285617E+000
  0.49285602E+000
  0.49285588E+000
  0.49285574E+000
  0.49285561E+000
  0.49285548E+000
  0.49285535E+000
  0.49285522E+000
  0.49285510E+000
  0.49285499E+000
  0.49285487E+000
  0.49285476E+000
  0.49285466E+000
  0.49285455E+000
  0.49285445E+000
  0.49285435E+000
  0.49285426E+000
  0.49285416E+000
  0.49285407E+000
  0.49285399E+000
  0.49285390E+000
  0.49285382E+000
  0.49285374E+000
  0.49285367E+000
  0.49285359E+000
  0.49285352E+000
  0.49285345E+000
  0.49285338E+000
  0.49285332E+000
  0.49285326E+000
  0.49285320E+000
  0.49285314E+000
  0.49285308E+000
  0.49285302E+000
  0.49285297E+000
  0.49285292E+000
  0.49285287E+000
  0.49285282E+000
  0.49285278E+000
  0.49285273E+000
  0.49285269E+000
  0.49285265E+000
  0.49285261E+000
  0.49285257E+000
  0.49285253E+000
  0.49285250E+000
  0.49285246E+000
  0.49285243E+000
  0.49285240E+000
  0.49285236E+000
  0.49285233E+000
  0.49285231E+000
  0.49285228E+000
  0.49285225E+000
  0.49285223E+000
  0.49285220E+000
  0.49285218E+000
  0.49285215E+000
  0.49285213E+000
  0.49285211E+000
  0.49285209E+000
  0.49285207E+000
  0.49285205E+000
  0.49285203E+000
