  0.14995684E+001
  0.15028462E+001
  0.15046255E+001
  0.15058984E+001
  0.15068894E+001
  0.15076842E+001
  0.15083298E+001
  0.15088591E+001
  0.15092943E+001
  0.15096530E+001
  0.15099498E+001
  0.15101958E+001
  0.15104000E+001
  0.15105694E+001
  0.15107101E+001
  0.15108267E+001
  0.15109231E+001
  0.15110026E+001
  0.15110679E+001
  0.15111212E+001
  0.15111645E+001
  0.15111994E+001
  0.15112271E+001
  0.15112488E+001
  0.15112655E+001
  0.15112779E+001
  0.15112869E+001
  0.15112929E+001
  0.15112965E+001
  0.15112982E+001
  0.15112984E+001
  0.15112973E+001
  0.15112953E+001
  0.15112926E+001
  0.15112894E+001
  0.15112859E+001
  0.15112822E+001
  0.15112784E+001
  0.15112747E+001
  0.15112710E+001
  0.15112676E+001
  0.15112643E+001
  0.15112612E+001
  0.15112584E+001
  0.15112558E+001
  0.15112534E+001
  0.15112513E+001
  0.15112495E+001
  0.15112479E+001
  0.15112464E+001
  0.15112452E+001
  0.15112441E+001
  0.15112431E+001
  0.15112423E+001
  0.15112416E+001
  0.15112410E+001
  0.15112405E+001
  0.15112401E+001
  0.15112397E+001
  0.15112394E+001
  0.15112391E+001
  0.15112389E+001
  0.15112387E+001
  0.15112386E+001
  0.15112385E+001
  0.15112384E+001
  0.15112383E+001
  0.15112383E+001
  0.15112384E+001
  0.15112384E+001
  0.15112385E+001
  0.15112386E+001
  0.15112387E+001
  0.15112389E+001
  0.15112390E+001
  0.15112392E+001
  0.15112394E+001
  0.15112397E+001
  0.15112399E+001
  0.15112402E+001
  0.15112405E+001
  0.15112408E+001
  0.15112411E+001
  0.15112414E+001
  0.15112418E+001
  0.15112421E+001
  0.15112425E+001
  0.15112429E+001
  0.15112433E+001
  0.15112437E+001
  0.15112441E+001
  0.15112445E+001
  0.15112449E+001
  0.15112453E+001
  0.15112458E+001
  0.15112462E+001
  0.15112466E+001
  0.15112471E+001
  0.15112475E+001
  0.15112480E+001
  0.15112484E+001
  0.15112489E+001
  0.15112493E+001
  0.15112498E+001
  0.15112502E+001
  0.15112507E+001
  0.15112512E+001
  0.15112516E+001
  0.15112521E+001
  0.15112526E+001
  0.15112530E+001
  0.15112535E+001
  0.15112540E+001
  0.15112545E+001
  0.15112549E+001
  0.15112554E+001
  0.15112559E+001
  0.15112564E+001
  0.15112569E+001
  0.15112574E+001
  0.15112579E+001
  0.15112584E+001
  0.15112590E+001
  0.15112595E+001
  0.15112600E+001
  0.15112606E+001
  0.15112611E+001
  0.15112617E+001
  0.15112623E+001
  0.15112629E+001
  0.15112635E+001
  0.15112641E+001
  0.15112648E+001
  0.15112654E+001
  0.15112661E+001
  0.15112668E+001
  0.15112675E+001
  0.15112682E+001
  0.15112689E+001
  0.15112697E+001
  0.15112704E+001
  0.15112712E+001
  0.15112720E+001
  0.15112728E+001
  0.15112737E+001
  0.15112745E+001
  0.15112754E+001
  0.15112763E+001
  0.15112772E+001
  0.15112781E+001
  0.15112791E+001
  0.15112800E+001
  0.15112810E+001
  0.15112820E+001
  0.15112830E+001
  0.15112841E+001
  0.15112851E+001
  0.15112862E+001
  0.15112872E+001
  0.15112883E+001
  0.15112894E+001
  0.15112905E+001
  0.15112917E+001
  0.15112928E+001
  0.15112939E+001
  0.15112951E+001
  0.15112963E+001
  0.15112974E+001
  0.15112986E+001
  0.15112998E+001
  0.15113010E+001
  0.15113022E+001
  0.15113034E+001
  0.15113046E+001
  0.15113057E+001
  0.15113069E+001
  0.15113081E+001
  0.15113093E+001
  0.15113105E+001
  0.15113117E+001
  0.15113129E+001
  0.15113140E+001
  0.15113152E+001
  0.15113164E+001
  0.15113175E+001
  0.15113186E+001
  0.15113198E+001
  0.15113209E+001
  0.15113220E+001
  0.15113231E+001
  0.15113242E+001
  0.15113253E+001
  0.15113263E+001
  0.15113274E+001
  0.15113284E+001
  0.15113294E+001
  0.15113304E+001
  0.15113314E+001
  0.15113324E+001
  0.15113333E+001
