 -0.47077723E-001  0.61853225E-001  0.14542415E+001  0.42332906E+002
 -0.47336213E-001  0.61614495E-001  0.14523155E+001  0.42328475E+002
 -0.47487224E-001  0.61482615E-001  0.14510780E+001  0.42325181E+002
 -0.47577538E-001  0.61399780E-001  0.14502066E+001  0.42322593E+002
 -0.47628217E-001  0.61347249E-001  0.14495834E+001  0.42320524E+002
 -0.47651382E-001  0.61315572E-001  0.14491432E+001  0.42318868E+002
 -0.47655127E-001  0.61298890E-001  0.14488421E+001  0.42317544E+002
 -0.47645229E-001  0.61293099E-001  0.14486483E+001  0.42316494E+002
 -0.47625901E-001  0.61295303E-001  0.14485384E+001  0.42315668E+002
 -0.47600313E-001  0.61303317E-001  0.14484939E+001  0.42315027E+002
 -0.47570832E-001  0.61315437E-001  0.14485007E+001  0.42314538E+002
 -0.47539201E-001  0.61330418E-001  0.14485474E+001  0.42314174E+002
 -0.47506699E-001  0.61347327E-001  0.14486252E+001  0.42313913E+002
 -0.47474256E-001  0.61365467E-001  0.14487270E+001  0.42313738E+002
 -0.47442536E-001  0.61384310E-001  0.14488471E+001  0.42313633E+002
 -0.47411997E-001  0.61403474E-001  0.14489809E+001  0.42313586E+002
 -0.47382945E-001  0.61422674E-001  0.14491246E+001  0.42313587E+002
 -0.47355573E-001  0.61441695E-001  0.14492754E+001  0.42313626E+002
 -0.47329988E-001  0.61460380E-001  0.14494307E+001  0.42313697E+002
 -0.47306232E-001  0.61478618E-001  0.14495886E+001  0.42313794E+002
 -0.47284298E-001  0.61496334E-001  0.14497475E+001  0.42313910E+002
 -0.47264145E-001  0.61513473E-001  0.14499061E+001  0.42314043E+002
 -0.47245708E-001  0.61530004E-001  0.14500634E+001  0.42314188E+002
 -0.47228909E-001  0.61545903E-001  0.14502185E+001  0.42314343E+002
 -0.47213655E-001  0.61561160E-001  0.14503707E+001  0.42314504E+002
 -0.47199851E-001  0.61575772E-001  0.14505195E+001  0.42314669E+002
 -0.47187397E-001  0.61589741E-001  0.14506644E+001  0.42314837E+002
 -0.47176192E-001  0.61603072E-001  0.14508050E+001  0.42315005E+002
 -0.47166140E-001  0.61615775E-001  0.14509409E+001  0.42315172E+002
 -0.47157143E-001  0.61627860E-001  0.14510721E+001  0.42315337E+002
 -0.47149110E-001  0.61639340E-001  0.14511982E+001  0.42315498E+002
 -0.47141951E-001  0.61650230E-001  0.14513190E+001  0.42315655E+002
 -0.47135583E-001  0.61660542E-001  0.14514346E+001  0.42315808E+002
 -0.47129928E-001  0.61670292E-001  0.14515447E+001  0.42315955E+002
 -0.47124911E-001  0.61679494E-001  0.14516493E+001  0.42316095E+002
 -0.47120466E-001  0.61688161E-001  0.14517484E+001  0.42316230E+002
 -0.47116529E-001  0.61696307E-001  0.14518420E+001  0.42316357E+002
 -0.47113043E-001  0.61703947E-001  0.14519301E+001  0.42316477E+002
 -0.47109957E-001  0.61711092E-001  0.14520128E+001  0.42316590E+002
 -0.47107224E-001  0.61717757E-001  0.14520901E+001  0.42316697E+002
 -0.47104802E-001  0.61723954E-001  0.14521622E+001  0.42316796E+002
 -0.47102653E-001  0.61729700E-001  0.14522291E+001  0.42316888E+002
 -0.47100745E-001  0.61735008E-001  0.14522911E+001  0.42316974E+002
 -0.47099049E-001  0.61739896E-001  0.14523484E+001  0.42317053E+002
 -0.47097538E-001  0.61744383E-001  0.14524011E+001  0.42317127E+002
 -0.47096192E-001  0.61748488E-001  0.14524495E+001  0.42317195E+002
 -0.47094990E-001  0.61752236E-001  0.14524939E+001  0.42317258E+002
 -0.47093916E-001  0.61755651E-001  0.14525346E+001  0.42317315E+002
 -0.47092955E-001  0.61758758E-001  0.14525719E+001  0.42317369E+002
 -0.47092094E-001  0.61761586E-001  0.14526061E+001  0.42317419E+002
 -0.47091323E-001  0.61764164E-001  0.14526375E+001  0.42317465E+002
 -0.47090632E-001  0.61766519E-001  0.14526665E+001  0.42317509E+002
 -0.47090012E-001  0.61768681E-001  0.14526934E+001  0.42317550E+002
 -0.47089455E-001  0.61770677E-001  0.14527184E+001  0.42317589E+002
 -0.47088955E-001  0.61772532E-001  0.14527418E+001  0.42317626E+002
 -0.47088505E-001  0.61774271E-001  0.14527640E+001  0.42317662E+002
 -0.47088100E-001  0.61775913E-001  0.14527852E+001  0.42317697E+002
 -0.47087734E-001  0.61777479E-001  0.14528055E+001  0.42317731E+002
 -0.47087403E-001  0.61778983E-001  0.14528253E+001  0.42317765E+002
 -0.47087101E-001  0.61780441E-001  0.14528446E+001  0.42317798E+002
 -0.47086827E-001  0.61781863E-001  0.14528635E+001  0.42317832E+002
 -0.47086574E-001  0.61783258E-001  0.14528823E+001  0.42317866E+002
 -0.47086341E-001  0.61784635E-001  0.14529010E+001  0.42317901E+002
 -0.47086124E-001  0.61785999E-001  0.14529198E+001  0.42317936E+002
 -0.47085921E-001  0.61787354E-001  0.14529386E+001  0.42317972E+002
 -0.47085730E-001  0.61788704E-001  0.14529575E+001  0.42318009E+002
 -0.47085548E-001  0.61790052E-001  0.14529765E+001  0.42318047E+002
 -0.47085374E-001  0.61791399E-001  0.14529958E+001  0.42318086E+002
 -0.47085207E-001  0.61792746E-001  0.14530152E+001  0.42318126E+002
 -0.47085045E-001  0.61794093E-001  0.14530349E+001  0.42318168E+002
 -0.47084887E-001  0.61795442E-001  0.14530548E+001  0.42318210E+002
 -0.47084733E-001  0.61796791E-001  0.14530749E+001  0.42318254E+002
 -0.47084581E-001  0.61798140E-001  0.14530953E+001  0.42318299E+002
 -0.47084431E-001  0.61799488E-001  0.14531158E+001  0.42318346E+002
 -0.47084283E-001  0.61800834E-001  0.14531365E+001  0.42318394E+002
 -0.47084137E-001  0.61802178E-001  0.14531575E+001  0.42318443E+002
 -0.47083991E-001  0.61803519E-001  0.14531785E+001  0.42318494E+002
 -0.47083846E-001  0.61804854E-001  0.14531998E+001  0.42318546E+002
 -0.47083701E-001  0.61806183E-001  0.14532211E+001  0.42318599E+002
 -0.47083557E-001  0.61807504E-001  0.14532426E+001  0.42318653E+002
 -0.47083413E-001  0.61808816E-001  0.14532641E+001  0.42318708E+002
 -0.47083270E-001  0.61810118E-001  0.14532857E+001  0.42318765E+002
 -0.47083126E-001  0.61811409E-001  0.14533074E+001  0.42318823E+002
 -0.47082984E-001  0.61812687E-001  0.14533291E+001  0.42318882E+002
 -0.47082842E-001  0.61813950E-001  0.14533508E+001  0.42318941E+002
 -0.47082700E-001  0.61815199E-001  0.14533724E+001  0.42319002E+002
 -0.47082559E-001  0.61816431E-001  0.14533941E+001  0.42319064E+002
 -0.47082419E-001  0.61817645E-001  0.14534156E+001  0.42319126E+002
 -0.47082280E-001  0.61818842E-001  0.14534371E+001  0.42319189E+002
 -0.47082142E-001  0.61820019E-001  0.14534585E+001  0.42319253E+002
 -0.47082005E-001  0.61821176E-001  0.14534798E+001  0.42319318E+002
 -0.47081870E-001  0.61822311E-001  0.14535009E+001  0.42319383E+002
 -0.47081736E-001  0.61823425E-001  0.14535219E+001  0.42319449E+002
 -0.47081604E-001  0.61824517E-001  0.14535427E+001  0.42319516E+002
 -0.47081473E-001  0.61825586E-001  0.14535633E+001  0.42319583E+002
 -0.47081345E-001  0.61826631E-001  0.14535837E+001  0.42319650E+002
 -0.47081218E-001  0.61827652E-001  0.14536038E+001  0.42319717E+002
 -0.47081094E-001  0.61828649E-001  0.14536238E+001  0.42319785E+002
 -0.47080972E-001  0.61829621E-001  0.14536435E+001  0.42319854E+002
 -0.47080852E-001  0.61830568E-001  0.14536629E+001  0.42319922E+002
 -0.47080735E-001  0.61831490E-001  0.14536820E+001  0.42319991E+002
 -0.47080620E-001  0.61832387E-001  0.14537008E+001  0.42320060E+002
 -0.47080508E-001  0.61833258E-001  0.14537193E+001  0.42320130E+002
 -0.47080398E-001  0.61834104E-001  0.14537375E+001  0.42320199E+002
 -0.47080291E-001  0.61834924E-001  0.14537553E+001  0.42320269E+002
 -0.47080187E-001  0.61835719E-001  0.14537728E+001  0.42320338E+002
 -0.47080086E-001  0.61836489E-001  0.14537900E+001  0.42320408E+002
 -0.47079987E-001  0.61837234E-001  0.14538067E+001  0.42320478E+002
 -0.47079891E-001  0.61837954E-001  0.14538231E+001  0.42320549E+002
 -0.47079798E-001  0.61838649E-001  0.14538392E+001  0.42320619E+002
 -0.47079708E-001  0.61839320E-001  0.14538548E+001  0.42320690E+002
 -0.47079621E-001  0.61839968E-001  0.14538701E+001  0.42320760E+002
 -0.47079536E-001  0.61840592E-001  0.14538849E+001  0.42320831E+002
 -0.47079454E-001  0.61841192E-001  0.14538994E+001  0.42320902E+002
 -0.47079375E-001  0.61841771E-001  0.14539134E+001  0.42320974E+002
 -0.47079299E-001  0.61842326E-001  0.14539271E+001  0.42321045E+002
 -0.47079225E-001  0.61842861E-001  0.14539404E+001  0.42321117E+002
 -0.47079154E-001  0.61843373E-001  0.14539532E+001  0.42321190E+002
 -0.47079086E-001  0.61843866E-001  0.14539657E+001  0.42321262E+002
 -0.47079020E-001  0.61844338E-001  0.14539777E+001  0.42321336E+002
 -0.47078957E-001  0.61844790E-001  0.14539894E+001  0.42321409E+002
 -0.47078897E-001  0.61845223E-001  0.14540007E+001  0.42321483E+002
 -0.47078838E-001  0.61845637E-001  0.14540115E+001  0.42321558E+002
 -0.47078782E-001  0.61846034E-001  0.14540220E+001  0.42321633E+002
 -0.47078729E-001  0.61846412E-001  0.14540322E+001  0.42321709E+002
 -0.47078677E-001  0.61846774E-001  0.14540419E+001  0.42321786E+002
 -0.47078628E-001  0.61847120E-001  0.14540513E+001  0.42321863E+002
 -0.47078581E-001  0.61847449E-001  0.14540603E+001  0.42321941E+002
 -0.47078536E-001  0.61847763E-001  0.14540690E+001  0.42322020E+002
 -0.47078494E-001  0.61848063E-001  0.14540773E+001  0.42322100E+002
 -0.47078453E-001  0.61848348E-001  0.14540853E+001  0.42322181E+002
 -0.47078413E-001  0.61848619E-001  0.14540930E+001  0.42322263E+002
 -0.47078376E-001  0.61848877E-001  0.14541004E+001  0.42322346E+002
 -0.47078341E-001  0.61849122E-001  0.14541074E+001  0.42322430E+002
 -0.47078307E-001  0.61849355E-001  0.14541141E+001  0.42322516E+002
 -0.47078275E-001  0.61849576E-001  0.14541206E+001  0.42322602E+002
 -0.47078244E-001  0.61849786E-001  0.14541267E+001  0.42322690E+002
 -0.47078215E-001  0.61849985E-001  0.14541326E+001  0.42322779E+002
 -0.47078187E-001  0.61850174E-001  0.14541383E+001  0.42322869E+002
 -0.47078161E-001  0.61850352E-001  0.14541436E+001  0.42322961E+002
 -0.47078136E-001  0.61850522E-001  0.14541487E+001  0.42323054E+002
 -0.47078112E-001  0.61850682E-001  0.14541536E+001  0.42323149E+002
 -0.47078090E-001  0.61850833E-001  0.14541582E+001  0.42323245E+002
 -0.47078069E-001  0.61850976E-001  0.14541627E+001  0.42323342E+002
 -0.47078049E-001  0.61851112E-001  0.14541669E+001  0.42323441E+002
 -0.47078029E-001  0.61851239E-001  0.14541709E+001  0.42323541E+002
 -0.47078011E-001  0.61851360E-001  0.14541747E+001  0.42323643E+002
 -0.47077994E-001  0.61851474E-001  0.14541783E+001  0.42323746E+002
 -0.47077978E-001  0.61851581E-001  0.14541817E+001  0.42323851E+002
 -0.47077963E-001  0.61851682E-001  0.14541850E+001  0.42323957E+002
 -0.47077949E-001  0.61851777E-001  0.14541881E+001  0.42324064E+002
 -0.47077935E-001  0.61851867E-001  0.14541910E+001  0.42324173E+002
 -0.47077922E-001  0.61851951E-001  0.14541938E+001  0.42324283E+002
 -0.47077910E-001  0.61852030E-001  0.14541964E+001  0.42324394E+002
 -0.47077899E-001  0.61852105E-001  0.14541989E+001  0.42324507E+002
 -0.47077888E-001  0.61852175E-001  0.14542013E+001  0.42324621E+002
 -0.47077878E-001  0.61852241E-001  0.14542036E+001  0.42324736E+002
 -0.47077869E-001  0.61852303E-001  0.14542057E+001  0.42324852E+002
 -0.47077860E-001  0.61852361E-001  0.14542077E+001  0.42324969E+002
 -0.47077851E-001  0.61852416E-001  0.14542096E+001  0.42325087E+002
 -0.47077843E-001  0.61852467E-001  0.14542114E+001  0.42325207E+002
 -0.47077836E-001  0.61852515E-001  0.14542131E+001  0.42325327E+002
 -0.47077829E-001  0.61852560E-001  0.14542147E+001  0.42325448E+002
 -0.47077823E-001  0.61852602E-001  0.14542162E+001  0.42325569E+002
 -0.47077816E-001  0.61852642E-001  0.14542177E+001  0.42325691E+002
 -0.47077811E-001  0.61852679E-001  0.14542190E+001  0.42325814E+002
 -0.47077805E-001  0.61852714E-001  0.14542203E+001  0.42325938E+002
 -0.47077800E-001  0.61852746E-001  0.14542215E+001  0.42326061E+002
 -0.47077795E-001  0.61852776E-001  0.14542226E+001  0.42326185E+002
 -0.47077791E-001  0.61852805E-001  0.14542237E+001  0.42326310E+002
 -0.47077787E-001  0.61852831E-001  0.14542247E+001  0.42326434E+002
 -0.47077783E-001  0.61852856E-001  0.14542257E+001  0.42326558E+002
 -0.47077779E-001  0.61852880E-001  0.14542266E+001  0.42326683E+002
 -0.47077776E-001  0.61852901E-001  0.14542274E+001  0.42326807E+002
 -0.47077772E-001  0.61852922E-001  0.14542282E+001  0.42326931E+002
 -0.47077769E-001  0.61852941E-001  0.14542290E+001  0.42327055E+002
 -0.47077767E-001  0.61852958E-001  0.14542297E+001  0.42327179E+002
 -0.47077764E-001  0.61852975E-001  0.14542304E+001  0.42327302E+002
 -0.47077761E-001  0.61852990E-001  0.14542310E+001  0.42327424E+002
 -0.47077759E-001  0.61853005E-001  0.14542316E+001  0.42327546E+002
 -0.47077757E-001  0.61853019E-001  0.14542322E+001  0.42327667E+002
 -0.47077755E-001  0.61853031E-001  0.14542327E+001  0.42327788E+002
 -0.47077753E-001  0.61853043E-001  0.14542332E+001  0.42327907E+002
 -0.47077751E-001  0.61853054E-001  0.14542337E+001  0.42328026E+002
 -0.47077750E-001  0.61853064E-001  0.14542341E+001  0.42328144E+002
 -0.47077748E-001  0.61853074E-001  0.14542345E+001  0.42328260E+002
 -0.47077747E-001  0.61853083E-001  0.14542349E+001  0.42328376E+002
 -0.47077745E-001  0.61853091E-001  0.14542353E+001  0.42328490E+002
 -0.47077744E-001  0.61853099E-001  0.14542356E+001  0.42328603E+002
 -0.47077743E-001  0.61853106E-001  0.14542359E+001  0.42328715E+002
 -0.47077742E-001  0.61853113E-001  0.14542363E+001  0.42328825E+002
 -0.47077740E-001  0.61853120E-001  0.14542365E+001  0.42328934E+002
 -0.47077740E-001  0.61853125E-001  0.14542368E+001  0.42329041E+002
 -0.47077739E-001  0.61853131E-001  0.14542371E+001  0.42329147E+002
 -0.47077738E-001  0.61853136E-001  0.14542373E+001  0.42329252E+002
 -0.47077737E-001  0.61853141E-001  0.14542375E+001  0.42329354E+002
 -0.47077736E-001  0.61853145E-001  0.14542378E+001  0.42329455E+002
 -0.47077735E-001  0.61853149E-001  0.14542380E+001  0.42329555E+002
 -0.47077735E-001  0.61853153E-001  0.14542381E+001  0.42329652E+002
 -0.47077735E-001  0.61853155E-001  0.14542383E+001  0.42329748E+002
