  0.56904845E+000  0.93194905E+000  0.10712478E+001  0.34260285E+001
  0.57086227E+000  0.93408126E+000  0.10744443E+001  0.34319975E+001
  0.57190887E+000  0.93533033E+000  0.10759335E+001  0.34353296E+001
  0.57265947E+000  0.93623377E+000  0.10769870E+001  0.34377139E+001
  0.57324361E+000  0.93694028E+000  0.10778155E+001  0.34395588E+001
  0.57371272E+000  0.93750866E+000  0.10784843E+001  0.34410316E+001
  0.57409430E+000  0.93797210E+000  0.10790301E+001  0.34422230E+001
  0.57440746E+000  0.93835352E+000  0.10794793E+001  0.34431965E+001
  0.57466505E+000  0.93866823E+000  0.10796870E+001  0.34426071E+001
  0.57487746E+000  0.93892852E+000  0.10799256E+001  0.34426900E+001
  0.57505317E+000  0.93914457E+000  0.10804083E+001  0.34451935E+001
  0.57519877E+000  0.93932409E+000  0.10806189E+001  0.34456421E+001
  0.57531945E+000  0.93947339E+000  0.10807940E+001  0.34460136E+001
  0.57541942E+000  0.93959762E+000  0.10809396E+001  0.34463215E+001
  0.57550220E+000  0.93970099E+000  0.10810608E+001  0.34465767E+001
  0.57557058E+000  0.93978693E+000  0.10811615E+001  0.34467881E+001
  0.57562682E+000  0.93985817E+000  0.10812452E+001  0.34469626E+001
  0.57567290E+000  0.93991707E+000  0.10813144E+001  0.34471064E+001
  0.57571042E+000  0.93996556E+000  0.10813716E+001  0.34472243E+001
  0.57574078E+000  0.94000531E+000  0.10814187E+001  0.34473206E+001
  0.57576508E+000  0.94003767E+000  0.10814573E+001  0.34473986E+001
  0.57578428E+000  0.94006379E+000  0.10814887E+001  0.34474613E+001
  0.57579918E+000  0.94008464E+000  0.10815140E+001  0.34475111E+001
  0.57581046E+000  0.94010104E+000  0.10815343E+001  0.34475499E+001
  0.57581872E+000  0.94011371E+000  0.10815502E+001  0.34475797E+001
  0.57582444E+000  0.94012323E+000  0.10815626E+001  0.34476019E+001
  0.57582807E+000  0.94013014E+000  0.10815720E+001  0.34476177E+001
  0.57582996E+000  0.94013485E+000  0.10815789E+001  0.34476283E+001
  0.57583044E+000  0.94013778E+000  0.10815837E+001  0.34476346E+001
  0.57582979E+000  0.94013924E+000  0.10815869E+001  0.34476374E+001
  0.57582825E+000  0.94013953E+000  0.10815887E+001  0.34476375E+001
  0.57582603E+000  0.94013888E+000  0.10815894E+001  0.34476353E+001
  0.57582329E+000  0.94013751E+000  0.10815893E+001  0.34476316E+001
  0.57582020E+000  0.94013559E+000  0.10815885E+001  0.34476266E+001
  0.57581687E+000  0.94013327E+000  0.10815873E+001  0.34476207E+001
  0.57581341E+000  0.94013067E+000  0.10815857E+001  0.34476143E+001
  0.57580992E+000  0.94012792E+000  0.10815839E+001  0.34476075E+001
  0.57580647E+000  0.94012508E+000  0.10815819E+001  0.34476007E+001
  0.57580311E+000  0.94012224E+000  0.10815799E+001  0.34475939E+001
  0.57579989E+000  0.94011945E+000  0.10815780E+001  0.34475873E+001
  0.57579685E+000  0.94011676E+000  0.10815761E+001  0.34475810E+001
  0.57579401E+000  0.94011419E+000  0.10815743E+001  0.34475750E+001
  0.57579139E+000  0.94011179E+000  0.10815726E+001  0.34475694E+001
  0.57578900E+000  0.94010955E+000  0.10815711E+001  0.34475642E+001
  0.57578683E+000  0.94010749E+000  0.10815697E+001  0.34475594E+001
  0.57578490E+000  0.94010563E+000  0.10815685E+001  0.34475551E+001
  0.57578318E+000  0.94010394E+000  0.10815675E+001  0.34475512E+001
  0.57578166E+000  0.94010243E+000  0.10815666E+001  0.34475477E+001
  0.57578034E+000  0.94010109E+000  0.10815659E+001  0.34475445E+001
  0.57577919E+000  0.94009992E+000  0.10815653E+001  0.34475417E+001
  0.57577820E+000  0.94009888E+000  0.10815648E+001  0.34475392E+001
  0.57577734E+000  0.94009797E+000  0.10815644E+001  0.34475370E+001
  0.57577661E+000  0.94009718E+000  0.10815642E+001  0.34475350E+001
  0.57577599E+000  0.94009650E+000  0.10815640E+001  0.34475332E+001
  0.57577546E+000  0.94009590E+000  0.10815639E+001  0.34475316E+001
  0.57577501E+000  0.94009538E+000  0.10815639E+001  0.34475302E+001
  0.57577463E+000  0.94009492E+000  0.10815640E+001  0.34475289E+001
  0.57577431E+000  0.94009452E+000  0.10815641E+001  0.34475277E+001
  0.57577403E+000  0.94009417E+000  0.10815643E+001  0.34475267E+001
  0.57577380E+000  0.94009386E+000  0.10815645E+001  0.34475257E+001
  0.57577361E+000  0.94009359E+000  0.10815647E+001  0.34475248E+001
  0.57577345E+000  0.94009335E+000  0.10815651E+001  0.34475240E+001
  0.57577333E+000  0.94009314E+000  0.10815654E+001  0.34475233E+001
  0.57577323E+000  0.94009295E+000  0.10815658E+001  0.34475227E+001
  0.57577315E+000  0.94009279E+000  0.10815662E+001  0.34475221E+001
  0.57577310E+000  0.94009264E+000  0.10815667E+001  0.34475215E+001
  0.57577307E+000  0.94009252E+000  0.10815672E+001  0.34475211E+001
  0.57577307E+000  0.94009242E+000  0.10815677E+001  0.34475206E+001
  0.57577308E+000  0.94009233E+000  0.10815682E+001  0.34475202E+001
  0.57577311E+000  0.94009226E+000  0.10815688E+001  0.34475198E+001
  0.57577316E+000  0.94009221E+000  0.10815695E+001  0.34475195E+001
  0.57577323E+000  0.94009218E+000  0.10815701E+001  0.34475192E+001
  0.57577332E+000  0.94009216E+000  0.10815708E+001  0.34475190E+001
  0.57577343E+000  0.94009215E+000  0.10815715E+001  0.34475188E+001
  0.57577355E+000  0.94009216E+000  0.10815722E+001  0.34475186E+001
  0.57577369E+000  0.94009219E+000  0.10815730E+001  0.34475184E+001
  0.57577384E+000  0.94009223E+000  0.10815738E+001  0.34475183E+001
  0.57577401E+000  0.94009228E+000  0.10815746E+001  0.34475182E+001
  0.57577420E+000  0.94009235E+000  0.10815755E+001  0.34475181E+001
  0.57577440E+000  0.94009242E+000  0.10815764E+001  0.34475180E+001
  0.57577461E+000  0.94009251E+000  0.10815773E+001  0.34475179E+001
  0.57577484E+000  0.94009261E+000  0.10815782E+001  0.34475179E+001
  0.57577508E+000  0.94009272E+000  0.10815791E+001  0.34475179E+001
  0.57577533E+000  0.94009284E+000  0.10815801E+001  0.34475179E+001
  0.57577560E+000  0.94009296E+000  0.10815811E+001  0.34475179E+001
  0.57577587E+000  0.94009310E+000  0.10815821E+001  0.34475179E+001
  0.57577615E+000  0.94009324E+000  0.10815831E+001  0.34475180E+001
  0.57577644E+000  0.94009339E+000  0.10815841E+001  0.34475180E+001
  0.57577674E+000  0.94009354E+000  0.10815852E+001  0.34475181E+001
  0.57577705E+000  0.94009370E+000  0.10815862E+001  0.34475182E+001
  0.57577736E+000  0.94009387E+000  0.10815873E+001  0.34475182E+001
  0.57577769E+000  0.94009403E+000  0.10815884E+001  0.34475183E+001
  0.57577801E+000  0.94009421E+000  0.10815895E+001  0.34475184E+001
  0.57577834E+000  0.94009438E+000  0.10815905E+001  0.34475185E+001
  0.57577868E+000  0.94009456E+000  0.10815916E+001  0.34475186E+001
  0.57577902E+000  0.94009474E+000  0.10815928E+001  0.34475187E+001
  0.57577936E+000  0.94009492E+000  0.10815939E+001  0.34475189E+001
  0.57577970E+000  0.94009511E+000  0.10815950E+001  0.34475190E+001
  0.57578005E+000  0.94009529E+000  0.10815961E+001  0.34475191E+001
  0.57578040E+000  0.94009547E+000  0.10815972E+001  0.34475193E+001
  0.57578074E+000  0.94009566E+000  0.10815983E+001  0.34475194E+001
  0.57578109E+000  0.94009584E+000  0.10815994E+001  0.34475196E+001
  0.57578144E+000  0.94009603E+000  0.10816005E+001  0.34475198E+001
  0.57578179E+000  0.94009621E+000  0.10816016E+001  0.34475200E+001
  0.57578213E+000  0.94009639E+000  0.10816027E+001  0.34475202E+001
  0.57578247E+000  0.94009658E+000  0.10816037E+001  0.34475205E+001
  0.57578282E+000  0.94009676E+000  0.10816048E+001  0.34475207E+001
  0.57578315E+000  0.94009694E+000  0.10816059E+001  0.34475210E+001
  0.57578349E+000  0.94009711E+000  0.10816069E+001  0.34475213E+001
  0.57578382E+000  0.94009729E+000  0.10816079E+001  0.34475216E+001
  0.57578415E+000  0.94009746E+000  0.10816089E+001  0.34475220E+001
  0.57578447E+000  0.94009763E+000  0.10816099E+001  0.34475224E+001
  0.57578479E+000  0.94009780E+000  0.10816109E+001  0.34475228E+001
  0.57578511E+000  0.94009797E+000  0.10816119E+001  0.34475233E+001
  0.57578542E+000  0.94009813E+000  0.10816129E+001  0.34475237E+001
  0.57578573E+000  0.94009829E+000  0.10816138E+001  0.34475243E+001
  0.57578603E+000  0.94009845E+000  0.10816147E+001  0.34475249E+001
  0.57578632E+000  0.94009860E+000  0.10816156E+001  0.34475255E+001
  0.57578661E+000  0.94009875E+000  0.10816165E+001  0.34475261E+001
  0.57578690E+000  0.94009890E+000  0.10816174E+001  0.34475269E+001
  0.57578717E+000  0.94009905E+000  0.10816182E+001  0.34475276E+001
  0.57578745E+000  0.94009919E+000  0.10816191E+001  0.34475285E+001
  0.57578771E+000  0.94009933E+000  0.10816199E+001  0.34475293E+001
  0.57578797E+000  0.94009946E+000  0.10816207E+001  0.34475303E+001
  0.57578822E+000  0.94009959E+000  0.10816214E+001  0.34475313E+001
  0.57578847E+000  0.94009972E+000  0.10816222E+001  0.34475324E+001
  0.57578871E+000  0.94009985E+000  0.10816229E+001  0.34475335E+001
  0.57578895E+000  0.94009997E+000  0.10816236E+001  0.34475348E+001
  0.57578917E+000  0.94010009E+000  0.10816243E+001  0.34475361E+001
  0.57578940E+000  0.94010020E+000  0.10816250E+001  0.34475374E+001
  0.57578961E+000  0.94010031E+000  0.10816257E+001  0.34475389E+001
  0.57578982E+000  0.94010042E+000  0.10816263E+001  0.34475404E+001
  0.57579002E+000  0.94010052E+000  0.10816269E+001  0.34475420E+001
  0.57579022E+000  0.94010063E+000  0.10816275E+001  0.34475437E+001
  0.57579041E+000  0.94010072E+000  0.10816281E+001  0.34475455E+001
  0.57579060E+000  0.94010082E+000  0.10816287E+001  0.34475474E+001
  0.57579078E+000  0.94010091E+000  0.10816292E+001  0.34475494E+001
  0.57579095E+000  0.94010100E+000  0.10816298E+001  0.34475514E+001
  0.57579112E+000  0.94010109E+000  0.10816303E+001  0.34475536E+001
  0.57579128E+000  0.94010117E+000  0.10816308E+001  0.34475558E+001
  0.57579143E+000  0.94010125E+000  0.10816313E+001  0.34475582E+001
  0.57579159E+000  0.94010133E+000  0.10816317E+001  0.34475606E+001
  0.57579173E+000  0.94010140E+000  0.10816322E+001  0.34475632E+001
  0.57579187E+000  0.94010147E+000  0.10816326E+001  0.34475658E+001
  0.57579201E+000  0.94010154E+000  0.10816330E+001  0.34475685E+001
  0.57579214E+000  0.94010161E+000  0.10816334E+001  0.34475713E+001
  0.57579226E+000  0.94010167E+000  0.10816338E+001  0.34475743E+001
  0.57579238E+000  0.94010173E+000  0.10816342E+001  0.34475773E+001
  0.57579250E+000  0.94010179E+000  0.10816345E+001  0.34475804E+001
  0.57579261E+000  0.94010185E+000  0.10816349E+001  0.34475836E+001
  0.57579272E+000  0.94010190E+000  0.10816352E+001  0.34475869E+001
  0.57579282E+000  0.94010195E+000  0.10816355E+001  0.34475903E+001
  0.57579292E+000  0.94010201E+000  0.10816358E+001  0.34475937E+001
  0.57579301E+000  0.94010205E+000  0.10816361E+001  0.34475973E+001
  0.57579311E+000  0.94010210E+000  0.10816364E+001  0.34476009E+001
  0.57579319E+000  0.94010214E+000  0.10816367E+001  0.34476046E+001
  0.57579328E+000  0.94010219E+000  0.10816370E+001  0.34476084E+001
  0.57579336E+000  0.94010223E+000  0.10816372E+001  0.34476123E+001
  0.57579344E+000  0.94010227E+000  0.10816374E+001  0.34476162E+001
  0.57579351E+000  0.94010230E+000  0.10816377E+001  0.34476202E+001
  0.57579358E+000  0.94010234E+000  0.10816379E+001  0.34476243E+001
  0.57579365E+000  0.94010238E+000  0.10816381E+001  0.34476285E+001
  0.57579371E+000  0.94010241E+000  0.10816383E+001  0.34476327E+001
  0.57579378E+000  0.94010244E+000  0.10816385E+001  0.34476369E+001
  0.57579384E+000  0.94010247E+000  0.10816387E+001  0.34476412E+001
  0.57579389E+000  0.94010250E+000  0.10816389E+001  0.34476456E+001
  0.57579395E+000  0.94010253E+000  0.10816390E+001  0.34476500E+001
  0.57579400E+000  0.94010256E+000  0.10816392E+001  0.34476544E+001
  0.57579405E+000  0.94010258E+000  0.10816394E+001  0.34476589E+001
  0.57579410E+000  0.94010261E+000  0.10816395E+001  0.34476634E+001
  0.57579414E+000  0.94010263E+000  0.10816397E+001  0.34476679E+001
  0.57579419E+000  0.94010265E+000  0.10816398E+001  0.34476725E+001
  0.57579423E+000  0.94010267E+000  0.10816399E+001  0.34476770E+001
  0.57579427E+000  0.94010270E+000  0.10816401E+001  0.34476816E+001
  0.57579431E+000  0.94010272E+000  0.10816402E+001  0.34476862E+001
  0.57579434E+000  0.94010273E+000  0.10816403E+001  0.34476908E+001
  0.57579438E+000  0.94010275E+000  0.10816404E+001  0.34476954E+001
  0.57579441E+000  0.94010277E+000  0.10816405E+001  0.34477000E+001
  0.57579444E+000  0.94010279E+000  0.10816406E+001  0.34477046E+001
  0.57579447E+000  0.94010280E+000  0.10816407E+001  0.34477092E+001
  0.57579450E+000  0.94010282E+000  0.10816408E+001  0.34477138E+001
  0.57579453E+000  0.94010283E+000  0.10816409E+001  0.34477183E+001
  0.57579456E+000  0.94010285E+000  0.10816410E+001  0.34477229E+001
  0.57579458E+000  0.94010286E+000  0.10816410E+001  0.34477274E+001
  0.57579461E+000  0.94010287E+000  0.10816411E+001  0.34477319E+001
  0.57579463E+000  0.94010289E+000  0.10816412E+001  0.34477363E+001
  0.57579465E+000  0.94010290E+000  0.10816413E+001  0.34477407E+001
  0.57579467E+000  0.94010291E+000  0.10816413E+001  0.34477451E+001
  0.57579469E+000  0.94010292E+000  0.10816414E+001  0.34477495E+001
  0.57579471E+000  0.94010293E+000  0.10816414E+001  0.34477538E+001
  0.57579473E+000  0.94010294E+000  0.10816415E+001  0.34477580E+001
  0.57579475E+000  0.94010295E+000  0.10816416E+001  0.34477622E+001
  0.57579476E+000  0.94010296E+000  0.10816416E+001  0.34477664E+001
  0.57579478E+000  0.94010297E+000  0.10816417E+001  0.34477705E+001
  0.57579479E+000  0.94010298E+000  0.10816417E+001  0.34477745E+001
  0.57579481E+000  0.94010299E+000  0.10816417E+001  0.34477785E+001
  0.57579482E+000  0.94010299E+000  0.10816418E+001  0.34477825E+001
  0.57579483E+000  0.94010300E+000  0.10816418E+001  0.34477863E+001
  0.57579484E+000  0.94010301E+000  0.10816419E+001  0.34477902E+001
  0.57579485E+000  0.94010301E+000  0.10816419E+001  0.34477939E+001
