  0.68990629E+000
  0.68954976E+000
  0.68912978E+000
  0.68879980E+000
  0.68853526E+000
  0.68831751E+000
  0.68813496E+000
  0.68798041E+000
  0.68784895E+000
  0.68773660E+000
  0.68764025E+000
  0.68755733E+000
  0.68748577E+000
  0.68742385E+000
  0.68737015E+000
  0.68732347E+000
  0.68728282E+000
  0.68724738E+000
  0.68721643E+000
  0.68718935E+000
  0.68716564E+000
  0.68714484E+000
  0.68712658E+000
  0.68711053E+000
  0.68709640E+000
  0.68708396E+000
  0.68707298E+000
  0.68706327E+000
  0.68705469E+000
  0.68704707E+000
  0.68704030E+000
  0.68703426E+000
  0.68702888E+000
  0.68702405E+000
  0.68701971E+000
  0.68701581E+000
  0.68701228E+000
  0.68700909E+000
  0.68700619E+000
  0.68700357E+000
  0.68700118E+000
  0.68699900E+000
  0.68699703E+000
  0.68699524E+000
  0.68699362E+000
  0.68699215E+000
  0.68699084E+000
  0.68698966E+000
  0.68698861E+000
  0.68698769E+000
  0.68698688E+000
  0.68698617E+000
  0.68698556E+000
  0.68698504E+000
  0.68698459E+000
  0.68698422E+000
  0.68698390E+000
  0.68698364E+000
  0.68698341E+000
  0.68698323E+000
  0.68698306E+000
  0.68698292E+000
  0.68698279E+000
  0.68698267E+000
  0.68698255E+000
  0.68698243E+000
  0.68698231E+000
  0.68698218E+000
  0.68698204E+000
  0.68698190E+000
  0.68698174E+000
  0.68698157E+000
  0.68698139E+000
  0.68698119E+000
  0.68698099E+000
  0.68698077E+000
  0.68698054E+000
  0.68698029E+000
  0.68698004E+000
  0.68697977E+000
  0.68697949E+000
  0.68697920E+000
  0.68697891E+000
  0.68697860E+000
  0.68697829E+000
  0.68697797E+000
  0.68697765E+000
  0.68697732E+000
  0.68697698E+000
  0.68697664E+000
  0.68697630E+000
  0.68697595E+000
  0.68697561E+000
  0.68697526E+000
  0.68697491E+000
  0.68697456E+000
  0.68697421E+000
  0.68697386E+000
  0.68697352E+000
  0.68697317E+000
  0.68697283E+000
  0.68697248E+000
  0.68697214E+000
  0.68697181E+000
  0.68697147E+000
  0.68697114E+000
  0.68697081E+000
  0.68697049E+000
  0.68697017E+000
  0.68696985E+000
  0.68696954E+000
  0.68696924E+000
  0.68696893E+000
  0.68696863E+000
  0.68696834E+000
  0.68696805E+000
  0.68696777E+000
  0.68696749E+000
  0.68696721E+000
  0.68696694E+000
  0.68696667E+000
  0.68696641E+000
  0.68696616E+000
  0.68696591E+000
  0.68696566E+000
  0.68696542E+000
  0.68696519E+000
  0.68696496E+000
  0.68696473E+000
  0.68696451E+000
  0.68696429E+000
  0.68696408E+000
  0.68696388E+000
  0.68696368E+000
  0.68696348E+000
  0.68696329E+000
  0.68696310E+000
  0.68696292E+000
  0.68696274E+000
  0.68696257E+000
  0.68696240E+000
  0.68696223E+000
  0.68696207E+000
  0.68696192E+000
  0.68696177E+000
  0.68696162E+000
  0.68696147E+000
  0.68696133E+000
  0.68696120E+000
  0.68696107E+000
  0.68696094E+000
  0.68696081E+000
  0.68696069E+000
  0.68696058E+000
  0.68696046E+000
  0.68696035E+000
  0.68696024E+000
  0.68696014E+000
  0.68696004E+000
  0.68695994E+000
  0.68695985E+000
  0.68695975E+000
  0.68695967E+000
  0.68695958E+000
  0.68695950E+000
  0.68695941E+000
  0.68695934E+000
  0.68695926E+000
  0.68695919E+000
  0.68695912E+000
  0.68695905E+000
  0.68695898E+000
  0.68695892E+000
  0.68695885E+000
  0.68695879E+000
  0.68695874E+000
  0.68695868E+000
  0.68695862E+000
  0.68695857E+000
  0.68695852E+000
  0.68695847E+000
  0.68695842E+000
  0.68695838E+000
  0.68695833E+000
  0.68695829E+000
  0.68695825E+000
  0.68695821E+000
  0.68695817E+000
  0.68695814E+000
  0.68695810E+000
  0.68695807E+000
  0.68695803E+000
  0.68695800E+000
  0.68695797E+000
  0.68695794E+000
  0.68695791E+000
  0.68695789E+000
  0.68695786E+000
  0.68695783E+000
  0.68695781E+000
