  0.89458207E+000
  0.89414241E+000
  0.89362451E+000
  0.89321761E+000
  0.89289138E+000
  0.89262287E+000
  0.89239776E+000
  0.89220717E+000
  0.89204507E+000
  0.89190653E+000
  0.89178770E+000
  0.89168546E+000
  0.89159721E+000
  0.89152086E+000
  0.89145463E+000
  0.89139707E+000
  0.89134694E+000
  0.89130324E+000
  0.89126507E+000
  0.89123168E+000
  0.89120244E+000
  0.89117679E+000
  0.89115428E+000
  0.89113448E+000
  0.89111707E+000
  0.89110172E+000
  0.89108818E+000
  0.89107621E+000
  0.89106562E+000
  0.89105623E+000
  0.89104788E+000
  0.89104044E+000
  0.89103379E+000
  0.89102784E+000
  0.89102249E+000
  0.89101768E+000
  0.89101333E+000
  0.89100939E+000
  0.89100582E+000
  0.89100258E+000
  0.89099964E+000
  0.89099696E+000
  0.89099452E+000
  0.89099231E+000
  0.89099031E+000
  0.89098851E+000
  0.89098689E+000
  0.89098543E+000
  0.89098414E+000
  0.89098300E+000
  0.89098200E+000
  0.89098113E+000
  0.89098038E+000
  0.89097973E+000
  0.89097919E+000
  0.89097872E+000
  0.89097834E+000
  0.89097801E+000
  0.89097773E+000
  0.89097750E+000
  0.89097730E+000
  0.89097712E+000
  0.89097696E+000
  0.89097681E+000
  0.89097666E+000
  0.89097652E+000
  0.89097637E+000
  0.89097621E+000
  0.89097604E+000
  0.89097586E+000
  0.89097567E+000
  0.89097546E+000
  0.89097523E+000
  0.89097499E+000
  0.89097474E+000
  0.89097447E+000
  0.89097418E+000
  0.89097388E+000
  0.89097357E+000
  0.89097324E+000
  0.89097290E+000
  0.89097254E+000
  0.89097218E+000
  0.89097180E+000
  0.89097141E+000
  0.89097102E+000
  0.89097062E+000
  0.89097021E+000
  0.89096980E+000
  0.89096938E+000
  0.89096896E+000
  0.89096853E+000
  0.89096811E+000
  0.89096768E+000
  0.89096725E+000
  0.89096681E+000
  0.89096638E+000
  0.89096595E+000
  0.89096553E+000
  0.89096510E+000
  0.89096467E+000
  0.89096425E+000
  0.89096383E+000
  0.89096342E+000
  0.89096301E+000
  0.89096260E+000
  0.89096219E+000
  0.89096180E+000
  0.89096140E+000
  0.89096101E+000
  0.89096063E+000
  0.89096025E+000
  0.89095987E+000
  0.89095951E+000
  0.89095914E+000
  0.89095879E+000
  0.89095843E+000
  0.89095809E+000
  0.89095775E+000
  0.89095742E+000
  0.89095709E+000
  0.89095677E+000
  0.89095645E+000
  0.89095614E+000
  0.89095584E+000
  0.89095554E+000
  0.89095525E+000
  0.89095497E+000
  0.89095469E+000
  0.89095442E+000
  0.89095415E+000
  0.89095389E+000
  0.89095364E+000
  0.89095339E+000
  0.89095315E+000
  0.89095291E+000
  0.89095268E+000
  0.89095246E+000
  0.89095224E+000
  0.89095202E+000
  0.89095182E+000
  0.89095161E+000
  0.89095142E+000
  0.89095122E+000
  0.89095104E+000
  0.89095085E+000
  0.89095068E+000
  0.89095051E+000
  0.89095034E+000
  0.89095018E+000
  0.89095002E+000
  0.89094986E+000
  0.89094971E+000
  0.89094957E+000
  0.89094943E+000
  0.89094929E+000
  0.89094916E+000
  0.89094903E+000
  0.89094891E+000
  0.89094879E+000
  0.89094867E+000
  0.89094856E+000
  0.89094845E+000
  0.89094834E+000
  0.89094824E+000
  0.89094814E+000
  0.89094804E+000
  0.89094795E+000
  0.89094786E+000
  0.89094777E+000
  0.89094768E+000
  0.89094760E+000
  0.89094752E+000
  0.89094745E+000
  0.89094737E+000
  0.89094730E+000
  0.89094723E+000
  0.89094716E+000
  0.89094710E+000
  0.89094704E+000
  0.89094697E+000
  0.89094692E+000
  0.89094686E+000
  0.89094681E+000
  0.89094675E+000
  0.89094670E+000
  0.89094665E+000
  0.89094661E+000
  0.89094656E+000
  0.89094652E+000
  0.89094648E+000
  0.89094643E+000
  0.89094640E+000
  0.89094636E+000
  0.89094632E+000
  0.89094629E+000
  0.89094625E+000
  0.89094622E+000
  0.89094619E+000
  0.89094615E+000
