  0.28931956E+000
  0.28945490E+000
  0.28935005E+000
  0.28927596E+000
  0.28923678E+000
  0.28921792E+000
  0.28921084E+000
  0.28921111E+000
  0.28921611E+000
  0.28922427E+000
  0.28923454E+000
  0.28924612E+000
  0.28925842E+000
  0.28927102E+000
  0.28928358E+000
  0.28929585E+000
  0.28930762E+000
  0.28931876E+000
  0.28932916E+000
  0.28933874E+000
  0.28934745E+000
  0.28935528E+000
  0.28936221E+000
  0.28936827E+000
  0.28937348E+000
  0.28937787E+000
  0.28938150E+000
  0.28938441E+000
  0.28938666E+000
  0.28938832E+000
  0.28938944E+000
  0.28939009E+000
  0.28939033E+000
  0.28939023E+000
  0.28938983E+000
  0.28938919E+000
  0.28938836E+000
  0.28938738E+000
  0.28938630E+000
  0.28938515E+000
  0.28938396E+000
  0.28938275E+000
  0.28938154E+000
  0.28938035E+000
  0.28937920E+000
  0.28937808E+000
  0.28937699E+000
  0.28937595E+000
  0.28937495E+000
  0.28937398E+000
  0.28937304E+000
  0.28937212E+000
  0.28937123E+000
  0.28937034E+000
  0.28936947E+000
  0.28936859E+000
  0.28936772E+000
  0.28936685E+000
  0.28936598E+000
  0.28936510E+000
  0.28936421E+000
  0.28936333E+000
  0.28936244E+000
  0.28936154E+000
  0.28936064E+000
  0.28935974E+000
  0.28935884E+000
  0.28935794E+000
  0.28935704E+000
  0.28935614E+000
  0.28935524E+000
  0.28935435E+000
  0.28935346E+000
  0.28935257E+000
  0.28935169E+000
  0.28935081E+000
  0.28934994E+000
  0.28934908E+000
  0.28934822E+000
  0.28934737E+000
  0.28934653E+000
  0.28934570E+000
  0.28934488E+000
  0.28934407E+000
  0.28934327E+000
  0.28934248E+000
  0.28934170E+000
  0.28934093E+000
  0.28934018E+000
  0.28933944E+000
  0.28933872E+000
  0.28933801E+000
  0.28933731E+000
  0.28933663E+000
  0.28933596E+000
  0.28933531E+000
  0.28933468E+000
  0.28933406E+000
  0.28933345E+000
  0.28933287E+000
  0.28933230E+000
  0.28933174E+000
  0.28933121E+000
  0.28933068E+000
  0.28933018E+000
  0.28932969E+000
  0.28932922E+000
  0.28932876E+000
  0.28932832E+000
  0.28932790E+000
  0.28932749E+000
  0.28932710E+000
  0.28932672E+000
  0.28932636E+000
  0.28932601E+000
  0.28932567E+000
  0.28932535E+000
  0.28932504E+000
  0.28932475E+000
  0.28932447E+000
  0.28932420E+000
  0.28932394E+000
  0.28932370E+000
  0.28932347E+000
  0.28932325E+000
  0.28932303E+000
  0.28932283E+000
  0.28932264E+000
  0.28932246E+000
  0.28932229E+000
  0.28932213E+000
  0.28932197E+000
  0.28932183E+000
  0.28932169E+000
  0.28932156E+000
  0.28932143E+000
  0.28932132E+000
  0.28932121E+000
  0.28932110E+000
  0.28932100E+000
  0.28932091E+000
  0.28932082E+000
  0.28932074E+000
  0.28932066E+000
  0.28932059E+000
  0.28932052E+000
  0.28932046E+000
  0.28932040E+000
  0.28932035E+000
  0.28932029E+000
  0.28932024E+000
  0.28932020E+000
  0.28932015E+000
  0.28932011E+000
  0.28932008E+000
  0.28932004E+000
  0.28932001E+000
  0.28931998E+000
  0.28931995E+000
  0.28931992E+000
  0.28931990E+000
  0.28931987E+000
  0.28931985E+000
  0.28931983E+000
  0.28931981E+000
  0.28931980E+000
  0.28931978E+000
  0.28931976E+000
  0.28931975E+000
  0.28931974E+000
  0.28931973E+000
  0.28931971E+000
  0.28931970E+000
  0.28931969E+000
  0.28931969E+000
  0.28931968E+000
  0.28931967E+000
  0.28931966E+000
  0.28931966E+000
  0.28931965E+000
  0.28931964E+000
  0.28931964E+000
  0.28931963E+000
  0.28931963E+000
  0.28931963E+000
  0.28931962E+000
  0.28931962E+000
  0.28931961E+000
  0.28931961E+000
  0.28931961E+000
  0.28931961E+000
  0.28931960E+000
  0.28931960E+000
  0.28931960E+000
  0.28931960E+000
  0.28931960E+000
  0.28931959E+000
  0.28931959E+000
  0.28931959E+000
  0.28931959E+000
