  0.23372266E+000
  0.26414885E+000
  0.25822408E+000
  0.25275518E+000
  0.24899444E+000
  0.24622577E+000
  0.24402131E+000
  0.24225286E+000
  0.24081832E+000
  0.23965505E+000
  0.23870984E+000
  0.23793557E+000
  0.23729448E+000
  0.23676136E+000
  0.23631630E+000
  0.23594195E+000
  0.23562519E+000
  0.23535686E+000
  0.23512835E+000
  0.23493378E+000
  0.23476713E+000
  0.23462449E+000
  0.23450189E+000
  0.23439655E+000
  0.23430592E+000
  0.23422774E+000
  0.23416038E+000
  0.23410219E+000
  0.23405216E+000
  0.23400902E+000
  0.23397181E+000
  0.23393967E+000
  0.23391196E+000
  0.23388799E+000
  0.23386727E+000
  0.23384931E+000
  0.23383378E+000
  0.23382021E+000
  0.23380844E+000
  0.23379817E+000
  0.23378913E+000
  0.23378124E+000
  0.23377429E+000
  0.23376816E+000
  0.23376277E+000
  0.23375807E+000
  0.23375388E+000
  0.23375025E+000
  0.23374712E+000
  0.23374445E+000
  0.23374217E+000
  0.23374030E+000
  0.23373881E+000
  0.23373767E+000
  0.23373685E+000
  0.23373631E+000
  0.23373608E+000
  0.23373602E+000
  0.23373623E+000
  0.23373655E+000
  0.23373702E+000
  0.23373759E+000
  0.23373822E+000
  0.23373890E+000
  0.23373960E+000
  0.23374029E+000
  0.23374097E+000
  0.23374161E+000
  0.23374222E+000
  0.23374276E+000
  0.23374326E+000
  0.23374370E+000
  0.23374408E+000
  0.23374440E+000
  0.23374466E+000
  0.23374486E+000
  0.23374501E+000
  0.23374509E+000
  0.23374514E+000
  0.23374513E+000
  0.23374508E+000
  0.23374499E+000
  0.23374486E+000
  0.23374470E+000
  0.23374451E+000
  0.23374429E+000
  0.23374405E+000
  0.23374378E+000
  0.23374350E+000
  0.23374319E+000
  0.23374288E+000
  0.23374255E+000
  0.23374220E+000
  0.23374185E+000
  0.23374149E+000
  0.23374113E+000
  0.23374076E+000
  0.23374038E+000
  0.23374000E+000
  0.23373962E+000
  0.23373923E+000
  0.23373885E+000
  0.23373846E+000
  0.23373808E+000
  0.23373769E+000
  0.23373731E+000
  0.23373693E+000
  0.23373655E+000
  0.23373618E+000
  0.23373580E+000
  0.23373544E+000
  0.23373507E+000
  0.23373471E+000
  0.23373435E+000
  0.23373400E+000
  0.23373366E+000
  0.23373332E+000
  0.23373298E+000
  0.23373265E+000
  0.23373232E+000
  0.23373201E+000
  0.23373169E+000
  0.23373139E+000
  0.23373109E+000
  0.23373079E+000
  0.23373050E+000
  0.23373022E+000
  0.23372995E+000
  0.23372968E+000
  0.23372942E+000
  0.23372917E+000
  0.23372892E+000
  0.23372868E+000
  0.23372844E+000
  0.23372822E+000
  0.23372800E+000
  0.23372778E+000
  0.23372758E+000
  0.23372738E+000
  0.23372718E+000
  0.23372699E+000
  0.23372681E+000
  0.23372664E+000
  0.23372647E+000
  0.23372631E+000
  0.23372615E+000
  0.23372600E+000
  0.23372585E+000
  0.23372571E+000
  0.23372557E+000
  0.23372544E+000
  0.23372532E+000
  0.23372520E+000
  0.23372509E+000
  0.23372497E+000
  0.23372487E+000
  0.23372477E+000
  0.23372467E+000
  0.23372458E+000
  0.23372449E+000
  0.23372440E+000
  0.23372432E+000
  0.23372424E+000
  0.23372417E+000
  0.23372410E+000
  0.23372403E+000
  0.23372396E+000
  0.23372390E+000
  0.23372384E+000
  0.23372379E+000
  0.23372373E+000
  0.23372368E+000
  0.23372363E+000
  0.23372359E+000
  0.23372354E+000
  0.23372350E+000
  0.23372346E+000
  0.23372342E+000
  0.23372338E+000
  0.23372335E+000
  0.23372331E+000
  0.23372328E+000
  0.23372325E+000
  0.23372322E+000
  0.23372320E+000
  0.23372317E+000
  0.23372314E+000
  0.23372312E+000
  0.23372310E+000
  0.23372308E+000
  0.23372306E+000
  0.23372304E+000
  0.23372302E+000
  0.23372300E+000
  0.23372298E+000
  0.23372296E+000
  0.23372295E+000
  0.23372293E+000
  0.23372290E+000
  0.23372292E+000
