  0.37555754E+000
  0.37557519E+000
  0.37558982E+000
  0.37560205E+000
  0.37561233E+000
  0.37562100E+000
  0.37562830E+000
  0.37563443E+000
  0.37563958E+000
  0.37564388E+000
  0.37564745E+000
  0.37565038E+000
  0.37565278E+000
  0.37565470E+000
  0.37565621E+000
  0.37565737E+000
  0.37565822E+000
  0.37565881E+000
  0.37565916E+000
  0.37565931E+000
  0.37565928E+000
  0.37565910E+000
  0.37565877E+000
  0.37565833E+000
  0.37565778E+000
  0.37565714E+000
  0.37565642E+000
  0.37565562E+000
  0.37565476E+000
  0.37565384E+000
  0.37565288E+000
  0.37565187E+000
  0.37565082E+000
  0.37564974E+000
  0.37564863E+000
  0.37564750E+000
  0.37564635E+000
  0.37564517E+000
  0.37564399E+000
  0.37564278E+000
  0.37564157E+000
  0.37564035E+000
  0.37563912E+000
  0.37563788E+000
  0.37563664E+000
  0.37563540E+000
  0.37563415E+000
  0.37563291E+000
  0.37563166E+000
  0.37563041E+000
  0.37562916E+000
  0.37562791E+000
  0.37562667E+000
  0.37562543E+000
  0.37562418E+000
  0.37562295E+000
  0.37562171E+000
  0.37562048E+000
  0.37561925E+000
  0.37561803E+000
  0.37561681E+000
  0.37561560E+000
  0.37561439E+000
  0.37561318E+000
  0.37561198E+000
  0.37561078E+000
  0.37560959E+000
  0.37560841E+000
  0.37560722E+000
  0.37560605E+000
  0.37560487E+000
  0.37560371E+000
  0.37560255E+000
  0.37560139E+000
  0.37560025E+000
  0.37559911E+000
  0.37559797E+000
  0.37559685E+000
  0.37559573E+000
  0.37559462E+000
  0.37559353E+000
  0.37559244E+000
  0.37559136E+000
  0.37559030E+000
  0.37558925E+000
  0.37558822E+000
  0.37558719E+000
  0.37558619E+000
  0.37558519E+000
  0.37558422E+000
  0.37558326E+000
  0.37558232E+000
  0.37558140E+000
  0.37558050E+000
  0.37557961E+000
  0.37557875E+000
  0.37557790E+000
  0.37557708E+000
  0.37557628E+000
  0.37557549E+000
  0.37557473E+000
  0.37557399E+000
  0.37557328E+000
  0.37557258E+000
  0.37557190E+000
  0.37557125E+000
  0.37557062E+000
  0.37557000E+000
  0.37556941E+000
  0.37556884E+000
  0.37556829E+000
  0.37556777E+000
  0.37556726E+000
  0.37556677E+000
  0.37556630E+000
  0.37556585E+000
  0.37556541E+000
  0.37556500E+000
  0.37556460E+000
  0.37556422E+000
  0.37556386E+000
  0.37556351E+000
  0.37556318E+000
  0.37556287E+000
  0.37556256E+000
  0.37556228E+000
  0.37556201E+000
  0.37556175E+000
  0.37556150E+000
  0.37556127E+000
  0.37556105E+000
  0.37556084E+000
  0.37556064E+000
  0.37556045E+000
  0.37556027E+000
  0.37556010E+000
  0.37555994E+000
  0.37555979E+000
  0.37555965E+000
  0.37555952E+000
  0.37555939E+000
  0.37555927E+000
  0.37555916E+000
  0.37555906E+000
  0.37555896E+000
  0.37555886E+000
  0.37555878E+000
  0.37555869E+000
  0.37555862E+000
  0.37555855E+000
  0.37555848E+000
  0.37555842E+000
  0.37555836E+000
  0.37555830E+000
  0.37555825E+000
  0.37555820E+000
  0.37555816E+000
  0.37555811E+000
  0.37555807E+000
  0.37555804E+000
  0.37555800E+000
  0.37555797E+000
  0.37555794E+000
  0.37555791E+000
  0.37555789E+000
  0.37555786E+000
  0.37555784E+000
  0.37555782E+000
  0.37555780E+000
  0.37555778E+000
  0.37555777E+000
  0.37555775E+000
  0.37555774E+000
  0.37555772E+000
  0.37555771E+000
  0.37555770E+000
  0.37555769E+000
  0.37555768E+000
  0.37555767E+000
  0.37555766E+000
  0.37555766E+000
  0.37555765E+000
  0.37555764E+000
  0.37555764E+000
  0.37555763E+000
  0.37555762E+000
  0.37555762E+000
  0.37555761E+000
  0.37555761E+000
  0.37555761E+000
  0.37555760E+000
  0.37555760E+000
  0.37555760E+000
  0.37555759E+000
  0.37555759E+000
  0.37555759E+000
  0.37555759E+000
  0.37555759E+000
  0.37555758E+000
  0.37555758E+000
