  0.82261485E+000
  0.82262346E+000
  0.82263045E+000
  0.82263615E+000
  0.82264089E+000
  0.82264487E+000
  0.82264824E+000
  0.82265110E+000
  0.82265354E+000
  0.82265563E+000
  0.82265742E+000
  0.82265896E+000
  0.82266029E+000
  0.82266143E+000
  0.82266242E+000
  0.82266327E+000
  0.82266400E+000
  0.82266464E+000
  0.82266518E+000
  0.82266564E+000
  0.82266604E+000
  0.82266637E+000
  0.82266665E+000
  0.82266688E+000
  0.82266707E+000
  0.82266722E+000
  0.82266733E+000
  0.82266741E+000
  0.82266745E+000
  0.82266747E+000
  0.82266746E+000
  0.82266743E+000
  0.82266737E+000
  0.82266729E+000
  0.82266719E+000
  0.82266706E+000
  0.82266692E+000
  0.82266676E+000
  0.82266657E+000
  0.82266637E+000
  0.82266614E+000
  0.82266590E+000
  0.82266564E+000
  0.82266536E+000
  0.82266507E+000
  0.82266475E+000
  0.82266442E+000
  0.82266407E+000
  0.82266370E+000
  0.82266331E+000
  0.82266291E+000
  0.82266249E+000
  0.82266205E+000
  0.82266160E+000
  0.82266113E+000
  0.82266064E+000
  0.82266014E+000
  0.82265963E+000
  0.82265910E+000
  0.82265855E+000
  0.82265799E+000
  0.82265742E+000
  0.82265683E+000
  0.82265624E+000
  0.82265562E+000
  0.82265500E+000
  0.82265436E+000
  0.82265371E+000
  0.82265305E+000
  0.82265237E+000
  0.82265169E+000
  0.82265100E+000
  0.82265029E+000
  0.82264958E+000
  0.82264885E+000
  0.82264812E+000
  0.82264738E+000
  0.82264663E+000
  0.82264587E+000
  0.82264511E+000
  0.82264434E+000
  0.82264356E+000
  0.82264278E+000
  0.82264200E+000
  0.82264121E+000
  0.82264042E+000
  0.82263962E+000
  0.82263882E+000
  0.82263803E+000
  0.82263723E+000
  0.82263643E+000
  0.82263563E+000
  0.82263483E+000
  0.82263404E+000
  0.82263325E+000
  0.82263246E+000
  0.82263167E+000
  0.82263089E+000
  0.82263011E+000
  0.82262934E+000
  0.82262857E+000
  0.82262781E+000
  0.82262706E+000
  0.82262632E+000
  0.82262558E+000
  0.82262485E+000
  0.82262413E+000
  0.82262342E+000
  0.82262272E+000
  0.82262203E+000
  0.82262135E+000
  0.82262068E+000
  0.82262002E+000
  0.82261938E+000
  0.82261874E+000
  0.82261812E+000
  0.82261751E+000
  0.82261691E+000
  0.82261633E+000
  0.82261576E+000
  0.82261520E+000
  0.82261466E+000
  0.82261413E+000
  0.82261362E+000
  0.82261312E+000
  0.82261264E+000
  0.82261217E+000
  0.82261171E+000
  0.82261127E+000
  0.82261085E+000
  0.82261044E+000
  0.82261004E+000
  0.82260966E+000
  0.82260930E+000
  0.82260895E+000
  0.82260861E+000
  0.82260830E+000
  0.82260799E+000
  0.82260770E+000
  0.82260743E+000
  0.82260717E+000
  0.82260693E+000
  0.82260670E+000
  0.82260648E+000
  0.82260628E+000
  0.82260610E+000
  0.82260593E+000
  0.82260577E+000
  0.82260563E+000
  0.82260549E+000
  0.82260538E+000
  0.82260527E+000
  0.82260518E+000
  0.82260510E+000
  0.82260503E+000
  0.82260498E+000
  0.82260494E+000
  0.82260490E+000
  0.82260488E+000
  0.82260487E+000
  0.82260487E+000
  0.82260488E+000
  0.82260490E+000
  0.82260493E+000
  0.82260497E+000
  0.82260501E+000
  0.82260507E+000
  0.82260513E+000
  0.82260520E+000
  0.82260528E+000
  0.82260536E+000
  0.82260545E+000
  0.82260555E+000
  0.82260565E+000
  0.82260576E+000
  0.82260587E+000
  0.82260599E+000
  0.82260611E+000
  0.82260624E+000
  0.82260637E+000
  0.82260650E+000
  0.82260663E+000
  0.82260677E+000
  0.82260691E+000
  0.82260706E+000
  0.82260720E+000
  0.82260735E+000
  0.82260750E+000
  0.82260765E+000
  0.82260780E+000
  0.82260795E+000
  0.82260810E+000
  0.82260825E+000
  0.82260840E+000
  0.82260855E+000
  0.82260870E+000
  0.82260885E+000
  0.82260900E+000
  0.82260915E+000
  0.82260930E+000
