  0.93159550E+000
  0.93246857E+000
  0.93294462E+000
  0.93323502E+000
  0.93340947E+000
  0.93350350E+000
  0.93353997E+000
  0.93353490E+000
  0.93349985E+000
  0.93344367E+000
  0.93337309E+000
  0.93329308E+000
  0.93320734E+000
  0.93311868E+000
  0.93302920E+000
  0.93294041E+000
  0.93285343E+000
  0.93276906E+000
  0.93268783E+000
  0.93261009E+000
  0.93253605E+000
  0.93246580E+000
  0.93239935E+000
  0.93233666E+000
  0.93227766E+000
  0.93222224E+000
  0.93217026E+000
  0.93212158E+000
  0.93207608E+000
  0.93203358E+000
  0.93199395E+000
  0.93195704E+000
  0.93192271E+000
  0.93189081E+000
  0.93186123E+000
  0.93183383E+000
  0.93180851E+000
  0.93178514E+000
  0.93176364E+000
  0.93174389E+000
  0.93172581E+000
  0.93170930E+000
  0.93169430E+000
  0.93168070E+000
  0.93166845E+000
  0.93165745E+000
  0.93164764E+000
  0.93163893E+000
  0.93163126E+000
  0.93162454E+000
  0.93161871E+000
  0.93161368E+000
  0.93160938E+000
  0.93160575E+000
  0.93160270E+000
  0.93160018E+000
  0.93159811E+000
  0.93159643E+000
  0.93159510E+000
  0.93159405E+000
  0.93159324E+000
  0.93159264E+000
  0.93159219E+000
  0.93159188E+000
  0.93159168E+000
  0.93159155E+000
  0.93159150E+000
  0.93159149E+000
  0.93159152E+000
  0.93159157E+000
  0.93159165E+000
  0.93159174E+000
  0.93159184E+000
  0.93159195E+000
  0.93159206E+000
  0.93159216E+000
  0.93159227E+000
  0.93159238E+000
  0.93159248E+000
  0.93159258E+000
  0.93159268E+000
  0.93159277E+000
  0.93159286E+000
  0.93159295E+000
  0.93159303E+000
  0.93159311E+000
  0.93159319E+000
  0.93159326E+000
  0.93159333E+000
  0.93159340E+000
  0.93159346E+000
  0.93159353E+000
  0.93159359E+000
  0.93159365E+000
  0.93159370E+000
  0.93159376E+000
  0.93159381E+000
  0.93159387E+000
  0.93159392E+000
  0.93159397E+000
  0.93159401E+000
  0.93159406E+000
  0.93159411E+000
  0.93159415E+000
  0.93159420E+000
  0.93159424E+000
  0.93159428E+000
  0.93159432E+000
  0.93159436E+000
  0.93159440E+000
  0.93159444E+000
  0.93159448E+000
  0.93159452E+000
  0.93159456E+000
  0.93159459E+000
  0.93159463E+000
  0.93159466E+000
  0.93159470E+000
  0.93159473E+000
  0.93159476E+000
  0.93159480E+000
  0.93159483E+000
  0.93159486E+000
  0.93159489E+000
  0.93159492E+000
  0.93159495E+000
  0.93159498E+000
  0.93159501E+000
  0.93159504E+000
  0.93159506E+000
  0.93159509E+000
  0.93159512E+000
  0.93159514E+000
  0.93159517E+000
  0.93159519E+000
  0.93159521E+000
  0.93159524E+000
  0.93159526E+000
  0.93159528E+000
  0.93159530E+000
  0.93159532E+000
  0.93159534E+000
  0.93159536E+000
  0.93159538E+000
  0.93159540E+000
  0.93159541E+000
  0.93159543E+000
  0.93159545E+000
  0.93159546E+000
  0.93159548E+000
  0.93159549E+000
  0.93159550E+000
  0.93159552E+000
  0.93159553E+000
  0.93159554E+000
  0.93159555E+000
  0.93159556E+000
  0.93159557E+000
  0.93159558E+000
  0.93159559E+000
  0.93159560E+000
  0.93159561E+000
  0.93159562E+000
  0.93159562E+000
  0.93159563E+000
  0.93159564E+000
  0.93159564E+000
  0.93159565E+000
  0.93159565E+000
  0.93159565E+000
  0.93159566E+000
  0.93159566E+000
  0.93159566E+000
  0.93159567E+000
  0.93159567E+000
  0.93159567E+000
  0.93159567E+000
  0.93159567E+000
  0.93159567E+000
  0.93159568E+000
  0.93159568E+000
  0.93159568E+000
  0.93159568E+000
  0.93159567E+000
  0.93159567E+000
  0.93159567E+000
  0.93159567E+000
  0.93159567E+000
  0.93159567E+000
  0.93159567E+000
  0.93159567E+000
  0.93159566E+000
  0.93159566E+000
  0.93159566E+000
  0.93159566E+000
  0.93159565E+000
  0.93159565E+000
  0.93159565E+000
  0.93159565E+000
  0.93159565E+000
