  0.43170996E+000
  0.43140579E+000
  0.43123399E+000
  0.43111085E+000
  0.43101506E+000
  0.43093616E+000
  0.43086976E+000
  0.43081874E+000
  0.43077257E+000
  0.43073361E+000
  0.43070527E+000
  0.43067951E+000
  0.43066179E+000
  0.43064151E+000
  0.43062717E+000
  0.43061500E+000
  0.43060661E+000
  0.43059667E+000
  0.43059002E+000
  0.43058520E+000
  0.43058256E+000
  0.43057828E+000
  0.43057500E+000
  0.43057251E+000
  0.43057018E+000
  0.43056839E+000
  0.43056694E+000
  0.43056629E+000
  0.43056650E+000
  0.43056685E+000
  0.43056697E+000
  0.43056816E+000
  0.43056859E+000
  0.43056909E+000
  0.43056958E+000
  0.43057015E+000
  0.43057074E+000
  0.43057135E+000
  0.43057196E+000
  0.43057252E+000
  0.43057306E+000
  0.43057357E+000
  0.43057404E+000
  0.43057445E+000
  0.43057487E+000
  0.43057526E+000
  0.43057557E+000
  0.43057587E+000
  0.43057610E+000
  0.43057630E+000
  0.43057646E+000
  0.43057660E+000
  0.43057671E+000
  0.43057680E+000
  0.43057681E+000
  0.43057686E+000
  0.43057686E+000
  0.43057688E+000
  0.43057689E+000
  0.43057688E+000
  0.43057687E+000
  0.43057686E+000
  0.43057683E+000
  0.43057682E+000
  0.43057678E+000
  0.43057674E+000
  0.43057669E+000
  0.43057663E+000
  0.43057658E+000
  0.43057651E+000
  0.43057644E+000
  0.43057636E+000
  0.43057627E+000
  0.43057618E+000
  0.43057608E+000
  0.43057597E+000
  0.43057587E+000
  0.43057576E+000
  0.43057561E+000
  0.43057549E+000
  0.43057535E+000
  0.43057521E+000
  0.43057507E+000
  0.43057492E+000
  0.43057476E+000
  0.43057373E+000
  0.43057357E+000
  0.43057340E+000
  0.43057323E+000
  0.43057305E+000
  0.43057287E+000
  0.43057269E+000
  0.43057251E+000
  0.43057232E+000
  0.43057213E+000
  0.43057194E+000
  0.43057175E+000
  0.43057156E+000
  0.43057136E+000
  0.43057117E+000
  0.43057097E+000
  0.43057077E+000
  0.43057058E+000
  0.43057038E+000
  0.43057019E+000
  0.43057000E+000
  0.43056981E+000
  0.43056962E+000
  0.43056943E+000
  0.43056925E+000
  0.43056907E+000
  0.43056889E+000
  0.43056872E+000
  0.43056855E+000
  0.43056839E+000
  0.43056823E+000
  0.43056808E+000
  0.43056793E+000
  0.43056779E+000
  0.43056766E+000
  0.43056754E+000
  0.43056742E+000
  0.43056731E+000
  0.43056720E+000
  0.43056711E+000
  0.43056702E+000
  0.43056695E+000
  0.43056688E+000
  0.43056682E+000
  0.43056677E+000
  0.43056674E+000
  0.43056671E+000
  0.43056669E+000
  0.43056669E+000
  0.43056669E+000
  0.43056671E+000
  0.43056674E+000
  0.43056678E+000
  0.43056683E+000
  0.43056690E+000
  0.43056697E+000
  0.43056706E+000
  0.43056716E+000
  0.43056727E+000
  0.43056739E+000
  0.43056753E+000
  0.43056768E+000
  0.43056784E+000
  0.43056801E+000
  0.43056819E+000
  0.43056839E+000
  0.43056859E+000
  0.43056881E+000
  0.43056903E+000
  0.43056927E+000
  0.43056952E+000
  0.43056977E+000
  0.43057004E+000
  0.43057032E+000
  0.43057060E+000
  0.43057090E+000
  0.43057120E+000
  0.43057151E+000
  0.43057183E+000
  0.43057215E+000
  0.43057248E+000
  0.43057282E+000
  0.43057316E+000
  0.43057351E+000
  0.43057387E+000
  0.43057422E+000
  0.43057459E+000
  0.43057495E+000
  0.43057532E+000
  0.43057570E+000
  0.43057607E+000
  0.43057645E+000
  0.43057683E+000
  0.43057721E+000
  0.43057759E+000
  0.43057797E+000
  0.43057835E+000
  0.43057873E+000
  0.43057911E+000
  0.43057949E+000
  0.43057986E+000
  0.43058024E+000
  0.43058061E+000
  0.43058098E+000
  0.43058135E+000
  0.43058172E+000
  0.43058208E+000
  0.43058244E+000
  0.43058279E+000
  0.43058314E+000
  0.43058349E+000
  0.43058383E+000
  0.43058417E+000
  0.43058450E+000
  0.43058483E+000
