  0.35526659E+000
  0.35503156E+000
  0.35486111E+000
  0.35473297E+000
  0.35463144E+000
  0.35454932E+000
  0.35448339E+000
  0.35442883E+000
  0.35438073E+000
  0.35434235E+000
  0.35430726E+000
  0.35428088E+000
  0.35425943E+000
  0.35424102E+000
  0.35422477E+000
  0.35421237E+000
  0.35420006E+000
  0.35419071E+000
  0.35418000E+000
  0.35417319E+000
  0.35416757E+000
  0.35416275E+000
  0.35415911E+000
  0.35415619E+000
  0.35415369E+000
  0.35415162E+000
  0.35415023E+000
  0.35414925E+000
  0.35414842E+000
  0.35414781E+000
  0.35414742E+000
  0.35414682E+000
  0.35414666E+000
  0.35414661E+000
  0.35414664E+000
  0.35414679E+000
  0.35414692E+000
  0.35414707E+000
  0.35414723E+000
  0.35414738E+000
  0.35414753E+000
  0.35414767E+000
  0.35414780E+000
  0.35414791E+000
  0.35414804E+000
  0.35414812E+000
  0.35414856E+000
  0.35414860E+000
  0.35414863E+000
  0.35414865E+000
  0.35414865E+000
  0.35414865E+000
  0.35414863E+000
  0.35414861E+000
  0.35414860E+000
  0.35414856E+000
  0.35414852E+000
  0.35414847E+000
  0.35414842E+000
  0.35414836E+000
  0.35414850E+000
  0.35414844E+000
  0.35414836E+000
  0.35414828E+000
  0.35414821E+000
  0.35414810E+000
  0.35414802E+000
  0.35414794E+000
  0.35414785E+000
  0.35414776E+000
  0.35414766E+000
  0.35414757E+000
  0.35414747E+000
  0.35414736E+000
  0.35414725E+000
  0.35414714E+000
  0.35414703E+000
  0.35414691E+000
  0.35414680E+000
  0.35414667E+000
  0.35414655E+000
  0.35414642E+000
  0.35414629E+000
  0.35414616E+000
  0.35414602E+000
  0.35414589E+000
  0.35414575E+000
  0.35414560E+000
  0.35414546E+000
  0.35414531E+000
  0.35414516E+000
  0.35414500E+000
  0.35414485E+000
  0.35414469E+000
  0.35414453E+000
  0.35414437E+000
  0.35414421E+000
  0.35414404E+000
  0.35414388E+000
  0.35414371E+000
  0.35414355E+000
  0.35414338E+000
  0.35414321E+000
  0.35414305E+000
  0.35414288E+000
  0.35414272E+000
  0.35414255E+000
  0.35414239E+000
  0.35414223E+000
  0.35414207E+000
  0.35414191E+000
  0.35414176E+000
  0.35414161E+000
  0.35414146E+000
  0.35414131E+000
  0.35414117E+000
  0.35414104E+000
  0.35414090E+000
  0.35414078E+000
  0.35414066E+000
  0.35414054E+000
  0.35414043E+000
  0.35414033E+000
  0.35414023E+000
  0.35414014E+000
  0.35414006E+000
  0.35413999E+000
  0.35413992E+000
  0.35413986E+000
  0.35413981E+000
  0.35413977E+000
  0.35413974E+000
  0.35413972E+000
  0.35413971E+000
  0.35413970E+000
  0.35413971E+000
  0.35413973E+000
  0.35413976E+000
  0.35413980E+000
  0.35413985E+000
  0.35413991E+000
  0.35413999E+000
  0.35414007E+000
  0.35414017E+000
  0.35414028E+000
  0.35414040E+000
  0.35414053E+000
  0.35414067E+000
  0.35414082E+000
  0.35414099E+000
  0.35414116E+000
  0.35414135E+000
  0.35414155E+000
  0.35414176E+000
  0.35414198E+000
  0.35414221E+000
  0.35414245E+000
  0.35414270E+000
  0.35414296E+000
  0.35414323E+000
  0.35414351E+000
  0.35414380E+000
  0.35414409E+000
  0.35414440E+000
  0.35414471E+000
  0.35414503E+000
  0.35414535E+000
  0.35414569E+000
  0.35414603E+000
  0.35414637E+000
  0.35414672E+000
  0.35414708E+000
  0.35414744E+000
  0.35414780E+000
  0.35414817E+000
  0.35414854E+000
  0.35414891E+000
  0.35414929E+000
  0.35414967E+000
  0.35415005E+000
  0.35415043E+000
  0.35415081E+000
  0.35415119E+000
  0.35415158E+000
  0.35415196E+000
  0.35415234E+000
  0.35415272E+000
  0.35415310E+000
  0.35415347E+000
  0.35415385E+000
  0.35415422E+000
  0.35415459E+000
  0.35415496E+000
  0.35415532E+000
  0.35415568E+000
  0.35415604E+000
  0.35415639E+000
  0.35415674E+000
  0.35415708E+000
  0.35415742E+000
