  0.91291450E+000
  0.91297176E+000
  0.91301016E+000
  0.91303680E+000
  0.91305549E+000
  0.91306838E+000
  0.91307689E+000
  0.91308207E+000
  0.91308466E+000
  0.91308528E+000
  0.91308438E+000
  0.91308235E+000
  0.91307945E+000
  0.91307592E+000
  0.91307193E+000
  0.91306763E+000
  0.91306311E+000
  0.91305846E+000
  0.91305376E+000
  0.91304905E+000
  0.91304438E+000
  0.91303977E+000
  0.91303525E+000
  0.91303084E+000
  0.91302656E+000
  0.91302240E+000
  0.91301840E+000
  0.91301454E+000
  0.91301083E+000
  0.91300728E+000
  0.91300388E+000
  0.91300065E+000
  0.91299757E+000
  0.91299464E+000
  0.91299187E+000
  0.91298926E+000
  0.91298680E+000
  0.91298448E+000
  0.91298230E+000
  0.91298027E+000
  0.91297837E+000
  0.91297660E+000
  0.91297496E+000
  0.91297343E+000
  0.91297201E+000
  0.91297070E+000
  0.91296948E+000
  0.91296836E+000
  0.91296731E+000
  0.91296634E+000
  0.91296542E+000
  0.91296457E+000
  0.91296376E+000
  0.91296300E+000
  0.91296226E+000
  0.91296156E+000
  0.91296087E+000
  0.91296020E+000
  0.91295954E+000
  0.91295889E+000
  0.91295824E+000
  0.91295759E+000
  0.91295694E+000
  0.91295629E+000
  0.91295563E+000
  0.91295496E+000
  0.91295428E+000
  0.91295359E+000
  0.91295290E+000
  0.91295219E+000
  0.91295148E+000
  0.91295075E+000
  0.91295002E+000
  0.91294928E+000
  0.91294853E+000
  0.91294777E+000
  0.91294700E+000
  0.91294622E+000
  0.91294544E+000
  0.91294465E+000
  0.91294385E+000
  0.91294305E+000
  0.91294225E+000
  0.91294144E+000
  0.91294063E+000
  0.91293981E+000
  0.91293900E+000
  0.91293818E+000
  0.91293736E+000
  0.91293655E+000
  0.91293573E+000
  0.91293491E+000
  0.91293410E+000
  0.91293329E+000
  0.91293249E+000
  0.91293168E+000
  0.91293089E+000
  0.91293010E+000
  0.91292931E+000
  0.91292853E+000
  0.91292776E+000
  0.91292700E+000
  0.91292624E+000
  0.91292550E+000
  0.91292476E+000
  0.91292404E+000
  0.91292332E+000
  0.91292262E+000
  0.91292192E+000
  0.91292124E+000
  0.91292057E+000
  0.91291991E+000
  0.91291927E+000
  0.91291864E+000
  0.91291802E+000
  0.91291742E+000
  0.91291682E+000
  0.91291625E+000
  0.91291569E+000
  0.91291514E+000
  0.91291461E+000
  0.91291409E+000
  0.91291359E+000
  0.91291310E+000
  0.91291263E+000
  0.91291217E+000
  0.91291173E+000
  0.91291130E+000
  0.91291089E+000
  0.91291050E+000
  0.91291012E+000
  0.91290975E+000
  0.91290941E+000
  0.91290907E+000
  0.91290875E+000
  0.91290845E+000
  0.91290816E+000
  0.91290789E+000
  0.91290763E+000
  0.91290739E+000
  0.91290716E+000
  0.91290695E+000
  0.91290675E+000
  0.91290656E+000
  0.91290639E+000
  0.91290623E+000
  0.91290609E+000
  0.91290596E+000
  0.91290584E+000
  0.91290573E+000
  0.91290564E+000
  0.91290556E+000
  0.91290549E+000
  0.91290543E+000
  0.91290538E+000
  0.91290534E+000
  0.91290532E+000
  0.91290530E+000
  0.91290530E+000
  0.91290530E+000
  0.91290531E+000
  0.91290533E+000
  0.91290536E+000
  0.91290540E+000
  0.91290545E+000
  0.91290550E+000
  0.91290556E+000
  0.91290563E+000
  0.91290571E+000
  0.91290579E+000
  0.91290587E+000
  0.91290597E+000
  0.91290606E+000
  0.91290616E+000
  0.91290627E+000
  0.91290638E+000
  0.91290650E+000
  0.91290661E+000
  0.91290673E+000
  0.91290686E+000
  0.91290699E+000
  0.91290712E+000
  0.91290725E+000
  0.91290738E+000
  0.91290751E+000
  0.91290765E+000
  0.91290779E+000
  0.91290793E+000
  0.91290806E+000
  0.91290820E+000
  0.91290834E+000
  0.91290848E+000
  0.91290862E+000
  0.91290876E+000
  0.91290890E+000
  0.91290904E+000
  0.91290918E+000
  0.91290931E+000
  0.91290945E+000
  0.91290958E+000
