 -0.48122037E+000 -0.23336945E+000 -0.54907317E-002 -0.45313024E-002 -0.16530146E-002  0.22934688E+000  0.34247353E+001  0.16556435E+002  0.33185592E+002  0.10316519E+003  0.17234824E+003
 -0.48139474E+000 -0.23524892E+000 -0.54985153E-002 -0.45395346E-002 -0.16625926E-002  0.22926312E+000  0.34245551E+001  0.16556345E+002  0.33160102E+002  0.10316515E+003  0.17234809E+003
 -0.48149616E+000 -0.23581284E+000 -0.55020784E-002 -0.45427502E-002 -0.16647657E-002  0.22926098E+000  0.34245933E+001  0.16556369E+002  0.33136515E+002  0.10316515E+003  0.17234811E+003
 -0.48155303E+000 -0.23654573E+000 -0.55038852E-002 -0.45443113E-002 -0.16655897E-002  0.22926705E+000  0.34246233E+001  0.16556384E+002  0.33081755E+002  0.10316515E+003  0.17234813E+003
 -0.48158012E+000 -0.23701756E+000 -0.55047709E-002 -0.45450671E-002 -0.16659555E-002  0.22927348E+000  0.34246410E+001  0.16556394E+002  0.33074847E+002  0.10316515E+003  0.17234815E+003
 -0.48158702E+000 -0.23724973E+000 -0.55050921E-002 -0.45453256E-002 -0.16660263E-002  0.22927882E+000  0.34246528E+001  0.16556401E+002  0.33069295E+002  0.10316515E+003  0.17234817E+003
 -0.48158054E+000 -0.23730686E+000 -0.55050396E-002 -0.45452496E-002 -0.16658798E-002  0.22928371E+000  0.34246616E+001  0.16556406E+002  0.33064818E+002  0.10316515E+003  0.17234818E+003
 -0.48156553E+000 -0.23723754E+000 -0.55047322E-002 -0.45449431E-002 -0.16655760E-002  0.22928826E+000  0.34246686E+001  0.16556410E+002  0.33061213E+002  0.10316514E+003  0.17234818E+003
 -0.48154542E+000 -0.23707881E+000 -0.55042484E-002 -0.45444759E-002 -0.16651585E-002  0.22929243E+000  0.34246743E+001  0.16556413E+002  0.33058326E+002  0.10316514E+003  0.17234819E+003
 -0.48152263E+000 -0.23685954E+000 -0.55036461E-002 -0.45439007E-002 -0.16646645E-002  0.22929625E+000  0.34246790E+001  0.16556415E+002  0.33056032E+002  0.10316514E+003  0.17234819E+003
 -0.48149882E+000 -0.23660192E+000 -0.55029682E-002 -0.45432569E-002 -0.16641230E-002  0.22929975E+000  0.34246831E+001  0.16556417E+002  0.33054232E+002  0.10316514E+003  0.17234820E+003
 -0.48147509E+000 -0.23632271E+000 -0.55022460E-002 -0.45425731E-002 -0.16635544E-002  0.22930296E+000  0.34246865E+001  0.16556419E+002  0.33052842E+002  0.10316514E+003  0.17234820E+003
 -0.48145214E+000 -0.23603444E+000 -0.55015023E-002 -0.45418703E-002 -0.16629741E-002  0.22930593E+000  0.34246896E+001  0.16556421E+002  0.33051795E+002  0.10316514E+003  0.17234820E+003
 -0.48143040E+000 -0.23581420E+000 -0.55007548E-002 -0.45411645E-002 -0.16623937E-002  0.22930866E+000  0.34246923E+001  0.16556422E+002  0.33051033E+002  0.10316514E+003  0.17234821E+003
 -0.48141012E+000 -0.23569071E+000 -0.55000165E-002 -0.45404678E-002 -0.16618221E-002  0.22931119E+000  0.34246947E+001  0.16556423E+002  0.33050509E+002  0.10316514E+003  0.17234821E+003
 -0.48139139E+000 -0.23557232E+000 -0.54992968E-002 -0.45397889E-002 -0.16612652E-002  0.22931352E+000  0.34246968E+001  0.16556424E+002  0.33050182E+002  0.10316514E+003  0.17234821E+003
 -0.48137423E+000 -0.23546031E+000 -0.54986029E-002 -0.45391340E-002 -0.16607274E-002  0.22931567E+000  0.34246988E+001  0.16556425E+002  0.33050019E+002  0.10316514E+003  0.17234821E+003
 -0.48135861E+000 -0.23535546E+000 -0.54979399E-002 -0.45385079E-002 -0.16602122E-002  0.22931766E+000  0.34247006E+001  0.16556425E+002  0.33049990E+002  0.10316514E+003  0.17234821E+003
 -0.48134446E+000 -0.23525813E+000 -0.54973113E-002 -0.45379138E-002 -0.16597215E-002  0.22931949E+000  0.34247023E+001  0.16556426E+002  0.33050071E+002  0.10316514E+003  0.17234821E+003
 -0.48133169E+000 -0.23516841E+000 -0.54967196E-002 -0.45373539E-002 -0.16592568E-002  0.22932119E+000  0.34247038E+001  0.16556426E+002  0.33050241E+002  0.10316514E+003  0.17234821E+003
 -0.48132019E+000 -0.23508616E+000 -0.54961657E-002 -0.45368289E-002 -0.16588185E-002  0.22932276E+000  0.34247052E+001  0.16556427E+002  0.33050484E+002  0.10316514E+003  0.17234821E+003
 -0.48130987E+000 -0.23501114E+000 -0.54956503E-002 -0.45363394E-002 -0.16584069E-002  0.22932421E+000  0.34247065E+001  0.16556427E+002  0.33050785E+002  0.10316514E+003  0.17234821E+003
 -0.48130062E+000 -0.23494298E+000 -0.54951729E-002 -0.45358851E-002 -0.16580216E-002  0.22932556E+000  0.34247078E+001  0.16556427E+002  0.33051131E+002  0.10316513E+003  0.17234822E+003
 -0.48129235E+000 -0.23488128E+000 -0.54947331E-002 -0.45354653E-002 -0.16576620E-002  0.22932681E+000  0.34247089E+001  0.16556428E+002  0.33051511E+002  0.10316513E+003  0.17234822E+003
 -0.48128496E+000 -0.23482559E+000 -0.54943296E-002 -0.45350791E-002 -0.16573276E-002  0.22932798E+000  0.34247100E+001  0.16556428E+002  0.33051917E+002  0.10316513E+003  0.17234822E+003
 -0.48127837E+000 -0.23477548E+000 -0.54939610E-002 -0.45347250E-002 -0.16570172E-002  0.22932906E+000  0.34247111E+001  0.16556428E+002  0.33052340E+002  0.10316513E+003  0.17234822E+003
 -0.48127250E+000 -0.23473049E+000 -0.54936257E-002 -0.45344018E-002 -0.16567300E-002  0.22933007E+000  0.34247120E+001  0.16556428E+002  0.33052776E+002  0.10316513E+003  0.17234822E+003
 -0.48126727E+000 -0.23469020E+000 -0.54933219E-002 -0.45341076E-002 -0.16564648E-002  0.22933101E+000  0.34247130E+001  0.16556428E+002  0.33053216E+002  0.10316513E+003  0.17234822E+003
 -0.48126263E+000 -0.23457969E+000 -0.54930478E-002 -0.45338409E-002 -0.16562205E-002  0.22933189E+000  0.34247138E+001  0.16556429E+002  0.33053658E+002  0.10316513E+003  0.17234822E+003
 -0.48125851E+000 -0.23445843E+000 -0.54928012E-002 -0.45335999E-002 -0.16559959E-002  0.22933271E+000  0.34247146E+001  0.16556429E+002  0.33054097E+002  0.10316513E+003  0.17234822E+003
 -0.48125486E+000 -0.23435039E+000 -0.54925803E-002 -0.45333826E-002 -0.16557899E-002  0.22933348E+000  0.34247154E+001  0.16556429E+002  0.33054529E+002  0.10316513E+003  0.17234822E+003
 -0.48125162E+000 -0.23425429E+000 -0.54923829E-002 -0.45331874E-002 -0.16556011E-002  0.22933419E+000  0.34247161E+001  0.16556429E+002  0.33054952E+002  0.10316513E+003  0.17234822E+003
 -0.48124875E+000 -0.23416889E+000 -0.54922071E-002 -0.45330125E-002 -0.16554286E-002  0.22933486E+000  0.34247168E+001  0.16556429E+002  0.33055363E+002  0.10316513E+003  0.17234822E+003
 -0.48124621E+000 -0.23409307E+000 -0.54920510E-002 -0.45328560E-002 -0.16552711E-002  0.22933549E+000  0.34247175E+001  0.16556429E+002  0.33055760E+002  0.10316513E+003  0.17234822E+003
 -0.48124396E+000 -0.23402580E+000 -0.54919127E-002 -0.45327164E-002 -0.16551275E-002  0.22933607E+000  0.34247181E+001  0.16556429E+002  0.33056142E+002  0.10316513E+003  0.17234822E+003
 -0.48124197E+000 -0.23396612E+000 -0.54917905E-002 -0.45325920E-002 -0.16549968E-002  0.22933662E+000  0.34247186E+001  0.16556429E+002  0.33056508E+002  0.10316513E+003  0.17234822E+003
 -0.48124021E+000 -0.23391319E+000 -0.54916826E-002 -0.45324814E-002 -0.16548779E-002  0.22933713E+000  0.34247192E+001  0.16556429E+002  0.33056856E+002  0.10316513E+003  0.17234822E+003
 -0.48123864E+000 -0.23386621E+000 -0.54915876E-002 -0.45323832E-002 -0.16547700E-002  0.22933761E+000  0.34247197E+001  0.16556429E+002  0.33057187E+002  0.10316513E+003  0.17234822E+003
 -0.48123725E+000 -0.23382449E+000 -0.54915040E-002 -0.45322960E-002 -0.16546720E-002  0.22933806E+000  0.34247201E+001  0.16556429E+002  0.33057498E+002  0.10316513E+003  0.17234822E+003
 -0.48123602E+000 -0.23378742E+000 -0.54914305E-002 -0.45322186E-002 -0.16545832E-002  0.22933847E+000  0.34247206E+001  0.16556430E+002  0.33057792E+002  0.10316513E+003  0.17234822E+003
 -0.48123492E+000 -0.23375442E+000 -0.54913658E-002 -0.45321500E-002 -0.16545027E-002  0.22933886E+000  0.34247210E+001  0.16556430E+002  0.33058067E+002  0.10316513E+003  0.17234822E+003
 -0.48123394E+000 -0.23372502E+000 -0.54913090E-002 -0.45320892E-002 -0.16544299E-002  0.22933922E+000  0.34247213E+001  0.16556430E+002  0.33058323E+002  0.10316513E+003  0.17234822E+003
 -0.48123306E+000 -0.23369879E+000 -0.54912590E-002 -0.45320352E-002 -0.16543639E-002  0.22933955E+000  0.34247217E+001  0.16556430E+002  0.33058562E+002  0.10316513E+003  0.17234822E+003
 -0.48123228E+000 -0.23367534E+000 -0.54912150E-002 -0.45319873E-002 -0.16543042E-002  0.22933985E+000  0.34247220E+001  0.16556430E+002  0.33058784E+002  0.10316513E+003  0.17234822E+003
 -0.48123157E+000 -0.23365435E+000 -0.54911763E-002 -0.45319447E-002 -0.16542501E-002  0.22934013E+000  0.34247223E+001  0.16556430E+002  0.33058989E+002  0.10316513E+003  0.17234822E+003
 -0.48123094E+000 -0.23363555E+000 -0.54911421E-002 -0.45319068E-002 -0.16542010E-002  0.22934039E+000  0.34247226E+001  0.16556430E+002  0.33059179E+002  0.10316513E+003  0.17234822E+003
 -0.48123037E+000 -0.23361868E+000 -0.54911118E-002 -0.45318730E-002 -0.16541564E-002  0.22934062E+000  0.34247228E+001  0.16556430E+002  0.33059353E+002  0.10316513E+003  0.17234822E+003
 -0.48122986E+000 -0.23360353E+000 -0.54910851E-002 -0.45318428E-002 -0.16541159E-002  0.22934084E+000  0.34247231E+001  0.16556430E+002  0.33059513E+002  0.10316513E+003  0.17234822E+003
 -0.48122939E+000 -0.23358991E+000 -0.54910614E-002 -0.45318157E-002 -0.16540789E-002  0.22934103E+000  0.34247233E+001  0.16556430E+002  0.33059659E+002  0.10316513E+003  0.17234822E+003
 -0.48122897E+000 -0.23357768E+000 -0.54910403E-002 -0.45317915E-002 -0.16540450E-002  0.22934121E+000  0.34247235E+001  0.16556430E+002  0.33059793E+002  0.10316513E+003  0.17234822E+003
 -0.48122859E+000 -0.23356669E+000 -0.54910216E-002 -0.45317697E-002 -0.16540138E-002  0.22934137E+000  0.34247237E+001  0.16556430E+002  0.33059916E+002  0.10316513E+003  0.17234822E+003
 -0.48122824E+000 -0.23355680E+000 -0.54910050E-002 -0.45317500E-002 -0.16539850E-002  0.22934151E+000  0.34247239E+001  0.16556430E+002  0.33060028E+002  0.10316513E+003  0.17234822E+003
 -0.48122793E+000 -0.23354792E+000 -0.54909901E-002 -0.45317321E-002 -0.16539582E-002  0.22934164E+000  0.34247241E+001  0.16556430E+002  0.33060132E+002  0.10316513E+003  0.17234821E+003
 -0.48122765E+000 -0.23353995E+000 -0.54909769E-002 -0.45317160E-002 -0.16539333E-002  0.22934176E+000  0.34247242E+001  0.16556430E+002  0.33060227E+002  0.10316513E+003  0.17234821E+003
 -0.48122739E+000 -0.23353278E+000 -0.54909651E-002 -0.45317012E-002 -0.16539098E-002  0.22934187E+000  0.34247244E+001  0.16556430E+002  0.33060316E+002  0.10316513E+003  0.17234821E+003
 -0.48122715E+000 -0.23352634E+000 -0.54909545E-002 -0.45316878E-002 -0.16538877E-002  0.22934197E+000  0.34247246E+001  0.16556430E+002  0.33060401E+002  0.10316513E+003  0.17234821E+003
 -0.48122693E+000 -0.23352054E+000 -0.54909450E-002 -0.45316754E-002 -0.16538667E-002  0.22934206E+000  0.34247247E+001  0.16556430E+002  0.33060481E+002  0.10316513E+003  0.17234821E+003
 -0.48122673E+000 -0.23351531E+000 -0.54909365E-002 -0.45316641E-002 -0.16538466E-002  0.22934215E+000  0.34247248E+001  0.16556430E+002  0.33060560E+002  0.10316513E+003  0.17234821E+003
 -0.48122655E+000 -0.23351060E+000 -0.54909289E-002 -0.45316535E-002 -0.16538274E-002  0.22934223E+000  0.34247250E+001  0.16556430E+002  0.33060638E+002  0.10316513E+003  0.17234821E+003
 -0.48122638E+000 -0.23350631E+000 -0.54909221E-002 -0.45316438E-002 -0.16538089E-002  0.22934231E+000  0.34247251E+001  0.16556430E+002  0.33060718E+002  0.10316513E+003  0.17234821E+003
 -0.48122622E+000 -0.23350241E+000 -0.54909159E-002 -0.45316346E-002 -0.16537910E-002  0.22934238E+000  0.34247253E+001  0.16556430E+002  0.33060799E+002  0.10316513E+003  0.17234821E+003
 -0.48122607E+000 -0.23349884E+000 -0.54909102E-002 -0.45316260E-002 -0.16537736E-002  0.22934246E+000  0.34247254E+001  0.16556430E+002  0.33060885E+002  0.10316513E+003  0.17234821E+003
 -0.48122593E+000 -0.23349555E+000 -0.54909051E-002 -0.45316179E-002 -0.16537566E-002  0.22934253E+000  0.34247255E+001  0.16556430E+002  0.33060975E+002  0.10316513E+003  0.17234821E+003
 -0.48122579E+000 -0.23349250E+000 -0.54909003E-002 -0.45316102E-002 -0.16537400E-002  0.22934260E+000  0.34247257E+001  0.16556430E+002  0.33061073E+002  0.10316513E+003  0.17234821E+003
 -0.48122567E+000 -0.23348964E+000 -0.54908960E-002 -0.45316029E-002 -0.16537237E-002  0.22934267E+000  0.34247258E+001  0.16556430E+002  0.33061177E+002  0.10316513E+003  0.17234821E+003
 -0.48122555E+000 -0.23348695E+000 -0.54908919E-002 -0.45315958E-002 -0.16537077E-002  0.22934274E+000  0.34247260E+001  0.16556430E+002  0.33061291E+002  0.10316513E+003  0.17234821E+003
 -0.48122543E+000 -0.23348440E+000 -0.54908880E-002 -0.45315890E-002 -0.16536919E-002  0.22934281E+000  0.34247261E+001  0.16556430E+002  0.33061414E+002  0.10316513E+003  0.17234821E+003
 -0.48122531E+000 -0.23348196E+000 -0.54908844E-002 -0.45315824E-002 -0.16536763E-002  0.22934288E+000  0.34247262E+001  0.16556430E+002  0.33061547E+002  0.10316513E+003  0.17234821E+003
 -0.48122520E+000 -0.23347961E+000 -0.54908810E-002 -0.45315759E-002 -0.16536609E-002  0.22934295E+000  0.34247264E+001  0.16556430E+002  0.33061692E+002  0.10316513E+003  0.17234821E+003
 -0.48122509E+000 -0.23347734E+000 -0.54908776E-002 -0.45315696E-002 -0.16536457E-002  0.22934303E+000  0.34247265E+001  0.16556430E+002  0.33061849E+002  0.10316513E+003  0.17234821E+003
 -0.48122499E+000 -0.23347512E+000 -0.54908744E-002 -0.45315635E-002 -0.16536306E-002  0.22934310E+000  0.34247267E+001  0.16556431E+002  0.33062018E+002  0.10316513E+003  0.17234821E+003
 -0.48122488E+000 -0.23347295E+000 -0.54908713E-002 -0.45315574E-002 -0.16536156E-002  0.22934317E+000  0.34247268E+001  0.16556431E+002  0.33062201E+002  0.10316513E+003  0.17234821E+003
 -0.48122478E+000 -0.23347082E+000 -0.54908683E-002 -0.45315514E-002 -0.16536008E-002  0.22934325E+000  0.34247269E+001  0.16556431E+002  0.33062397E+002  0.10316513E+003  0.17234821E+003
 -0.48122467E+000 -0.23346871E+000 -0.54908653E-002 -0.45315455E-002 -0.16535860E-002  0.22934332E+000  0.34247271E+001  0.16556431E+002  0.33062607E+002  0.10316513E+003  0.17234821E+003
 -0.48122457E+000 -0.23346662E+000 -0.54908624E-002 -0.45315396E-002 -0.16535714E-002  0.22934340E+000  0.34247272E+001  0.16556431E+002  0.33062831E+002  0.10316513E+003  0.17234821E+003
 -0.48122447E+000 -0.23346454E+000 -0.54908595E-002 -0.45315338E-002 -0.16535569E-002  0.22934347E+000  0.34247274E+001  0.16556431E+002  0.33063069E+002  0.10316513E+003  0.17234821E+003
 -0.48122437E+000 -0.23346248E+000 -0.54908566E-002 -0.45315280E-002 -0.16535424E-002  0.22934355E+000  0.34247275E+001  0.16556431E+002  0.33063322E+002  0.10316513E+003  0.17234821E+003
 -0.48122427E+000 -0.23346042E+000 -0.54908537E-002 -0.45315223E-002 -0.16535281E-002  0.22934363E+000  0.34247277E+001  0.16556431E+002  0.33063589E+002  0.10316513E+003  0.17234821E+003
 -0.48122417E+000 -0.23345836E+000 -0.54908509E-002 -0.45315166E-002 -0.16535139E-002  0.22934371E+000  0.34247278E+001  0.16556431E+002  0.33063870E+002  0.10316513E+003  0.17234821E+003
 -0.48122407E+000 -0.23345631E+000 -0.54908481E-002 -0.45315110E-002 -0.16534998E-002  0.22934378E+000  0.34247280E+001  0.16556431E+002  0.33064166E+002  0.10316513E+003  0.17234821E+003
 -0.48122397E+000 -0.23345425E+000 -0.54908452E-002 -0.45315054E-002 -0.16534859E-002  0.22934386E+000  0.34247281E+001  0.16556431E+002  0.33064477E+002  0.10316513E+003  0.17234821E+003
 -0.48122387E+000 -0.23345220E+000 -0.54908424E-002 -0.45314998E-002 -0.16534720E-002  0.22934394E+000  0.34247283E+001  0.16556431E+002  0.33064802E+002  0.10316513E+003  0.17234821E+003
 -0.48122377E+000 -0.23345015E+000 -0.54908396E-002 -0.45314943E-002 -0.16534583E-002  0.22934402E+000  0.34247285E+001  0.16556431E+002  0.33065141E+002  0.10316513E+003  0.17234821E+003
 -0.48122367E+000 -0.23344810E+000 -0.54908368E-002 -0.45314888E-002 -0.16534447E-002  0.22934410E+000  0.34247286E+001  0.16556431E+002  0.33065494E+002  0.10316513E+003  0.17234821E+003
 -0.48122358E+000 -0.23344605E+000 -0.54908340E-002 -0.45314833E-002 -0.16534313E-002  0.22934418E+000  0.34247288E+001  0.16556431E+002  0.33065861E+002  0.10316513E+003  0.17234821E+003
 -0.48122348E+000 -0.23344401E+000 -0.54908312E-002 -0.45314779E-002 -0.16534181E-002  0.22934426E+000  0.34247289E+001  0.16556431E+002  0.33066241E+002  0.10316513E+003  0.17234821E+003
 -0.48122338E+000 -0.23344197E+000 -0.54908285E-002 -0.45314726E-002 -0.16534050E-002  0.22934433E+000  0.34247291E+001  0.16556431E+002  0.33066635E+002  0.10316513E+003  0.17234821E+003
 -0.48122329E+000 -0.23343994E+000 -0.54908257E-002 -0.45314673E-002 -0.16533921E-002  0.22934441E+000  0.34247292E+001  0.16556431E+002  0.33067042E+002  0.10316513E+003  0.17234821E+003
 -0.48122320E+000 -0.23343792E+000 -0.54908230E-002 -0.45314620E-002 -0.16533794E-002  0.22934449E+000  0.34247294E+001  0.16556431E+002  0.33067463E+002  0.10316513E+003  0.17234820E+003
 -0.48122310E+000 -0.23343592E+000 -0.54908202E-002 -0.45314569E-002 -0.16533669E-002  0.22934456E+000  0.34247295E+001  0.16556431E+002  0.33067896E+002  0.10316513E+003  0.17234820E+003
 -0.48122301E+000 -0.23343392E+000 -0.54908175E-002 -0.45314518E-002 -0.16533545E-002  0.22934464E+000  0.34247297E+001  0.16556432E+002  0.33068342E+002  0.10316513E+003  0.17234820E+003
 -0.48122292E+000 -0.23343194E+000 -0.54908149E-002 -0.45314467E-002 -0.16533424E-002  0.22934471E+000  0.34247298E+001  0.16556432E+002  0.33068800E+002  0.10316513E+003  0.17234820E+003
 -0.48122283E+000 -0.23342998E+000 -0.54908122E-002 -0.45314418E-002 -0.16533305E-002  0.22934478E+000  0.34247300E+001  0.16556432E+002  0.33069271E+002  0.10316513E+003  0.17234820E+003
 -0.48122275E+000 -0.23342805E+000 -0.54908096E-002 -0.45314369E-002 -0.16533189E-002  0.22934486E+000  0.34247301E+001  0.16556432E+002  0.33069753E+002  0.10316513E+003  0.17234820E+003
 -0.48122266E+000 -0.23342613E+000 -0.54908070E-002 -0.45314321E-002 -0.16533075E-002  0.22934493E+000  0.34247303E+001  0.16556432E+002  0.33070247E+002  0.10316513E+003  0.17234820E+003
 -0.48122258E+000 -0.23342424E+000 -0.54908044E-002 -0.45314274E-002 -0.16532963E-002  0.22934500E+000  0.34247304E+001  0.16556432E+002  0.33070752E+002  0.10316513E+003  0.17234820E+003
 -0.48122250E+000 -0.23342237E+000 -0.54908019E-002 -0.45314228E-002 -0.16532853E-002  0.22934507E+000  0.34247306E+001  0.16556432E+002  0.33071269E+002  0.10316513E+003  0.17234820E+003
 -0.48122242E+000 -0.23342053E+000 -0.54907995E-002 -0.45314182E-002 -0.16532747E-002  0.22934513E+000  0.34247307E+001  0.16556432E+002  0.33071796E+002  0.10316513E+003  0.17234820E+003
 -0.48122234E+000 -0.23341872E+000 -0.54907970E-002 -0.45314138E-002 -0.16532642E-002  0.22934520E+000  0.34247308E+001  0.16556432E+002  0.33072333E+002  0.10316513E+003  0.17234820E+003
 -0.48122226E+000 -0.23341695E+000 -0.54907946E-002 -0.45314095E-002 -0.16532541E-002  0.22934526E+000  0.34247310E+001  0.16556432E+002  0.33072881E+002  0.10316513E+003  0.17234820E+003
 -0.48122218E+000 -0.23341521E+000 -0.54907923E-002 -0.45314052E-002 -0.16532442E-002  0.22934533E+000  0.34247311E+001  0.16556432E+002  0.33073438E+002  0.10316513E+003  0.17234820E+003
 -0.48122211E+000 -0.23341350E+000 -0.54907900E-002 -0.45314011E-002 -0.16532345E-002  0.22934539E+000  0.34247312E+001  0.16556432E+002  0.33074005E+002  0.10316513E+003  0.17234820E+003
 -0.48122204E+000 -0.23341182E+000 -0.54907878E-002 -0.45313971E-002 -0.16532251E-002  0.22934545E+000  0.34247314E+001  0.16556432E+002  0.33074581E+002  0.10316513E+003  0.17234820E+003
 -0.48122197E+000 -0.23341019E+000 -0.54907856E-002 -0.45313932E-002 -0.16532160E-002  0.22934551E+000  0.34247315E+001  0.16556432E+002  0.33075165E+002  0.10316513E+003  0.17234820E+003
 -0.48122190E+000 -0.23340859E+000 -0.54907834E-002 -0.45313894E-002 -0.16532072E-002  0.22934556E+000  0.34247316E+001  0.16556432E+002  0.33075757E+002  0.10316513E+003  0.17234820E+003
 -0.48122184E+000 -0.23340703E+000 -0.54907813E-002 -0.45313857E-002 -0.16531986E-002  0.22934562E+000  0.34247318E+001  0.16556432E+002  0.33076357E+002  0.10316513E+003  0.17234820E+003
 -0.48122177E+000 -0.23340551E+000 -0.54907793E-002 -0.45313821E-002 -0.16531903E-002  0.22934567E+000  0.34247319E+001  0.16556432E+002  0.33076963E+002  0.10316513E+003  0.17234820E+003
 -0.48122171E+000 -0.23340403E+000 -0.54907773E-002 -0.45313786E-002 -0.16531823E-002  0.22934572E+000  0.34247320E+001  0.16556433E+002  0.33077577E+002  0.10316513E+003  0.17234820E+003
 -0.48122165E+000 -0.23340259E+000 -0.54907754E-002 -0.45313752E-002 -0.16531746E-002  0.22934577E+000  0.34247321E+001  0.16556433E+002  0.33078197E+002  0.10316513E+003  0.17234820E+003
 -0.48122159E+000 -0.23340120E+000 -0.54907735E-002 -0.45313719E-002 -0.16531671E-002  0.22934582E+000  0.34247322E+001  0.16556433E+002  0.33078822E+002  0.10316513E+003  0.17234820E+003
 -0.48122154E+000 -0.23339984E+000 -0.54907717E-002 -0.45313687E-002 -0.16531598E-002  0.22934587E+000  0.34247323E+001  0.16556433E+002  0.33079452E+002  0.10316513E+003  0.17234820E+003
 -0.48122148E+000 -0.23339852E+000 -0.54907700E-002 -0.45313657E-002 -0.16531529E-002  0.22934592E+000  0.34247324E+001  0.16556433E+002  0.33080087E+002  0.10316513E+003  0.17234820E+003
 -0.48122143E+000 -0.23339725E+000 -0.54907683E-002 -0.45313627E-002 -0.16531461E-002  0.22934596E+000  0.34247326E+001  0.16556433E+002  0.33080726E+002  0.10316513E+003  0.17234820E+003
 -0.48122138E+000 -0.23339601E+000 -0.54907666E-002 -0.45313599E-002 -0.16531397E-002  0.22934600E+000  0.34247327E+001  0.16556433E+002  0.33081368E+002  0.10316513E+003  0.17234820E+003
 -0.48122133E+000 -0.23339482E+000 -0.54907650E-002 -0.45313571E-002 -0.16531335E-002  0.22934604E+000  0.34247328E+001  0.16556433E+002  0.33082013E+002  0.10316513E+003  0.17234820E+003
 -0.48122129E+000 -0.23339366E+000 -0.54907635E-002 -0.45313545E-002 -0.16531275E-002  0.22934608E+000  0.34247329E+001  0.16556433E+002  0.33082660E+002  0.10316513E+003  0.17234820E+003
 -0.48122124E+000 -0.23339255E+000 -0.54907620E-002 -0.45313519E-002 -0.16531218E-002  0.22934612E+000  0.34247330E+001  0.16556433E+002  0.33083309E+002  0.10316514E+003  0.17234820E+003
 -0.48122120E+000 -0.23339147E+000 -0.54907606E-002 -0.45313495E-002 -0.16531163E-002  0.22934616E+000  0.34247330E+001  0.16556433E+002  0.33085394E+002  0.10316514E+003  0.17234820E+003
 -0.48122116E+000 -0.23339044E+000 -0.54907592E-002 -0.45313471E-002 -0.16531110E-002  0.22934619E+000  0.34247331E+001  0.16556433E+002  0.33090535E+002  0.10316514E+003  0.17234820E+003
 -0.48122112E+000 -0.23338944E+000 -0.54907579E-002 -0.45313449E-002 -0.16531059E-002  0.22934623E+000  0.34247332E+001  0.16556433E+002  0.33095677E+002  0.10316514E+003  0.17234820E+003
 -0.48122108E+000 -0.23338848E+000 -0.54907566E-002 -0.45313427E-002 -0.16531011E-002  0.22934626E+000  0.34247333E+001  0.16556433E+002  0.33100814E+002  0.10316514E+003  0.17234820E+003
 -0.48122104E+000 -0.23338756E+000 -0.54907554E-002 -0.45313406E-002 -0.16530965E-002  0.22934629E+000  0.34247334E+001  0.16556433E+002  0.33105943E+002  0.10316514E+003  0.17234820E+003
 -0.48122101E+000 -0.23338667E+000 -0.54907542E-002 -0.45313387E-002 -0.16530920E-002  0.22934632E+000  0.34247335E+001  0.16556433E+002  0.33111060E+002  0.10316514E+003  0.17234820E+003
 -0.48122097E+000 -0.23338582E+000 -0.54907531E-002 -0.45313368E-002 -0.16530878E-002  0.22934635E+000  0.34247336E+001  0.16556433E+002  0.33116160E+002  0.10316514E+003  0.17234820E+003
 -0.48122094E+000 -0.23338500E+000 -0.54907520E-002 -0.45313349E-002 -0.16530838E-002  0.22934638E+000  0.34247336E+001  0.16556433E+002  0.33121239E+002  0.10316514E+003  0.17234820E+003
 -0.48122091E+000 -0.23338422E+000 -0.54907510E-002 -0.45313332E-002 -0.16530800E-002  0.22934640E+000  0.34247337E+001  0.16556433E+002  0.33126294E+002  0.10316514E+003  0.17234820E+003
 -0.48122088E+000 -0.23338347E+000 -0.54907500E-002 -0.45313315E-002 -0.16530763E-002  0.22934643E+000  0.34247338E+001  0.16556433E+002  0.33131319E+002  0.10316514E+003  0.17234820E+003
 -0.48122086E+000 -0.23338275E+000 -0.54907490E-002 -0.45313300E-002 -0.16530728E-002  0.22934645E+000  0.34247338E+001  0.16556434E+002  0.33136312E+002  0.10316514E+003  0.17234820E+003
 -0.48122083E+000 -0.23338207E+000 -0.54907481E-002 -0.45313285E-002 -0.16530695E-002  0.22934647E+000  0.34247339E+001  0.16556434E+002  0.33141269E+002  0.10316514E+003  0.17234820E+003
 -0.48122080E+000 -0.23338141E+000 -0.54907473E-002 -0.45313270E-002 -0.16530664E-002  0.22934650E+000  0.34247340E+001  0.16556434E+002  0.33142796E+002  0.10316514E+003  0.17234820E+003
 -0.48122078E+000 -0.23338078E+000 -0.54907464E-002 -0.45313256E-002 -0.16530634E-002  0.22934652E+000  0.34247340E+001  0.16556434E+002  0.33143881E+002  0.10316514E+003  0.17234820E+003
 -0.48122076E+000 -0.23338018E+000 -0.54907456E-002 -0.45313243E-002 -0.16530605E-002  0.22934654E+000  0.34247341E+001  0.16556434E+002  0.33144956E+002  0.10316514E+003  0.17234820E+003
 -0.48122073E+000 -0.23337961E+000 -0.54907449E-002 -0.45313231E-002 -0.16530578E-002  0.22934655E+000  0.34247341E+001  0.16556434E+002  0.33146020E+002  0.10316515E+003  0.17234820E+003
 -0.48122071E+000 -0.23337907E+000 -0.54907442E-002 -0.45313219E-002 -0.16530553E-002  0.22934657E+000  0.34247342E+001  0.16556434E+002  0.33147072E+002  0.10316515E+003  0.17234820E+003
 -0.48122069E+000 -0.23337855E+000 -0.54907435E-002 -0.45313208E-002 -0.16530529E-002  0.22934659E+000  0.34247343E+001  0.16556434E+002  0.33148112E+002  0.10316515E+003  0.17234820E+003
 -0.48122067E+000 -0.23337805E+000 -0.54907428E-002 -0.45313197E-002 -0.16530506E-002  0.22934661E+000  0.34247343E+001  0.16556434E+002  0.33149138E+002  0.10316515E+003  0.17234820E+003
 -0.48122066E+000 -0.23337758E+000 -0.54907422E-002 -0.45313187E-002 -0.16530484E-002  0.22934662E+000  0.34247344E+001  0.16556434E+002  0.33150152E+002  0.10316515E+003  0.17234820E+003
 -0.48122064E+000 -0.23337713E+000 -0.54907416E-002 -0.45313178E-002 -0.16530463E-002  0.22934664E+000  0.34247344E+001  0.16556434E+002  0.33151151E+002  0.10316515E+003  0.17234820E+003
 -0.48122062E+000 -0.23337671E+000 -0.54907411E-002 -0.45313169E-002 -0.16530444E-002  0.22934665E+000  0.34247344E+001  0.16556434E+002  0.33152135E+002  0.10316515E+003  0.17234820E+003
 -0.48122061E+000 -0.23337630E+000 -0.54907405E-002 -0.45313160E-002 -0.16530426E-002  0.22934666E+000  0.34247345E+001  0.16556434E+002  0.33153104E+002  0.10316515E+003  0.17234820E+003
 -0.48122059E+000 -0.23337592E+000 -0.54907400E-002 -0.45313152E-002 -0.16530408E-002  0.22934668E+000  0.34247345E+001  0.16556434E+002  0.33154058E+002  0.10316515E+003  0.17234820E+003
 -0.48122058E+000 -0.23337555E+000 -0.54907395E-002 -0.45313144E-002 -0.16530392E-002  0.22934669E+000  0.34247346E+001  0.16556434E+002  0.33154996E+002  0.10316515E+003  0.17234820E+003
 -0.48122057E+000 -0.23337520E+000 -0.54907391E-002 -0.45313137E-002 -0.16530377E-002  0.22934670E+000  0.34247346E+001  0.16556434E+002  0.33155918E+002  0.10316515E+003  0.17234820E+003
 -0.48122056E+000 -0.23337488E+000 -0.54907387E-002 -0.45313130E-002 -0.16530362E-002  0.22934671E+000  0.34247346E+001  0.16556434E+002  0.33156823E+002  0.10316515E+003  0.17234821E+003
 -0.48122054E+000 -0.23337456E+000 -0.54907383E-002 -0.45313124E-002 -0.16530349E-002  0.22934672E+000  0.34247347E+001  0.16556434E+002  0.33157711E+002  0.10316515E+003  0.17234821E+003
 -0.48122053E+000 -0.23337427E+000 -0.54907379E-002 -0.45313118E-002 -0.16530336E-002  0.22934673E+000  0.34247347E+001  0.16556434E+002  0.33158583E+002  0.10316516E+003  0.17234821E+003
 -0.48122052E+000 -0.23337399E+000 -0.54907375E-002 -0.45313112E-002 -0.16530324E-002  0.22934674E+000  0.34247347E+001  0.16556434E+002  0.33159436E+002  0.10316516E+003  0.17234821E+003
 -0.48122051E+000 -0.23337372E+000 -0.54907372E-002 -0.45313107E-002 -0.16530312E-002  0.22934675E+000  0.34247348E+001  0.16556434E+002  0.33160273E+002  0.10316516E+003  0.17234821E+003
 -0.48122050E+000 -0.23337347E+000 -0.54907368E-002 -0.45313101E-002 -0.16530301E-002  0.22934675E+000  0.34247348E+001  0.16556434E+002  0.33161092E+002  0.10316516E+003  0.17234821E+003
 -0.48122050E+000 -0.23337324E+000 -0.54907365E-002 -0.45313097E-002 -0.16530291E-002  0.22934676E+000  0.34247348E+001  0.16556434E+002  0.33161893E+002  0.10316516E+003  0.17234821E+003
 -0.48122049E+000 -0.23337301E+000 -0.54907362E-002 -0.45313092E-002 -0.16530282E-002  0.22934677E+000  0.34247349E+001  0.16556434E+002  0.33162676E+002  0.10316516E+003  0.17234821E+003
 -0.48122048E+000 -0.23337280E+000 -0.54907360E-002 -0.45313088E-002 -0.16530273E-002  0.22934678E+000  0.34247349E+001  0.16556434E+002  0.33163442E+002  0.10316516E+003  0.17234821E+003
 -0.48122047E+000 -0.23337260E+000 -0.54907357E-002 -0.45313084E-002 -0.16530265E-002  0.22934678E+000  0.34247349E+001  0.16556434E+002  0.33164189E+002  0.10316516E+003  0.17234821E+003
 -0.48122047E+000 -0.23337242E+000 -0.54907355E-002 -0.45313080E-002 -0.16530257E-002  0.22934679E+000  0.34247349E+001  0.16556434E+002  0.33164919E+002  0.10316516E+003  0.17234821E+003
 -0.48122046E+000 -0.23337224E+000 -0.54907352E-002 -0.45313076E-002 -0.16530250E-002  0.22934679E+000  0.34247349E+001  0.16556434E+002  0.33165630E+002  0.10316516E+003  0.17234821E+003
 -0.48122045E+000 -0.23337207E+000 -0.54907350E-002 -0.45313073E-002 -0.16530243E-002  0.22934680E+000  0.34247350E+001  0.16556434E+002  0.33166324E+002  0.10316516E+003  0.17234821E+003
 -0.48122045E+000 -0.23337191E+000 -0.54907348E-002 -0.45313070E-002 -0.16530237E-002  0.22934680E+000  0.34247350E+001  0.16556434E+002  0.33167000E+002  0.10316516E+003  0.17234821E+003
 -0.48122044E+000 -0.23337176E+000 -0.54907346E-002 -0.45313067E-002 -0.16530231E-002  0.22934681E+000  0.34247350E+001  0.16556434E+002  0.33167659E+002  0.10316516E+003  0.17234821E+003
 -0.48122044E+000 -0.23337162E+000 -0.54907344E-002 -0.45313064E-002 -0.16530225E-002  0.22934681E+000  0.34247350E+001  0.16556434E+002  0.33168300E+002  0.10316516E+003  0.17234821E+003
 -0.48122043E+000 -0.23337149E+000 -0.54907343E-002 -0.45313062E-002 -0.16530220E-002  0.22934682E+000  0.34247350E+001  0.16556434E+002  0.33168923E+002  0.10316517E+003  0.17234821E+003
 -0.48122043E+000 -0.23337137E+000 -0.54907341E-002 -0.45313059E-002 -0.16530215E-002  0.22934682E+000  0.34247351E+001  0.16556434E+002  0.33169529E+002  0.10316517E+003  0.17234821E+003
 -0.48122043E+000 -0.23337125E+000 -0.54907340E-002 -0.45313057E-002 -0.16530210E-002  0.22934682E+000  0.34247351E+001  0.16556434E+002  0.33170118E+002  0.10316517E+003  0.17234821E+003
 -0.48122042E+000 -0.23337114E+000 -0.54907338E-002 -0.45313055E-002 -0.16530206E-002  0.22934683E+000  0.34247351E+001  0.16556434E+002  0.33170691E+002  0.10316517E+003  0.17234821E+003
 -0.48122042E+000 -0.23337104E+000 -0.54907337E-002 -0.45313053E-002 -0.16530202E-002  0.22934683E+000  0.34247351E+001  0.16556434E+002  0.33171246E+002  0.10316517E+003  0.17234821E+003
 -0.48122042E+000 -0.23337094E+000 -0.54907336E-002 -0.45313051E-002 -0.16530198E-002  0.22934683E+000  0.34247351E+001  0.16556434E+002  0.33171785E+002  0.10316517E+003  0.17234822E+003
 -0.48122041E+000 -0.23337085E+000 -0.54907334E-002 -0.45313049E-002 -0.16530195E-002  0.22934684E+000  0.34247351E+001  0.16556434E+002  0.33172308E+002  0.10316517E+003  0.17234822E+003
 -0.48122041E+000 -0.23337077E+000 -0.54907333E-002 -0.45313048E-002 -0.16530192E-002  0.22934684E+000  0.34247351E+001  0.16556434E+002  0.33172815E+002  0.10316517E+003  0.17234822E+003
 -0.48122041E+000 -0.23337068E+000 -0.54907332E-002 -0.45313046E-002 -0.16530189E-002  0.22934684E+000  0.34247351E+001  0.16556435E+002  0.33173306E+002  0.10316517E+003  0.17234822E+003
 -0.48122040E+000 -0.23337061E+000 -0.54907331E-002 -0.45313045E-002 -0.16530186E-002  0.22934684E+000  0.34247352E+001  0.16556435E+002  0.33173782E+002  0.10316517E+003  0.17234822E+003
 -0.48122040E+000 -0.23337054E+000 -0.54907330E-002 -0.45313043E-002 -0.16530183E-002  0.22934685E+000  0.34247352E+001  0.16556435E+002  0.33174243E+002  0.10316517E+003  0.17234822E+003
 -0.48122040E+000 -0.23337047E+000 -0.54907330E-002 -0.45313042E-002 -0.16530181E-002  0.22934685E+000  0.34247352E+001  0.16556435E+002  0.33174689E+002  0.10316517E+003  0.17234822E+003
 -0.48122040E+000 -0.23337041E+000 -0.54907329E-002 -0.45313041E-002 -0.16530178E-002  0.22934685E+000  0.34247352E+001  0.16556435E+002  0.33175120E+002  0.10316517E+003  0.17234822E+003
 -0.48122040E+000 -0.23337035E+000 -0.54907328E-002 -0.45313040E-002 -0.16530176E-002  0.22934685E+000  0.34247352E+001  0.16556435E+002  0.33175537E+002  0.10316517E+003  0.17234822E+003
 -0.48122039E+000 -0.23337030E+000 -0.54907327E-002 -0.45313039E-002 -0.16530174E-002  0.22934685E+000  0.34247352E+001  0.16556435E+002  0.33175940E+002  0.10316517E+003  0.17234822E+003
 -0.48122039E+000 -0.23337024E+000 -0.54907327E-002 -0.45313038E-002 -0.16530172E-002  0.22934686E+000  0.34247352E+001  0.16556435E+002  0.33176329E+002  0.10316517E+003  0.17234822E+003
 -0.48122039E+000 -0.23337020E+000 -0.54907326E-002 -0.45313037E-002 -0.16530171E-002  0.22934686E+000  0.34247352E+001  0.16556435E+002  0.33176705E+002  0.10316517E+003  0.17234822E+003
 -0.48122039E+000 -0.23337015E+000 -0.54907326E-002 -0.45313036E-002 -0.16530169E-002  0.22934686E+000  0.34247352E+001  0.16556435E+002  0.33177068E+002  0.10316518E+003  0.17234822E+003
 -0.48122039E+000 -0.23337011E+000 -0.54907325E-002 -0.45313035E-002 -0.16530168E-002  0.22934686E+000  0.34247352E+001  0.16556435E+002  0.33177418E+002  0.10316518E+003  0.17234822E+003
 -0.48122039E+000 -0.23337007E+000 -0.54907324E-002 -0.45313035E-002 -0.16530166E-002  0.22934686E+000  0.34247352E+001  0.16556435E+002  0.33177756E+002  0.10316518E+003  0.17234822E+003
 -0.48122038E+000 -0.23337003E+000 -0.54907324E-002 -0.45313034E-002 -0.16530165E-002  0.22934686E+000  0.34247352E+001  0.16556435E+002  0.33178082E+002  0.10316518E+003  0.17234822E+003
 -0.48122038E+000 -0.23337000E+000 -0.54907324E-002 -0.45313033E-002 -0.16530164E-002  0.22934686E+000  0.34247352E+001  0.16556435E+002  0.33178396E+002  0.10316518E+003  0.17234822E+003
 -0.48122038E+000 -0.23336996E+000 -0.54907323E-002 -0.45313033E-002 -0.16530163E-002  0.22934686E+000  0.34247352E+001  0.16556435E+002  0.33178698E+002  0.10316518E+003  0.17234822E+003
 -0.48122038E+000 -0.23336993E+000 -0.54907323E-002 -0.45313032E-002 -0.16530162E-002  0.22934687E+000  0.34247352E+001  0.16556435E+002  0.33178989E+002  0.10316518E+003  0.17234822E+003
 -0.48122038E+000 -0.23336991E+000 -0.54907322E-002 -0.45313032E-002 -0.16530161E-002  0.22934687E+000  0.34247353E+001  0.16556435E+002  0.33179270E+002  0.10316518E+003  0.17234822E+003
 -0.48122038E+000 -0.23336988E+000 -0.54907322E-002 -0.45313031E-002 -0.16530160E-002  0.22934687E+000  0.34247353E+001  0.16556435E+002  0.33179540E+002  0.10316518E+003  0.17234822E+003
 -0.48122038E+000 -0.23336985E+000 -0.54907322E-002 -0.45313031E-002 -0.16530159E-002  0.22934687E+000  0.34247353E+001  0.16556435E+002  0.33179800E+002  0.10316518E+003  0.17234822E+003
 -0.48122038E+000 -0.23336983E+000 -0.54907321E-002 -0.45313030E-002 -0.16530158E-002  0.22934687E+000  0.34247353E+001  0.16556435E+002  0.33180049E+002  0.10316518E+003  0.17234823E+003
 -0.48122038E+000 -0.23336981E+000 -0.54907321E-002 -0.45313030E-002 -0.16530158E-002  0.22934687E+000  0.34247353E+001  0.16556435E+002  0.33180289E+002  0.10316518E+003  0.17234823E+003
 -0.48122038E+000 -0.23336979E+000 -0.54907321E-002 -0.45313030E-002 -0.16530157E-002  0.22934687E+000  0.34247353E+001  0.16556435E+002  0.33180520E+002  0.10316518E+003  0.17234823E+003
 -0.48122038E+000 -0.23336977E+000 -0.54907321E-002 -0.45313029E-002 -0.16530156E-002  0.22934687E+000  0.34247353E+001  0.16556435E+002  0.33180742E+002  0.10316518E+003  0.17234823E+003
 -0.48122038E+000 -0.23336975E+000 -0.54907320E-002 -0.45313029E-002 -0.16530156E-002  0.22934687E+000  0.34247353E+001  0.16556435E+002  0.33180955E+002  0.10316518E+003  0.17234823E+003
 -0.48122038E+000 -0.23336973E+000 -0.54907320E-002 -0.45313029E-002 -0.16530155E-002  0.22934687E+000  0.34247353E+001  0.16556435E+002  0.33181160E+002  0.10316518E+003  0.17234823E+003
 -0.48122038E+000 -0.23336972E+000 -0.54907320E-002 -0.45313029E-002 -0.16530155E-002  0.22934687E+000  0.34247353E+001  0.16556435E+002  0.33181356E+002  0.10316518E+003  0.17234823E+003
 -0.48122037E+000 -0.23336970E+000 -0.54907320E-002 -0.45313028E-002 -0.16530154E-002  0.22934687E+000  0.34247353E+001  0.16556435E+002  0.33181545E+002  0.10316518E+003  0.17234823E+003
 -0.48122037E+000 -0.23336969E+000 -0.54907320E-002 -0.45313028E-002 -0.16530154E-002  0.22934687E+000  0.34247353E+001  0.16556435E+002  0.33181726E+002  0.10316518E+003  0.17234823E+003
 -0.48122037E+000 -0.23336967E+000 -0.54907320E-002 -0.45313028E-002 -0.16530153E-002  0.22934687E+000  0.34247353E+001  0.16556435E+002  0.33181899E+002  0.10316518E+003  0.17234823E+003
 -0.48122037E+000 -0.23336966E+000 -0.54907319E-002 -0.45313028E-002 -0.16530153E-002  0.22934687E+000  0.34247353E+001  0.16556435E+002  0.33182065E+002  0.10316518E+003  0.17234823E+003
 -0.48122037E+000 -0.23336965E+000 -0.54907319E-002 -0.45313027E-002 -0.16530153E-002  0.22934687E+000  0.34247353E+001  0.16556435E+002  0.33182224E+002  0.10316518E+003  0.17234823E+003
 -0.48122037E+000 -0.23336964E+000 -0.54907319E-002 -0.45313027E-002 -0.16530152E-002  0.22934687E+000  0.34247353E+001  0.16556435E+002  0.33182377E+002  0.10316518E+003  0.17234823E+003
 -0.48122037E+000 -0.23336964E+000 -0.54907319E-002 -0.45313027E-002 -0.16530152E-002  0.22934687E+000  0.34247353E+001  0.16556435E+002  0.33182523E+002  0.10316518E+003  0.17234823E+003
