  0.30245000E+000  0.31614551E+000  0.45670472E+000  0.62317901E+000  0.79967982E+000  0.90640935E+000  0.12776480E+001  0.18851670E+001  0.26282191E+001  0.40848781E+001  0.58359421E+001
  0.30252805E+000  0.31670001E+000  0.45751512E+000  0.62427642E+000  0.80032673E+000  0.90717126E+000  0.12799011E+001  0.18854679E+001  0.26234930E+001  0.40814585E+001  0.58368090E+001
  0.30259211E+000  0.31704262E+000  0.45801604E+000  0.62496720E+000  0.80082944E+000  0.90774170E+000  0.12813194E+001  0.18856729E+001  0.26235504E+001  0.40859487E+001  0.58371664E+001
  0.30268666E+000  0.31728814E+000  0.45839189E+000  0.62547434E+000  0.80124877E+000  0.90818099E+000  0.12823607E+001  0.18858814E+001  0.26218987E+001  0.40891962E+001  0.58377632E+001
  0.30268829E+000  0.31750643E+000  0.45868336E+000  0.62587258E+000  0.80152994E+000  0.90850596E+000  0.12831784E+001  0.18859950E+001  0.26215894E+001  0.40901551E+001  0.58380194E+001
  0.30272937E+000  0.31766794E+000  0.45891886E+000  0.62619435E+000  0.80181317E+000  0.90887718E+000  0.12838391E+001  0.18861032E+001  0.26220725E+001  0.40910492E+001  0.58382513E+001
  0.30276381E+000  0.31777750E+000  0.45899486E+000  0.62645804E+000  0.80203709E+000  0.90908918E+000  0.12843805E+001  0.18861922E+001  0.26224986E+001  0.40912710E+001  0.58384445E+001
  0.30284746E+000  0.31786615E+000  0.45915457E+000  0.62667621E+000  0.80221910E+000  0.90933172E+000  0.12848285E+001  0.18862662E+001  0.26227972E+001  0.40925576E+001  0.58386058E+001
  0.30286526E+000  0.31800392E+000  0.45928717E+000  0.62685734E+000  0.80235996E+000  0.90949158E+000  0.12852004E+001  0.18863285E+001  0.26230085E+001  0.40935443E+001  0.58387408E+001
  0.30288022E+000  0.31808013E+000  0.45939761E+000  0.62700821E+000  0.80249812E+000  0.90961498E+000  0.12855102E+001  0.18863815E+001  0.26231887E+001  0.40943858E+001  0.58388541E+001
  0.30289283E+000  0.31814386E+000  0.45960683E+000  0.62713437E+000  0.80256051E+000  0.90972611E+000  0.12857692E+001  0.18864268E+001  0.26233495E+001  0.40951954E+001  0.58389493E+001
  0.30290348E+000  0.31819729E+000  0.45968424E+000  0.62724013E+000  0.80261498E+000  0.90982288E+000  0.12859864E+001  0.18864659E+001  0.26237511E+001  0.40955126E+001  0.58390295E+001
  0.30291249E+000  0.31824215E+000  0.45963244E+000  0.62732895E+000  0.80277930E+000  0.90992863E+000  0.12861687E+001  0.18864999E+001  0.26237588E+001  0.40957267E+001  0.58390969E+001
  0.30292012E+000  0.31826914E+000  0.45968713E+000  0.62740363E+000  0.80285391E+000  0.90996188E+000  0.12863221E+001  0.18865295E+001  0.26237983E+001  0.40959104E+001  0.58391538E+001
  0.30292658E+000  0.31831164E+000  0.45973318E+000  0.62746650E+000  0.80288884E+000  0.91008644E+000  0.12864512E+001  0.18865555E+001  0.26238316E+001  0.40961246E+001  0.58392016E+001
  0.30293206E+000  0.31833839E+000  0.45988866E+000  0.62751946E+000  0.80292039E+000  0.91012018E+000  0.12865599E+001  0.18865783E+001  0.26242026E+001  0.40963855E+001  0.58392419E+001
  0.30293669E+000  0.31836089E+000  0.45992127E+000  0.62737395E+000  0.80294733E+000  0.91013116E+000  0.12866514E+001  0.18865985E+001  0.26242768E+001  0.40984055E+001  0.58392757E+001
  0.30294061E+000  0.31837982E+000  0.45994869E+000  0.62741144E+000  0.80297028E+000  0.91014071E+000  0.12867284E+001  0.18866164E+001  0.26243404E+001  0.40984475E+001  0.58393041E+001
  0.30294392E+000  0.31839572E+000  0.45997172E+000  0.62763294E+000  0.80305556E+000  0.91014898E+000  0.12867930E+001  0.18866322E+001  0.26243900E+001  0.40988277E+001  0.58393278E+001
  0.30294671E+000  0.31840905E+000  0.45999104E+000  0.62765934E+000  0.80306963E+000  0.91015610E+000  0.12868472E+001  0.18866464E+001  0.26244344E+001  0.40989642E+001  0.58393476E+001
  0.30294905E+000  0.31842020E+000  0.46000720E+000  0.62768142E+000  0.80308150E+000  0.91016221E+000  0.12868925E+001  0.18866590E+001  0.26244733E+001  0.40990227E+001  0.58393640E+001
  0.30295102E+000  0.31842951E+000  0.46002068E+000  0.62769983E+000  0.80309145E+000  0.91032796E+000  0.12869303E+001  0.18866703E+001  0.26252027E+001  0.40993110E+001  0.58393775E+001
  0.30295266E+000  0.31843723E+000  0.46003187E+000  0.62771512E+000  0.80309976E+000  0.91033175E+000  0.12869617E+001  0.18866804E+001  0.26263660E+001  0.40994091E+001  0.58393887E+001
  0.30295403E+000  0.31844361E+000  0.46004111E+000  0.62772776E+000  0.80310665E+000  0.91033489E+000  0.12869877E+001  0.18866895E+001  0.26294756E+001  0.40995123E+001  0.58393977E+001
  0.30295516E+000  0.31844885E+000  0.46004871E+000  0.62773814E+000  0.80311231E+000  0.91033747E+000  0.12870090E+001  0.18866977E+001  0.26301219E+001  0.40995418E+001  0.58394050E+001
  0.30295609E+000  0.31843297E+000  0.46005490E+000  0.62774660E+000  0.80311692E+000  0.91033957E+000  0.12870264E+001  0.18867051E+001  0.26301726E+001  0.40995687E+001  0.58394109E+001
  0.30295685E+000  0.31843569E+000  0.46005991E+000  0.62775345E+000  0.80312064E+000  0.91034126E+000  0.12870404E+001  0.18867118E+001  0.26301991E+001  0.40995926E+001  0.58394155E+001
  0.30295747E+000  0.31843785E+000  0.46006392E+000  0.62775892E+000  0.80312361E+000  0.91034259E+000  0.12870516E+001  0.18867179E+001  0.26311852E+001  0.40996134E+001  0.58394190E+001
  0.30295797E+000  0.31843956E+000  0.46006709E+000  0.62776325E+000  0.80312595E+000  0.91034362E+000  0.12870605E+001  0.18867235E+001  0.26313208E+001  0.40996314E+001  0.58394217E+001
  0.30295837E+000  0.31844089E+000  0.46006956E+000  0.62776663E+000  0.80312776E+000  0.91034440E+000  0.12870675E+001  0.18867286E+001  0.26313376E+001  0.40996466E+001  0.58394236E+001
  0.30295869E+000  0.31844190E+000  0.46007145E+000  0.62776922E+000  0.80312912E+000  0.91034497E+000  0.12870728E+001  0.18867332E+001  0.26313537E+001  0.40996593E+001  0.58394250E+001
  0.30295895E+000  0.31844266E+000  0.46007287E+000  0.62777115E+000  0.80313014E+000  0.91034537E+000  0.12870768E+001  0.18867375E+001  0.26314755E+001  0.40996698E+001  0.58394259E+001
  0.30295914E+000  0.31844320E+000  0.46007390E+000  0.62777256E+000  0.80313086E+000  0.91034563E+000  0.12870797E+001  0.18867414E+001  0.26314766E+001  0.40996784E+001  0.58394264E+001
  0.30295930E+000  0.31844358E+000  0.46007462E+000  0.62777354E+000  0.80313134E+000  0.91034578E+000  0.12870817E+001  0.18867450E+001  0.26314775E+001  0.40996853E+001  0.58394266E+001
  0.30295941E+000  0.31844382E+000  0.46007509E+000  0.62777419E+000  0.80313165E+000  0.91034584E+000  0.12870830E+001  0.18867484E+001  0.26314781E+001  0.40996909E+001  0.58394265E+001
  0.30295950E+000  0.31844396E+000  0.46007537E+000  0.62777457E+000  0.80313182E+000  0.91034584E+000  0.12870838E+001  0.18867514E+001  0.26314785E+001  0.40996952E+001  0.58394263E+001
  0.30295957E+000  0.31844401E+000  0.46007550E+000  0.62777475E+000  0.80313188E+000  0.91034579E+000  0.12870841E+001  0.18867543E+001  0.26314785E+001  0.40996985E+001  0.58394259E+001
  0.30295962E+000  0.31844401E+000  0.46007552E+000  0.62777478E+000  0.80313186E+000  0.91034570E+000  0.12870842E+001  0.18867569E+001  0.26314783E+001  0.40997011E+001  0.58394254E+001
  0.30295966E+000  0.31844397E+000  0.46007547E+000  0.62777470E+000  0.80313179E+000  0.91034558E+000  0.12870840E+001  0.18867593E+001  0.26314780E+001  0.40997030E+001  0.58394249E+001
  0.30295969E+000  0.31844390E+000  0.46007536E+000  0.62777455E+000  0.80313168E+000  0.91034545E+000  0.12870837E+001  0.18867616E+001  0.26314775E+001  0.40997044E+001  0.58394243E+001
  0.30295971E+000  0.31844381E+000  0.46007521E+000  0.62777435E+000  0.80313156E+000  0.91034531E+000  0.12870833E+001  0.18867636E+001  0.26314768E+001  0.40997054E+001  0.58394237E+001
  0.30295973E+000  0.31844371E+000  0.46007504E+000  0.62777412E+000  0.80313142E+000  0.91034516E+000  0.12870829E+001  0.18867655E+001  0.26314761E+001  0.40997060E+001  0.58394230E+001
  0.30295974E+000  0.31844361E+000  0.46007487E+000  0.62777388E+000  0.80313127E+000  0.91034501E+000  0.12870824E+001  0.18867672E+001  0.26314754E+001  0.40997065E+001  0.58394224E+001
  0.30295974E+000  0.31844350E+000  0.46007470E+000  0.62777365E+000  0.80313112E+000  0.91034486E+000  0.12870819E+001  0.18867688E+001  0.26314747E+001  0.40997068E+001  0.58394217E+001
  0.30295975E+000  0.31844340E+000  0.46007453E+000  0.62777342E+000  0.80313098E+000  0.91034472E+000  0.12870814E+001  0.18867702E+001  0.26314740E+001  0.40997069E+001  0.58394211E+001
  0.30295975E+000  0.31844331E+000  0.46007437E+000  0.62777320E+000  0.80313084E+000  0.91034457E+000  0.12870810E+001  0.18867715E+001  0.26314733E+001  0.40997069E+001  0.58394204E+001
  0.30295974E+000  0.31844322E+000  0.46007422E+000  0.62777299E+000  0.80313070E+000  0.91034443E+000  0.12870805E+001  0.18867727E+001  0.26314750E+001  0.40997069E+001  0.58394197E+001
  0.30295974E+000  0.31844313E+000  0.46007408E+000  0.62777280E+000  0.80313057E+000  0.91034428E+000  0.12870801E+001  0.18868069E+001  0.26314800E+001  0.40997067E+001  0.58394191E+001
  0.30295972E+000  0.31844305E+000  0.46007394E+000  0.62777262E+000  0.80313043E+000  0.91034414E+000  0.12870798E+001  0.18876011E+001  0.26314843E+001  0.40997066E+001  0.58394184E+001
  0.30295971E+000  0.31844297E+000  0.46007382E+000  0.62777245E+000  0.80313029E+000  0.91034399E+000  0.12870794E+001  0.18876410E+001  0.26314879E+001  0.40997063E+001  0.58394177E+001
  0.30295969E+000  0.31844290E+000  0.46007370E+000  0.62777229E+000  0.80313016E+000  0.91034384E+000  0.12870791E+001  0.18876429E+001  0.26314908E+001  0.40997060E+001  0.58394170E+001
  0.30295966E+000  0.31844282E+000  0.46007358E+000  0.62777213E+000  0.80313001E+000  0.91034369E+000  0.12870788E+001  0.18876445E+001  0.26314932E+001  0.40997056E+001  0.58394163E+001
  0.30295964E+000  0.31844275E+000  0.46007347E+000  0.62777197E+000  0.80312986E+000  0.91034354E+000  0.12870784E+001  0.18876459E+001  0.26314952E+001  0.40997052E+001  0.58394156E+001
  0.30295960E+000  0.31844268E+000  0.46007336E+000  0.62777181E+000  0.80312971E+000  0.91034339E+000  0.12870781E+001  0.18876470E+001  0.26314967E+001  0.40997047E+001  0.58394148E+001
  0.30295957E+000  0.31844260E+000  0.46007324E+000  0.62777166E+000  0.80312955E+000  0.91034323E+000  0.12870778E+001  0.18876479E+001  0.26314978E+001  0.40997041E+001  0.58394141E+001
  0.30295953E+000  0.31844253E+000  0.46007312E+000  0.62777150E+000  0.80312939E+000  0.91034307E+000  0.12870775E+001  0.18876485E+001  0.26314989E+001  0.40997035E+001  0.58394134E+001
  0.30295949E+000  0.31844246E+000  0.46007301E+000  0.62777134E+000  0.80312923E+000  0.91034291E+000  0.12870771E+001  0.18876490E+001  0.26314998E+001  0.40997028E+001  0.58394126E+001
  0.30295945E+000  0.31844238E+000  0.46007289E+000  0.62777118E+000  0.80312906E+000  0.91034275E+000  0.12870768E+001  0.18876493E+001  0.26315005E+001  0.40997021E+001  0.58394119E+001
  0.30295940E+000  0.31844230E+000  0.46007277E+000  0.62777102E+000  0.80312889E+000  0.91034259E+000  0.12870765E+001  0.18876495E+001  0.26315010E+001  0.40997014E+001  0.58394111E+001
  0.30295936E+000  0.31844223E+000  0.46007265E+000  0.62777085E+000  0.80312872E+000  0.91034243E+000  0.12870761E+001  0.18876496E+001  0.26315014E+001  0.40997006E+001  0.58394104E+001
  0.30295931E+000  0.31844215E+000  0.46007253E+000  0.62777069E+000  0.80312856E+000  0.91034228E+000  0.12870758E+001  0.18876496E+001  0.26315018E+001  0.40996998E+001  0.58394096E+001
  0.30295926E+000  0.31844208E+000  0.46007242E+000  0.62777053E+000  0.80312840E+000  0.91034213E+000  0.12870755E+001  0.18876496E+001  0.26315021E+001  0.40996990E+001  0.58394089E+001
  0.30295922E+000  0.31844201E+000  0.46007230E+000  0.62777037E+000  0.80312824E+000  0.91034198E+000  0.12870752E+001  0.18876495E+001  0.26315024E+001  0.40996982E+001  0.58394082E+001
  0.30295918E+000  0.31844194E+000  0.46007219E+000  0.62777022E+000  0.80312809E+000  0.91034184E+000  0.12870748E+001  0.18876494E+001  0.26315026E+001  0.40996975E+001  0.58394075E+001
  0.30295913E+000  0.31844187E+000  0.46007208E+000  0.62777007E+000  0.80312794E+000  0.91034171E+000  0.12870745E+001  0.18876493E+001  0.26315029E+001  0.40996967E+001  0.58394068E+001
  0.30295909E+000  0.31844180E+000  0.46007197E+000  0.62776993E+000  0.80312780E+000  0.91034158E+000  0.12870742E+001  0.18876492E+001  0.26315033E+001  0.40996959E+001  0.58394061E+001
  0.30295905E+000  0.31844174E+000  0.46007187E+000  0.62776979E+000  0.80312767E+000  0.91034146E+000  0.12870740E+001  0.18876491E+001  0.26315036E+001  0.40996952E+001  0.58394055E+001
  0.30295902E+000  0.31844168E+000  0.46007178E+000  0.62776966E+000  0.80312754E+000  0.91034134E+000  0.12870737E+001  0.18876491E+001  0.26315040E+001  0.40996945E+001  0.58394048E+001
  0.30295898E+000  0.31844162E+000  0.46007169E+000  0.62776953E+000  0.80312743E+000  0.91034124E+000  0.12870734E+001  0.18876491E+001  0.26315045E+001  0.40996939E+001  0.58394042E+001
  0.30295895E+000  0.31844157E+000  0.46007160E+000  0.62776942E+000  0.80312732E+000  0.91034114E+000  0.12870732E+001  0.18876491E+001  0.26315050E+001  0.40996932E+001  0.58394036E+001
  0.30295892E+000  0.31844152E+000  0.46007152E+000  0.62776931E+000  0.80312722E+000  0.91034105E+000  0.12870730E+001  0.18876493E+001  0.26315055E+001  0.40996926E+001  0.58394030E+001
  0.30295889E+000  0.31844147E+000  0.46007144E+000  0.62776920E+000  0.80312713E+000  0.91034096E+000  0.12870728E+001  0.18876494E+001  0.26315060E+001  0.40996921E+001  0.58394024E+001
  0.30295887E+000  0.31844143E+000  0.46007137E+000  0.62776911E+000  0.80312705E+000  0.91034088E+000  0.12870726E+001  0.18876497E+001  0.26315065E+001  0.40996915E+001  0.58394018E+001
  0.30295884E+000  0.31844139E+000  0.46007131E+000  0.62776902E+000  0.80312697E+000  0.91034081E+000  0.12870724E+001  0.18876500E+001  0.26315071E+001  0.40996911E+001  0.58394013E+001
  0.30295882E+000  0.31844136E+000  0.46007125E+000  0.62776894E+000  0.80312690E+000  0.91034075E+000  0.12870722E+001  0.18876504E+001  0.26315077E+001  0.40996906E+001  0.58394008E+001
  0.30295881E+000  0.31844132E+000  0.46007120E+000  0.62776887E+000  0.80312685E+000  0.91034069E+000  0.12870721E+001  0.18876508E+001  0.26315083E+001  0.40996902E+001  0.58394003E+001
  0.30295879E+000  0.31844130E+000  0.46007115E+000  0.62776880E+000  0.80312679E+000  0.91034064E+000  0.12870719E+001  0.18876513E+001  0.26315089E+001  0.40996898E+001  0.58393998E+001
  0.30295878E+000  0.31844127E+000  0.46007111E+000  0.62776874E+000  0.80312675E+000  0.91034060E+000  0.12870718E+001  0.18876519E+001  0.26315095E+001  0.40996895E+001  0.58393993E+001
  0.30295876E+000  0.31844125E+000  0.46007107E+000  0.62776869E+000  0.80312671E+000  0.91034056E+000  0.12870717E+001  0.18876525E+001  0.26315101E+001  0.40996892E+001  0.58393988E+001
  0.30295875E+000  0.31844122E+000  0.46007103E+000  0.62776864E+000  0.80312668E+000  0.91034053E+000  0.12870716E+001  0.18876532E+001  0.26315106E+001  0.40996889E+001  0.58393983E+001
  0.30295875E+000  0.31844121E+000  0.46007100E+000  0.62776860E+000  0.80312665E+000  0.91034050E+000  0.12870715E+001  0.18876540E+001  0.26315112E+001  0.40996886E+001  0.58393979E+001
  0.30295874E+000  0.31844119E+000  0.46007097E+000  0.62776856E+000  0.80312663E+000  0.91034047E+000  0.12870714E+001  0.18876548E+001  0.26315118E+001  0.40996884E+001  0.58393975E+001
  0.30295874E+000  0.31844118E+000  0.46007095E+000  0.62776853E+000  0.80312661E+000  0.91034045E+000  0.12870714E+001  0.18876557E+001  0.26315124E+001  0.40996882E+001  0.58393970E+001
  0.30295873E+000  0.31844116E+000  0.46007093E+000  0.62776850E+000  0.80312660E+000  0.91034044E+000  0.12870713E+001  0.18876566E+001  0.26315130E+001  0.40996881E+001  0.58393966E+001
  0.30295873E+000  0.31844115E+000  0.46007091E+000  0.62776847E+000  0.80312659E+000  0.91034042E+000  0.12870713E+001  0.18876575E+001  0.26315136E+001  0.40996879E+001  0.58393962E+001
  0.30295873E+000  0.31844115E+000  0.46007090E+000  0.62776845E+000  0.80312659E+000  0.91034042E+000  0.12870712E+001  0.18876585E+001  0.26315143E+001  0.40996878E+001  0.58393958E+001
  0.30295873E+000  0.31844114E+000  0.46007088E+000  0.62776844E+000  0.80312659E+000  0.91034041E+000  0.12870712E+001  0.18876596E+001  0.26315149E+001  0.40996877E+001  0.58393954E+001
  0.30295873E+000  0.31844113E+000  0.46007087E+000  0.62776842E+000  0.80312659E+000  0.91034040E+000  0.12870712E+001  0.18876606E+001  0.26315155E+001  0.40996876E+001  0.58393950E+001
  0.30295873E+000  0.31844113E+000  0.46007086E+000  0.62776841E+000  0.80312660E+000  0.91034040E+000  0.12870711E+001  0.18876617E+001  0.26315162E+001  0.40996875E+001  0.58393946E+001
  0.30295873E+000  0.31844113E+000  0.46007086E+000  0.62776840E+000  0.80312660E+000  0.91034040E+000  0.12870711E+001  0.18876629E+001  0.26315169E+001  0.40996875E+001  0.58393942E+001
  0.30295874E+000  0.31844112E+000  0.46007085E+000  0.62776839E+000  0.80312661E+000  0.91034040E+000  0.12870711E+001  0.18876640E+001  0.26315176E+001  0.40996874E+001  0.58393939E+001
  0.30295874E+000  0.31844112E+000  0.46007085E+000  0.62776839E+000  0.80312662E+000  0.91034041E+000  0.12870711E+001  0.18876652E+001  0.26315183E+001  0.40996874E+001  0.58393935E+001
  0.30295875E+000  0.31844112E+000  0.46007085E+000  0.62776839E+000  0.80312664E+000  0.91034041E+000  0.12870711E+001  0.18876664E+001  0.26315190E+001  0.40996874E+001  0.58393931E+001
  0.30295875E+000  0.31844112E+000  0.46007084E+000  0.62776838E+000  0.80312665E+000  0.91034042E+000  0.12870711E+001  0.18876676E+001  0.26315198E+001  0.40996874E+001  0.58393928E+001
  0.30295875E+000  0.31844112E+000  0.46007084E+000  0.62776838E+000  0.80312666E+000  0.91034042E+000  0.12870711E+001  0.18876689E+001  0.26315206E+001  0.40996873E+001  0.58393924E+001
  0.30295876E+000  0.31844112E+000  0.46007084E+000  0.62776838E+000  0.80312668E+000  0.91034043E+000  0.12870711E+001  0.18876701E+001  0.26315214E+001  0.40996873E+001  0.58393920E+001
  0.30295876E+000  0.31844112E+000  0.46007084E+000  0.62776838E+000  0.80312669E+000  0.91034044E+000  0.12870711E+001  0.18876714E+001  0.26315223E+001  0.40996874E+001  0.58393917E+001
  0.30295877E+000  0.31844112E+000  0.46007084E+000  0.62776838E+000  0.80312671E+000  0.91034045E+000  0.12870711E+001  0.18876727E+001  0.26315231E+001  0.40996874E+001  0.58393914E+001
  0.30295877E+000  0.31844112E+000  0.46007084E+000  0.62776838E+000  0.80312673E+000  0.91034045E+000  0.12870711E+001  0.18876740E+001  0.26315240E+001  0.40996874E+001  0.58393910E+001
  0.30295878E+000  0.31844112E+000  0.46007085E+000  0.62776838E+000  0.80312674E+000  0.91034046E+000  0.12870711E+001  0.18876753E+001  0.26315250E+001  0.40996874E+001  0.58393907E+001
  0.30295878E+000  0.31844113E+000  0.46007085E+000  0.62776839E+000  0.80312676E+000  0.91034047E+000  0.12870711E+001  0.18876767E+001  0.26315259E+001  0.40996874E+001  0.58393904E+001
  0.30295879E+000  0.31844113E+000  0.46007085E+000  0.62776839E+000  0.80312678E+000  0.91034048E+000  0.12870711E+001  0.18876780E+001  0.26315269E+001  0.40996875E+001  0.58393901E+001
  0.30295879E+000  0.31844113E+000  0.46007085E+000  0.62776839E+000  0.80312679E+000  0.91034049E+000  0.12870711E+001  0.18876794E+001  0.26315279E+001  0.40996875E+001  0.58393898E+001
  0.30295880E+000  0.31844113E+000  0.46007085E+000  0.62776839E+000  0.80312681E+000  0.91034050E+000  0.12870711E+001  0.18876808E+001  0.26315289E+001  0.40996875E+001  0.58393895E+001
  0.30295880E+000  0.31844113E+000  0.46007085E+000  0.62776839E+000  0.80312683E+000  0.91034050E+000  0.12870711E+001  0.18876822E+001  0.26315300E+001  0.40996876E+001  0.58393892E+001
  0.30295881E+000  0.31844113E+000  0.46007085E+000  0.62776840E+000  0.80312684E+000  0.91034051E+000  0.12870711E+001  0.18876836E+001  0.26315311E+001  0.40996876E+001  0.58393890E+001
  0.30295881E+000  0.31844113E+000  0.46007086E+000  0.62776840E+000  0.80312686E+000  0.91034052E+000  0.12870711E+001  0.18876850E+001  0.26315322E+001  0.40996877E+001  0.58393887E+001
  0.30295882E+000  0.31844113E+000  0.46007086E+000  0.62776840E+000  0.80312688E+000  0.91034052E+000  0.12870711E+001  0.18876865E+001  0.26315333E+001  0.40996877E+001  0.58393885E+001
  0.30295882E+000  0.31844114E+000  0.46007086E+000  0.62776840E+000  0.80312689E+000  0.91034053E+000  0.12870711E+001  0.18876879E+001  0.26315344E+001  0.40996878E+001  0.58393883E+001
  0.30295883E+000  0.31844114E+000  0.46007086E+000  0.62776840E+000  0.80312691E+000  0.91034054E+000  0.12870711E+001  0.18876894E+001  0.26315356E+001  0.40996878E+001  0.58393881E+001
  0.30295883E+000  0.31844114E+000  0.46007086E+000  0.62776840E+000  0.80312692E+000  0.91034054E+000  0.12870711E+001  0.18876908E+001  0.26315368E+001  0.40996879E+001  0.58393879E+001
  0.30295883E+000  0.31844114E+000  0.46007086E+000  0.62776840E+000  0.80312693E+000  0.91034055E+000  0.12870711E+001  0.18876923E+001  0.26315380E+001  0.40996879E+001  0.58393878E+001
  0.30295884E+000  0.31844114E+000  0.46007086E+000  0.62776840E+000  0.80312695E+000  0.91034055E+000  0.12870711E+001  0.18876937E+001  0.26315392E+001  0.40996880E+001  0.58393876E+001
  0.30295884E+000  0.31844114E+000  0.46007086E+000  0.62776841E+000  0.80312696E+000  0.91034056E+000  0.12870711E+001  0.18876952E+001  0.26315404E+001  0.40996881E+001  0.58393875E+001
  0.30295884E+000  0.31844114E+000  0.46007086E+000  0.62776841E+000  0.80312697E+000  0.91034056E+000  0.12870711E+001  0.18876967E+001  0.26315417E+001  0.40996881E+001  0.58393874E+001
  0.30295885E+000  0.31844114E+000  0.46007086E+000  0.62776841E+000  0.80312698E+000  0.91034057E+000  0.12870711E+001  0.18876982E+001  0.26315429E+001  0.40996882E+001  0.58393873E+001
  0.30295885E+000  0.31844114E+000  0.46007086E+000  0.62776840E+000  0.80312699E+000  0.91034057E+000  0.12870711E+001  0.18876996E+001  0.26315442E+001  0.40996883E+001  0.58393873E+001
  0.30295885E+000  0.31844114E+000  0.46007086E+000  0.62776840E+000  0.80312701E+000  0.91034057E+000  0.12870711E+001  0.18877011E+001  0.26315455E+001  0.40996883E+001  0.58393872E+001
  0.30295885E+000  0.31844114E+000  0.46007086E+000  0.62776840E+000  0.80312702E+000  0.91034058E+000  0.12870711E+001  0.18877026E+001  0.26315468E+001  0.40996884E+001  0.58393872E+001
  0.30295886E+000  0.31844114E+000  0.46007086E+000  0.62776840E+000  0.80312703E+000  0.91034058E+000  0.12870711E+001  0.18877041E+001  0.26315482E+001  0.40996885E+001  0.58393872E+001
  0.30295886E+000  0.31844114E+000  0.46007086E+000  0.62776840E+000  0.80312704E+000  0.91034058E+000  0.12870711E+001  0.18877055E+001  0.26315495E+001  0.40996886E+001  0.58393873E+001
  0.30295886E+000  0.31844114E+000  0.46007086E+000  0.62776840E+000  0.80312704E+000  0.91034058E+000  0.12870711E+001  0.18877070E+001  0.26315508E+001  0.40996887E+001  0.58393873E+001
  0.30295886E+000  0.31844114E+000  0.46007086E+000  0.62776840E+000  0.80312705E+000  0.91034058E+000  0.12870711E+001  0.18877085E+001  0.26315522E+001  0.40996888E+001  0.58393874E+001
  0.30295886E+000  0.31844114E+000  0.46007085E+000  0.62776840E+000  0.80312706E+000  0.91034058E+000  0.12870711E+001  0.18877099E+001  0.26315536E+001  0.40996888E+001  0.58393875E+001
  0.30295887E+000  0.31844114E+000  0.46007085E+000  0.62776839E+000  0.80312707E+000  0.91034059E+000  0.12870711E+001  0.18877114E+001  0.26315549E+001  0.40996889E+001  0.58393877E+001
  0.30295887E+000  0.31844113E+000  0.46007085E+000  0.62776839E+000  0.80312708E+000  0.91034059E+000  0.12870711E+001  0.18877128E+001  0.26315563E+001  0.40996890E+001  0.58393878E+001
  0.30295887E+000  0.31844113E+000  0.46007085E+000  0.62776839E+000  0.80312708E+000  0.91034059E+000  0.12870711E+001  0.18877142E+001  0.26315577E+001  0.40996891E+001  0.58393880E+001
  0.30295887E+000  0.31844113E+000  0.46007085E+000  0.62776839E+000  0.80312709E+000  0.91034059E+000  0.12870711E+001  0.18877156E+001  0.26315591E+001  0.40996892E+001  0.58393882E+001
  0.30295887E+000  0.31844113E+000  0.46007085E+000  0.62776839E+000  0.80312710E+000  0.91034059E+000  0.12870711E+001  0.18877170E+001  0.26315605E+001  0.40996893E+001  0.58393884E+001
  0.30295887E+000  0.31844113E+000  0.46007084E+000  0.62776838E+000  0.80312710E+000  0.91034059E+000  0.12870711E+001  0.18877184E+001  0.26315618E+001  0.40996894E+001  0.58393887E+001
  0.30295887E+000  0.31844113E+000  0.46007084E+000  0.62776838E+000  0.80312711E+000  0.91034059E+000  0.12870711E+001  0.18877198E+001  0.26315632E+001  0.40996895E+001  0.58393890E+001
  0.30295887E+000  0.31844113E+000  0.46007084E+000  0.62776838E+000  0.80312711E+000  0.91034059E+000  0.12870711E+001  0.18877212E+001  0.26315646E+001  0.40996896E+001  0.58393893E+001
  0.30295887E+000  0.31844113E+000  0.46007084E+000  0.62776838E+000  0.80312712E+000  0.91034058E+000  0.12870711E+001  0.18877225E+001  0.26315660E+001  0.40996897E+001  0.58393896E+001
  0.30295887E+000  0.31844113E+000  0.46007084E+000  0.62776837E+000  0.80312712E+000  0.91034058E+000  0.12870711E+001  0.18877238E+001  0.26315674E+001  0.40996898E+001  0.58393899E+001
  0.30295888E+000  0.31844112E+000  0.46007083E+000  0.62776837E+000  0.80312713E+000  0.91034058E+000  0.12870710E+001  0.18877251E+001  0.26315688E+001  0.40996899E+001  0.58393903E+001
  0.30295888E+000  0.31844112E+000  0.46007083E+000  0.62776837E+000  0.80312713E+000  0.91034058E+000  0.12870710E+001  0.18877264E+001  0.26315702E+001  0.40996900E+001  0.58393907E+001
  0.30295888E+000  0.31844112E+000  0.46007083E+000  0.62776836E+000  0.80312713E+000  0.91034058E+000  0.12870710E+001  0.18877277E+001  0.26315716E+001  0.40996902E+001  0.58393911E+001
  0.30295888E+000  0.31844112E+000  0.46007083E+000  0.62776836E+000  0.80312714E+000  0.91034058E+000  0.12870710E+001  0.18877290E+001  0.26315729E+001  0.40996903E+001  0.58393916E+001
  0.30295888E+000  0.31844112E+000  0.46007083E+000  0.62776836E+000  0.80312714E+000  0.91034058E+000  0.12870710E+001  0.18877302E+001  0.26315743E+001  0.40996904E+001  0.58393920E+001
  0.30295888E+000  0.31844112E+000  0.46007082E+000  0.62776835E+000  0.80312714E+000  0.91034057E+000  0.12870710E+001  0.18877314E+001  0.26315757E+001  0.40996905E+001  0.58393925E+001
  0.30295888E+000  0.31844112E+000  0.46007082E+000  0.62776835E+000  0.80312715E+000  0.91034057E+000  0.12870710E+001  0.18877326E+001  0.26315770E+001  0.40996906E+001  0.58393930E+001
  0.30295888E+000  0.31844111E+000  0.46007082E+000  0.62776835E+000  0.80312715E+000  0.91034057E+000  0.12870710E+001  0.18877338E+001  0.26315784E+001  0.40996907E+001  0.58393935E+001
  0.30295888E+000  0.31844111E+000  0.46007082E+000  0.62776835E+000  0.80312715E+000  0.91034057E+000  0.12870710E+001  0.18877350E+001  0.26315797E+001  0.40996909E+001  0.58393940E+001
  0.30295888E+000  0.31844111E+000  0.46007081E+000  0.62776834E+000  0.80312715E+000  0.91034057E+000  0.12870710E+001  0.18877361E+001  0.26315810E+001  0.40996910E+001  0.58393945E+001
  0.30295888E+000  0.31844111E+000  0.46007081E+000  0.62776834E+000  0.80312715E+000  0.91034057E+000  0.12870710E+001  0.18877372E+001  0.26315823E+001  0.40996911E+001  0.58393951E+001
  0.30295888E+000  0.31844111E+000  0.46007081E+000  0.62776834E+000  0.80312716E+000  0.91034056E+000  0.12870710E+001  0.18877383E+001  0.26315836E+001  0.40996912E+001  0.58393957E+001
  0.30295888E+000  0.31844111E+000  0.46007081E+000  0.62776833E+000  0.80312716E+000  0.91034056E+000  0.12870710E+001  0.18877394E+001  0.26315849E+001  0.40996913E+001  0.58393962E+001
  0.30295888E+000  0.31844111E+000  0.46007081E+000  0.62776833E+000  0.80312716E+000  0.91034056E+000  0.12870710E+001  0.18877405E+001  0.26315862E+001  0.40996915E+001  0.58393968E+001
  0.30295888E+000  0.31844111E+000  0.46007080E+000  0.62776833E+000  0.80312716E+000  0.91034056E+000  0.12870710E+001  0.18877415E+001  0.26315874E+001  0.40996916E+001  0.58393974E+001
  0.30295888E+000  0.31844110E+000  0.46007080E+000  0.62776833E+000  0.80312716E+000  0.91034056E+000  0.12870710E+001  0.18877425E+001  0.26315887E+001  0.40996917E+001  0.58393981E+001
  0.30295888E+000  0.31844110E+000  0.46007080E+000  0.62776832E+000  0.80312716E+000  0.91034055E+000  0.12870710E+001  0.18877435E+001  0.26315899E+001  0.40996918E+001  0.58393987E+001
  0.30295888E+000  0.31844110E+000  0.46007080E+000  0.62776832E+000  0.80312716E+000  0.91034055E+000  0.12870709E+001  0.18877445E+001  0.26315911E+001  0.40996920E+001  0.58393993E+001
  0.30295888E+000  0.31844110E+000  0.46007080E+000  0.62776832E+000  0.80312717E+000  0.91034055E+000  0.12870709E+001  0.18877454E+001  0.26315923E+001  0.40996921E+001  0.58394000E+001
  0.30295888E+000  0.31844110E+000  0.46007079E+000  0.62776832E+000  0.80312717E+000  0.91034055E+000  0.12870709E+001  0.18877463E+001  0.26315934E+001  0.40996922E+001  0.58394006E+001
  0.30295888E+000  0.31844110E+000  0.46007079E+000  0.62776831E+000  0.80312717E+000  0.91034055E+000  0.12870709E+001  0.18877472E+001  0.26315946E+001  0.40996923E+001  0.58394013E+001
  0.30295888E+000  0.31844110E+000  0.46007079E+000  0.62776831E+000  0.80312717E+000  0.91034054E+000  0.12870709E+001  0.18877481E+001  0.26315957E+001  0.40996924E+001  0.58394019E+001
  0.30295888E+000  0.31844110E+000  0.46007079E+000  0.62776831E+000  0.80312717E+000  0.91034054E+000  0.12870709E+001  0.18877490E+001  0.26315968E+001  0.40996926E+001  0.58394026E+001
  0.30295888E+000  0.31844110E+000  0.46007079E+000  0.62776831E+000  0.80312717E+000  0.91034054E+000  0.12870709E+001  0.18877498E+001  0.26315979E+001  0.40996927E+001  0.58394033E+001
  0.30295887E+000  0.31844109E+000  0.46007079E+000  0.62776830E+000  0.80312717E+000  0.91034054E+000  0.12870709E+001  0.18877506E+001  0.26315990E+001  0.40996928E+001  0.58394040E+001
  0.30295887E+000  0.31844109E+000  0.46007079E+000  0.62776830E+000  0.80312717E+000  0.91034054E+000  0.12870709E+001  0.18877514E+001  0.26316001E+001  0.40996929E+001  0.58394046E+001
  0.30295887E+000  0.31844109E+000  0.46007078E+000  0.62776830E+000  0.80312717E+000  0.91034054E+000  0.12870709E+001  0.18877522E+001  0.26316011E+001  0.40996930E+001  0.58394053E+001
  0.30295887E+000  0.31844109E+000  0.46007078E+000  0.62776830E+000  0.80312717E+000  0.91034054E+000  0.12870709E+001  0.18877529E+001  0.26316021E+001  0.40996932E+001  0.58394060E+001
  0.30295887E+000  0.31844109E+000  0.46007078E+000  0.62776830E+000  0.80312718E+000  0.91034054E+000  0.12870709E+001  0.18877536E+001  0.26316031E+001  0.40996933E+001  0.58394067E+001
  0.30295887E+000  0.31844109E+000  0.46007078E+000  0.62776830E+000  0.80312718E+000  0.91034053E+000  0.12870709E+001  0.18877543E+001  0.26316041E+001  0.40996934E+001  0.58394074E+001
  0.30295887E+000  0.31844109E+000  0.46007078E+000  0.62776829E+000  0.80312718E+000  0.91034053E+000  0.12870709E+001  0.18877550E+001  0.26316050E+001  0.40996935E+001  0.58394080E+001
  0.30295887E+000  0.31844109E+000  0.46007078E+000  0.62776829E+000  0.80312718E+000  0.91034053E+000  0.12870709E+001  0.18877557E+001  0.26316060E+001  0.40996936E+001  0.58394087E+001
  0.30295887E+000  0.31844109E+000  0.46007078E+000  0.62776829E+000  0.80312718E+000  0.91034053E+000  0.12870709E+001  0.18877563E+001  0.26316069E+001  0.40996937E+001  0.58394094E+001
  0.30295887E+000  0.31844109E+000  0.46007078E+000  0.62776829E+000  0.80312718E+000  0.91034053E+000  0.12870709E+001  0.18877569E+001  0.26316078E+001  0.40996939E+001  0.58394101E+001
  0.30295887E+000  0.31844109E+000  0.46007078E+000  0.62776829E+000  0.80312718E+000  0.91034053E+000  0.12870709E+001  0.18877576E+001  0.26316086E+001  0.40996940E+001  0.58394107E+001
  0.30295887E+000  0.31844109E+000  0.46007078E+000  0.62776829E+000  0.80312718E+000  0.91034053E+000  0.12870709E+001  0.18877581E+001  0.26316095E+001  0.40996941E+001  0.58394114E+001
  0.30295887E+000  0.31844109E+000  0.46007077E+000  0.62776829E+000  0.80312718E+000  0.91034053E+000  0.12870709E+001  0.18877587E+001  0.26316103E+001  0.40996942E+001  0.58394120E+001
  0.30295887E+000  0.31844109E+000  0.46007077E+000  0.62776829E+000  0.80312718E+000  0.91034053E+000  0.12870709E+001  0.18877593E+001  0.26316111E+001  0.40996943E+001  0.58394127E+001
  0.30295887E+000  0.31844109E+000  0.46007077E+000  0.62776829E+000  0.80312718E+000  0.91034053E+000  0.12870709E+001  0.18877598E+001  0.26316119E+001  0.40996944E+001  0.58394133E+001
  0.30295887E+000  0.31844109E+000  0.46007077E+000  0.62776829E+000  0.80312719E+000  0.91034053E+000  0.12870709E+001  0.18877603E+001  0.26316127E+001  0.40996945E+001  0.58394140E+001
  0.30295887E+000  0.31844109E+000  0.46007077E+000  0.62776829E+000  0.80312719E+000  0.91034053E+000  0.12870709E+001  0.18877608E+001  0.26316134E+001  0.40996946E+001  0.58394146E+001
  0.30295887E+000  0.31844109E+000  0.46007077E+000  0.62776829E+000  0.80312719E+000  0.91034053E+000  0.12870709E+001  0.18877613E+001  0.26316142E+001  0.40996947E+001  0.58394152E+001
  0.30295887E+000  0.31844109E+000  0.46007077E+000  0.62776829E+000  0.80312719E+000  0.91034053E+000  0.12870709E+001  0.18877617E+001  0.26316149E+001  0.40996948E+001  0.58394159E+001
  0.30295888E+000  0.31844109E+000  0.46007077E+000  0.62776828E+000  0.80312719E+000  0.91034053E+000  0.12870709E+001  0.18877622E+001  0.26316155E+001  0.40996949E+001  0.58394165E+001
  0.30295888E+000  0.31844109E+000  0.46007077E+000  0.62776828E+000  0.80312719E+000  0.91034053E+000  0.12870709E+001  0.18877626E+001  0.26316162E+001  0.40996950E+001  0.58394171E+001
  0.30295888E+000  0.31844109E+000  0.46007077E+000  0.62776828E+000  0.80312719E+000  0.91034053E+000  0.12870709E+001  0.18877631E+001  0.26316169E+001  0.40996951E+001  0.58394177E+001
  0.30295888E+000  0.31844109E+000  0.46007077E+000  0.62776828E+000  0.80312719E+000  0.91034053E+000  0.12870709E+001  0.18877635E+001  0.26316175E+001  0.40996952E+001  0.58394182E+001
  0.30295888E+000  0.31844109E+000  0.46007077E+000  0.62776828E+000  0.80312719E+000  0.91034053E+000  0.12870709E+001  0.18877638E+001  0.26316181E+001  0.40996953E+001  0.58394188E+001
  0.30295888E+000  0.31844109E+000  0.46007077E+000  0.62776828E+000  0.80312719E+000  0.91034053E+000  0.12870709E+001  0.18877642E+001  0.26316187E+001  0.40996954E+001  0.58394194E+001
  0.30295888E+000  0.31844109E+000  0.46007077E+000  0.62776828E+000  0.80312720E+000  0.91034053E+000  0.12870709E+001  0.18877646E+001  0.26316193E+001  0.40996954E+001  0.58394199E+001
  0.30295888E+000  0.31844109E+000  0.46007077E+000  0.62776828E+000  0.80312720E+000  0.91034053E+000  0.12870709E+001  0.18877649E+001  0.26316198E+001  0.40996955E+001  0.58394205E+001
  0.30295888E+000  0.31844109E+000  0.46007077E+000  0.62776828E+000  0.80312720E+000  0.91034053E+000  0.12870709E+001  0.18877653E+001  0.26316204E+001  0.40996956E+001  0.58394210E+001
  0.30295888E+000  0.31844109E+000  0.46007077E+000  0.62776828E+000  0.80312720E+000  0.91034053E+000  0.12870709E+001  0.18877656E+001  0.26316209E+001  0.40996957E+001  0.58394215E+001
  0.30295888E+000  0.31844109E+000  0.46007077E+000  0.62776828E+000  0.80312720E+000  0.91034053E+000  0.12870709E+001  0.18877659E+001  0.26316214E+001  0.40996958E+001  0.58394220E+001
  0.30295888E+000  0.31844109E+000  0.46007077E+000  0.62776829E+000  0.80312720E+000  0.91034054E+000  0.12870709E+001  0.18877662E+001  0.26316219E+001  0.40996959E+001  0.58394225E+001
  0.30295888E+000  0.31844109E+000  0.46007077E+000  0.62776829E+000  0.80312720E+000  0.91034054E+000  0.12870709E+001  0.18877665E+001  0.26316224E+001  0.40996959E+001  0.58394230E+001
  0.30295888E+000  0.31844109E+000  0.46007077E+000  0.62776829E+000  0.80312720E+000  0.91034054E+000  0.12870709E+001  0.18877668E+001  0.26316228E+001  0.40996960E+001  0.58394235E+001
  0.30295888E+000  0.31844109E+000  0.46007077E+000  0.62776829E+000  0.80312720E+000  0.91034054E+000  0.12870709E+001  0.18877670E+001  0.26316233E+001  0.40996961E+001  0.58394240E+001
  0.30295888E+000  0.31844109E+000  0.46007077E+000  0.62776829E+000  0.80312721E+000  0.91034054E+000  0.12870709E+001  0.18877673E+001  0.26316237E+001  0.40996961E+001  0.58394244E+001
  0.30295888E+000  0.31844109E+000  0.46007077E+000  0.62776829E+000  0.80312721E+000  0.91034054E+000  0.12870709E+001  0.18877675E+001  0.26316241E+001  0.40996962E+001  0.58394249E+001
  0.30295888E+000  0.31844109E+000  0.46007077E+000  0.62776829E+000  0.80312721E+000  0.91034054E+000  0.12870709E+001  0.18877678E+001  0.26316245E+001  0.40996963E+001  0.58394253E+001
  0.30295888E+000  0.31844109E+000  0.46007077E+000  0.62776829E+000  0.80312721E+000  0.91034054E+000  0.12870709E+001  0.18877680E+001  0.26316249E+001  0.40996963E+001  0.58394258E+001
  0.30295888E+000  0.31844109E+000  0.46007077E+000  0.62776829E+000  0.80312721E+000  0.91034054E+000  0.12870709E+001  0.18877682E+001  0.26316253E+001  0.40996964E+001  0.58394262E+001
  0.30295888E+000  0.31844109E+000  0.46007077E+000  0.62776829E+000  0.80312721E+000  0.91034054E+000  0.12870709E+001  0.18877684E+001  0.26316256E+001  0.40996965E+001  0.58394266E+001
  0.30295888E+000  0.31844109E+000  0.46007077E+000  0.62776829E+000  0.80312722E+000  0.91034055E+000  0.12870709E+001  0.18877686E+001  0.26316260E+001  0.40996965E+001  0.58394270E+001
  0.30295888E+000  0.31844109E+000  0.46007077E+000  0.62776829E+000  0.80312722E+000  0.91034055E+000  0.12870709E+001  0.18877688E+001  0.26316263E+001  0.40996966E+001  0.58394274E+001
