  0.18915833E+000  0.21324186E+000  0.34870233E+000  0.50982296E+000  0.85220160E+000  0.96991961E+000  0.13180142E+001  0.24551964E+001  0.40688895E+001  0.58055305E+001  0.92294660E+001
  0.19029550E+000  0.21438480E+000  0.34973427E+000  0.51160863E+000  0.85355937E+000  0.97191379E+000  0.13215892E+001  0.24611630E+001  0.40888871E+001  0.58091154E+001  0.92332689E+001
  0.19088525E+000  0.21509217E+000  0.35036540E+000  0.51250041E+000  0.85480426E+000  0.97316452E+000  0.13230132E+001  0.24647780E+001  0.40952456E+001  0.58114934E+001  0.92356549E+001
  0.19118351E+000  0.21560624E+000  0.35081788E+000  0.51308149E+000  0.85555264E+000  0.97419911E+000  0.13238750E+001  0.24672746E+001  0.41008282E+001  0.58135520E+001  0.92394633E+001
  0.19133529E+000  0.21600889E+000  0.35118084E+000  0.51355557E+000  0.85613026E+000  0.97489724E+000  0.13248092E+001  0.24693355E+001  0.41043032E+001  0.58146040E+001  0.92456453E+001
  0.19143401E+000  0.21634793E+000  0.35146773E+000  0.51387655E+000  0.85658540E+000  0.97521618E+000  0.13256321E+001  0.24709345E+001  0.41055123E+001  0.58157082E+001  0.92505753E+001
  0.19155208E+000  0.21659760E+000  0.35170098E+000  0.51414204E+000  0.85698009E+000  0.97580827E+000  0.13261013E+001  0.24724692E+001  0.41078166E+001  0.58166126E+001  0.92545258E+001
  0.19162329E+000  0.21683348E+000  0.35189616E+000  0.51435114E+000  0.85728898E+000  0.97614588E+000  0.13266634E+001  0.24734163E+001  0.41092700E+001  0.58176201E+001  0.92579400E+001
  0.19171486E+000  0.21700412E+000  0.35205803E+000  0.51453325E+000  0.85749416E+000  0.97650465E+000  0.13268510E+001  0.24745345E+001  0.41094555E+001  0.58182953E+001  0.92607851E+001
  0.19174348E+000  0.21715024E+000  0.35219243E+000  0.51467459E+000  0.85776514E+000  0.97662298E+000  0.13269604E+001  0.24752068E+001  0.41085529E+001  0.58186389E+001  0.92627260E+001
  0.19180246E+000  0.21727667E+000  0.35236810E+000  0.51479873E+000  0.85790164E+000  0.97695251E+000  0.13274876E+001  0.24759857E+001  0.41091576E+001  0.58189303E+001  0.92646104E+001
  0.19185857E+000  0.21737710E+000  0.35247930E+000  0.51490265E+000  0.85810723E+000  0.97713345E+000  0.13278024E+001  0.24765106E+001  0.41095708E+001  0.58195563E+001  0.92663034E+001
  0.19189339E+000  0.21746547E+000  0.35258539E+000  0.51495525E+000  0.85820979E+000  0.97729203E+000  0.13278422E+001  0.24769173E+001  0.41089543E+001  0.58197371E+001  0.92675564E+001
  0.19191802E+000  0.21754027E+000  0.35271378E+000  0.51504470E+000  0.85829601E+000  0.97740473E+000  0.13281032E+001  0.24773236E+001  0.41094804E+001  0.58198891E+001  0.92691176E+001
  0.19191544E+000  0.21760152E+000  0.35282532E+000  0.51512086E+000  0.85841609E+000  0.97747402E+000  0.13282491E+001  0.24775463E+001  0.41096229E+001  0.58200676E+001  0.92697460E+001
  0.19194525E+000  0.21765386E+000  0.35292059E+000  0.51514832E+000  0.85851236E+000  0.97749331E+000  0.13282995E+001  0.24778840E+001  0.41057752E+001  0.58202488E+001  0.92703331E+001
  0.19198067E+000  0.21769784E+000  0.35292349E+000  0.51519071E+000  0.85854151E+000  0.97761176E+000  0.13284404E+001  0.24779927E+001  0.41061426E+001  0.58204014E+001  0.92709929E+001
  0.19198189E+000  0.21773640E+000  0.35303886E+000  0.51522630E+000  0.85863217E+000  0.97773450E+000  0.13284318E+001  0.24781639E+001  0.41059776E+001  0.58205296E+001  0.92715476E+001
  0.19199741E+000  0.21776641E+000  0.35307118E+000  0.51525941E+000  0.85856114E+000  0.97767018E+000  0.13285246E+001  0.24783076E+001  0.41061515E+001  0.58206373E+001  0.92725910E+001
  0.19201045E+000  0.21779169E+000  0.35309773E+000  0.51528844E+000  0.85859160E+000  0.97776967E+000  0.13286029E+001  0.24784283E+001  0.41063264E+001  0.58207277E+001  0.92730956E+001
  0.19202137E+000  0.21781335E+000  0.35312946E+000  0.51531282E+000  0.85861935E+000  0.97785365E+000  0.13286687E+001  0.24785292E+001  0.41064934E+001  0.58208032E+001  0.92731366E+001
  0.19203050E+000  0.21783140E+000  0.35316796E+000  0.51533323E+000  0.85865758E+000  0.97778673E+000  0.13287239E+001  0.24786134E+001  0.41066476E+001  0.58208663E+001  0.92731621E+001
  0.19203810E+000  0.21784635E+000  0.35320031E+000  0.51535024E+000  0.85868939E+000  0.97781702E+000  0.13287039E+001  0.24786834E+001  0.41067860E+001  0.58209186E+001  0.92738774E+001
  0.19204855E+000  0.21785869E+000  0.35316273E+000  0.51536433E+000  0.85872239E+000  0.97793980E+000  0.13287435E+001  0.24787413E+001  0.41069075E+001  0.58209619E+001  0.92741580E+001
  0.19204958E+000  0.21786881E+000  0.35317176E+000  0.51537594E+000  0.85876322E+000  0.97794703E+000  0.13287763E+001  0.24787889E+001  0.41055575E+001  0.58209974E+001  0.92741879E+001
  0.19205382E+000  0.21787704E+000  0.35317367E+000  0.51538542E+000  0.85879654E+000  0.97795283E+000  0.13288031E+001  0.24788278E+001  0.41055660E+001  0.58210264E+001  0.92736806E+001
  0.19205726E+000  0.21788369E+000  0.35316638E+000  0.51539311E+000  0.85882351E+000  0.97797391E+000  0.13288249E+001  0.24788638E+001  0.41055631E+001  0.58210499E+001  0.92737561E+001
  0.19206002E+000  0.21788898E+000  0.35315837E+000  0.51539927E+000  0.85884510E+000  0.97799687E+000  0.13288425E+001  0.24788980E+001  0.41055681E+001  0.58210686E+001  0.92738066E+001
  0.19206222E+000  0.21789315E+000  0.35314986E+000  0.51540414E+000  0.85886221E+000  0.97798023E+000  0.13288565E+001  0.24789252E+001  0.41055988E+001  0.58210835E+001  0.92739498E+001
  0.19206394E+000  0.21789639E+000  0.35314105E+000  0.51540794E+000  0.85887556E+000  0.97799351E+000  0.13288675E+001  0.24789465E+001  0.41056242E+001  0.58210951E+001  0.92739919E+001
  0.19206527E+000  0.21789885E+000  0.35313209E+000  0.51541084E+000  0.85888581E+000  0.97800377E+000  0.13288760E+001  0.24789628E+001  0.41056448E+001  0.58211039E+001  0.92740212E+001
  0.19206628E+000  0.21790067E+000  0.35312312E+000  0.51541301E+000  0.85880734E+000  0.97801152E+000  0.13287457E+001  0.24789751E+001  0.41056608E+001  0.58211106E+001  0.92740409E+001
  0.19206702E+000  0.21790198E+000  0.35311427E+000  0.51541459E+000  0.85881044E+000  0.97801723E+000  0.13287492E+001  0.24789842E+001  0.41056729E+001  0.58211154E+001  0.92740532E+001
  0.19206755E+000  0.21790288E+000  0.35310563E+000  0.51541568E+000  0.85881263E+000  0.97802126E+000  0.13287516E+001  0.24789906E+001  0.41056817E+001  0.58211188E+001  0.92740599E+001
  0.19206791E+000  0.21790344E+000  0.35309730E+000  0.51541638E+000  0.85881412E+000  0.97802398E+000  0.13287530E+001  0.24789948E+001  0.41056876E+001  0.58211210E+001  0.92740627E+001
  0.19206814E+000  0.21790375E+000  0.35308933E+000  0.51541678E+000  0.85881503E+000  0.97802564E+000  0.13287537E+001  0.24789975E+001  0.41056911E+001  0.58211224E+001  0.92740625E+001
  0.19206826E+000  0.21790386E+000  0.35308178E+000  0.51541696E+000  0.85881552E+000  0.97802651E+000  0.13287538E+001  0.24789988E+001  0.41056929E+001  0.58211230E+001  0.92740602E+001
  0.19206831E+000  0.21790383E+000  0.35307470E+000  0.51541696E+000  0.85881568E+000  0.97802676E+000  0.13287536E+001  0.24789992E+001  0.41056932E+001  0.58211231E+001  0.92740565E+001
  0.19206830E+000  0.21790369E+000  0.35306811E+000  0.51541685E+000  0.85881560E+000  0.97802658E+000  0.13287530E+001  0.24789990E+001  0.41056926E+001  0.58211228E+001  0.92740520E+001
  0.19206825E+000  0.21790349E+000  0.35306203E+000  0.51541665E+000  0.85881536E+000  0.97802609E+000  0.13287523E+001  0.24789982E+001  0.41056911E+001  0.58211223E+001  0.92740468E+001
  0.19206817E+000  0.21790324E+000  0.35305648E+000  0.51541639E+000  0.85881500E+000  0.97802540E+000  0.13287514E+001  0.24789972E+001  0.41056892E+001  0.58211217E+001  0.92740415E+001
  0.19206808E+000  0.21790297E+000  0.35305145E+000  0.51541611E+000  0.85881458E+000  0.97802460E+000  0.13287505E+001  0.24789960E+001  0.41056870E+001  0.58211209E+001  0.92740360E+001
  0.19206798E+000  0.21790269E+000  0.35304694E+000  0.51541582E+000  0.85881413E+000  0.97802374E+000  0.13287496E+001  0.24789947E+001  0.41056847E+001  0.58211201E+001  0.92740307E+001
  0.19206788E+000  0.21790242E+000  0.35304293E+000  0.51541554E+000  0.85881367E+000  0.97802288E+000  0.13287487E+001  0.24789934E+001  0.41056824E+001  0.58211193E+001  0.92740255E+001
  0.19206778E+000  0.21790216E+000  0.35303941E+000  0.51541526E+000  0.85881322E+000  0.97802203E+000  0.13287478E+001  0.24789921E+001  0.41056802E+001  0.58211185E+001  0.92740205E+001
  0.19206769E+000  0.21790192E+000  0.35303636E+000  0.51541500E+000  0.85881280E+000  0.97802123E+000  0.13287471E+001  0.24789909E+001  0.41056781E+001  0.58211178E+001  0.92740158E+001
  0.19206760E+000  0.21790169E+000  0.35303376E+000  0.51541476E+000  0.85881240E+000  0.97802048E+000  0.13287464E+001  0.24789898E+001  0.41056762E+001  0.58211171E+001  0.92740112E+001
  0.19206752E+000  0.21790148E+000  0.35303157E+000  0.51541454E+000  0.85881203E+000  0.97801978E+000  0.13287457E+001  0.24789888E+001  0.41056743E+001  0.58211165E+001  0.92740069E+001
  0.19206744E+000  0.21790129E+000  0.35302977E+000  0.51541433E+000  0.85881168E+000  0.97801912E+000  0.13287452E+001  0.24789878E+001  0.41056727E+001  0.58211159E+001  0.92740027E+001
  0.19206738E+000  0.21790111E+000  0.35302834E+000  0.51541414E+000  0.85881136E+000  0.97801851E+000  0.13287447E+001  0.24789869E+001  0.41056711E+001  0.58211153E+001  0.92739987E+001
  0.19206731E+000  0.21790095E+000  0.35302724E+000  0.51541395E+000  0.85881105E+000  0.97801793E+000  0.13287442E+001  0.24789861E+001  0.41056696E+001  0.58211147E+001  0.92739948E+001
  0.19206725E+000  0.21790080E+000  0.35302645E+000  0.51541378E+000  0.85881075E+000  0.97801736E+000  0.13287438E+001  0.24789852E+001  0.41056682E+001  0.58211142E+001  0.92739910E+001
  0.19206718E+000  0.21790065E+000  0.35302595E+000  0.51541361E+000  0.85881046E+000  0.97801681E+000  0.13287435E+001  0.24789844E+001  0.41056668E+001  0.58211137E+001  0.92739871E+001
  0.19206712E+000  0.21790051E+000  0.35302570E+000  0.51541344E+000  0.85881017E+000  0.97801626E+000  0.13287431E+001  0.24789836E+001  0.41056654E+001  0.58211132E+001  0.92739834E+001
  0.19206706E+000  0.21790037E+000  0.35302569E+000  0.51541327E+000  0.85880988E+000  0.97801572E+000  0.13287428E+001  0.24789828E+001  0.41056640E+001  0.58211126E+001  0.92739796E+001
  0.19206700E+000  0.21790023E+000  0.35302590E+000  0.51541310E+000  0.85880959E+000  0.97801516E+000  0.13287425E+001  0.24789820E+001  0.41056625E+001  0.58211121E+001  0.92739758E+001
  0.19206694E+000  0.21790010E+000  0.35302631E+000  0.51541294E+000  0.85880930E+000  0.97801460E+000  0.13287422E+001  0.24789812E+001  0.41056611E+001  0.58211116E+001  0.92739719E+001
  0.19206687E+000  0.21789996E+000  0.35302690E+000  0.51541276E+000  0.85880900E+000  0.97801402E+000  0.13287419E+001  0.24789803E+001  0.41056595E+001  0.58211110E+001  0.92739680E+001
  0.19206681E+000  0.21789983E+000  0.35302766E+000  0.51541259E+000  0.85880870E+000  0.97801345E+000  0.13287416E+001  0.24789795E+001  0.41056580E+001  0.58211105E+001  0.92739641E+001
  0.19206674E+000  0.21789969E+000  0.35302858E+000  0.51541242E+000  0.85880840E+000  0.97801287E+000  0.13287414E+001  0.24789786E+001  0.41056564E+001  0.58211099E+001  0.92739600E+001
  0.19206668E+000  0.21789956E+000  0.35302964E+000  0.51541225E+000  0.85880810E+000  0.97801230E+000  0.13287411E+001  0.24789777E+001  0.41056548E+001  0.58211094E+001  0.92739559E+001
  0.19206661E+000  0.21789944E+000  0.35303085E+000  0.51541209E+000  0.85880780E+000  0.97801173E+000  0.13287408E+001  0.24789769E+001  0.41056532E+001  0.58211089E+001  0.92739518E+001
  0.19206655E+000  0.21789931E+000  0.35303218E+000  0.51541192E+000  0.85880751E+000  0.97801116E+000  0.13287406E+001  0.24789760E+001  0.41056517E+001  0.58211083E+001  0.92739476E+001
  0.19206649E+000  0.21789919E+000  0.35303363E+000  0.51541176E+000  0.85880722E+000  0.97801061E+000  0.13287404E+001  0.24789752E+001  0.41056501E+001  0.58211078E+001  0.92739432E+001
  0.19206643E+000  0.21789908E+000  0.35303521E+000  0.51541161E+000  0.85880694E+000  0.97801008E+000  0.13287402E+001  0.24789744E+001  0.41056486E+001  0.58211073E+001  0.92739388E+001
  0.19206637E+000  0.21789897E+000  0.35303689E+000  0.51541146E+000  0.85880667E+000  0.97800956E+000  0.13287400E+001  0.24789736E+001  0.41056471E+001  0.58211068E+001  0.92739343E+001
  0.19206631E+000  0.21789886E+000  0.35303868E+000  0.51541132E+000  0.85880641E+000  0.97800907E+000  0.13287398E+001  0.24789729E+001  0.41056457E+001  0.58211064E+001  0.92739298E+001
  0.19206626E+000  0.21789877E+000  0.35304057E+000  0.51541119E+000  0.85880616E+000  0.97800859E+000  0.13287397E+001  0.24789722E+001  0.41056444E+001  0.58211059E+001  0.92739251E+001
  0.19206620E+000  0.21789868E+000  0.35304257E+000  0.51541106E+000  0.85880593E+000  0.97800815E+000  0.13287396E+001  0.24789715E+001  0.41056431E+001  0.58211055E+001  0.92739203E+001
  0.19206616E+000  0.21789859E+000  0.35304466E+000  0.51541094E+000  0.85880570E+000  0.97800772E+000  0.13287395E+001  0.24789708E+001  0.41056420E+001  0.58211051E+001  0.92739154E+001
  0.19206611E+000  0.21789852E+000  0.35304684E+000  0.51541083E+000  0.85880549E+000  0.97800733E+000  0.13287394E+001  0.24789703E+001  0.41056409E+001  0.58211047E+001  0.92739105E+001
  0.19206607E+000  0.21789845E+000  0.35304912E+000  0.51541073E+000  0.85880530E+000  0.97800696E+000  0.13287393E+001  0.24789697E+001  0.41056400E+001  0.58211044E+001  0.92712906E+001
  0.19206603E+000  0.21789839E+000  0.35305148E+000  0.51541064E+000  0.85880512E+000  0.97800661E+000  0.13287393E+001  0.24789692E+001  0.41056392E+001  0.58211041E+001  0.92712563E+001
  0.19206599E+000  0.21789833E+000  0.35305393E+000  0.51541055E+000  0.85880495E+000  0.97800630E+000  0.13287393E+001  0.24789687E+001  0.41056385E+001  0.58211038E+001  0.92712210E+001
  0.19206596E+000  0.21789828E+000  0.35305647E+000  0.51541048E+000  0.85880479E+000  0.97800600E+000  0.13287393E+001  0.24789683E+001  0.41056379E+001  0.58211035E+001  0.92711850E+001
  0.19206593E+000  0.21789824E+000  0.35305908E+000  0.51541041E+000  0.85880465E+000  0.97800574E+000  0.13287393E+001  0.24789679E+001  0.41056374E+001  0.58211033E+001  0.92711481E+001
  0.19206590E+000  0.21789821E+000  0.35306176E+000  0.51541035E+000  0.85880453E+000  0.97800550E+000  0.13287394E+001  0.24789675E+001  0.41056370E+001  0.58211030E+001  0.92711104E+001
  0.19206587E+000  0.21789818E+000  0.35306452E+000  0.51541030E+000  0.85880441E+000  0.97800528E+000  0.13287394E+001  0.24789672E+001  0.41056368E+001  0.58211028E+001  0.92710720E+001
  0.19206585E+000  0.21789816E+000  0.35306735E+000  0.51541025E+000  0.85880430E+000  0.97800509E+000  0.13287395E+001  0.24789670E+001  0.41056366E+001  0.58211027E+001  0.92710328E+001
  0.19206583E+000  0.21789814E+000  0.35307025E+000  0.51541021E+000  0.85880421E+000  0.97800491E+000  0.13287396E+001  0.24789667E+001  0.41056366E+001  0.58211025E+001  0.92709930E+001
  0.19206581E+000  0.21789813E+000  0.35307320E+000  0.51541018E+000  0.85880413E+000  0.97800476E+000  0.13287398E+001  0.24789665E+001  0.41056366E+001  0.58211024E+001  0.92709526E+001
  0.19206579E+000  0.21789812E+000  0.35307622E+000  0.51541016E+000  0.85880406E+000  0.97800462E+000  0.13287399E+001  0.24789663E+001  0.41056367E+001  0.58211022E+001  0.92709115E+001
  0.19206578E+000  0.21789812E+000  0.35307928E+000  0.51541014E+000  0.85880399E+000  0.97800451E+000  0.13287401E+001  0.24789662E+001  0.41056369E+001  0.58211021E+001  0.92708699E+001
  0.19206577E+000  0.21789812E+000  0.35308240E+000  0.51541012E+000  0.85880394E+000  0.97800440E+000  0.13287402E+001  0.24789661E+001  0.41056371E+001  0.58211020E+001  0.92708278E+001
  0.19206576E+000  0.21789813E+000  0.35308556E+000  0.51541011E+000  0.85880389E+000  0.97800432E+000  0.13287404E+001  0.24789660E+001  0.41056374E+001  0.58211019E+001  0.92707853E+001
  0.19206575E+000  0.21789814E+000  0.35308876E+000  0.51541010E+000  0.85888470E+000  0.97800425E+000  0.13287406E+001  0.24789659E+001  0.41056378E+001  0.58211019E+001  0.92707422E+001
  0.19206574E+000  0.21789815E+000  0.35309199E+000  0.51541010E+000  0.85888464E+000  0.97800418E+000  0.13287408E+001  0.24789658E+001  0.41056382E+001  0.58211018E+001  0.92706988E+001
  0.19206574E+000  0.21789817E+000  0.35309525E+000  0.51541010E+000  0.85888458E+000  0.97800413E+000  0.13287411E+001  0.24789658E+001  0.41056386E+001  0.58211018E+001  0.92706550E+001
  0.19206573E+000  0.21789819E+000  0.35309855E+000  0.51541011E+000  0.85888454E+000  0.97800409E+000  0.13287413E+001  0.24789658E+001  0.41056391E+001  0.58211017E+001  0.92706109E+001
  0.19206573E+000  0.21789821E+000  0.35310186E+000  0.51541012E+000  0.85888450E+000  0.97800406E+000  0.13287415E+001  0.24789658E+001  0.41056397E+001  0.58211017E+001  0.92705665E+001
  0.19206572E+000  0.21789823E+000  0.35310519E+000  0.51541013E+000  0.85888447E+000  0.97800404E+000  0.13287418E+001  0.24789658E+001  0.41056402E+001  0.58211017E+001  0.92705218E+001
  0.19206572E+000  0.21789825E+000  0.35310853E+000  0.51541014E+000  0.85888445E+000  0.97800402E+000  0.13287421E+001  0.24789658E+001  0.41056408E+001  0.58211017E+001  0.92704770E+001
  0.19206572E+000  0.21789828E+000  0.35311187E+000  0.51541015E+000  0.85888444E+000  0.97800401E+000  0.13287423E+001  0.24789658E+001  0.41056414E+001  0.58211016E+001  0.92704320E+001
  0.19206572E+000  0.21789831E+000  0.35311523E+000  0.51541017E+000  0.85888443E+000  0.97800400E+000  0.13287426E+001  0.24789658E+001  0.41056420E+001  0.58211016E+001  0.92703869E+001
  0.19206572E+000  0.21789833E+000  0.35311858E+000  0.51541019E+000  0.85888442E+000  0.97800400E+000  0.13287429E+001  0.24789659E+001  0.41056427E+001  0.58211016E+001  0.92703418E+001
  0.19206572E+000  0.21789836E+000  0.35312192E+000  0.51541020E+000  0.85888442E+000  0.97800400E+000  0.13287432E+001  0.24789659E+001  0.41056434E+001  0.58211016E+001  0.92702967E+001
  0.19206572E+000  0.21789839E+000  0.35312526E+000  0.51541022E+000  0.85888442E+000  0.97800400E+000  0.13287435E+001  0.24789660E+001  0.41056441E+001  0.58211016E+001  0.92702518E+001
  0.19206572E+000  0.21789842E+000  0.35312858E+000  0.51541024E+000  0.85888442E+000  0.97800401E+000  0.13287438E+001  0.24789660E+001  0.41056449E+001  0.58211016E+001  0.92702070E+001
  0.19206572E+000  0.21789845E+000  0.35313189E+000  0.51541026E+000  0.85888442E+000  0.97800401E+000  0.13287441E+001  0.24789661E+001  0.41056456E+001  0.58211016E+001  0.92701625E+001
  0.19206572E+000  0.21789848E+000  0.35313518E+000  0.51541029E+000  0.85888443E+000  0.97800402E+000  0.13287444E+001  0.24789661E+001  0.41056464E+001  0.58211016E+001  0.92701184E+001
  0.19206572E+000  0.21789851E+000  0.35313844E+000  0.51541031E+000  0.85888444E+000  0.97800403E+000  0.13287447E+001  0.24789662E+001  0.41056472E+001  0.58211016E+001  0.92700747E+001
  0.19206572E+000  0.21789854E+000  0.35314168E+000  0.51541033E+000  0.85888444E+000  0.97800404E+000  0.13287450E+001  0.24789663E+001  0.41056481E+001  0.58211016E+001  0.92700316E+001
  0.19206572E+000  0.21789857E+000  0.35314488E+000  0.51541035E+000  0.85888445E+000  0.97800405E+000  0.13287453E+001  0.24789663E+001  0.41056490E+001  0.58211017E+001  0.92699891E+001
  0.19206572E+000  0.21789860E+000  0.35314805E+000  0.51541037E+000  0.85888446E+000  0.97800406E+000  0.13287456E+001  0.24789664E+001  0.41056499E+001  0.58211017E+001  0.92679181E+001
  0.19206572E+000  0.21789863E+000  0.35315119E+000  0.51541039E+000  0.85888447E+000  0.97800407E+000  0.13287459E+001  0.24789665E+001  0.41056508E+001  0.58211017E+001  0.92679159E+001
  0.19206572E+000  0.21789866E+000  0.35315428E+000  0.51541041E+000  0.85888447E+000  0.97800408E+000  0.13287463E+001  0.24789665E+001  0.41056518E+001  0.58211017E+001  0.92679138E+001
  0.19206572E+000  0.21789869E+000  0.35315734E+000  0.51541044E+000  0.85888448E+000  0.97800409E+000  0.13287466E+001  0.24789666E+001  0.41056527E+001  0.58211017E+001  0.92679118E+001
  0.19206572E+000  0.21789872E+000  0.35316035E+000  0.51541046E+000  0.85888449E+000  0.97800410E+000  0.13287469E+001  0.24789667E+001  0.41056538E+001  0.58211017E+001  0.92679098E+001
  0.19206572E+000  0.21789875E+000  0.35316331E+000  0.51541048E+000  0.85888449E+000  0.97800411E+000  0.13287472E+001  0.24789667E+001  0.41056548E+001  0.58211017E+001  0.92679079E+001
  0.19206572E+000  0.21789877E+000  0.35316623E+000  0.51541050E+000  0.85888450E+000  0.97800412E+000  0.13287475E+001  0.24789668E+001  0.41056559E+001  0.58211017E+001  0.92679061E+001
  0.19206573E+000  0.21789880E+000  0.35316910E+000  0.51541052E+000  0.85888450E+000  0.97800412E+000  0.13287478E+001  0.24789669E+001  0.41056570E+001  0.58211017E+001  0.92679043E+001
  0.19206573E+000  0.21789883E+000  0.35317191E+000  0.51541054E+000  0.85888450E+000  0.97800413E+000  0.13287481E+001  0.24789669E+001  0.41056581E+001  0.58211017E+001  0.92679026E+001
  0.19206573E+000  0.21789885E+000  0.35317467E+000  0.51541055E+000  0.85888451E+000  0.97800413E+000  0.13287484E+001  0.24789670E+001  0.41056593E+001  0.58211017E+001  0.92679011E+001
  0.19206573E+000  0.21789888E+000  0.35317738E+000  0.51541057E+000  0.85888451E+000  0.97800414E+000  0.13287487E+001  0.24789671E+001  0.41056605E+001  0.58211017E+001  0.92678996E+001
  0.19206573E+000  0.21789890E+000  0.35318003E+000  0.51541059E+000  0.85888451E+000  0.97800414E+000  0.13287490E+001  0.24789671E+001  0.41056617E+001  0.58211017E+001  0.92678982E+001
  0.19206573E+000  0.21789892E+000  0.35318263E+000  0.51541061E+000  0.85888451E+000  0.97800414E+000  0.13287493E+001  0.24789672E+001  0.41056629E+001  0.58211017E+001  0.92678969E+001
  0.19206573E+000  0.21789894E+000  0.35318516E+000  0.51541062E+000  0.85888451E+000  0.97800414E+000  0.13287496E+001  0.24789673E+001  0.41056642E+001  0.58211017E+001  0.92678957E+001
  0.19206573E+000  0.21789896E+000  0.35318764E+000  0.51541064E+000  0.85888451E+000  0.97800414E+000  0.13287499E+001  0.24789673E+001  0.41056840E+001  0.58211017E+001  0.92678947E+001
  0.19206573E+000  0.21789898E+000  0.35319006E+000  0.51541065E+000  0.85888450E+000  0.97800414E+000  0.13287502E+001  0.24789674E+001  0.41057067E+001  0.58211017E+001  0.92678937E+001
  0.19206573E+000  0.21789900E+000  0.35319242E+000  0.51541067E+000  0.85888450E+000  0.97800414E+000  0.13287505E+001  0.24789674E+001  0.41057298E+001  0.58211017E+001  0.92678929E+001
  0.19206572E+000  0.21789902E+000  0.35319472E+000  0.51541068E+000  0.85888450E+000  0.97800414E+000  0.13287508E+001  0.24789675E+001  0.41057533E+001  0.58211017E+001  0.92678922E+001
  0.19206572E+000  0.21789904E+000  0.35319696E+000  0.51541070E+000  0.85888449E+000  0.97800414E+000  0.13287510E+001  0.24789676E+001  0.41057773E+001  0.58211017E+001  0.92678917E+001
  0.19206572E+000  0.21789906E+000  0.35319914E+000  0.51541071E+000  0.85888449E+000  0.97800414E+000  0.13287513E+001  0.24789676E+001  0.41058015E+001  0.58211017E+001  0.92678912E+001
  0.19206572E+000  0.21789907E+000  0.35320126E+000  0.51541072E+000  0.85888448E+000  0.97800413E+000  0.13287516E+001  0.24789677E+001  0.41058262E+001  0.58211017E+001  0.92678910E+001
  0.19206572E+000  0.21789909E+000  0.35320200E+000  0.51541074E+000  0.85888447E+000  0.97800413E+000  0.13287518E+001  0.24789677E+001  0.41058511E+001  0.58211017E+001  0.92678908E+001
  0.19206572E+000  0.21789910E+000  0.35320220E+000  0.51541075E+000  0.85888447E+000  0.97800412E+000  0.13287521E+001  0.24789678E+001  0.41058764E+001  0.58211017E+001  0.92678908E+001
  0.19206572E+000  0.21789912E+000  0.35320239E+000  0.51541076E+000  0.85888446E+000  0.97800412E+000  0.13287523E+001  0.24789678E+001  0.41060212E+001  0.58211017E+001  0.92678909E+001
  0.19206572E+000  0.21789913E+000  0.35320258E+000  0.51541077E+000  0.85888445E+000  0.97800411E+000  0.13287526E+001  0.24789679E+001  0.41074831E+001  0.58211016E+001  0.92678912E+001
  0.19206572E+000  0.21789915E+000  0.35320276E+000  0.51541078E+000  0.85888444E+000  0.97800411E+000  0.13287528E+001  0.24789679E+001  0.41074911E+001  0.58211016E+001  0.92678916E+001
  0.19206572E+000  0.21789916E+000  0.35320294E+000  0.51541079E+000  0.85888444E+000  0.97800410E+000  0.13287530E+001  0.24789680E+001  0.41074991E+001  0.58211016E+001  0.92678921E+001
  0.19206572E+000  0.21789917E+000  0.35320311E+000  0.51541080E+000  0.85888443E+000  0.97800409E+000  0.13287533E+001  0.24789680E+001  0.41075073E+001  0.58211016E+001  0.92678928E+001
  0.19206572E+000  0.21789918E+000  0.35320328E+000  0.51541081E+000  0.85888442E+000  0.97800408E+000  0.13287535E+001  0.24789681E+001  0.41075154E+001  0.58211016E+001  0.92678937E+001
  0.19206572E+000  0.21789919E+000  0.35320344E+000  0.51541082E+000  0.85888441E+000  0.97800408E+000  0.13287537E+001  0.24789681E+001  0.41075237E+001  0.58211016E+001  0.92678947E+001
  0.19206571E+000  0.21789920E+000  0.35320359E+000  0.51541082E+000  0.85888440E+000  0.97800407E+000  0.13287539E+001  0.24789682E+001  0.41075319E+001  0.58211016E+001  0.92678958E+001
  0.19206571E+000  0.21789921E+000  0.35320374E+000  0.51541083E+000  0.85888439E+000  0.97800406E+000  0.13287541E+001  0.24789682E+001  0.41075402E+001  0.58211016E+001  0.92678971E+001
  0.19206571E+000  0.21789922E+000  0.35320389E+000  0.51541084E+000  0.85888438E+000  0.97800405E+000  0.13287543E+001  0.24789683E+001  0.41075485E+001  0.58211016E+001  0.92678985E+001
  0.19206571E+000  0.21789923E+000  0.35320402E+000  0.51541085E+000  0.85888437E+000  0.97800404E+000  0.13287545E+001  0.24789683E+001  0.41075569E+001  0.58211016E+001  0.92679000E+001
  0.19206571E+000  0.21789924E+000  0.35320416E+000  0.51541085E+000  0.85888436E+000  0.97800403E+000  0.13287547E+001  0.24789684E+001  0.41075652E+001  0.58211016E+001  0.92679017E+001
  0.19206571E+000  0.21789924E+000  0.35320429E+000  0.51541086E+000  0.85888435E+000  0.97800402E+000  0.13287549E+001  0.24789684E+001  0.41075736E+001  0.58211015E+001  0.92679035E+001
  0.19206571E+000  0.21789925E+000  0.35320441E+000  0.51541087E+000  0.85888434E+000  0.97800402E+000  0.13287551E+001  0.24789684E+001  0.41075819E+001  0.58211015E+001  0.92679054E+001
  0.19206571E+000  0.21789926E+000  0.35320453E+000  0.51541087E+000  0.85888432E+000  0.97800401E+000  0.13287553E+001  0.24789685E+001  0.41075903E+001  0.58211015E+001  0.92679074E+001
  0.19206570E+000  0.21789926E+000  0.35320464E+000  0.51541088E+000  0.85888431E+000  0.97800400E+000  0.13287554E+001  0.24789685E+001  0.41075986E+001  0.58211015E+001  0.92679096E+001
  0.19206570E+000  0.21789927E+000  0.35320475E+000  0.51541088E+000  0.85888430E+000  0.97800399E+000  0.13287556E+001  0.24789686E+001  0.41076069E+001  0.58211015E+001  0.92679119E+001
  0.19206570E+000  0.21789928E+000  0.35320486E+000  0.51541089E+000  0.85888429E+000  0.97800398E+000  0.13287557E+001  0.24789686E+001  0.41076152E+001  0.58211015E+001  0.92679143E+001
  0.19206570E+000  0.21789928E+000  0.35320496E+000  0.51541089E+000  0.85888428E+000  0.97800397E+000  0.13287559E+001  0.24789686E+001  0.41076234E+001  0.58211015E+001  0.92679168E+001
  0.19206570E+000  0.21789929E+000  0.35320505E+000  0.51541089E+000  0.85888427E+000  0.97800396E+000  0.13287561E+001  0.24789687E+001  0.41076316E+001  0.58211015E+001  0.92699727E+001
  0.19206570E+000  0.21789929E+000  0.35320514E+000  0.51541090E+000  0.85888426E+000  0.97800395E+000  0.13287562E+001  0.24789687E+001  0.41076398E+001  0.58211015E+001  0.92700240E+001
  0.19206570E+000  0.21789929E+000  0.35320523E+000  0.51541090E+000  0.85888425E+000  0.97800394E+000  0.13287563E+001  0.24789688E+001  0.41076479E+001  0.58211015E+001  0.92700771E+001
  0.19206570E+000  0.21789930E+000  0.35320532E+000  0.51541091E+000  0.85888424E+000  0.97800393E+000  0.13287565E+001  0.24789688E+001  0.41076559E+001  0.58211015E+001  0.92701318E+001
  0.19206570E+000  0.21789930E+000  0.35320540E+000  0.51541091E+000  0.85888423E+000  0.97800392E+000  0.13287566E+001  0.24789688E+001  0.41076639E+001  0.58211014E+001  0.92701882E+001
  0.19206569E+000  0.21789931E+000  0.35320548E+000  0.51541091E+000  0.85888422E+000  0.97800392E+000  0.13287567E+001  0.24789689E+001  0.41076718E+001  0.58211014E+001  0.92702461E+001
  0.19206569E+000  0.21789931E+000  0.35320555E+000  0.51541092E+000  0.85888421E+000  0.97800391E+000  0.13287569E+001  0.24789689E+001  0.41076797E+001  0.58211014E+001  0.92703054E+001
  0.19206569E+000  0.21789931E+000  0.35320562E+000  0.51541092E+000  0.85888420E+000  0.97800390E+000  0.13287570E+001  0.24789689E+001  0.41076874E+001  0.58211014E+001  0.92703659E+001
  0.19206569E+000  0.21789931E+000  0.35320569E+000  0.51541092E+000  0.85888420E+000  0.97800389E+000  0.13287571E+001  0.24789690E+001  0.41076951E+001  0.58211014E+001  0.92704278E+001
  0.19206569E+000  0.21789932E+000  0.35320575E+000  0.51541092E+000  0.85888419E+000  0.97800389E+000  0.13287572E+001  0.24789690E+001  0.41077027E+001  0.58211014E+001  0.92704907E+001
  0.19206569E+000  0.21789932E+000  0.35320581E+000  0.51541093E+000  0.85888418E+000  0.97800388E+000  0.13287573E+001  0.24789690E+001  0.41077102E+001  0.58211014E+001  0.92705547E+001
  0.19206569E+000  0.21789932E+000  0.35320587E+000  0.51541093E+000  0.85888417E+000  0.97800387E+000  0.13287574E+001  0.24789691E+001  0.41077176E+001  0.58211014E+001  0.92706196E+001
  0.19206569E+000  0.21789932E+000  0.35320593E+000  0.51541093E+000  0.85888416E+000  0.97800386E+000  0.13287575E+001  0.24789691E+001  0.41077249E+001  0.58211014E+001  0.92706853E+001
  0.19206569E+000  0.21789933E+000  0.35320598E+000  0.51541093E+000  0.85888416E+000  0.97800386E+000  0.13287576E+001  0.24789691E+001  0.41077321E+001  0.58211014E+001  0.92707518E+001
  0.19206569E+000  0.21789933E+000  0.35320603E+000  0.51541094E+000  0.85888415E+000  0.97800385E+000  0.13287577E+001  0.24789692E+001  0.41077392E+001  0.58211014E+001  0.92708190E+001
  0.19206569E+000  0.21789933E+000  0.35320608E+000  0.51541094E+000  0.85888414E+000  0.97800385E+000  0.13287578E+001  0.24789692E+001  0.41077462E+001  0.58211014E+001  0.92708867E+001
  0.19206569E+000  0.21789933E+000  0.35320613E+000  0.51541094E+000  0.85888414E+000  0.97800384E+000  0.13287579E+001  0.24789692E+001  0.41077531E+001  0.58211014E+001  0.92709549E+001
  0.19206569E+000  0.21789933E+000  0.35320617E+000  0.51541094E+000  0.85888413E+000  0.97800384E+000  0.13287580E+001  0.24789692E+001  0.41077599E+001  0.58211014E+001  0.92710234E+001
  0.19206568E+000  0.21789934E+000  0.35320621E+000  0.51541094E+000  0.85888413E+000  0.97800383E+000  0.13287580E+001  0.24789693E+001  0.41077665E+001  0.58211013E+001  0.92710923E+001
  0.19206568E+000  0.21789934E+000  0.35320625E+000  0.51541094E+000  0.85888412E+000  0.97800383E+000  0.13287581E+001  0.24789693E+001  0.41077730E+001  0.58211013E+001  0.92711614E+001
  0.19206568E+000  0.21789934E+000  0.35320629E+000  0.51541095E+000  0.85888412E+000  0.97800382E+000  0.13287582E+001  0.24789693E+001  0.41077794E+001  0.58211013E+001  0.92712306E+001
  0.19206568E+000  0.21789934E+000  0.35320633E+000  0.51541095E+000  0.85888411E+000  0.97800382E+000  0.13287583E+001  0.24789694E+001  0.41077857E+001  0.58211013E+001  0.92712998E+001
  0.19206568E+000  0.21789934E+000  0.35320636E+000  0.51541095E+000  0.85888411E+000  0.97800381E+000  0.13287583E+001  0.24789694E+001  0.41077919E+001  0.58211013E+001  0.92739180E+001
  0.19206568E+000  0.21789934E+000  0.35320640E+000  0.51541095E+000  0.85888410E+000  0.97800381E+000  0.13287584E+001  0.24789694E+001  0.41077979E+001  0.58211013E+001  0.92739282E+001
  0.19206568E+000  0.21789934E+000  0.35320643E+000  0.51541095E+000  0.85888410E+000  0.97800381E+000  0.13287585E+001  0.24789694E+001  0.41078039E+001  0.58211013E+001  0.92739385E+001
  0.19206568E+000  0.21789935E+000  0.35320646E+000  0.51541095E+000  0.85888410E+000  0.97800381E+000  0.13287585E+001  0.24789695E+001  0.41078096E+001  0.58211013E+001  0.92739487E+001
  0.19206568E+000  0.21789935E+000  0.35320649E+000  0.51541096E+000  0.85888409E+000  0.97800380E+000  0.13287586E+001  0.24789695E+001  0.41078153E+001  0.58211013E+001  0.92739588E+001
  0.19206568E+000  0.21789935E+000  0.35320651E+000  0.51541096E+000  0.85888409E+000  0.97800380E+000  0.13287586E+001  0.24789695E+001  0.41078208E+001  0.58211013E+001  0.92739689E+001
  0.19206568E+000  0.21789935E+000  0.35320654E+000  0.51541096E+000  0.85888409E+000  0.97800380E+000  0.13287587E+001  0.24789695E+001  0.41078263E+001  0.58211013E+001  0.92739789E+001
  0.19206568E+000  0.21789935E+000  0.35320656E+000  0.51541096E+000  0.85888409E+000  0.97800380E+000  0.13287588E+001  0.24789695E+001  0.41078315E+001  0.58211013E+001  0.92739889E+001
  0.19206568E+000  0.21789935E+000  0.35320659E+000  0.51541096E+000  0.85888409E+000  0.97800380E+000  0.13287588E+001  0.24789696E+001  0.41078367E+001  0.58211013E+001  0.92739987E+001
  0.19206568E+000  0.21789935E+000  0.35320661E+000  0.51541096E+000  0.85888409E+000  0.97800380E+000  0.13287589E+001  0.24789696E+001  0.41078417E+001  0.58211013E+001  0.92740085E+001
  0.19206568E+000  0.21789935E+000  0.35320663E+000  0.51541096E+000  0.85888408E+000  0.97800379E+000  0.13287589E+001  0.24789696E+001  0.41078466E+001  0.58211013E+001  0.92740182E+001
  0.19206568E+000  0.21789935E+000  0.35320665E+000  0.51541097E+000  0.85888408E+000  0.97800379E+000  0.13287589E+001  0.24789696E+001  0.41078514E+001  0.58211013E+001  0.92740278E+001
  0.19206568E+000  0.21789936E+000  0.35320667E+000  0.51541097E+000  0.85888408E+000  0.97800379E+000  0.13287590E+001  0.24789697E+001  0.41078561E+001  0.58211013E+001  0.92740372E+001
  0.19206568E+000  0.21789936E+000  0.35320669E+000  0.51541097E+000  0.85888408E+000  0.97800379E+000  0.13287590E+001  0.24789697E+001  0.41078606E+001  0.58211013E+001  0.92740466E+001
  0.19206568E+000  0.21789936E+000  0.35320670E+000  0.51541097E+000  0.85888408E+000  0.97800379E+000  0.13287591E+001  0.24789697E+001  0.41078650E+001  0.58211013E+001  0.92740558E+001
  0.19206568E+000  0.21789936E+000  0.35320672E+000  0.51541097E+000  0.85888408E+000  0.97800379E+000  0.13287591E+001  0.24789697E+001  0.41078693E+001  0.58211013E+001  0.92740649E+001
  0.19206568E+000  0.21789936E+000  0.35320674E+000  0.51541097E+000  0.85888408E+000  0.97800379E+000  0.13287591E+001  0.24789697E+001  0.41078735E+001  0.58211013E+001  0.92740738E+001
  0.19206568E+000  0.21789936E+000  0.35320675E+000  0.51541097E+000  0.85888408E+000  0.97800379E+000  0.13287592E+001  0.24789697E+001  0.41078775E+001  0.58211013E+001  0.92740826E+001
  0.19206568E+000  0.21789936E+000  0.35320677E+000  0.51541097E+000  0.85888408E+000  0.97800379E+000  0.13287592E+001  0.24789698E+001  0.41078815E+001  0.58211013E+001  0.92740913E+001
  0.19206568E+000  0.21789936E+000  0.35320678E+000  0.51541098E+000  0.85888408E+000  0.97800379E+000  0.13287592E+001  0.24789698E+001  0.41078853E+001  0.58211013E+001  0.92742769E+001
  0.19206568E+000  0.21789936E+000  0.35320679E+000  0.51541098E+000  0.85888408E+000  0.97800380E+000  0.13287593E+001  0.24789698E+001  0.41078890E+001  0.58211013E+001  0.92742818E+001
  0.19206568E+000  0.21789936E+000  0.35320680E+000  0.51541098E+000  0.85888408E+000  0.97800380E+000  0.13287593E+001  0.24789698E+001  0.41078926E+001  0.58211013E+001  0.92742866E+001
  0.19206568E+000  0.21789937E+000  0.35320682E+000  0.51541098E+000  0.85888409E+000  0.97800380E+000  0.13287593E+001  0.24789698E+001  0.41078961E+001  0.58211013E+001  0.92742913E+001
  0.19206568E+000  0.21789937E+000  0.35320683E+000  0.51541098E+000  0.85888409E+000  0.97800380E+000  0.13287594E+001  0.24789698E+001  0.41078995E+001  0.58211013E+001  0.92742959E+001
  0.19206568E+000  0.21789937E+000  0.35320684E+000  0.51541098E+000  0.85888409E+000  0.97800380E+000  0.13287594E+001  0.24789699E+001  0.41079027E+001  0.58211013E+001  0.92743004E+001
  0.19206568E+000  0.21789937E+000  0.35320685E+000  0.51541098E+000  0.85888409E+000  0.97800380E+000  0.13287594E+001  0.24789699E+001  0.41110770E+001  0.58211013E+001  0.92743049E+001
  0.19206568E+000  0.21789937E+000  0.35320686E+000  0.51541098E+000  0.85888409E+000  0.97800380E+000  0.13287594E+001  0.24789699E+001  0.41110854E+001  0.58211013E+001  0.92743092E+001
  0.19206568E+000  0.21789937E+000  0.35320686E+000  0.51541099E+000  0.85888409E+000  0.97800380E+000  0.13287595E+001  0.24789699E+001  0.41110936E+001  0.58211013E+001  0.92743135E+001
  0.19206568E+000  0.21789937E+000  0.35320687E+000  0.51541099E+000  0.85888409E+000  0.97800381E+000  0.13287595E+001  0.24789699E+001  0.41111015E+001  0.58211013E+001  0.92743176E+001
  0.19206568E+000  0.21789937E+000  0.35320688E+000  0.51541099E+000  0.85888409E+000  0.97800381E+000  0.13287595E+001  0.24789699E+001  0.41111091E+001  0.58211013E+001  0.92743216E+001
  0.19206568E+000  0.21789937E+000  0.35320689E+000  0.51541099E+000  0.85888409E+000  0.97800381E+000  0.13287595E+001  0.24789699E+001  0.41111165E+001  0.58211013E+001  0.92743256E+001
  0.19206568E+000  0.21789937E+000  0.35320689E+000  0.51541099E+000  0.85888409E+000  0.97800380E+000  0.13287595E+001  0.24789699E+001  0.41111236E+001  0.58211013E+001  0.92743294E+001
  0.19206568E+000  0.21789937E+000  0.35320690E+000  0.51541099E+000  0.85888409E+000  0.97800380E+000  0.13287595E+001  0.24789699E+001  0.41111304E+001  0.58211013E+001  0.92743332E+001
