  0.42099906E+000
  0.42106551E+000
  0.42112158E+000
  0.42116784E+000
  0.42120548E+000
  0.42123571E+000
  0.42125961E+000
  0.42127816E+000
  0.42129218E+000
  0.42130238E+000
  0.42130935E+000
  0.42131362E+000
  0.42131560E+000
  0.42131568E+000
  0.42131414E+000
  0.42131126E+000
  0.42130725E+000
  0.42130229E+000
  0.42129654E+000
  0.42129013E+000
  0.42128317E+000
  0.42127576E+000
  0.42126796E+000
  0.42125986E+000
  0.42125151E+000
  0.42124297E+000
  0.42123426E+000
  0.42122545E+000
  0.42121655E+000
  0.42120761E+000
  0.42119865E+000
  0.42118970E+000
  0.42118078E+000
  0.42117193E+000
  0.42116315E+000
  0.42115449E+000
  0.42114594E+000
  0.42113755E+000
  0.42112932E+000
  0.42112128E+000
  0.42111345E+000
  0.42110584E+000
  0.42109848E+000
  0.42109137E+000
  0.42108453E+000
  0.42107797E+000
  0.42107172E+000
  0.42106576E+000
  0.42106012E+000
  0.42105479E+000
  0.42104978E+000
  0.42104509E+000
  0.42104071E+000
  0.42103665E+000
  0.42103289E+000
  0.42102942E+000
  0.42102625E+000
  0.42102334E+000
  0.42102070E+000
  0.42101830E+000
  0.42101614E+000
  0.42101419E+000
  0.42101245E+000
  0.42101089E+000
  0.42100950E+000
  0.42100826E+000
  0.42100717E+000
  0.42100620E+000
  0.42100534E+000
  0.42100459E+000
  0.42100392E+000
  0.42100334E+000
  0.42100282E+000
  0.42100237E+000
  0.42100197E+000
  0.42100162E+000
  0.42100131E+000
  0.42100104E+000
  0.42100080E+000
  0.42100059E+000
  0.42100040E+000
  0.42100024E+000
  0.42100010E+000
  0.42099998E+000
  0.42099987E+000
  0.42099978E+000
  0.42099970E+000
  0.42099963E+000
  0.42099957E+000
  0.42099952E+000
  0.42099948E+000
  0.42099945E+000
  0.42099942E+000
  0.42099940E+000
  0.42099938E+000
  0.42099936E+000
  0.42099935E+000
  0.42099934E+000
  0.42099934E+000
  0.42099933E+000
  0.42099933E+000
  0.42099933E+000
  0.42099933E+000
  0.42099933E+000
  0.42099933E+000
  0.42099933E+000
  0.42099933E+000
  0.42099933E+000
  0.42099933E+000
  0.42099933E+000
  0.42099933E+000
  0.42099933E+000
  0.42099933E+000
  0.42099933E+000
  0.42099933E+000
  0.42099933E+000
  0.42099932E+000
  0.42099932E+000
  0.42099932E+000
  0.42099931E+000
  0.42099931E+000
  0.42099931E+000
  0.42099930E+000
  0.42099930E+000
  0.42099929E+000
  0.42099929E+000
  0.42099928E+000
  0.42099927E+000
  0.42099927E+000
  0.42099926E+000
  0.42099925E+000
  0.42099925E+000
  0.42099924E+000
  0.42099923E+000
  0.42099922E+000
  0.42099922E+000
  0.42099921E+000
  0.42099920E+000
  0.42099919E+000
  0.42099919E+000
  0.42099918E+000
  0.42099917E+000
  0.42099917E+000
  0.42099916E+000
  0.42099915E+000
  0.42099914E+000
  0.42099914E+000
  0.42099913E+000
  0.42099912E+000
  0.42099912E+000
  0.42099911E+000
  0.42099910E+000
  0.42099910E+000
  0.42099909E+000
  0.42099909E+000
  0.42099908E+000
  0.42099908E+000
  0.42099907E+000
  0.42099907E+000
  0.42099906E+000
  0.42099906E+000
  0.42099905E+000
  0.42099905E+000
  0.42099905E+000
  0.42099904E+000
  0.42099904E+000
  0.42099904E+000
  0.42099904E+000
  0.42099903E+000
  0.42099903E+000
  0.42099903E+000
  0.42099903E+000
  0.42099903E+000
  0.42099902E+000
  0.42099902E+000
  0.42099902E+000
  0.42099902E+000
  0.42099902E+000
  0.42099902E+000
  0.42099902E+000
  0.42099902E+000
  0.42099902E+000
  0.42099902E+000
  0.42099902E+000
  0.42099902E+000
  0.42099902E+000
  0.42099902E+000
  0.42099902E+000
  0.42099902E+000
  0.42099902E+000
  0.42099902E+000
  0.42099903E+000
  0.42099903E+000
  0.42099903E+000
  0.42099903E+000
  0.42099903E+000
  0.42099904E+000
  0.42099900E+000
  0.42099913E+000
  0.42099873E+000
