  0.90297484E+001
  0.90311558E+001
  0.90321554E+001
  0.90329288E+001
  0.90335433E+001
  0.90340338E+001
  0.90344236E+001
  0.90347306E+001
  0.90349688E+001
  0.90351498E+001
  0.90352831E+001
  0.90353766E+001
  0.90354367E+001
  0.90354689E+001
  0.90354776E+001
  0.90354664E+001
  0.90354386E+001
  0.90353967E+001
  0.90353428E+001
  0.90352788E+001
  0.90352061E+001
  0.90351261E+001
  0.90350397E+001
  0.90349479E+001
  0.90348515E+001
  0.90347510E+001
  0.90346470E+001
  0.90345400E+001
  0.90344303E+001
  0.90343183E+001
  0.90342043E+001
  0.90340885E+001
  0.90339712E+001
  0.90338526E+001
  0.90337328E+001
  0.90336120E+001
  0.90334904E+001
  0.90333682E+001
  0.90332454E+001
  0.90331223E+001
  0.90329990E+001
  0.90328756E+001
  0.90327524E+001
  0.90326295E+001
  0.90325071E+001
  0.90323853E+001
  0.90322645E+001
  0.90321447E+001
  0.90320261E+001
  0.90319091E+001
  0.90317938E+001
  0.90316804E+001
  0.90315692E+001
  0.90314603E+001
  0.90313541E+001
  0.90312506E+001
  0.90311500E+001
  0.90310527E+001
  0.90309587E+001
  0.90308682E+001
  0.90307812E+001
  0.90306981E+001
  0.90306187E+001
  0.90305433E+001
  0.90304718E+001
  0.90304044E+001
  0.90303409E+001
  0.90302813E+001
  0.90302258E+001
  0.90301741E+001
  0.90301262E+001
  0.90300821E+001
  0.90300415E+001
  0.90300045E+001
  0.90299707E+001
  0.90299402E+001
  0.90299128E+001
  0.90298882E+001
  0.90298664E+001
  0.90298470E+001
  0.90298301E+001
  0.90298153E+001
  0.90298026E+001
  0.90297917E+001
  0.90297825E+001
  0.90297748E+001
  0.90297684E+001
  0.90297633E+001
  0.90297593E+001
  0.90297562E+001
  0.90297539E+001
  0.90297524E+001
  0.90297514E+001
  0.90297510E+001
  0.90297510E+001
  0.90297513E+001
  0.90297519E+001
  0.90297527E+001
  0.90297537E+001
  0.90297548E+001
  0.90297560E+001
  0.90297572E+001
  0.90297584E+001
  0.90297596E+001
  0.90297608E+001
  0.90297619E+001
  0.90297629E+001
  0.90297639E+001
  0.90297648E+001
  0.90297655E+001
  0.90297662E+001
  0.90297668E+001
  0.90297674E+001
  0.90297678E+001
  0.90297681E+001
  0.90297683E+001
  0.90297684E+001
  0.90297685E+001
  0.90297685E+001
  0.90297683E+001
  0.90297682E+001
  0.90297679E+001
  0.90297676E+001
  0.90297672E+001
  0.90297667E+001
  0.90297662E+001
  0.90297657E+001
  0.90297651E+001
  0.90297645E+001
  0.90297638E+001
  0.90297631E+001
  0.90297624E+001
  0.90297616E+001
  0.90297608E+001
  0.90297600E+001
  0.90297592E+001
  0.90297584E+001
  0.90297576E+001
  0.90297568E+001
  0.90297560E+001
  0.90297551E+001
  0.90297543E+001
  0.90297535E+001
  0.90297527E+001
  0.90297520E+001
  0.90297512E+001
  0.90297505E+001
  0.90297497E+001
  0.90297490E+001
  0.90297484E+001
  0.90297477E+001
  0.90297471E+001
  0.90297465E+001
  0.90297460E+001
  0.90297455E+001
  0.90297450E+001
  0.90297445E+001
  0.90297441E+001
  0.90297437E+001
  0.90297433E+001
  0.90297430E+001
  0.90297427E+001
  0.90297424E+001
  0.90297422E+001
  0.90297420E+001
  0.90297418E+001
  0.90297417E+001
  0.90297416E+001
  0.90297415E+001
  0.90297414E+001
  0.90297414E+001
  0.90297414E+001
  0.90297414E+001
  0.90297414E+001
  0.90297415E+001
  0.90297416E+001
  0.90297417E+001
  0.90297418E+001
  0.90297419E+001
  0.90297421E+001
  0.90297422E+001
  0.90297424E+001
  0.90297425E+001
  0.90297427E+001
  0.90297429E+001
  0.90297431E+001
  0.90297433E+001
  0.90297435E+001
  0.90297437E+001
  0.90297439E+001
  0.90297441E+001
  0.90297443E+001
  0.90297446E+001
  0.90297448E+001
  0.90297450E+001
  0.90297451E+001
  0.90297453E+001
  0.90297455E+001
  0.90297456E+001
  0.90297456E+001
