  0.10513981E+002
  0.10518422E+002
  0.10521717E+002
  0.10524329E+002
  0.10526448E+002
  0.10528182E+002
  0.10529605E+002
  0.10530773E+002
  0.10531730E+002
  0.10532513E+002
  0.10533150E+002
  0.10533665E+002
  0.10534079E+002
  0.10534407E+002
  0.10534662E+002
  0.10534857E+002
  0.10535001E+002
  0.10535101E+002
  0.10535164E+002
  0.10535196E+002
  0.10535201E+002
  0.10535184E+002
  0.10535147E+002
  0.10535094E+002
  0.10535026E+002
  0.10534947E+002
  0.10534857E+002
  0.10534759E+002
  0.10534654E+002
  0.10534542E+002
  0.10534426E+002
  0.10534304E+002
  0.10534180E+002
  0.10534052E+002
  0.10533922E+002
  0.10533790E+002
  0.10533656E+002
  0.10533521E+002
  0.10533385E+002
  0.10533249E+002
  0.10533112E+002
  0.10532975E+002
  0.10532839E+002
  0.10532703E+002
  0.10532567E+002
  0.10532432E+002
  0.10532298E+002
  0.10532166E+002
  0.10532034E+002
  0.10531904E+002
  0.10531776E+002
  0.10531651E+002
  0.10531527E+002
  0.10531406E+002
  0.10531288E+002
  0.10531172E+002
  0.10531060E+002
  0.10530951E+002
  0.10530846E+002
  0.10530745E+002
  0.10530647E+002
  0.10530554E+002
  0.10530465E+002
  0.10530380E+002
  0.10530300E+002
  0.10530224E+002
  0.10530152E+002
  0.10530085E+002
  0.10530022E+002
  0.10529964E+002
  0.10529910E+002
  0.10529860E+002
  0.10529814E+002
  0.10529772E+002
  0.10529734E+002
  0.10529700E+002
  0.10529668E+002
  0.10529641E+002
  0.10529616E+002
  0.10529594E+002
  0.10529575E+002
  0.10529558E+002
  0.10529544E+002
  0.10529531E+002
  0.10529521E+002
  0.10529512E+002
  0.10529505E+002
  0.10529499E+002
  0.10529495E+002
  0.10529491E+002
  0.10529489E+002
  0.10529487E+002
  0.10529486E+002
  0.10529486E+002
  0.10529486E+002
  0.10529486E+002
  0.10529487E+002
  0.10529488E+002
  0.10529489E+002
  0.10529490E+002
  0.10529492E+002
  0.10529493E+002
  0.10529494E+002
  0.10529496E+002
  0.10529497E+002
  0.10529498E+002
  0.10529500E+002
  0.10529501E+002
  0.10529502E+002
  0.10529503E+002
  0.10529503E+002
  0.10529504E+002
  0.10529505E+002
  0.10529505E+002
  0.10529505E+002
  0.10529505E+002
  0.10529506E+002
  0.10529506E+002
  0.10529505E+002
  0.10529505E+002
  0.10529505E+002
  0.10529505E+002
  0.10529504E+002
  0.10529504E+002
  0.10529503E+002
  0.10529502E+002
  0.10529502E+002
  0.10529501E+002
  0.10529500E+002
  0.10529499E+002
  0.10529498E+002
  0.10529497E+002
  0.10529497E+002
  0.10529496E+002
  0.10529495E+002
  0.10529494E+002
  0.10529493E+002
  0.10529492E+002
  0.10529490E+002
  0.10529489E+002
  0.10529488E+002
  0.10529487E+002
  0.10529486E+002
  0.10529485E+002
  0.10529484E+002
  0.10529484E+002
  0.10529483E+002
  0.10529482E+002
  0.10529481E+002
  0.10529480E+002
  0.10529479E+002
  0.10529478E+002
  0.10529478E+002
  0.10529477E+002
  0.10529476E+002
  0.10529476E+002
  0.10529475E+002
  0.10529475E+002
  0.10529474E+002
  0.10529474E+002
  0.10529473E+002
  0.10529473E+002
  0.10529473E+002
  0.10529472E+002
  0.10529472E+002
  0.10529472E+002
  0.10529472E+002
  0.10529472E+002
  0.10529472E+002
  0.10529472E+002
  0.10529471E+002
  0.10529471E+002
  0.10529472E+002
  0.10529472E+002
  0.10529472E+002
  0.10529472E+002
  0.10529472E+002
  0.10529472E+002
  0.10529472E+002
  0.10529472E+002
  0.10529473E+002
  0.10529473E+002
  0.10529473E+002
  0.10529473E+002
  0.10529473E+002
  0.10529474E+002
  0.10529474E+002
  0.10529474E+002
  0.10529474E+002
  0.10529475E+002
  0.10529475E+002
  0.10529475E+002
  0.10529476E+002
  0.10529476E+002
  0.10529476E+002
  0.10529476E+002
  0.10529476E+002
  0.10529477E+002
  0.10529477E+002
  0.10529477E+002
