  0.49017163E-002  0.56879008E-001  0.10096632E+001  0.40984485E+002
  0.48897597E-002  0.56945149E-001  0.10103788E+001  0.41001479E+002
  0.48833456E-002  0.56985119E-001  0.10109258E+001  0.41014080E+002
  0.48798579E-002  0.57011974E-001  0.10113555E+001  0.41024073E+002
  0.48781883E-002  0.57030568E-001  0.10116966E+001  0.41032191E+002
  0.48777413E-002  0.57043287E-001  0.10119700E+001  0.41038841E+002
  0.48781251E-002  0.57051657E-001  0.10121915E+001  0.41044303E+002
  0.48790640E-002  0.57056795E-001  0.10123730E+001  0.41048788E+002
  0.48803605E-002  0.57059550E-001  0.10125225E+001  0.41052464E+002
  0.48818671E-002  0.57060608E-001  0.10126461E+001  0.41055468E+002
  0.48834764E-002  0.57060511E-001  0.10127483E+001  0.41057912E+002
  0.48851130E-002  0.57059675E-001  0.10128325E+001  0.41059888E+002
  0.48867248E-002  0.57058420E-001  0.10129013E+001  0.41061473E+002
  0.48882765E-002  0.57056983E-001  0.10129567E+001  0.41062729E+002
  0.48897457E-002  0.57055539E-001  0.10130005E+001  0.41063709E+002
  0.48911187E-002  0.57054210E-001  0.10130339E+001  0.41064455E+002
  0.48923891E-002  0.57053078E-001  0.10130582E+001  0.41065005E+002
  0.48935545E-002  0.57052194E-001  0.10130743E+001  0.41065389E+002
  0.48946158E-002  0.57051583E-001  0.10130833E+001  0.41065632E+002
  0.48955761E-002  0.57051254E-001  0.10130858E+001  0.41065757E+002
  0.48964400E-002  0.57051197E-001  0.10130825E+001  0.41065780E+002
  0.48972131E-002  0.57051395E-001  0.10130741E+001  0.41065717E+002
  0.48979012E-002  0.57051821E-001  0.10130610E+001  0.41065582E+002
  0.48985105E-002  0.57052444E-001  0.10130440E+001  0.41065384E+002
  0.48990472E-002  0.57053227E-001  0.10130233E+001  0.41065134E+002
  0.48995173E-002  0.57054135E-001  0.10129996E+001  0.41064839E+002
  0.48999269E-002  0.57055127E-001  0.10129731E+001  0.41064506E+002
  0.49002816E-002  0.57056166E-001  0.10129443E+001  0.41064141E+002
  0.49005869E-002  0.57057213E-001  0.10129136E+001  0.41063749E+002
  0.49008480E-002  0.57058233E-001  0.10128813E+001  0.41063334E+002
  0.49010701E-002  0.57059192E-001  0.10128478E+001  0.41062899E+002
  0.49012578E-002  0.57060058E-001  0.10128133E+001  0.41062448E+002
  0.49014156E-002  0.57060805E-001  0.10127783E+001  0.41061983E+002
  0.49015478E-002  0.57061411E-001  0.10127428E+001  0.41061507E+002
  0.49016583E-002  0.57061857E-001  0.10127073E+001  0.41061021E+002
  0.49017508E-002  0.57062132E-001  0.10126719E+001  0.41060527E+002
  0.49018287E-002  0.57062231E-001  0.10126368E+001  0.41060028E+002
  0.49018950E-002  0.57062153E-001  0.10126021E+001  0.41059523E+002
  0.49019525E-002  0.57061902E-001  0.10125681E+001  0.41059014E+002
  0.49020038E-002  0.57061491E-001  0.10125348E+001  0.41058502E+002
  0.49020509E-002  0.57060935E-001  0.10125024E+001  0.41057988E+002
  0.49020956E-002  0.57060251E-001  0.10124708E+001  0.41057474E+002
  0.49021396E-002  0.57059464E-001  0.10124400E+001  0.41056959E+002
  0.49021839E-002  0.57058595E-001  0.10124102E+001  0.41056445E+002
  0.49022294E-002  0.57057671E-001  0.10123813E+001  0.41055932E+002
  0.49022767E-002  0.57056715E-001  0.10123533E+001  0.41055421E+002
  0.49023261E-002  0.57055750E-001  0.10123262E+001  0.41054914E+002
  0.49023777E-002  0.57054797E-001  0.10122999E+001  0.41054410E+002
  0.49024313E-002  0.57053875E-001  0.10122745E+001  0.41053911E+002
  0.49024866E-002  0.57052998E-001  0.10122498E+001  0.41053417E+002
  0.49025434E-002  0.57052181E-001  0.10122259E+001  0.41052930E+002
  0.49026010E-002  0.57051433E-001  0.10122028E+001  0.41052451E+002
  0.49026592E-002  0.57050762E-001  0.10121804E+001  0.41051979E+002
  0.49027175E-002  0.57050174E-001  0.10121588E+001  0.41051517E+002
  0.49027756E-002  0.57049671E-001  0.10121380E+001  0.41051065E+002
  0.49028330E-002  0.57049258E-001  0.10121179E+001  0.41050624E+002
  0.49028898E-002  0.57048934E-001  0.10120986E+001  0.41050194E+002
  0.49029457E-002  0.57048702E-001  0.10120801E+001  0.41049778E+002
  0.49030007E-002  0.57048562E-001  0.10120624E+001  0.41049375E+002
  0.49030548E-002  0.57048512E-001  0.10120456E+001  0.41048986E+002
  0.49031081E-002  0.57048554E-001  0.10120296E+001  0.41048613E+002
  0.49031608E-002  0.57048685E-001  0.10120144E+001  0.41048254E+002
  0.49032128E-002  0.57048906E-001  0.10120001E+001  0.41047912E+002
  0.49032643E-002  0.57049213E-001  0.10119867E+001  0.41047586E+002
  0.49033155E-002  0.57049607E-001  0.10119742E+001  0.41047276E+002
  0.49033664E-002  0.57050085E-001  0.10119625E+001  0.41046983E+002
  0.49034170E-002  0.57050644E-001  0.10119517E+001  0.41046707E+002
  0.49034675E-002  0.57051282E-001  0.10119418E+001  0.41046448E+002
  0.49035177E-002  0.57051997E-001  0.10119327E+001  0.41046206E+002
  0.49035678E-002  0.57052784E-001  0.10119245E+001  0.41045980E+002
  0.49036178E-002  0.57053642E-001  0.10119171E+001  0.41045770E+002
  0.49036675E-002  0.57054565E-001  0.10119105E+001  0.41045576E+002
  0.49037170E-002  0.57055551E-001  0.10119047E+001  0.41045397E+002
  0.49037662E-002  0.57056595E-001  0.10118998E+001  0.41045234E+002
  0.49038150E-002  0.57057693E-001  0.10118955E+001  0.41045084E+002
  0.49038634E-002  0.57058841E-001  0.10118921E+001  0.41044948E+002
  0.49039114E-002  0.57060036E-001  0.10118893E+001  0.41044826E+002
  0.49039588E-002  0.57061271E-001  0.10118872E+001  0.41044715E+002
  0.49040055E-002  0.57062544E-001  0.10118859E+001  0.41044616E+002
  0.49040515E-002  0.57063849E-001  0.10118852E+001  0.41044528E+002
  0.49040967E-002  0.57065182E-001  0.10118851E+001  0.41044450E+002
  0.49041410E-002  0.57066538E-001  0.10118856E+001  0.41044381E+002
  0.49041843E-002  0.57067913E-001  0.10118867E+001  0.41044321E+002
  0.49042266E-002  0.57069303E-001  0.10118883E+001  0.41044269E+002
  0.49042676E-002  0.57070703E-001  0.10118905E+001  0.41044223E+002
  0.49043075E-002  0.57072110E-001  0.10118932E+001  0.41044184E+002
  0.49043460E-002  0.57073518E-001  0.10118963E+001  0.41044151E+002
  0.49043831E-002  0.57074925E-001  0.10119000E+001  0.41044123E+002
  0.49044188E-002  0.57076326E-001  0.10119040E+001  0.41044099E+002
  0.49044529E-002  0.57077718E-001  0.10119085E+001  0.41044080E+002
  0.49044855E-002  0.57079097E-001  0.10119133E+001  0.41044063E+002
  0.49045165E-002  0.57080462E-001  0.10119186E+001  0.41044050E+002
  0.49045459E-002  0.57081808E-001  0.10119241E+001  0.41044039E+002
  0.49045736E-002  0.57083134E-001  0.10119300E+001  0.41044030E+002
  0.49045996E-002  0.57084436E-001  0.10119362E+001  0.41044022E+002
  0.49046240E-002  0.57085714E-001  0.10119426E+001  0.41044016E+002
  0.49046467E-002  0.57086965E-001  0.10119493E+001  0.41044011E+002
  0.49046677E-002  0.57088187E-001  0.10119563E+001  0.41044007E+002
  0.49046872E-002  0.57089380E-001  0.10119634E+001  0.41044003E+002
  0.49047050E-002  0.57090542E-001  0.10119708E+001  0.41044000E+002
  0.49047212E-002  0.57091672E-001  0.10119783E+001  0.41043997E+002
  0.49047360E-002  0.57092769E-001  0.10119860E+001  0.41043993E+002
  0.49047493E-002  0.57093834E-001  0.10119938E+001  0.41043990E+002
  0.49047612E-002  0.57094866E-001  0.10120017E+001  0.41043987E+002
  0.49047717E-002  0.57095864E-001  0.10120098E+001  0.41043983E+002
  0.49047810E-002  0.57096829E-001  0.10120179E+001  0.41043979E+002
  0.49047890E-002  0.57097762E-001  0.10120261E+001  0.41043975E+002
  0.49047959E-002  0.57098661E-001  0.10120343E+001  0.41043970E+002
  0.49048017E-002  0.57099528E-001  0.10120425E+001  0.41043965E+002
  0.49048066E-002  0.57100363E-001  0.10120508E+001  0.41043959E+002
  0.49048105E-002  0.57101167E-001  0.10120591E+001  0.41043953E+002
  0.49048136E-002  0.57101941E-001  0.10120673E+001  0.41043947E+002
  0.49048158E-002  0.57102684E-001  0.10120756E+001  0.41043940E+002
  0.49048174E-002  0.57103399E-001  0.10120837E+001  0.41043933E+002
  0.49048183E-002  0.57104085E-001  0.10120918E+001  0.41043925E+002
  0.49048186E-002  0.57104744E-001  0.10120999E+001  0.41043918E+002
  0.49048183E-002  0.57105376E-001  0.10121078E+001  0.41043909E+002
  0.49048176E-002  0.57105983E-001  0.10121157E+001  0.41043901E+002
  0.49048165E-002  0.57106566E-001  0.10121234E+001  0.41043892E+002
  0.49048150E-002  0.57107124E-001  0.10121310E+001  0.41043883E+002
  0.49048132E-002  0.57107660E-001  0.10121386E+001  0.41043874E+002
  0.49048111E-002  0.57108173E-001  0.10121459E+001  0.41043865E+002
  0.49048088E-002  0.57108666E-001  0.10121532E+001  0.41043855E+002
  0.49048063E-002  0.57109138E-001  0.10121603E+001  0.41043846E+002
  0.49048036E-002  0.57109591E-001  0.10121672E+001  0.41043836E+002
  0.49048008E-002  0.57110025E-001  0.10121740E+001  0.41043826E+002
  0.49047978E-002  0.57110441E-001  0.10121806E+001  0.41043816E+002
  0.49047948E-002  0.57110840E-001  0.10121871E+001  0.41043806E+002
  0.49047917E-002  0.57111222E-001  0.10121934E+001  0.41043796E+002
  0.49047886E-002  0.57111589E-001  0.10121995E+001  0.41043786E+002
  0.49047855E-002  0.57111941E-001  0.10122055E+001  0.41043776E+002
  0.49047823E-002  0.57112278E-001  0.10122113E+001  0.41043767E+002
  0.49047792E-002  0.57112601E-001  0.10122170E+001  0.41043757E+002
  0.49047760E-002  0.57112911E-001  0.10122225E+001  0.41043747E+002
  0.49047729E-002  0.57113208E-001  0.10122278E+001  0.41043738E+002
  0.49047698E-002  0.57113492E-001  0.10122329E+001  0.41043728E+002
  0.49047668E-002  0.57113764E-001  0.10122379E+001  0.41043719E+002
  0.49047638E-002  0.57114025E-001  0.10122427E+001  0.41043710E+002
  0.49047608E-002  0.57114274E-001  0.10122474E+001  0.41043701E+002
  0.49047579E-002  0.57114513E-001  0.10122519E+001  0.41043692E+002
  0.49047550E-002  0.57114741E-001  0.10122562E+001  0.41043683E+002
  0.49047522E-002  0.57114959E-001  0.10122604E+001  0.41043675E+002
  0.49047494E-002  0.57115167E-001  0.10122645E+001  0.41043666E+002
  0.49047468E-002  0.57115365E-001  0.10122684E+001  0.41043658E+002
  0.49047441E-002  0.57115553E-001  0.10122721E+001  0.41043651E+002
  0.49047415E-002  0.57115733E-001  0.10122757E+001  0.41043643E+002
  0.49047390E-002  0.57115903E-001  0.10122791E+001  0.41043636E+002
  0.49047365E-002  0.57116065E-001  0.10122824E+001  0.41043629E+002
  0.49047341E-002  0.57116218E-001  0.10122856E+001  0.41043622E+002
  0.49047317E-002  0.57116363E-001  0.10122886E+001  0.41043615E+002
  0.49047294E-002  0.57116499E-001  0.10122915E+001  0.41043609E+002
  0.49047271E-002  0.57116628E-001  0.10122943E+001  0.41043603E+002
  0.49047249E-002  0.57116748E-001  0.10122969E+001  0.41043598E+002
  0.49047228E-002  0.57116861E-001  0.10122994E+001  0.41043592E+002
  0.49047207E-002  0.57116966E-001  0.10123018E+001  0.41043587E+002
  0.49047186E-002  0.57117064E-001  0.10123041E+001  0.41043583E+002
  0.49047166E-002  0.57117155E-001  0.10123062E+001  0.41043578E+002
  0.49047146E-002  0.57117239E-001  0.10123082E+001  0.41043574E+002
  0.49047127E-002  0.57117316E-001  0.10123101E+001  0.41043570E+002
  0.49047109E-002  0.57117386E-001  0.10123119E+001  0.41043566E+002
  0.49047091E-002  0.57117450E-001  0.10123135E+001  0.41043563E+002
  0.49047073E-002  0.57117507E-001  0.10123151E+001  0.41043560E+002
  0.49047056E-002  0.57117559E-001  0.10123165E+001  0.41043557E+002
  0.49047040E-002  0.57117604E-001  0.10123179E+001  0.41043555E+002
  0.49047023E-002  0.57117644E-001  0.10123191E+001  0.41043552E+002
  0.49047008E-002  0.57117678E-001  0.10123203E+001  0.41043550E+002
  0.49046993E-002  0.57117707E-001  0.10123213E+001  0.41043549E+002
  0.49046978E-002  0.57117731E-001  0.10123223E+001  0.41043547E+002
  0.49046964E-002  0.57117750E-001  0.10123231E+001  0.41043546E+002
  0.49046951E-002  0.57117765E-001  0.10123239E+001  0.41043545E+002
  0.49046938E-002  0.57117775E-001  0.10123246E+001  0.41043544E+002
  0.49046925E-002  0.57117781E-001  0.10123252E+001  0.41043543E+002
  0.49046913E-002  0.57117782E-001  0.10123257E+001  0.41043543E+002
  0.49046902E-002  0.57117780E-001  0.10123262E+001  0.41043543E+002
  0.49046891E-002  0.57117775E-001  0.10123266E+001  0.41043543E+002
  0.49046881E-002  0.57117766E-001  0.10123269E+001  0.41043543E+002
  0.49046871E-002  0.57117755E-001  0.10123272E+001  0.41043543E+002
  0.49046861E-002  0.57117740E-001  0.10123274E+001  0.41043543E+002
  0.49046852E-002  0.57117723E-001  0.10123275E+001  0.41043544E+002
  0.49046844E-002  0.57117703E-001  0.10123276E+001  0.41043544E+002
  0.49046836E-002  0.57117681E-001  0.10123276E+001  0.41043545E+002
  0.49046829E-002  0.57117658E-001  0.10123276E+001  0.41043546E+002
  0.49046822E-002  0.57117632E-001  0.10123275E+001  0.41043547E+002
  0.49046815E-002  0.57117605E-001  0.10123274E+001  0.41043548E+002
  0.49046809E-002  0.57117576E-001  0.10123272E+001  0.41043549E+002
  0.49046803E-002  0.57117547E-001  0.10123271E+001  0.41043550E+002
  0.49046798E-002  0.57117516E-001  0.10123268E+001  0.41043552E+002
  0.49046794E-002  0.57117484E-001  0.10123266E+001  0.41043553E+002
  0.49046789E-002  0.57117452E-001  0.10123263E+001  0.41043554E+002
  0.49046785E-002  0.57117419E-001  0.10123260E+001  0.41043556E+002
  0.49046782E-002  0.57117385E-001  0.10123257E+001  0.41043557E+002
  0.49046778E-002  0.57117352E-001  0.10123254E+001  0.41043559E+002
  0.49046775E-002  0.57117318E-001  0.10123250E+001  0.41043560E+002
  0.49046773E-002  0.57117283E-001  0.10123246E+001  0.41043561E+002
  0.49046771E-002  0.57117249E-001  0.10123242E+001  0.41043563E+002
  0.49046769E-002  0.57117215E-001  0.10123238E+001  0.41043564E+002
  0.49046767E-002  0.57117181E-001  0.10123234E+001  0.41043566E+002
  0.49046765E-002  0.57117147E-001  0.10123230E+001  0.41043567E+002
  0.49046764E-002  0.57117114E-001  0.10123226E+001  0.41043568E+002
  0.49046764E-002  0.57117080E-001  0.10123221E+001  0.41043570E+002
