  0.65654744E-001
  0.65954921E-001
  0.66050673E-001
  0.66091553E-001
  0.66114784E-001
  0.66130894E-001
  0.66143125E-001
  0.66152706E-001
  0.66160357E-001
  0.66166423E-001
  0.66171205E-001
  0.66174945E-001
  0.66177830E-001
  0.66180008E-001
  0.66181601E-001
  0.66182714E-001
  0.66183429E-001
  0.66183808E-001
  0.66183910E-001
  0.66183783E-001
  0.66183468E-001
  0.66182996E-001
  0.66182393E-001
  0.66181682E-001
  0.66180882E-001
  0.66180007E-001
  0.66179071E-001
  0.66178086E-001
  0.66177061E-001
  0.66176003E-001
  0.66174919E-001
  0.66173814E-001
  0.66172694E-001
  0.66171560E-001
  0.66170418E-001
  0.66169268E-001
  0.66168113E-001
  0.66166955E-001
  0.66165796E-001
  0.66164635E-001
  0.66163476E-001
  0.66162318E-001
  0.66161163E-001
  0.66160012E-001
  0.66158866E-001
  0.66157726E-001
  0.66156594E-001
  0.66155472E-001
  0.66154359E-001
  0.66153259E-001
  0.66152172E-001
  0.66151101E-001
  0.66150048E-001
  0.66149013E-001
  0.66147999E-001
  0.66147008E-001
  0.66146041E-001
  0.66145101E-001
  0.66144190E-001
  0.66143307E-001
  0.66142457E-001
  0.66141638E-001
  0.66140854E-001
  0.66140104E-001
  0.66139389E-001
  0.66138711E-001
  0.66138068E-001
  0.66137461E-001
  0.66136891E-001
  0.66136357E-001
  0.66135858E-001
  0.66135393E-001
  0.66134962E-001
  0.66134564E-001
  0.66134198E-001
  0.66133862E-001
  0.66133556E-001
  0.66133277E-001
  0.66133025E-001
  0.66132797E-001
  0.66132593E-001
  0.66132410E-001
  0.66132248E-001
  0.66132105E-001
  0.66131979E-001
  0.66131869E-001
  0.66131773E-001
  0.66131690E-001
  0.66131620E-001
  0.66131560E-001
  0.66131509E-001
  0.66131467E-001
  0.66131432E-001
  0.66131404E-001
  0.66131382E-001
  0.66131364E-001
  0.66131351E-001
  0.66131342E-001
  0.66131335E-001
  0.66131332E-001
  0.66131330E-001
  0.66131330E-001
  0.66131331E-001
  0.66131334E-001
  0.66131338E-001
  0.66131342E-001
  0.66131346E-001
  0.66131351E-001
  0.66131356E-001
  0.66131361E-001
  0.66131366E-001
  0.66131371E-001
  0.66131376E-001
  0.66131381E-001
  0.66131385E-001
  0.66131389E-001
  0.66131393E-001
  0.66131397E-001
  0.66131400E-001
  0.66131403E-001
  0.66131406E-001
  0.66131408E-001
  0.66131410E-001
  0.66131412E-001
  0.66131413E-001
  0.66131414E-001
  0.66131415E-001
  0.66131416E-001
  0.66131416E-001
  0.66131416E-001
  0.66131416E-001
  0.66131416E-001
  0.66131415E-001
  0.66131414E-001
  0.66131413E-001
  0.66131412E-001
  0.66131410E-001
  0.66131409E-001
  0.66131407E-001
  0.66131405E-001
  0.66131402E-001
  0.66131400E-001
  0.66131397E-001
  0.66131395E-001
  0.66131392E-001
  0.66131389E-001
  0.66131386E-001
  0.66131382E-001
  0.66131379E-001
  0.66131376E-001
  0.66131372E-001
  0.66131369E-001
  0.66131365E-001
  0.66131361E-001
  0.66131358E-001
  0.66131354E-001
  0.66131350E-001
  0.66131346E-001
  0.66131342E-001
  0.66131338E-001
  0.66131335E-001
  0.66131331E-001
  0.66131327E-001
  0.66131324E-001
  0.66131320E-001
  0.66131316E-001
  0.66131313E-001
  0.66131309E-001
  0.66131306E-001
  0.66131303E-001
  0.66131299E-001
  0.66131296E-001
  0.66131293E-001
  0.66131290E-001
  0.66131288E-001
  0.66131285E-001
  0.66131282E-001
  0.66131280E-001
  0.66131278E-001
  0.66131275E-001
  0.66131273E-001
  0.66131271E-001
  0.66131269E-001
  0.66131268E-001
  0.66131266E-001
  0.66131264E-001
  0.66131263E-001
  0.66131262E-001
  0.66131260E-001
  0.66131259E-001
  0.66131258E-001
  0.66131257E-001
  0.66131257E-001
  0.66131256E-001
  0.66131255E-001
  0.66131255E-001
  0.66131255E-001
  0.66131255E-001
  0.66131255E-001
  0.66131251E-001
