  0.30523227E+001
  0.29983470E+001
  0.30125495E+001
  0.30228551E+001
  0.30287807E+001
  0.30324217E+001
  0.30348621E+001
  0.30366753E+001
  0.30381166E+001
  0.30392974E+001
  0.30402595E+001
  0.30410596E+001
  0.30417329E+001
  0.30423013E+001
  0.30427831E+001
  0.30431949E+001
  0.30435498E+001
  0.30438470E+001
  0.30440985E+001
  0.30443124E+001
  0.30444957E+001
  0.30446523E+001
  0.30447852E+001
  0.30448970E+001
  0.30449899E+001
  0.30450661E+001
  0.30451275E+001
  0.30451751E+001
  0.30452097E+001
  0.30452334E+001
  0.30452477E+001
  0.30452541E+001
  0.30452538E+001
  0.30452480E+001
  0.30452380E+001
  0.30452250E+001
  0.30452101E+001
  0.30451943E+001
  0.30451784E+001
  0.30451633E+001
  0.30451495E+001
  0.30451377E+001
  0.30451282E+001
  0.30451212E+001
  0.30451169E+001
  0.30451152E+001
  0.30451162E+001
  0.30451195E+001
  0.30451249E+001
  0.30451322E+001
  0.30451411E+001
  0.30451511E+001
  0.30451621E+001
  0.30451736E+001
  0.30451856E+001
  0.30451978E+001
  0.30452100E+001
  0.30452222E+001
  0.30452342E+001
  0.30452461E+001
  0.30452579E+001
  0.30452695E+001
  0.30452809E+001
  0.30452922E+001
  0.30453034E+001
  0.30453144E+001
  0.30453253E+001
  0.30453360E+001
  0.30453465E+001
  0.30453568E+001
  0.30453668E+001
  0.30453766E+001
  0.30453860E+001
  0.30453950E+001
  0.30454037E+001
  0.30454119E+001
  0.30454196E+001
  0.30454268E+001
  0.30454335E+001
  0.30454397E+001
  0.30454453E+001
  0.30454503E+001
  0.30454548E+001
  0.30454587E+001
  0.30454621E+001
  0.30454649E+001
  0.30454672E+001
  0.30454691E+001
  0.30454704E+001
  0.30454713E+001
  0.30454719E+001
  0.30454720E+001
  0.30454718E+001
  0.30454713E+001
  0.30454704E+001
  0.30454694E+001
  0.30454681E+001
  0.30454666E+001
  0.30454649E+001
  0.30454631E+001
  0.30454611E+001
  0.30454591E+001
  0.30454569E+001
  0.30454547E+001
  0.30454524E+001
  0.30454501E+001
  0.30454477E+001
  0.30454454E+001
  0.30454430E+001
  0.30454406E+001
  0.30454381E+001
  0.30454357E+001
  0.30454333E+001
  0.30454310E+001
  0.30454286E+001
  0.30454262E+001
  0.30454239E+001
  0.30454215E+001
  0.30454192E+001
  0.30454169E+001
  0.30454147E+001
  0.30454124E+001
  0.30454102E+001
  0.30454080E+001
  0.30454059E+001
  0.30454037E+001
  0.30454016E+001
  0.30453995E+001
  0.30453974E+001
  0.30453954E+001
  0.30453934E+001
  0.30453914E+001
  0.30453895E+001
  0.30453875E+001
  0.30453857E+001
  0.30453838E+001
  0.30453820E+001
  0.30453802E+001
  0.30453785E+001
  0.30453768E+001
  0.30453751E+001
  0.30453734E+001
  0.30453718E+001
  0.30453703E+001
  0.30453688E+001
  0.30453673E+001
  0.30453659E+001
  0.30453645E+001
  0.30453631E+001
  0.30453618E+001
  0.30453606E+001
  0.30453593E+001
  0.30453582E+001
  0.30453570E+001
  0.30453559E+001
  0.30453549E+001
  0.30453539E+001
  0.30453529E+001
  0.30453520E+001
  0.30453511E+001
  0.30453503E+001
  0.30453495E+001
  0.30453488E+001
  0.30453481E+001
  0.30453474E+001
  0.30453468E+001
  0.30453462E+001
  0.30453457E+001
  0.30453452E+001
  0.30453447E+001
  0.30453443E+001
  0.30453439E+001
  0.30453436E+001
  0.30453432E+001
  0.30453429E+001
  0.30453427E+001
  0.30453425E+001
  0.30453423E+001
  0.30453421E+001
  0.30453419E+001
  0.30453418E+001
  0.30453417E+001
  0.30453416E+001
  0.30453416E+001
  0.30453416E+001
  0.30453416E+001
  0.30453416E+001
  0.30453416E+001
  0.30453416E+001
  0.30453417E+001
  0.30453417E+001
  0.30453418E+001
  0.30453419E+001
  0.30453420E+001
  0.30453421E+001
  0.30453422E+001
  0.30453423E+001
  0.30453424E+001
  0.30453424E+001
  0.30453425E+001
