  0.73713413E+000
  0.73679135E+000
  0.73647516E+000
  0.73621824E+000
  0.73600904E+000
  0.73583978E+000
  0.73570340E+000
  0.73559373E+000
  0.73550573E+000
  0.73543471E+000
  0.73537649E+000
  0.73532868E+000
  0.73528930E+000
  0.73525669E+000
  0.73522949E+000
  0.73520661E+000
  0.73518713E+000
  0.73517032E+000
  0.73515557E+000
  0.73514240E+000
  0.73513045E+000
  0.73511945E+000
  0.73510916E+000
  0.73509941E+000
  0.73509010E+000
  0.73508112E+000
  0.73507241E+000
  0.73506394E+000
  0.73505566E+000
  0.73504756E+000
  0.73503964E+000
  0.73503189E+000
  0.73502432E+000
  0.73501692E+000
  0.73500971E+000
  0.73500268E+000
  0.73499584E+000
  0.73498921E+000
  0.73498277E+000
  0.73497653E+000
  0.73497050E+000
  0.73496468E+000
  0.73495907E+000
  0.73495367E+000
  0.73494848E+000
  0.73494350E+000
  0.73493873E+000
  0.73493418E+000
  0.73492983E+000
  0.73492568E+000
  0.73492174E+000
  0.73491798E+000
  0.73491442E+000
  0.73491104E+000
  0.73490783E+000
  0.73490479E+000
  0.73490191E+000
  0.73489918E+000
  0.73489661E+000
  0.73489419E+000
  0.73489190E+000
  0.73488976E+000
  0.73488775E+000
  0.73488587E+000
  0.73488411E+000
  0.73488248E+000
  0.73488097E+000
  0.73487958E+000
  0.73487830E+000
  0.73487712E+000
  0.73487604E+000
  0.73487506E+000
  0.73487418E+000
  0.73487338E+000
  0.73487266E+000
  0.73487202E+000
  0.73487145E+000
  0.73487094E+000
  0.73487050E+000
  0.73487011E+000
  0.73486977E+000
  0.73486948E+000
  0.73486924E+000
  0.73486903E+000
  0.73486885E+000
  0.73486871E+000
  0.73486859E+000
  0.73486850E+000
  0.73486843E+000
  0.73486839E+000
  0.73486835E+000
  0.73486834E+000
  0.73486833E+000
  0.73486834E+000
  0.73486835E+000
  0.73486838E+000
  0.73486841E+000
  0.73486845E+000
  0.73486850E+000
  0.73486854E+000
  0.73486860E+000
  0.73486865E+000
  0.73486871E+000
  0.73486878E+000
  0.73486884E+000
  0.73486891E+000
  0.73486897E+000
  0.73486904E+000
  0.73486911E+000
  0.73486918E+000
  0.73486925E+000
  0.73486932E+000
  0.73486939E+000
  0.73486947E+000
  0.73486954E+000
  0.73486961E+000
  0.73486968E+000
  0.73486975E+000
  0.73486982E+000
  0.73486989E+000
  0.73486995E+000
  0.73487002E+000
  0.73487009E+000
  0.73487015E+000
  0.73487022E+000
  0.73487028E+000
  0.73487034E+000
  0.73487040E+000
  0.73487046E+000
  0.73487051E+000
  0.73487057E+000
  0.73487062E+000
  0.73487068E+000
  0.73487073E+000
  0.73487078E+000
  0.73487083E+000
  0.73487087E+000
  0.73487092E+000
  0.73487096E+000
  0.73487101E+000
  0.73487105E+000
  0.73487109E+000
  0.73487112E+000
  0.73487116E+000
  0.73487120E+000
  0.73487123E+000
  0.73487127E+000
  0.73487130E+000
  0.73487133E+000
  0.73487136E+000
  0.73487139E+000
  0.73487142E+000
  0.73487144E+000
  0.73487147E+000
  0.73487149E+000
  0.73487152E+000
  0.73487154E+000
  0.73487156E+000
  0.73487158E+000
  0.73487160E+000
  0.73487162E+000
  0.73487164E+000
  0.73487166E+000
  0.73487167E+000
  0.73487169E+000
  0.73487170E+000
  0.73487172E+000
  0.73487173E+000
  0.73487174E+000
  0.73487176E+000
  0.73487177E+000
  0.73487178E+000
  0.73487179E+000
  0.73487180E+000
  0.73487180E+000
  0.73487181E+000
  0.73487182E+000
  0.73487183E+000
  0.73487183E+000
  0.73487184E+000
  0.73487184E+000
  0.73487185E+000
  0.73487185E+000
  0.73487185E+000
  0.73487186E+000
  0.73487186E+000
  0.73487186E+000
  0.73487186E+000
  0.73487186E+000
  0.73487187E+000
  0.73487187E+000
  0.73487187E+000
  0.73487187E+000
  0.73487187E+000
  0.73487186E+000
  0.73487186E+000
  0.73487186E+000
  0.73487186E+000
  0.73487186E+000
  0.73487189E+000
