  0.99134119E+000
  0.98607261E+000
  0.98282362E+000
  0.98044035E+000
  0.97856171E+000
  0.97703703E+000
  0.97578230E+000
  0.97474017E+000
  0.97387199E+000
  0.97314662E+000
  0.97253829E+000
  0.97202688E+000
  0.97159627E+000
  0.97123316E+000
  0.97092660E+000
  0.97066763E+000
  0.97044900E+000
  0.97026444E+000
  0.97010873E+000
  0.96997745E+000
  0.96986693E+000
  0.96977409E+000
  0.96969628E+000
  0.96963126E+000
  0.96957708E+000
  0.96953211E+000
  0.96949494E+000
  0.96946433E+000
  0.96943922E+000
  0.96941867E+000
  0.96940190E+000
  0.96938824E+000
  0.96937710E+000
  0.96936798E+000
  0.96936047E+000
  0.96935420E+000
  0.96934889E+000
  0.96934429E+000
  0.96934020E+000
  0.96933646E+000
  0.96933295E+000
  0.96932958E+000
  0.96932626E+000
  0.96932297E+000
  0.96931967E+000
  0.96931633E+000
  0.96931297E+000
  0.96930959E+000
  0.96930619E+000
  0.96930281E+000
  0.96929944E+000
  0.96929612E+000
  0.96929287E+000
  0.96928969E+000
  0.96928661E+000
  0.96928363E+000
  0.96928076E+000
  0.96927801E+000
  0.96927538E+000
  0.96927288E+000
  0.96927050E+000
  0.96926824E+000
  0.96926611E+000
  0.96926411E+000
  0.96926222E+000
  0.96926045E+000
  0.96925881E+000
  0.96925727E+000
  0.96925585E+000
  0.96925454E+000
  0.96925334E+000
  0.96925224E+000
  0.96925124E+000
  0.96925034E+000
  0.96924953E+000
  0.96924880E+000
  0.96924815E+000
  0.96924759E+000
  0.96924709E+000
  0.96924666E+000
  0.96924630E+000
  0.96924599E+000
  0.96924574E+000
  0.96924553E+000
  0.96924536E+000
  0.96924524E+000
  0.96924515E+000
  0.96924508E+000
  0.96924505E+000
  0.96924504E+000
  0.96924504E+000
  0.96924507E+000
  0.96924511E+000
  0.96924515E+000
  0.96924521E+000
  0.96924527E+000
  0.96924534E+000
  0.96924541E+000
  0.96924548E+000
  0.96924555E+000
  0.96924562E+000
  0.96924569E+000
  0.96924575E+000
  0.96924582E+000
  0.96924587E+000
  0.96924593E+000
  0.96924598E+000
  0.96924602E+000
  0.96924606E+000
  0.96924609E+000
  0.96924612E+000
  0.96924615E+000
  0.96924616E+000
  0.96924618E+000
  0.96924619E+000
  0.96924619E+000
  0.96924619E+000
  0.96924618E+000
  0.96924617E+000
  0.96924616E+000
  0.96924614E+000
  0.96924612E+000
  0.96924609E+000
  0.96924606E+000
  0.96924603E+000
  0.96924599E+000
  0.96924595E+000
  0.96924591E+000
  0.96924587E+000
  0.96924582E+000
  0.96924578E+000
  0.96924573E+000
  0.96924567E+000
  0.96924562E+000
  0.96924557E+000
  0.96924551E+000
  0.96924546E+000
  0.96924540E+000
  0.96924534E+000
  0.96924528E+000
  0.96924522E+000
  0.96924517E+000
  0.96924511E+000
  0.96924505E+000
  0.96924499E+000
  0.96924494E+000
  0.96924488E+000
  0.96924483E+000
  0.96924477E+000
  0.96924472E+000
  0.96924467E+000
  0.96924462E+000
  0.96924457E+000
  0.96924452E+000
  0.96924448E+000
  0.96924443E+000
  0.96924439E+000
  0.96924435E+000
  0.96924431E+000
  0.96924427E+000
  0.96924424E+000
  0.96924420E+000
  0.96924417E+000
  0.96924414E+000
  0.96924411E+000
  0.96924409E+000
  0.96924406E+000
  0.96924404E+000
  0.96924402E+000
  0.96924400E+000
  0.96924398E+000
  0.96924397E+000
  0.96924395E+000
  0.96924394E+000
  0.96924393E+000
  0.96924392E+000
  0.96924391E+000
  0.96924391E+000
  0.96924390E+000
  0.96924390E+000
  0.96924389E+000
  0.96924389E+000
  0.96924389E+000
  0.96924389E+000
  0.96924389E+000
  0.96924390E+000
  0.96924390E+000
  0.96924390E+000
  0.96924391E+000
  0.96924391E+000
  0.96924392E+000
  0.96924393E+000
  0.96924393E+000
  0.96924394E+000
  0.96924394E+000
  0.96924395E+000
  0.96924396E+000
  0.96924397E+000
  0.96924397E+000
  0.96924395E+000
