  0.14842327E+001
  0.14872662E+001
  0.14895620E+001
  0.14914001E+001
  0.14929046E+001
  0.14941480E+001
  0.14951811E+001
  0.14960423E+001
  0.14967615E+001
  0.14973630E+001
  0.14978667E+001
  0.14982886E+001
  0.14986419E+001
  0.14989376E+001
  0.14991848E+001
  0.14993909E+001
  0.14995623E+001
  0.14997043E+001
  0.14998214E+001
  0.14999172E+001
  0.14999951E+001
  0.15000576E+001
  0.15001071E+001
  0.15001456E+001
  0.15001747E+001
  0.15001959E+001
  0.15002104E+001
  0.15002193E+001
  0.15002236E+001
  0.15002240E+001
  0.15002212E+001
  0.15002159E+001
  0.15002084E+001
  0.15001993E+001
  0.15001889E+001
  0.15001776E+001
  0.15001654E+001
  0.15001528E+001
  0.15001398E+001
  0.15001266E+001
  0.15001132E+001
  0.15000999E+001
  0.15000865E+001
  0.15000732E+001
  0.15000600E+001
  0.15000468E+001
  0.15000338E+001
  0.15000209E+001
  0.15000080E+001
  0.14999953E+001
  0.14999827E+001
  0.14999702E+001
  0.14999578E+001
  0.14999456E+001
  0.14999335E+001
  0.14999216E+001
  0.14999099E+001
  0.14998985E+001
  0.14998873E+001
  0.14998765E+001
  0.14998660E+001
  0.14998558E+001
  0.14998460E+001
  0.14998367E+001
  0.14998277E+001
  0.14998192E+001
  0.14998112E+001
  0.14998036E+001
  0.14997965E+001
  0.14997898E+001
  0.14997836E+001
  0.14997779E+001
  0.14997726E+001
  0.14997677E+001
  0.14997633E+001
  0.14997593E+001
  0.14997557E+001
  0.14997524E+001
  0.14997495E+001
  0.14997470E+001
  0.14997447E+001
  0.14997428E+001
  0.14997411E+001
  0.14997396E+001
  0.14997384E+001
  0.14997374E+001
  0.14997366E+001
  0.14997360E+001
  0.14997355E+001
  0.14997351E+001
  0.14997349E+001
  0.14997347E+001
  0.14997346E+001
  0.14997346E+001
  0.14997347E+001
  0.14997348E+001
  0.14997349E+001
  0.14997350E+001
  0.14997352E+001
  0.14997354E+001
  0.14997356E+001
  0.14997358E+001
  0.14997360E+001
  0.14997362E+001
  0.14997364E+001
  0.14997365E+001
  0.14997367E+001
  0.14997368E+001
  0.14997369E+001
  0.14997370E+001
  0.14997371E+001
  0.14997371E+001
  0.14997372E+001
  0.14997372E+001
  0.14997372E+001
  0.14997372E+001
  0.14997372E+001
  0.14997371E+001
  0.14997370E+001
  0.14997370E+001
  0.14997369E+001
  0.14997368E+001
  0.14997366E+001
  0.14997365E+001
  0.14997364E+001
  0.14997362E+001
  0.14997360E+001
  0.14997359E+001
  0.14997357E+001
  0.14997355E+001
  0.14997353E+001
  0.14997351E+001
  0.14997349E+001
  0.14997347E+001
  0.14997345E+001
  0.14997343E+001
  0.14997341E+001
  0.14997339E+001
  0.14997337E+001
  0.14997335E+001
  0.14997333E+001
  0.14997331E+001
  0.14997329E+001
  0.14997327E+001
  0.14997325E+001
  0.14997323E+001
  0.14997322E+001
  0.14997320E+001
  0.14997318E+001
  0.14997317E+001
  0.14997315E+001
  0.14997314E+001
  0.14997312E+001
  0.14997311E+001
  0.14997310E+001
  0.14997309E+001
  0.14997308E+001
  0.14997307E+001
  0.14997306E+001
  0.14997305E+001
  0.14997304E+001
  0.14997304E+001
  0.14997303E+001
  0.14997302E+001
  0.14997302E+001
  0.14997302E+001
  0.14997301E+001
  0.14997301E+001
  0.14997301E+001
  0.14997301E+001
  0.14997301E+001
  0.14997301E+001
  0.14997301E+001
  0.14997301E+001
  0.14997301E+001
  0.14997302E+001
  0.14997302E+001
  0.14997302E+001
  0.14997303E+001
  0.14997303E+001
  0.14997303E+001
  0.14997304E+001
  0.14997304E+001
  0.14997305E+001
  0.14997305E+001
  0.14997306E+001
  0.14997306E+001
  0.14997307E+001
  0.14997307E+001
  0.14997308E+001
  0.14997308E+001
  0.14997309E+001
  0.14997309E+001
  0.14997310E+001
  0.14997310E+001
  0.14997311E+001
  0.14997311E+001
  0.14997312E+001
  0.14997313E+001
  0.14997315E+001
