  0.69328195E-001
  0.69071126E-001
  0.68959395E-001
  0.68907626E-001
  0.68885300E-001
  0.68880037E-001
  0.68885769E-001
  0.68898957E-001
  0.68917358E-001
  0.68939226E-001
  0.68963291E-001
  0.68988506E-001
  0.69014104E-001
  0.69039503E-001
  0.69064276E-001
  0.69088117E-001
  0.69110810E-001
  0.69132196E-001
  0.69152173E-001
  0.69170687E-001
  0.69187724E-001
  0.69203300E-001
  0.69217449E-001
  0.69230222E-001
  0.69241682E-001
  0.69251905E-001
  0.69260970E-001
  0.69268957E-001
  0.69275951E-001
  0.69282037E-001
  0.69287302E-001
  0.69291830E-001
  0.69295702E-001
  0.69298996E-001
  0.69301786E-001
  0.69304142E-001
  0.69306126E-001
  0.69307800E-001
  0.69309217E-001
  0.69310424E-001
  0.69311465E-001
  0.69312376E-001
  0.69313189E-001
  0.69313930E-001
  0.69314620E-001
  0.69315275E-001
  0.69315908E-001
  0.69316526E-001
  0.69317135E-001
  0.69317737E-001
  0.69318331E-001
  0.69318917E-001
  0.69319491E-001
  0.69320051E-001
  0.69320593E-001
  0.69321115E-001
  0.69321614E-001
  0.69322089E-001
  0.69322539E-001
  0.69322964E-001
  0.69323363E-001
  0.69323738E-001
  0.69324090E-001
  0.69324420E-001
  0.69324731E-001
  0.69325023E-001
  0.69325297E-001
  0.69325556E-001
  0.69325800E-001
  0.69326031E-001
  0.69326249E-001
  0.69326456E-001
  0.69326651E-001
  0.69326836E-001
  0.69327010E-001
  0.69327176E-001
  0.69327332E-001
  0.69327479E-001
  0.69327618E-001
  0.69327748E-001
  0.69327871E-001
  0.69327986E-001
  0.69328093E-001
  0.69328193E-001
  0.69328286E-001
  0.69328372E-001
  0.69328452E-001
  0.69328525E-001
  0.69328592E-001
  0.69328654E-001
  0.69328710E-001
  0.69328761E-001
  0.69328808E-001
  0.69328849E-001
  0.69328887E-001
  0.69328920E-001
  0.69328949E-001
  0.69328975E-001
  0.69328998E-001
  0.69329018E-001
  0.69329034E-001
  0.69329048E-001
  0.69329060E-001
  0.69329069E-001
  0.69329076E-001
  0.69329081E-001
  0.69329084E-001
  0.69329085E-001
  0.69329085E-001
  0.69329083E-001
  0.69329079E-001
  0.69329074E-001
  0.69329068E-001
  0.69329060E-001
  0.69329051E-001
  0.69329042E-001
  0.69329031E-001
  0.69329019E-001
  0.69329006E-001
  0.69328992E-001
  0.69328978E-001
  0.69328963E-001
  0.69328947E-001
  0.69328930E-001
  0.69328913E-001
  0.69328895E-001
  0.69328877E-001
  0.69328859E-001
  0.69328840E-001
  0.69328821E-001
  0.69328801E-001
  0.69328782E-001
  0.69328762E-001
  0.69328742E-001
  0.69328722E-001
  0.69328702E-001
  0.69328682E-001
  0.69328662E-001
  0.69328642E-001
  0.69328622E-001
  0.69328602E-001
  0.69328583E-001
  0.69328564E-001
  0.69328545E-001
  0.69328526E-001
  0.69328507E-001
  0.69328489E-001
  0.69328472E-001
  0.69328454E-001
  0.69328437E-001
  0.69328420E-001
  0.69328404E-001
  0.69328389E-001
  0.69328373E-001
  0.69328358E-001
  0.69328344E-001
  0.69328330E-001
  0.69328317E-001
  0.69328304E-001
  0.69328292E-001
  0.69328280E-001
  0.69328268E-001
  0.69328258E-001
  0.69328247E-001
  0.69328237E-001
  0.69328228E-001
  0.69328219E-001
  0.69328211E-001
  0.69328203E-001
  0.69328196E-001
  0.69328189E-001
  0.69328183E-001
  0.69328177E-001
  0.69328172E-001
  0.69328167E-001
  0.69328162E-001
  0.69328158E-001
  0.69328154E-001
  0.69328151E-001
  0.69328148E-001
  0.69328145E-001
  0.69328143E-001
  0.69328141E-001
  0.69328140E-001
  0.69328139E-001
  0.69328138E-001
  0.69328137E-001
  0.69328136E-001
  0.69328136E-001
  0.69328136E-001
  0.69328136E-001
  0.69328137E-001
  0.69328137E-001
  0.69328138E-001
  0.69328139E-001
  0.69328140E-001
  0.69328141E-001
  0.69328142E-001
  0.69328143E-001
  0.69328144E-001
