  0.23359710E+000
  0.22662474E+000
  0.22871606E+000
  0.23020008E+000
  0.23105844E+000
  0.23159134E+000
  0.23195145E+000
  0.23221945E+000
  0.23243144E+000
  0.23260391E+000
  0.23274367E+000
  0.23285925E+000
  0.23295609E+000
  0.23303763E+000
  0.23310676E+000
  0.23316601E+000
  0.23321736E+000
  0.23326085E+000
  0.23329825E+000
  0.23333072E+000
  0.23335927E+000
  0.23338444E+000
  0.23340666E+000
  0.23342627E+000
  0.23344355E+000
  0.23345877E+000
  0.23347218E+000
  0.23348384E+000
  0.23349386E+000
  0.23350246E+000
  0.23350982E+000
  0.23351608E+000
  0.23352137E+000
  0.23352583E+000
  0.23352959E+000
  0.23353279E+000
  0.23353555E+000
  0.23353799E+000
  0.23354023E+000
  0.23354238E+000
  0.23354451E+000
  0.23354672E+000
  0.23354906E+000
  0.23355160E+000
  0.23355435E+000
  0.23355734E+000
  0.23356058E+000
  0.23356406E+000
  0.23356777E+000
  0.23357167E+000
  0.23357575E+000
  0.23357996E+000
  0.23358427E+000
  0.23358866E+000
  0.23359308E+000
  0.23359753E+000
  0.23360197E+000
  0.23360640E+000
  0.23361080E+000
  0.23361517E+000
  0.23361950E+000
  0.23362378E+000
  0.23362803E+000
  0.23363222E+000
  0.23363637E+000
  0.23364046E+000
  0.23364449E+000
  0.23364846E+000
  0.23365236E+000
  0.23365617E+000
  0.23365991E+000
  0.23366355E+000
  0.23366709E+000
  0.23367052E+000
  0.23367385E+000
  0.23367705E+000
  0.23368014E+000
  0.23368309E+000
  0.23368592E+000
  0.23368862E+000
  0.23369118E+000
  0.23369361E+000
  0.23369591E+000
  0.23369808E+000
  0.23370012E+000
  0.23370203E+000
  0.23370383E+000
  0.23370550E+000
  0.23370706E+000
  0.23370851E+000
  0.23370986E+000
  0.23371111E+000
  0.23371227E+000
  0.23371335E+000
  0.23371434E+000
  0.23371526E+000
  0.23371611E+000
  0.23371689E+000
  0.23371761E+000
  0.23371827E+000
  0.23371888E+000
  0.23371945E+000
  0.23371997E+000
  0.23372045E+000
  0.23372089E+000
  0.23372130E+000
  0.23372167E+000
  0.23372202E+000
  0.23372234E+000
  0.23372263E+000
  0.23372290E+000
  0.23372314E+000
  0.23372337E+000
  0.23372357E+000
  0.23372376E+000
  0.23372393E+000
  0.23372408E+000
  0.23372422E+000
  0.23372435E+000
  0.23372446E+000
  0.23372456E+000
  0.23372465E+000
  0.23372473E+000
  0.23372479E+000
  0.23372485E+000
  0.23372490E+000
  0.23372494E+000
  0.23372497E+000
  0.23372500E+000
  0.23372502E+000
  0.23372503E+000
  0.23372504E+000
  0.23372504E+000
  0.23372503E+000
  0.23372503E+000
  0.23372501E+000
  0.23372500E+000
  0.23372498E+000
  0.23372495E+000
  0.23372493E+000
  0.23372490E+000
  0.23372486E+000
  0.23372483E+000
  0.23372479E+000
  0.23372475E+000
  0.23372471E+000
  0.23372467E+000
  0.23372462E+000
  0.23372458E+000
  0.23372453E+000
  0.23372448E+000
  0.23372443E+000
  0.23372438E+000
  0.23372433E+000
  0.23372428E+000
  0.23372422E+000
  0.23372417E+000
  0.23372412E+000
  0.23372406E+000
  0.23372401E+000
  0.23372395E+000
  0.23372390E+000
  0.23372385E+000
  0.23372379E+000
  0.23372374E+000
  0.23372368E+000
  0.23372363E+000
  0.23372358E+000
  0.23372353E+000
  0.23372348E+000
  0.23372343E+000
  0.23372338E+000
  0.23372333E+000
  0.23372329E+000
  0.23372324E+000
  0.23372320E+000
  0.23372315E+000
  0.23372311E+000
  0.23372307E+000
  0.23372303E+000
  0.23372299E+000
  0.23372296E+000
  0.23372292E+000
  0.23372289E+000
  0.23372286E+000
  0.23372283E+000
  0.23372280E+000
  0.23372277E+000
  0.23372274E+000
  0.23372272E+000
  0.23372269E+000
  0.23372267E+000
  0.23372265E+000
  0.23372263E+000
  0.23372261E+000
  0.23372259E+000
  0.23372257E+000
  0.23372255E+000
  0.23372253E+000
  0.23372250E+000
