  0.52136931E-006
  0.52134760E-006
  0.52145658E-006
  0.52153514E-006
  0.52158517E-006
  0.52161701E-006
  0.52163669E-006
  0.52164753E-006
  0.52165173E-006
  0.52165067E-006
  0.52164542E-006
  0.52163686E-006
  0.52162571E-006
  0.52161257E-006
  0.52159794E-006
  0.52158222E-006
  0.52156577E-006
  0.52154887E-006
  0.52153177E-006
  0.52151467E-006
  0.52149773E-006
  0.52148109E-006
  0.52146485E-006
  0.52144912E-006
  0.52143397E-006
  0.52141946E-006
  0.52140565E-006
  0.52139257E-006
  0.52138026E-006
  0.52136875E-006
  0.52135805E-006
  0.52134819E-006
  0.52133916E-006
  0.52133097E-006
  0.52132360E-006
  0.52131703E-006
  0.52131123E-006
  0.52130616E-006
  0.52130179E-006
  0.52129804E-006
  0.52129487E-006
  0.52129220E-006
  0.52128998E-006
  0.52128812E-006
  0.52128657E-006
  0.52128525E-006
  0.52128412E-006
  0.52128311E-006
  0.52128218E-006
  0.52128128E-006
  0.52128039E-006
  0.52127947E-006
  0.52127850E-006
  0.52127746E-006
  0.52127635E-006
  0.52127515E-006
  0.52127386E-006
  0.52127247E-006
  0.52127098E-006
  0.52126938E-006
  0.52126769E-006
  0.52126590E-006
  0.52126400E-006
  0.52126202E-006
  0.52125994E-006
  0.52125778E-006
  0.52125553E-006
  0.52125322E-006
  0.52125083E-006
  0.52124837E-006
  0.52124587E-006
  0.52124331E-006
  0.52124071E-006
  0.52123808E-006
  0.52123542E-006
  0.52123274E-006
  0.52123005E-006
  0.52122735E-006
  0.52122465E-006
  0.52122196E-006
  0.52121929E-006
  0.52121664E-006
  0.52121401E-006
  0.52121141E-006
  0.52120885E-006
  0.52120634E-006
  0.52120386E-006
  0.52120144E-006
  0.52119906E-006
  0.52119674E-006
  0.52119448E-006
  0.52119228E-006
  0.52119014E-006
  0.52118806E-006
  0.52118604E-006
  0.52118409E-006
  0.52118219E-006
  0.52118037E-006
  0.52117861E-006
  0.52117691E-006
  0.52117527E-006
  0.52117369E-006
  0.52117218E-006
  0.52117072E-006
  0.52116932E-006
  0.52116798E-006
  0.52116669E-006
  0.52116546E-006
  0.52116428E-006
  0.52116314E-006
  0.52116206E-006
  0.52116102E-006
  0.52116003E-006
  0.52115908E-006
  0.52115817E-006
  0.52115730E-006
  0.52115647E-006
  0.52115568E-006
  0.52115492E-006
  0.52115420E-006
  0.52115350E-006
  0.52115284E-006
  0.52115221E-006
  0.52115160E-006
  0.52115102E-006
  0.52115047E-006
  0.52114994E-006
  0.52114943E-006
  0.52114895E-006
  0.52114849E-006
  0.52114804E-006
  0.52114762E-006
  0.52114722E-006
  0.52114683E-006
  0.52114646E-006
  0.52114611E-006
  0.52114578E-006
  0.52114546E-006
  0.52114516E-006
  0.52114487E-006
  0.52114459E-006
  0.52114433E-006
  0.52114408E-006
  0.52114385E-006
  0.52114363E-006
  0.52114342E-006
  0.52114322E-006
  0.52114303E-006
  0.52114286E-006
  0.52114270E-006
  0.52114255E-006
  0.52114241E-006
  0.52114228E-006
  0.52114216E-006
  0.52114205E-006
  0.52114195E-006
  0.52114186E-006
  0.52114178E-006
  0.52114171E-006
  0.52114164E-006
  0.52114159E-006
  0.52114154E-006
  0.52114150E-006
  0.52114147E-006
  0.52114145E-006
  0.52114143E-006
  0.52114142E-006
  0.52114141E-006
  0.52114141E-006
  0.52114142E-006
  0.52114143E-006
  0.52114145E-006
  0.52114147E-006
  0.52114150E-006
  0.52114152E-006
  0.52114156E-006
  0.52114159E-006
  0.52114163E-006
  0.52114167E-006
  0.52114172E-006
  0.52114176E-006
  0.52114181E-006
  0.52114186E-006
  0.52114191E-006
  0.52114196E-006
  0.52114202E-006
  0.52114207E-006
  0.52114212E-006
  0.52114218E-006
  0.52114223E-006
  0.52114229E-006
  0.52114234E-006
  0.52114239E-006
  0.52114244E-006
  0.52114250E-006
  0.52114255E-006
  0.52114260E-006
  0.52114265E-006
  0.52114269E-006
  0.52114274E-006
