  0.37584917E+000
  0.37581224E+000
  0.37578289E+000
  0.37575924E+000
  0.37574003E+000
  0.37572439E+000
  0.37571163E+000
  0.37570125E+000
  0.37569281E+000
  0.37568599E+000
  0.37568050E+000
  0.37567612E+000
  0.37567265E+000
  0.37566994E+000
  0.37566786E+000
  0.37566630E+000
  0.37566517E+000
  0.37566438E+000
  0.37566388E+000
  0.37566361E+000
  0.37566352E+000
  0.37566358E+000
  0.37566375E+000
  0.37566400E+000
  0.37566432E+000
  0.37566468E+000
  0.37566506E+000
  0.37566546E+000
  0.37566585E+000
  0.37566623E+000
  0.37566659E+000
  0.37566692E+000
  0.37566722E+000
  0.37566748E+000
  0.37566769E+000
  0.37566785E+000
  0.37566796E+000
  0.37566801E+000
  0.37566801E+000
  0.37566794E+000
  0.37566781E+000
  0.37566762E+000
  0.37566737E+000
  0.37566704E+000
  0.37566665E+000
  0.37566619E+000
  0.37566566E+000
  0.37566507E+000
  0.37566440E+000
  0.37566366E+000
  0.37566285E+000
  0.37566197E+000
  0.37566101E+000
  0.37565999E+000
  0.37565889E+000
  0.37565773E+000
  0.37565650E+000
  0.37565519E+000
  0.37565383E+000
  0.37565239E+000
  0.37565090E+000
  0.37564934E+000
  0.37564773E+000
  0.37564606E+000
  0.37564435E+000
  0.37564258E+000
  0.37564077E+000
  0.37563892E+000
  0.37563704E+000
  0.37563512E+000
  0.37563318E+000
  0.37563122E+000
  0.37562924E+000
  0.37562724E+000
  0.37562524E+000
  0.37562324E+000
  0.37562123E+000
  0.37561923E+000
  0.37561724E+000
  0.37561526E+000
  0.37561330E+000
  0.37561136E+000
  0.37560944E+000
  0.37560755E+000
  0.37560569E+000
  0.37560387E+000
  0.37560207E+000
  0.37560032E+000
  0.37559860E+000
  0.37559692E+000
  0.37559528E+000
  0.37559369E+000
  0.37559214E+000
  0.37559064E+000
  0.37558918E+000
  0.37558776E+000
  0.37558639E+000
  0.37558506E+000
  0.37558378E+000
  0.37558255E+000
  0.37558135E+000
  0.37558020E+000
  0.37557910E+000
  0.37557803E+000
  0.37557701E+000
  0.37557602E+000
  0.37557508E+000
  0.37557417E+000
  0.37557330E+000
  0.37557246E+000
  0.37557166E+000
  0.37557089E+000
  0.37557016E+000
  0.37556945E+000
  0.37556877E+000
  0.37556813E+000
  0.37556751E+000
  0.37556691E+000
  0.37556634E+000
  0.37556580E+000
  0.37556528E+000
  0.37556478E+000
  0.37556430E+000
  0.37556384E+000
  0.37556341E+000
  0.37556299E+000
  0.37556259E+000
  0.37556220E+000
  0.37556183E+000
  0.37556148E+000
  0.37556115E+000
  0.37556082E+000
  0.37556052E+000
  0.37556022E+000
  0.37555994E+000
  0.37555967E+000
  0.37555942E+000
  0.37555917E+000
  0.37555894E+000
  0.37555872E+000
  0.37555851E+000
  0.37555831E+000
  0.37555812E+000
  0.37555794E+000
  0.37555777E+000
  0.37555761E+000
  0.37555746E+000
  0.37555732E+000
  0.37555719E+000
  0.37555707E+000
  0.37555695E+000
  0.37555685E+000
  0.37555675E+000
  0.37555666E+000
  0.37555658E+000
  0.37555650E+000
  0.37555643E+000
  0.37555638E+000
  0.37555632E+000
  0.37555628E+000
  0.37555624E+000
  0.37555620E+000
  0.37555618E+000
  0.37555616E+000
  0.37555614E+000
  0.37555613E+000
  0.37555612E+000
  0.37555612E+000
  0.37555613E+000
  0.37555614E+000
  0.37555615E+000
  0.37555616E+000
  0.37555618E+000
  0.37555621E+000
  0.37555623E+000
  0.37555626E+000
  0.37555629E+000
  0.37555632E+000
  0.37555636E+000
  0.37555640E+000
  0.37555643E+000
  0.37555647E+000
  0.37555651E+000
  0.37555656E+000
  0.37555660E+000
  0.37555664E+000
  0.37555668E+000
  0.37555673E+000
  0.37555677E+000
  0.37555681E+000
  0.37555686E+000
  0.37555690E+000
  0.37555694E+000
  0.37555699E+000
  0.37555703E+000
  0.37555707E+000
  0.37555711E+000
  0.37555715E+000
  0.37555719E+000
  0.37555722E+000
