  0.16354785E-001
  0.12516307E-001
  0.10102609E-001
  0.83206607E-002
  0.69109479E-002
  0.57637042E-002
  0.48174542E-002
  0.40300666E-002
  0.33731776E-002
  0.28237563E-002
  0.23626602E-002
  0.19748987E-002
  0.16484018E-002
  0.13732109E-002
  0.11410471E-002
  0.94516706E-003
  0.78008823E-003
  0.64104125E-003
  0.52410341E-003
  0.42585671E-003
  0.34357414E-003
  0.27483976E-003
  0.21767587E-003
  0.17035020E-003
  0.13137426E-003
  0.99506426E-004
  0.73643041E-004
  0.52871926E-004
  0.36343237E-004
  0.23356269E-004
  0.13300384E-004
  0.56594249E-005
 -0.23331005E-007
 -0.41247730E-005
 -0.69761152E-005
 -0.88446265E-005
 -0.99743194E-005
 -0.10540296E-004
 -0.10708601E-004
 -0.10605280E-004
 -0.10322338E-004
 -0.99429761E-005
 -0.95212550E-005
 -0.90958244E-005
 -0.86920363E-005
 -0.83369936E-005
 -0.80201361E-005
 -0.77483961E-005
 -0.75159151E-005
 -0.73180585E-005
 -0.71375885E-005
 -0.69671261E-005
 -0.67991898E-005
 -0.66252375E-005
 -0.64400835E-005
 -0.62345356E-005
 -0.60178798E-005
 -0.57777861E-005
 -0.55271407E-005
 -0.52596084E-005
 -0.49830689E-005
 -0.47000584E-005
 -0.44120511E-005
 -0.41238375E-005
 -0.38386767E-005
 -0.35579746E-005
 -0.32846986E-005
 -0.30196896E-005
 -0.27663279E-005
 -0.25235934E-005
 -0.22940932E-005
 -0.20778808E-005
 -0.18750964E-005
 -0.16860711E-005
 -0.15113756E-005
 -0.13499808E-005
 -0.12027767E-005
 -0.10678077E-005
 -0.94597175E-006
 -0.83587013E-006
 -0.73691488E-006
 -0.64909567E-006
 -0.57097293E-006
 -0.50175090E-006
 -0.44137344E-006
 -0.38896563E-006
 -0.34324213E-006
 -0.30404732E-006
 -0.27062608E-006
 -0.24238567E-006
 -0.21866546E-006
 -0.19911342E-006
 -0.18290324E-006
 -0.16994276E-006
 -0.15947779E-006
 -0.15140371E-006
 -0.14521059E-006
 -0.14052599E-006
 -0.13732167E-006
 -0.13503634E-006
 -0.13372823E-006
 -0.13300762E-006
 -0.13285393E-006
 -0.13299097E-006
 -0.13345491E-006
 -0.13399011E-006
 -0.13455986E-006
 -0.13517678E-006
 -0.13568133E-006
 -0.13604356E-006
 -0.13626279E-006
 -0.13631940E-006
 -0.13617191E-006
 -0.13575480E-006
 -0.13516388E-006
 -0.13431726E-006
 -0.13324515E-006
 -0.13195410E-006
 -0.13042033E-006
 -0.12867459E-006
 -0.12673473E-006
 -0.12459035E-006
 -0.12225638E-006
 -0.11976945E-006
 -0.11707015E-006
 -0.11424580E-006
 -0.11128078E-006
 -0.10820466E-006
 -0.10496302E-006
 -0.10165563E-006
 -0.98249592E-007
 -0.94754653E-007
 -0.91209332E-007
 -0.87585592E-007
 -0.83920673E-007
 -0.80231117E-007
 -0.76507796E-007
 -0.72769188E-007
 -0.69029715E-007
 -0.65294992E-007
 -0.61563542E-007
 -0.57863561E-007
 -0.54198643E-007
 -0.50567374E-007
 -0.46979987E-007
 -0.43448003E-007
 -0.39983299E-007
 -0.36583227E-007
 -0.33270870E-007
 -0.30028125E-007
 -0.26868789E-007
 -0.23806361E-007
 -0.20842256E-007
 -0.17980331E-007
 -0.15217913E-007
 -0.12566396E-007
 -0.10027600E-007
 -0.76022295E-008
 -0.52868745E-008
 -0.30885113E-008
 -0.10121579E-008
  0.94761221E-009
  0.27865277E-008
  0.45106758E-008
  0.61177963E-008
  0.76101350E-008
  0.89840368E-008
  0.10237753E-007
  0.11386234E-007
  0.12424658E-007
  0.13354429E-007
  0.14181507E-007
  0.14907085E-007
  0.15530680E-007
  0.16061671E-007
  0.16507129E-007
  0.16862373E-007
  0.17135690E-007
  0.17328787E-007
  0.17449121E-007
  0.17500315E-007
  0.17480343E-007
  0.17400215E-007
  0.17268541E-007
  0.17080469E-007
  0.16838422E-007
  0.16552705E-007
  0.16228795E-007
  0.15861588E-007
  0.15464059E-007
  0.15036081E-007
  0.14575817E-007
  0.14090614E-007
  0.13581027E-007
  0.13051825E-007
  0.12516959E-007
  0.12045183E-007
  0.12310445E-007
  0.14009367E-007
  0.10491896E-007
