  0.35333566E+000
  0.35347093E+000
  0.35359941E+000
  0.35370549E+000
  0.35379176E+000
  0.35386392E+000
  0.35392380E+000
  0.35397810E+000
  0.35401562E+000
  0.35405106E+000
  0.35408101E+000
  0.35410639E+000
  0.35412745E+000
  0.35414483E+000
  0.35415964E+000
  0.35417136E+000
  0.35418241E+000
  0.35419088E+000
  0.35420022E+000
  0.35420538E+000
  0.35420785E+000
  0.35421192E+000
  0.35421398E+000
  0.35421505E+000
  0.35421608E+000
  0.35421705E+000
  0.35421750E+000
  0.35421717E+000
  0.35421702E+000
  0.35421664E+000
  0.35421586E+000
  0.35421508E+000
  0.35421424E+000
  0.35421306E+000
  0.35421185E+000
  0.35421049E+000
  0.35420923E+000
  0.35420807E+000
  0.35420681E+000
  0.35420576E+000
  0.35420458E+000
  0.35420327E+000
  0.35420202E+000
  0.35420084E+000
  0.35419940E+000
  0.35419807E+000
  0.35419682E+000
  0.35419537E+000
  0.35419407E+000
  0.35419284E+000
  0.35419174E+000
  0.35419081E+000
  0.35418963E+000
  0.35418868E+000
  0.35418757E+000
  0.35418659E+000
  0.35418575E+000
  0.35418440E+000
  0.35418364E+000
  0.35418265E+000
  0.35418175E+000
  0.35418094E+000
  0.35418013E+000
  0.35417935E+000
  0.35417863E+000
  0.35417790E+000
  0.35417723E+000
  0.35417660E+000
  0.35417602E+000
  0.35417532E+000
  0.35417484E+000
  0.35417435E+000
  0.35417385E+000
  0.35417343E+000
  0.35417308E+000
  0.35417324E+000
  0.35417295E+000
  0.35417274E+000
  0.35417252E+000
  0.35417233E+000
  0.35417218E+000
  0.35417203E+000
  0.35417211E+000
  0.35417202E+000
  0.35417196E+000
  0.35417192E+000
  0.35417190E+000
  0.35417188E+000
  0.35417188E+000
  0.35417189E+000
  0.35417191E+000
  0.35417194E+000
  0.35417197E+000
  0.35417200E+000
  0.35417204E+000
  0.35417209E+000
  0.35417213E+000
  0.35417218E+000
  0.35417222E+000
  0.35417227E+000
  0.35417231E+000
  0.35417236E+000
  0.35417240E+000
  0.35417244E+000
  0.35417248E+000
  0.35417251E+000
  0.35417253E+000
  0.35417256E+000
  0.35417257E+000
  0.35417259E+000
  0.35417260E+000
  0.35417261E+000
  0.35417261E+000
  0.35417261E+000
  0.35417260E+000
  0.35417259E+000
  0.35417258E+000
  0.35417256E+000
  0.35417254E+000
  0.35417251E+000
  0.35417248E+000
  0.35417245E+000
  0.35417241E+000
  0.35417237E+000
  0.35417233E+000
  0.35417228E+000
  0.35417223E+000
  0.35417218E+000
  0.35417212E+000
  0.35417206E+000
  0.35417201E+000
  0.35417194E+000
  0.35417188E+000
  0.35417182E+000
  0.35417175E+000
  0.35417168E+000
  0.35417161E+000
  0.35417154E+000
  0.35417147E+000
  0.35417140E+000
  0.35417132E+000
  0.35417125E+000
  0.35417118E+000
  0.35417110E+000
  0.35417103E+000
  0.35417097E+000
  0.35417089E+000
  0.35417082E+000
  0.35417075E+000
  0.35417067E+000
  0.35417060E+000
  0.35417053E+000
  0.35417046E+000
  0.35417039E+000
  0.35417032E+000
  0.35417026E+000
  0.35417019E+000
  0.35417013E+000
  0.35417006E+000
  0.35417000E+000
  0.35416994E+000
  0.35416989E+000
  0.35416983E+000
  0.35416978E+000
  0.35416973E+000
  0.35416968E+000
  0.35416963E+000
  0.35416959E+000
  0.35416954E+000
  0.35416950E+000
  0.35416946E+000
  0.35416942E+000
  0.35416939E+000
  0.35416936E+000
  0.35416933E+000
  0.35416930E+000
  0.35416927E+000
  0.35416925E+000
  0.35416922E+000
  0.35416921E+000
  0.35416919E+000
  0.35416917E+000
  0.35416915E+000
  0.35416914E+000
  0.35416913E+000
  0.35416912E+000
  0.35416911E+000
  0.35416910E+000
  0.35416909E+000
  0.35416909E+000
  0.35416909E+000
  0.35416908E+000
  0.35416908E+000
  0.35416908E+000
  0.35416908E+000
  0.35416908E+000
  0.35416908E+000
  0.35416909E+000
  0.35416909E+000
  0.35416910E+000
