  0.43370807E+000
  0.43295221E+000
  0.43247874E+000
  0.43213040E+000
  0.43185890E+000
  0.43164326E+000
  0.43145976E+000
  0.43130923E+000
  0.43118671E+000
  0.43108313E+000
  0.43099620E+000
  0.43092693E+000
  0.43086408E+000
  0.43081512E+000
  0.43077213E+000
  0.43073906E+000
  0.43070627E+000
  0.43068252E+000
  0.43066175E+000
  0.43064671E+000
  0.43063158E+000
  0.43062099E+000
  0.43061037E+000
  0.43060472E+000
  0.43059760E+000
  0.43059171E+000
  0.43058871E+000
  0.43058465E+000
  0.43058185E+000
  0.43057963E+000
  0.43058053E+000
  0.43057887E+000
  0.43057864E+000
  0.43057816E+000
  0.43057813E+000
  0.43057852E+000
  0.43057878E+000
  0.43057961E+000
  0.43058022E+000
  0.43058026E+000
  0.43057983E+000
  0.43058064E+000
  0.43058225E+000
  0.43058277E+000
  0.43058260E+000
  0.43058321E+000
  0.43058428E+000
  0.43058527E+000
  0.43058587E+000
  0.43058647E+000
  0.43058703E+000
  0.43058733E+000
  0.43058815E+000
  0.43058908E+000
  0.43058964E+000
  0.43059030E+000
  0.43059058E+000
  0.43059163E+000
  0.43059185E+000
  0.43059248E+000
  0.43059228E+000
  0.43059260E+000
  0.43059208E+000
  0.43059254E+000
  0.43059275E+000
  0.43059311E+000
  0.43059315E+000
  0.43059366E+000
  0.43059427E+000
  0.43059455E+000
  0.43059475E+000
  0.43059492E+000
  0.43059560E+000
  0.43059583E+000
  0.43059608E+000
  0.43059627E+000
  0.43059656E+000
  0.43059677E+000
  0.43059705E+000
  0.43059732E+000
  0.43059760E+000
  0.43059783E+000
  0.43059787E+000
  0.43059791E+000
  0.43059805E+000
  0.43059796E+000
  0.43059870E+000
  0.43059876E+000
  0.43059887E+000
  0.43059897E+000
  0.43059901E+000
  0.43059906E+000
  0.43059916E+000
  0.43059922E+000
  0.43059928E+000
  0.43059933E+000
  0.43059938E+000
  0.43059942E+000
  0.43059946E+000
  0.43059949E+000
  0.43059950E+000
  0.43059952E+000
  0.43059954E+000
  0.43059955E+000
  0.43059956E+000
  0.43059957E+000
  0.43059958E+000
  0.43059959E+000
  0.43059958E+000
  0.43059958E+000
  0.43059957E+000
  0.43059955E+000
  0.43059953E+000
  0.43059951E+000
  0.43059948E+000
  0.43059945E+000
  0.43059941E+000
  0.43059938E+000
  0.43059934E+000
  0.43059930E+000
  0.43059926E+000
  0.43059921E+000
  0.43059916E+000
  0.43059910E+000
  0.43059905E+000
  0.43059899E+000
  0.43059893E+000
  0.43059887E+000
  0.43059880E+000
  0.43059874E+000
  0.43059867E+000
  0.43059859E+000
  0.43059852E+000
  0.43059845E+000
  0.43059837E+000
  0.43059830E+000
  0.43059822E+000
  0.43059815E+000
  0.43059807E+000
  0.43059799E+000
  0.43059792E+000
  0.43059784E+000
  0.43059777E+000
  0.43059769E+000
  0.43059761E+000
  0.43059754E+000
  0.43059747E+000
  0.43059738E+000
  0.43059731E+000
  0.43059724E+000
  0.43059717E+000
  0.43059709E+000
  0.43059703E+000
  0.43059696E+000
  0.43059690E+000
  0.43059683E+000
  0.43059677E+000
  0.43059671E+000
  0.43059666E+000
  0.43059660E+000
  0.43059655E+000
  0.43059650E+000
  0.43059645E+000
  0.43059639E+000
  0.43059635E+000
  0.43059630E+000
  0.43059626E+000
  0.43059622E+000
  0.43059618E+000
  0.43059614E+000
  0.43059610E+000
  0.43059695E+000
  0.43059692E+000
  0.43059689E+000
  0.43059686E+000
  0.43059685E+000
  0.43059682E+000
  0.43059680E+000
  0.43059678E+000
  0.43059677E+000
  0.43059675E+000
  0.43059674E+000
  0.43059672E+000
  0.43059671E+000
  0.43059670E+000
  0.43059669E+000
  0.43059668E+000
  0.43059580E+000
  0.43059579E+000
  0.43059579E+000
  0.43059579E+000
  0.43059579E+000
  0.43059579E+000
  0.43059579E+000
  0.43059579E+000
  0.43059579E+000
  0.43059580E+000
  0.43059580E+000
  0.43059580E+000
  0.43059581E+000
