  0.91058868E-001
  0.90812808E-001
  0.90644056E-001
  0.90510249E-001
  0.90399368E-001
  0.90306180E-001
  0.90227446E-001
  0.90160706E-001
  0.90104103E-001
  0.90056072E-001
  0.90015261E-001
  0.89980554E-001
  0.89951024E-001
  0.89925881E-001
  0.89904458E-001
  0.89886198E-001
  0.89870634E-001
  0.89857363E-001
  0.89846044E-001
  0.89836388E-001
  0.89828149E-001
  0.89821119E-001
  0.89815120E-001
  0.89810000E-001
  0.89805628E-001
  0.89801891E-001
  0.89798695E-001
  0.89795956E-001
  0.89793603E-001
  0.89791574E-001
  0.89789817E-001
  0.89788286E-001
  0.89786943E-001
  0.89785755E-001
  0.89784694E-001
  0.89783736E-001
  0.89782862E-001
  0.89782054E-001
  0.89781300E-001
  0.89780588E-001
  0.89779909E-001
  0.89779256E-001
  0.89778622E-001
  0.89778004E-001
  0.89777398E-001
  0.89776802E-001
  0.89776213E-001
  0.89775631E-001
  0.89775055E-001
  0.89774484E-001
  0.89773920E-001
  0.89773362E-001
  0.89772812E-001
  0.89772270E-001
  0.89771737E-001
  0.89771214E-001
  0.89770704E-001
  0.89770205E-001
  0.89769722E-001
  0.89769253E-001
  0.89768800E-001
  0.89768365E-001
  0.89767947E-001
  0.89767549E-001
  0.89767170E-001
  0.89766810E-001
  0.89766471E-001
  0.89766152E-001
  0.89765853E-001
  0.89765575E-001
  0.89765317E-001
  0.89765079E-001
  0.89764860E-001
  0.89764660E-001
  0.89764478E-001
  0.89764314E-001
  0.89764166E-001
  0.89764034E-001
  0.89763917E-001
  0.89763814E-001
  0.89763725E-001
  0.89763647E-001
  0.89763581E-001
  0.89763525E-001
  0.89763478E-001
  0.89763440E-001
  0.89763409E-001
  0.89763386E-001
  0.89763368E-001
  0.89763355E-001
  0.89763347E-001
  0.89763343E-001
  0.89763342E-001
  0.89763344E-001
  0.89763348E-001
  0.89763353E-001
  0.89763361E-001
  0.89763369E-001
  0.89763378E-001
  0.89763387E-001
  0.89763396E-001
  0.89763406E-001
  0.89763415E-001
  0.89763424E-001
  0.89763432E-001
  0.89763440E-001
  0.89763447E-001
  0.89763454E-001
  0.89763459E-001
  0.89763464E-001
  0.89763468E-001
  0.89763471E-001
  0.89763473E-001
  0.89763475E-001
  0.89763475E-001
  0.89763475E-001
  0.89763474E-001
  0.89763472E-001
  0.89763469E-001
  0.89763466E-001
  0.89763462E-001
  0.89763458E-001
  0.89763452E-001
  0.89763446E-001
  0.89763440E-001
  0.89763433E-001
  0.89763426E-001
  0.89763418E-001
  0.89763410E-001
  0.89763401E-001
  0.89763392E-001
  0.89763383E-001
  0.89763373E-001
  0.89763363E-001
  0.89763353E-001
  0.89763343E-001
  0.89763333E-001
  0.89763322E-001
  0.89763312E-001
  0.89763301E-001
  0.89763291E-001
  0.89763280E-001
  0.89763270E-001
  0.89763260E-001
  0.89763249E-001
  0.89763239E-001
  0.89763229E-001
  0.89763219E-001
  0.89763209E-001
  0.89763200E-001
  0.89763191E-001
  0.89763182E-001
  0.89763173E-001
  0.89763164E-001
  0.89763156E-001
  0.89763148E-001
  0.89763140E-001
  0.89763133E-001
  0.89763126E-001
  0.89763120E-001
  0.89763113E-001
  0.89763107E-001
  0.89763102E-001
  0.89763096E-001
  0.89763091E-001
  0.89763087E-001
  0.89763082E-001
  0.89763078E-001
  0.89763075E-001
  0.89763071E-001
  0.89763068E-001
  0.89763066E-001
  0.89763063E-001
  0.89763061E-001
  0.89763059E-001
  0.89763058E-001
  0.89763056E-001
  0.89763055E-001
  0.89763054E-001
  0.89763054E-001
  0.89763053E-001
  0.89763053E-001
  0.89763053E-001
  0.89763053E-001
  0.89763054E-001
  0.89763054E-001
  0.89763055E-001
  0.89763055E-001
  0.89763056E-001
  0.89763057E-001
  0.89763058E-001
  0.89763060E-001
  0.89763061E-001
  0.89763062E-001
  0.89763063E-001
  0.89763065E-001
  0.89763066E-001
  0.89763067E-001
  0.89763066E-001
  0.89763064E-001
