  0.13021154E+002
  0.13054250E+002
  0.13074222E+002
  0.13088823E+002
  0.13100294E+002
  0.13109557E+002
  0.13117130E+002
  0.13123369E+002
  0.13128521E+002
  0.13132782E+002
  0.13136314E+002
  0.13139244E+002
  0.13141673E+002
  0.13143685E+002
  0.13145348E+002
  0.13146719E+002
  0.13147842E+002
  0.13148757E+002
  0.13149496E+002
  0.13150086E+002
  0.13150550E+002
  0.13150906E+002
  0.13151172E+002
  0.13151360E+002
  0.13151482E+002
  0.13151549E+002
  0.13151568E+002
  0.13151547E+002
  0.13151493E+002
  0.13151411E+002
  0.13151305E+002
  0.13151180E+002
  0.13151040E+002
  0.13150886E+002
  0.13150722E+002
  0.13150549E+002
  0.13150371E+002
  0.13150187E+002
  0.13150000E+002
  0.13149810E+002
  0.13149619E+002
  0.13149427E+002
  0.13149234E+002
  0.13149042E+002
  0.13148851E+002
  0.13148661E+002
  0.13148473E+002
  0.13148286E+002
  0.13148102E+002
  0.13147920E+002
  0.13147741E+002
  0.13147565E+002
  0.13147393E+002
  0.13147224E+002
  0.13147059E+002
  0.13146899E+002
  0.13146743E+002
  0.13146592E+002
  0.13146445E+002
  0.13146305E+002
  0.13146169E+002
  0.13146040E+002
  0.13145916E+002
  0.13145799E+002
  0.13145687E+002
  0.13145582E+002
  0.13145483E+002
  0.13145390E+002
  0.13145303E+002
  0.13145222E+002
  0.13145146E+002
  0.13145077E+002
  0.13145013E+002
  0.13144955E+002
  0.13144901E+002
  0.13144853E+002
  0.13144809E+002
  0.13144770E+002
  0.13144735E+002
  0.13144704E+002
  0.13144676E+002
  0.13144652E+002
  0.13144631E+002
  0.13144613E+002
  0.13144597E+002
  0.13144584E+002
  0.13144573E+002
  0.13144564E+002
  0.13144557E+002
  0.13144551E+002
  0.13144546E+002
  0.13144543E+002
  0.13144540E+002
  0.13144539E+002
  0.13144538E+002
  0.13144537E+002
  0.13144537E+002
  0.13144538E+002
  0.13144538E+002
  0.13144539E+002
  0.13144541E+002
  0.13144542E+002
  0.13144543E+002
  0.13144545E+002
  0.13144546E+002
  0.13144547E+002
  0.13144548E+002
  0.13144550E+002
  0.13144551E+002
  0.13144552E+002
  0.13144553E+002
  0.13144554E+002
  0.13144554E+002
  0.13144555E+002
  0.13144555E+002
  0.13144556E+002
  0.13144556E+002
  0.13144556E+002
  0.13144557E+002
  0.13144557E+002
  0.13144557E+002
  0.13144557E+002
  0.13144557E+002
  0.13144556E+002
  0.13144556E+002
  0.13144556E+002
  0.13144555E+002
  0.13144555E+002
  0.13144555E+002
  0.13144554E+002
  0.13144554E+002
  0.13144553E+002
  0.13144553E+002
  0.13144552E+002
  0.13144552E+002
  0.13144551E+002
  0.13144550E+002
  0.13144550E+002
  0.13144549E+002
  0.13144549E+002
  0.13144548E+002
  0.13144548E+002
  0.13144547E+002
  0.13144547E+002
  0.13144546E+002
  0.13144546E+002
  0.13144545E+002
  0.13144545E+002
  0.13144545E+002
  0.13144544E+002
  0.13144544E+002
  0.13144544E+002
  0.13144544E+002
  0.13144543E+002
  0.13144543E+002
  0.13144543E+002
  0.13144543E+002
  0.13144543E+002
  0.13144543E+002
  0.13144543E+002
  0.13144543E+002
  0.13144543E+002
  0.13144543E+002
  0.13144543E+002
  0.13144544E+002
  0.13144544E+002
  0.13144544E+002
  0.13144544E+002
  0.13144544E+002
  0.13144545E+002
  0.13144545E+002
  0.13144545E+002
  0.13144546E+002
  0.13144546E+002
  0.13144546E+002
  0.13144547E+002
  0.13144547E+002
  0.13144547E+002
  0.13144548E+002
  0.13144548E+002
  0.13144549E+002
  0.13144549E+002
  0.13144549E+002
  0.13144550E+002
  0.13144550E+002
  0.13144551E+002
  0.13144551E+002
  0.13144551E+002
  0.13144552E+002
  0.13144552E+002
  0.13144552E+002
  0.13144553E+002
  0.13144553E+002
  0.13144553E+002
  0.13144553E+002
  0.13144554E+002
  0.13144554E+002
  0.13144554E+002
  0.13144554E+002
  0.13144555E+002
