  0.55823253E+001
  0.55918276E+001
  0.55975581E+001
  0.56017456E+001
  0.56050343E+001
  0.56076894E+001
  0.56098595E+001
  0.56116473E+001
  0.56131232E+001
  0.56143437E+001
  0.56153553E+001
  0.56161944E+001
  0.56168900E+001
  0.56174661E+001
  0.56179424E+001
  0.56183349E+001
  0.56186565E+001
  0.56189184E+001
  0.56191300E+001
  0.56192989E+001
  0.56194318E+001
  0.56195339E+001
  0.56196099E+001
  0.56196637E+001
  0.56196987E+001
  0.56197178E+001
  0.56197233E+001
  0.56197173E+001
  0.56197018E+001
  0.56196783E+001
  0.56196481E+001
  0.56196123E+001
  0.56195720E+001
  0.56195280E+001
  0.56194810E+001
  0.56194317E+001
  0.56193805E+001
  0.56193280E+001
  0.56192744E+001
  0.56192200E+001
  0.56191653E+001
  0.56191102E+001
  0.56190551E+001
  0.56190002E+001
  0.56189454E+001
  0.56188910E+001
  0.56188371E+001
  0.56187837E+001
  0.56187310E+001
  0.56186789E+001
  0.56186277E+001
  0.56185773E+001
  0.56185280E+001
  0.56184796E+001
  0.56184324E+001
  0.56183865E+001
  0.56183418E+001
  0.56182985E+001
  0.56182567E+001
  0.56182164E+001
  0.56181776E+001
  0.56181406E+001
  0.56181052E+001
  0.56180715E+001
  0.56180396E+001
  0.56180094E+001
  0.56179810E+001
  0.56179543E+001
  0.56179294E+001
  0.56179062E+001
  0.56178847E+001
  0.56178648E+001
  0.56178465E+001
  0.56178298E+001
  0.56178145E+001
  0.56178006E+001
  0.56177881E+001
  0.56177769E+001
  0.56177668E+001
  0.56177579E+001
  0.56177500E+001
  0.56177431E+001
  0.56177371E+001
  0.56177319E+001
  0.56177275E+001
  0.56177237E+001
  0.56177206E+001
  0.56177180E+001
  0.56177158E+001
  0.56177141E+001
  0.56177128E+001
  0.56177118E+001
  0.56177111E+001
  0.56177106E+001
  0.56177104E+001
  0.56177102E+001
  0.56177103E+001
  0.56177104E+001
  0.56177106E+001
  0.56177109E+001
  0.56177112E+001
  0.56177116E+001
  0.56177120E+001
  0.56177124E+001
  0.56177127E+001
  0.56177131E+001
  0.56177135E+001
  0.56177138E+001
  0.56177141E+001
  0.56177144E+001
  0.56177147E+001
  0.56177149E+001
  0.56177152E+001
  0.56177153E+001
  0.56177155E+001
  0.56177156E+001
  0.56177157E+001
  0.56177158E+001
  0.56177158E+001
  0.56177158E+001
  0.56177158E+001
  0.56177158E+001
  0.56177158E+001
  0.56177157E+001
  0.56177157E+001
  0.56177156E+001
  0.56177155E+001
  0.56177154E+001
  0.56177152E+001
  0.56177151E+001
  0.56177150E+001
  0.56177148E+001
  0.56177147E+001
  0.56177145E+001
  0.56177144E+001
  0.56177142E+001
  0.56177140E+001
  0.56177139E+001
  0.56177137E+001
  0.56177136E+001
  0.56177134E+001
  0.56177133E+001
  0.56177131E+001
  0.56177130E+001
  0.56177129E+001
  0.56177127E+001
  0.56177126E+001
  0.56177125E+001
  0.56177124E+001
  0.56177123E+001
  0.56177122E+001
  0.56177122E+001
  0.56177121E+001
  0.56177120E+001
  0.56177120E+001
  0.56177120E+001
  0.56177119E+001
  0.56177119E+001
  0.56177119E+001
  0.56177119E+001
  0.56177119E+001
  0.56177120E+001
  0.56177120E+001
  0.56177120E+001
  0.56177121E+001
  0.56177121E+001
  0.56177122E+001
  0.56177123E+001
  0.56177123E+001
  0.56177124E+001
  0.56177125E+001
  0.56177126E+001
  0.56177127E+001
  0.56177128E+001
  0.56177129E+001
  0.56177130E+001
  0.56177131E+001
  0.56177132E+001
  0.56177133E+001
  0.56177134E+001
  0.56177135E+001
  0.56177136E+001
  0.56177137E+001
  0.56177139E+001
  0.56177140E+001
  0.56177141E+001
  0.56177142E+001
  0.56177143E+001
  0.56177144E+001
  0.56177145E+001
  0.56177146E+001
  0.56177147E+001
  0.56177148E+001
  0.56177148E+001
  0.56177149E+001
  0.56177150E+001
  0.56177151E+001
  0.56177151E+001
  0.56177152E+001
  0.56177153E+001
