  0.12494199E+001
  0.12457443E+001
  0.12434018E+001
  0.12416655E+001
  0.12402880E+001
  0.12391639E+001
  0.12382340E+001
  0.12374579E+001
  0.12368085E+001
  0.12362636E+001
  0.12358048E+001
  0.12354177E+001
  0.12350905E+001
  0.12348135E+001
  0.12345788E+001
  0.12343797E+001
  0.12342109E+001
  0.12340678E+001
  0.12339464E+001
  0.12338435E+001
  0.12337564E+001
  0.12336827E+001
  0.12336204E+001
  0.12335679E+001
  0.12335236E+001
  0.12334863E+001
  0.12334550E+001
  0.12334288E+001
  0.12334067E+001
  0.12333881E+001
  0.12333725E+001
  0.12333592E+001
  0.12333478E+001
  0.12333380E+001
  0.12333294E+001
  0.12333218E+001
  0.12333148E+001
  0.12333085E+001
  0.12333025E+001
  0.12332967E+001
  0.12332911E+001
  0.12332857E+001
  0.12332802E+001
  0.12332748E+001
  0.12332694E+001
  0.12332639E+001
  0.12332585E+001
  0.12332531E+001
  0.12332476E+001
  0.12332423E+001
  0.12332370E+001
  0.12332317E+001
  0.12332266E+001
  0.12332216E+001
  0.12332167E+001
  0.12332120E+001
  0.12332074E+001
  0.12332030E+001
  0.12331988E+001
  0.12331948E+001
  0.12331910E+001
  0.12331873E+001
  0.12331838E+001
  0.12331805E+001
  0.12331774E+001
  0.12331745E+001
  0.12331718E+001
  0.12331692E+001
  0.12331669E+001
  0.12331646E+001
  0.12331626E+001
  0.12331607E+001
  0.12331590E+001
  0.12331574E+001
  0.12331560E+001
  0.12331547E+001
  0.12331535E+001
  0.12331525E+001
  0.12331515E+001
  0.12331507E+001
  0.12331500E+001
  0.12331493E+001
  0.12331488E+001
  0.12331483E+001
  0.12331479E+001
  0.12331475E+001
  0.12331473E+001
  0.12331470E+001
  0.12331468E+001
  0.12331467E+001
  0.12331466E+001
  0.12331465E+001
  0.12331464E+001
  0.12331464E+001
  0.12331464E+001
  0.12331464E+001
  0.12331464E+001
  0.12331464E+001
  0.12331464E+001
  0.12331465E+001
  0.12331465E+001
  0.12331465E+001
  0.12331466E+001
  0.12331466E+001
  0.12331467E+001
  0.12331467E+001
  0.12331468E+001
  0.12331468E+001
  0.12331468E+001
  0.12331469E+001
  0.12331469E+001
  0.12331469E+001
  0.12331469E+001
  0.12331469E+001
  0.12331470E+001
  0.12331470E+001
  0.12331470E+001
  0.12331470E+001
  0.12331470E+001
  0.12331470E+001
  0.12331470E+001
  0.12331470E+001
  0.12331470E+001
  0.12331470E+001
  0.12331470E+001
  0.12331470E+001
  0.12331470E+001
  0.12331470E+001
  0.12331470E+001
  0.12331470E+001
  0.12331470E+001
  0.12331469E+001
  0.12331469E+001
  0.12331469E+001
  0.12331469E+001
  0.12331469E+001
  0.12331469E+001
  0.12331469E+001
  0.12331469E+001
  0.12331468E+001
  0.12331468E+001
  0.12331468E+001
  0.12331468E+001
  0.12331468E+001
  0.12331468E+001
  0.12331468E+001
  0.12331468E+001
  0.12331468E+001
  0.12331468E+001
  0.12331468E+001
  0.12331467E+001
  0.12331467E+001
  0.12331467E+001
  0.12331467E+001
  0.12331467E+001
  0.12331467E+001
  0.12331467E+001
  0.12331467E+001
  0.12331467E+001
  0.12331467E+001
  0.12331467E+001
  0.12331468E+001
  0.12331468E+001
  0.12331468E+001
  0.12331468E+001
  0.12331468E+001
  0.12331468E+001
  0.12331468E+001
  0.12331468E+001
  0.12331468E+001
  0.12331468E+001
  0.12331468E+001
  0.12331468E+001
  0.12331469E+001
  0.12331469E+001
  0.12331469E+001
  0.12331469E+001
  0.12331469E+001
  0.12331469E+001
  0.12331469E+001
  0.12331469E+001
  0.12331470E+001
  0.12331470E+001
  0.12331470E+001
  0.12331470E+001
  0.12331470E+001
  0.12331470E+001
  0.12331470E+001
  0.12331470E+001
  0.12331470E+001
  0.12331471E+001
  0.12331471E+001
  0.12331471E+001
  0.12331471E+001
  0.12331471E+001
  0.12331471E+001
  0.12331471E+001
  0.12331471E+001
  0.12331471E+001
  0.12331471E+001
