 -0.57432092E+000 -0.43190780E+000 -0.11426195E+000 -0.56729871E-002 -0.39447190E-002 -0.10642722E-002  0.10817903E-002  0.96014761E+000  0.25658122E+001  0.51504776E+001  0.73807482E+001
 -0.57397660E+000 -0.43137257E+000 -0.11350431E+000 -0.56652022E-002 -0.39135435E-002 -0.99411219E-003  0.10688747E-002  0.96059096E+000  0.25664880E+001  0.51512014E+001  0.73810786E+001
 -0.57388288E+000 -0.43111618E+000 -0.11306264E+000 -0.56654026E-002 -0.39210175E-002 -0.10137090E-002  0.10675757E-002  0.96064236E+000  0.25668533E+001  0.51520173E+001  0.73816269E+001
 -0.57390045E+000 -0.43099845E+000 -0.11278680E+000 -0.56658634E-002 -0.39266054E-002 -0.10278421E-002  0.10686108E-002  0.96056859E+000  0.25670239E+001  0.51529030E+001  0.73824161E+001
 -0.57396050E+000 -0.43095938E+000 -0.11261972E+000 -0.56662186E-002 -0.39299209E-002 -0.10360915E-002  0.10702526E-002  0.96046954E+000  0.25670766E+001  0.51537574E+001  0.73833412E+001
 -0.57402959E+000 -0.43096832E+000 -0.11253127E+000 -0.56665382E-002 -0.39320748E-002 -0.10413025E-002  0.10718813E-002  0.96037891E+000  0.25670686E+001  0.51545042E+001  0.73842925E+001
 -0.57409279E+000 -0.43100677E+000 -0.11250220E+000 -0.56668604E-002 -0.39336310E-002 -0.10449152E-002  0.10733550E-002  0.96030549E+000  0.25670374E+001  0.51551081E+001  0.73851872E+001
 -0.57414484E+000 -0.43106256E+000 -0.11251785E+000 -0.56672015E-002 -0.39348822E-002 -0.10476833E-002  0.10746422E-002  0.96025053E+000  0.25670047E+001  0.51555650E+001  0.73859733E+001
 -0.57418524E+000 -0.43112751E+000 -0.11256682E+000 -0.56675614E-002 -0.39359533E-002 -0.10499398E-002  0.10757919E-002  0.96021230E+000  0.25669804E+001  0.51558880E+001  0.73866229E+001
 -0.57421539E+000 -0.43119589E+000 -0.11263963E+000 -0.56679319E-002 -0.39368938E-002 -0.10518302E-002  0.10767860E-002  0.96018863E+000  0.25669680E+001  0.51560985E+001  0.73871278E+001
 -0.57423727E+000 -0.43126390E+000 -0.11272860E+000 -0.56683034E-002 -0.39377188E-002 -0.10534110E-002  0.10776333E-002  0.96017735E+000  0.25669676E+001  0.51562187E+001  0.73874927E+001
 -0.57425290E+000 -0.43132918E+000 -0.11282771E+000 -0.56686703E-002 -0.39384527E-002 -0.10547568E-002  0.10783500E-002  0.96017631E+000  0.25669773E+001  0.51562682E+001  0.73877298E+001
 -0.57426400E+000 -0.43139036E+000 -0.11293222E+000 -0.56690275E-002 -0.39391101E-002 -0.10559145E-002  0.10789537E-002  0.96018365E+000  0.25669946E+001  0.51562630E+001  0.73878550E+001
 -0.57427195E+000 -0.43144674E+000 -0.11303848E+000 -0.56693712E-002 -0.39396996E-002 -0.10569135E-002  0.10794612E-002  0.96019783E+000  0.25670168E+001  0.51562155E+001  0.73878854E+001
 -0.57427776E+000 -0.43149811E+000 -0.11314372E+000 -0.56696985E-002 -0.39402287E-002 -0.10577792E-002  0.10798869E-002  0.96021748E+000  0.25670418E+001  0.51561348E+001  0.73878376E+001
 -0.57428217E+000 -0.43154451E+000 -0.11324587E+000 -0.56700078E-002 -0.39407052E-002 -0.10585342E-002  0.10802411E-002  0.96024137E+000  0.25670674E+001  0.51560278E+001  0.73877268E+001
 -0.57428567E+000 -0.43158618E+000 -0.11334347E+000 -0.56702982E-002 -0.39411352E-002 -0.10591970E-002  0.10805317E-002  0.96026843E+000  0.25670920E+001  0.51558998E+001  0.73875660E+001
 -0.57428860E+000 -0.43162344E+000 -0.11343551E+000 -0.56705679E-002 -0.39415178E-002 -0.10597676E-002  0.10807739E-002  0.96029775E+000  0.25671141E+001  0.51557546E+001  0.73873666E+001
 -0.57429115E+000 -0.43165661E+000 -0.11352134E+000 -0.56708172E-002 -0.39418594E-002 -0.10602630E-002  0.10809761E-002  0.96032848E+000  0.25671328E+001  0.51555953E+001  0.73871379E+001
 -0.57429346E+000 -0.43168605E+000 -0.11360064E+000 -0.56710462E-002 -0.39421644E-002 -0.10606946E-002  0.10811447E-002  0.96035985E+000  0.25671473E+001  0.51554245E+001  0.73868878E+001
 -0.57429558E+000 -0.43171211E+000 -0.11367330E+000 -0.56712556E-002 -0.39424370E-002 -0.10610727E-002  0.10812845E-002  0.96039122E+000  0.25671568E+001  0.51552444E+001  0.73866226E+001
 -0.57429756E+000 -0.43173511E+000 -0.11373938E+000 -0.56714459E-002 -0.39426800E-002 -0.10614035E-002  0.10814010E-002  0.96042197E+000  0.25671610E+001  0.51550568E+001  0.73863477E+001
 -0.57429940E+000 -0.43175537E+000 -0.11379908E+000 -0.56716179E-002 -0.39428957E-002 -0.10616920E-002  0.10814984E-002  0.96045158E+000  0.25671595E+001  0.51548635E+001  0.73860674E+001
 -0.57430111E+000 -0.43177314E+000 -0.11385266E+000 -0.56717725E-002 -0.39430862E-002 -0.10619425E-002  0.10815803E-002  0.96047957E+000  0.25671524E+001  0.51546662E+001  0.73857852E+001
 -0.57430267E+000 -0.43178868E+000 -0.11390047E+000 -0.56719106E-002 -0.39432537E-002 -0.10621588E-002  0.10816495E-002  0.96050550E+000  0.25671396E+001  0.51544663E+001  0.73855041E+001
 -0.57430408E+000 -0.43180222E+000 -0.11394287E+000 -0.56720333E-002 -0.39434000E-002 -0.10623446E-002  0.10817083E-002  0.96052902E+000  0.25671211E+001  0.51542653E+001  0.73852266E+001
 -0.57430534E+000 -0.43181396E+000 -0.11398026E+000 -0.56721416E-002 -0.39435273E-002 -0.10625035E-002  0.10817585E-002  0.96054981E+000  0.25670973E+001  0.51540645E+001  0.73849547E+001
 -0.57430644E+000 -0.43182409E+000 -0.11401305E+000 -0.56722366E-002 -0.39436369E-002 -0.10626373E-002  0.10818019E-002  0.96056758E+000  0.25670684E+001  0.51538653E+001  0.73846902E+001
 -0.57430738E+000 -0.43183278E+000 -0.11404163E+000 -0.56723194E-002 -0.39437302E-002 -0.10627481E-002  0.10818397E-002  0.96058212E+000  0.25670347E+001  0.51536687E+001  0.73844344E+001
 -0.57430817E+000 -0.43184020E+000 -0.11406641E+000 -0.56723910E-002 -0.39438091E-002 -0.10628393E-002  0.10818728E-002  0.96059329E+000  0.25669967E+001  0.51534760E+001  0.73841885E+001
 -0.57430881E+000 -0.43184648E+000 -0.11408777E+000 -0.56724527E-002 -0.39438755E-002 -0.10629135E-002  0.10819020E-002  0.96060100E+000  0.25669548E+001  0.51532881E+001  0.73839532E+001
 -0.57430933E+000 -0.43185179E+000 -0.11410609E+000 -0.56725054E-002 -0.39439308E-002 -0.10629731E-002  0.10819278E-002  0.96060521E+000  0.25669096E+001  0.51531059E+001  0.73837291E+001
 -0.57430973E+000 -0.43185624E+000 -0.11412174E+000 -0.56725502E-002 -0.39439765E-002 -0.10630204E-002  0.10819507E-002  0.96060594E+000  0.25668617E+001  0.51529301E+001  0.73835168E+001
 -0.57431004E+000 -0.43185997E+000 -0.11413504E+000 -0.56725881E-002 -0.39440141E-002 -0.10630575E-002  0.10819708E-002  0.96060326E+000  0.25668115E+001  0.51527613E+001  0.73833165E+001
 -0.57431027E+000 -0.43186309E+000 -0.11414632E+000 -0.56726200E-002 -0.39440449E-002 -0.10630865E-002  0.10819884E-002  0.96059731E+000  0.25667597E+001  0.51526001E+001  0.73831281E+001
 -0.57431045E+000 -0.43186571E+000 -0.11415587E+000 -0.56726468E-002 -0.39440703E-002 -0.10631094E-002  0.10820035E-002  0.96058826E+000  0.25667069E+001  0.51524469E+001  0.73829517E+001
 -0.57431058E+000 -0.43186792E+000 -0.11416396E+000 -0.56726694E-002 -0.39440913E-002 -0.10631279E-002  0.10820161E-002  0.96057635E+000  0.25666535E+001  0.51523018E+001  0.73827871E+001
 -0.57431070E+000 -0.43186982E+000 -0.11417084E+000 -0.56726884E-002 -0.39441092E-002 -0.10631437E-002  0.10820261E-002  0.96056186E+000  0.25666002E+001  0.51521651E+001  0.73826340E+001
 -0.57431082E+000 -0.43187149E+000 -0.11417674E+000 -0.56727046E-002 -0.39441247E-002 -0.10631582E-002  0.10820337E-002  0.96054510E+000  0.25665474E+001  0.51520368E+001  0.73824919E+001
 -0.57431094E+000 -0.43187299E+000 -0.11418186E+000 -0.56727186E-002 -0.39441389E-002 -0.10631727E-002  0.10820387E-002  0.96052642E+000  0.25664955E+001  0.51519166E+001  0.73823603E+001
 -0.57431110E+000 -0.43187438E+000 -0.11418636E+000 -0.56727308E-002 -0.39441524E-002 -0.10631883E-002  0.10820412E-002  0.96050617E+000  0.25664449E+001  0.51518046E+001  0.73822389E+001
 -0.57431129E+000 -0.43187571E+000 -0.11419039E+000 -0.56727418E-002 -0.39441658E-002 -0.10632057E-002  0.10820412E-002  0.96048473E+000  0.25663960E+001  0.51517004E+001  0.73821268E+001
 -0.57431152E+000 -0.43187702E+000 -0.11419408E+000 -0.56727520E-002 -0.39441796E-002 -0.10632256E-002  0.10820389E-002  0.96046249E+000  0.25663491E+001  0.51516036E+001  0.73820236E+001
 -0.57431180E+000 -0.43187834E+000 -0.11419753E+000 -0.56727615E-002 -0.39441941E-002 -0.10632483E-002  0.10820343E-002  0.96043979E+000  0.25663043E+001  0.51515139E+001  0.73819285E+001
 -0.57431213E+000 -0.43187968E+000 -0.11420081E+000 -0.56727707E-002 -0.39442096E-002 -0.10632742E-002  0.10820276E-002  0.96041701E+000  0.25662618E+001  0.51514309E+001  0.73818408E+001
 -0.57431251E+000 -0.43188106E+000 -0.11420398E+000 -0.56727798E-002 -0.39442261E-002 -0.10633033E-002  0.10820191E-002  0.96039444E+000  0.25662218E+001  0.51513541E+001  0.73817599E+001
 -0.57431292E+000 -0.43188247E+000 -0.11420709E+000 -0.56727889E-002 -0.39442438E-002 -0.10633353E-002  0.10820091E-002  0.96037238E+000  0.25661843E+001  0.51512830E+001  0.73816850E+001
 -0.57431338E+000 -0.43188392E+000 -0.11421015E+000 -0.56727980E-002 -0.39442626E-002 -0.10633702E-002  0.10819978E-002  0.96035108E+000  0.25661493E+001  0.51512173E+001  0.73816155E+001
 -0.57431386E+000 -0.43188540E+000 -0.11421318E+000 -0.56728072E-002 -0.39442823E-002 -0.10634075E-002  0.10819855E-002  0.96033073E+000  0.25661167E+001  0.51511564E+001  0.73815509E+001
 -0.57431435E+000 -0.43188688E+000 -0.11421617E+000 -0.56728164E-002 -0.39443028E-002 -0.10634467E-002  0.10819726E-002  0.96031151E+000  0.25660866E+001  0.51510999E+001  0.73814906E+001
 -0.57431486E+000 -0.43188836E+000 -0.11421912E+000 -0.56728257E-002 -0.39443239E-002 -0.10634875E-002  0.10819594E-002  0.96029352E+000  0.25660588E+001  0.51510474E+001  0.73814342E+001
 -0.57431537E+000 -0.43188982E+000 -0.11422201E+000 -0.56728349E-002 -0.39443453E-002 -0.10635294E-002  0.10819462E-002  0.96027685E+000  0.25660332E+001  0.51509987E+001  0.73813812E+001
 -0.57431588E+000 -0.43189125E+000 -0.11422482E+000 -0.56728441E-002 -0.39443670E-002 -0.10635718E-002  0.10819332E-002  0.96026151E+000  0.25660098E+001  0.51509533E+001  0.73813313E+001
 -0.57431637E+000 -0.43189263E+000 -0.11422754E+000 -0.56728531E-002 -0.39443886E-002 -0.10636144E-002  0.10819205E-002  0.96024752E+000  0.25659883E+001  0.51509111E+001  0.73812844E+001
 -0.57431684E+000 -0.43189395E+000 -0.11423014E+000 -0.56728619E-002 -0.39444100E-002 -0.10636568E-002  0.10819085E-002  0.96023486E+000  0.25659688E+001  0.51508718E+001  0.73812403E+001
 -0.57431728E+000 -0.43189520E+000 -0.11423263E+000 -0.56728705E-002 -0.39444311E-002 -0.10636987E-002  0.10818972E-002  0.96022347E+000  0.25659510E+001  0.51508352E+001  0.73811987E+001
 -0.57431770E+000 -0.43189637E+000 -0.11423498E+000 -0.56728788E-002 -0.39444517E-002 -0.10637398E-002  0.10818866E-002  0.96021329E+000  0.25659348E+001  0.51508013E+001  0.73811597E+001
 -0.57431809E+000 -0.43189747E+000 -0.11423719E+000 -0.56728867E-002 -0.39444717E-002 -0.10637800E-002  0.10818768E-002  0.96020425E+000  0.25659202E+001  0.51507698E+001  0.73811231E+001
 -0.57431846E+000 -0.43189849E+000 -0.11423925E+000 -0.56728943E-002 -0.39444911E-002 -0.10638190E-002  0.10818679E-002  0.96019626E+000  0.25659070E+001  0.51507407E+001  0.73810889E+001
 -0.57431880E+000 -0.43189943E+000 -0.11424118E+000 -0.56729015E-002 -0.39445098E-002 -0.10638570E-002  0.10818597E-002  0.96018925E+000  0.25658951E+001  0.51507139E+001  0.73810571E+001
 -0.57431911E+000 -0.43190030E+000 -0.11424297E+000 -0.56729084E-002 -0.39445279E-002 -0.10638937E-002  0.10818523E-002  0.96018313E+000  0.25658844E+001  0.51506893E+001  0.73810276E+001
 -0.57431939E+000 -0.43190110E+000 -0.11424463E+000 -0.56729150E-002 -0.39445454E-002 -0.10639293E-002  0.10818456E-002  0.96017782E+000  0.25658749E+001  0.51506667E+001  0.73810003E+001
 -0.57431966E+000 -0.43190184E+000 -0.11424617E+000 -0.56729212E-002 -0.39445621E-002 -0.10639637E-002  0.10818395E-002  0.96017324E+000  0.25658664E+001  0.51506461E+001  0.73809751E+001
 -0.57431991E+000 -0.43190252E+000 -0.11424759E+000 -0.56729271E-002 -0.39445783E-002 -0.10639968E-002  0.10818340E-002  0.96016932E+000  0.25658589E+001  0.51506274E+001  0.73809520E+001
 -0.57432014E+000 -0.43190315E+000 -0.11424891E+000 -0.56729327E-002 -0.39445937E-002 -0.10640288E-002  0.10818290E-002  0.96016599E+000  0.25658523E+001  0.51506104E+001  0.73809308E+001
 -0.57432036E+000 -0.43190374E+000 -0.11425013E+000 -0.56729380E-002 -0.39446086E-002 -0.10640596E-002  0.10818244E-002  0.96016317E+000  0.25658465E+001  0.51505950E+001  0.73809115E+001
 -0.57432056E+000 -0.43190428E+000 -0.11425127E+000 -0.56729431E-002 -0.39446229E-002 -0.10640892E-002  0.10818203E-002  0.96016081E+000  0.25658414E+001  0.51505812E+001  0.73808939E+001
 -0.57432075E+000 -0.43190479E+000 -0.11425233E+000 -0.56729479E-002 -0.39446365E-002 -0.10641176E-002  0.10818165E-002  0.96015886E+000  0.25658370E+001  0.51505687E+001  0.73808779E+001
 -0.57432094E+000 -0.43190527E+000 -0.11425333E+000 -0.56729524E-002 -0.39446496E-002 -0.10641448E-002  0.10818131E-002  0.96015724E+000  0.25658332E+001  0.51505575E+001  0.73808635E+001
 -0.57432111E+000 -0.43190572E+000 -0.11425425E+000 -0.56729567E-002 -0.39446620E-002 -0.10641708E-002  0.10818099E-002  0.96015593E+000  0.25658298E+001  0.51505475E+001  0.73808503E+001
 -0.57432128E+000 -0.43190614E+000 -0.11425513E+000 -0.56729608E-002 -0.39446738E-002 -0.10641955E-002  0.10818070E-002  0.96015486E+000  0.25658270E+001  0.51505386E+001  0.73808385E+001
 -0.57432144E+000 -0.43190654E+000 -0.11425594E+000 -0.56729647E-002 -0.39446850E-002 -0.10642189E-002  0.10818043E-002  0.96015401E+000  0.25658245E+001  0.51505306E+001  0.73808278E+001
 -0.57432160E+000 -0.43190692E+000 -0.11425672E+000 -0.56729684E-002 -0.39446956E-002 -0.10642411E-002  0.10818019E-002  0.96015334E+000  0.25658224E+001  0.51505235E+001  0.73808182E+001
 -0.57432175E+000 -0.43190729E+000 -0.11425744E+000 -0.56729718E-002 -0.39447056E-002 -0.10642619E-002  0.10817996E-002  0.96015282E+000  0.25658206E+001  0.51505172E+001  0.73808096E+001
 -0.57432189E+000 -0.43190764E+000 -0.11425813E+000 -0.56729751E-002 -0.39447150E-002 -0.10642815E-002  0.10817975E-002  0.96015241E+000  0.25658191E+001  0.51505116E+001  0.73808019E+001
 -0.57432204E+000 -0.43190797E+000 -0.11425878E+000 -0.56729782E-002 -0.39447237E-002 -0.10642997E-002  0.10817956E-002  0.96015210E+000  0.25658178E+001  0.51505067E+001  0.73807950E+001
 -0.57432217E+000 -0.43190829E+000 -0.11425939E+000 -0.56729810E-002 -0.39447319E-002 -0.10643165E-002  0.10817938E-002  0.96015187E+000  0.25658167E+001  0.51505023E+001  0.73807888E+001
 -0.57432230E+000 -0.43190859E+000 -0.11425998E+000 -0.56729837E-002 -0.39447394E-002 -0.10643321E-002  0.10817921E-002  0.96015170E+000  0.25658158E+001  0.51504984E+001  0.73807833E+001
 -0.57432243E+000 -0.43190888E+000 -0.11426053E+000 -0.56729862E-002 -0.39447463E-002 -0.10643463E-002  0.10817906E-002  0.96015158E+000  0.25658151E+001  0.51504950E+001  0.73807784E+001
 -0.57432255E+000 -0.43190916E+000 -0.11426105E+000 -0.56729885E-002 -0.39447526E-002 -0.10643592E-002  0.10817892E-002  0.96015150E+000  0.25658144E+001  0.51504921E+001  0.73807740E+001
 -0.57432267E+000 -0.43190942E+000 -0.11426154E+000 -0.56729907E-002 -0.39447583E-002 -0.10643709E-002  0.10817880E-002  0.96015145E+000  0.25658139E+001  0.51504895E+001  0.73807702E+001
 -0.57432278E+000 -0.43190967E+000 -0.11426200E+000 -0.56729926E-002 -0.39447634E-002 -0.10643813E-002  0.10817868E-002  0.96015142E+000  0.25658135E+001  0.51504873E+001  0.73807668E+001
 -0.57432289E+000 -0.43190991E+000 -0.11426244E+000 -0.56729944E-002 -0.39447680E-002 -0.10643905E-002  0.10817858E-002  0.96015140E+000  0.25658132E+001  0.51504853E+001  0.73807638E+001
 -0.57432299E+000 -0.43191014E+000 -0.11426285E+000 -0.56729961E-002 -0.39447720E-002 -0.10643986E-002  0.10817849E-002  0.96015141E+000  0.25658129E+001  0.51504837E+001  0.73807612E+001
 -0.57432309E+000 -0.43191036E+000 -0.11426324E+000 -0.56729976E-002 -0.39447756E-002 -0.10644055E-002  0.10817840E-002  0.96015142E+000  0.25658128E+001  0.51504823E+001  0.73807589E+001
 -0.57432318E+000 -0.43191056E+000 -0.11426361E+000 -0.56729989E-002 -0.39447786E-002 -0.10644114E-002  0.10817833E-002  0.96015144E+000  0.25658126E+001  0.51504811E+001  0.73807569E+001
 -0.57432326E+000 -0.43191075E+000 -0.11426395E+000 -0.56730001E-002 -0.39447812E-002 -0.10644163E-002  0.10817827E-002  0.96015146E+000  0.25658126E+001  0.51504801E+001  0.73807552E+001
 -0.57432334E+000 -0.43191093E+000 -0.11426427E+000 -0.56730012E-002 -0.39447833E-002 -0.10644202E-002  0.10817821E-002  0.96015149E+000  0.25658125E+001  0.51504793E+001  0.73807537E+001
 -0.57432342E+000 -0.43191110E+000 -0.11426457E+000 -0.56730021E-002 -0.39447851E-002 -0.10644233E-002  0.10817816E-002  0.96015152E+000  0.25658125E+001  0.51504786E+001  0.73807524E+001
 -0.57432348E+000 -0.43191126E+000 -0.11426484E+000 -0.56730029E-002 -0.39447864E-002 -0.10644256E-002  0.10817812E-002  0.96015155E+000  0.25658126E+001  0.51504780E+001  0.73807513E+001
 -0.57432355E+000 -0.43191140E+000 -0.11426510E+000 -0.56730037E-002 -0.39447875E-002 -0.10644271E-002  0.10817809E-002  0.96015159E+000  0.25658126E+001  0.51504776E+001  0.73807504E+001
 -0.57432360E+000 -0.43191154E+000 -0.11426534E+000 -0.56730043E-002 -0.39447882E-002 -0.10644280E-002  0.10817806E-002  0.96015162E+000  0.25658127E+001  0.51504773E+001  0.73807496E+001
 -0.57432365E+000 -0.43191166E+000 -0.11426556E+000 -0.56730048E-002 -0.39447886E-002 -0.10644282E-002  0.10817804E-002  0.96015165E+000  0.25658128E+001  0.51504771E+001  0.73807489E+001
 -0.57432370E+000 -0.43191177E+000 -0.11426576E+000 -0.56730052E-002 -0.39447887E-002 -0.10644280E-002  0.10817802E-002  0.96015169E+000  0.25658129E+001  0.51504769E+001  0.73807483E+001
 -0.57432374E+000 -0.43191188E+000 -0.11426595E+000 -0.56730055E-002 -0.39447887E-002 -0.10644272E-002  0.10817800E-002  0.96015172E+000  0.25658131E+001  0.51504768E+001  0.73807479E+001
 -0.57432378E+000 -0.43191197E+000 -0.11426612E+000 -0.56730058E-002 -0.39447884E-002 -0.10644260E-002  0.10817799E-002  0.96015175E+000  0.25658132E+001  0.51504767E+001  0.73807475E+001
 -0.57432380E+000 -0.43191205E+000 -0.11426627E+000 -0.56730060E-002 -0.39447879E-002 -0.10644244E-002  0.10817798E-002  0.96015177E+000  0.25658134E+001  0.51504767E+001  0.73807471E+001
 -0.57432383E+000 -0.43191212E+000 -0.11426641E+000 -0.56730062E-002 -0.39447873E-002 -0.10644225E-002  0.10817798E-002  0.96015180E+000  0.25658135E+001  0.51504768E+001  0.73807469E+001
 -0.57432385E+000 -0.43191218E+000 -0.11426653E+000 -0.56730062E-002 -0.39447865E-002 -0.10644203E-002  0.10817797E-002  0.96015182E+000  0.25658137E+001  0.51504768E+001  0.73807466E+001
 -0.57432386E+000 -0.43191224E+000 -0.11426664E+000 -0.56730063E-002 -0.39447856E-002 -0.10644179E-002  0.10817797E-002  0.96015183E+000  0.25658138E+001  0.51504769E+001  0.73807464E+001
 -0.57432387E+000 -0.43191228E+000 -0.11426674E+000 -0.56730063E-002 -0.39447847E-002 -0.10644153E-002  0.10817797E-002  0.96015184E+000  0.25658140E+001  0.51504770E+001  0.73807463E+001
 -0.57432388E+000 -0.43191231E+000 -0.11426683E+000 -0.56730062E-002 -0.39447836E-002 -0.10644125E-002  0.10817797E-002  0.96015185E+000  0.25658141E+001  0.51504771E+001  0.73807462E+001
 -0.57432387E+000 -0.43191234E+000 -0.11426690E+000 -0.56730061E-002 -0.39447824E-002 -0.10644096E-002  0.10817797E-002  0.96015185E+000  0.25658142E+001  0.51504772E+001  0.73807461E+001
 -0.57432387E+000 -0.43191236E+000 -0.11426696E+000 -0.56730060E-002 -0.39447812E-002 -0.10644065E-002  0.10817798E-002  0.96015185E+000  0.25658144E+001  0.51504773E+001  0.73807460E+001
 -0.57432386E+000 -0.43191237E+000 -0.11426701E+000 -0.56730059E-002 -0.39447800E-002 -0.10644035E-002  0.10817798E-002  0.96015184E+000  0.25658145E+001  0.51504774E+001  0.73807459E+001
 -0.57432385E+000 -0.43191237E+000 -0.11426705E+000 -0.56730057E-002 -0.39447787E-002 -0.10644003E-002  0.10817798E-002  0.96015183E+000  0.25658146E+001  0.51504775E+001  0.73807459E+001
 -0.57432383E+000 -0.43191237E+000 -0.11426708E+000 -0.56730055E-002 -0.39447774E-002 -0.10643971E-002  0.10817798E-002  0.96015181E+000  0.25658147E+001  0.51504776E+001  0.73807458E+001
 -0.57432381E+000 -0.43191235E+000 -0.11426710E+000 -0.56730053E-002 -0.39447760E-002 -0.10643939E-002  0.10817799E-002  0.96015179E+000  0.25658148E+001  0.51504778E+001  0.73807458E+001
 -0.57432378E+000 -0.43191233E+000 -0.11426710E+000 -0.56730051E-002 -0.39447747E-002 -0.10643907E-002  0.10817799E-002  0.96015176E+000  0.25658149E+001  0.51504779E+001  0.73807457E+001
 -0.57432375E+000 -0.43191231E+000 -0.11426710E+000 -0.56730048E-002 -0.39447733E-002 -0.10643875E-002  0.10817799E-002  0.96015173E+000  0.25658150E+001  0.51504779E+001  0.73807457E+001
 -0.57432372E+000 -0.43191227E+000 -0.11426709E+000 -0.56730045E-002 -0.39447720E-002 -0.10643843E-002  0.10817800E-002  0.96015170E+000  0.25658151E+001  0.51504780E+001  0.73807457E+001
 -0.57432368E+000 -0.43191223E+000 -0.11426708E+000 -0.56730043E-002 -0.39447706E-002 -0.10643811E-002  0.10817800E-002  0.96015166E+000  0.25658151E+001  0.51504781E+001  0.73807457E+001
 -0.57432365E+000 -0.43191219E+000 -0.11426705E+000 -0.56730040E-002 -0.39447692E-002 -0.10643779E-002  0.10817800E-002  0.96015161E+000  0.25658152E+001  0.51504782E+001  0.73807457E+001
 -0.57432360E+000 -0.43191214E+000 -0.11426702E+000 -0.56730037E-002 -0.39447678E-002 -0.10643748E-002  0.10817800E-002  0.96015157E+000  0.25658152E+001  0.51504782E+001  0.73807456E+001
 -0.57432356E+000 -0.43191208E+000 -0.11426698E+000 -0.56730034E-002 -0.39447665E-002 -0.10643717E-002  0.10817801E-002  0.96015151E+000  0.25658153E+001  0.51504783E+001  0.73807456E+001
 -0.57432351E+000 -0.43191202E+000 -0.11426693E+000 -0.56730030E-002 -0.39447651E-002 -0.10643686E-002  0.10817801E-002  0.96015146E+000  0.25658153E+001  0.51504783E+001  0.73807456E+001
 -0.57432346E+000 -0.43191195E+000 -0.11426687E+000 -0.56730027E-002 -0.39447638E-002 -0.10643655E-002  0.10817801E-002  0.96015140E+000  0.25658153E+001  0.51504784E+001  0.73807456E+001
 -0.57432341E+000 -0.43191188E+000 -0.11426681E+000 -0.56730024E-002 -0.39447624E-002 -0.10643626E-002  0.10817802E-002  0.96015134E+000  0.25658153E+001  0.51504784E+001  0.73807456E+001
 -0.57432335E+000 -0.43191181E+000 -0.11426674E+000 -0.56730020E-002 -0.39447611E-002 -0.10643596E-002  0.10817802E-002  0.96015127E+000  0.25658153E+001  0.51504784E+001  0.73807456E+001
 -0.57432330E+000 -0.43191173E+000 -0.11426667E+000 -0.56730017E-002 -0.39447598E-002 -0.10643567E-002  0.10817803E-002  0.96015120E+000  0.25658153E+001  0.51504784E+001  0.73807455E+001
 -0.57432324E+000 -0.43191165E+000 -0.11426659E+000 -0.56730013E-002 -0.39447585E-002 -0.10643538E-002  0.10817803E-002  0.96015113E+000  0.25658153E+001  0.51504784E+001  0.73807455E+001
 -0.57432318E+000 -0.43191156E+000 -0.11426650E+000 -0.56730009E-002 -0.39447572E-002 -0.10643510E-002  0.10817803E-002  0.96015106E+000  0.25658153E+001  0.51504784E+001  0.73807455E+001
 -0.57432312E+000 -0.43191147E+000 -0.11426641E+000 -0.56730006E-002 -0.39447559E-002 -0.10643482E-002  0.10817804E-002  0.96015099E+000  0.25658153E+001  0.51504784E+001  0.73807455E+001
 -0.57432306E+000 -0.43191138E+000 -0.11426632E+000 -0.56730002E-002 -0.39447547E-002 -0.10643455E-002  0.10817805E-002  0.96015091E+000  0.25658152E+001  0.51504784E+001  0.73807455E+001
 -0.57432299E+000 -0.43191128E+000 -0.11426622E+000 -0.56729998E-002 -0.39447534E-002 -0.10643428E-002  0.10817805E-002  0.96015084E+000  0.25658152E+001  0.51504783E+001  0.73807454E+001
 -0.57432293E+000 -0.43191119E+000 -0.11426612E+000 -0.56729994E-002 -0.39447522E-002 -0.10643401E-002  0.10817806E-002  0.96015076E+000  0.25658152E+001  0.51504783E+001  0.73807454E+001
 -0.57432287E+000 -0.43191109E+000 -0.11426601E+000 -0.56729991E-002 -0.39447510E-002 -0.10643375E-002  0.10817807E-002  0.96015068E+000  0.25658151E+001  0.51504783E+001  0.73807454E+001
 -0.57432280E+000 -0.43191099E+000 -0.11426590E+000 -0.56729987E-002 -0.39447498E-002 -0.10643349E-002  0.10817808E-002  0.96015060E+000  0.25658151E+001  0.51504782E+001  0.73807454E+001
 -0.57432273E+000 -0.43191089E+000 -0.11426579E+000 -0.56729983E-002 -0.39447486E-002 -0.10643324E-002  0.10817809E-002  0.96015052E+000  0.25658150E+001  0.51504782E+001  0.73807453E+001
 -0.57432267E+000 -0.43191078E+000 -0.11426568E+000 -0.56729979E-002 -0.39447474E-002 -0.10643299E-002  0.10817810E-002  0.96015044E+000  0.25658150E+001  0.51504781E+001  0.73807453E+001
 -0.57432260E+000 -0.43191068E+000 -0.11426556E+000 -0.56729975E-002 -0.39447463E-002 -0.10643275E-002  0.10817811E-002  0.96015035E+000  0.25658149E+001  0.51504781E+001  0.73807453E+001
 -0.57432254E+000 -0.43191057E+000 -0.11426545E+000 -0.56729972E-002 -0.39447451E-002 -0.10643251E-002  0.10817812E-002  0.96015027E+000  0.25658148E+001  0.51504780E+001  0.73807453E+001
 -0.57432247E+000 -0.43191047E+000 -0.11426533E+000 -0.56729968E-002 -0.39447440E-002 -0.10643228E-002  0.10817813E-002  0.96015019E+000  0.25658148E+001  0.51504779E+001  0.73807452E+001
 -0.57432240E+000 -0.43191036E+000 -0.11426521E+000 -0.56729964E-002 -0.39447429E-002 -0.10643205E-002  0.10817814E-002  0.96015011E+000  0.25658147E+001  0.51504779E+001  0.73807452E+001
 -0.57432234E+000 -0.43191026E+000 -0.11426509E+000 -0.56729960E-002 -0.39447419E-002 -0.10643182E-002  0.10817816E-002  0.96015002E+000  0.25658146E+001  0.51504778E+001  0.73807452E+001
 -0.57432227E+000 -0.43191015E+000 -0.11426496E+000 -0.56729957E-002 -0.39447408E-002 -0.10643160E-002  0.10817817E-002  0.96014994E+000  0.25658145E+001  0.51504777E+001  0.73807452E+001
 -0.57432221E+000 -0.43191005E+000 -0.11426484E+000 -0.56729953E-002 -0.39447398E-002 -0.10643139E-002  0.10817819E-002  0.96014986E+000  0.25658144E+001  0.51504777E+001  0.73807452E+001
 -0.57432215E+000 -0.43190994E+000 -0.11426472E+000 -0.56729949E-002 -0.39447387E-002 -0.10643118E-002  0.10817820E-002  0.96014978E+000  0.25658144E+001  0.51504776E+001  0.73807451E+001
 -0.57432208E+000 -0.43190984E+000 -0.11426460E+000 -0.56729946E-002 -0.39447377E-002 -0.10643097E-002  0.10817822E-002  0.96014969E+000  0.25658143E+001  0.51504775E+001  0.73807451E+001
 -0.57432202E+000 -0.43190974E+000 -0.11426448E+000 -0.56729942E-002 -0.39447368E-002 -0.10643077E-002  0.10817824E-002  0.96014961E+000  0.25658142E+001  0.51504774E+001  0.73807451E+001
 -0.57432196E+000 -0.43190964E+000 -0.11426436E+000 -0.56729939E-002 -0.39447358E-002 -0.10643057E-002  0.10817826E-002  0.96014953E+000  0.25658141E+001  0.51504774E+001  0.73807451E+001
 -0.57432190E+000 -0.43190954E+000 -0.11426424E+000 -0.56729935E-002 -0.39447349E-002 -0.10643038E-002  0.10817828E-002  0.96014945E+000  0.25658140E+001  0.51504773E+001  0.73807451E+001
 -0.57432184E+000 -0.43190944E+000 -0.11426412E+000 -0.56729932E-002 -0.39447340E-002 -0.10643020E-002  0.10817829E-002  0.96014938E+000  0.25658139E+001  0.51504772E+001  0.73807451E+001
 -0.57432178E+000 -0.43190934E+000 -0.11426400E+000 -0.56729928E-002 -0.39447331E-002 -0.10643002E-002  0.10817831E-002  0.96014930E+000  0.25658139E+001  0.51504772E+001  0.73807451E+001
 -0.57432173E+000 -0.43190925E+000 -0.11426389E+000 -0.56729925E-002 -0.39447322E-002 -0.10642984E-002  0.10817834E-002  0.96014922E+000  0.25658138E+001  0.51504771E+001  0.73807451E+001
 -0.57432167E+000 -0.43190916E+000 -0.11426377E+000 -0.56729922E-002 -0.39447314E-002 -0.10642967E-002  0.10817836E-002  0.96014915E+000  0.25658137E+001  0.51504770E+001  0.73807451E+001
 -0.57432162E+000 -0.43190907E+000 -0.11426366E+000 -0.56729919E-002 -0.39447306E-002 -0.10642950E-002  0.10817838E-002  0.96014907E+000  0.25658136E+001  0.51504770E+001  0.73807451E+001
 -0.57432157E+000 -0.43190898E+000 -0.11426355E+000 -0.56729916E-002 -0.39447298E-002 -0.10642934E-002  0.10817840E-002  0.96014900E+000  0.25658135E+001  0.51504769E+001  0.73807451E+001
 -0.57432152E+000 -0.43190889E+000 -0.11426344E+000 -0.56729913E-002 -0.39447290E-002 -0.10642919E-002  0.10817842E-002  0.96014892E+000  0.25658134E+001  0.51504769E+001  0.73807452E+001
 -0.57432147E+000 -0.43190881E+000 -0.11426334E+000 -0.56729910E-002 -0.39447283E-002 -0.10642904E-002  0.10817844E-002  0.96014885E+000  0.25658133E+001  0.51504768E+001  0.73807452E+001
 -0.57432142E+000 -0.43190872E+000 -0.11426324E+000 -0.56729907E-002 -0.39447276E-002 -0.10642889E-002  0.10817847E-002  0.96014878E+000  0.25658133E+001  0.51504768E+001  0.73807452E+001
 -0.57432137E+000 -0.43190865E+000 -0.11426314E+000 -0.56729904E-002 -0.39447269E-002 -0.10642875E-002  0.10817849E-002  0.96014872E+000  0.25658132E+001  0.51504767E+001  0.73807452E+001
 -0.57432133E+000 -0.43190857E+000 -0.11426304E+000 -0.56729902E-002 -0.39447262E-002 -0.10642862E-002  0.10817851E-002  0.96014865E+000  0.25658131E+001  0.51504767E+001  0.73807453E+001
 -0.57432129E+000 -0.43190849E+000 -0.11426295E+000 -0.56729899E-002 -0.39447255E-002 -0.10642849E-002  0.10817853E-002  0.96014858E+000  0.25658130E+001  0.51504766E+001  0.73807453E+001
 -0.57432124E+000 -0.43190842E+000 -0.11426285E+000 -0.56729897E-002 -0.39447249E-002 -0.10642836E-002  0.10817856E-002  0.96014852E+000  0.25658130E+001  0.51504766E+001  0.73807453E+001
 -0.57432120E+000 -0.43190835E+000 -0.11426277E+000 -0.56729894E-002 -0.39447243E-002 -0.10642825E-002  0.10817858E-002  0.96014846E+000  0.25658129E+001  0.51504766E+001  0.73807454E+001
 -0.57432117E+000 -0.43190829E+000 -0.11426268E+000 -0.56729892E-002 -0.39447238E-002 -0.10642813E-002  0.10817860E-002  0.96014840E+000  0.25658128E+001  0.51504765E+001  0.73807454E+001
 -0.57432113E+000 -0.43190822E+000 -0.11426260E+000 -0.56729890E-002 -0.39447232E-002 -0.10642802E-002  0.10817862E-002  0.96014834E+000  0.25658128E+001  0.51504765E+001  0.73807455E+001
 -0.57432110E+000 -0.43190816E+000 -0.11426252E+000 -0.56729888E-002 -0.39447227E-002 -0.10642792E-002  0.10817865E-002  0.96014828E+000  0.25658127E+001  0.51504765E+001  0.73807455E+001
 -0.57432106E+000 -0.43190811E+000 -0.11426245E+000 -0.56729886E-002 -0.39447222E-002 -0.10642782E-002  0.10817867E-002  0.96014823E+000  0.25658126E+001  0.51504765E+001  0.73807456E+001
 -0.57432103E+000 -0.43190805E+000 -0.11426237E+000 -0.56729884E-002 -0.39447217E-002 -0.10642773E-002  0.10817869E-002  0.96014817E+000  0.25658126E+001  0.51504764E+001  0.73807457E+001
 -0.57432100E+000 -0.43190800E+000 -0.11426230E+000 -0.56729882E-002 -0.39447213E-002 -0.10642764E-002  0.10817871E-002  0.96014812E+000  0.25658125E+001  0.51504764E+001  0.73807457E+001
 -0.57432098E+000 -0.43190795E+000 -0.11426224E+000 -0.56729880E-002 -0.39447208E-002 -0.10642755E-002  0.10817873E-002  0.96014807E+000  0.25658124E+001  0.51504764E+001  0.73807458E+001
 -0.57432095E+000 -0.43190790E+000 -0.11426218E+000 -0.56729878E-002 -0.39447204E-002 -0.10642747E-002  0.10817875E-002  0.96014802E+000  0.25658124E+001  0.51504764E+001  0.73807458E+001
 -0.57432093E+000 -0.43190786E+000 -0.11426212E+000 -0.56729877E-002 -0.39447201E-002 -0.10642740E-002  0.10817877E-002  0.96014798E+000  0.25658123E+001  0.51504764E+001  0.73807459E+001
 -0.57432090E+000 -0.43190782E+000 -0.11426206E+000 -0.56729875E-002 -0.39447197E-002 -0.10642733E-002  0.10817879E-002  0.96014793E+000  0.25658123E+001  0.51504764E+001  0.73807460E+001
 -0.57432088E+000 -0.43190778E+000 -0.11426201E+000 -0.56729874E-002 -0.39447194E-002 -0.10642726E-002  0.10817881E-002  0.96014789E+000  0.25658122E+001  0.51504764E+001  0.73807461E+001
 -0.57432086E+000 -0.43190774E+000 -0.11426196E+000 -0.56729873E-002 -0.39447190E-002 -0.10642720E-002  0.10817883E-002  0.96014785E+000  0.25658122E+001  0.51504764E+001  0.73807461E+001
 -0.57432084E+000 -0.43190771E+000 -0.11426191E+000 -0.56729871E-002 -0.39447188E-002 -0.10642714E-002  0.10817885E-002  0.96014781E+000  0.25658122E+001  0.51504765E+001  0.73807462E+001
 -0.57432083E+000 -0.43190768E+000 -0.11426187E+000 -0.56729870E-002 -0.39447185E-002 -0.10642709E-002  0.10817887E-002  0.96014777E+000  0.25658121E+001  0.51504765E+001  0.73807463E+001
 -0.57432081E+000 -0.43190765E+000 -0.11426183E+000 -0.56729869E-002 -0.39447182E-002 -0.10642704E-002  0.10817888E-002  0.96014774E+000  0.25658121E+001  0.51504765E+001  0.73807464E+001
 -0.57432080E+000 -0.43190762E+000 -0.11426180E+000 -0.56729868E-002 -0.39447180E-002 -0.10642700E-002  0.10817890E-002  0.96014770E+000  0.25658121E+001  0.51504765E+001  0.73807465E+001
 -0.57432078E+000 -0.43190760E+000 -0.11426176E+000 -0.56729867E-002 -0.39447178E-002 -0.10642696E-002  0.10817892E-002  0.96014767E+000  0.25658120E+001  0.51504765E+001  0.73807465E+001
 -0.57432077E+000 -0.43190758E+000 -0.11426173E+000 -0.56729866E-002 -0.39447176E-002 -0.10642692E-002  0.10817893E-002  0.96014764E+000  0.25658120E+001  0.51504765E+001  0.73807466E+001
 -0.57432076E+000 -0.43190756E+000 -0.11426170E+000 -0.56729866E-002 -0.39447174E-002 -0.10642688E-002  0.10817895E-002  0.96014762E+000  0.25658120E+001  0.51504766E+001  0.73807467E+001
 -0.57432075E+000 -0.43190754E+000 -0.11426168E+000 -0.56729865E-002 -0.39447173E-002 -0.10642685E-002  0.10817896E-002  0.96014759E+000  0.25658120E+001  0.51504766E+001  0.73807468E+001
 -0.57432075E+000 -0.43190752E+000 -0.11426165E+000 -0.56729864E-002 -0.39447171E-002 -0.10642683E-002  0.10817897E-002  0.96014757E+000  0.25658119E+001  0.51504766E+001  0.73807468E+001
 -0.57432074E+000 -0.43190751E+000 -0.11426163E+000 -0.56729864E-002 -0.39447170E-002 -0.10642680E-002  0.10817899E-002  0.96014755E+000  0.25658119E+001  0.51504767E+001  0.73807469E+001
 -0.57432073E+000 -0.43190750E+000 -0.11426162E+000 -0.56729863E-002 -0.39447169E-002 -0.10642678E-002  0.10817900E-002  0.96014753E+000  0.25658119E+001  0.51504767E+001  0.73807470E+001
 -0.57432073E+000 -0.43190749E+000 -0.11426160E+000 -0.56729863E-002 -0.39447168E-002 -0.10642677E-002  0.10817901E-002  0.96014751E+000  0.25658119E+001  0.51504767E+001  0.73807471E+001
 -0.57432073E+000 -0.43190748E+000 -0.11426159E+000 -0.56729862E-002 -0.39447167E-002 -0.10642675E-002  0.10817902E-002  0.96014749E+000  0.25658119E+001  0.51504768E+001  0.73807471E+001
 -0.57432072E+000 -0.43190748E+000 -0.11426158E+000 -0.56729862E-002 -0.39447167E-002 -0.10642674E-002  0.10817903E-002  0.96014747E+000  0.25658119E+001  0.51504768E+001  0.73807472E+001
 -0.57432072E+000 -0.43190747E+000 -0.11426157E+000 -0.56729862E-002 -0.39447166E-002 -0.10642673E-002  0.10817904E-002  0.96014746E+000  0.25658119E+001  0.51504768E+001  0.73807473E+001
 -0.57432072E+000 -0.43190747E+000 -0.11426156E+000 -0.56729862E-002 -0.39447166E-002 -0.10642672E-002  0.10817905E-002  0.96014745E+000  0.25658118E+001  0.51504769E+001  0.73807474E+001
 -0.57432072E+000 -0.43190747E+000 -0.11426156E+000 -0.56729861E-002 -0.39447166E-002 -0.10642672E-002  0.10817905E-002  0.96014744E+000  0.25658118E+001  0.51504769E+001  0.73807474E+001
 -0.57432072E+000 -0.43190747E+000 -0.11426155E+000 -0.56729861E-002 -0.39447165E-002 -0.10642672E-002  0.10817906E-002  0.96014743E+000  0.25658118E+001  0.51504769E+001  0.73807475E+001
 -0.57432072E+000 -0.43190747E+000 -0.11426155E+000 -0.56729861E-002 -0.39447165E-002 -0.10642672E-002  0.10817907E-002  0.96014742E+000  0.25658118E+001  0.51504770E+001  0.73807476E+001
 -0.57432073E+000 -0.43190747E+000 -0.11426155E+000 -0.56729861E-002 -0.39447165E-002 -0.10642672E-002  0.10817907E-002  0.96014741E+000  0.25658118E+001  0.51504770E+001  0.73807476E+001
 -0.57432073E+000 -0.43190747E+000 -0.11426155E+000 -0.56729861E-002 -0.39447165E-002 -0.10642672E-002  0.10817908E-002  0.96014741E+000  0.25658118E+001  0.51504770E+001  0.73807477E+001
 -0.57432073E+000 -0.43190748E+000 -0.11426156E+000 -0.56729861E-002 -0.39447166E-002 -0.10642673E-002  0.10817909E-002  0.96014740E+000  0.25658118E+001  0.51504771E+001  0.73807477E+001
 -0.57432073E+000 -0.43190748E+000 -0.11426156E+000 -0.56729861E-002 -0.39447166E-002 -0.10642673E-002  0.10817909E-002  0.96014740E+000  0.25658118E+001  0.51504771E+001  0.73807478E+001
 -0.57432074E+000 -0.43190749E+000 -0.11426157E+000 -0.56729861E-002 -0.39447166E-002 -0.10642674E-002  0.10817909E-002  0.96014740E+000  0.25658118E+001  0.51504771E+001  0.73807478E+001
 -0.57432074E+000 -0.43190749E+000 -0.11426157E+000 -0.56729862E-002 -0.39447167E-002 -0.10642675E-002  0.10817910E-002  0.96014739E+000  0.25658119E+001  0.51504772E+001  0.73807479E+001
 -0.57432075E+000 -0.43190750E+000 -0.11426158E+000 -0.56729862E-002 -0.39447167E-002 -0.10642676E-002  0.10817910E-002  0.96014739E+000  0.25658119E+001  0.51504772E+001  0.73807479E+001
 -0.57432075E+000 -0.43190751E+000 -0.11426159E+000 -0.56729862E-002 -0.39447168E-002 -0.10642677E-002  0.10817910E-002  0.96014740E+000  0.25658119E+001  0.51504772E+001  0.73807480E+001
 -0.57432076E+000 -0.43190752E+000 -0.11426159E+000 -0.56729862E-002 -0.39447168E-002 -0.10642678E-002  0.10817911E-002  0.96014740E+000  0.25658119E+001  0.51504773E+001  0.73807480E+001
 -0.57432076E+000 -0.43190753E+000 -0.11426160E+000 -0.56729862E-002 -0.39447168E-002 -0.10642679E-002  0.10817911E-002  0.96014740E+000  0.25658119E+001  0.51504773E+001  0.73807480E+001
 -0.57432077E+000 -0.43190753E+000 -0.11426161E+000 -0.56729862E-002 -0.39447169E-002 -0.10642680E-002  0.10817911E-002  0.96014741E+000  0.25658119E+001  0.51504773E+001  0.73807481E+001
 -0.57432077E+000 -0.43190754E+000 -0.11426162E+000 -0.56729862E-002 -0.39447169E-002 -0.10642680E-002  0.10817912E-002  0.96014742E+000  0.25658119E+001  0.51504773E+001  0.73807480E+001
 -0.57432079E+000 -0.43190756E+000 -0.11426164E+000 -0.56729863E-002 -0.39447169E-002 -0.10642680E-002  0.10817912E-002  0.96014737E+000  0.25658118E+001  0.51504771E+001  0.73807478E+001
