  0.30380566E+000  0.31981264E+000  0.46216852E+000  0.63074353E+000  0.80568260E+000  0.91310041E+000  0.12934894E+001  0.18906878E+001  0.26378788E+001  0.41174098E+001  0.58389960E+001
  0.30368262E+000  0.31954283E+000  0.46173848E+000  0.63013142E+000  0.80527384E+000  0.91265461E+000  0.12921629E+001  0.18900901E+001  0.26378534E+001  0.41163895E+001  0.58392466E+001
  0.30365604E+000  0.31936285E+000  0.46145830E+000  0.62973296E+000  0.80497429E+000  0.91228269E+000  0.12913003E+001  0.18895300E+001  0.26373448E+001  0.41133355E+001  0.58392043E+001
  0.30355838E+000  0.31922710E+000  0.46124720E+000  0.62943290E+000  0.80472671E+000  0.91198542E+000  0.12906512E+001  0.18898398E+001  0.26367911E+001  0.41114250E+001  0.58391477E+001
  0.30347579E+000  0.31911632E+000  0.46107679E+000  0.62919082E+000  0.80448478E+000  0.91186336E+000  0.12901280E+001  0.18907386E+001  0.26362968E+001  0.41097642E+001  0.58392482E+001
  0.30340571E+000  0.31902624E+000  0.46093539E+000  0.62884301E+000  0.80430452E+000  0.91164642E+000  0.12896944E+001  0.18903820E+001  0.26356344E+001  0.41083483E+001  0.58395217E+001
  0.30334614E+000  0.31893882E+000  0.46081665E+000  0.62882161E+000  0.80417533E+000  0.91151501E+000  0.12893308E+001  0.18899325E+001  0.26350812E+001  0.41071633E+001  0.58398803E+001
  0.30329544E+000  0.31888472E+000  0.46062203E+000  0.62867910E+000  0.80403454E+000  0.91137661E+000  0.12890234E+001  0.18897304E+001  0.26346239E+001  0.41060281E+001  0.58398864E+001
  0.30325224E+000  0.31882971E+000  0.46063105E+000  0.62855845E+000  0.80394078E+000  0.91123904E+000  0.12887632E+001  0.18895458E+001  0.26342204E+001  0.41053145E+001  0.58393170E+001
  0.30321538E+000  0.31878019E+000  0.46055884E+000  0.62845613E+000  0.80384868E+000  0.91114955E+000  0.12885427E+001  0.18893767E+001  0.26338833E+001  0.41043669E+001  0.58398809E+001
  0.30318387E+000  0.31874325E+000  0.46049742E+000  0.62836912E+000  0.80375292E+000  0.91106465E+000  0.12883553E+001  0.18890733E+001  0.26335978E+001  0.41038608E+001  0.58399883E+001
  0.30315691E+000  0.31870935E+000  0.46044508E+000  0.62829499E+000  0.80370065E+000  0.91099002E+000  0.12881957E+001  0.18889660E+001  0.26335497E+001  0.41033340E+001  0.58400140E+001
  0.30313379E+000  0.31868041E+000  0.46040042E+000  0.62816959E+000  0.80363529E+000  0.91088112E+000  0.12880597E+001  0.18888660E+001  0.26334453E+001  0.41026742E+001  0.58399372E+001
  0.30311396E+000  0.31865567E+000  0.46036226E+000  0.62817778E+000  0.80359305E+000  0.91085356E+000  0.12879435E+001  0.18887744E+001  0.26330728E+001  0.41025819E+001  0.58398794E+001
  0.30309690E+000  0.31863449E+000  0.46032962E+000  0.62813159E+000  0.80350969E+000  0.91081086E+000  0.12878442E+001  0.18886928E+001  0.26329429E+001  0.41022965E+001  0.58398567E+001
  0.30308222E+000  0.31861634E+000  0.46030166E+000  0.62809205E+000  0.80347799E+000  0.91077882E+000  0.12877592E+001  0.18886202E+001  0.26328424E+001  0.41019858E+001  0.58400294E+001
  0.30306956E+000  0.31860078E+000  0.46027770E+000  0.62805819E+000  0.80345073E+000  0.91072623E+000  0.12876865E+001  0.18885551E+001  0.26327826E+001  0.41017735E+001  0.58399750E+001
  0.30305863E+000  0.31858743E+000  0.46025716E+000  0.62802916E+000  0.80342723E+000  0.91070196E+000  0.12876241E+001  0.18884972E+001  0.26327037E+001  0.41015752E+001  0.58399286E+001
  0.30304918E+000  0.31857596E+000  0.46023953E+000  0.62781510E+000  0.80340693E+000  0.91068095E+000  0.12875707E+001  0.18884462E+001  0.26326397E+001  0.41013990E+001  0.58398885E+001
  0.30304098E+000  0.31856609E+000  0.46022438E+000  0.62779365E+000  0.80338935E+000  0.91066271E+000  0.12875248E+001  0.18884014E+001  0.26325188E+001  0.41011716E+001  0.58398532E+001
  0.30303386E+000  0.31855759E+000  0.46018814E+000  0.62796445E+000  0.80337409E+000  0.91064685E+000  0.12874853E+001  0.18883621E+001  0.26324633E+001  0.41010548E+001  0.58400811E+001
  0.30302765E+000  0.31855027E+000  0.46017880E+000  0.62794862E+000  0.80336080E+000  0.91052065E+000  0.12874514E+001  0.18883277E+001  0.26324111E+001  0.41009541E+001  0.58400622E+001
  0.30302337E+000  0.31854395E+000  0.46019043E+000  0.62793497E+000  0.80334919E+000  0.91050982E+000  0.12874222E+001  0.18882976E+001  0.26323692E+001  0.41008705E+001  0.58400385E+001
  0.30301984E+000  0.31853848E+000  0.46018207E+000  0.62792319E+000  0.80333902E+000  0.91050027E+000  0.12873970E+001  0.18882712E+001  0.26323334E+001  0.41008026E+001  0.58400195E+001
  0.30301669E+000  0.31853373E+000  0.46017483E+000  0.62791300E+000  0.80333005E+000  0.91049179E+000  0.12873752E+001  0.18882479E+001  0.26322795E+001  0.41007441E+001  0.58400016E+001
  0.30301387E+000  0.31852961E+000  0.46016854E+000  0.62790416E+000  0.80332211E+000  0.91048425E+000  0.12873564E+001  0.18882274E+001  0.26322473E+001  0.41006938E+001  0.58399846E+001
  0.30301132E+000  0.31852601E+000  0.46016307E+000  0.62789647E+000  0.80331505E+000  0.91047749E+000  0.12873400E+001  0.18882091E+001  0.26322187E+001  0.41006205E+001  0.58399684E+001
  0.30300901E+000  0.31852285E+000  0.46015827E+000  0.62788974E+000  0.80330870E+000  0.91047140E+000  0.12873256E+001  0.18881927E+001  0.26321930E+001  0.41005772E+001  0.58399529E+001
  0.30300690E+000  0.31852007E+000  0.46015405E+000  0.62788382E+000  0.80330297E+000  0.91046588E+000  0.12873131E+001  0.18881779E+001  0.26321700E+001  0.41005391E+001  0.58399379E+001
  0.30300495E+000  0.31851759E+000  0.46015030E+000  0.62787858E+000  0.80329774E+000  0.91046084E+000  0.12873019E+001  0.18881645E+001  0.26321491E+001  0.41005052E+001  0.58399233E+001
  0.30300315E+000  0.31851536E+000  0.46014695E+000  0.62787388E+000  0.80329292E+000  0.91045620E+000  0.12872920E+001  0.18881522E+001  0.26321300E+001  0.41004749E+001  0.58399091E+001
  0.30300147E+000  0.31851334E+000  0.46014391E+000  0.62786964E+000  0.80328844E+000  0.91045191E+000  0.12872831E+001  0.18881409E+001  0.26321126E+001  0.41004474E+001  0.58398953E+001
  0.30299989E+000  0.31851149E+000  0.46014113E+000  0.62786577E+000  0.80328424E+000  0.91044790E+000  0.12872749E+001  0.18881303E+001  0.26320967E+001  0.41004223E+001  0.58398817E+001
  0.30299839E+000  0.31850977E+000  0.46013856E+000  0.62786220E+000  0.80328026E+000  0.91044412E+000  0.12872674E+001  0.18881203E+001  0.26320840E+001  0.41003991E+001  0.58398684E+001
  0.30299696E+000  0.31850816E+000  0.46013616E+000  0.62785885E+000  0.80327645E+000  0.91044054E+000  0.12872603E+001  0.18881109E+001  0.26320723E+001  0.41003774E+001  0.58398553E+001
  0.30299558E+000  0.31850663E+000  0.46013387E+000  0.62785568E+000  0.80327278E+000  0.91043712E+000  0.12872537E+001  0.18881018E+001  0.26320616E+001  0.41003569E+001  0.58398424E+001
  0.30299426E+000  0.31850516E+000  0.46013169E+000  0.62785265E+000  0.80326922E+000  0.91043382E+000  0.12872473E+001  0.18880931E+001  0.26320515E+001  0.41003373E+001  0.58398296E+001
  0.30299297E+000  0.31850373E+000  0.46012957E+000  0.62784971E+000  0.80326573E+000  0.91043063E+000  0.12872412E+001  0.18880847E+001  0.26320421E+001  0.41003183E+001  0.58398170E+001
  0.30299171E+000  0.31850234E+000  0.46012750E+000  0.62784684E+000  0.80326231E+000  0.91042753E+000  0.12872351E+001  0.18880765E+001  0.26320332E+001  0.41002999E+001  0.58398045E+001
  0.30299048E+000  0.31850097E+000  0.46012546E+000  0.62784402E+000  0.80325892E+000  0.91042448E+000  0.12872292E+001  0.18880685E+001  0.26320247E+001  0.41002818E+001  0.58397920E+001
  0.30298927E+000  0.31849961E+000  0.46012345E+000  0.62784123E+000  0.80325557E+000  0.91042149E+000  0.12872234E+001  0.18880606E+001  0.26320166E+001  0.41002640E+001  0.58397797E+001
  0.30298808E+000  0.31849826E+000  0.46012145E+000  0.62783846E+000  0.80325225E+000  0.91041854E+000  0.12872176E+001  0.18880529E+001  0.26320088E+001  0.41002463E+001  0.58397675E+001
  0.30298690E+000  0.31849692E+000  0.46011946E+000  0.62783570E+000  0.80324894E+000  0.91041561E+000  0.12872118E+001  0.18880453E+001  0.26319834E+001  0.41002288E+001  0.58397553E+001
  0.30298574E+000  0.31849557E+000  0.46011747E+000  0.62783294E+000  0.80324566E+000  0.91041271E+000  0.12872061E+001  0.18880377E+001  0.26319730E+001  0.41002113E+001  0.58397432E+001
  0.30298458E+000  0.31849424E+000  0.46011548E+000  0.62783019E+000  0.80324239E+000  0.91040983E+000  0.12872003E+001  0.18880303E+001  0.26319629E+001  0.41001939E+001  0.58397311E+001
  0.30298344E+000  0.31849290E+000  0.46011350E+000  0.62782745E+000  0.80323915E+000  0.91040696E+000  0.12871946E+001  0.18880230E+001  0.26319529E+001  0.41001766E+001  0.58397191E+001
  0.30298231E+000  0.31849157E+000  0.46011152E+000  0.62782472E+000  0.80323593E+000  0.91040411E+000  0.12871889E+001  0.18880158E+001  0.26319431E+001  0.41001594E+001  0.58397072E+001
  0.30298120E+000  0.31849024E+000  0.46010956E+000  0.62782200E+000  0.80323274E+000  0.91040127E+000  0.12871832E+001  0.18880087E+001  0.26319334E+001  0.41000238E+001  0.58396953E+001
  0.30298009E+000  0.31848893E+000  0.46010761E+000  0.62781930E+000  0.80322959E+000  0.91039844E+000  0.12871775E+001  0.18880018E+001  0.26319239E+001  0.41000074E+001  0.58396836E+001
  0.30297900E+000  0.31848763E+000  0.46010569E+000  0.62781663E+000  0.80322648E+000  0.91039564E+000  0.12871720E+001  0.18879949E+001  0.26319145E+001  0.40999912E+001  0.58396719E+001
  0.30297793E+000  0.31848635E+000  0.46010379E+000  0.62781400E+000  0.80322342E+000  0.91039286E+000  0.12871665E+001  0.18879882E+001  0.26319053E+001  0.40999753E+001  0.58396603E+001
  0.30297687E+000  0.31848509E+000  0.46010192E+000  0.62781141E+000  0.80317666E+000  0.91039011E+000  0.12871610E+001  0.18879817E+001  0.26318963E+001  0.40999596E+001  0.58396489E+001
  0.30297583E+000  0.31848385E+000  0.46010008E+000  0.62780887E+000  0.80317371E+000  0.91038739E+000  0.12871557E+001  0.18879753E+001  0.26318875E+001  0.40999443E+001  0.58396377E+001
  0.30297481E+000  0.31845896E+000  0.46009829E+000  0.62780639E+000  0.80317083E+000  0.91038471E+000  0.12871505E+001  0.18879691E+001  0.26318789E+001  0.40999293E+001  0.58396266E+001
  0.30297381E+000  0.31845783E+000  0.46009654E+000  0.62780397E+000  0.80316802E+000  0.91038208E+000  0.12871455E+001  0.18878646E+001  0.26318679E+001  0.40999147E+001  0.58396157E+001
  0.30297284E+000  0.31845673E+000  0.46009485E+000  0.62780161E+000  0.80316529E+000  0.91037951E+000  0.12871405E+001  0.18878569E+001  0.26318589E+001  0.40999005E+001  0.58396051E+001
  0.30297189E+000  0.31845567E+000  0.46009320E+000  0.62779934E+000  0.80316265E+000  0.91037699E+000  0.12871358E+001  0.18878494E+001  0.26318089E+001  0.40998868E+001  0.58395947E+001
  0.30297098E+000  0.31845463E+000  0.46009161E+000  0.62779714E+000  0.80316009E+000  0.91037454E+000  0.12871312E+001  0.18878423E+001  0.26317966E+001  0.40998735E+001  0.58395846E+001
  0.30297009E+000  0.31845364E+000  0.46009008E+000  0.62779502E+000  0.80315763E+000  0.91037216E+000  0.12871268E+001  0.18878354E+001  0.26317846E+001  0.40998607E+001  0.58395748E+001
  0.30296924E+000  0.31845268E+000  0.46008861E+000  0.62779298E+000  0.80315527E+000  0.91036986E+000  0.12871225E+001  0.18878289E+001  0.26317730E+001  0.40998485E+001  0.58395654E+001
  0.30296842E+000  0.31845177E+000  0.46008721E+000  0.62779104E+000  0.80315301E+000  0.91036765E+000  0.12871184E+001  0.18878227E+001  0.26317619E+001  0.40998368E+001  0.58395563E+001
  0.30296764E+000  0.31845089E+000  0.46008586E+000  0.62778918E+000  0.80315085E+000  0.91036552E+000  0.12871145E+001  0.18878168E+001  0.26317511E+001  0.40998256E+001  0.58395476E+001
  0.30296690E+000  0.31845006E+000  0.46008458E+000  0.62778740E+000  0.80314880E+000  0.91036348E+000  0.12871108E+001  0.18878113E+001  0.26317409E+001  0.40998149E+001  0.58395392E+001
  0.30296619E+000  0.31844927E+000  0.46008337E+000  0.62778572E+000  0.80314686E+000  0.91036154E+000  0.12871073E+001  0.18878060E+001  0.26317311E+001  0.40998048E+001  0.58395313E+001
  0.30296552E+000  0.31844852E+000  0.46008222E+000  0.62778414E+000  0.80314502E+000  0.91035970E+000  0.12871040E+001  0.18878011E+001  0.26317218E+001  0.40997953E+001  0.58395238E+001
  0.30296489E+000  0.31844782E+000  0.46008114E+000  0.62778264E+000  0.80314329E+000  0.91035796E+000  0.12871009E+001  0.18877966E+001  0.26317132E+001  0.40997863E+001  0.58395168E+001
  0.30296429E+000  0.31844716E+000  0.46008012E+000  0.62778123E+000  0.80314167E+000  0.91035631E+000  0.12870979E+001  0.18877923E+001  0.26317052E+001  0.40997779E+001  0.58395101E+001
  0.30296374E+000  0.31844654E+000  0.46007917E+000  0.62777991E+000  0.80314015E+000  0.91035477E+000  0.12870952E+001  0.18877884E+001  0.26316976E+001  0.40997700E+001  0.58395039E+001
  0.30296322E+000  0.31844596E+000  0.46007828E+000  0.62777868E+000  0.80313874E+000  0.91035333E+000  0.12870926E+001  0.18877847E+001  0.26316905E+001  0.40997626E+001  0.58394981E+001
  0.30296274E+000  0.31844542E+000  0.46007746E+000  0.62777754E+000  0.80313744E+000  0.91035198E+000  0.12870902E+001  0.18877814E+001  0.26316839E+001  0.40997558E+001  0.58394927E+001
  0.30296229E+000  0.31844492E+000  0.46007669E+000  0.62777648E+000  0.80313623E+000  0.91035074E+000  0.12870880E+001  0.18877783E+001  0.26316777E+001  0.40997494E+001  0.58394878E+001
  0.30296189E+000  0.31844446E+000  0.46007599E+000  0.62777550E+000  0.80313512E+000  0.91034959E+000  0.12870859E+001  0.18877755E+001  0.26316721E+001  0.40997436E+001  0.58394832E+001
  0.30296151E+000  0.31844404E+000  0.46007534E+000  0.62777460E+000  0.80313411E+000  0.91034853E+000  0.12870841E+001  0.18877730E+001  0.26316668E+001  0.40997382E+001  0.58394790E+001
  0.30296117E+000  0.31844366E+000  0.46007474E+000  0.62777378E+000  0.80313318E+000  0.91034757E+000  0.12870824E+001  0.18877708E+001  0.26316620E+001  0.40997333E+001  0.58394753E+001
  0.30296086E+000  0.31844331E+000  0.46007420E+000  0.62777303E+000  0.80313235E+000  0.91034669E+000  0.12870808E+001  0.18877688E+001  0.26316577E+001  0.40997289E+001  0.58394718E+001
  0.30296058E+000  0.31844299E+000  0.46007372E+000  0.62777236E+000  0.80313159E+000  0.91034590E+000  0.12870794E+001  0.18877670E+001  0.26316537E+001  0.40997249E+001  0.58394687E+001
  0.30296033E+000  0.31844271E+000  0.46007327E+000  0.62777175E+000  0.80313092E+000  0.91034519E+000  0.12870781E+001  0.18877654E+001  0.26316501E+001  0.40997212E+001  0.58394660E+001
  0.30296011E+000  0.31844246E+000  0.46007288E+000  0.62777120E+000  0.80313031E+000  0.91034455E+000  0.12870770E+001  0.18877641E+001  0.26316469E+001  0.40997180E+001  0.58394635E+001
  0.30295991E+000  0.31844223E+000  0.46007253E+000  0.62777071E+000  0.80312978E+000  0.91034398E+000  0.12870759E+001  0.18877629E+001  0.26316440E+001  0.40997151E+001  0.58394613E+001
  0.30295974E+000  0.31844203E+000  0.46007221E+000  0.62777028E+000  0.80312931E+000  0.91034348E+000  0.12870750E+001  0.18877619E+001  0.26316414E+001  0.40997125E+001  0.58394594E+001
  0.30295959E+000  0.31844185E+000  0.46007194E+000  0.62776990E+000  0.80312890E+000  0.91034304E+000  0.12870742E+001  0.18877611E+001  0.26316392E+001  0.40997102E+001  0.58394578E+001
  0.30295945E+000  0.31844170E+000  0.46007170E+000  0.62776956E+000  0.80312854E+000  0.91034265E+000  0.12870735E+001  0.18877604E+001  0.26316373E+001  0.40997082E+001  0.58394563E+001
  0.30295934E+000  0.31844157E+000  0.46007149E+000  0.62776927E+000  0.80312823E+000  0.91034232E+000  0.12870729E+001  0.18877598E+001  0.26316356E+001  0.40997065E+001  0.58394551E+001
  0.30295924E+000  0.31844145E+000  0.46007131E+000  0.62776902E+000  0.80312797E+000  0.91034204E+000  0.12870724E+001  0.18877594E+001  0.26316341E+001  0.40997050E+001  0.58394540E+001
  0.30295916E+000  0.31844136E+000  0.46007115E+000  0.62776881E+000  0.80312775E+000  0.91034180E+000  0.12870720E+001  0.18877591E+001  0.26316328E+001  0.40997037E+001  0.58394531E+001
  0.30295909E+000  0.31844128E+000  0.46007102E+000  0.62776863E+000  0.80312757E+000  0.91034160E+000  0.12870716E+001  0.18877589E+001  0.26316317E+001  0.40997027E+001  0.58394524E+001
  0.30295904E+000  0.31844121E+000  0.46007092E+000  0.62776848E+000  0.80312742E+000  0.91034144E+000  0.12870713E+001  0.18877588E+001  0.26316308E+001  0.40997018E+001  0.58394518E+001
  0.30295899E+000  0.31844115E+000  0.46007083E+000  0.62776836E+000  0.80312730E+000  0.91034131E+000  0.12870710E+001  0.18877588E+001  0.26316300E+001  0.40997010E+001  0.58394513E+001
  0.30295896E+000  0.31844111E+000  0.46007076E+000  0.62776826E+000  0.80312720E+000  0.91034120E+000  0.12870708E+001  0.18877588E+001  0.26316293E+001  0.40997004E+001  0.58394509E+001
  0.30295893E+000  0.31844108E+000  0.46007070E+000  0.62776818E+000  0.80312713E+000  0.91034112E+000  0.12870707E+001  0.18877589E+001  0.26316287E+001  0.40996999E+001  0.58394506E+001
  0.30295891E+000  0.31844105E+000  0.46007066E+000  0.62776812E+000  0.80312708E+000  0.91034106E+000  0.12870705E+001  0.18877590E+001  0.26316282E+001  0.40996995E+001  0.58394504E+001
  0.30295890E+000  0.31844103E+000  0.46007063E+000  0.62776808E+000  0.80312704E+000  0.91034102E+000  0.12870704E+001  0.18877592E+001  0.26316278E+001  0.40996992E+001  0.58394502E+001
  0.30295889E+000  0.31844102E+000  0.46007060E+000  0.62776805E+000  0.80312702E+000  0.91034099E+000  0.12870704E+001  0.18877594E+001  0.26316275E+001  0.40996990E+001  0.58394501E+001
  0.30295889E+000  0.31844101E+000  0.46007059E+000  0.62776803E+000  0.80312701E+000  0.91034098E+000  0.12870703E+001  0.18877597E+001  0.26316272E+001  0.40996989E+001  0.58394500E+001
  0.30295889E+000  0.31844101E+000  0.46007058E+000  0.62776802E+000  0.80312701E+000  0.91034098E+000  0.12870703E+001  0.18877600E+001  0.26316270E+001  0.40996988E+001  0.58394499E+001
  0.30295889E+000  0.31844101E+000  0.46007058E+000  0.62776802E+000  0.80312702E+000  0.91034098E+000  0.12870703E+001  0.18877602E+001  0.26316268E+001  0.40996987E+001  0.58394498E+001
  0.30295890E+000  0.31844101E+000  0.46007059E+000  0.62776802E+000  0.80312704E+000  0.91034100E+000  0.12870703E+001  0.18877605E+001  0.26316267E+001  0.40996987E+001  0.58394498E+001
  0.30295891E+000  0.31844102E+000  0.46007059E+000  0.62776803E+000  0.80312705E+000  0.91034102E+000  0.12870703E+001  0.18877608E+001  0.26316266E+001  0.40996987E+001  0.58394497E+001
  0.30295891E+000  0.31844103E+000  0.46007060E+000  0.62776805E+000  0.80312708E+000  0.91034104E+000  0.12870704E+001  0.18877611E+001  0.26316265E+001  0.40996987E+001  0.58394497E+001
  0.30295892E+000  0.31844104E+000  0.46007061E+000  0.62776806E+000  0.80312710E+000  0.91034106E+000  0.12870704E+001  0.18877614E+001  0.26316264E+001  0.40996988E+001  0.58394496E+001
  0.30295893E+000  0.31844105E+000  0.46007063E+000  0.62776808E+000  0.80312713E+000  0.91034109E+000  0.12870704E+001  0.18877617E+001  0.26316263E+001  0.40996988E+001  0.58394496E+001
  0.30295894E+000  0.31844106E+000  0.46007064E+000  0.62776810E+000  0.80312715E+000  0.91034112E+000  0.12870705E+001  0.18877620E+001  0.26316263E+001  0.40996989E+001  0.58394495E+001
  0.30295895E+000  0.31844107E+000  0.46007066E+000  0.62776813E+000  0.80312718E+000  0.91034114E+000  0.12870705E+001  0.18877622E+001  0.26316262E+001  0.40996990E+001  0.58394494E+001
  0.30295896E+000  0.31844108E+000  0.46007067E+000  0.62776815E+000  0.80312721E+000  0.91034117E+000  0.12870706E+001  0.18877625E+001  0.26316262E+001  0.40996990E+001  0.58394493E+001
  0.30295897E+000  0.31844109E+000  0.46007069E+000  0.62776817E+000  0.80312723E+000  0.91034119E+000  0.12870706E+001  0.18877627E+001  0.26316262E+001  0.40996991E+001  0.58394492E+001
  0.30295898E+000  0.31844110E+000  0.46007070E+000  0.62776819E+000  0.80312726E+000  0.91034122E+000  0.12870707E+001  0.18877630E+001  0.26316262E+001  0.40996991E+001  0.58394490E+001
  0.30295899E+000  0.31844111E+000  0.46007072E+000  0.62776821E+000  0.80312728E+000  0.91034124E+000  0.12870707E+001  0.18877632E+001  0.26316261E+001  0.40996992E+001  0.58394488E+001
  0.30295899E+000  0.31844111E+000  0.46007073E+000  0.62776823E+000  0.80312730E+000  0.91034126E+000  0.12870707E+001  0.18877634E+001  0.26316261E+001  0.40996992E+001  0.58394487E+001
  0.30295900E+000  0.31844112E+000  0.46007074E+000  0.62776824E+000  0.80312732E+000  0.91034127E+000  0.12870708E+001  0.18877636E+001  0.26316261E+001  0.40996992E+001  0.58394484E+001
  0.30295901E+000  0.31844113E+000  0.46007076E+000  0.62776826E+000  0.80312733E+000  0.91034128E+000  0.12870708E+001  0.18877638E+001  0.26316261E+001  0.40996993E+001  0.58394482E+001
  0.30295901E+000  0.31844113E+000  0.46007077E+000  0.62776827E+000  0.80312735E+000  0.91034129E+000  0.12870708E+001  0.18877640E+001  0.26316260E+001  0.40996993E+001  0.58394479E+001
  0.30295901E+000  0.31844114E+000  0.46007077E+000  0.62776829E+000  0.80312736E+000  0.91034130E+000  0.12870709E+001  0.18877642E+001  0.26316260E+001  0.40996993E+001  0.58394477E+001
  0.30295902E+000  0.31844114E+000  0.46007078E+000  0.62776830E+000  0.80312737E+000  0.91034131E+000  0.12870709E+001  0.18877643E+001  0.26316260E+001  0.40996993E+001  0.58394474E+001
  0.30295902E+000  0.31844115E+000  0.46007079E+000  0.62776831E+000  0.80312738E+000  0.91034131E+000  0.12870709E+001  0.18877645E+001  0.26316260E+001  0.40996992E+001  0.58394470E+001
  0.30295902E+000  0.31844115E+000  0.46007080E+000  0.62776832E+000  0.80312738E+000  0.91034131E+000  0.12870709E+001  0.18877646E+001  0.26316260E+001  0.40996992E+001  0.58394467E+001
  0.30295902E+000  0.31844115E+000  0.46007080E+000  0.62776832E+000  0.80312739E+000  0.91034130E+000  0.12870709E+001  0.18877647E+001  0.26316260E+001  0.40996992E+001  0.58394464E+001
  0.30295902E+000  0.31844115E+000  0.46007080E+000  0.62776833E+000  0.80312739E+000  0.91034130E+000  0.12870710E+001  0.18877649E+001  0.26316259E+001  0.40996991E+001  0.58394460E+001
  0.30295902E+000  0.31844116E+000  0.46007081E+000  0.62776833E+000  0.80312739E+000  0.91034129E+000  0.12870710E+001  0.18877650E+001  0.26316259E+001  0.40996991E+001  0.58394456E+001
  0.30295901E+000  0.31844116E+000  0.46007081E+000  0.62776833E+000  0.80312739E+000  0.91034128E+000  0.12870710E+001  0.18877651E+001  0.26316259E+001  0.40996990E+001  0.58394452E+001
  0.30295901E+000  0.31844115E+000  0.46007081E+000  0.62776833E+000  0.80312738E+000  0.91034126E+000  0.12870710E+001  0.18877652E+001  0.26316259E+001  0.40996990E+001  0.58394448E+001
  0.30295901E+000  0.31844115E+000  0.46007081E+000  0.62776833E+000  0.80312738E+000  0.91034125E+000  0.12870710E+001  0.18877653E+001  0.26316259E+001  0.40996989E+001  0.58394444E+001
  0.30295900E+000  0.31844115E+000  0.46007081E+000  0.62776833E+000  0.80312737E+000  0.91034123E+000  0.12870710E+001  0.18877654E+001  0.26316259E+001  0.40996988E+001  0.58394440E+001
  0.30295900E+000  0.31844115E+000  0.46007081E+000  0.62776833E+000  0.80312736E+000  0.91034121E+000  0.12870710E+001  0.18877655E+001  0.26316259E+001  0.40996987E+001  0.58394436E+001
  0.30295899E+000  0.31844115E+000  0.46007080E+000  0.62776833E+000  0.80312735E+000  0.91034119E+000  0.12870710E+001  0.18877656E+001  0.26316259E+001  0.40996987E+001  0.58394432E+001
  0.30295899E+000  0.31844114E+000  0.46007080E+000  0.62776832E+000  0.80312734E+000  0.91034117E+000  0.12870710E+001  0.18877656E+001  0.26316259E+001  0.40996986E+001  0.58394427E+001
  0.30295898E+000  0.31844114E+000  0.46007080E+000  0.62776832E+000  0.80312733E+000  0.91034114E+000  0.12870709E+001  0.18877657E+001  0.26316259E+001  0.40996985E+001  0.58394423E+001
  0.30295898E+000  0.31844113E+000  0.46007079E+000  0.62776831E+000  0.80312732E+000  0.91034112E+000  0.12870709E+001  0.18877658E+001  0.26316259E+001  0.40996984E+001  0.58394419E+001
  0.30295897E+000  0.31844113E+000  0.46007079E+000  0.62776831E+000  0.80312731E+000  0.91034109E+000  0.12870709E+001  0.18877659E+001  0.26316259E+001  0.40996983E+001  0.58394415E+001
  0.30295896E+000  0.31844113E+000  0.46007079E+000  0.62776830E+000  0.80312730E+000  0.91034107E+000  0.12870709E+001  0.18877660E+001  0.26316259E+001  0.40996982E+001  0.58394410E+001
  0.30295896E+000  0.31844112E+000  0.46007078E+000  0.62776829E+000  0.80312728E+000  0.91034104E+000  0.12870709E+001  0.18877661E+001  0.26316260E+001  0.40996981E+001  0.58394406E+001
  0.30295895E+000  0.31844112E+000  0.46007077E+000  0.62776829E+000  0.80312727E+000  0.91034101E+000  0.12870709E+001  0.18877662E+001  0.26316260E+001  0.40996980E+001  0.58394402E+001
  0.30295894E+000  0.31844111E+000  0.46007077E+000  0.62776828E+000  0.80312725E+000  0.91034098E+000  0.12870709E+001  0.18877662E+001  0.26316260E+001  0.40996979E+001  0.58394398E+001
  0.30295893E+000  0.31844111E+000  0.46007076E+000  0.62776827E+000  0.80312724E+000  0.91034095E+000  0.12870708E+001  0.18877663E+001  0.26316261E+001  0.40996978E+001  0.58394394E+001
  0.30295893E+000  0.31844110E+000  0.46007076E+000  0.62776826E+000  0.80312722E+000  0.91034092E+000  0.12870708E+001  0.18877664E+001  0.26316261E+001  0.40996977E+001  0.58394390E+001
  0.30295892E+000  0.31844109E+000  0.46007075E+000  0.62776825E+000  0.80312721E+000  0.91034089E+000  0.12870708E+001  0.18877665E+001  0.26316262E+001  0.40996976E+001  0.58394387E+001
  0.30295891E+000  0.31844109E+000  0.46007074E+000  0.62776824E+000  0.80312719E+000  0.91034086E+000  0.12870708E+001  0.18877666E+001  0.26316262E+001  0.40996975E+001  0.58394383E+001
  0.30295890E+000  0.31844108E+000  0.46007074E+000  0.62776823E+000  0.80312718E+000  0.91034083E+000  0.12870708E+001  0.18877667E+001  0.26316263E+001  0.40996974E+001  0.58394380E+001
  0.30295889E+000  0.31844108E+000  0.46007073E+000  0.62776823E+000  0.80312716E+000  0.91034080E+000  0.12870707E+001  0.18877668E+001  0.26316264E+001  0.40996973E+001  0.58394376E+001
  0.30295889E+000  0.31844107E+000  0.46007072E+000  0.62776822E+000  0.80312715E+000  0.91034077E+000  0.12870707E+001  0.18877669E+001  0.26316265E+001  0.40996972E+001  0.58394373E+001
  0.30295888E+000  0.31844107E+000  0.46007072E+000  0.62776821E+000  0.80312713E+000  0.91034074E+000  0.12870707E+001  0.18877670E+001  0.26316265E+001  0.40996971E+001  0.58394370E+001
  0.30295887E+000  0.31844106E+000  0.46007071E+000  0.62776820E+000  0.80312712E+000  0.91034071E+000  0.12870707E+001  0.18877672E+001  0.26316266E+001  0.40996971E+001  0.58394367E+001
  0.30295887E+000  0.31844106E+000  0.46007071E+000  0.62776819E+000  0.80312710E+000  0.91034068E+000  0.12870707E+001  0.18877673E+001  0.26316267E+001  0.40996970E+001  0.58394364E+001
  0.30295886E+000  0.31844105E+000  0.46007070E+000  0.62776818E+000  0.80312709E+000  0.91034066E+000  0.12870707E+001  0.18877674E+001  0.26316268E+001  0.40996969E+001  0.58394361E+001
  0.30295885E+000  0.31844105E+000  0.46007069E+000  0.62776818E+000  0.80312708E+000  0.91034063E+000  0.12870706E+001  0.18877675E+001  0.26316269E+001  0.40996968E+001  0.58394359E+001
  0.30295885E+000  0.31844104E+000  0.46007069E+000  0.62776817E+000  0.80312706E+000  0.91034060E+000  0.12870706E+001  0.18877676E+001  0.26316270E+001  0.40996968E+001  0.58394357E+001
  0.30295884E+000  0.31844104E+000  0.46007068E+000  0.62776816E+000  0.80312705E+000  0.91034058E+000  0.12870706E+001  0.18877678E+001  0.26316272E+001  0.40996967E+001  0.58394354E+001
  0.30295883E+000  0.31844103E+000  0.46007068E+000  0.62776815E+000  0.80312704E+000  0.91034055E+000  0.12870706E+001  0.18877679E+001  0.26316273E+001  0.40996967E+001  0.58394352E+001
  0.30295883E+000  0.31844103E+000  0.46007067E+000  0.62776815E+000  0.80312703E+000  0.91034053E+000  0.12870706E+001  0.18877680E+001  0.26316274E+001  0.40996966E+001  0.58394350E+001
  0.30295882E+000  0.31844102E+000  0.46007067E+000  0.62776814E+000  0.80312702E+000  0.91034050E+000  0.12870706E+001  0.18877682E+001  0.26316275E+001  0.40996966E+001  0.58394349E+001
  0.30295882E+000  0.31844102E+000  0.46007067E+000  0.62776814E+000  0.80312701E+000  0.91034048E+000  0.12870706E+001  0.18877683E+001  0.26316277E+001  0.40996965E+001  0.58394347E+001
  0.30295881E+000  0.31844102E+000  0.46007066E+000  0.62776813E+000  0.80312700E+000  0.91034046E+000  0.12870706E+001  0.18877685E+001  0.26316278E+001  0.40996965E+001  0.58394346E+001
  0.30295881E+000  0.31844101E+000  0.46007066E+000  0.62776813E+000  0.80312700E+000  0.91034044E+000  0.12870705E+001  0.18877686E+001  0.26316280E+001  0.40996964E+001  0.58394345E+001
  0.30295881E+000  0.31844101E+000  0.46007066E+000  0.62776812E+000  0.80312699E+000  0.91034042E+000  0.12870705E+001  0.18877687E+001  0.26316281E+001  0.40996964E+001  0.58394343E+001
  0.30295880E+000  0.31844101E+000  0.46007065E+000  0.62776812E+000  0.80312698E+000  0.91034041E+000  0.12870705E+001  0.18877689E+001  0.26316283E+001  0.40996964E+001  0.58394342E+001
  0.30295880E+000  0.31844101E+000  0.46007065E+000  0.62776812E+000  0.80312698E+000  0.91034039E+000  0.12870705E+001  0.18877690E+001  0.26316284E+001  0.40996964E+001  0.58394342E+001
  0.30295880E+000  0.31844100E+000  0.46007065E+000  0.62776811E+000  0.80312697E+000  0.91034038E+000  0.12870705E+001  0.18877692E+001  0.26316286E+001  0.40996963E+001  0.58394341E+001
  0.30295879E+000  0.31844100E+000  0.46007065E+000  0.62776811E+000  0.80312697E+000  0.91034036E+000  0.12870705E+001  0.18877693E+001  0.26316287E+001  0.40996963E+001  0.58394340E+001
  0.30295879E+000  0.31844100E+000  0.46007065E+000  0.62776811E+000  0.80312697E+000  0.91034035E+000  0.12870705E+001  0.18877695E+001  0.26316289E+001  0.40996963E+001  0.58394340E+001
  0.30295879E+000  0.31844100E+000  0.46007065E+000  0.62776811E+000  0.80312697E+000  0.91034034E+000  0.12870705E+001  0.18877696E+001  0.26316291E+001  0.40996963E+001  0.58394340E+001
  0.30295879E+000  0.31844100E+000  0.46007065E+000  0.62776811E+000  0.80312697E+000  0.91034033E+000  0.12870705E+001  0.18877698E+001  0.26316292E+001  0.40996963E+001  0.58394340E+001
  0.30295879E+000  0.31844100E+000  0.46007065E+000  0.62776811E+000  0.80312697E+000  0.91034032E+000  0.12870705E+001  0.18877699E+001  0.26316294E+001  0.40996963E+001  0.58394340E+001
  0.30295879E+000  0.31844100E+000  0.46007065E+000  0.62776811E+000  0.80312697E+000  0.91034031E+000  0.12870705E+001  0.18877701E+001  0.26316296E+001  0.40996963E+001  0.58394340E+001
  0.30295879E+000  0.31844100E+000  0.46007065E+000  0.62776811E+000  0.80312697E+000  0.91034030E+000  0.12870705E+001  0.18877702E+001  0.26316298E+001  0.40996964E+001  0.58394340E+001
  0.30295879E+000  0.31844100E+000  0.46007065E+000  0.62776811E+000  0.80312697E+000  0.91034030E+000  0.12870705E+001  0.18877704E+001  0.26316299E+001  0.40996964E+001  0.58394340E+001
  0.30295879E+000  0.31844100E+000  0.46007065E+000  0.62776811E+000  0.80312697E+000  0.91034029E+000  0.12870705E+001  0.18877705E+001  0.26316301E+001  0.40996964E+001  0.58394340E+001
  0.30295879E+000  0.31844100E+000  0.46007065E+000  0.62776812E+000  0.80312697E+000  0.91034029E+000  0.12870705E+001  0.18877707E+001  0.26316303E+001  0.40996964E+001  0.58394341E+001
  0.30295879E+000  0.31844100E+000  0.46007065E+000  0.62776812E+000  0.80312698E+000  0.91034029E+000  0.12870705E+001  0.18877708E+001  0.26316304E+001  0.40996964E+001  0.58394341E+001
  0.30295879E+000  0.31844100E+000  0.46007066E+000  0.62776812E+000  0.80312698E+000  0.91034029E+000  0.12870705E+001  0.18877709E+001  0.26316306E+001  0.40996965E+001  0.58394342E+001
  0.30295879E+000  0.31844100E+000  0.46007066E+000  0.62776813E+000  0.80312699E+000  0.91034029E+000  0.12870705E+001  0.18877711E+001  0.26316308E+001  0.40996965E+001  0.58394343E+001
  0.30295879E+000  0.31844101E+000  0.46007066E+000  0.62776813E+000  0.80312699E+000  0.91034029E+000  0.12870705E+001  0.18877712E+001  0.26316309E+001  0.40996965E+001  0.58394343E+001
  0.30295879E+000  0.31844101E+000  0.46007066E+000  0.62776813E+000  0.80312700E+000  0.91034029E+000  0.12870706E+001  0.18877713E+001  0.26316311E+001  0.40996966E+001  0.58394344E+001
  0.30295879E+000  0.31844101E+000  0.46007067E+000  0.62776814E+000  0.80312700E+000  0.91034029E+000  0.12870706E+001  0.18877715E+001  0.26316313E+001  0.40996966E+001  0.58394345E+001
  0.30295880E+000  0.31844101E+000  0.46007067E+000  0.62776814E+000  0.80312701E+000  0.91034029E+000  0.12870706E+001  0.18877716E+001  0.26316314E+001  0.40996966E+001  0.58394346E+001
  0.30295880E+000  0.31844101E+000  0.46007067E+000  0.62776815E+000  0.80312702E+000  0.91034029E+000  0.12870706E+001  0.18877717E+001  0.26316316E+001  0.40996967E+001  0.58394347E+001
  0.30295880E+000  0.31844102E+000  0.46007068E+000  0.62776815E+000  0.80312702E+000  0.91034030E+000  0.12870706E+001  0.18877718E+001  0.26316317E+001  0.40996967E+001  0.58394348E+001
  0.30295880E+000  0.31844102E+000  0.46007068E+000  0.62776816E+000  0.80312703E+000  0.91034030E+000  0.12870706E+001  0.18877719E+001  0.26316319E+001  0.40996968E+001  0.58394349E+001
  0.30295881E+000  0.31844102E+000  0.46007068E+000  0.62776816E+000  0.80312704E+000  0.91034031E+000  0.12870706E+001  0.18877720E+001  0.26316320E+001  0.40996968E+001  0.58394350E+001
  0.30295881E+000  0.31844102E+000  0.46007069E+000  0.62776817E+000  0.80312704E+000  0.91034031E+000  0.12870706E+001  0.18877721E+001  0.26316322E+001  0.40996969E+001  0.58394351E+001
  0.30295881E+000  0.31844103E+000  0.46007069E+000  0.62776817E+000  0.80312705E+000  0.91034032E+000  0.12870706E+001  0.18877722E+001  0.26316323E+001  0.40996969E+001  0.58394352E+001
  0.30295881E+000  0.31844103E+000  0.46007070E+000  0.62776818E+000  0.80312706E+000  0.91034033E+000  0.12870706E+001  0.18877723E+001  0.26316324E+001  0.40996970E+001  0.58394353E+001
  0.30295882E+000  0.31844103E+000  0.46007070E+000  0.62776818E+000  0.80312707E+000  0.91034033E+000  0.12870707E+001  0.18877724E+001  0.26316325E+001  0.40996970E+001  0.58394354E+001
  0.30295882E+000  0.31844103E+000  0.46007070E+000  0.62776819E+000  0.80312708E+000  0.91034034E+000  0.12870707E+001  0.18877725E+001  0.26316327E+001  0.40996971E+001  0.58394355E+001
  0.30295882E+000  0.31844104E+000  0.46007071E+000  0.62776819E+000  0.80312708E+000  0.91034035E+000  0.12870707E+001  0.18877726E+001  0.26316328E+001  0.40996971E+001  0.58394356E+001
  0.30295882E+000  0.31844104E+000  0.46007071E+000  0.62776820E+000  0.80312709E+000  0.91034035E+000  0.12870707E+001  0.18877727E+001  0.26316329E+001  0.40996971E+001  0.58394357E+001
  0.30295883E+000  0.31844104E+000  0.46007072E+000  0.62776821E+000  0.80312710E+000  0.91034036E+000  0.12870707E+001  0.18877727E+001  0.26316330E+001  0.40996972E+001  0.58394358E+001
  0.30295883E+000  0.31844105E+000  0.46007072E+000  0.62776821E+000  0.80312711E+000  0.91034037E+000  0.12870707E+001  0.18877728E+001  0.26316331E+001  0.40996972E+001  0.58394359E+001
  0.30295883E+000  0.31844105E+000  0.46007072E+000  0.62776822E+000  0.80312711E+000  0.91034038E+000  0.12870707E+001  0.18877729E+001  0.26316332E+001  0.40996973E+001  0.58394360E+001
  0.30295884E+000  0.31844105E+000  0.46007073E+000  0.62776822E+000  0.80312712E+000  0.91034039E+000  0.12870707E+001  0.18877729E+001  0.26316333E+001  0.40996973E+001  0.58394361E+001
  0.30295884E+000  0.31844105E+000  0.46007073E+000  0.62776823E+000  0.80312713E+000  0.91034039E+000  0.12870708E+001  0.18877730E+001  0.26316334E+001  0.40996974E+001  0.58394362E+001
  0.30295884E+000  0.31844106E+000  0.46007073E+000  0.62776823E+000  0.80312714E+000  0.91034040E+000  0.12870708E+001  0.18877730E+001  0.26316335E+001  0.40996974E+001  0.58394363E+001
  0.30295885E+000  0.31844106E+000  0.46007074E+000  0.62776824E+000  0.80312714E+000  0.91034041E+000  0.12870708E+001  0.18877731E+001  0.26316335E+001  0.40996975E+001  0.58394364E+001
  0.30295885E+000  0.31844106E+000  0.46007074E+000  0.62776824E+000  0.80312715E+000  0.91034042E+000  0.12870708E+001  0.18877731E+001  0.26316336E+001  0.40996975E+001  0.58394365E+001
  0.30295885E+000  0.31844106E+000  0.46007074E+000  0.62776825E+000  0.80312716E+000  0.91034043E+000  0.12870708E+001  0.18877732E+001  0.26316337E+001  0.40996975E+001  0.58394365E+001
  0.30295885E+000  0.31844107E+000  0.46007075E+000  0.62776825E+000  0.80312716E+000  0.91034043E+000  0.12870708E+001  0.18877732E+001  0.26316338E+001  0.40996976E+001  0.58394366E+001
  0.30295886E+000  0.31844107E+000  0.46007075E+000  0.62776825E+000  0.80312717E+000  0.91034044E+000  0.12870708E+001  0.18877732E+001  0.26316338E+001  0.40996976E+001  0.58394367E+001
  0.30295886E+000  0.31844107E+000  0.46007075E+000  0.62776826E+000  0.80312717E+000  0.91034045E+000  0.12870708E+001  0.18877733E+001  0.26316339E+001  0.40996976E+001  0.58394368E+001
  0.30295886E+000  0.31844107E+000  0.46007076E+000  0.62776826E+000  0.80312718E+000  0.91034046E+000  0.12870708E+001  0.18877733E+001  0.26316339E+001  0.40996977E+001  0.58394369E+001
  0.30295886E+000  0.31844107E+000  0.46007076E+000  0.62776827E+000  0.80312719E+000  0.91034047E+000  0.12870708E+001  0.18877733E+001  0.26316340E+001  0.40996977E+001  0.58394370E+001
  0.30295887E+000  0.31844108E+000  0.46007076E+000  0.62776827E+000  0.80312721E+000  0.91034048E+000  0.12870708E+001  0.18877734E+001  0.26316341E+001  0.40996978E+001  0.58394372E+001
  0.30295889E+000  0.31844108E+000  0.46007076E+000  0.62776827E+000  0.80312724E+000  0.91034056E+000  0.12870708E+001  0.18877735E+001  0.26316343E+001  0.40996978E+001  0.58394373E+001
