  0.50387111E-002
  0.41139257E-002
  0.34072376E-002
  0.28369586E-002
  0.23669694E-002
  0.19760976E-002
  0.16494663E-002
  0.13757138E-002
  0.11458870E-002
  0.95264773E-003
  0.78997188E-003
  0.65293010E-003
  0.53744827E-003
  0.44013881E-003
  0.35817891E-003
  0.28921392E-003
  0.23126771E-003
  0.18266858E-003
  0.14200911E-003
  0.10809658E-003
  0.79925109E-004
  0.56634152E-004
  0.37492068E-004
  0.21870108E-004
  0.92293558E-005
 -0.89256346E-006
 -0.88957396E-005
 -0.15124392E-004
 -0.19877999E-004
 -0.23412244E-004
 -0.25947399E-004
 -0.27672229E-004
 -0.28748714E-004
 -0.29313906E-004
 -0.29484106E-004
 -0.29356110E-004
 -0.29010724E-004
 -0.28512301E-004
 -0.27913753E-004
 -0.27255235E-004
 -0.26566656E-004
 -0.25870093E-004
 -0.25179289E-004
 -0.24502146E-004
 -0.23841821E-004
 -0.23197831E-004
 -0.22564993E-004
 -0.21939041E-004
 -0.21313679E-004
 -0.20682633E-004
 -0.20039472E-004
 -0.19380242E-004
 -0.18701940E-004
 -0.18002772E-004
 -0.17282695E-004
 -0.16542989E-004
 -0.15787552E-004
 -0.15018582E-004
 -0.14242088E-004
 -0.13461494E-004
 -0.12682713E-004
 -0.11910264E-004
 -0.11148607E-004
 -0.10402447E-004
 -0.96755825E-005
 -0.89712032E-005
 -0.82924185E-005
 -0.76415976E-005
 -0.70210386E-005
 -0.64318596E-005
 -0.58756417E-005
 -0.53528803E-005
 -0.48639288E-005
 -0.44089285E-005
 -0.39876665E-005
 -0.35993683E-005
 -0.32434525E-005
 -0.29184998E-005
 -0.26237429E-005
 -0.23575039E-005
 -0.21184352E-005
 -0.19050994E-005
 -0.17155665E-005
 -0.15483176E-005
 -0.14019128E-005
 -0.12744682E-005
 -0.11641931E-005
 -0.10697804E-005
 -0.98961298E-006
 -0.92221198E-006
 -0.86615118E-006
 -0.82015485E-006
 -0.78286034E-006
 -0.75328426E-006
 -0.73019505E-006
 -0.71275664E-006
 -0.69995047E-006
 -0.69098948E-006
 -0.68524846E-006
 -0.68190324E-006
 -0.68054765E-006
 -0.68053919E-006
 -0.68152583E-006
 -0.68304441E-006
 -0.68485453E-006
 -0.68656114E-006
 -0.68800963E-006
 -0.68904028E-006
 -0.68940313E-006
 -0.68901776E-006
 -0.68782351E-006
 -0.68573496E-006
 -0.68266609E-006
 -0.67857440E-006
 -0.67353525E-006
 -0.66746069E-006
 -0.66040063E-006
 -0.65236641E-006
 -0.64336333E-006
 -0.63346147E-006
 -0.62269784E-006
 -0.61108790E-006
 -0.59868814E-006
 -0.58555256E-006
 -0.57166645E-006
 -0.55718798E-006
 -0.54211655E-006
 -0.52650378E-006
 -0.51034229E-006
 -0.49381190E-006
 -0.47687804E-006
 -0.45960194E-006
 -0.44206154E-006
 -0.42424920E-006
 -0.40626952E-006
 -0.38816588E-006
 -0.36994980E-006
 -0.35168845E-006
 -0.33343058E-006
 -0.31520532E-006
 -0.29704533E-006
 -0.27903111E-006
 -0.26117985E-006
 -0.24350849E-006
 -0.22606534E-006
 -0.20889902E-006
 -0.19204951E-006
 -0.17553127E-006
 -0.15940120E-006
 -0.14362647E-006
 -0.12826604E-006
 -0.11336628E-006
 -0.98937222E-007
 -0.84993555E-007
 -0.71539589E-007
 -0.58616746E-007
 -0.46232753E-007
 -0.34389908E-007
 -0.23084308E-007
 -0.12345742E-007
 -0.21897922E-008
  0.74003818E-008
  0.16411872E-007
  0.24865975E-007
  0.32753989E-007
  0.40081728E-007
  0.46833464E-007
  0.53009093E-007
  0.58668952E-007
  0.63792406E-007
  0.68387329E-007
  0.72480073E-007
  0.76075445E-007
  0.79172666E-007
  0.81816234E-007
  0.84039028E-007
  0.85817914E-007
  0.87193175E-007
  0.88171831E-007
  0.88790555E-007
  0.89068676E-007
  0.88991016E-007
  0.88611353E-007
  0.87979186E-007
  0.87066813E-007
  0.85880038E-007
  0.84470860E-007
  0.82878697E-007
  0.81058623E-007
  0.79086718E-007
  0.76967389E-007
  0.74677742E-007
  0.72264095E-007
  0.69723813E-007
  0.67078188E-007
  0.64357644E-007
  0.61749850E-007
  0.60038285E-007
  0.69622473E-007
  0.75541652E-007
