  0.10266902E-002
  0.68334884E-003
  0.46831454E-003
  0.32445255E-003
  0.22573824E-003
  0.15727313E-003
  0.10954067E-003
  0.76176502E-004
  0.52837914E-004
  0.36512456E-004
  0.25103125E-004
  0.17146580E-004
  0.11616267E-004
  0.77898584E-005
  0.51583863E-005
  0.33629572E-005
  0.21502392E-005
  0.13414121E-005
  0.81067724E-006
  0.46970304E-006
  0.25677465E-006
  0.12892310E-006
  0.56499253E-007
  0.19224594E-007
  0.34236612E-008
  0.32019895E-010
  0.31805365E-008
  0.91936391E-008
  0.15880817E-007
  0.22029773E-007
  0.27058795E-007
  0.30775583E-007
  0.33216381E-007
  0.34535087E-007
  0.34937109E-007
  0.34634272E-007
  0.33823947E-007
  0.32671559E-007
  0.31314108E-007
  0.29853944E-007
  0.28364423E-007
  0.26896420E-007
  0.25479081E-007
  0.24127005E-007
  0.22844010E-007
  0.21626519E-007
  0.20462591E-007
  0.19343001E-007
  0.18255924E-007
  0.17190836E-007
  0.16138245E-007
  0.15093870E-007
  0.14055749E-007
  0.13024407E-007
  0.12003300E-007
  0.10997760E-007
  0.10016234E-007
  0.90642404E-008
  0.81511638E-008
  0.72821157E-008
  0.64638940E-008
  0.57004807E-008
  0.49946937E-008
  0.43484821E-008
  0.37620096E-008
  0.32341945E-008
  0.27632890E-008
  0.23465587E-008
  0.19809114E-008
  0.16623970E-008
  0.13873039E-008
  0.11514245E-008
  0.95067986E-009
  0.78113395E-009
  0.63899377E-009
  0.52060836E-009
  0.42273995E-009
  0.34227662E-009
  0.27663058E-009
  0.22333779E-009
  0.18033813E-009
  0.14584525E-009
  0.11826929E-009
  0.96333388E-010
  0.78976638E-010
  0.65270137E-010
  0.54463622E-010
  0.45988128E-010
  0.39353846E-010
  0.34175739E-010
  0.30146978E-010
  0.27030129E-010
  0.24627764E-010
  0.22802066E-010
  0.21425660E-010
  0.20414512E-010
  0.19687525E-010
  0.19186661E-010
  0.18869165E-010
  0.18685387E-010
  0.18611171E-010
  0.18610709E-010
  0.18664713E-010
  0.18747984E-010
  0.18847484E-010
  0.18941536E-010
  0.19021546E-010
  0.19078579E-010
  0.19098678E-010
  0.19077333E-010
  0.19011258E-010
  0.18895980E-010
  0.18727229E-010
  0.18503412E-010
  0.18229616E-010
  0.17902276E-010
  0.17525557E-010
  0.17101730E-010
  0.16632957E-010
  0.16124909E-010
  0.15581582E-010
  0.15005974E-010
  0.14403171E-010
  0.13778076E-010
  0.13132342E-010
  0.12475566E-010
  0.11809787E-010
  0.11139347E-010
  0.10465978E-010
  0.97989558E-011
  0.91384241E-011
  0.84882929E-011
  0.78527558E-011
  0.72326702E-011
  0.66326190E-011
  0.60546808E-011
  0.54997394E-011
  0.49701866E-011
  0.44675282E-011
  0.39924870E-011
  0.35456990E-011
  0.31286834E-011
  0.27411682E-011
  0.23827832E-011
  0.20536398E-011
  0.17535940E-011
  0.14821176E-011
  0.12381270E-011
  0.10210320E-011
  0.82894384E-012
  0.66111882E-012
  0.51644478E-012
  0.39334670E-012
  0.29028732E-012
  0.20565957E-012
  0.13807004E-012
  0.85892555E-013
  0.47524549E-013
  0.21413599E-013
  0.61247779E-014
  0.19269114E-015
  0.22007169E-014
  0.10823610E-013
  0.24846595E-013
  0.43110620E-013
  0.64557801E-013
  0.88139058E-013
  0.11291629E-012
  0.13831602E-012
  0.16352863E-012
  0.18793475E-012
  0.21110234E-012
  0.23256524E-012
  0.25188733E-012
  0.26898915E-012
  0.28380355E-012
  0.29594547E-012
  0.30550672E-012
  0.31240322E-012
  0.31680302E-012
  0.31879079E-012
  0.31823512E-012
  0.31552553E-012
  0.31103958E-012
  0.30462186E-012
  0.29637409E-012
  0.28672767E-012
  0.27602067E-012
  0.26403058E-012
  0.25134074E-012
  0.23805061E-012
  0.22409808E-012
  0.20984611E-012
  0.19535208E-012
  0.18080833E-012
  0.16643937E-012
  0.15322429E-012
  0.14484795E-012
  0.19478463E-012
  0.22931304E-012
