  0.54073771E-001
  0.53778009E-001
  0.53594886E-001
  0.53460344E-001
  0.53354279E-001
  0.53268256E-001
  0.53197552E-001
  0.53138932E-001
  0.53090202E-001
  0.53049597E-001
  0.53015652E-001
  0.52987225E-001
  0.52963399E-001
  0.52943418E-001
  0.52926656E-001
  0.52912604E-001
  0.52900849E-001
  0.52891033E-001
  0.52882861E-001
  0.52876078E-001
  0.52870480E-001
  0.52865887E-001
  0.52862150E-001
  0.52859143E-001
  0.52856754E-001
  0.52854890E-001
  0.52853472E-001
  0.52852430E-001
  0.52851702E-001
  0.52851237E-001
  0.52850990E-001
  0.52850922E-001
  0.52851001E-001
  0.52851198E-001
  0.52851489E-001
  0.52851854E-001
  0.52852276E-001
  0.52852740E-001
  0.52853236E-001
  0.52853752E-001
  0.52854282E-001
  0.52854820E-001
  0.52855360E-001
  0.52855900E-001
  0.52856436E-001
  0.52856967E-001
  0.52857491E-001
  0.52858007E-001
  0.52858516E-001
  0.52859016E-001
  0.52859507E-001
  0.52859990E-001
  0.52860464E-001
  0.52860927E-001
  0.52861381E-001
  0.52861825E-001
  0.52862256E-001
  0.52862676E-001
  0.52863083E-001
  0.52863477E-001
  0.52863856E-001
  0.52864219E-001
  0.52864568E-001
  0.52864900E-001
  0.52865215E-001
  0.52865514E-001
  0.52865796E-001
  0.52866061E-001
  0.52866309E-001
  0.52866540E-001
  0.52866755E-001
  0.52866953E-001
  0.52867136E-001
  0.52867304E-001
  0.52867457E-001
  0.52867595E-001
  0.52867721E-001
  0.52867834E-001
  0.52867935E-001
  0.52868025E-001
  0.52868104E-001
  0.52868174E-001
  0.52868234E-001
  0.52868287E-001
  0.52868332E-001
  0.52868370E-001
  0.52868402E-001
  0.52868429E-001
  0.52868450E-001
  0.52868468E-001
  0.52868482E-001
  0.52868492E-001
  0.52868500E-001
  0.52868505E-001
  0.52868508E-001
  0.52868509E-001
  0.52868509E-001
  0.52868508E-001
  0.52868507E-001
  0.52868504E-001
  0.52868501E-001
  0.52868498E-001
  0.52868494E-001
  0.52868490E-001
  0.52868487E-001
  0.52868483E-001
  0.52868480E-001
  0.52868477E-001
  0.52868474E-001
  0.52868471E-001
  0.52868468E-001
  0.52868466E-001
  0.52868464E-001
  0.52868462E-001
  0.52868461E-001
  0.52868460E-001
  0.52868459E-001
  0.52868458E-001
  0.52868458E-001
  0.52868458E-001
  0.52868458E-001
  0.52868458E-001
  0.52868459E-001
  0.52868459E-001
  0.52868460E-001
  0.52868461E-001
  0.52868462E-001
  0.52868464E-001
  0.52868465E-001
  0.52868466E-001
  0.52868468E-001
  0.52868469E-001
  0.52868471E-001
  0.52868473E-001
  0.52868474E-001
  0.52868476E-001
  0.52868478E-001
  0.52868479E-001
  0.52868481E-001
  0.52868483E-001
  0.52868484E-001
  0.52868486E-001
  0.52868487E-001
  0.52868489E-001
  0.52868490E-001
  0.52868492E-001
  0.52868493E-001
  0.52868494E-001
  0.52868495E-001
  0.52868496E-001
  0.52868497E-001
  0.52868498E-001
  0.52868499E-001
  0.52868500E-001
  0.52868500E-001
  0.52868501E-001
  0.52868501E-001
  0.52868501E-001
  0.52868501E-001
  0.52868501E-001
  0.52868501E-001
  0.52868501E-001
  0.52868501E-001
  0.52868501E-001
  0.52868501E-001
  0.52868500E-001
  0.52868500E-001
  0.52868499E-001
  0.52868498E-001
  0.52868498E-001
  0.52868497E-001
  0.52868496E-001
  0.52868495E-001
  0.52868494E-001
  0.52868493E-001
  0.52868493E-001
  0.52868492E-001
  0.52868491E-001
  0.52868490E-001
  0.52868488E-001
  0.52868487E-001
  0.52868486E-001
  0.52868485E-001
  0.52868484E-001
  0.52868483E-001
  0.52868482E-001
  0.52868481E-001
  0.52868480E-001
  0.52868479E-001
  0.52868478E-001
  0.52868477E-001
  0.52868477E-001
  0.52868476E-001
  0.52868475E-001
  0.52868474E-001
  0.52868473E-001
  0.52868473E-001
  0.52868472E-001
  0.52868472E-001
  0.52868471E-001
