  0.87983888E-002
  0.80262027E-002
  0.74677283E-002
  0.70299385E-002
  0.66753844E-002
  0.63841145E-002
  0.61430368E-002
  0.59425950E-002
  0.57755177E-002
  0.56359385E-002
  0.55191157E-002
  0.54212403E-002
  0.53392050E-002
  0.52704520E-002
  0.52128698E-002
  0.51647137E-002
  0.51245286E-002
  0.50910852E-002
  0.50633550E-002
  0.50404680E-002
  0.50216960E-002
  0.50064141E-002
  0.49940933E-002
  0.49842772E-002
  0.49765747E-002
  0.49706502E-002
  0.49662118E-002
  0.49630083E-002
  0.49608191E-002
  0.49594571E-002
  0.49587607E-002
  0.49585913E-002
  0.49588301E-002
  0.49593770E-002
  0.49601471E-002
  0.49610706E-002
  0.49620896E-002
  0.49631595E-002
  0.49642440E-002
  0.49653171E-002
  0.49663612E-002
  0.49673648E-002
  0.49683232E-002
  0.49692363E-002
  0.49701079E-002
  0.49709444E-002
  0.49717566E-002
  0.49725529E-002
  0.49733435E-002
  0.49741380E-002
  0.49749455E-002
  0.49757717E-002
  0.49766208E-002
  0.49774955E-002
  0.49783960E-002
  0.49793209E-002
  0.49802653E-002
  0.49812266E-002
  0.49821972E-002
  0.49831730E-002
  0.49841465E-002
  0.49851121E-002
  0.49860641E-002
  0.49869968E-002
  0.49879054E-002
  0.49887859E-002
  0.49896344E-002
  0.49904479E-002
  0.49912236E-002
  0.49919601E-002
  0.49926553E-002
  0.49933088E-002
  0.49939200E-002
  0.49944887E-002
  0.49950153E-002
  0.49955007E-002
  0.49959456E-002
  0.49963518E-002
  0.49967202E-002
  0.49970530E-002
  0.49973518E-002
  0.49976185E-002
  0.49978554E-002
  0.49980645E-002
  0.49982475E-002
  0.49984068E-002
  0.49985446E-002
  0.49986627E-002
  0.49987629E-002
  0.49988471E-002
  0.49989172E-002
  0.49989747E-002
  0.49990213E-002
  0.49990583E-002
  0.49990871E-002
  0.49991089E-002
  0.49991250E-002
  0.49991362E-002
  0.49991433E-002
  0.49991475E-002
  0.49991492E-002
  0.49991492E-002
  0.49991480E-002
  0.49991461E-002
  0.49991438E-002
  0.49991417E-002
  0.49991399E-002
  0.49991386E-002
  0.49991381E-002
  0.49991386E-002
  0.49991401E-002
  0.49991427E-002
  0.49991466E-002
  0.49991517E-002
  0.49991580E-002
  0.49991656E-002
  0.49991744E-002
  0.49991844E-002
  0.49991957E-002
  0.49992081E-002
  0.49992215E-002
  0.49992360E-002
  0.49992515E-002
  0.49992679E-002
  0.49992853E-002
  0.49993034E-002
  0.49993222E-002
  0.49993418E-002
  0.49993620E-002
  0.49993826E-002
  0.49994038E-002
  0.49994254E-002
  0.49994473E-002
  0.49994696E-002
  0.49994921E-002
  0.49995147E-002
  0.49995375E-002
  0.49995603E-002
  0.49995831E-002
  0.49996059E-002
  0.49996286E-002
  0.49996511E-002
  0.49996734E-002
  0.49996955E-002
  0.49997173E-002
  0.49997388E-002
  0.49997598E-002
  0.49997805E-002
  0.49998006E-002
  0.49998204E-002
  0.49998396E-002
  0.49998582E-002
  0.49998762E-002
  0.49998936E-002
  0.49999105E-002
  0.49999266E-002
  0.49999421E-002
  0.49999569E-002
  0.49999710E-002
  0.49999845E-002
  0.49999972E-002
  0.50000091E-002
  0.50000204E-002
  0.50000310E-002
  0.50000408E-002
  0.50000500E-002
  0.50000584E-002
  0.50000661E-002
  0.50000732E-002
  0.50000796E-002
  0.50000854E-002
  0.50000905E-002
  0.50000950E-002
  0.50000989E-002
  0.50001022E-002
  0.50001049E-002
  0.50001072E-002
  0.50001089E-002
  0.50001101E-002
  0.50001109E-002
  0.50001112E-002
  0.50001111E-002
  0.50001107E-002
  0.50001099E-002
  0.50001087E-002
  0.50001072E-002
  0.50001055E-002
  0.50001035E-002
  0.50001012E-002
  0.50000987E-002
  0.50000961E-002
  0.50000932E-002
  0.50000902E-002
  0.50000870E-002
  0.50000837E-002
  0.50000803E-002
  0.50000771E-002
  0.50000749E-002
  0.50000869E-002
  0.50000943E-002
