  0.92641689E-001
  0.92459873E-001
  0.92353518E-001
  0.92275490E-001
  0.92213206E-001
  0.92161951E-001
  0.92119235E-001
  0.92083358E-001
  0.92053173E-001
  0.92027733E-001
  0.92006226E-001
  0.91988008E-001
  0.91972559E-001
  0.91959438E-001
  0.91948279E-001
  0.91938779E-001
  0.91930692E-001
  0.91923802E-001
  0.91917926E-001
  0.91912912E-001
  0.91908630E-001
  0.91904972E-001
  0.91901845E-001
  0.91899169E-001
  0.91896876E-001
  0.91894906E-001
  0.91893211E-001
  0.91891745E-001
  0.91890472E-001
  0.91889357E-001
  0.91888374E-001
  0.91887498E-001
  0.91886709E-001
  0.91885989E-001
  0.91885324E-001
  0.91884701E-001
  0.91884110E-001
  0.91883543E-001
  0.91882994E-001
  0.91882456E-001
  0.91881927E-001
  0.91881403E-001
  0.91880882E-001
  0.91880363E-001
  0.91879846E-001
  0.91879331E-001
  0.91878818E-001
  0.91878307E-001
  0.91877801E-001
  0.91877299E-001
  0.91876804E-001
  0.91876317E-001
  0.91875838E-001
  0.91875370E-001
  0.91874913E-001
  0.91874468E-001
  0.91874037E-001
  0.91873620E-001
  0.91873218E-001
  0.91872831E-001
  0.91872460E-001
  0.91872106E-001
  0.91871769E-001
  0.91871449E-001
  0.91871146E-001
  0.91870861E-001
  0.91870593E-001
  0.91870343E-001
  0.91870110E-001
  0.91869894E-001
  0.91869694E-001
  0.91869511E-001
  0.91869343E-001
  0.91869191E-001
  0.91869054E-001
  0.91868930E-001
  0.91868820E-001
  0.91868722E-001
  0.91868636E-001
  0.91868562E-001
  0.91868497E-001
  0.91868442E-001
  0.91868396E-001
  0.91868357E-001
  0.91868326E-001
  0.91868301E-001
  0.91868282E-001
  0.91868268E-001
  0.91868259E-001
  0.91868253E-001
  0.91868251E-001
  0.91868252E-001
  0.91868255E-001
  0.91868260E-001
  0.91868266E-001
  0.91868274E-001
  0.91868282E-001
  0.91868291E-001
  0.91868301E-001
  0.91868310E-001
  0.91868320E-001
  0.91868330E-001
  0.91868339E-001
  0.91868347E-001
  0.91868356E-001
  0.91868363E-001
  0.91868370E-001
  0.91868376E-001
  0.91868382E-001
  0.91868387E-001
  0.91868391E-001
  0.91868394E-001
  0.91868397E-001
  0.91868398E-001
  0.91868400E-001
  0.91868400E-001
  0.91868400E-001
  0.91868399E-001
  0.91868397E-001
  0.91868395E-001
  0.91868392E-001
  0.91868388E-001
  0.91868384E-001
  0.91868380E-001
  0.91868375E-001
  0.91868370E-001
  0.91868364E-001
  0.91868358E-001
  0.91868351E-001
  0.91868344E-001
  0.91868337E-001
  0.91868330E-001
  0.91868322E-001
  0.91868314E-001
  0.91868306E-001
  0.91868298E-001
  0.91868289E-001
  0.91868281E-001
  0.91868272E-001
  0.91868264E-001
  0.91868255E-001
  0.91868246E-001
  0.91868238E-001
  0.91868229E-001
  0.91868221E-001
  0.91868212E-001
  0.91868204E-001
  0.91868196E-001
  0.91868188E-001
  0.91868180E-001
  0.91868172E-001
  0.91868165E-001
  0.91868158E-001
  0.91868151E-001
  0.91868144E-001
  0.91868137E-001
  0.91868131E-001
  0.91868125E-001
  0.91868119E-001
  0.91868113E-001
  0.91868108E-001
  0.91868103E-001
  0.91868099E-001
  0.91868094E-001
  0.91868090E-001
  0.91868086E-001
  0.91868082E-001
  0.91868079E-001
  0.91868076E-001
  0.91868073E-001
  0.91868071E-001
  0.91868068E-001
  0.91868066E-001
  0.91868065E-001
  0.91868063E-001
  0.91868062E-001
  0.91868061E-001
  0.91868060E-001
  0.91868059E-001
  0.91868058E-001
  0.91868058E-001
  0.91868058E-001
  0.91868058E-001
  0.91868058E-001
  0.91868058E-001
  0.91868058E-001
  0.91868059E-001
  0.91868059E-001
  0.91868060E-001
  0.91868061E-001
  0.91868062E-001
  0.91868063E-001
  0.91868064E-001
  0.91868065E-001
  0.91868066E-001
  0.91868067E-001
  0.91868068E-001
  0.91868069E-001
  0.91868069E-001
  0.91868067E-001
