  0.14295422E+001
  0.14253367E+001
  0.14226565E+001
  0.14206699E+001
  0.14190939E+001
  0.14178077E+001
  0.14167437E+001
  0.14158557E+001
  0.14151127E+001
  0.14144893E+001
  0.14139643E+001
  0.14135214E+001
  0.14131470E+001
  0.14128301E+001
  0.14125615E+001
  0.14123337E+001
  0.14121406E+001
  0.14119769E+001
  0.14118380E+001
  0.14117203E+001
  0.14116206E+001
  0.14115363E+001
  0.14114650E+001
  0.14114049E+001
  0.14113542E+001
  0.14113116E+001
  0.14112758E+001
  0.14112457E+001
  0.14112205E+001
  0.14111992E+001
  0.14111813E+001
  0.14111661E+001
  0.14111531E+001
  0.14111419E+001
  0.14111320E+001
  0.14111233E+001
  0.14111154E+001
  0.14111081E+001
  0.14111012E+001
  0.14110946E+001
  0.14110883E+001
  0.14110820E+001
  0.14110758E+001
  0.14110696E+001
  0.14110634E+001
  0.14110571E+001
  0.14110509E+001
  0.14110447E+001
  0.14110385E+001
  0.14110323E+001
  0.14110263E+001
  0.14110203E+001
  0.14110144E+001
  0.14110087E+001
  0.14110031E+001
  0.14109977E+001
  0.14109925E+001
  0.14109875E+001
  0.14109826E+001
  0.14109780E+001
  0.14109736E+001
  0.14109694E+001
  0.14109655E+001
  0.14109617E+001
  0.14109582E+001
  0.14109548E+001
  0.14109517E+001
  0.14109488E+001
  0.14109461E+001
  0.14109435E+001
  0.14109412E+001
  0.14109390E+001
  0.14109371E+001
  0.14109353E+001
  0.14109336E+001
  0.14109321E+001
  0.14109308E+001
  0.14109296E+001
  0.14109285E+001
  0.14109276E+001
  0.14109267E+001
  0.14109260E+001
  0.14109254E+001
  0.14109248E+001
  0.14109244E+001
  0.14109240E+001
  0.14109236E+001
  0.14109234E+001
  0.14109232E+001
  0.14109230E+001
  0.14109229E+001
  0.14109228E+001
  0.14109227E+001
  0.14109227E+001
  0.14109226E+001
  0.14109226E+001
  0.14109226E+001
  0.14109227E+001
  0.14109227E+001
  0.14109227E+001
  0.14109228E+001
  0.14109228E+001
  0.14109229E+001
  0.14109229E+001
  0.14109230E+001
  0.14109230E+001
  0.14109231E+001
  0.14109231E+001
  0.14109231E+001
  0.14109232E+001
  0.14109232E+001
  0.14109232E+001
  0.14109233E+001
  0.14109233E+001
  0.14109233E+001
  0.14109233E+001
  0.14109233E+001
  0.14109233E+001
  0.14109234E+001
  0.14109234E+001
  0.14109234E+001
  0.14109234E+001
  0.14109234E+001
  0.14109234E+001
  0.14109234E+001
  0.14109233E+001
  0.14109233E+001
  0.14109233E+001
  0.14109233E+001
  0.14109233E+001
  0.14109233E+001
  0.14109233E+001
  0.14109233E+001
  0.14109233E+001
  0.14109232E+001
  0.14109232E+001
  0.14109232E+001
  0.14109232E+001
  0.14109232E+001
  0.14109232E+001
  0.14109232E+001
  0.14109231E+001
  0.14109231E+001
  0.14109231E+001
  0.14109231E+001
  0.14109231E+001
  0.14109231E+001
  0.14109231E+001
  0.14109231E+001
  0.14109231E+001
  0.14109231E+001
  0.14109231E+001
  0.14109230E+001
  0.14109230E+001
  0.14109230E+001
  0.14109230E+001
  0.14109230E+001
  0.14109230E+001
  0.14109230E+001
  0.14109231E+001
  0.14109231E+001
  0.14109231E+001
  0.14109231E+001
  0.14109231E+001
  0.14109231E+001
  0.14109231E+001
  0.14109231E+001
  0.14109231E+001
  0.14109231E+001
  0.14109231E+001
  0.14109231E+001
  0.14109232E+001
  0.14109232E+001
  0.14109232E+001
  0.14109232E+001
  0.14109232E+001
  0.14109232E+001
  0.14109232E+001
  0.14109233E+001
  0.14109233E+001
  0.14109233E+001
  0.14109233E+001
  0.14109233E+001
  0.14109233E+001
  0.14109233E+001
  0.14109233E+001
  0.14109234E+001
  0.14109234E+001
  0.14109234E+001
  0.14109234E+001
  0.14109234E+001
  0.14109234E+001
  0.14109234E+001
  0.14109234E+001
  0.14109234E+001
  0.14109235E+001
  0.14109235E+001
  0.14109235E+001
  0.14109235E+001
  0.14109235E+001
